131 141
45 32
109 107
76 124
15 82
21 22
50 82
103 57
72 10
94 7
128 82
23 58
37 126
41 107
18 82
82 117
82 13
20 99
45 101
67 31
77 123
8 105
118 37
47 97
62 87
53 114
67 12
89 17
57 90
13 92
54 82
41 26
5 98
82 123
91 95
82 27
66 24
51 44
42 64
106 84
75 36
105 44
80 16
72 70
100 52
48 20
73 102
78 89
68 125
28 50
1 14
85 120
3 117
83 63
98 52
115 99
82 55
61 111
128 38
78 74
16 46
129 35
49 29
84 91
131 36
82 116
61 43
66 35
125 55
32 79
27 70
59 82
64 121
47 82
34 104
86 1
109 122
22 19
12 82
9 108
25 106
15 39
114 82
82 126
81 76
90 110
25 82
2 124
82 81
83 118
48 59
82 8
69 23
96 51
119 82
31 7
129 82
82 69
82 33
24 40
34 88
60 88
33 60
127 6
5 54
102 82
56 30
19 73
62 68
29 93
120 28
39 43
116 103
18 17
4 85
9 112
6 65
3 131
10 113
112 11
58 30
80 97
121 92
2 71
101 82
14 77
93 53
127 38
79 130
82 26
11 119
118 88
15 114
119 114
124 36
135 78
34 74
54 2
103 107
127 67
64 88
115 122
6 78
100 74
129 68
123 114
114 47
45 79
33 115
73 57
31 113
42 84
114 91
122 71
48 89
16 140
39 8
89 81
110 40
76 56
136 130
59 69
37 105
49 140
6 22
130 51
58 38
66 96
121 101
101 10
114 30
44 36
47 29
114 22
98 99
40 18
114 104
108 52
102 128
72 62
108 29
121 4
7 125
75 39
75 54
131 11
34 133
104 83
139 12
26 82
125 64
114 14
43 137
14 134
4 35
71 19
124 18
120 55
41 126
53 17
30 61
70 63
114 94
66 44
93 52
76 86
139 11
95 21
83 28
42 17
51 68
85 113
31 20
15 41
26 58
114 129
1 98
136 45
114 46
114 25
61 77
87 110
32 105
112 103
80 137
37 114
28 48
38 24
27 112
86 100
118 120
102 9
92 127
95 59
80 109
16 77
21 134
126 1
35 46
69 70
24 72
82 141
63 3
116 133
67 106
27 19
13 60
32 132
13 23
7 138
97 10
25 138
106 81
94 141
111 55
97 60
116 65
5 43
62 50
119 56
93 109
96 91
79 128
49 53
135 85
20 57
123 33
90 3
2 132
8 117
99 131
