158 128
39 151
151 79
151 107
151 30
151 85
110 151
151 31
51 151
151 117
54 151
151 143
151 28
151 87
88 151
145 151
157 151
151 37
59 151
34 151
151 148
151 125
151 32
151 68
133 151
136 151
53 151
6 151
151 126
151 91
98 151
151 155
154 151
151 84
151 62
151 124
151 52
9 151
112 151
71 151
7 151
72 151
151 96
151 26
48 151
158 151
151 64
80 151
92 151
130 151
42 151
16 151
151 65
14 151
13 151
151 67
70 151
74 151
105 151
151 114
119 151
151 22
100 151
147 151
151 102
76 151
151 45
151 123
151 140
134 151
151 122
8 151
90 151
151 11
4 151
151 57
151 93
151 35
151 103
151 21
151 47
141 151
151 58
151 44
50 151
151 10
151 33
151 18
151 150
27 151
139 151
104 151
3 151
120 151
151 2
108 151
151 89
151 56
151 149
101 151
151 106
151 61
151 137
151 131
151 116
138 151
121 151
19 151
78 151
151 132
151 83
151 146
152 151
151 77
151 99
151 73
109 151
151 111
60 151
23 151
151 41
82 151
151 144
151 24
151 55
151 118
40 151
17 151
151 113
151 127
142 151
151 153
151 20
151 129
46 151
97 151
29 151
69 151
25 151
86 151
135 151
75 151
15 151
36 151
1 151
151 38
151 66
151 12
49 151
5 151
151 43
151 63
94 151
151 115
151 156
81 151
128 151
95 151
73 107
54 73
82 73
49 73
73 1
73 101
73 106
9 73
85 73
117 73
73 63
29 73
79 73
73 39
10 73
73 103
71 73
57 73
25 73
112 73
104 73
2 73
37 73
41 73
73 34
102 73
95 73
73 109
12 73
73 120
69 73
50 73
73 3
73 43
73 59
73 7
128 73
27 73
73 38
42 73
113 73
124 73
60 73
73 56
73 88
73 76
73 122
90 73
36 73
73 23
31 73
73 121
22 73
73 19
73 114
105 73
73 115
20 73
65 73
75 73
84 73
73 80
123 73
73 62
73 96
78 73
73 28
8 73
77 73
73 13
15 73
126 73
64 73
73 5
73 6
73 55
40 73
91 73
73 125
73 86
73 58
73 52
108 73
66 73
73 67
33 73
73 53
73 81
17 73
51 73
73 74
73 89
47 73
73 44
73 118
127 73
73 94
73 35
68 73
46 73
110 73
73 70
98 73
4 73
73 21
61 73
48 73
73 45
30 73
26 73
73 18
73 87
100 73
73 92
73 99
32 73
73 11
73 116
14 73
73 97
73 24
73 72
73 111
16 73
73 119
93 73
83 73
