3817 3808
1655 3695
1655 3770
1655 2286
3453 1655
1655 186
307 1655
1696 1655
1390 1655
1655 3028
3340 1655
48 1655
811 1655
1655 2199
870 1655
3381 1655
1655 2367
933 1655
3266 1655
1655 1267
356 1655
1356 1655
1011 1655
1808 1655
1655 1683
1865 1655
3050 1655
3372 1655
2399 1655
1655 897
1655 409
2049 1655
1655 519
3380 1655
1655 3640
2336 1655
2513 1655
1655 1508
1655 672
1655 494
1655 834
1655 1220
488 1655
3472 1655
1265 1655
1655 844
2851 1655
1655 3516
2102 1655
1655 2285
1655 1608
1655 1489
997 1655
3658 1655
1655 1330
411 1655
1655 3292
1655 3122
1655 1675
1655 1805
1014 1655
1655 1794
1655 1983
3812 1655
1725 1655
1655 155
1317 1655
1571 1655
3263 1655
1924 1655
1655 1127
1655 2892
1157 1655
2996 1655
3532 1655
1918 1655
1016 1655
3543 1655
1152 1655
347 1655
1655 1253
1655 1463
1655 3191
3217 1655
1655 1822
1319 1655
1655 2695
1655 2184
1655 1047
1655 3424
1655 1670
1655 1421
453 1655
1655 528
796 1655
1655 2883
1256 1655
2781 1655
2646 1655
1655 3754
1655 3548
2478 1655
1671 1655
891 1655
1655 1646
1655 3727
1655 245
1655 3324
1655 2089
1595 1655
1655 2533
1655 3602
774 1655
1655 2648
305 1655
1655 2970
1655 1470
1655 295
1655 1009
3772 1655
3052 1655
1655 1457
3362 1655
1655 1815
1973 1655
1655 1381
1655 2627
1655 2771
1655 3155
930 1655
1655 4
2749 1655
1655 1219
1655 1028
1655 1925
1126 1655
2940 1655
3039 1655
2193 1655
2770 1655
1655 2189
2204 1655
70 1655
1655 2474
1655 2072
1351 1655
1655 596
1655 1204
1655 3087
3758 1655
1655 1061
103 1655
1655 1772
1288 1655
1655 2516
3533 1655
1655 1044
3694 1655
1431 1655
915 1655
83 1655
1460 1655
2827 1655
1655 3630
2464 1655
1655 3286
1763 1655
1655 3688
1655 246
1655 464
1655 3329
1715 1655
1655 227
255 1655
1655 697
1655 3815
1655 1205
2084 1655
1655 1370
1655 1130
1655 3646
421 1655
1655 6
1784 1655
2660 1655
3247 1655
3433 1655
2725 1655
2085 1655
1655 3468
1655 2705
1655 2304
1452 1655
3102 1655
1655 2015
3333 1655
2502 1655
1655 135
2712 1655
1655 3757
1655 2282
1655 3256
1664 1655
1655 2402
1655 166
795 1655
1655 1809
2109 1655
1655 1423
1655 364
1655 889
285 1655
3403 1655
1655 3386
808 1655
431 1655
1655 2310
3174 1655
223 1655
517 1655
1655 1741
1655 2211
2303 1655
2841 1655
2483 1655
1655 1653
1655 633
1655 2104
1655 799
1655 923
1655 1074
1655 3377
1053 1655
1655 3148
1902 1655
1514 1655
1655 937
1655 430
1655 2821
1655 3301
388 1655
1655 3410
3123 1655
2294 1655
1655 1724
1837 1655
1655 1170
1777 1655
1655 2717
3736 1655
1655 2404
3623 1655
1655 126
1655 1240
1655 3073
978 1655
3195 1655
1655 1377
3278 1655
1655 2540
191 1655
215 1655
1655 416
192 1655
1196 1655
2268 1655
1655 529
3427 1655
1655 3480
312 1655
1234 1655
1655 1200
1893 1655
1655 112
1655 3540
2203 1655
2528 1655
1655 2238
1655 2702
3719 1655
1550 1655
641 1655
1655 994
1655 1734
1655 654
1655 1076
1043 1655
1655 919
1858 1655
1655 341
1655 629
1137 1655
1655 2593
1655 2120
1374 1655
111 1655
3795 1655
3373 1655
1655 1462
1655 1749
1655 869
1655 1965
1655 2793
3176 1655
3625 1655
893 1655
1655 1626
1655 1739
1655 1278
973 1655
1655 2563
1655 2960
1655 2499
352 1655
1324 1655
946 1655
1655 789
1655 2219
475 1655
1591 1655
2775 1655
1655 2870
1655 3391
3470 1655
1655 2376
1655 2103
1655 3813
396 1655
1743 1655
1796 1655
1655 1282
3100 1655
1655 177
1655 2613
1655 3639
1328 1655
2785 1655
1655 14
3215 1655
1570 1655
3064 1655
3545 1655
1655 3234
1655 2946
1655 1912
1655 1720
1655 591
1046 1655
3343 1655
1655 3125
1642 1655
2916 1655
3035 1655
241 1655
1655 1827
1132 1655
390 1655
1904 1655
1472 1655
1655 3346
1655 2374
1655 2653
1301 1655
3687 1655
1655 2797
2364 1655
1655 1167
2911 1655
3783 1655
1655 1879
1773 1655
1655 2810
1655 2167
2353 1655
1655 42
465 1655
1655 590
1655 3499
1655 806
3461 1655
1655 3248
1848 1655
1269 1655
1602 1655
1655 1048
153 1655
1655 3484
1096 1655
970 1655
2905 1655
2343 1655
1655 1980
2868 1655
1273 1655
1655 2635
1655 581
313 1655
1655 1418
1655 2409
2530 1655
791 1655
1655 842
657 1655
1577 1655
1728 1655
2413 1655
1655 2208
976 1655
1655 3019
983 1655
1655 1915
1655 3285
665 1655
1203 1655
1655 685
133 1655
1655 3304
1655 231
1655 864
632 1655
1655 88
3669 1655
3198 1655
1655 2277
1387 1655
1655 2113
1609 1655
3504 1655
1655 3121
3388 1655
3454 1655
1519 1655
2152 1655
1122 1655
1655 24
2071 1655
1781 1655
1655 136
1404 1655
820 1655
1655 2018
1655 3031
3718 1655
3128 1655
3508 1655
1896 1655
3538 1655
1655 3481
720 1655
1655 916
273 1655
1678 1655
3769 1655
1655 3211
1942 1655
778 1655
1655 3721
1655 2009
1655 947
1655 1092
1655 542
1857 1655
2990 1655
1655 567
1655 1059
2381 1655
1655 1108
1255 1655
1655 511
1655 2935
3089 1655
3222 1655
2068 1655
816 1655
1655 2939
1655 1996
202 1655
1655 3024
1655 3594
1655 1712
1803 1655
637 1655
3513 1655
3780 1655
3782 1655
1655 2686
1257 1655
1655 17
2885 1655
1655 2136
1655 3440
3405 1655
732 1655
735 1655
1655 1344
1655 3526
3302 1655
2529 1655
829 1655
881 1655
1655 3749
1655 1179
1655 334
2586 1655
1655 1598
299 1655
2411 1655
1655 2955
1655 2543
1222 1655
1655 3392
1655 3704
1655 688
1655 587
3565 1655
2957 1655
2668 1655
3282 1655
3290 1655
2845 1655
1655 276
3269 1655
1655 23
1655 3737
1655 175
1655 2716
2987 1655
1752 1655
1655 1832
1050 1655
1655 753
222 1655
2618 1655
1496 1655
1158 1655
2258 1655
1864 1655
3273 1655
1655 1776
68 1655
1655 1576
1758 1655
1655 3130
1655 2495
187 1655
1655 1894
1655 460
3589 1655
1655 22
1663 1655
1549 1655
2521 1655
3489 1655
1655 2510
1655 2438
1881 1655
1227 1655
1655 2831
1655 908
855 1655
1655 3612
1655 3281
1655 469
426 1655
1780 1655
1655 410
2284 1655
1655 1142
873 1655
1954 1655
561 1655
1655 2436
1655 3339
2067 1655
3808 1655
1655 2217
1981 1655
1655 2466
1655 1767
250 1655
1655 821
3145 1655
1655 1862
3528 1655
1592 1655
1655 3699
1655 2022
2059 1655
1655 1224
2769 1655
1655 1310
2691 1655
1655 652
450 1655
2761 1655
1655 350
1655 160
1655 3162
1655 1630
1655 3471
1279 1655
1199 1655
3505 1655
1655 240
1655 3611
2026 1655
1655 477
1655 1679
1655 1625
1655 2363
743 1655
508 1655
1655 282
1655 2688
1628 1655
219 1655
3420 1655
1655 337
3502 1655
1655 1292
412 1655
1655 2442
1655 2602
1655 2804
1655 2816
1655 2489
1655 3419
2331 1655
3524 1655
69 1655
2287 1655
2889 1655
1655 3467
3751 1655
1398 1655
1655 318
1655 418
1655 3306
3341 1655
877 1655
1655 2855
1655 3600
3456 1655
1655 814
1655 1497
1655 1999
1765 1655
1655 130
1655 1689
1655 1610
2271 1655
1655 1722
1655 2867
1655 2992
1655 2275
1655 570
1655 866
2682 1655
1655 563
1655 435
1655 228
1655 1072
1655 1449
113 1655
3232 1655
1655 3126
1655 2780
481 1655
1655 770
1655 3192
3800 1655
2522 1655
1655 1082
1188 1655
3708 1655
1655 1806
1382 1655
2383 1655
1655 64
1655 21
1655 2086
3740 1655
1655 459
1506 1655
1655 1700
2636 1655
1655 51
1655 512
1655 3258
500 1655
3275 1655
1655 1088
1474 1655
959 1655
1655 2073
1655 2233
3442 1655
1655 1495
2435 1655
1655 2555
1655 1900
2726 1655
3799 1655
1655 2944
3478 1655
408 1655
1933 1655
1655 400
2130 1655
1193 1655
3777 1655
1655 2366
1655 3616
2625 1655
1655 71
2121 1655
2697 1655
328 1655
1655 73
1593 1655
1681 1655
1655 3487
3437 1655
943 1655
1655 2079
1533 1655
1655 2594
1055 1655
1655 885
2954 1655
722 1655
1928 1655
1655 2115
2933 1655
1655 383
1655 3629
2561 1655
1655 749
1378 1655
1133 1655
1655 625
1655 2622
1658 1655
3753 1655
1655 819
1655 2701
1655 2737
1655 525
506 1655
3657 1655
2091 1655
1655 2308
1635 1655
1655 3585
1655 2825
1655 1481
1655 1473
3140 1655
1655 1548
2357 1655
1655 2557
3469 1655
1655 552
1655 3522
1655 3366
1655 3349
2148 1655
1655 1129
1655 3747
2542 1655
1655 708
1655 3049
1655 667
1655 314
1177 1655
2745 1655
47 1655
3817 1655
1376 1655
1655 74
1655 2001
1655 2447
1655 1523
935 1655
1655 1535
1655 3407
1859 1655
1605 1655
706 1655
1655 67
1655 1189
1655 2403
1655 1232
1655 3571
1909 1655
3525 1655
733 1655
954 1655
1655 3605
1655 322
1655 102
1655 2486
724 1655
3312 1655
2949 1655
2585 1655
1655 2263
1468 1655
1655 2224
1655 2897
1655 955
1559 1655
2664 1655
1711 1655
1655 1287
1289 1655
1655 18
709 1655
3734 1655
1655 995
1655 3150
2382 1655
1655 1424
1655 3443
871 1655
1655 1241
1655 675
1102 1655
300 1655
1655 3318
1655 1019
1338 1655
1655 1104
848 1655
3169 1655
1655 2798
1655 2261
620 1655
1655 3088
1655 3101
1655 1713
1655 3716
340 1655
3807 1655
2634 1655
1655 2235
1655 2322
3036 1655
555 1655
1655 3671
1655 1770
1655 2262
726 1655
1692 1655
1655 3399
3203 1655
1252 1655
3153 1655
1655 2792
1655 875
1520 1655
3661 1655
1655 1829
3365 1655
1655 1985
1655 1098
1655 1976
1655 1839
3674 1655
609 1655
1655 1250
3402 1655
1908 1655
1637 1655
3684 1655
1291 1655
1655 1667
303 1655
1067 1655
1948 1655
1655 309
1218 1655
1655 2246
1655 2832
1655 2696
1655 288
1655 3677
1073 1655
3649 1655
34 1655
1655 838
3175 1655
2492 1655
2739 1655
2709 1655
745 1655
666 1655
1655 339
1655 3261
679 1655
2906 1655
1655 1580
1978 1655
2027 1655
974 1655
3523 1655
19 1655
1268 1655
882 1655
43 1655
1655 772
1655 1562
2864 1655
1655 1566
1655 2626
1655 2378
1655 3582
1655 1830
1655 1013
949 1655
1655 835
1537 1655
3791 1655
1655 2680
235 1655
1655 2283
3564 1655
2101 1655
1655 1946
1655 2978
1655 1510
1655 2788
9 1655
3053 1655
3451 1655
3166 1655
1655 3015
1655 945
1428 1655
1655 507
1655 2156
1655 744
1655 1259
3797 1655
152 1655
3139 1655
1655 2098
1655 3459
1655 193
3180 1655
1655 3188
2579 1655
1655 2231
1655 3043
1567 1655
2673 1655
2562 1655
1655 3311
1655 2337
3161 1655
3741 1655
291 1655
1655 3106
1063 1655
1655 895
1655 1388
1655 2293
3109 1655
727 1655
1655 782
1655 1155
1655 1963
1655 1264
1574 1655
1655 618
1655 2229
455 1655
3023 1655
1655 205
1655 2467
1960 1655
1480 1655
2942 1655
185 1655
1673 1655
3057 1655
1456 1655
1655 3662
324 1655
1350 1655
1655 1515
589 1655
132 1655
1655 1444
1655 2762
1655 3417
1655 368
2902 1655
1655 2220
2599 1655
1655 145
1655 3539
1182 1655
1655 3428
1655 1260
1655 2633
1846 1655
1655 274
3091 1655
1655 3164
1655 298
1771 1655
1655 3254
950 1655
1655 3288
457 1655
1655 1708
33 1655
644 1655
3157 1655
1655 1499
1655 58
1655 2459
1967 1655
603 1655
2884 1655
1655 3690
1751 1655
1655 1530
1655 2393
1655 2412
1655 977
608 1655
1655 2576
2629 1655
1984 1655
1655 1364
2565 1655
1655 1855
413 1655
1522 1655
1655 2706
3798 1655
3360 1655
1685 1655
3084 1655
960 1655
1236 1655
3755 1655
333 1655
1655 3137
1648 1655
1655 2904
1655 3514
1655 562
1655 686
1655 2835
3104 1655
2341 1655
2099 1655
1655 1448
2407 1655
818 1655
2028 1655
2917 1655
2178 1655
1655 163
1655 2397
1655 109
1655 2791
2786 1655
1655 492
1729 1655
1655 1486
1655 1802
3260 1655
1031 1655
1655 2677
2945 1655
1655 1989
1655 3231
3108 1655
1665 1655
1654 1655
1655 2514
1655 3431
1655 800
2055 1655
1655 1479
1655 3265
1655 532
3479 1655
1655 3077
1655 1331
2345 1655
909 1655
2408 1655
1655 505
740 1655
2839 1655
1655 1041
1655 2154
1655 3763
251 1655
1655 1325
1655 572
1655 975
1655 3767
1655 2980
3299 1655
1655 3575
3046 1655
1655 1939
1655 3409
1655 1117
3460 1655
1655 1873
1655 3748
1655 2020
330 1655
1655 2760
737 1655
1655 1778
2295 1655
3330 1655
1955 1655
420 1655
1655 928
2264 1655
1655 1705
1870 1655
2064 1655
1655 2462
1552 1655
1413 1655
1655 1217
863 1655
1655 1221
1655 414
3636 1655
2721 1655
1655 2808
373 1655
1655 2863
203 1655
3536 1655
140 1655
1655 3663
1655 571
1655 1077
1927 1655
1655 1414
1655 2828
2259 1655
1134 1655
1655 3355
301 1655
1655 3026
1655 3620
1655 1834
1655 254
1655 1094
942 1655
979 1655
779 1655
1655 2856
856 1655
1483 1655
1655 3229
1655 348
1655 3788
1655 3811
2096 1655
1655 1756
2431 1655
281 1655
3650 1655
1844 1655
1655 3606
355 1655
839 1655
1655 2171
1655 2452
584 1655
1968 1655
1655 2320
3596 1655
3332 1655
1841 1655
1541 1655
615 1655
3604 1655
1655 2879
1542 1655
957 1655
1655 2205
1655 3794
1655 1215
669 1655
3566 1655
1655 2681
397 1655
887 1655
3095 1655
1655 3742
2002 1655
1655 1529
1655 1412
775 1655
1655 2744
2850 1655
766 1655
1655 3729
1745 1655
1867 1655
3555 1655
3069 1655
1655 514
3111 1655
1655 2546
2175 1655
1655 3563
1655 1596
1655 466
1655 1502
2190 1655
1093 1655
1176 1655
1655 2180
704 1655
1688 1655
1655 1321
1655 649
601 1655
1655 417
76 1655
1850 1655
1655 3338
1655 1185
1655 1721
1655 1318
2975 1655
1655 2722
80 1655
1655 651
1655 1666
1545 1655
1408 1655
1655 1703
1216 1655
232 1655
1655 3114
880 1655
378 1655
2512 1655
2041 1655
1655 3492
527 1655
2047 1655
1505 1655
1655 2644
1057 1655
1655 2592
1655 2704
1113 1655
2241 1655
886 1655
93 1655
1334 1655
1655 2327
2881 1655
1655 623
1655 823
1655 2755
1655 2823
1979 1655
756 1655
1655 302
1475 1655
1997 1655
1655 434
1655 1045
1655 968
1655 3284
1674 1655
2426 1655
1655 2472
2126 1655
1662 1655
585 1655
1655 2765
3385 1655
1655 3802
1655 674
1655 1103
1655 3441
2670 1655
1655 3653
1655 1339
3501 1655
3603 1655
1655 462
1588 1655
1655 1410
1110 1655
143 1655
1821 1655
1655 370
1512 1655
3609 1655
1655 3194
1655 1362
3080 1655
2604 1655
1655 3323
1000 1655
3221 1655
3107 1655
516 1655
1655 316
1655 761
1021 1655
1145 1655
1655 2349
1655 3711
1655 1755
100 1655
3189 1655
794 1655
1655 3436
3622 1655
3723 1655
3725 1655
602 1655
3124 1655
2010 1655
1655 3576
3806 1655
1655 3413
1655 1283
1655 2361
1655 715
1655 2373
3682 1655
1923 1655
1655 2141
1655 490
1655 2377
1655 1717
1655 858
1655 2814
1655 2043
1655 1056
1990 1655
1655 463
3712 1655
2964 1655
1655 3327
841 1655
2995 1655
1272 1655
1655 2834
3178 1655
2410 1655
1655 2550
1655 178
1655 2610
1677 1655
467 1655
1655 1313
1655 1437
53 1655
1655 3700
1655 3154
3805 1655
1655 3610
961 1655
1655 3792
159 1655
991 1655
1655 1684
1655 3447
1791 1655
1655 1706
1655 2212
1655 1992
2998 1655
2662 1655
1655 750
1655 1926
485 1655
1655 2207
1655 259
1290 1655
267 1655
2710 1655
1655 2398
593 1655
1655 2878
1655 3239
1994 1655
1429 1655
1655 676
11 1655
1655 903
1655 3204
63 1655
1655 3371
1655 1747
1812 1655
2236 1655
1315 1655
673 1655
2672 1655
1655 438
1655 1353
1655 2456
1655 3321
953 1655
1655 2683
695 1655
1655 1714
1655 1451
1944 1655
878 1655
164 1655
1066 1655
646 1655
1655 1647
1655 3762
1655 3414
170 1655
1655 211
840 1655
1655 3425
3692 1655
1655 3485
764 1655
683 1655
734 1655
3357 1655
1655 2416
1655 1228
3444 1655
1697 1655
1655 486
1086 1655
1655 236
1655 49
1655 760
2223 1655
1655 2221
1655 2449
1655 358
3562 1655
1655 1569
3272 1655
1655 384
257 1655
131 1655
3561 1655
357 1655
956 1655
1258 1655
1655 2569
237 1655
1655 425
1655 3631
3093 1655
3689 1655
2938 1655
1655 2100
1655 3009
3228 1655
3294 1655
2531 1655
2818 1655
1655 3316
1852 1655
1655 1079
262 1655
1247 1655
1154 1655
1655 3250
296 1655
1655 3186
1655 1249
1655 3552
1655 868
2539 1655
1655 3676
59 1655
78 1655
1169 1655
1655 990
386 1655
1165 1655
1655 437
3415 1655
1655 2787
1655 2311
1655 1316
365 1655
1655 3775
550 1655
2487 1655
40 1655
1583 1655
1105 1655
1655 2915
1054 1655
2817 1655
1655 1131
3588 1655
803 1655
647 1655
1655 837
2033 1655
1655 927
1655 1477
1655 3013
1655 101
61 1655
1551 1655
1655 2076
1655 3070
1655 1672
2300 1655
375 1655
658 1655
1337 1655
1655 2352
1655 662
1655 458
2147 1655
1655 1957
1655 3529
3615 1655
1655 1012
2471 1655
1655 3364
1655 2989
1655 3149
1464 1655
1655 3408
1655 3071
3033 1655
3696 1655
3614 1655
1655 473
1655 599
1655 16
1655 3439
1655 115
1655 967
1172 1655
2090 1655
2657 1655
1655 468
197 1655
1655 1730
1655 698
1655 2105
1655 3230
2056 1655
3328 1655
3352 1655
3458 1655
2087 1655
471 1655
279 1655
1655 515
1655 2985
1655 3554
1394 1655
1355 1655
1655 156
1710 1655
1655 1298
1655 568
1383 1655
1655 242
2950 1655
1655 2601
2685 1655
1655 2752
484 1655
1655 2215
1655 198
1655 1619
1655 1986
1655 2155
2921 1655
320 1655
1655 1906
2227 1655
392 1655
1143 1655
1655 1106
2679 1655
3350 1655
12 1655
1655 1458
1655 272
331 1655
1655 3567
1655 2230
1655 1762
2824 1655
2330 1655
3099 1655
1655 2861
1655 810
1655 1810
1655 1690
1432 1655
804 1655
1655 403
1655 2488
1655 3648
2559 1655
1655 2898
1655 3295
55 1655
1655 3165
225 1655
50 1655
759 1655
1655 2289
366 1655
2778 1655
1655 2809
1655 433
1655 2874
1655 2288
3115 1655
1655 3181
1487 1655
1655 3673
1655 1138
1655 2094
1964 1655
1655 616
1655 3591
1655 1544
1 1655
1655 862
1636 1655
1655 1518
1372 1655
1655 129
2541 1655
3632 1655
1655 3580
3344 1655
1655 2537
3675 1655
1655 2663
1655 3590
1655 2386
1235 1655
1655 2209
1655 1945
3429 1655
2912 1655
1694 1655
1655 3208
2243 1655
1655 168
1655 1604
1655 3045
1740 1655
2756 1655
2806 1655
1655 3660
1655 3697
2406 1655
1655 3393
3012 1655
1655 1783
1655 2582
1655 1600
1655 2065
3715 1655
1655 2016
1655 714
3135 1655
1655 2253
1655 3348
1655 2838
1655 2037
1655 265
1655 2500
1655 1395
1938 1655
1655 1766
1655 521
1655 2305
1655 470
1655 2025
836 1655
1655 2535
523 1655
1655 2222
1293 1655
583 1655
2291 1655
1655 2111
2643 1655
269 1655
962 1655
1655 645
1275 1655
3134 1655
1655 2160
1655 3082
3448 1655
2774 1655
1655 2966
2490 1655
1655 1629
3666 1655
1655 504
372 1655
1509 1655
691 1655
1655 1643
1655 461
2082 1655
586 1655
1655 2849
1655 1190
1655 2501
1300 1655
2168 1655
1335 1655
1655 3055
1655 3226
1655 2166
1655 3486
1655 2161
3735 1655
992 1655
1655 1969
499 1655
2690 1655
1655 2926
1655 377
1655 2903
1655 179
1655 1650
1655 1527
1369 1655
1655 883
648 1655
1243 1655
3276 1655
888 1655
2577 1655
3120 1655
1655 998
1882 1655
2248 1655
1655 664
2607 1655
1655 758
1125 1655
1655 360
2011 1655
1655 655
3223 1655
2647 1655
854 1655
1655 432
1922 1655
1655 1818
1358 1655
1655 2580
1254 1655
1655 3595
2354 1655
3703 1655
1655 8
3 1655
387 1655
1987 1655
142 1655
28 1655
1655 3416
1655 1323
2524 1655
1655 805
718 1655
1655 925
1399 1655
1655 2913
1655 26
3801 1655
1655 2170
1655 2649
2956 1655
1655 1001
280 1655
3177 1655
1655 2920
1655 3335
1655 3320
1655 1901
1655 233
1655 238
1655 2323
2054 1655
1078 1655
1991 1655
3709 1655
1655 617
639 1655
1655 2191
1174 1655
1655 1002
1655 353
1655 116
1655 449
1655 443
2631 1655
1866 1655
1649 1655
1655 827
2468 1655
2050 1655
217 1655
1655 483
1655 2060
1655 605
1655 1656
1655 2355
1655 3142
1371 1655
906 1655
1655 1621
1655 2133
1558 1655
1655 2379
540 1655
1655 1970
380 1655
3550 1655
99 1655
1655 1817
346 1655
2036 1655
1655 817
705 1655
1124 1655
1655 2254
1655 594
1655 336
2145 1655
1644 1655
138 1655
3351 1655
1655 108
1655 3733
1655 2574
1655 3054
1793 1655
987 1655
2317 1655
1655 394
1655 98
3156 1655
1148 1655
1655 2614
1065 1655
1491 1655
1655 2318
1655 3430
1655 2503
1655 2896
1655 1586
3759 1655
1655 2556
2661 1655
1655 3803
1416 1655
1655 1737
2125 1655
1655 441
1034 1655
1655 1380
2463 1655
1655 2971
1746 1655
2273 1655
2847 1655
2213 1655
730 1655
1655 3406
2908 1655
3163 1655
1655 1181
611 1655
717 1655
1655 2182
1655 2014
134 1655
1655 3816
1655 1555
1521 1655
319 1655
610 1655
2843 1655
1655 2371
1655 2276
3655 1655
1655 2299
1769 1655
3464 1655
3627 1655
1639 1655
1655 2458
1400 1655
678 1655
422 1655
1790 1655
1655 3098
1655 194
1239 1655
1655 2591
1623 1655
1655 3206
1655 3207
1212 1655
1655 359
1655 125
1655 321
3220 1655
1655 2553
964 1655
1655 2919
777 1655
1655 56
1655 1153
1655 1921
1655 3242
1091 1655
2837 1655
1038 1655
1655 3368
3535 1655
1655 335
1655 2523
3473 1655
1655 2257
1655 2245
1655 3760
2859 1655
3773 1655
2401 1655
1494 1655
533 1655
1655 3679
1655 850
543 1655
1655 3396
1655 2659
3418 1655
1655 2139
1616 1655
1655 920
783 1655
1655 3810
2496 1655
2567 1655
1099 1655
1655 25
3085 1655
2747 1655
206 1655
1655 3264
2678 1655
3475 1655
1655 3804
2551 1655
1655 2387
1168 1655
2316 1655
2947 1655
3672 1655
1201 1655
1123 1655
1759 1655
1611 1655
3041 1655
1655 3131
1655 1068
1655 982
1655 2340
1655 1856
209 1655
1655 2040
15 1655
1655 323
3517 1655
1655 2882
1655 1641
3193 1655
1655 537
1513 1655
1485 1655
1716 1655
1655 1554
1655 558
1655 2515
2566 1655
1655 2815
1655 2142
1655 3072
1655 349
1655 790
1655 1693
2777 1655
1655 1191
1585 1655
1655 2811
1974 1655
1655 3007
2344 1655
738 1655
502 1655
2319 1655
1786 1655
1655 3326
1655 1719
1655 3243
694 1655
1655 260
1655 1594
1655 3065
3665 1655
874 1655
1655 2887
1655 556
598 1655
1845 1655
2750 1655
3698 1655
2201 1655
1655 716
1655 1581
1655 2424
3233 1655
3182 1655
1261 1655
1655 1020
1655 2097
1655 2914
1210 1655
1655 2692
3483 1655
1655 1507
1613 1655
701 1655
1655 1466
1655 395
1655 539
447 1655
1655 95
1655 1886
1478 1655
1655 2743
1655 1501
1655 120
1913 1655
1655 3062
1655 1564
1655 1071
1655 830
1655 1029
1655 969
1655 3068
1655 52
1961 1655
1655 3245
1081 1655
3477 1655
1655 489
3743 1655
1655 3196
1655 1039
2137 1655
286 1655
3183 1655
1655 768
1135 1655
1655 1333
2734 1655
1655 3136
1655 1691
2007 1655
428 1655
1655 3001
3287 1655
2732 1655
3680 1655
1655 1732
2194 1655
1655 1327
860 1655
1895 1655
1655 1511
2720 1655
2779 1655
1270 1655
1655 2159
3621 1655
1655 2763
3184 1655
1245 1655
1655 1620
2292 1655
3765 1655
3628 1655
1655 2218
2548 1655
1655 966
1655 2008
1655 3112
1655 1070
2983 1655
1655 1561
3060 1655
1655 2991
2733 1655
3279 1655
1655 902
1655 622
2619 1655
1871 1655
1655 2232
1655 548
1655 1027
2445 1655
948 1655
1655 1632
1655 828
2149 1655
1655 3058
1655 3067
1655 1175
890 1655
1655 3497
172 1655
1655 3262
1655 2422
1443 1655
1655 793
2895 1655
1655 2538
3103 1655
1655 849
1655 2924
1655 2967
1024 1655
1655 3633
2936 1655
94 1655
1655 751
1655 2612
1655 374
1655 326
1655 2573
1828 1655
801 1655
1655 1354
2974 1655
1655 1439
2854 1655
1655 1638
311 1655
536 1655
3634 1655
2977 1655
1655 588
3027 1655
1982 1655
292 1655
1655 3119
1655 2200
1655 275
621 1655
2333 1655
1655 1349
1655 2642
2066 1655
1655 2993
1655 2560
1213 1655
3756 1655
1655 3583
1655 899
1655 2836
1655 118
2498 1655
3732 1655
1655 3796
813 1655
1622 1655
389 1655
3197 1655
1655 1184
1655 1557
119 1655
1655 180
1655 3291
3210 1655
1655 3626
1655 3252
343 1655
1655 780
1655 2455
3190 1655
2123 1655
1655 3750
1655 3298
1655 3693
1373 1655
944 1655
578 1655
1655 728
2444 1655
1655 2058
2185 1655
1225 1655
1655 2965
1304 1655
3353 1655
1655 557
1655 2372
2751 1655
1655 1718
1655 2195
2909 1655
1907 1655
154 1655
1655 797
1589 1655
1655 2158
538 1655
1655 3002
1655 1211
1655 3452
1655 1192
45 1655
1655 985
1655 1454
1655 626
1731 1655
2772 1655
1655 3618
1565 1655
1655 2252
1750 1655
1655 2095
932 1655
1296 1655
3608 1655
1655 264
1655 2583
398 1655
478 1655
1655 1032
3438 1655
1504 1655
1655 929
1655 424
1655 579
1655 3237
2210 1655
2587 1655
1655 79
39 1655
1655 495
1655 1702
3251 1655
1655 1775
2237 1655
1359 1655
1655 1568
3686 1655
3613 1655
1655 565
110 1655
1655 681
1332 1655
2309 1655
1972 1655
385 1655
2931 1655
1655 843
1655 3367
1655 157
1503 1655
104 1655
1083 1655
831 1655
2767 1655
1655 2988
3094 1655
1347 1655
1655 2135
1655 2350
1655 1453
1343 1655
1655 861
1500 1655
3079 1655
2999 1655
1655 971
1655 3170
1655 2469
35 1655
2753 1655
1385 1655
1655 1402
1281 1655
1631 1655
2179 1655
1655 2151
1085 1655
1655 1340
905 1655
2163 1655
1655 1111
2820 1655
531 1655
702 1655
1655 798
1612 1655
3310 1655
1876 1655
1655 1888
1655 1754
1655 1419
2776 1655
1655 1391
1655 2783
1655 1017
20 1655
1655 1726
2118 1655
444 1655
1655 2549
1655 2301
1655 3059
1436 1655
595 1655
1655 2250
1601 1655
3379 1655
1655 2324
3241 1655
1655 3495
1655 2958
1655 612
1655 3482
1655 3519
3691 1655
2475 1655
1655 1682
1655 2083
3394 1655
1655 729
1655 1363
1655 1164
1655 2665
229 1655
1655 1903
3048 1655
1655 630
85 1655
7 1655
986 1655
1655 2544
1655 2727
1008 1655
1655 1226
2746 1655
1251 1655
1655 3037
1587 1655
1655 1599
3790 1655
2029 1655
2441 1655
1655 3116
2405 1655
167 1655
1655 3383
3253 1655
3462 1655
2328 1655
3179 1655
1655 1488
1655 1811
2525 1655
1655 1949
640 1655
1655 3556
520 1655
1375 1655
1655 2900
3624 1655
1655 2226
1655 3382
677 1655
2216 1655
2298 1655
2153 1655
436 1655
1655 1295
2107 1655
1655 207
1932 1655
1655 1342
2645 1655
1348 1655
1309 1655
3172 1655
2482 1655
1655 580
2117 1655
452 1655
1655 3356
146 1655
1655 2024
693 1655
1655 3670
3314 1655
1655 2961
1655 480
2150 1655
2676 1655
1026 1655
1655 137
1655 1861
1975 1655
3503 1655
1655 2497
1851 1655
1655 524
1655 3097
1655 2875
1655 2969
1655 3761
419 1655
325 1655
2348 1655
2307 1655
1655 900
1655 1115
1655 1162
1655 491
1655 2852
763 1655
1655 393
1655 213
188 1655
631 1655
1655 999
1655 2799
1655 3308
2534 1655
1655 613
1655 1804
1655 872
84 1655
2234 1655
1655 1920
1655 731
2335 1655
1655 1748
1655 3449
2979 1655
3507 1655
1655 2225
1655 3378
1655 199
1655 1080
1854 1655
1655 2611
3496 1655
1655 3132
1655 3376
2365 1655
1655 762
3643 1655
1655 3411
1655 2943
569 1655
2395 1655
1655 161
1655 846
3527 1655
564 1655
2260 1655
1655 1824
1007 1655
1655 1417
1655 1447
1655 1826
1655 1934
1655 141
2031 1655
687 1655
2169 1655
1655 700
1655 1640
1680 1655
1655 2198
1484 1655
1655 3336
1655 3000
1655 2699
1655 2927
1655 2430
1655 2481
1655 3096
1655 60
1655 1311
2639 1655
1655 3787
1655 3656
2508 1655
2929 1655
1655 2279
3518 1655
54 1655
2846 1655
1655 2453
1655 1553
1655 2703
1655 3491
1655 3578
1655 1302
3617 1655
914 1655
1655 3201
1655 2177
1655 1194
1655 38
1655 606
776 1655
1655 3018
1655 3560
2419 1655
3389 1655
1655 1242
2 1655
1655 1386
96 1655
936 1655
1655 1051
1655 3236
2526 1655
1655 32
1422 1655
1655 2507
3781 1655
1655 3187
1655 72
1655 2046
773 1655
503 1655
1655 2420
253 1655
1655 1947
1246 1655
3075 1655
1062 1655
2640 1655
1655 2547
2606 1655
1655 2748
1455 1655
1655 2598
1655 3334
1655 3681
1655 2143
1872 1655
1655 201
1655 3173
1655 1950
3313 1655
1655 1476
1655 2480
2719 1655
1655 1003
123 1655
1655 2982
1655 1392
2129 1655
1655 3283
627 1655
680 1655
1655 1768
1655 2415
1655 597
1655 710
367 1655
1655 2356
2578 1655
1655 2609
1655 807
3141 1655
1655 787
2302 1655
1655 559
1655 277
1655 2758
1655 1916
1655 2326
1655 2460
429 1655
1655 3771
958 1655
1140 1655
3359 1655
1655 1787
1655 2735
1655 1119
1655 553
1655 2658
1655 1277
1655 2247
345 1655
271 1655
1655 498
210 1655
1655 1262
2012 1655
1539 1655
1655 2590
747 1655
3520 1655
1655 739
327 1655
1536 1655
1655 1396
1528 1655
1173 1655
2280 1655
1655 1498
1655 939
604 1655
1655 3515
247 1655
1655 3167
252 1655
1655 1736
1655 3008
46 1655
1655 1052
1655 2707
1655 2030
1655 496
2807 1655
1655 545
3559 1655
1655 36
2872 1655
1655 1840
2819 1655
216 1655
1655 1733
2421 1655
1655 554
1655 853
1655 3224
1930 1655
1655 1657
1655 913
1655 3654
3159 1655
1655 263
1271 1655
1655 2520
1655 214
1655 402
1655 1579
1655 1433
1655 907
3011 1655
1799 1655
1655 3227
1655 2941
2700 1655
1655 2106
1655 3398
1655 847
1655 1207
1655 1659
1940 1655
1430 1655
1655 3110
3199 1655
1655 2813
1655 3235
1655 2789
3752 1655
2505 1655
1095 1655
1655 195
1655 653
3010 1655
3659 1655
258 1655
1655 2891
1655 2347
1655 2888
1655 2061
1655 1089
2491 1655
2359 1655
1366 1655
2740 1655
1655 1405
3423 1655
1655 1959
3214 1655
304 1655
3384 1655
1655 1874
1655 3168
92 1655
1962 1655
1655 2074
965 1655
1037 1655
1233 1655
1183 1655
1655 809
1469 1655
1655 3219
2724 1655
3635 1655
3598 1655
2953 1655
1655 2429
1655 1040
636 1655
765 1655
1655 600
3274 1655
574 1655
1655 2632
1655 308
1655 1877
2181 1655
767 1655
2581 1655
1237 1655
1655 204
1655 1411
1655 226
509 1655
2144 1655
1655 2570
497 1655
1655 1627
551 1655
1655 306
1655 3171
1284 1655
2948 1655
1655 81
1655 147
2461 1655
1655 1435
57 1655
1326 1655
1655 2249
2930 1655
3151 1655
1655 3086
1655 3793
2417 1655
996 1655
1655 1314
1655 2801
1655 2552
1655 755
2795 1655
1655 1401
3083 1655
1868 1655
2963 1655
1655 1178
1023 1655
1655 3445
1058 1655
1263 1655
1655 3722
1139 1655
1655 212
1655 1144
1655 3446
77 1655
1459 1655
2358 1655
162 1655
1655 2899
3728 1655
1655 3551
1655 2742
1655 1935
3005 1655
1655 3401
1655 3032
1655 234
1655 2571
1655 2997
1655 3021
1406 1655
3705 1655
1655 2623
2937 1655
1655 261
256 1655
1655 190
1655 2384
183 1655
1655 2290
3534 1655
1655 3488
3494 1655
144 1655
1655 1645
2134 1655
2558 1655
1655 1434
3652 1655
1655 2812
1655 445
2650 1655
1655 3553
1655 1141
1655 713
404 1655
1941 1655
1655 86
1966 1655
3257 1655
1655 3541
1655 2396
1655 3592
3474 1655
2183 1655
3051 1655
1655 566
1655 2689
1655 2088
2862 1655
2005 1655
1655 642
2754 1655
3259 1655
719 1655
1655 712
107 1655
1655 1956
1655 3784
1887 1655
1655 703
1655 2454
1531 1655
1655 1209
822 1655
723 1655
1655 2131
547 1655
1160 1655
3271 1655
1655 3127
1556 1655
1655 3779
1655 3776
1655 3642
1655 3345
1655 690
1655 3587
1655 1465
1655 2794
1898 1655
1655 3144
1346 1655
1655 1695
2057 1655
2274 1655
2637 1655
3435 1655
1655 3092
2877 1655
1655 1450
1534 1655
1655 3375
1655 2127
2173 1655
1655 1276
3238 1655
3702 1655
2986 1655
2675 1655
1538 1655
2240 1655
1655 3724
1655 2414
3404 1655
1655 2351
1655 2321
3081 1655
879 1655
3078 1655
1655 781
2206 1655
2188 1655
1655 2600
2782 1655
1149 1655
1655 1971
1397 1655
1655 127
2433 1655
1655 1617
912 1655
1655 1575
2418 1655
2313 1655
1655 1931
1655 200
1655 3530
1655 1744
1655 122
638 1655
284 1655
2423 1655
1863 1655
1655 560
1655 2519
1823 1655
1655 736
3216 1655
2790 1655
1655 1084
3029 1655
1655 3739
381 1655
3572 1655
1180 1655
938 1655
1655 2652
379 1655
3707 1655
2013 1655
2214 1655
1655 2666
1655 2871
1655 692
173 1655
910 1655
1655 3432
1442 1655
294 1655
2830 1655
1655 351
1305 1655
1655 2880
2723 1655
1655 196
2425 1655
2256 1655
3607 1655
1655 3020
2176 1655
1655 926
1655 3668
3218 1655
1655 3521
1655 208
1655 3645
1655 405
2564 1655
1655 2380
1655 3090
1655 2334
2164 1655
1655 1995
1655 896
230 1655
3303 1655
1655 2886
1493 1655
297 1655
3185 1655
1836 1655
1655 1341
317 1655
3701 1655
2976 1655
1655 1977
1655 2400
2202 1655
1655 2802
415 1655
1655 150
1699 1655
1655 2021
711 1655
1655 1112
1655 2928
1655 3255
3133 1655
1655 2532
2006 1655
1655 2708
1655 3584
1118 1655
643 1655
1655 3710
1064 1655
2764 1655
1516 1655
1573 1655
1655 980
1655 13
1655 287
3014 1655
3025 1655
2385 1655
1655 2394
2140 1655
1655 2693
1655 2485
2718 1655
1655 3289
3581 1655
1655 1847
2826 1655
1655 2833
1655 2186
1655 1248
671 1655
1655 2624
1655 2934
865 1655
2509 1655
1655 771
1655 3746
3280 1655
1655 582
1614 1655
1655 1785
2063 1655
1655 1578
1655 1223
1655 1230
1655 1202
2439 1655
1798 1655
2655 1655
1655 2493
3118 1655
1655 1723
487 1655
3731 1655
1655 1136
1655 2932
1655 981
3331 1655
1146 1655
1655 3647
1655 3493
2312 1655
1655 3129
1655 1774
2196 1655
1655 446
2019 1655
1655 3506
689 1655
1655 746
1299 1655
1655 757
1655 1006
1651 1655
614 1655
1655 2536
66 1655
1655 3717
2437 1655
1655 792
1655 2187
1655 3387
1655 824
832 1655
1655 1660
1655 1163
788 1655
1655 624
663 1655
1889 1655
1655 2715
3789 1655
2157 1655
1655 2860
1655 371
3512 1655
114 1655
1655 2922
1655 634
1753 1655
117 1655
2477 1655
3240 1655
1800 1655
1655 89
1532 1655
1655 106
1655 699
44 1655
1655 1384
29 1655
1655 1280
2568 1655
1655 2116
1655 884
1655 1171
1655 845
1655 988
1655 3063
1655 1709
3016 1655
786 1655
361 1655
1698 1655
1109 1655
1655 659
1655 1899
1336 1655
1655 2479
2603 1655
1655 752
1655 2239
3395 1655
1914 1655
1655 2122
151 1655
1655 2527
1655 1831
1655 3766
1655 3369
2784 1655
1655 3785
1655 1597
2192 1655
1655 2822
2572 1655
1655 158
1655 1779
2443 1655
289 1655
382 1655
3586 1655
1655 2017
2446 1655
2476 1655
1208 1655
1655 1634
493 1655
1655 169
2272 1655
1655 1590
1655 785
1655 2494
1655 2694
1655 1801
1655 2278
1655 3342
1655 984
1655 518
1655 1393
1655 3317
3309 1655
1843 1655
266 1655
3713 1655
391 1655
1655 3030
1655 456
3315 1655
1655 3764
1365 1655
742 1655
3685 1655
3347 1655
1655 535
1655 1033
2023 1655
3202 1655
2805 1655
1655 2128
1655 1490
1655 2269
1655 290
1655 2596
1655 696
661 1655
1655 2339
3531 1655
1655 3714
1655 3300
1655 2729
1297 1655
1655 1917
2390 1655
1655 1097
577 1655
904 1655
1624 1655
171 1655
1655 2053
1655 448
1655 1022
1547 1655
1655 1707
1655 951
2584 1655
2731 1655
784 1655
3363 1655
1655 1540
2773 1655
1389 1655
1655 2968
1655 2342
220 1655
1655 1308
668 1655
1742 1655
1655 1015
3358 1655
3412 1655
1655 3047
1352 1655
1655 544
1655 454
1655 1368
2907 1655
342 1655
1427 1655
1655 1727
1655 3537
1197 1655
1655 476
1655 3557
1892 1655
1655 526
244 1655
1655 650
1655 2315
2728 1655
1294 1655
1655 128
1655 2392
876 1655
2038 1655
1655 1156
2853 1655
1655 2069
1655 3337
1655 1943
90 1655
1655 2711
1025 1655
3249 1655
1147 1655
1655 3500
1655 530
1655 442
1655 2391
1655 1563
1100 1655
1910 1655
1655 2951
1655 2470
399 1655
1161 1655
1655 1891
1655 407
1426 1655
1655 3293
1655 2554
1492 1655
248 1655
1655 1652
522 1655
2267 1655
1655 1833
2432 1655
1814 1655
1655 3322
2759 1655
1792 1655
3558 1655
2165 1655
1655 2617
1655 3573
656 1655
1329 1655
10 1655
3354 1655
1655 2796
1655 3706
1655 3568
963 1655
1655 2952
1655 1322
1655 3040
859 1655
1701 1655
3466 1655
1655 2638
1686 1655
510 1655
1655 1842
1655 741
1655 1159
3006 1655
1655 2389
1655 2370
1655 2605
1655 2925
1655 268
2332 1655
1655 3544
1890 1655
3476 1655
1655 2615
1655 1357
1655 3113
1655 3042
1655 2114
1655 3457
2296 1655
3744 1655
3305 1655
1655 2504
2174 1655
3213 1655
2842 1655
1782 1655
1655 2714
3158 1655
1005 1655
2656 1655
1116 1655
1838 1655
592 1655
3577 1655
1655 1633
892 1655
2112 1655
1655 1760
1655 3022
1655 993
1655 2044
2451 1655
1655 3434
575 1655
1953 1655
1655 721
1676 1655
1655 2228
1655 1869
3601 1655
1655 174
1655 1919
1655 1560
1655 3277
1655 2654
1704 1655
1655 221
2857 1655
2918 1655
2266 1655
1655 894
1655 628
3152 1655
1655 2132
184 1655
1655 2766
3105 1655
1655 1878
1905 1655
354 1655
1655 670
1655 2698
2473 1655
1655 1546
1655 2545
1655 924
1303 1655
3641 1655
3246 1655
2003 1655
2434 1655
1687 1655
2671 1655
2803 1655
1655 121
1655 2325
2360 1655
3038 1655
2052 1655
1655 660
3597 1655
1655 725
1655 576
1952 1655
972 1655
1090 1655
1655 3400
1229 1655
1655 1407
2428 1655
1655 1885
2575 1655
1655 3738
1655 3061
1655 2255
1655 2138
1655 2338
1655 1524
3209 1655
97 1655
2923 1655
1757 1655
1820 1655
1655 754
3066 1655
2000 1655
332 1655
1655 239
1035 1655
1655 87
1655 451
1655 833
1655 2687
3056 1655
1655 2894
182 1655
1655 2651
1655 270
1244 1655
812 1655
1655 3809
1655 546
1467 1655
2388 1655
1655 1042
3619 1655
1361 1655
2858 1655
1655 911
1655 2484
2427 1655
2265 1655
1655 826
2045 1655
1655 3212
2457 1655
3074 1655
310 1655
1655 3044
3593 1655
1655 3814
1655 3778
1880 1655
1655 1761
1655 3463
1655 3147
1655 3542
1655 65
1655 1929
1655 3511
2004 1655
1425 1655
3421 1655
2511 1655
1655 3146
1655 2684
1087 1655
1312 1655
1655 1618
1655 2962
1655 376
2641 1655
1655 427
3297 1655
1655 1606
2972 1655
1655 474
1367 1655
1655 3509
1655 3004
1655 3768
1655 501
1655 2034
1655 3138
2070 1655
249 1655
1655 2062
2674 1655
3390 1655
1655 1440
1655 1936
573 1655
1655 3490
181 1655
2362 1655
2092 1655
1655 3667
3426 1655
2800 1655
148 1655
2621 1655
2048 1655
1655 921
989 1655
1835 1655
3683 1655
1655 1049
852 1655
2039 1655
1789 1655
2506 1655
1655 1788
2866 1655
1655 1151
1655 3745
1655 2738
1655 1107
1655 1286
1010 1655
1166 1655
1655 1379
2042 1655
1655 2669
1655 1004
1655 218
1655 3465
549 1655
1655 2297
1655 41
1446 1655
1285 1655
1150 1655
1655 293
1655 139
1655 1415
2465 1655
2242 1655
2893 1655
1655 2768
1655 2890
1655 1668
2595 1655
1655 3574
1738 1655
1655 2517
1655 1274
1120 1655
1655 619
1655 2448
1655 3370
1655 3267
684 1655
1655 607
1655 952
1655 2713
1655 2450
1655 1036
1655 1060
3270 1655
1655 2251
1655 2162
1655 3786
901 1655
1655 3638
1655 1661
1655 3455
1825 1655
3422 1655
1655 362
165 1655
1482 1655
635 1655
3003 1655
1655 439
1795 1655
1320 1655
1655 1471
3244 1655
91 1655
1238 1655
2329 1655
1655 3570
2869 1655
1655 482
1266 1655
1198 1655
1655 1988
1655 472
2197 1655
2075 1655
1121 1655
2736 1655
1655 534
1655 176
3361 1655
1187 1655
1764 1655
2620 1655
1655 344
1655 82
1306 1655
1655 1884
1655 2314
3678 1655
1655 3569
1360 1655
2078 1655
2876 1655
1655 2608
1655 1883
3325 1655
1655 1231
1655 2306
1655 2873
1655 1860
922 1655
283 1655
1655 2080
1655 1735
1655 224
1655 867
243 1655
2848 1655
851 1655
1655 2368
2346 1655
2270 1655
1655 1114
1655 3549
1655 1669
1655 2730
1655 2281
1655 1849
3599 1655
1655 1441
2119 1655
338 1655
1655 2375
1655 2984
1655 1572
1937 1655
3374 1655
1655 363
1655 2093
825 1655
2108 1655
541 1655
1655 2589
1655 3205
748 1655
941 1655
1853 1655
1655 1438
1655 1403
707 1655
1655 2244
1655 2616
1655 1030
1655 37
3726 1655
2369 1655
3268 1655
940 1655
1816 1655
1655 1307
2994 1655
1214 1655
3319 1655
1655 2628
1655 918
1655 2051
3774 1655
1655 3397
2518 1655
513 1655
30 1655
2630 1655
1655 1958
1206 1655
1655 3200
1655 917
2124 1655
1655 3546
1655 401
1655 2829
315 1655
1445 1655
369 1655
898 1655
1655 815
1655 1101
1655 149
1655 3160
440 1655
2844 1655
1655 3651
3450 1655
1655 62
1409 1655
1655 769
1655 2910
934 1655
1655 2172
1655 2973
2741 1655
3143 1655
2597 1655
1655 105
1655 2081
1655 2035
1655 278
1615 1655
1655 931
2667 1655
1655 31
1345 1655
1911 1655
1655 1951
1819 1655
1655 1607
2865 1655
3664 1655
3720 1655
1655 1582
1655 1998
3730 1655
479 1655
1655 1018
1655 857
1655 1195
1655 3644
1526 1655
1655 329
3017 1655
2840 1655
1655 2077
1655 406
1603 1655
1655 1875
1655 1543
2110 1655
3034 1655
3498 1655
1186 1655
1655 1461
1584 1655
2146 1655
1655 27
1655 124
3547 1655
1655 2901
1420 1655
1655 75
1655 2032
1069 1655
3117 1655
1655 3637
1128 1655
1797 1655
3076 1655
1655 3510
1655 3225
1655 802
1655 1813
1075 1655
1655 1807
1655 682
1655 3296
1897 1655
1655 1993
1655 2588
1655 5
3307 1655
2959 1655
2440 1655
1655 1525
1655 189
3579 1655
1655 2981
1655 2757
1517 1655
1655 423
3609 3156
804 3609
3609 1555
3609 1522
1387 3609
3609 3206
3609 2233
3609 1146
3609 1338
1658 3609
1106 3609
3609 3368
3609 640
2463 3609
381 3609
3609 2528
3014 3609
3609 2629
3609 2152
3609 2933
3609 307
3260 3609
2742 3609
3609 573
565 3609
3609 2449
3609 792
1592 3609
3609 3731
1392 3609
3609 1328
3609 868
2399 3609
3609 1978
2526 3609
1372 3609
2443 3609
1723 3609
519 3609
353 3609
2541 3609
3609 2548
3609 2324
15 3609
3609 177
3609 1773
2798 3609
3263 3609
3609 1142
3609 222
756 3609
3609 1942
1223 3609
3099 3609
1782 3609
3609 2022
3111 3609
3609 2475
3609 2584
3609 2920
1061 3609
3609 3805
3609 1881
3609 727
3609 854
143 3609
1167 3609
200 3609
3624 3609
3609 219
2788 3609
3609 2234
2816 3609
3609 1144
371 3609
3609 562
3609 3413
2189 3609
3227 3609
3609 2711
3609 2073
1567 3609
888 3609
3609 2199
3609 422
3609 304
3609 3790
3630 3609
3609 1651
950 3609
1467 3609
3609 317
133 3609
2772 3609
3609 2382
1498 3609
3609 2379
3609 1109
3609 1048
3609 3477
1877 3609
383 3609
3609 598
1791 3609
1285 3609
2506 3609
3609 2292
3609 3242
2387 3609
2918 3609
3451 3609
226 3609
1068 3609
3609 2282
3609 2365
3609 1777
3118 3609
3113 3609
3371 3609
3609 2064
3609 1388
3609 18
1760 3609
2863 3609
3609 2896
3802 3609
2204 3609
3609 2420
3414 3609
3609 3495
3135 3609
3772 3609
228 3609
3609 1957
3609 1548
3643 3609
1431 3609
2411 3609
3609 2
3609 1114
2019 3609
3069 3609
2459 3609
3609 134
3609 2770
3609 2784
889 3609
3609 1070
2126 3609
3609 2969
2604 3609
672 3609
1740 3609
3609 298
3609 879
3609 709
3609 1399
3473 3609
3609 3462
3609 1335
3609 1330
1516 3609
3609 2473
3609 861
3609 495
3609 3408
3609 1140
2444 3609
3609 3026
2596 3609
2710 3609
3609 1630
3609 2205
3609 966
3609 2395
3609 3024
2704 3609
3609 1813
3609 1558
1319 3609
3609 3787
2689 3609
3609 732
3609 1025
3609 3734
1515 3609
3609 2523
3609 2774
1808 3609
3609 3527
2301 3609
687 3609
3609 2062
3609 1360
3283 3609
568 3609
3609 3264
403 3609
3609 928
3609 2972
3609 3606
1729 3609
3609 2479
1188 3609
3130 3609
691 3609
3609 2227
1534 3609
3609 1767
3609 2635
3609 3582
3609 2353
3700 3609
1452 3609
3609 2198
2172 3609
3609 2413
3609 1196
3609 2559
3609 1334
3609 61
3609 3417
3609 157
3609 1049
3315 3609
3609 277
3609 3204
3671 3609
594 3609
3609 2179
3609 450
3609 433
3609 2472
2900 3609
1862 3609
3389 3609
724 3609
884 3609
2435 3609
2673 3609
3609 386
265 3609
3545 3609
2735 3609
279 3609
1987 3609
3609 3599
1356 3609
885 3609
3609 1104
3609 1391
3609 2296
3609 2540
3609 2779
3609 3496
3609 1456
641 3609
3609 965
2684 3609
3609 148
156 3609
3609 2458
1874 3609
3794 3609
3366 3609
3609 281
3609 273
3609 1560
3609 2311
1486 3609
2653 3609
1943 3609
3609 3726
2632 3609
1133 3609
3803 3609
1950 3609
3609 3257
202 3609
3447 3609
3609 1712
258 3609
3609 591
935 3609
3609 3430
3609 1623
3609 3294
3128 3609
3609 2039
3609 1208
3609 191
3609 1824
3609 3330
3609 1858
3609 2147
3609 1864
2023 3609
2825 3609
3609 2356
3609 3072
1135 3609
392 3609
1230 3609
3609 2194
316 3609
2397 3609
3532 3609
3609 642
3609 2080
2592 3609
3662 3609
1823 3609
3289 3609
2941 3609
2394 3609
3609 1854
3609 3295
3609 1482
3293 3609
3609 1825
2271 3609
462 3609
3609 2569
1741 3609
3609 238
3609 2651
3609 2336
1441 3609
796 3609
3609 853
3523 3609
3218 3609
2726 3609
833 3609
3657 3609
2428 3609
3401 3609
3244 3609
608 3609
3555 3609
3609 2777
3609 2588
1790 3609
153 3609
459 3609
2134 3609
3609 3140
2829 3609
3609 1840
2418 3609
3609 3141
3609 1474
3609 385
3609 465
3609 2196
3609 2782
3609 2230
781 3609
559 3609
864 3609
3609 1300
1453 3609
3609 3616
3609 3176
1654 3609
3609 2666
1852 3609
3609 3715
1610 3609
1289 3609
3609 3455
3609 857
496 3609
3609 1799
3609 738
3609 2017
1754 3609
3609 2942
3609 1137
945 3609
3609 2167
3609 2456
3636 3609
1959 3609
3609 964
3609 114
2257 3609
3609 1648
3609 3799
3609 2056
209 3609
911 3609
3609 3728
3609 289
3609 341
2811 3609
2085 3609
3609 664
1405 3609
448 3609
3609 789
3609 472
3609 1247
3609 759
3609 1463
2780 3609
3609 2457
2347 3609
283 3609
3609 3449
3609 987
2477 3609
3313 3609
3647 3609
493 3609
1846 3609
3609 2762
3609 3352
3609 1414
3609 1676
111 3609
3609 773
936 3609
3609 2176
3083 3609
3609 2145
959 3609
3609 538
919 3609
3609 719
3 3609
3546 3609
1844 3609
716 3609
3761 3609
3609 2048
3609 2249
3541 3609
3609 944
3776 3609
3609 1672
3609 2326
3609 3560
3609 677
3609 2422
3609 986
3609 2890
3575 3609
3609 507
3609 2364
3609 2658
665 3609
3609 1982
3609 3489
3609 3198
3609 1359
2830 3609
3609 1635
3609 2409
3609 2446
3609 580
2853 3609
3609 2883
3609 3502
3609 2991
2478 3609
2851 3609
351 3609
2792 3609
3609 2802
3609 2734
2893 3609
3609 1017
2848 3609
2768 3609
3609 9
3609 3735
1237 3609
3039 3609
798 3609
3609 1181
1370 3609
3609 2564
118 3609
1730 3609
1633 3609
3609 2312
3609 2375
3609 2744
3609 3254
3452 3609
1096 3609
3609 2010
3609 791
1580 3609
3609 2009
2694 3609
345 3609
1323 3609
3410 3609
1681 3609
3609 2549
1888 3609
3609 1339
3609 1611
276 3609
910 3609
3609 1647
3609 1494
1778 3609
3609 1343
3609 216
3609 2910
3609 3500
1163 3609
3609 1941
29 3609
1861 3609
2795 3609
3609 252
1177 3609
3291 3609
3609 522
776 3609
3609 1418
3105 3609
3428 3609
3609 1912
3609 780
3609 3302
3609 3571
3609 2386
3609 187
2433 3609
3609 138
3609 511
3609 683
957 3609
3609 1893
3609 786
3609 2706
3589 3609
3029 3609
3536 3609
3609 376
3273 3609
3609 1304
1811 3609
2922 3609
3609 3584
3609 1175
2335 3609
3434 3609
136 3609
607 3609
3609 3234
237 3609
2740 3609
3609 625
3609 3108
2838 3609
1022 3609
1435 3609
3609 1836
3609 195
1491 3609
2615 3609
3609 480
581 3609
3402 3609
3609 388
31 3609
3609 3712
3609 2983
3211 3609
1965 3609
3609 725
3609 2812
3609 1632
3609 3182
3609 3788
3001 3609
3609 644
3520 3609
953 3609
20 3609
3609 2170
2729 3609
1986 3609
3609 1608
673 3609
3609 2500
3609 3147
682 3609
3609 3047
1968 3609
3609 3109
490 3609
1960 3609
1385 3609
3609 3207
3609 234
3609 3319
3132 3609
708 3609
3609 498
3609 2000
3609 2728
3609 2404
3609 650
3609 2255
3609 3162
3186 3609
1843 3609
2238 3609
844 3609
837 3609
2118 3609
3609 521
3609 264
3609 2402
1077 3609
3609 932
3609 645
3558 3609
3609 915
3609 574
3609 2493
213 3609
3609 2650
3609 1599
647 3609
3609 1313
2442 3609
755 3609
2876 3609
3101 3609
454 3609
3191 3609
3609 2937
3609 1815
3609 1668
3609 2125
3609 3439
518 3609
3609 1047
3609 6
3609 2186
3429 3609
3609 2323
3609 64
2178 3609
508 3609
101 3609
3609 520
2503 3609
2793 3609
3609 2875
3609 104
3094 3609
3609 1529
2330 3609
3102 3609
3169 3609
1693 3609
3609 1347
1468 3609
3383 3609
2841 3609
3609 1378
667 3609
3609 1826
3609 3179
3609 453
2514 3609
3609 178
2232 3609
3687 3609
117 3609
3609 794
3609 2333
3609 292
3609 2656
3609 1930
1310 3609
3609 1870
3563 3609
3609 3676
1034 3609
397 3609
1502 3609
3609 395
2563 3609
3609 572
3184 3609
3609 2157
3416 3609
183 3609
3609 1018
97 3609
3310 3609
3609 3093
1128 3609
3609 2388
3609 2641
416 3609
3609 2012
3609 1704
3609 2042
784 3609
1841 3609
3609 79
3011 3609
1506 3609
3609 1090
3609 2874
3609 2813
3609 3628
198 3609
3710 3609
3609 2373
1541 3609
3609 1728
3609 3684
2030 3609
937 3609
1977 3609
1361 3609
3609 2535
3609 1161
3609 2158
1556 3609
3609 1501
3609 1904
1505 3609
3609 3707
3443 3609
3609 487
3729 3609
3609 855
718 3609
3609 2585
3006 3609
3609 814
2123 3609
706 3609
3609 1447
3609 2077
3609 1101
3609 65
1496 3609
3609 2716
3609 440
3609 1115
3609 2374
1532 3609
3609 3121
3005 3609
3609 2544
3609 1209
3609 2887
3609 2858
3609 1744
1045 3609
3609 2696
1961 3609
3609 230
3609 2661
3609 2593
2880 3609
2857 3609
3609 1490
3609 2474
512 3609
3609 1569
3609 278
956 3609
3609 438
3609 3373
2672 3609
3609 1377
3609 2962
3609 1479
1234 3609
2392 3609
3609 977
3609 3334
193 3609
2583 3609
2685 3609
2352 3609
3609 3358
3608 3609
3609 1393
3609 878
2791 3609
3609 952
934 3609
662 3609
2169 3609
2560 3609
1621 3609
3609 3746
3609 1698
3609 430
3609 1596
272 3609
3609 1495
3609 2707
3609 1256
3609 549
3561 3609
1126 3609
3609 896
1629 3609
1277 3609
1206 3609
3609 98
1270 3609
3609 2803
2953 3609
1834 3609
3609 3322
3277 3609
3609 1100
1001 3609
3609 58
3609 2714
3609 1948
3444 3609
3609 1286
3609 967
77 3609
3609 2909
3609 2750
3609 1803
3309 3609
577 3609
3200 3609
27 3609
2854 3609
1684 3609
3609 752
3609 1721
3080 3609
3609 2727
584 3609
3609 132
3609 91
3609 3594
2538 3609
992 3609
3609 2809
3609 301
3609 1865
3290 3609
3609 1593
3609 3722
1154 3609
55 3609
3609 3018
631 3609
3136 3609
3609 2102
3609 3777
3609 255
3609 232
2562 3609
3609 2808
263 3609
3609 2384
3609 1974
3609 3324
3609 688
1944 3609
3609 3579
3713 3609
3609 344
3751 3609
3488 3609
2817 3609
3609 89
3609 2220
1019 3609
418 3609
1005 3609
3609 354
2338 3609
246 3609
3092 3609
3609 2268
3609 319
822 3609
3609 1440
2410 3609
2675 3609
3464 3609
2101 3609
3609 810
3609 2027
540 3609
3609 990
611 3609
3609 3442
171 3609
3609 320
1696 3609
949 3609
1475 3609
3089 3609
1465 3609
2164 3609
3609 2050
3609 2905
2959 3609
3609 2057
1013 3609
3609 358
3609 2856
1373 3609
3609 116
3609 2261
2664 3609
3609 1604
3609 750
3609 1499
3609 3015
2430 3609
217 3609
1485 3609
2847 3609
3609 2676
3609 1404
2445 3609
3609 1182
3609 1936
3487 3609
2262 3609
3609 94
3609 2846
3651 3609
3721 3609
3427 3609
2960 3609
81 3609
128 3609
1464 3609
3677 3609
2561 3609
3609 1402
3609 3663
2469 3609
2286 3609
3073 3609
3609 1860
2824 3609
3609 3382
3609 2602
3609 2310
3649 3609
3117 3609
3609 681
3609 3688
3609 434
1637 3609
2142 3609
1831 3609
3609 2482
3609 3157
3609 3068
817 3609
1561 3609
742 3609
3609 2175
660 3609
3609 1336
3609 497
3609 3758
3609 1584
1011 3609
2709 3609
3609 1215
2484 3609
1412 3609
3609 3638
3609 325
3609 595
1427 3609
3705 3609
3609 2660
3609 3180
2159 3609
989 3609
3609 3384
3609 2341
3609 2122
3609 3106
2464 3609
2377 3609
3609 931
3609 3453
3609 979
1603 3609
3609 3045
1802 3609
1136 3609
1726 3609
3609 1925
3609 909
3609 3037
848 3609
2153 3609
3518 3609
3609 3010
3609 1812
1832 3609
2805 3609
2984 3609
1869 3609
1783 3609
3424 3609
3299 3609
3609 3786
366 3609
3609 546
3609 2786
2626 3609
3609 3566
3609 627
3609 359
3609 3267
3609 2308
3609 48
3609 733
3609 2421
3609 484
2968 3609
3609 1845
3609 3535
3609 2743
3609 3262
1770 3609
3327 3609
2766 3609
3054 3609
3509 3609
3633 3609
3609 2842
3609 605
509 3609
3609 3296
3609 370
2082 3609
1521 3609
3609 257
1253 3609
2334 3609
3248 3609
1432 3609
3609 2938
3341 3609
3609 3501
2507 3609
863 3609
3609 2190
3609 927
3609 3762
3609 2683
3736 3609
2516 3609
355 3609
1082 3609
3609 1677
3609 3067
3609 1197
1549 3609
3609 1242
3593 3609
373 3609
2366 3609
1363 3609
3088 3609
2612 3609
983 3609
3609 3168
3609 1348
3609 331
3609 3440
3716 3609
3609 1199
3609 482
3609 1653
3609 300
3609 1406
3609 1426
3609 2703
2882 3609
3609 3021
2532 3609
3609 3347
3609 1745
1585 3609
3609 1512
3609 569
976 3609
2807 3609
3609 1889
3609 106
1325 3609
3609 432
3609 161
2359 3609
2945 3609
1928 3609
2990 3609
3609 1063
2391 3609
3609 1998
102 3609
3711 3609
3609 3323
3609 3537
130 3609
2490 3609
1932 3609
3609 3036
2086 3609
3609 3691
3609 534
3609 3623
2843 3609
3609 1699
3609 2061
3609 602
618 3609
3609 3370
2135 3609
3609 1294
1626 3609
3609 197
2260 3609
3609 147
1088 3609
3653 3609
3609 1331
3148 3609
2111 3609
2046 3609
1257 3609
3609 3626
2280 3609
3609 451
3609 1130
3609 2254
3609 173
3609 2316
3609 633
3609 1794
3229 3609
3609 2425
2831 3609
1605 3609
3609 2898
582 3609
1625 3609
1366 3609
3609 3466
2611 3609
256 3609
1563 3609
3609 2989
3609 914
3609 2481
3609 3004
3609 2758
3609 1368
3609 971
1734 3609
3609 3143
1775 3609
349 3609
2534 3609
3609 112
1085 3609
3609 311
3609 330
3609 3511
3609 1975
3609 1327
870 3609
3601 3609
3609 2006
2171 3609
3609 108
3703 3609
3609 361
3609 2637
3609 590
2051 3609
3251 3609
4 3609
88 3609
3609 489
3609 3236
3609 654
3609 1004
3115 3609
3609 2065
3609 3534
2072 3609
3159 3609
62 3609
3359 3609
1853 3609
2513 3609
3609 215
3602 3609
3609 3288
3763 3609
3609 2613
149 3609
1302 3609
2603 3609
1706 3609
3609 306
2346 3609
3609 2417
3609 1480
3609 3698
3609 1589
3609 2662
2869 3609
2537 3609
326 3609
3675 3609
3609 537
3609 2524
1321 3609
2155 3609
3609 2590
2289 3609
3609 1254
3609 2116
3609 2826
3609 3576
1445 3609
2579 3609
3609 364
2722 3609
3609 1814
2886 3609
3609 1078
3609 1125
19 3609
3609 1030
3609 122
3609 3376
3609 2731
3609 1267
3747 3609
2553 3609
3609 3318
1553 3609
2978 3609
207 3609
2671 3609
3609 3391
3609 464
1652 3609
2625 3609
2088 3609
1132 3609
3609 2431
3609 753
3609 113
3609 599
2822 3609
3609 2451
3609 2859
3609 806
3609 835
3609 1577
3609 38
1720 3609
3609 3196
3596 3609
3605 3609
2806 3609
3609 1191
3609 3274
1503 3609
3609 722
3609 1
3609 2702
3609 3714
3609 2467
3609 2914
3030 3609
3609 563
3609 793
2557 3609
175 3609
99 3609
3152 3609
3609 3199
3609 8
2063 3609
2455 3609
3609 1062
3609 2748
1985 3609
60 3609
39 3609
981 3609
3595 3609
3609 53
3609 2005
2283 3609
3441 3609
3609 803
3388 3609
3609 1663
3609 1855
3609 2521
78 3609
3609 1461
3609 406
1546 3609
1640 3609
2955 3609
3609 652
1771 3609
700 3609
3609 1955
1352 3609
3798 3609
3609 693
2926 3609
3609 1966
3609 3396
904 3609
3696 3609
3372 3609
3609 466
3609 1614
3097 3609
3609 924
3609 3065
2600 3609
2554 3609
3609 3374
3609 2244
2787 3609
2049 3609
1071 3609
3609 3265
3609 343
3609 1916
3609 858
3609 155
3609 96
3609 2586
1956 3609
3609 2501
1622 3609
30 3609
3681 3609
2393 3609
3609 2121
3609 788
3738 3609
3609 570
3609 2906
2801 3609
3609 3122
3609 3760
365 3609
3609 2329
2700 3609
3609 3145
1686 3609
3609 3618
895 3609
3609 1401
3609 2815
2928 3609
211 3609
1083 3609
3609 2434
2947 3609
3609 2400
3609 492
3609 2320
3609 87
3609 160
3609 2031
1562 3609
3609 826
3609 2607
3609 778
3609 390
1119 3609
531 3609
2620 3609
3463 3609
1410 3609
2894 3609
2499 3609
2103 3609
2003 3609
3609 961
1282 3609
3609 1210
3609 2520
3609 2166
3002 3609
3609 188
3609 2944
3609 2177
3077 3609
3609 184
3577 3609
3609 3007
912 3609
2029 3609
3609 2733
3609 3791
1909 3609
2108 3609
1476 3609
3609 925
916 3609
2971 3609
3609 1697
3609 841
1829 3609
1442 3609
3609 1980
3609 1340
3609 1122
3609 253
3609 767
596 3609
3609 2130
2618 3609
3513 3609
3609 628
3609 3519
3609 1675
3609 3084
3609 1725
2055 3609
3059 3609
488 3609
3727 3609
3609 1233
3609 131
1628 3609
1707 3609
3609 3426
3609 1487
3390 3609
3609 3166
3609 3271
3609 3033
3609 1691
3609 923
1990 3609
3609 1092
3609 1732
1472 3609
2878 3609
3609 1850
3609 1655
3669 3609
1774 3609
3164 3609
1748 3609
533 3609
3165 3609
3609 1243
1003 3609
2638 3609
3609 707
3609 1039
1731 3609
1884 3609
3609 535
3609 3573
3609 471
3609 2149
328 3609
1357 3609
1644 3609
172 3609
3609 850
3609 2322
3766 3609
11 3609
530 3609
3609 3749
3609 275
3377 3609
818 3609
3609 110
1649 3609
3567 3609
3609 3282
2998 3609
3609 3682
163 3609
1299 3609
3609 1118
3670 3609
1306 3609
3609 3173
2496 3609
3609 1887
3194 3609
3609 1718
3609 3195
3609 2652
3659 3609
3609 2961
1437 3609
3609 1818
2447 3609
2718 3609
3609 2759
3609 3226
3609 2717
1838 3609
3609 3808
3609 862
3609 3103
815 3609
3609 1307
3609 2679
3475 3609
3609 3000
3437 3609
2797 3609
3609 2695
2465 3609
3609 3490
3609 2687
3609 1798
3609 606
3609 447
1724 3609
3609 374
1830 3609
2214 3609
2527 3609
635 3609
3774 3609
3609 1421
3609 2348
2973 3609
1816 3609
3609 929
3609 5
3609 1149
2870 3609
3609 468
3609 2956
840 3609
3609 2076
2376 3609
1526 3609
2951 3609
3609 3641
3609 210
2915 3609
2047 3609
3609 2810
3516 3609
2440 3609
3100 3609
368 3609
1786 3609
3432 3609
3609 2372
3609 3557
240 3609
3764 3609
3609 3708
3694 3609
3609 2594
2699 3609
2649 3609
194 3609
3609 2219
1899 3609
3609 429
1656 3609
1000 3609
3609 1722
473 3609
3609 543
3609 1315
2285 3609
698 3609
3609 2212
2069 3609
3609 503
2917 3609
3609 1971
2591 3609
2821 3609
3609 2040
690 3609
614 3609
1344 3609
3172 3609
3609 2273
3609 1074
3609 2163
3609 1386
3609 1828
3609 1743
3609 1587
3609 1172
3609 1364
378 3609
2654 3609
3770 3609
1871 3609
3255 3609
3609 1573
1772 3609
3609 2818
3609 2195
3609 3174
2398 3609
3609 3551
2577 3609
3655 3609
3609 13
3333 3609
1481 3609
1906 3609
2921 3609
1817 3609
3042 3609
517 3609
1820 3609
3609 1057
2529 3609
3609 1189
1390 3609
1164 3609
3399 3609
795 3609
3609 1187
3609 3421
3609 2120
268 3609
3079 3609
1010 3609
3609 3071
1993 3609
2182 3609
3609 3070
3609 2319
3609 891
3609 28
3609 2986
2115 3609
2669 3609
3468 3609
3454 3609
3609 470
3609 1659
3609 2835
2939 3609
2299 3609
3213 3609
67 3609
3609 1141
1983 3609
1749 3609
3609 2952
3044 3609
3609 3757
3609 3438
3609 3027
3609 1895
3609 3797
3609 3034
3609 583
3609 1292
2429 3609
3609 1572
3609 825
754 3609
940 3609
3609 1664
1800 3609
3609 2412
3609 1038
3609 287
3609 274
3609 2873
2370 3609
1517 3609
3609 3544
2489 3609
1752 3609
3609 3680
3609 1064
137 3609
3609 819
3609 2820
846 3609
3609 428
3609 1434
1533 3609
3609 900
324 3609
3609 3119
190 3609
1396 3609
3480 3609
658 3609
2002 3609
3609 2097
883 3609
3609 620
3609 3287
3609 363
1419 3609
3609 3160
3609 2705
656 3609
3609 2970
3609 150
623 3609
735 3609
3580 3609
3609 3548
3367 3609
3609 2287
3609 1224
3609 2833
3609 3457
3609 3586
3360 3609
787 3609
2327 3609
2988 3609
3609 3052
3609 2321
3609 2307
2437 3609
3609 1298
2871 3609
3609 1036
2389 3609
3609 481
774 3609
1958 3609
3609 2852
3609 1111
3609 280
3609 151
3667 3609
3609 1297
144 3609
3049 3609
3609 2240
3609 782
1641 3609
3609 1613
3609 1557
249 3609
3609 3697
3350 3609
1212 3609
3609 775
3609 337
3723 3609
3609 3175
1055 3609
2148 3609
3609 2789
3609 3139
2345 3609
3609 685
3609 745
3609 3678
1367 3609
3609 3320
3361 3609
3609 2146
3782 3609
1231 3609
3609 1634
2868 3609
3016 3609
3609 166
3609 2127
3752 3609
3609 1203
3456 3609
3609 142
3609 1269
3609 214
3609 1710
3609 762
3116 3609
3609 412
205 3609
282 3609
3755 3609
3609 988
3609 3134
3609 2581
3609 748
2502 3609
1863 3609
3609 2923
3719 3609
3609 938
3609 3217
3609 3564
2746 3609
3609 2799
3392 3609
536 3609
3609 679
770 3609
3609 2091
2931 3609
1963 3609
668 3609
3609 526
3609 3298
3609 1219
2414 3609
3609 2485
1795 3609
3609 227
2927 3609
3609 2140
3609 1848
2946 3609
3032 3609
1374 3609
3609 2732
3609 1028
299 3609
3695 3609
1066 3609
3609 1876
3609 3201
1924 3609
3609 2498
3609 2281
2129 3609
1458 3609
1281 3609
3609 396
892 3609
1690 3609
1086 3609
2242 3609
3609 51
2137 3609
3609 2087
3609 3569
3609 3542
3609 1009
894 3609
3609 393
1542 3609
1701 3609
2272 3609
3609 506
3276 3609
799 3609
997 3609
3609 1746
3609 1902
3646 3609
2427 3609
3609 3406
3609 1353
3609 2288
670 3609
120 3609
2781 3609
1550 3609
3609 1424
3609 1376
1757 3609
3609 32
1872 3609
1765 3609
437 3609
2987 3609
3609 3627
998 3609
3609 1761
2303 3609
3609 1566
2044 3609
3609 3345
1261 3609
1184 3609
3609 2963
1398 3609
3743 3609
548 3609
3609 1981
3609 1002
3609 1169
3692 3609
3110 3609
3609 3187
3609 1504
3609 1896
3609 2423
676 3609
1098 3609
592 3609
3609 2470
1709 3609
1705 3609
3609 3386
1606 3609
1113 3609
2141 3609
3609 2682
3609 415
3609 576
3609 3246
771 3609
3337 3609
1616 3609
3609 501
873 3609
917 3609
3609 2191
3609 1488
3008 3609
2491 3609
3609 905
3609 2713
2719 3609
1582 3609
2315 3609
3609 1369
3609 2349
3609 1455
3609 3280
1894 3609
3090 3609
785 3609
999 3609
3609 2362
1689 3609
3609 313
3609 1913
1284 3609
731 3609
3609 2351
2096 3609
3609 3306
3609 242
3023 3609
3017 3609
1395 3609
3609 906
3609 475
3609 199
3161 3609
758 3609
3609 3365
3609 671
3609 2360
3609 1430
3539 3609
3609 1617
1333 3609
3609 3163
3609 1615
3261 3609
3609 3228
3609 684
3609 2512
3609 3138
3609 1700
3585 3609
3781 3609
3609 2471
3609 310
3609 1295
2483 3609
3609 3343
1827 3609
3609 85
25 3609
3202 3609
2203 3609
1170 3609
2461 3609
3609 126
3609 1927
3609 659
3609 3748
3609 943
3609 2643
3609 2605
3609 3066
162 3609
455 3609
3609 2891
1150 3609
3284 3609
505 3609
2174 3609
1436 3609
3609 2573
3609 1176
2839 3609
3609 869
3609 1422
3609 3301
3609 612
3609 3690
3609 865
3609 2060
3609 1408
2693 3609
3609 1108
3609 3526
3609 404
3609 3019
3609 696
1758 3609
3609 2054
3351 3609
532 3609
2298 3609
2309 3609
2007 3609
3609 669
1866 3609
3609 942
3609 3321
3689 3609
3609 3393
3609 1075
3237 3609
851 3609
3609 456
1457 3609
3609 2011
174 3609
2201 3609
1166 3609
3609 294
2721 3609
1785 3609
3609 2267
3775 3609
2028 3609
2314 3609
3609 2344
790 3609
3609 1926
3609 1762
3609 1158
617 3609
3609 1120
3528 3609
3609 1536
3538 3609
3609 524
3783 3609
1519 3609
3609 2124
3720 3609
3609 2636
1389 3609
1575 3609
1194 3609
1250 3609
1317 3609
2231 3609
3609 1283
3609 3773
3609 1586
3609 82
3609 1885
1733 3609
2013 3609
1969 3609
2405 3609
3609 239
1020 3609
3609 3562
1643 3609
3609 734
2849 3609
3609 340
2361 3609
3609 1147
3609 461
843 3609
1444 3609
2769 3609
2749 3609
3609 551
3609 1095
3609 1667
3609 369
3609 2877
3609 1110
721 3609
3609 1221
3609 802
3609 457
3609 26
3609 3076
2533 3609
3609 3742
3609 3597
259 3609
2035 3609
3609 1879
3609 2486
3609 3096
3609 2572
3609 1524
1301 3609
3082 3609
1198 3609
3609 1205
3609 886
616 3609
3609 2396
3609 1680
3609 152
1898 3609
3517 3609
2160 3609
3609 1246
3087 3609
426 3609
3609 557
2223 3609
3609 3346
2509 3609
41 3609
1636 3609
2525 3609
2828 3609
3504 3609
1469 3609
3609 1033
3609 1252
1031 3609
2094 3609
2681 3609
3127 3609
1624 3609
3609 1547
3609 2337
2251 3609
3609 2884
3609 2701
3609 1600
2667 3609
516 3609
3609 783
3609 2698
3609 2934
334 3609
3609 1153
527 3609
3609 2648
1384 3609
2715 3609
3609 2488
1380 3609
3499 3609
3609 250
3609 768
3609 2997
720 3609
3609 1769
1477 3609
3529 3609
3609 1214
3609 3344
1839 3609
1837 3609
3609 2036
3629 3609
3609 3340
3609 2256
3609 3709
3609 3364
2363 3609
3609 1736
651 3609
1660 3609
2975 3609
3609 1238
821 3609
3609 2014
3609 2510
1460 3609
1857 3609
3609 3151
3041 3609
3609 994
3609 968
3609 1201
3609 44
2305 3609
3609 3554
3609 3587
3609 2966
3559 3609
1171 3609
3609 2844
2692 3609
3609 22
3609 907
1329 3609
1671 3609
3609 2052
3609 2025
3609 3183
3609 312
1612 3609
1232 3609
3609 33
1627 3609
3609 2229
3609 1880
3609 2556
3609 56
3609 922
2954 3609
3304 3609
3609 3232
293 3609
3609 3137
1027 3609
1970 3609
3609 417
575 3609
1868 3609
1907 3609
3609 1727
3609 2378
308 3609
3609 3385
3609 3613
3609 1742
2416 3609
2317 3609
3609 1148
1371 3609
3609 3469
3609 1738
3795 3609
3609 1583
3609 1213
3765 3609
3609 269
3609 1322
2200 3609
3609 3660
3609 1425
3789 3609
3609 626
3142 3609
3609 2494
3609 3467
3609 3800
1882 3609
3609 158
3609 1531
947 3609
3259 3609
3609 2325
689 3609
1345 3609
3744 3609
159 3609
1029 3609
3609 3278
3609 3329
3181 3609
3609 3493
1527 3609
3609 2058
3609 2994
723 3609
2924 3609
3609 1397
95 3609
3609 1274
3433 3609
832 3609
3609 1578
3609 2599
2610 3609
314 3609
1737 3609
1886 3609
1920 3609
3609 860
3609 1972
3609 2001
3363 3609
3759 3609
3609 2751
3609 702
1042 3609
3609 1683
3609 566
3609 1059
1449 3609
2438 3609
1276 3609
3609 1685
2275 3609
3591 3609
3609 3048
3609 2764
3609 182
3609 3648
2350 3609
436 3609
3609 2380
3609 3336
3609 125
1382 3609
3609 384
3609 3635
382 3609
3609 367
3609 284
3609 2263
646 3609
1044 3609
3609 333
3609 3240
3308 3609
2775 3609
1168 3609
3609 761
3609 1873
3609 1381
3133 3609
3609 2665
514 3609
962 3609
3615 3609
1995 3609
3609 2043
615 3609
3609 3235
3609 1076
1207 3609
1072 3609
3505 3609
3415 3609
3459 3609
600 3609
3171 3609
675 3609
3609 2269
3609 3220
267 3609
1466 3609
1332 3609
1807 3609
338 3609
1379 3609
3619 3609
3609 2623
3609 3177
3609 3192
3609 874
3609 3632
3609 2156
3609 3086
2628 3609
1917 3609
3609 1788
36 3609
285 3609
2218 3609
1967 3609
3458 3609
3609 2881
3768 3609
3409 3609
1362 3609
3609 92
3609 1735
3609 1554
3609 1228
3609 3241
3609 42
3609 3379
2332 3609
3547 3609
3609 1053
3609 3740
3609 1459
1525 3609
3609 2785
3609 3578
2582 3609
3718 3609
3609 3491
714 3609
236 3609
3588 3609
3303 3609
129 3609
1766 3609
439 3609
2183 3609
2185 3609
452 3609
3609 3250
154 3609
442 3609
3609 772
3609 2616
3123 3609
3609 1910
3609 2578
1954 3609
880 3609
3609 10
2753 3609
3609 2098
3609 233
3609 3252
3225 3609
3609 881
1351 3609
224 3609
3609 3272
1241 3609
1311 3609
1309 3609
346 3609
3609 3208
539 3609
3609 984
3609 1204
2235 3609
3609 1597
3609 1784
3609 3465
3311 3609
3609 3611
247 3609
1040 3609
3609 2466
3609 3792
3609 387
66 3609
3609 941
3609 3060
3609 7
3609 251
3609 2207
3609 2872
3114 3609
3609 1914
2515 3609
3609 2640
3609 597
3609 2093
3609 1538
2767 3609
3609 1312
1478 3609
3609 561
3609 1897
3609 838
3609 1107
3609 1528
2965 3609
3609 3338
3331 3609
2209 3609
2902 3609
3609 1185
1079 3609
765 3609
2419 3609
3609 578
2761 3609
2546 3609
3609 898
3609 694
3609 1103
3609 109
399 3609
3609 2930
991 3609
3609 1513
3609 2644
3609 3724
3609 1883
410 3609
3609 1308
3609 2090
699 3609
3801 3609
141 3609
3482 3609
3609 3328
2754 3609
3609 2222
1679 3609
1054 3609
1962 3609
2547 3609
2034 3609
3609 639
3609 946
3609 3494
1156 3609
3609 431
3609 2180
3609 2252
3609 1951
3609 985
3609 3112
1595 3609
3609 648
1155 3609
318 3609
3479 3609
1678 3609
3609 3461
3609 3286
3609 1451
3609 1543
3609 2912
3609 1669
49 3609
1265 3609
1751 3609
3609 876
3375 3609
3609 221
3609 3369
3666 3609
3609 3673
3609 1278
3609 2776
3609 303
3609 1139
1423 3609
24 3609
3609 2739
3609 3332
3349 3609
2408 3609
1793 3609
3104 3609
978 3609
3609 3622
3423 3609
3609 1190
2756 3609
2339 3609
3609 1849
2895 3609
1324 3609
3609 2901
1508 3609
3769 3609
3050 3609
3609 402
3609 3154
3609 2406
3609 726
3609 3725
3737 3609
3609 545
3609 1035
3398 3609
975 3609
3565 3609
3609 2565
820 3609
3609 728
609 3609
2598 3609
3146 3609
1911 3609
1682 3609
3609 1183
1305 3609
3609 3056
3609 3785
2037 3609
3609 3512
3609 2958
3609 469
3609 50
3609 2892
3609 2794
3038 3609
1991 3609
3609 3222
764 3609
3609 763
3609 305
3009 3609
3609 1245
2911 3609
3609 1666
3609 241
3609 3754
1173 3609
3609 3739
86 3609
3664 3609
3609 2773
3609 2075
3609 356
3609 2992
3609 105
3609 588
3381 3609
3335 3609
3609 3292
3609 2114
3609 973
3609 321
3609 186
3609 800
3609 401
1964 3609
3609 3510
3609 1717
3484 3609
3609 552
1607 3609
547 3609
813 3609
1058 3609
3609 1248
3609 1796
963 3609
3609 3750
3609 1979
3609 2226
555 3609
411 3609
1021 3609
3609 37
3609 666
3609 2018
2860 3609
3609 3425
877 3609
3609 1415
525 3609
16 3609
357 3609
3609 400
1239 3609
3609 1354
3609 3131
1240 3609
613 3609
3609 1314
3609 1937
3609 339
2243 3609
3609 579
3609 558
1244 3609
502 3609
2832 3609
3609 3640
1400 3609
3617 3609
2723 3609
1174 3609
76 3609
3418 3609
3609 107
3609 1821
3407 3609
2144 3609
1997 3609
3476 3609
2907 3609
435 3609
3609 3212
1568 3609
954 3609
2587 3609
831 3609
3149 3609
3609 2519
3609 1443
180 3609
3549 3609
867 3609
704 3609
3609 2670
2401 3609
1052 3609
2239 3609
3609 3357
3609 1484
960 3609
3609 1260
2606 3609
3609 1080
1688 3609
235 3609
3609 730
3665 3609
2518 3609
3609 2117
192 3609
72 3609
2302 3609
3514 3609
409 3609
3224 3609
3609 2631
2441 3609
3609 145
3609 1670
2840 3609
3609 729
3609 3612
1619 3609
2738 3609
1349 3609
3609 3521
3609 2109
2067 3609
2407 3609
3609 866
3609 1564
2932 3609
1346 3609
2480 3609
3609 1518
3609 362
3609 165
135 3609
3609 747
2250 3609
3609 920
3403 3609
3609 1094
3796 3609
3609 550
3609 427
3609 1609
3609 3051
3609 697
204 3609
3609 2241
3609 3644
1032 3609
3701 3609
3609 544
2368 3609
1303 3609
3609 2595
3609 3645
3356 3609
3609 288
3609 477
3609 1890
3668 3609
3609 3095
3631 3609
3609 1365
1507 3609
2139 3609
3609 1657
3609 2885
3609 1694
2293 3609
3609 336
3609 1565
3609 3216
476 3609
3609 1462
3609 2294
3609 3193
3609 414
3609 63
3609 425
2760 3609
3609 2730
3609 504
3609 2162
1087 3609
3362 3609
3609 45
3609 3492
3609 1713
3609 1590
3609 1842
3609 601
3609 3185
3609 3205
2083 3609
3609 1851
1867 3609
3650 3609
3609 3574
3609 1138
3609 2861
2737 3609
3609 2580
951 3609
3435 3609
2021 3609
1127 3609
3609 14
3609 2985
1041 3609
2038 3609
3609 1470
3609 449
3253 3609
1429 3609
3609 2708
443 3609
903 3609
1618 3609
3581 3609
3658 3609
3609 622
3609 2720
2940 3609
741 3609
3609 1989
3609 2601
3609 1483
2354 3609
3609 610
1403 3609
3609 1847
528 3609
3609 739
2657 3609
121 3609
2206 3609
3125 3609
3609 2688
2165 3609
3609 3756
921 3609
3609 1222
1454 3609
554 3609
3609 1097
3609 3126
3609 1180
899 3609
3609 2095
3209 3609
969 3609
3609 3239
3312 3609
3609 3656
1229 3609
3609 2081
3609 2202
3609 740
2197 3609
3609 3170
3609 1320
1768 3609
3609 342
2993 3609
1439 3609
3609 3598
3609 2865
3609 2211
3609 3685
3472 3609
3609 1296
2258 3609
124 3609
3609 500
3609 2432
3609 1759
3609 2609
842 3609
2690 3609
3609 3085
2504 3609
3609 3129
3003 3609
3609 1638
3609 3074
3609 74
3058 3609
3609 2796
3706 3609
871 3609
3219 3609
3609 322
3771 3609
3609 2248
1218 3609
3022 3609
1067 3609
3609 1099
3609 816
225 3609
3609 244
223 3609
3609 3448
3609 3515
379 3609
2279 3609
3178 3609
1290 3609
3609 3460
1934 3609
3652 3609
3609 901
3609 1016
1178 3609
1165 3609
801 3609
3609 3540
3609 360
2836 3609
3609 1438
2216 3609
3609 59
3394 3609
3609 1192
2015 3609
3609 290
3609 3233
1900 3609
3609 21
3609 1162
3609 2208
2686 3609
1293 3609
3609 3285
3780 3609
1806 3609
3609 3190
3609 1263
1217 3609
3609 1539
1287 3609
3609 657
3609 632
3609 593
3609 2246
2725 3609
3609 2935
3609 1089
3609 1908
3609 1023
3609 3483
2424 3609
1291 3609
3609 1193
3609 2745
958 3609
3609 1355
3609 2004
3609 3380
3609 2468
3609 510
2571 3609
3609 3422
2020 3609
2850 3609
1940 3609
3609 713
3256 3609
3530 3609
1551 3609
3609 3300
3609 743
3609 1875
348 3609
3609 2913
3609 2617
3609 407
1859 3609
3153 3609
3609 1008
3609 2053
3508 3609
3609 3637
3609 1650
828 3609
3609 1687
3609 2974
3609 3634
3609 3215
3609 2454
2070 3609
3609 2977
1216 3609
3609 1121
1050 3609
2642 3609
3609 695
2948 3609
3609 636
2639 3609
3609 2522
3609 3654
3609 2888
3609 3699
3609 1046
3609 2866
1579 3609
3609 1976
3609 100
2436 3609
3609 1753
3609 261
2551 3609
3609 2259
3609 3124
2313 3609
674 3609
3609 1915
2342 3609
2674 3609
3609 1552
3609 710
1994 3609
1781 3609
3609 680
2531 3609
2367 3609
3031 3609
3609 1801
3674 3609
2627 3609
3609 993
2278 3609
123 3609
3238 3609
3609 463
2790 3609
653 3609
1763 3609
3609 2113
3609 2929
3609 2304
3609 1747
1822 3609
3609 3672
560 3609
181 3609
1235 3609
856 3609
1819 3609
1804 3609
3405 3609
3609 3614
1591 3609
2151 3609
3046 3609
3609 1939
3609 604
1129 3609
3609 3778
2318 3609
3609 3270
3609 2646
711 3609
3431 3609
3445 3609
2024 3609
3609 1225
3609 2771
3609 3035
3609 1949
3609 3679
3481 3609
3522 3609
3609 254
3609 2462
3609 3404
2619 3609
948 3609
933 3609
2381 3609
3609 2864
757 3609
3609 1947
3167 3609
3609 2823
1105 3609
1661 3609
2543 3609
3609 1394
3609 1756
845 3609
3297 3609
2154 3609
3609 127
3609 2867
3609 1673
3020 3609
3609 3661
3609 1433
3609 291
3609 1084
1255 3609
908 3609
3609 1921
1316 3609
46 3609
1952 3609
875 3609
2383 3609
2889 3609
3609 3485
2925 3609
3609 2132
3609 375
3609 2950
3609 629
3609 749
3609 655
760 3609
836 3609
3609 405
3609 1492
1195 3609
1892 3609
3609 2266
3609 3732
2452 3609
3609 231
3609 1236
185 3609
201 3609
2221 3609
2508 3609
2567 3609
3609 1984
3609 1996
1259 3609
3609 3258
3188 3609
3609 1159
446 3609
1026 3609
2143 3609
203 3609
2270 3609
1780 3609
3609 3326
2691 3609
286 3609
3507 3609
3609 2295
849 3609
3609 3741
3609 661
3609 3486
3214 3609
2106 3609
3609 1124
1273 3609
3609 1081
323 3609
3609 54
3609 2033
777 3609
2074 3609
3609 1523
3609 2570
2645 3609
1007 3609
3609 766
40 3609
266 3609
553 3609
2936 3609
335 3609
3609 2371
585 3609
3609 270
93 3609
3609 918
2079 3609
1711 3609
441 3609
1326 3609
3609 2284
3609 1116
3609 3419
3609 1520
391 3609
2517 3609
1833 3609
619 3609
3609 2827
146 3609
3609 3400
3609 3531
1275 3609
3609 3600
3609 812
2390 3609
3609 586
3550 3609
2277 3609
3609 2217
2943 3609
3609 2492
3609 1835
3609 1903
1227 3609
208 3609
3609 805
2624 3609
2105 3609
1999 3609
1473 3609
1544 3609
3609 2016
73 3609
3609 589
3609 3497
1014 3609
3609 43
3609 3028
1280 3609
3609 1810
3609 80
1797 3609
70 3609
1714 3609
3609 2041
2763 3609
3609 1143
779 3609
571 3609
3620 3609
3525 3609
3625 3609
3609 1662
2136 3609
3609 2476
23 3609
2908 3609
3604 3609
309 3609
2979 3609
3609 3107
637 3609
3609 2247
3436 3609
3609 458
1856 3609
1060 3609
3609 3745
1646 3609
829 3609
3355 3609
3609 2736
3609 2331
3609 297
3609 486
2505 3609
3609 3075
3609 90
3339 3609
2026 3609
3609 2680
3609 3733
3609 35
3609 1448
119 3609
3609 3717
1407 3609
3609 3064
1674 3609
3609 2291
1602 3609
3609 638
824 3609
3609 1073
2181 3609
1631 3609
3342 3609
529 3609
491 3609
3609 2511
3266 3609
2845 3609
2814 3609
3609 2919
315 3609
3609 649
2897 3609
3609 1249
3609 3078
3609 3446
3609 196
3609 1878
3609 1091
479 3609
3609 206
3609 1992
3609 2566
3609 3230
3609 2545
2215 3609
3609 1891
3592 3609
3609 1493
2071 3609
1211 3609
1988 3609
3609 2089
3609 523
3609 1935
3120 3609
3609 3553
556 3609
3609 3779
3609 2426
3348 3609
3221 3609
3609 1037
499 3609
3609 2066
3325 3609
2078 3609
3609 1509
3693 3609
1200 3609
2290 3609
3609 3158
1642 3609
3609 2621
3609 3353
3609 712
3609 1151
1922 3609
3609 327
2104 3609
1559 3609
3609 1279
823 3609
3609 3412
1571 3609
3203 3609
3609 52
3609 542
3609 271
2403 3609
3609 2328
1931 3609
2497 3609
2369 3609
3609 1262
3609 3478
3609 3055
1755 3609
3609 483
243 3609
2119 3609
3609 1134
3609 3730
3609 2225
3609 663
1012 3609
541 3609
3807 3609
567 3609
3609 872
2161 3609
1792 3609
717 3609
2765 3609
3609 2575
2630 3609
1581 3609
2343 3609
3609 1093
3609 2663
3609 3498
3609 692
3609 2193
3804 3609
3609 678
3639 3609
737 3609
974 3609
2415 3609
1202 3609
1383 3609
2614 3609
3609 1497
3609 2131
3609 1588
1266 3609
3609 807
3609 1620
3609 2184
3609 3603
2837 3609
1272 3609
3025 3609
1945 3609
3609 2834
3609 2355
3609 2995
3609 3683
3609 1024
3609 751
3609 139
1719 3609
3609 1645
603 3609
3609 2224
3609 103
3387 3609
2306 3609
2068 3609
3609 1938
2188 3609
3609 797
3609 2385
424 3609
970 3609
3609 1702
474 3609
3609 852
630 3609
3609 809
17 3609
893 3609
2045 3609
3583 3609
3609 380
3609 3317
2213 3609
1131 3609
3609 2008
2747 3609
3609 2128
71 3609
3609 926
2236 3609
3609 995
3609 1117
2297 3609
3609 423
2237 3609
3609 2228
2245 3609
302 3609
189 3609
3091 3609
2967 3609
140 3609
3702 3609
3609 2274
634 3609
2276 3609
2192 3609
1358 3609
1006 3609
3609 179
262 3609
3609 3506
3503 3609
1750 3609
3609 2187
3609 1471
2741 3609
1271 3609
3609 220
3609 3806
1350 3609
3609 2778
3609 295
3609 47
3570 3609
1574 3609
1708 3609
3609 1420
621 3609
3609 3144
3609 3607
3609 3471
3609 1510
3609 769
3268 3609
3609 2879
3609 827
3609 2597
3609 1102
3609 1409
3609 2558
3609 2552
3609 1043
3609 3524
3609 389
3609 372
3609 1918
69 3609
3609 2450
3609 1716
3609 3784
3609 2647
3609 3013
3609 2724
3609 245
3609 170
3609 2138
3609 624
3609 1112
1779 3609
3609 3420
3609 1145
2904 3609
3609 1570
1764 3609
3609 420
3609 444
3609 746
3642 3609
1375 3609
3609 1264
3279 3609
1739 3609
1489 3609
3609 2634
3609 2150
3609 2168
2568 3609
3609 3704
3609 1639
3609 1537
3609 2899
3609 2608
2574 3609
3609 2265
2550 3609
3609 1946
913 3609
1179 3609
1288 3609
3609 3610
408 3609
218 3609
2107 3609
3609 2999
3609 887
3609 715
1530 3609
1056 3609
83 3609
3609 350
3609 2819
3609 1450
2084 3609
3609 3210
1258 3609
847 3609
3609 2982
1919 3609
3609 419
1905 3609
3609 3012
3609 1411
701 3609
2576 3609
2530 3609
3609 3316
3572 3609
3609 3767
3609 2916
744 3609
485 3609
352 3609
3609 2133
3609 2453
3609 1973
169 3609
3609 587
84 3609
3609 2300
3354 3609
3609 3061
3568 3609
1692 3609
2659 3609
3062 3609
2495 3609
3609 3753
3609 1789
3609 1157
2340 3609
3609 2976
3197 3609
3609 930
3609 3043
3609 955
3609 1428
3609 1601
3609 467
3275 3609
3249 3609
3609 2100
3609 2755
3609 643
3609 34
897 3609
1160 3609
3609 2800
3609 2752
3533 3609
1069 3609
2783 3609
3245 3609
834 3609
1342 3609
347 3609
1337 3609
1251 3609
3609 2542
2110 3609
2980 3609
2949 3609
1416 3609
3609 1933
115 3609
445 3609
3609 2357
2264 3609
248 3609
3223 3609
3609 3307
3609 75
2589 3609
3609 3395
3609 1341
1500 3609
3609 2862
3609 2059
394 3609
3609 1152
3609 1776
2536 3609
2697 3609
1809 3609
3609 686
3609 2539
3609 1511
3609 1576
2358 3609
3609 2677
3609 3063
3609 1703
839 3609
3609 3040
3609 260
3609 1268
2112 3609
3057 3609
3411 3609
3609 2981
3609 3621
3609 2092
3609 176
808 3609
513 3609
1318 3609
3609 3450
2964 3609
3609 859
3609 1594
3609 332
3552 3609
3609 1545
3609 2655
3609 972
3609 12
3609 212
3609 3243
982 3609
3609 2668
3609 1598
3081 3609
3609 2678
3609 3189
3609 421
1715 3609
3609 68
3609 3150
3609 1901
3609 1417
1695 3609
3609 2633
3609 377
703 3609
3609 167
2032 3609
3305 3609
3609 2957
3609 1226
3609 3793
3609 811
57 3609
3609 1535
3098 3609
3609 1665
3609 1929
1805 3609
3609 1065
1953 3609
2804 3609
3155 3609
3609 3590
3231 3609
996 3609
3609 3543
3609 2173
460 3609
3609 3556
3609 2996
3609 3474
3609 296
3609 164
3609 902
3053 3609
2757 3609
3609 2487
3609 2210
3609 1540
2099 3609
3609 515
3609 3686
3609 2855
2712 3609
1220 3609
1514 3609
3609 1446
3609 1015
3609 1787
3609 980
3609 1413
882 3609
3609 494
3609 413
705 3609
1923 3609
1186 3609
3609 2448
3609 3378
229 3609
329 3609
398 3609
3609 2622
3609 3470
3609 2439
3609 3247
1051 3609
3314 3609
830 3609
939 3609
564 3609
3281 3609
3269 3609
2903 3609
3609 736
3609 2460
2253 3609
3609 890
478 3609
3397 3609
3609 2555
168 3609
3609 1123
