195 151
41 1
175 88
18 36
68 44
31 81
38 108
20 58
191 194
19 35
187 62
77 128
38 119
106 152
161 54
192 103
15 137
40 14
3 122
115 169
103 97
87 64
155 57
16 74
78 56
193 110
49 177
78 86
46 7
33 5
133 138
104 42
145 129
42 164
192 125
126 116
7 178
82 113
130 139
111 94
2 3
114 184
179 23
13 70
52 153
93 131
40 11
17 167
194 31
176 187
40 29
110 27
37 86
93 4
19 8
154 64
132 8
78 156
59 93
103 77
111 79
155 40
82 73
114 95
84 54
87 21
51 83
31 148
136 190
173 40
11 110
78 130
164 147
68 40
120 185
53 33
79 31
96 119
114 74
112 105
133 158
32 79
40 55
172 97
63 108
12 64
182 106
177 168
48 192
140 95
1 75
68 121
39 137
36 171
105 40
180 86
26 82
60 48
41 123
177 143
38 103
26 58
28 74
151 78
189 127
26 78
114 148
141 97
128 185
25 148
29 195
177 15
13 41
124 47
144 85
155 6
167 107
111 150
28 24
19 184
175 76
160 98
1 100
188 83
40 92
41 82
126 187
71 40
115 150
159 126
109 148
16 142
47 98
148 103
166 16
97 36
26 103
40 30
11 43
65 56
85 87
45 190
153 165
2 90
140 174
19 40
36 87
50 83
74 47
163 17
28 135
117 148
66 80
144 101
121 93
175 77
148 89
10 153
69 63
106 82
146 67
97 129
163 102
31 72
49 162
78 134
22 148
5 6
174 66
56 170
26 127
158 181
177 83
88 153
42 49
74 149
99 32
133 9
97 54
103 126
167 54
30 34
82 45
49 148
74 67
183 87
150 46
186 116
61 121
157 137
66 23
118 61
91 174
54 2
158 54
61 108
143 110
62 12
113 31
93 36
133 30
58 87
40 42
79 117
66 140
143 107
126 109
121 45
142 25
80 68
26 83
55 70
47 21
20 55
3 137
146 25
138 15
95 55
132 100
57 89
68 21
55 148
54 63
64 22
9 71
87 19
90 8
39 124
55 13
135 23
120 58
28 76
53 148
92 46
119 111
44 61
72 55
52 37
98 106
106 43
90 83
11 20
27 96
91 34
97 112
78 86
40 74
95 56
18 51
50 127
67 60
8 70
73 109
105 59
62 16
74 142
24 27
130 77
144 134
50 56
15 127
34 108
141 43
100 91
32 129
38 84
138 122
11 151
128 71
137 75
7 5
49 140
82 37
38 134
29 118
149 144
104 35
55 110
22 84
75 18
48 118
55 117
81 135
55 10
72 78
19 96
92 147
49 54
119 26
88 55
29 126
17 1
51 79
97 36
7 13
113 30
2 44
107 9
12 122
33 55
147 81
102 32
150 48
139 55
115 67
98 42
105 14
133 125
112 145
5 69
4 35
65 46
82 101
93 59
63 85
47 33
139 6
57 116
129 150
52 128
3 41
149 55
41 45
73 55
111 39
99 1
146 55
131 85
77 103
116 31
104 28
136 132
124 94
76 80
6 145
88 24
115 69
120 114
64 130
17 60
89 53
136 10
114 123
151 66
23 86
