163 161
68 8
103 141
74 143
33 138
113 65
78 12
58 31
92 9
50 107
105 149
149 126
77 48
64 16
7 149
88 149
22 34
147 21
104 89
104 149
63 25
2 53
112 135
99 89
11 163
132 135
71 84
157 86
79 23
38 149
87 55
150 94
39 149
54 74
109 64
153 149
151 82
149 90
156 149
91 4
18 103
120 73
90 113
83 160
80 110
47 158
111 37
157 149
5 32
78 156
6 23
152 97
27 116
108 116
149 57
70 76
146 62
46 149
58 133
95 30
154 149
3 149
37 36
130 24
45 29
134 43
128 131
148 68
67 142
149 150
14 159
13 1
123 149
44 142
26 25
114 145
149 91
149 140
60 81
149 112
45 162
155 56
67 149
149 59
11 149
93 5
98 1
56 35
85 34
149 129
94 115
149 155
30 153
15 72
137 51
140 43
97 40
149 52
149 77
19 73
63 149
125 4
100 62
28 88
49 126
27 149
149 29
2 149
136 24
149 96
51 149
149 141
127 154
118 114
121 69
75 55
86 161
119 110
133 149
47 3
136 149
149 92
149 120
39 81
117 101
52 107
57 117
61 127
98 149
7 76
9 10
152 149
72 59
87 149
149 119
129 83
8 149
85 149
42 14
149 20
66 53
17 41
149 111
149 42
102 163
139 28
145 149
71 20
122 137
48 124
123 21
105 121
49 106
46 131
143 149
32 149
149 17
96 82
146 149
149 6
149 16
41 144
38 138
1 2
2 3
3 4
4 5
5 6
6 7
7 8
8 9
9 10
10 11
11 12
12 13
13 14
14 15
15 16
16 17
17 18
18 19
19 20
20 21
21 22
22 23
23 24
24 25
25 26
26 27
27 28
28 29
29 30
30 31
31 32
32 33
33 34
34 35
35 36
36 37
37 38
38 39
39 40
40 41
41 42
42 43
43 44
44 45
45 46
46 47
47 48
48 49
49 50
50 51
51 52
52 53
53 54
54 55
55 56
56 57
57 58
58 59
59 60
60 61
61 62
62 63
63 64
64 65
65 66
66 67
67 68
68 69
69 70
70 71
71 72
72 73
73 74
74 75
75 76
76 77
77 78
78 79
79 80
80 81
81 82
82 83
83 84
84 85
85 86
86 87
87 88
88 89
89 90
90 91
91 92
92 93
93 94
94 95
95 96
96 97
97 98
98 99
99 100
8 101
101 102
102 103
103 104
104 105
105 106
106 107
107 108
108 109
45 110
110 111
111 112
112 113
113 114
114 115
30 116
116 117
117 118
118 119
119 120
120 121
34 122
122 123
123 124
124 125
125 126
126 127
127 128
128 129
129 130
46 131
131 132
132 133
133 134
134 135
135 136
11 137
137 138
138 139
139 140
25 141
141 142
142 143
143 144
144 145
145 146
146 147
147 148
11 149
149 150
150 151
151 152
152 153
153 154
154 155
155 156
156 157
157 158
55 159
159 160
160 161
