183 176
62 152
122 64
164 84
142 18
66 45
14 155
111 72
58 167
40 98
163 53
136 46
175 82
90 177
154 77
8 149
63 83
20 72
81 161
126 76
69 160
110 126
11 153
23 85
150 157
47 95
56 142
119 136
44 162
3 16
83 116
49 133
128 158
152 5
81 16
149 97
169 149
120 179
174 49
35 132
86 119
64 154
10 34
153 157
60 154
96 108
173 60
154 59
59 101
72 171
113 122
106 75
28 137
155 21
56 53
17 49
96 143
23 149
137 174
149 56
62 17
15 3
160 179
74 31
151 25
106 24
38 101
144 176
140 176
60 159
36 118
82 52
16 88
30 153
129 178
123 113
183 59
110 78
109 8
64 178
62 143
37 132
160 51
160 102
81 73
50 33
131 136
114 157
16 22
73 100
91 119
125 97
87 36
177 148
112 73
62 136
122 13
71 120
106 4
133 61
29 103
19 128
110 147
105 46
134 111
134 12
177 44
36 158
68 80
11 8
146 107
26 107
51 141
71 47
155 51
66 181
44 149
127 52
81 32
143 102
64 75
119 25
102 97
172 45
60 39
166 175
51 103
1 74
107 147
93 41
41 42
88 65
51 10
156 75
175 161
40 135
138 159
130 8
84 157
54 102
124 74
94 33
43 101
176 181
158 6
143 181
92 103
128 67
50 55
99 130
50 181
82 27
75 160
124 156
167 152
179 42
73 102
132 51
50 170
63 168
75 9
156 135
57 158
89 55
70 54
79 110
7 182
44 121
147 104
7 131
154 115
159 145
180 101
72 87
160 147
139 135
148 68
117 106
72 102
2 60
160 116
143 165
39 48
170 58
64 77
23 5
71 6
126 23
101 22
109 151
63 60
52 126
104 125
108 79
175 4
75 110
86 83
143 61
99 14
142 16
130 120
168 137
82 145
59 166
115 153
106 36
27 114
30 167
117 18
75 56
11 33
102 77
142 125
112 103
148 137
41 35
124 175
21 154
84 10
57 138
167 80
129 98
152 118
124 7
150 165
41 81
172 27
71 46
87 149
22 104
97 72
51 160
25 151
34 88
50 16
79 2
87 51
42 53
151 66
124 127
9 96
107 38
155 1
69 42
67 94
61 14
43 91
139 132
128 156
102 73
84 62
65 93
36 148
8 90
68 15
140 82
49 143
103 160
52 159
155 28
92 31
121 113
4 45
127 10
15 162
68 171
157 17
109 113
38 105
129 99
158 62
144 74
144 3
50 13
172 67
136 9
134 88
70 3
96 131
116 168
20 28
83 61
133 2
157 7
78 118
119 90
153 80
131 170
141 167
120 70
135 165
138 19
110 115
21 147
33 85
35 1
81 58
8 44
100 54
97 47
150 117
55 39
159 145
122 85
42 166
105 134
144 136
56 128
3 112
161 39
53 73
29 26
98 40
132 112
30 133
92 65
174 66
19 12
169 146
164 26
111 78
57 17
161 45
106 44
60 13
76 173
37 114
159 54
101 32
94 155
48 37
123 140
176 40
55 25
119 171
86 5
141 111
31 43
89 53
163 122
90 147
69 54
49 47
116 12
107 24
165 63
173 24
6 32
108 174
152 93
74 169
154 163
76 57
95 59
87 89
18 91
48 29
162 99
