153 161
30 134
55 32
141 128
39 42
32 41
60 22
142 43
118 109
99 7
67 86
129 12
89 87
111 106
36 17
52 6
5 40
50 136
20 68
138 107
26 137
110 75
77 27
133 46
93 31
117 59
45 51
103 45
132 15
146 44
14 94
129 93
153 78
79 25
95 121
149 95
46 145
35 60
24 13
55 85
24 58
58 25
140 135
101 88
21 96
56 72
145 76
63 78
87 61
152 56
62 136
74 142
27 148
2 91
106 140
144 102
119 66
83 138
38 50
21 115
85 54
31 75
121 64
38 66
65 108
124 120
100 57
1 80
6 57
112 19
114 40
69 17
98 37
151 49
49 134
72 26
92 15
151 147
48 81
23 70
63 124
133 123
132 29
88 1
122 76
104 52
47 11
97 149
152 8
79 110
18 113
33 61
28 44
14 117
7 82
84 74
123 73
20 137
96 135
126 23
80 147
65 36
105 112
8 116
114 70
62 141
97 13
105 127
16 82
118 102
146 111
48 53
68 51
10 19
94 9
139 81
3 116
16 125
12 83
29 150
67 120
107 108
64 104
98 144
122 153
125 139
28 101
77 113
130 131
99 33
54 9
34 3
119 43
91 126
53 30
90 18
115 143
4 127
92 2
130 34
148 4
35 86
84 42
11 89
109 41
73 128
150 131
69 90
5 71
59 10
103 143
22 100
71 37
99 38
38 137
38 58
38 48
101 38
38 61
38 159
38 26
38 74
144 38
38 155
55 38
38 24
38 116
38 39
38 56
38 88
38 46
38 100
148 38
38 77
15 38
51 38
45 38
38 150
84 38
38 115
25 38
38 36
38 69
14 38
103 38
76 38
124 38
38 30
147 38
35 38
38 83
38 70
93 38
38 64
16 38
87 38
38 7
108 38
38 86
38 47
38 72
40 38
17 38
6 38
38 146
109 38
53 38
38 92
127 38
38 49
66 38
139 38
38 67
134 38
38 107
22 38
12 38
38 151
38 32
89 38
38 125
143 38
38 42
38 44
38 129
38 85
38 27
62 38
97 38
10 38
161 38
114 38
38 19
38 123
38 153
18 38
138 38
38 152
38 158
38 140
80 38
38 33
38 13
38 135
38 156
38 111
60 38
160 38
38 75
38 28
38 81
38 104
38 43
38 126
149 38
132 38
38 2
38 130
78 38
63 38
41 38
38 79
52 38
65 38
38 119
8 38
38 117
38 59
38 9
133 38
38 131
38 54
82 38
38 37
38 105
38 141
38 110
121 38
23 38
21 38
38 154
29 38
38 106
98 38
128 38
71 38
38 102
1 38
38 68
11 38
95 38
38 113
38 4
122 38
38 136
112 38
57 38
38 120
3 38
38 145
38 118
38 91
38 31
38 5
38 157
142 38
94 38
38 34
50 38
20 38
38 90
73 38
38 96
