187 184
178 5
144 34
128 142
105 185
74 161
182 44
155 151
69 110
186 97
18 177
99 109
17 180
67 70
57 82
40 96
186 78
104 141
132 49
85 123
125 143
113 114
64 22
183 90
106 129
119 33
121 61
156 75
42 128
4 98
100 159
77 173
9 141
149 184
88 59
58 15
20 179
94 105
52 137
94 166
12 124
43 120
163 62
180 13
148 151
56 44
122 12
37 157
134 170
83 155
99 55
18 58
179 125
168 104
60 74
34 39
101 27
28 80
91 79
162 14
139 95
116 120
1 45
29 98
158 96
81 165
36 150
167 154
131 55
157 106
136 149
93 124
160 76
92 89
150 154
56 50
161 66
84 51
110 1
50 32
181 171
48 148
29 132
24 91
129 78
152 127
89 112
79 166
29 23
130 87
111 52
139 7
66 164
107 21
169 126
144 111
21 115
153 71
162 168
130 93
181 99
118 100
185 23
131 3
135 10
117 182
7 109
175 70
97 38
86 64
178 9
20 8
121 146
27 102
116 2
156 28
163 176
15 6
67 76
177 22
140 81
14 61
174 134
162 46
46 54
142 20
49 164
30 69
110 87
36 118
115 4
172 103
137 169
62 35
160 158
2 136
101 13
176 150
40 32
112 22
45 73
165 103
65 187
85 172
63 65
95 71
61 103
114 68
16 92
147 31
95 38
113 17
16 72
10 77
3 80
131 25
51 88
39 153
122 167
47 96
8 60
73 42
90 16
63 119
145 26
133 82
138 30
145 90
54 126
90 170
48 140
135 107
75 41
57 6
84 159
19 102
147 143
175 43
25 127
183 187
131 86
59 108
68 24
47 35
140 184
5 11
146 53
1 2
2 3
3 4
4 5
5 6
6 7
7 8
8 9
9 10
10 11
11 12
12 13
13 14
14 15
15 16
16 17
17 18
18 19
19 20
20 21
21 22
22 23
23 24
24 25
25 26
26 27
27 28
28 29
29 30
30 31
31 32
32 33
33 34
34 35
35 36
36 37
37 38
38 39
39 40
40 41
41 42
42 43
43 44
44 45
45 46
46 47
47 48
48 49
49 50
50 51
51 52
52 53
53 54
54 55
55 56
56 57
57 58
58 59
59 60
60 61
61 62
62 63
63 64
64 65
65 66
66 67
67 68
68 69
69 70
70 71
71 72
72 73
73 74
74 75
75 76
76 77
77 78
78 79
79 80
80 81
81 82
82 83
83 84
84 85
85 86
86 87
87 88
88 89
89 90
90 91
91 92
92 93
93 94
94 95
95 96
96 97
97 98
98 99
99 100
30 101
101 102
102 103
34 104
104 105
105 106
106 107
107 108
108 109
109 110
110 111
19 112
112 113
113 114
114 115
115 116
116 117
69 118
118 119
119 120
120 121
121 122
122 123
123 124
60 125
125 126
59 127
127 128
128 129
129 130
130 131
131 132
132 133
133 134
134 135
135 136
38 137
137 138
138 139
139 140
140 141
141 142
142 143
68 144
144 145
145 146
146 147
147 148
69 149
149 150
150 151
151 152
152 153
153 154
71 155
155 156
156 157
28 158
158 159
159 160
160 161
161 162
162 163
163 164
164 165
165 166
166 167
50 168
168 169
169 170
170 171
171 172
172 173
173 174
174 175
99 176
12 177
177 178
178 179
86 180
180 181
181 182
182 183
183 184
