178 161
90 76
77 90
147 90
70 90
169 90
90 48
8 90
45 90
90 126
90 106
90 119
90 131
90 75
56 90
90 130
85 90
90 28
29 90
90 24
113 90
90 118
90 5
90 21
90 60
47 90
97 90
145 90
140 90
90 176
90 170
90 9
160 90
124 90
90 80
90 98
109 90
90 128
90 51
90 99
39 90
112 90
178 90
152 90
104 90
108 90
27 90
42 90
135 90
90 4
44 90
37 90
164 90
90 116
90 50
120 90
90 6
90 67
162 90
174 90
172 90
26 90
154 90
90 61
83 90
87 90
90 167
66 90
90 81
31 90
136 90
114 90
90 10
90 18
90 3
90 89
90 30
90 32
90 137
90 74
90 46
90 156
155 90
90 175
121 90
90 16
93 90
110 90
100 90
90 115
90 111
90 57
14 90
90 84
103 90
20 90
102 90
151 90
90 72
90 11
62 90
139 90
177 90
90 86
90 71
90 91
82 90
22 90
15 90
107 90
90 129
7 90
90 159
58 90
90 69
144 90
90 1
90 165
90 138
142 90
95 90
73 90
117 90
90 2
90 168
64 90
49 90
90 40
148 90
133 90
17 90
90 134
90 68
122 90
153 90
90 146
52 90
161 90
141 90
90 78
90 54
90 150
171 90
90 88
13 90
90 92
163 90
90 158
23 90
149 90
25 90
36 90
90 59
101 90
90 41
90 55
90 132
79 90
90 127
90 53
125 90
90 143
105 90
123 90
33 90
166 90
90 38
90 19
90 157
90 65
90 63
90 173
90 35
96 90
90 94
43 90
34 90
12 90
107 11
134 1
98 51
46 97
115 153
6 115
127 53
35 115
43 57
135 48
115 42
115 21
96 44
75 121
158 151
159 69
59 40
108 105
115 152
98 113
42 30
150 50
149 59
155 55
39 12
32 144
115 136
43 87
26 36
116 83
91 61
3 95
41 49
39 111
93 1
88 115
71 77
102 36
97 61
149 133
13 84
6 89
104 147
3 86
58 124
91 17
105 80
64 78
108 123
134 70
76 90
146 33
4 145
145 115
117 85
27 115
45 160
124 23
75 23
81 116
13 35
110 28
157 99
115 20
14 44
16 143
154 115
142 110
159 136
146 147
107 117
18 90
10 114
5 62
157 50
34 73
26 101
29 119
93 129
18 103
11 144
89 47
115 148
63 128
115 141
74 67
5 76
52 8
120 25
109 8
139 109
70 119
127 51
106 65
153 92
94 78
112 140
102 115
37 77
130 15
130 112
19 17
99 47
152 160
71 158
53 88
139 73
62 56
65 125
123 122
19 38
68 21
87 45
34 111
79 68
29 82
131 7
30 82
55 148
24 80
54 79
63 126
64 60
31 4
125 92
121 2
114 96
138 2
126 94
113 120
16 22
66 118
48 25
137 74
95 150
9 81
67 142
131 161
54 24
140 101
72 9
69 138
143 85
106 10
132 141
37 31
154 46
22 20
83 161
33 28
15 49
100 38
132 72
66 151
104 115
156 100
57 133
103 155
84 128
52 27
