100 198
36 20
36 38
24 36
86 36
36 75
27 36
41 36
30 36
36 26
36 70
87 36
61 36
40 36
56 36
92 36
35 36
36 74
36 97
36 69
72 36
17 36
36 96
52 36
10 36
57 36
43 36
81 36
7 36
33 36
36 34
36 16
79 36
5 36
14 36
36 47
12 36
36 84
36 11
46 36
36 82
36 8
36 53
76 36
100 36
62 36
31 36
36 4
36 65
36 73
29 36
9 36
36 42
1 36
36 2
36 88
36 13
59 36
36 45
36 49
36 93
36 6
18 36
36 37
36 32
3 36
22 36
68 36
19 36
80 36
36 15
36 44
58 36
36 25
36 78
36 28
36 94
83 36
48 36
36 67
89 36
36 85
36 66
36 99
64 36
36 60
36 95
36 23
55 36
36 90
36 39
36 51
71 36
36 98
50 36
36 91
21 36
54 36
36 77
63 36
1 2
2 3
3 4
4 5
5 6
6 7
7 8
8 9
9 10
10 11
11 12
12 13
13 14
14 15
15 16
16 17
17 18
18 19
19 20
20 21
21 22
22 23
23 24
24 25
25 26
26 27
27 28
28 29
29 30
30 31
31 32
32 33
33 34
34 35
35 36
36 37
37 38
38 39
39 40
40 41
41 42
42 43
43 44
44 45
45 46
46 47
47 48
48 49
49 50
50 51
51 52
52 53
53 54
54 55
55 56
56 57
57 58
58 59
59 60
60 61
61 62
62 63
63 64
64 65
65 66
66 67
67 68
68 69
69 70
70 71
71 72
72 73
73 74
74 75
75 76
76 77
77 78
78 79
79 80
80 81
81 82
82 83
83 84
84 85
85 86
86 87
87 88
88 89
89 90
90 91
91 92
92 93
93 94
94 95
95 96
96 97
97 98
98 99
99 100
55 101
101 102
102 103
103 104
104 105
105 106
106 107
14 108
108 109
109 110
110 111
96 112
112 113
99 114
114 115
115 116
116 117
18 118
38 119
119 120
120 121
121 122
122 123
123 124
124 125
92 126
126 127
127 128
128 129
129 130
130 131
131 132
132 133
133 134
23 135
135 136
136 137
137 138
138 139
139 140
140 141
38 142
142 143
143 144
144 145
26 146
146 147
147 148
148 149
149 150
150 151
151 152
78 153
153 154
154 155
75 156
156 157
157 158
91 159
159 160
19 161
161 162
162 163
163 164
164 165
165 166
166 167
167 168
168 169
169 170
28 171
171 172
172 173
173 174
174 175
175 176
176 177
177 178
178 179
179 180
53 181
181 182
182 183
183 184
184 185
185 186
64 187
187 188
188 189
189 190
190 191
191 192
192 193
193 194
3 195
195 196
196 197
41 198
