101 106
31 72
39 31
35 31
31 45
64 31
71 31
60 31
70 31
79 31
31 87
31 34
40 31
42 31
85 31
31 36
31 30
31 48
29 31
31 99
31 92
88 31
97 31
84 31
31 90
31 76
55 31
67 31
15 31
26 31
31 21
94 31
47 31
14 31
22 31
58 31
31 100
50 31
12 31
66 31
31 32
31 8
96 31
31 89
81 31
82 31
17 31
31 57
16 31
31 46
31 11
5 31
31 4
75 31
68 31
3 31
31 37
31 53
31 19
31 6
9 31
31 69
86 31
93 31
31 83
74 31
44 31
31 27
33 31
1 31
49 31
61 31
2 31
31 10
31 56
31 77
31 54
62 31
25 31
52 31
18 31
31 51
91 31
20 31
28 31
38 31
31 7
73 31
24 31
63 31
31 95
31 98
31 101
31 59
31 65
23 31
43 31
41 31
31 80
78 31
31 13
72 78
19 77
30 62
6 96
70 16
26 20
29 86
57 3
18 30
48 105
84 6
20 40
46 30
49 8
30 84
5 106
32 37
30 93
50 30
30 92
54 29
76 12
3 99
57 34
85 67
72 27
12 71
11 102
88 79
30 60
53 16
55 42
30 74
13 43
28 30
95 30
17 2
65 30
82 101
36 1
100 96
81 10
18 21
55 31
42 63
15 97
75 83
48 24
49 62
89 61
41 97
15 21
54 30
9 83
30 52
22 80
22 14
64 81
23 74
87 23
24 104
25 99
35 100
58 82
7 4
28 36
86 2
90 87
85 73
66 60
30 71
61 8
39 19
75 88
46 80
30 9
30 59
30 44
56 94
53 38
30 4
26 59
73 68
69 90
103 14
102 30
30 34
78 95
98 13
56 1
47 40
33 27
39 66
65 104
92 70
63 52
45 64
51 44
91 11
5 76
10 50
7 43
32 91
51 58
67 93
