189 122
68 177
50 130
89 66
137 56
99 134
23 77
189 165
129 92
115 166
188 40
58 144
40 33
114 90
69 53
86 7
3 164
107 86
143 134
144 121
18 29
188 23
77 71
46 108
123 156
130 180
66 186
2 67
13 98
161 135
165 132
23 36
158 121
175 30
144 87
45 60
95 118
150 44
120 116
31 35
105 43
35 39
167 73
16 129
133 99
69 174
126 72
153 187
138 100
138 165
185 66
177 130
125 148
35 105
34 97
151 22
69 2
171 148
113 14
94 176
147 117
93 11
131 153
66 121
82 47
38 96
186 187
181 107
56 26
140 139
85 17
122 71
186 173
121 57
2 47
28 121
86 161
60 9
80 73
24 170
84 107
178 93
188 52
116 6
63 85
157 41
95 188
155 52
154 66
32 11
66 77
99 164
164 12
107 128
59 84
74 84
56 30
76 66
24 4
46 69
26 179
91 39
99 54
119 126
92 161
17 40
126 169
16 88
161 142
101 6
62 29
115 183
158 73
25 103
64 44
157 152
83 52
141 47
149 175
55 21
134 65
144 163
164 184
133 162
40 18
3 38
107 14
18 81
28 42
124 115
27 128
107 23
133 64
111 164
102 130
79 14
37 61
162 34
85 168
140 166
15 59
92 114
189 21
112 127
119 144
10 177
2 86
75 65
132 66
92 48
112 116
8 92
171 12
25 36
104 28
1 90
24 99
134 116
136 157
65 32
160 161
172 13
13 189
106 66
142 37
107 134
175 105
86 147
19 181
68 182
5 56
49 86
106 22
176 66
188 166
109 87
32 110
159 164
65 70
132 145
157 26
102 107
107 56
99 51
82 146
161 78
21 9
86 20
46 156
2 69
80 45
73 29
52 94
19 59
70 71
26 57
57 17
108 73
85 35
108 106
71 65
29 102
3 88
36 12
33 61
40 65
75 115
15 27
4 34
63 78
1 80
108 83
108 60
18 53
98 75
86 68
46 114
76 45
28 63
99 83
13 108
52 95
21 64
5 116
48 31
89 108
12 112
88 117
24 63
29 107
8 53
12 69
82 34
71 118
90 82
75 57
76 91
74 117
81 52
22 88
100 20
120 32
87 21
73 11
21 26
97 52
88 29
50 40
97 116
111 78
25 112
1 31
98 85
101 40
26 119
73 65
6 73
81 89
110 117
108 9
79 100
122 104
86 58
68 83
109 27
103 107
42 52
113 11
119 43
23 34
106 12
12 38
10 7
63 62
41 1
18 45
28 10
80 99
94 54
82 93
31 32
17 33
94 16
63 12
30 71
10 100
84 39
68 66
72 70
119 80
83 55
105 119
106 114
39 1
53 96
68 59
114 14
44 65
2 92
77 110
20 47
4 106
49 76
119 67
51 48
121 38
37 80
15 34
112 104
91 56
