171 181
3 1
72 158
98 66
163 147
135 20
43 99
92 15
122 16
80 169
13 102
81 52
118 25
16 136
85 96
35 78
136 46
30 158
81 65
35 142
35 113
60 123
63 154
97 160
40 78
8 127
68 148
144 18
91 24
26 34
50 48
106 49
15 44
73 157
48 40
155 12
132 140
35 61
117 82
109 142
170 103
164 7
35 53
85 134
107 35
76 123
76 153
87 169
51 37
35 25
149 19
6 166
165 102
23 50
162 18
57 114
6 35
106 10
163 168
140 128
130 111
35 21
35 12
153 69
152 2
167 77
121 101
104 105
126 54
3 164
105 146
103 84
122 56
41 74
129 150
73 89
36 30
21 99
43 145
165 160
83 28
121 143
139 112
171 71
35 31
120 98
65 53
83 11
152 155
96 51
124 77
35 161
167 42
33 79
35 97
131 5
59 27
35 143
35 46
137 166
35 133
89 75
101 148
104 8
39 19
131 133
58 159
110 35
38 28
128 14
22 116
161 14
17 52
39 93
35 63
70 95
125 145
47 114
154 33
70 49
138 20
107 159
66 139
109 24
35 10
110 100
35 129
45 79
141 35
62 55
71 35
59 137
91 67
119 88
9 171
34 156
35 124
35 7
36 94
4 2
61 38
116 135
9 54
108 113
108 26
35 94
35 22
157 115
118 144
47 150
120 35
87 35
86 168
35 69
64 35
141 32
75 35
82 58
80 130
29 1
32 44
146 35
31 147
74 88
84 100
151 42
64 149
35 90
37 35
5 55
41 90
18 9
9 62
15 79
5 112
146 152
15 7
173 161
176 123
15 96
49 15
153 95
68 15
48 15
151 102
97 103
86 155
15 100
148 118
22 15
34 82
15 142
15 32
73 8
137 42
99 32
89 178
122 149
111 84
73 113
60 16
165 174
70 110
132 124
54 52
58 44
137 105
71 84
76 25
74 15
154 174
100 13
120 75
99 110
92 67
95 166
163 170
36 14
51 34
15 135
80 69
15 168
129 56
151 74
85 2
79 63
97 27
108 131
55 15
35 102
45 33
128 15
15 29
128 125
66 4
11 49
15 124
26 28
153 179
81 21
140 115
24 169
160 28
15 24
129 89
21 46
143 45
131 130
125 18
29 123
132 148
105 94
78 171
6 172
54 15
139 156
159 152
15 90
162 31
8 101
119 75
61 160
15 47
179 20
77 156
83 177
67 15
71 30
169 16
11 39
158 46
60 157
144 93
177 1
127 87
158 104
63 36
103 13
109 142
166 15
114 40
120 15
52 130
72 114
43 117
101 7
17 76
170 109
19 53
2 133
115 23
88 15
134 44
64 145
6 38
106 167
3 37
150 165
19 15
70 65
88 150
77 48
78 141
10 83
37 119
91 163
164 5
33 53
47 117
15 167
59 112
92 57
58 181
55 121
25 138
133 15
15 104
155 176
98 40
15 61
35 12
15 145
161 23
116 90
180 26
178 15
15 126
80 39
116 172
59 68
136 56
134 22
57 127
135 10
64 82
126 42
111 15
159 106
4 43
93 85
138 175
149 31
139 50
147 14
175 15
72 168
41 30
96 162
141 121
118 107
15 173
