125 139
1 2
1 3
2 4
3 5
3 6
2 7
7 8
7 9
1 10
1 11
7 12
9 13
8 14
3 15
4 16
11 17
14 18
7 19
16 20
3 21
19 22
12 23
2 24
1 25
1 26
21 27
23 28
15 29
11 30
29 31
10 32
17 33
2 34
21 35
28 36
24 37
12 38
2 39
22 40
40 41
8 42
20 43
25 44
3 45
16 46
21 47
17 48
24 49
44 50
48 51
24 52
20 53
14 54
29 55
22 56
25 57
43 58
33 59
20 60
12 61
47 62
25 63
13 64
53 65
46 66
47 67
29 68
24 69
42 70
25 71
3 72
44 73
50 74
46 75
52 76
32 77
9 78
65 79
31 80
26 81
31 82
1 83
82 84
71 85
30 86
45 87
65 88
18 89
67 90
54 91
3 92
33 93
82 94
83 95
59 96
5 97
61 98
11 99
47 100
3 101
1 102
37 103
58 104
70 105
104 106
11 107
91 108
48 109
58 110
5 111
39 112
48 113
44 114
11 115
112 116
23 117
25 118
115 119
98 120
25 121
95 122
26 123
103 124
63 125
58 42
90 78
90 57
40 52
41 80
107 98
99 9
97 118
49 14
51 17
53 81
96 43
70 26
114 1
60 109
95 97
79 102
117 67
130 40
98 61
73 84
88 23
136 91
138 113
133 50
103 76
86 103
4 32
100 112
37 6
123 24
128 135
71 31
94 30
15 83
119 17
124 27
63 101
21 29
33 46
45 28
116 51
59 82
7 4
10 72
28 136
25 71
65 99
3 84
41 33
134 72
20 93
115 68
46 73
34 96
66 89
108 83
122 63
3 19
77 22
102 24
135 27
39 129
130 94
56 109
101 115
48 49
132 124
89 110
19 85
106 100
20 88
92 74
47 16
121 120
131 64
11 13
110 22
50 57
106 114
74 78
30 39
133 105
111 81
62 93
15 127
44 7
23 1
35 137
118 61
127 82
52 125
59 87
107 43
67 34
137 44
35 64
91 138
69 108
10 86
47 2
75 55
128 13
6 58
38 139
11 8
111 65
53 38
132 95
62 131
125 26
129 139
18 32
54 18
70 54
69 76
105 66
2 126
12 117
55 92
48 104
80 16
56 79
87 122
126 8
120 31
112 12
123 5
5 77
36 42
29 113
37 60
45 25
36 134
119 14
104 75
21 116
121 9
