181 146
10 129
114 7
136 179
32 101
123 12
40 159
34 164
111 16
64 112
152 169
84 103
90 24
48 91
132 29
61 21
6 175
167 43
135 55
124 151
87 73
113 80
150 123
58 3
155 118
66 138
39 99
168 156
27 20
127 25
74 179
24 163
121 93
161 1
162 127
174 166
149 67
25 51
147 46
93 158
106 69
72 130
9 178
22 28
40 18
133 160
41 153
84 32
82 170
64 31
139 130
117 57
75 141
49 44
73 126
143 126
52 94
3 18
134 72
51 45
66 160
26 49
5 144
125 103
71 29
60 28
177 36
76 119
135 166
17 5
54 16
17 8
152 78
20 122
120 77
108 52
89 100
65 63
106 78
30 145
36 148
109 165
26 100
113 181
9 22
38 173
95 23
154 42
142 96
173 8
159 97
132 85
85 144
98 50
35 154
171 169
56 65
88 174
46 67
81 47
41 180
63 158
171 1
104 165
86 83
157 2
108 164
131 138
156 161
172 14
146 70
27 37
13 15
13 58
57 21
92 34
91 60
110 107
82 4
177 155
19 38
112 80
105 23
97 137
168 107
59 136
50 11
172 109
153 12
83 33
114 42
70 145
30 140
59 19
178 147
142 68
94 39
167 79
143 115
140 118
95 110
62 4
55 53
79 176
61 37
150 56
35 176
89 86
96 44
15 115
129 31
125 98
116 75
47 14
102 99
74 121
71 62
162 181
87 77
54 53
81 116
134 149
139 2
141 122
137 128
163 43
105 128
76 101
92 90
11 10
175 88
120 133
6 148
117 48
146 69
102 151
180 124
131 104
7 119
111 68
157 45
45 80
108 37
31 11
120 9
90 6
29 5
45 103
130 45
28 143
124 85
81 107
48 45
89 127
69 16
26 90
121 64
45 54
62 13
105 85
103 133
44 61
137 57
99 100
138 102
76 12
94 116
55 45
76 135
136 45
48 52
1 95
33 45
18 111
96 66
91 145
10 66
145 113
130 105
134 89
97 43
124 86
93 77
5 32
136 73
65 81
143 17
139 45
104 45
92 45
68 106
49 98
20 115
60 122
45 67
125 73
23 78
142 19
45 106
16 140
57 42
45 27
22 74
88 20
45 11
30 43
39 88
45 129
91 50
51 39
47 72
123 52
23 83
109 59
110 122
112 35
79 24
119 97
21 25
37 96
30 129
3 18
82 9
84 35
45 146
133 132
98 123
45 59
127 144
74 79
2 41
36 126
82 117
118 46
45 21
38 44
139 4
61 25
45 51
108 45
56 121
47 128
41 71
111 87
58 71
75 29
45 93
140 45
45 141
69 62
141 144
34 15
100 142
109 112
120 33
72 14
19 54
17 7
26 46
114 34
101 42
45 6
8 75
53 67
63 14
28 92
68 135
27 70
125 102
45 40
63 45
45 8
132 116
126 1
64 77
2 55
131 36
40 24
31 114
80 87
4 78
45 131
113 104
110 70
101 146
53 107
