111 131
107 85
37 99
48 63
3 72
15 31
55 89
44 57
84 12
28 106
19 30
88 45
31 53
52 12
68 28
10 24
8 7
46 83
94 20
13 97
105 85
11 32
11 41
10 4
50 86
82 52
52 30
110 74
18 96
45 76
54 103
77 61
66 35
74 20
40 44
75 102
47 70
26 66
88 9
24 65
78 108
90 14
107 38
91 94
39 1
67 102
83 110
93 53
16 7
56 73
61 101
21 64
79 95
64 60
99 17
51 60
68 14
43 5
16 91
52 100
32 109
19 6
33 35
62 67
106 43
42 89
27 104
98 33
87 111
23 1
52 77
40 36
79 86
104 103
52 109
22 25
29 49
105 69
59 54
18 34
96 72
13 84
2 97
59 2
26 48
37 78
52 23
81 71
21 52
9 58
49 52
51 95
52 3
50 22
92 55
4 80
76 82
57 75
100 108
56 111
15 47
65 71
70 41
29 62
46 52
17 92
80 101
39 5
98 6
34 38
73 58
85 124
2 83
88 118
117 33
49 42
73 55
126 124
33 4
87 99
9 11
124 78
10 22
27 120
15 131
123 124
52 92
125 70
63 114
14 78
115 28
44 29
127 95
1 25
82 65
53 97
59 36
90 8
53 74
54 46
65 124
79 27
63 79
76 109
66 85
23 39
124 37
119 64
17 70
26 77
50 34
97 7
84 106
130 100
125 64
39 49
31 58
113 102
124 121
28 81
41 75
104 4
60 106
69 129
36 8
43 13
105 37
68 57
83 86
80 110
56 26
19 15
12 122
43 84
124 47
130 75
29 131
92 21
128 62
52 126
61 122
54 111
40 7
113 76
45 90
12 66
89 93
73 86
35 51
25 38
69 18
118 99
20 34
121 107
128 67
98 20
42 10
18 11
16 71
32 88
59 30
123 103
38 120
112 124
114 82
93 14
91 127
101 110
81 56
89 77
58 71
51 111
117 9
6 96
124 31
48 23
62 68
98 109
116 5
100 91
24 55
116 72
95 3
72 60
47 129
16 30
124 35
94 22
61 40
105 13
112 101
96 124
32 19
80 67
107 50
21 2
57 108
6 41
103 48
124 87
46 119
