159 101
52 6
79 94
113 89
49 143
41 15
90 130
45 13
117 129
1 142
30 64
137 148
82 115
146 132
74 136
70 65
35 98
124 25
12 34
136 118
156 129
106 80
50 154
18 29
94 81
9 56
76 20
85 86
33 41
27 102
50 11
148 109
117 19
131 65
51 105
71 16
79 47
73 120
60 146
122 106
151 138
124 92
10 151
33 6
2 58
142 153
52 98
145 141
32 49
135 35
78 37
7 55
83 19
96 152
87 34
14 103
107 81
132 40
5 114
9 119
22 28
62 76
10 140
91 95
32 68
99 37
2 84
154 63
126 51
69 71
45 158
144 54
149 82
70 31
155 140
68 43
12 46
5 11
137 7
53 141
133 112
157 100
88 159
125 55
101 23
107 123
75 130
29 88
153 101
126 93
38 121
23 46
91 24
73 83
131 3
97 114
108 61
30 135
61 40
127 86
147 4
77 8
44 64
104 59
39 80
26 116
31 21
97 128
93 111
66 150
145 74
112 72
152 159
26 77
54 104
139 133
87 42
57 75
99 89
110 119
110 39
103 138
43 128
102 22
67 139
14 63
69 111
120 100
57 3
56 149
95 127
108 48
113 156
28 18
24 122
8 115
66 42
20 105
150 84
72 48
44 36
13 109
17 143
59 155
85 123
17 121
92 158
25 96
62 38
36 144
4 134
90 60
27 58
53 47
21 116
157 125
15 78
147 118
134 1
101 70
36 35
71 56
27 65
94 44
40 90
41 91
6 67
21 30
24 99
51 16
42 75
21 85
89 70
84 38
24 69
47 20
25 87
11 22
15 87
51 53
48 7
32 43
34 25
80 83
97 98
61 100
79 59
48 58
78 62
68 70
58 46
23 82
89 72
41 99
70 78
14 83
93 63
5 77
40 46
88 92
67 70
29 56
98 73
100 74
6 63
62 9
81 2
68 45
71 50
4 7
9 3
30 32
50 61
35 76
54 92
8 39
1 70
1 64
49 29
13 52
88 69
26 34
64 91
79 53
86 17
38 11
3 33
95 15
28 55
12 70
70 52
86 20
44 66
57 76
14 13
90 101
19 31
45 37
4 8
74 65
70 27
82 60
33 43
80 59
19 28
12 66
10 2
26 57
94 42
10 93
37 23
70 95
96 97
18 81
60 84
18 5
75 17
72 96
73 55
