109 141
55 30
61 93
95 67
73 3
5 57
16 36
77 56
89 46
33 44
70 105
98 64
96 89
81 104
100 41
27 97
72 59
24 108
35 94
89 5
48 34
39 72
63 57
53 58
1 40
108 91
15 2
61 44
31 19
88 1
7 36
67 99
20 21
75 5
15 109
50 7
42 76
66 49
97 49
75 106
102 87
10 19
43 29
12 9
12 29
92 54
59 103
6 85
90 73
53 42
43 44
71 25
101 89
30 32
39 45
87 12
70 52
13 77
98 26
35 17
5 71
18 14
50 37
80 7
101 73
86 26
4 58
71 84
15 5
24 62
54 10
38 51
57 54
8 101
62 71
65 85
99 61
36 21
47 23
104 56
44 57
67 34
92 11
76 78
74 97
52 79
89 69
64 88
44 22
56 29
53 57
68 62
48 107
51 106
65 71
24 98
47 24
47 28
73 14
35 29
58 72
32 52
83 49
87 60
62 41
32 12
57 36
24 97
82 103
12 50
99 120
90 47
28 104
25 66
110 89
55 9
36 134
51 54
71 137
112 52
66 82
21 109
117 72
76 51
14 22
5 94
71 38
32 137
71 14
43 71
26 18
132 5
72 38
57 35
118 85
71 93
16 96
98 62
64 123
25 71
3 106
18 41
93 42
8 56
121 87
113 22
129 78
97 91
119 101
136 122
57 37
49 71
125 127
128 11
39 136
71 114
95 31
16 71
39 12
107 114
77 65
126 71
98 20
116 89
108 44
140 32
40 84
71 122
80 71
27 59
135 105
102 79
128 80
2 70
27 64
77 30
111 71
104 112
52 69
71 7
71 129
88 99
58 73
125 119
47 34
60 131
116 78
102 36
113 75
92 46
82 55
105 111
13 30
63 141
90 60
135 95
115 11
132 24
127 71
7 92
130 4
101 19
118 124
42 2
45 33
34 71
141 67
13 71
71 10
67 126
29 37
43 35
53 17
6 115
130 138
108 109
134 23
10 94
33 71
81 21
45 62
103 15
140 58
74 8
26 61
65 139
121 46
83 63
71 69
81 71
133 84
96 4
117 1
53 133
56 103
49 123
70 100
79 71
86 75
71 17
15 71
71 68
91 71
107 124
3 120
97 76
61 68
71 88
1 48
