136 150
115 55
100 70
73 82
135 128
24 89
2 64
73 57
13 108
135 117
3 136
12 133
39 8
32 81
8 91
92 95
86 81
84 111
11 122
38 120
103 3
5 68
124 64
125 78
109 32
59 121
14 122
94 89
114 58
80 19
97 114
37 115
60 43
119 20
109 21
16 44
113 54
134 77
62 112
46 50
2 76
34 23
86 36
92 134
66 26
17 35
63 129
72 107
68 53
98 96
33 116
5 88
70 49
75 105
36 126
123 124
130 34
28 93
90 102
61 96
131 45
7 63
97 79
37 52
48 71
15 104
43 44
108 10
83 69
72 85
41 74
84 99
6 57
76 18
40 65
112 113
14 42
15 46
77 119
12 27
23 33
117 106
132 51
118 91
95 29
65 7
74 78
110 31
129 104
20 55
13 42
56 101
59 69
66 93
54 52
98 82
126 88
30 50
31 107
9 102
19 130
22 75
105 80
101 111
40 58
10 136
87 49
1 47
123 51
120 48
121 45
22 28
16 38
67 11
118 133
9 1
6 67
100 56
127 26
21 27
132 85
4 25
24 25
128 79
87 131
41 53
125 62
60 99
83 17
61 110
35 30
90 94
18 29
71 127
47 103
39 116
93 139
53 89
138 80
136 4
7 119
62 118
101 85
133 70
77 72
95 121
72 5
33 147
129 67
62 52
2 41
9 26
58 24
86 31
124 16
77 63
111 51
78 63
10 134
50 71
47 64
78 57
3 7
37 141
96 82
53 74
23 13
85 17
87 97
24 86
126 17
11 46
104 113
34 83
33 6
115 150
71 42
117 25
128 47
90 56
120 14
73 56
60 93
98 88
138 61
23 22
110 14
134 20
104 149
13 9
63 29
21 15
49 101
48 21
55 31
76 84
19 102
61 52
140 94
55 66
136 8
11 111
82 124
130 54
116 30
116 69
64 68
108 117
135 1
88 107
105 99
49 35
91 38
68 138
149 38
96 89
44 103
108 1
145 79
128 30
132 63
78 120
18 26
57 131
28 35
35 114
95 75
39 27
143 48
118 8
58 142
73 29
143 122
83 127
146 60
41 4
145 137
146 110
27 122
148 133
45 147
148 59
16 66
39 44
119 103
92 43
100 34
59 2
86 84
40 36
127 137
3 129
6 37
140 132
65 28
107 112
69 81
113 74
76 112
119 92
144 15
5 115
32 50
42 130
97 114
99 65
121 79
91 67
106 105
3 109
101 10
125 40
125 141
70 123
19 32
18 75
131 144
133 87
12 139
20 45
94 80
142 46
102 22
43 25
51 130
