176 192
69 137
153 59
69 136
123 29
34 107
44 82
116 91
75 134
5 112
168 22
140 8
167 160
128 22
57 4
157 9
106 73
135 154
168 83
22 62
90 121
44 135
53 147
140 44
116 60
110 75
93 85
160 144
33 75
95 39
100 57
117 37
168 93
6 71
2 106
25 110
167 141
21 92
61 14
169 22
32 52
101 134
160 115
50 84
95 77
134 30
31 118
155 164
96 11
17 168
103 126
16 78
22 55
104 48
2 93
27 106
31 87
99 75
81 130
26 176
164 16
125 42
164 30
15 68
54 80
168 104
156 68
112 152
142 89
53 112
171 30
157 91
55 41
61 51
76 41
88 170
80 71
167 88
94 125
109 43
123 95
23 34
138 131
139 36
160 80
32 16
29 7
172 100
12 138
55 113
113 20
141 36
29 21
64 83
121 46
136 2
46 50
115 63
88 98
171 93
130 31
81 17
112 73
136 127
164 56
24 50
56 133
46 67
70 36
50 116
109 135
46 158
38 174
149 172
166 7
129 135
162 121
146 163
110 61
140 66
169 119
91 49
135 22
111 153
69 175
79 85
116 19
29 172
161 18
35 47
125 134
122 40
143 151
39 132
143 173
38 132
172 143
18 105
35 142
53 65
91 120
150 169
97 72
145 26
125 18
109 10
45 126
59 22
171 34
2 46
72 125
17 29
29 74
171 103
89 176
18 124
135 86
140 148
108 2
17 1
149 122
114 162
164 142
109 96
102 81
155 159
171 13
80 146
167 75
28 126
3 86
103 138
55 68
162 165
58 125
168 37
168 185
140 185
190 185
150 185
76 185
53 185
185 161
185 104
185 33
185 146
28 185
185 26
185 157
154 185
185 148
46 185
185 30
131 185
106 185
185 178
95 185
185 10
185 17
100 185
174 185
107 185
169 185
34 185
185 187
185 114
48 185
185 79
185 44
185 40
162 185
170 185
185 9
185 80
185 11
137 185
167 185
66 185
185 121
185 62
185 177
180 185
185 120
72 185
117 185
185 171
142 185
185 98
185 182
185 71
183 185
87 185
185 12
126 185
123 185
77 185
185 69
185 14
185 38
185 15
18 185
32 185
68 185
185 41
55 185
185 129
119 185
78 185
185 7
185 175
74 185
189 185
185 37
6 185
185 166
27 185
185 99
185 151
54 185
185 35
185 133
138 185
185 141
185 61
185 65
132 185
185 122
96 185
185 116
94 185
111 185
185 165
64 185
185 108
185 188
185 128
29 185
185 23
185 73
102 185
185 57
158 185
185 84
112 185
147 185
109 185
185 75
43 185
185 4
185 83
143 185
185 13
81 185
163 185
185 135
63 185
31 185
127 185
185 159
130 185
89 185
185 172
185 113
185 97
103 185
152 185
67 185
59 185
185 145
185 144
185 1
124 185
185 110
185 25
185 5
185 139
185 19
185 20
125 185
101 185
185 86
185 136
58 185
21 185
185 160
3 185
185 149
45 185
185 49
185 91
185 82
185 192
164 185
39 185
47 185
156 185
185 24
185 70
60 185
185 51
185 56
50 185
8 185
88 185
185 173
92 185
153 185
185 105
155 185
185 191
185 36
179 185
2 185
185 115
22 185
185 176
185 42
185 134
185 85
118 185
93 185
185 52
185 186
181 185
90 185
16 185
184 185
