10
128 128 128 128 0
128 128 128 0 128
128 128 0 128 128
128 0 128 128 128
0 128 128 128 128
0 0 0 0 0
128 128 128 128 128
255 255 255 128 255
255 255 255 0 255
255 255 255 255 255
5
255 255 255 255 127
255 255 255 128 255
255 255 255 255 255
127 128 128 128 128
127 126 126 126 126
10
146 6 139 190 199
233 145 135 253 159
208 163 215 59 254
21 84 183 201 192
103 158 225 207 128
69 50 20 217 245
220 237 248 55 244
183 198 150 31 140
249 57 236 235 159
156 215 46 240 253
10
211 180 224 142 43
193 136 1 149 132
227 156 152 229 123
248 125 131 214 222
232 189 119 137 161
30 218 89 93 92
239 82 167 178 170
180 172 193 39 150
174 171 127 236 164
68 248 229 146 192
10
187 240 128 72 217
164 167 243 213 91
144 221 128 175 89
194 196 195 4 238
54 132 176 142 131
135 0 189 184 164
156 230 209 79 208
43 104 228 213 65
177 144 145 228 67
254 179 236 9 146
10
250 241 185 87 166
112 134 202 244 166
190 250 219 110 205
84 217 96 203 204
251 230 160 180 101
161 164 13 167 191
207 85 224 199 189
209 201 91 163 149
191 92 215 188 145
185 249 247 4 194
50
239 206 234 127 156
227 141 183 13 135
101 36 46 81 172
204 242 141 209 67
134 170 150 48 177
242 85 221 196 167
237 181 192 19 153
243 136 180 47 130
221 253 158 23 160
157 169 242 11 156
130 128 209 69 129
236 252 233 238 122
157 8 186 173 136
138 227 182 28 130
149 53 187 154 210
235 66 142 194 203
235 166 249 212 80
30 197 148 157 164
196 166 249 33 215
197 184 135 76 139
229 227 52 193 130
146 230 227 81 140
204 177 25 157 232
177 242 163 62 152
250 181 97 187 137
194 63 200 102 14
217 30 37 173 145
177 81 56 199 110
119 133 246 132 226
65 183 78 173 61
149 238 170 227 82
200 215 201 165 71
199 131 46 160 252
126 96 196 18 193
214 148 198 253 99
242 141 195 97 158
235 228 143 153 78
224 174 197 79 186
17 164 149 165 130
218 159 160 115 231
139 140 24 161 246
178 149 131 113 152
134 209 7 239 181
180 23 135 214 171
157 186 135 84 216
185 138 245 188 81
85 135 185 84 13
158 151 102 228 161
217 196 216 144 119
85 128 20 134 186
50
59 212 155 182 175
44 211 106 151 87
75 214 236 220 167
201 192 162 142 108
134 189 128 97 166
148 27 173 153 244
75 33 176 84 38
243 115 163 229 220
26 186 195 152 243
111 132 158 129 202
130 152 40 82 245
188 203 254 71 170
134 220 114 165 196
129 201 199 104 188
138 235 69 225 215
122 75 96 135 83
224 198 179 40 134
187 167 200 32 133
188 135 248 251 120
180 160 23 226 225
129 186 181 24 218
181 198 118 179 142
252 173 218 9 164
211 200 87 128 195
249 190 67 160 204
170 243 114 161 199
245 202 186 220 11
236 232 158 24 171
238 224 236 77 176
249 230 168 254 116
243 164 185 119 253
205 149 202 74 164
231 218 204 93 233
128 159 4 154 218
212 27 52 181 251
249 192 253 142 30
126 167 226 158 204
69 227 223 216 218
202 176 170 186 95
244 151 112 242 142
199 16 132 173 212
216 253 151 153 27
168 166 238 85 216
135 90 235 151 132
189 20 209 167 246
63 216 176 218 149
231 218 24 142 242
125 8 246 137 108
108 143 179 131 250
221 217 35 254 242
50
253 170 130 146 27
157 247 252 246 27
151 149 110 135 166
173 218 216 107 133
243 249 195 180 251
173 201 236 253 124
4 245 226 144 238
138 142 187 122 230
78 97 98 87 32
182 188 128 68 247
182 199 253 8 137
206 133 221 97 157
210 105 154 190 213
188 36 138 248 201
163 58 222 229 151
121 221 165 214 233
12 234 102 240 129
215 169 222 21 160
60 237 231 243 238
167 95 227 221 170
190 146 91 129 195
252 223 232 210 108
233 158 117 140 152
238 247 198 193 101
178 168 124 229 139
169 217 142 209 69
206 221 181 94 252
63 206 175 130 155
75 22 81 205 143
149 243 174 184 87
242 176 59 201 203
166 243 177 206 57
148 189 168 162 109
19 241 238 234 131
215 241 116 220 181
179 247 113 196 191
48 179 145 251 193
171 176 139 20 225
242 25 13 188 163
148 195 167 28 149
177 200 14 194 217
215 202 199 108 151
239 236 253 36 184
239 20 185 145 157
204 33 183 162 130
108 180 150 227 184
103 181 149 140 131
180 210 232 216 75
250 193 252 142 26
38 155 194 252 138
50
208 178 54 215 247
57 9 209 11 166
221 254 127 195 143
235 139 232 249 124
144 140 181 246 106
201 144 155 161 60
237 153 169 118 242
140 217 82 240 206
46 187 198 152 132
198 132 71 226 172
162 57 218 153 180
153 17 191 249 224
166 179 97 209 244
133 192 178 156 67
185 142 91 147 153
142 172 117 185 163
56 219 215 233 226
152 166 30 180 198
78 230 218 231 248
191 71 157 199 128
183 214 110 174 157
122 158 244 169 144
194 174 86 246 238
132 247 204 45 219
154 149 44 189 249
146 234 85 209 136
152 215 177 167 102
70 167 132 185 137
178 77 202 144 182
160 138 28 236 228
153 5 167 150 200
249 213 94 203 243
153 174 82 140 235
189 187 254 163 84
187 133 73 132 246
227 204 210 68 226
134 221 29 184 237
163 150 59 160 171
98 128 181 252 132
145 2 203 240 235
195 92 220 194 175
216 162 210 250 64
127 142 195 170 187
253 238 122 161 9
221 204 136 127 236
147 53 183 209 134
153 100 146 173 224
152 200 126 232 65
162 148 232 119 234
239 134 237 206 64
10
142 245 197 113 148
152 123 207 31 18
225 64 241 220 146
189 77 178 201 234
2 169 250 192 147
137 155 138 59 175
90 242 145 171 249
145 233 62 155 170
234 236 128 220 78
87 230 105 118 228
10
151 186 254 107 63
174 166 145 120 198
19 70 159 134 145
29 203 71 9 144
175 79 226 151 133
28 197 144 198 172
190 81 131 145 237
137 140 47 246 203
133 227 209 231 112
250 146 172 116 223
10
159 230 86 180 235
17 130 162 187 202
170 126 158 238 168
31 213 210 173 165
171 39 252 194 136
180 10 159 222 252
248 201 176 93 166
233 253 150 138 20
250 190 188 82 166
94 253 207 229 196
10
134 58 212 160 164
229 252 142 124 136
180 244 189 165 4
249 158 121 211 148
243 205 88 199 186
195 235 162 204 52
243 178 253 64 16
230 57 234 237 165
160 4 213 251 254
218 164 123 254 239
0
