100
5 498
15 198
10 318
15 353
23 68
25 111
39 388
53 281
77 80
88 480
88 339
99 469
96 476
125 391
127 413
126 124
136 384
136 136
137 34
153 417
178 68
185 364
195 434
200 161
204 215
200 106
209 247
218 474
229 171
226 267
239 353
234 78
258 151
261 30
262 191
260 247
274 323
292 307
305 111
317 275
311 368
424 144
438 165
449 456
463 152
468 164
471 300
474 156
481 211
492 12
4 350
19 300
33 130
32 309
41 64
49 83
40 495
54 463
59 88
66 297
72 187
83 137
99 205
103 59
117 170
146 376
160 337
165 200
177 378
190 388
203 366
204 305
223 222
231 223
231 274
242 46
267 155
271 263
273 117
275 239
281 178
296 169
331 324
339 443
339 94
342 309
358 329
356 472
418 180
434 260
447 421
447 325
458 397
463 23
463 438
473 355
474 301
494 303
490 373
497 429
