100
20 447
48 267
45 819
59 207
78 155
89 418
89 452
92 653
106 637
162 671
163 766
173 24
180 988
196 232
203 930
252 625
259 923
272 207
297 949
307 251
313 458
362 778
388 578
469 803
468 235
474 224
487 424
526 803
578 252
597 535
599 256
604 234
614 524
613 591
617 482
610 275
626 645
692 115
704 943
713 706
720 156
759 393
765 440
795 962
827 795
867 789
860 896
883 651
977 348
997 718
17 203
52 868
81 818
91 393
123 48
126 850
183 167
180 153
202 568
222 658
223 623
269 750
271 916
282 12
283 305
296 609
308 437
325 556
337 835
340 389
360 965
387 75
396 497
406 591
458 940
487 274
492 678
508 798
515 550
524 487
534 229
567 692
590 291
603 880
676 111
708 664
706 694
712 868
724 783
752 344
783 686
790 128
814 761
814 274
828 566
877 559
908 982
959 754
961 444
964 270
