1000
9 1713
9 1896
15 1875
24 545
26 21
39 1992
38 1751
31 647
46 741
44 1453
53 964
52 894
51 439
55 924
58 1818
69 900
65 511
77 485
73 231
75 531
89 604
84 1295
86 393
95 953
98 1035
98 1593
93 283
107 256
116 1903
113 1399
112 1102
116 807
127 1491
124 554
128 705
129 1723
138 1872
134 523
139 986
133 1125
145 1491
144 1904
156 1191
154 38
156 1775
165 1308
162 14
168 688
166 624
173 1282
174 734
177 1295
177 575
176 899
182 1813
188 283
180 1719
206 526
212 1208
210 1010
214 224
210 1709
214 1806
221 1059
231 1861
248 1299
253 727
254 1527
264 782
261 513
274 1531
274 1250
284 1532
286 962
282 838
290 919
299 495
294 1163
292 1956
307 1467
314 1701
330 919
333 1190
338 1127
338 1730
334 1617
345 648
352 1074
357 1279
352 675
356 1942
378 1365
378 1143
391 978
393 1810
398 522
395 1816
404 1155
409 838
401 908
415 1697
412 537
412 1717
413 797
433 1464
433 477
432 1728
447 1983
447 624
449 1181
440 261
456 44
453 1632
451 368
464 586
468 1732
474 1782
488 1324
493 326
503 937
506 752
503 1392
516 1252
513 853
519 1977
514 221
511 249
517 1443
520 265
521 130
537 782
532 216
541 347
556 220
550 1152
553 1929
562 332
564 244
576 907
571 285
582 17
587 1403
592 863
595 1001
599 413
605 624
609 1347
613 903
616 947
618 735
616 1400
623 1312
626 1423
627 305
632 61
630 1481
637 318
636 28
636 86
638 1394
642 326
645 620
659 418
654 1357
653 728
651 979
657 1703
670 1002
677 1825
684 1745
695 1991
704 1171
714 1955
715 464
718 478
716 1450
725 441
725 492
729 1696
720 1280
736 1721
736 834
744 1009
745 107
752 784
753 1697
768 283
761 552
761 1149
770 1562
776 1777
789 66
784 1501
789 490
792 1834
791 1367
795 1651
790 756
790 1171
807 165
803 1966
803 1497
815 514
810 1429
813 1394
818 1889
826 186
835 1758
833 307
848 598
844 388
843 553
845 1051
841 1117
852 86
853 237
853 6
865 1055
865 1633
867 536
860 38
863 999
886 171
882 1589
881 848
891 1751
898 1043
890 114
890 731
894 1846
906 1660
907 1749
909 121
903 1618
911 1225
916 1621
924 1692
927 1429
927 1734
923 1708
941 1766
962 1974
964 1461
974 1849
977 1376
985 27
991 599
1003 447
1012 1046
1014 932
1020 47
1020 571
1033 1873
1032 1993
1034 288
1037 216
1034 1222
1042 527
1043 1267
1053 983
1056 507
1055 1666
1068 582
1064 1321
1069 18
1076 1644
1075 68
1074 1727
1078 261
1079 1165
1083 48
1089 213
1081 880
1085 1677
1088 548
1098 820
1109 1748
1100 770
1105 295
1118 655
1118 460
1127 719
1129 1441
1127 1404
1127 1578
1124 455
1134 1727
1131 942
1136 1382
1142 1926
1141 1689
1159 849
1152 1456
1153 1418
1156 1692
1153 504
1159 482
1169 1518
1160 129
1176 908
1177 1674
1173 1474
1171 1956
1185 1779
1196 1646
1200 626
1213 1756
1210 1400
1214 607
1225 74
1223 234
1233 849
1234 192
1239 1125
1245 860
1252 1725
1261 1719
1269 1012
1270 1893
1271 203
1278 433
1287 95
1285 1219
1280 1243
1293 553
1298 1605
1291 1237
1308 1853
1309 949
1316 115
1313 34
1311 622
1323 1646
1330 1166
1336 505
1342 251
1347 497
1341 454
1359 1149
1359 146
1358 574
1365 1509
1367 311
1378 811
1373 115
1372 1658
1373 1240
1370 98
1381 782
1384 1311
1398 571
1396 57
1406 1632
1404 620
1412 397
1414 1279
1428 1266
1436 98
1433 1773
1439 1286
1440 1421
1443 973
1453 1748
1451 912
1465 1001
1462 1309
1466 940
1478 750
1477 855
1486 1330
1488 92
1499 431
1499 732
1495 103
1505 1517
1508 1552
1512 1837
1515 667
1526 189
1527 197
1521 1630
1527 1264
1533 1694
1531 470
1548 1011
1544 402
1544 28
1541 1773
1542 481
1540 1551
1552 456
1554 1663
1558 654
1560 1389
1567 838
1561 503
1567 406
1567 1524
1572 1251
1574 1908
1583 650
1583 1890
1607 1838
1600 1351
1607 1826
1623 1406
1624 1817
1629 1687
1638 1936
1641 1685
1641 199
1643 206
1645 563
1659 89
1657 1945
1656 1983
1659 481
1661 340
1668 575
1664 451
1674 369
1678 1394
1681 1243
1698 909
1705 302
1712 1224
1720 1940
1725 1086
1740 808
1743 700
1751 862
1758 117
1755 293
1753 1452
1753 279
1762 1458
1777 681
1772 1393
1787 1478
1781 1975
1781 28
1781 1762
1790 1863
1804 1350
1810 1855
1812 1716
1815 1582
1819 15
1810 570
1813 358
1817 526
1821 271
1825 1230
1828 1800
1839 1812
1839 1980
1833 1288
1847 269
1845 1489
1848 258
1851 1378
1863 219
1865 1114
1868 1152
1860 825
1861 1705
1867 1492
1877 1404
1879 36
1878 1507
1888 1292
1889 252
1887 1427
1889 443
1895 1938
1903 1435
1913 1772
1910 161
1910 750
1915 1505
1917 116
1924 1195
1939 752
1934 395
1932 1961
1951 975
1959 1234
1950 141
1961 813
1964 839
1961 348
1978 392
1977 1424
1973 952
1978 629
1988 1595
1989 1942
1982 889
1982 1490
1996 64
3 188
9 1401
17 640
10 320
19 411
15 1800
25 837
27 1042
39 1689
34 1723
35 44
38 78
47 1298
47 1057
42 1436
45 366
48 556
58 1822
54 193
54 238
59 200
52 1347
55 751
68 931
69 1533
68 1865
60 1816
67 1973
61 480
73 1966
78 761
77 352
82 834
89 1707
88 1092
91 144
94 1695
98 1579
97 1435
100 856
104 354
118 1370
124 806
137 793
143 1948
140 1983
155 577
152 555
161 716
163 1138
164 1
161 808
187 524
184 69
197 1232
199 580
199 233
202 1165
204 400
215 42
212 750
217 1849
216 214
219 1130
220 1079
224 603
224 1369
230 1372
255 922
259 1893
258 935
259 1213
259 1949
257 1150
262 1754
277 1642
273 875
271 800
281 1092
288 1010
293 583
306 1852
303 1337
302 718
310 922
311 537
318 1047
313 433
326 1627
345 1681
343 1669
349 1475
340 1962
346 322
345 660
347 1741
350 1936
357 93
355 1196
361 532
379 591
375 1921
385 628
380 665
387 1590
393 413
406 1580
406 1701
412 1486
419 957
410 1136
419 1712
431 349
435 646
438 1962
443 1154
444 1439
447 1607
440 1949
445 1712
458 924
466 1776
477 722
473 978
483 1421
480 1604
488 43
495 1788
492 967
491 302
499 1662
505 908
508 52
502 200
514 666
519 380
522 260
527 1050
528 258
539 1589
533 1550
541 1253
549 912
546 1505
549 1467
559 1362
554 1811
550 1401
565 1320
573 212
572 1483
571 1722
572 1175
581 1046
580 618
593 1996
599 17
603 1916
608 706
603 946
619 452
617 1173
612 822
616 539
610 229
623 198
625 1611
633 68
637 340
642 848
643 1708
640 260
657 1167
652 1777
656 202
659 1370
655 1846
661 957
660 1924
665 782
670 192
679 615
682 566
693 122
692 1046
703 105
707 535
704 1247
718 901
719 578
717 1094
712 1934
715 179
728 1291
735 1898
731 1848
750 1538
756 1487
755 876
764 1418
762 1466
766 887
772 986
776 1194
798 1836
799 857
790 1362
795 713
807 1847
802 1776
810 973
819 1587
815 1320
819 1863
823 1800
827 1579
839 810
833 971
839 625
848 702
847 382
857 1061
856 450
854 736
850 1433
851 162
868 1010
869 712
871 1295
886 1701
898 134
894 509
906 1535
907 964
908 1808
904 1108
910 1063
910 598
920 352
938 1310
946 526
947 189
950 1381
952 174
956 1146
956 1
957 196
964 483
972 539
975 1074
981 153
983 1595
981 733
994 841
991 1949
1002 227
1001 865
1007 78
1006 1909
1026 1378
1037 1712
1040 998
1044 1739
1044 1252
1043 1085
1056 1147
1055 1985
1054 145
1055 1482
1051 1801
1059 35
1067 1595
1060 755
1068 1188
1073 759
1070 974
1087 1713
1089 583
1094 453
1094 1909
1095 1281
1095 1476
1102 582
1101 66
1103 403
1105 473
1110 892
1123 1488
1127 34
1130 184
1137 1035
1148 1424
1141 1781
1152 570
1158 368
1152 1146
1152 885
1162 1409
1170 318
1170 457
1192 1244
1193 11
1199 1660
1200 1842
1206 771
1214 1196
1216 744
1217 969
1233 1609
1234 706
1241 1546
1248 1989
1255 462
1256 1516
1254 1347
1256 561
1262 1644
1271 746
1298 535
1292 1429
1291 1688
1317 1318
1310 173
1315 1821
1329 1898
1320 903
1348 1358
1344 1837
1344 610
1346 1702
1350 498
1358 1818
1372 937
1376 1557
1370 556
1388 1268
1382 292
1387 1371
1382 177
1385 551
1394 1389
1395 1988
1398 1700
1395 1621
1394 1263
1392 977
1396 856
1404 668
1409 25
1409 1779
1419 1010
1428 1194
1423 1093
1428 848
1438 1758
1438 1574
1434 1024
1435 112
1442 1740
1447 249
1449 100
1452 1073
1455 226
1450 234
1466 609
1469 1508
1471 787
1475 1331
1477 974
1480 1902
1480 1521
1480 1056
1484 1544
1501 1291
1507 541
1506 751
1517 1641
1515 1950
1512 1381
1520 468
1526 1921
1529 126
1526 1811
1524 373
1533 1431
1535 1494
1541 244
1545 1993
1550 1615
1565 1952
1569 486
1562 1202
1569 545
1564 1494
1575 1766
1573 696
1583 1694
1593 1867
1598 924
1596 703
1609 422
1606 838
1607 738
1602 897
1619 824
1615 1370
1621 1010
1633 1419
1631 1837
1633 1209
1641 290
1653 605
1656 1394
1665 598
1677 1533
1676 602
1674 413
1677 1849
1680 1452
1687 577
1685 329
1690 1467
1693 1824
1699 442
1690 449
1708 299
1701 760
1714 1137
1718 51
1726 893
1721 577
1729 379
1737 1356
1746 546
1741 1219
1743 420
1754 1086
1753 306
1779 293
1778 417
1775 629
1772 505
1775 1747
1788 1905
1786 1826
1788 1078
1793 1576
1808 371
1804 519
1800 165
1800 677
1809 1382
1801 867
1813 1605
1826 346
1829 241
1828 1970
1834 462
1834 243
1833 1176
1830 1412
1848 1276
1846 851
1846 682
1847 919
1847 1596
1854 263
1858 1332
1863 1368
1860 1487
1871 895
1879 1955
1873 370
1879 929
1883 23
1886 1939
1885 381
1881 1042
1889 721
1897 1417
1897 580
1891 668
1919 717
1916 673
1922 1222
1931 1733
1936 700
1930 224
1942 363
1946 838
1953 706
1958 1057
1956 1301
1971 456
1976 1010
1973 619
1995 1406
1997 1268
2000 1164
2000 500
