1000
3 2690
14 2932
34 89
42 1631
44 1752
93 1565
106 3206
108 874
111 4796
118 810
121 2759
142 4145
157 11
167 3141
167 303
167 2104
168 1924
189 403
199 873
219 3790
225 4614
271 4971
277 4508
286 944
281 2333
289 738
304 3375
313 4768
334 2317
336 681
343 928
342 3293
359 3518
361 3251
367 1855
364 1705
371 4432
422 1704
422 664
456 3469
459 4523
457 1176
465 3357
464 624
460 464
496 4542
522 2738
524 3779
528 3596
536 2248
567 393
561 271
588 1151
593 3539
596 732
593 3181
597 1965
622 442
661 3699
695 660
696 1220
692 2737
697 344
717 503
716 4211
724 4291
727 3343
733 169
737 2385
734 4751
758 1120
758 1436
766 2647
788 4407
807 668
815 3553
819 1237
860 847
865 4445
875 1041
883 4914
891 4254
893 1537
912 3015
947 1238
942 4704
960 3596
963 4766
986 4257
981 1573
1025 1905
1030 191
1045 1446
1061 4075
1073 2439
1078 2112
1099 763
1119 388
1127 1095
1135 2541
1177 3502
1187 869
1204 3467
1216 4628
1228 2534
1239 4726
1239 4330
1293 4013
1306 3223
1321 3443
1327 2125
1332 431
1362 1860
1364 4814
1390 1877
1392 953
1401 2914
1417 1515
1420 222
1422 2383
1425 3137
1435 3311
1436 4544
1448 2917
1468 4756
1481 3471
1507 1361
1519 1353
1513 4295
1515 3658
1525 1836
1535 2869
1547 4958
1570 4808
1572 4863
1580 2874
1586 364
1590 2933
1617 3865
1624 2238
1623 4792
1625 106
1646 2854
1649 4749
1656 2915
1671 1615
1675 3179
1679 3658
1684 3422
1693 2272
1708 3895
1721 1455
1732 278
1737 2756
1761 4545
1789 4333
1802 3632
1804 4749
1814 3988
1828 4075
1832 2901
1832 3507
1851 1610
1864 4339
1864 574
1875 3697
1883 2901
1903 2199
1927 4791
1921 4628
1924 2614
1933 366
1968 3792
1975 2593
1973 3581
1981 257
1981 3605
1996 1450
2018 2573
2025 1932
2039 15
2043 4452
2051 3245
2059 3527
2051 2279
2063 4253
2079 2009
2081 4859
2089 1869
2093 435
2108 2302
2104 3641
2105 580
2132 2857
2130 1432
2152 2711
2162 4996
2171 2370
2202 2656
2201 3067
2217 616
2228 1356
2238 3704
2245 209
2258 3449
2273 486
2275 2471
2282 4530
2308 3089
2302 4574
2306 3747
2313 1741
2317 1864
2326 3152
2326 4190
2329 4928
2325 2854
2329 3746
2357 3583
2368 2888
2368 2828
2373 3404
2387 147
2380 4901
2383 1034
2392 2670
2398 3979
2408 1598
2415 4920
2416 1941
2413 297
2412 4509
2417 1275
2429 69
2436 2508
2444 124
2448 2025
2441 4796
2457 2701
2456 1698
2464 3585
2469 4705
2496 1523
2499 4062
2503 1901
2515 4139
2559 1597
2568 1021
2562 261
2572 3046
2597 4988
2597 976
2623 1192
2628 1575
2635 2642
2632 4296
2639 1637
2643 1330
2664 2064
2663 479
2677 4856
2678 2504
2701 2855
2701 1776
2713 3271
2712 2957
2732 1214
2747 4595
2742 4130
2756 1649
2756 4133
2751 3637
2756 2211
2787 2890
2783 3801
2790 1609
2797 954
2810 3753
2826 4925
2840 2876
2866 3207
2879 2466
2903 515
2930 2468
2942 123
2949 2482
2942 2941
2967 3799
2967 4100
2966 3582
2982 643
3008 2889
3008 3929
3030 829
3031 1168
3040 3969
3061 951
3069 4666
3071 1776
3092 3192
3129 4689
3199 1562
3221 1018
3228 2581
3237 4306
3230 1202
3248 1845
3247 3055
3248 2098
3248 2449
3250 2270
3264 2296
3266 3488
3273 4875
3270 3460
3295 2491
3300 3801
3300 2997
3308 4689
3314 4676
3326 65
3334 4718
3365 1725
3375 504
3395 1568
3410 3167
3425 1475
3448 1695
3459 128
3456 3601
3467 1740
3464 1601
3484 447
3499 2979
3507 2189
3503 442
3509 3573
3519 2380
3527 1467
3525 316
3520 3529
3533 4346
3532 4526
3537 2968
3534 3321
3543 3220
3541 1570
3542 3306
3577 714
3574 3709
3588 4050
3600 266
3601 2800
3617 1252
3634 1160
3634 4256
3636 3637
3659 466
3688 2126
3696 1564
3696 2506
3693 1004
3723 3656
3724 229
3722 4090
3733 4087
3740 4550
3757 4874
3796 4926
3793 2309
3801 4728
3802 1159
3832 1438
3844 1910
3842 4794
3841 1124
3844 4024
3854 309
3855 4809
3867 558
3867 2512
3875 251
3879 3281
3887 1452
3881 3797
3897 2481
3902 653
3903 1006
3906 1502
3949 4272
3949 3497
3943 1369
3944 1050
3951 1985
3967 4437
3986 3460
4009 3644
4001 206
4023 2969
4067 3903
4070 4525
4080 3259
4099 331
4109 1044
4110 657
4116 112
4128 4710
4129 2427
4138 2944
4140 4607
4145 2102
4140 1394
4151 3500
4160 3115
4174 2871
4171 3542
4216 1672
4239 4161
4246 198
4244 3030
4246 4262
4268 1835
4297 829
4328 3279
4347 4537
4355 2327
4366 3170
4369 1643
4369 2283
4379 680
4386 4257
4382 1613
4388 3703
4393 2379
4395 4189
4408 2121
4418 2720
4428 481
4424 2469
4441 3731
4443 1693
4477 666
4472 2239
4505 745
4514 4482
4510 4327
4548 3919
4552 2007
4567 1760
4572 3515
4586 4774
4593 1697
4598 3155
4596 1254
4594 618
4608 3944
4622 4730
4632 2799
4634 1184
4655 3636
4657 2341
4668 4813
4672 3422
4673 4502
4686 2201
4725 4489
4725 4100
4721 2714
4728 2741
4732 4836
4736 871
4757 1843
4756 103
4758 3182
4760 3388
4765 931
4774 4579
4779 3200
4826 4383
4847 1416
4861 1286
4873 651
4892 3841
4908 3074
4913 3598
4914 257
4914 2372
4921 3023
4929 3644
4934 1412
4942 100
4946 3739
4941 988
4956 4571
4956 4068
4964 1665
4973 1115
4980 1067
4981 3746
4999 1549
12 1363
10 4573
14 149
27 4899
31 3913
43 2258
48 2408
76 4185
79 2613
89 3607
88 4218
96 3383
92 2542
94 531
106 1720
122 3765
129 4053
145 470
143 4993
145 3976
150 1362
158 3870
172 3997
171 2881
184 2469
193 2161
192 4759
194 1689
198 3811
201 3709
201 533
213 4089
235 1117
234 1149
255 2324
263 2883
260 2907
267 4493
274 3102
287 2763
321 381
331 1303
347 803
347 2103
375 1976
389 4825
407 3354
424 2842
429 712
426 4521
435 64
435 780
439 82
444 170
448 3247
451 3724
452 100
459 222
451 3683
460 3624
465 1225
462 1528
470 3755
493 3221
498 3217
492 2270
507 4556
507 3771
501 1277
517 3892
549 1876
555 3147
569 2307
584 952
596 1655
591 2300
599 2612
620 3793
635 2150
633 472
653 304
671 3601
689 1600
726 4652
728 4604
730 1300
779 193
786 1355
784 3226
806 1047
806 1980
858 4430
852 2739
853 4388
864 1667
869 3375
875 1975
886 4855
890 3064
905 567
913 4099
917 1775
921 2177
981 4111
993 3620
1006 2053
1012 2427
1028 4953
1036 1508
1032 4957
1048 3180
1050 899
1052 2417
1102 3283
1102 1094
1109 3204
1118 1579
1126 3549
1130 1862
1134 3431
1157 4320
1164 3995
1172 4078
1194 4680
1199 3744
1205 510
1207 3112
1207 4735
1218 3590
1220 3997
1226 1957
1245 1712
1246 1885
1257 3601
1274 3636
1315 2244
1332 3832
1335 1417
1357 2531
1376 3774
1376 1982
1415 2645
1411 111
1433 2468
1434 208
1465 362
1466 4351
1494 1762
1498 4738
1515 2934
1522 4852
1535 1857
1545 1111
1555 1291
1563 194
1574 3399
1589 1981
1602 4965
1602 3816
1606 1335
1618 1306
1625 2421
1634 2859
1633 4003
1645 277
1645 3904
1675 1686
1687 56
1698 4260
1691 3520
1699 2731
1702 4681
1719 3089
1750 2688
1767 196
1768 1995
1777 1633
1773 2639
1775 3711
1783 4013
1789 4617
1799 1340
1806 4698
1803 1194
1804 1661
1823 2123
1834 1121
1842 4294
1858 1471
1887 2707
1887 2500
1890 1481
1890 940
1891 4081
1892 3099
1893 3530
1906 525
1902 3606
1914 4569
1915 3137
1941 2719
1940 873
1949 4812
1949 2345
1960 4584
1960 4282
1968 630
1973 3175
1978 2389
1975 699
1979 181
1993 2506
2001 4314
2001 1897
2007 4476
2043 2027
2059 4117
2059 3746
2069 3507
2062 3544
2078 2893
2072 4416
2070 3083
2071 4457
2116 849
2110 3323
2128 3526
2131 3399
2141 2668
2153 482
2160 4141
2163 946
2172 4642
2181 944
2187 2220
2196 265
2204 1833
2200 642
2248 194
2255 604
2250 4988
2292 538
2307 1718
2315 578
2317 3842
2330 3651
2345 4759
2340 3545
2340 1188
2375 1211
2380 3518
2391 3606
2392 2366
2407 2892
2422 561
2429 2362
2430 4141
2432 2323
2430 1586
2459 3152
2459 4583
2462 4243
2488 246
2500 3003
2501 3113
2539 3843
2562 1710
2571 3253
2633 1270
2645 2766
2649 4897
2656 157
2686 712
2683 2292
2689 4992
2690 4671
2696 1578
2707 2675
2737 359
2758 3223
2764 4985
2775 302
2776 2720
2785 430
2798 2935
2801 4104
2801 386
2806 814
2830 1899
2847 465
2840 1067
2855 4519
2856 3999
2853 1697
2852 441
2877 45
2872 682
2920 2343
2923 2674
2959 1204
2962 3364
2976 1162
3010 1976
3011 3687
3020 4911
3029 2887
3045 4482
3055 3017
3050 4319
3060 1602
3060 3734
3065 3557
3098 1850
3106 2539
3120 689
3129 4962
3134 289
3144 3046
3151 412
3151 3614
3160 1606
3173 1421
3188 1451
3193 2213
3207 2196
3228 2102
3285 4093
3299 295
3293 3195
3305 2717
3302 38
3310 1073
3324 130
3333 315
3356 3110
3355 323
3362 471
3361 1456
3383 1025
3405 3552
3425 771
3433 1283
3438 277
3448 4409
3445 3131
3451 134
3472 2417
3479 20
3519 4556
3534 2258
3537 1708
3544 494
3554 4326
3560 4667
3565 569
3572 1908
3576 3472
3582 4886
3608 3495
3616 3561
3612 1903
3632 4360
3633 832
3661 1870
3667 522
3684 3910
3680 1819
3690 2724
3697 4189
3708 899
3710 3100
3718 2583
3726 2780
3739 1343
3750 2920
3777 2478
3774 399
3773 1942
3780 4895
3786 2542
3784 729
3794 186
3798 4725
3839 3335
3851 689
3867 78
3869 3974
3879 2407
3879 1586
3886 698
3880 4047
3883 4656
3900 195
3905 2391
3912 928
3935 3788
3933 4377
3949 224
3941 1504
3951 4554
3965 3153
3965 3163
3979 4200
3973 3753
4002 4659
4019 574
4049 3379
4048 2594
4058 366
4074 1050
4073 2359
4099 2100
4114 3413
4117 4898
4111 109
4123 4977
4137 1386
4139 3362
4139 1704
4229 85
4229 3316
4239 2662
4251 1085
4262 178
4271 4522
4271 458
4302 4483
4316 3831
4321 2335
4323 1637
4331 4210
4337 547
4338 3075
4343 2027
4367 4311
4365 3204
4375 2564
4396 1123
4396 1498
4411 2354
4418 108
4430 2046
4448 4556
4443 534
4447 1680
4453 1293
4462 757
4468 4126
4465 2423
4467 1578
4486 4401
4499 2412
4516 323
4512 2825
4541 4910
4559 713
4566 772
4566 1328
4562 4045
4604 2368
4655 4101
4658 910
4670 255
4678 3466
4680 2952
4689 4628
4699 3877
4695 170
4700 927
4714 1366
4727 587
4725 908
4721 97
4726 3594
4735 2028
4737 221
4776 3658
4777 532
4780 2065
4793 3956
4802 1925
4815 1921
4811 4457
4821 2529
4839 2362
4836 4599
4841 2943
4856 4621
4853 196
4862 4388
4871 486
4875 2333
4887 1478
4908 466
4909 3527
4922 2886
4928 4014
4965 2243
4977 2201
4995 722
