5000
1 4537
5 2052
3 2222
4 1979
9 2904
8 8
2 1548
7 4476
3 3408
16 3442
15 2242
17 1846
10 3363
24 3459
29 3807
20 4304
28 188
22 594
27 663
29 2039
25 2313
35 1907
39 1358
30 3975
33 616
46 2273
49 44
58 1559
57 3419
59 486
53 702
53 3993
66 2888
64 94
67 297
65 1638
76 2268
73 1525
76 2827
75 3598
71 4051
71 3533
78 2864
72 1515
73 2422
77 1894
86 3483
80 4778
86 1071
83 1305
98 2300
92 2801
95 4599
98 136
95 3191
108 2480
105 4096
100 4838
108 1484
113 2038
112 189
116 3870
118 3187
122 600
129 2416
129 357
134 3090
136 2165
134 4576
131 2785
134 2364
147 1666
149 3927
149 130
145 2679
140 2078
155 4787
154 3840
158 2778
152 4958
161 2724
161 977
166 4635
164 845
163 1370
165 4663
163 1056
172 3960
173 4471
174 4756
176 3515
172 1791
176 4172
177 2871
177 3668
175 4689
183 4753
183 2003
183 1687
183 3920
180 1561
189 3568
189 2941
182 1476
183 1778
197 3085
197 4354
198 2433
209 2139
207 3564
207 957
211 4247
213 3159
216 1110
219 2916
228 2066
222 4510
221 937
228 2683
230 3109
233 387
231 4153
233 2474
238 4219
233 4008
244 4604
240 855
246 4075
246 1616
257 4843
251 3825
257 972
254 1142
259 3639
266 2755
268 687
264 4794
260 2538
267 4806
262 4989
265 2220
260 174
272 4099
271 3585
276 4874
274 2392
274 3605
277 3484
273 1611
274 2440
281 3732
281 4034
280 957
288 3375
295 3484
298 1669
294 2570
296 648
300 1708
308 4958
300 3695
303 3117
309 2070
300 1829
302 4250
305 4240
311 1414
319 636
316 320
313 172
311 4725
322 138
327 2061
329 1776
327 4829
321 3065
336 2406
338 1435
331 2217
330 688
343 55
341 4821
345 3936
343 520
347 652
356 3517
359 3133
358 4297
354 4518
356 745
366 168
360 3412
363 4558
369 231
362 1120
368 3738
361 2012
368 4456
361 3857
361 2426
371 2018
373 3200
377 4558
374 3487
370 1986
385 3302
388 4367
382 4734
384 1152
381 3847
388 3885
393 3384
393 3478
392 2629
401 1852
402 416
409 3368
400 1863
402 165
413 3026
416 3710
417 4740
413 3088
412 3193
417 4081
415 1457
425 4532
426 1736
423 3516
421 2895
423 3737
433 3522
432 3064
430 2872
432 2965
444 1915
449 4226
440 4336
441 2119
441 4633
440 1116
450 2800
453 1949
459 3038
453 4111
458 1095
453 4062
453 3461
458 3977
464 1609
461 4790
460 2305
465 532
470 1366
473 2820
477 33
475 848
472 3245
470 1262
474 4528
482 3229
485 1858
488 1485
486 4878
497 3294
491 3285
499 3537
497 1872
491 4726
506 3570
503 4702
501 1057
518 788
516 3703
519 634
515 3553
510 4248
514 4579
523 3515
526 1856
520 4336
522 4839
524 3223
528 4785
527 4692
537 4701
531 4346
532 2276
539 4628
535 2138
533 2787
545 4898
548 474
558 3549
558 4243
557 1732
553 2025
552 3450
562 674
566 2415
563 4052
562 3539
567 146
564 4409
568 1405
563 455
565 4854
576 4553
575 1173
579 2636
573 2954
572 3039
579 433
572 2052
576 2161
588 4488
586 4175
588 3470
598 3246
592 4411
596 3557
595 1789
597 3060
594 1224
608 3322
609 1957
607 139
607 635
601 1770
601 3996
603 4645
618 3687
618 4035
616 273
617 1094
611 3180
618 1662
615 4424
628 499
629 1710
624 3913
622 499
634 1459
631 3086
638 4527
638 4496
633 393
632 2774
634 4950
647 2413
642 654
642 4812
647 4279
640 2873
641 4193
643 1548
653 1608
653 1025
668 2555
666 1328
665 3244
662 2364
663 1894
660 334
670 2385
673 329
672 1240
673 2199
673 4953
679 1779
685 2215
686 2978
689 394
695 716
698 2446
697 1788
696 4406
696 641
695 4056
694 3232
690 2888
706 1017
702 1803
717 4049
717 1964
714 3338
714 3383
727 839
724 2339
726 862
725 818
736 2161
737 593
734 463
748 2704
742 1262
747 767
751 4958
751 3450
754 4592
755 2518
764 375
761 2538
770 4669
771 1127
776 380
774 6
775 3470
786 85
784 2540
785 938
788 3047
784 658
799 2899
795 876
795 2525
806 315
808 1302
807 4461
812 2191
816 1961
815 2455
819 4908
826 4221
820 4092
825 3946
827 4592
821 4763
837 2722
838 779
839 1373
839 1537
846 4246
845 2476
851 1886
859 3265
850 2264
858 533
858 3224
868 110
868 4059
867 2006
876 4866
872 3751
870 763
878 4286
889 1246
882 954
888 2153
897 2225
891 425
893 227
902 4004
902 4846
908 3080
900 1927
913 1281
915 453
916 2198
922 4334
928 4059
923 4232
920 2944
933 3121
936 2366
931 2389
933 2755
935 2507
932 3359
936 1612
931 2670
945 535
946 901
941 4268
948 2454
941 1248
940 2536
958 3108
953 1636
956 1453
967 2324
964 3915
964 4999
961 2250
969 3695
969 830
973 1691
971 3331
972 4197
971 1233
971 3714
983 609
980 3741
989 4863
985 4478
981 686
984 3768
990 2353
994 3031
996 3988
993 1285
1001 652
1008 911
1009 4827
1003 1024
1002 2888
1005 2696
1005 3495
1000 985
1006 1811
1017 4413
1017 1264
1010 2652
1011 2481
1013 4131
1023 1761
1028 559
1029 2947
1024 2324
1021 4827
1024 2435
1030 1259
1035 364
1031 3292
1038 626
1032 133
1038 3816
1035 3435
1044 2133
1048 1939
1045 3408
1046 2994
1042 455
1044 1410
1059 349
1057 4620
1052 2637
1051 784
1057 1450
1057 4524
1069 2980
1065 1850
1060 3764
1067 3419
1068 4721
1067 3508
1073 3310
1074 2157
1073 881
1077 4277
1071 1763
1084 85
1081 493
1093 4658
1097 3084
1096 2291
1098 2190
1101 3163
1107 2426
1109 4310
1107 48
1105 3745
1107 1550
1118 3059
1115 3952
1113 2546
1119 2172
1110 2217
1113 4904
1128 139
1126 339
1135 4362
1131 2402
1134 3369
1133 1844
1135 2135
1137 3032
1134 4724
1147 1791
1149 3682
1140 972
1149 351
1147 1274
1144 4452
1141 933
1148 2706
1151 3892
1157 4805
1155 2688
1154 175
1151 3864
1156 3879
1168 4181
1167 1039
1167 2561
1168 886
1173 4283
1177 3072
1179 455
1170 744
1171 2158
1172 857
1176 3296
1182 4719
1187 4391
1184 2641
1186 2277
1181 2445
1182 4149
1183 908
1191 46
1191 2129
1193 3764
1191 3348
1199 881
1191 4237
1203 3800
1205 4929
1204 2623
1202 4397
1208 23
1202 3106
1207 3590
1205 37
1211 3029
1212 2284
1210 2591
1214 4317
1218 3139
1210 4483
1210 674
1226 2464
1225 1959
1225 873
1228 3282
1237 2940
1232 4603
1232 4949
1231 766
1235 1953
1248 1180
1241 357
1249 1874
1256 504
1258 2839
1258 1976
1253 1685
1256 814
1250 3059
1269 2667
1265 2291
1262 933
1268 818
1271 3660
1276 4983
1278 3058
1276 4799
1272 295
1271 1031
1276 998
1271 2946
1285 3880
1285 1307
1295 4751
1293 3517
1294 3142
1299 2993
1299 1763
1299 1992
1297 3399
1292 1487
1290 4990
1302 2899
1304 4429
1304 683
1304 186
1309 3961
1309 902
1309 4544
1301 4488
1301 4999
1315 3522
1315 2121
1318 1315
1310 1253
1323 4263
1327 3536
1333 911
1330 3426
1338 4934
1336 4080
1332 4219
1343 2914
1349 4707
1343 1992
1348 870
1344 276
1347 3335
1357 4335
1359 1587
1354 1829
1352 678
1355 4908
1350 2684
1365 4124
1366 1056
1364 2860
1369 2193
1360 1516
1367 1672
1360 920
1365 2595
1373 4867
1377 4001
1374 3143
1372 1388
1379 3421
1383 4274
1382 4583
1381 916
1383 2944
1382 4176
1383 4603
1381 2869
1399 3394
1397 1007
1398 1237
1397 3940
1391 2691
1400 3317
1408 2755
1401 4967
1418 2465
1412 4287
1414 3594
1429 45
1426 4897
1427 3160
1428 4383
1428 2845
1439 4006
1432 454
1437 3925
1431 2312
1437 4989
1436 1581
1440 504
1441 99
1444 4259
1444 3518
1457 4513
1452 3884
1454 1555
1459 4922
1469 3953
1461 2051
1467 3936
1465 1990
1469 115
1461 376
1461 361
1465 1291
1460 4563
1462 83
1474 3149
1470 4464
1476 39
1478 3090
1475 4940
1476 4996
1479 4000
1486 4124
1484 4405
1489 3516
1486 2153
1487 1170
1489 1472
1482 4377
1481 2861
1489 3071
1492 356
1499 4943
1495 4930
1492 901
1499 1839
1495 779
1498 2796
1496 2575
1505 241
1507 484
1501 181
1506 1001
1506 1422
1502 313
1514 2663
1519 11
1526 5000
1526 814
1529 2163
1526 4097
1529 804
1536 3411
1532 2579
1533 283
1549 4498
1546 2851
1548 4159
1558 3353
1553 2647
1558 3507
1555 3542
1551 4020
1557 1388
1550 1995
1558 2290
1558 1896
1556 2341
1567 1464
1560 4784
1567 862
1560 1159
1568 1153
1562 3178
1561 1107
1577 1362
1575 2473
1572 3864
1577 3626
1589 638
1588 3037
1583 4467
1587 1167
1588 326
1599 295
1599 4167
1597 3151
1592 3925
1598 213
1590 975
1593 3955
1602 1029
1600 1345
1606 1159
1608 380
1604 933
1606 3057
1605 610
1611 3684
1615 2245
1618 1839
1622 4033
1621 2105
1622 906
1627 193
1622 3451
1624 689
1637 2711
1635 280
1630 4772
1636 4911
1644 3702
1643 26
1646 2458
1646 3671
1654 197
1655 738
1659 2604
1652 1106
1662 46
1666 4994
1667 3488
1664 2304
1675 3943
1670 3790
1675 2569
1674 1991
1675 3259
1674 2856
1676 3230
1678 2645
1687 2005
1687 4409
1682 4805
1693 366
1692 4442
1701 1526
1708 3413
1716 1362
1713 3022
1722 3790
1721 1067
1726 738
1739 3054
1732 4539
1733 4068
1739 2161
1738 4919
1737 2857
1749 2294
1740 1789
1743 3526
1741 4627
1746 949
1747 3286
1755 4844
1758 3305
1767 1517
1768 4803
1761 1697
1763 2850
1761 99
1772 3332
1776 781
1770 4366
1777 196
1787 2532
1780 2640
1797 1150
1797 617
1792 2405
1803 3399
1805 3647
1805 2375
1801 3663
1809 3957
1806 1899
1819 3385
1816 2050
1814 1908
1827 3913
1820 1419
1826 4053
1821 4600
1834 1399
1846 2734
1846 3243
1849 180
1846 3082
1841 306
1848 4208
1844 1023
1847 3970
1855 3379
1862 4656
1865 1844
1860 4711
1863 3043
1871 3863
1879 1961
1871 1710
1879 1839
1879 391
1871 4969
1874 2035
1872 4437
1882 2798
1889 1579
1888 2956
1882 2325
1886 3939
1881 1855
1895 4019
1894 4314
1897 3017
1891 1203
1899 1150
1893 2025
1902 3062
1903 58
1906 3121
1918 2549
1918 3133
1913 4511
1919 790
1915 2904
1922 4786
1929 353
1926 2897
1935 608
1936 4841
1937 1204
1937 2177
1934 4276
1931 411
1945 3141
1945 612
1944 1583
1946 2132
1943 501
1945 3252
1953 4145
1951 1372
1955 1842
1956 1222
1956 2852
1963 2347
1964 4113
1968 3612
1961 1133
1972 503
1975 1960
1972 4207
1971 240
1979 1672
1989 1337
1980 4933
1982 2271
1989 801
1986 1290
1985 555
1980 4819
1997 2572
1999 1397
1999 4053
2007 2512
2005 352
2000 2747
2000 2507
2002 3826
2015 3618
2016 3583
2012 2647
2017 3888
2010 947
2017 1189
2016 1035
2012 579
2020 3989
2029 3872
2022 2642
2023 3473
2026 2610
2025 4412
2025 2909
2028 2006
2030 1191
2034 3040
2032 3809
2047 2769
2047 521
2048 2096
2045 4021
2055 1318
2050 2105
2051 257
2058 361
2050 4362
2055 4385
2068 2058
2066 2717
2064 3839
2061 3328
2063 4467
2064 353
2067 3759
2060 317
2076 3592
2075 406
2074 37
2075 4128
2086 1055
2085 4295
2082 910
2090 3013
2093 2069
2092 4033
2094 2648
2095 613
2093 3404
2095 198
2102 4993
2105 4424
2104 2280
2103 2072
2105 4563
2107 4966
2113 2804
2113 3076
2115 2018
2111 59
2114 2374
2123 4490
2120 4228
2126 2503
2128 3979
2122 3526
2125 2555
2131 3928
2130 448
2130 4541
2131 3560
2145 4540
2148 2858
2141 2783
2147 2090
2144 4658
2157 1330
2165 389
2164 1950
2165 4173
2162 660
2177 962
2173 2392
2173 1112
2174 1222
2184 4796
2186 666
2180 2663
2187 3033
2184 1601
2190 2562
2191 912
2203 3019
2200 1802
2204 861
2201 4083
2204 4796
2216 1463
2215 3709
2210 1225
2213 4544
2217 4928
2214 4052
2223 2177
2223 1621
2222 3652
2221 4744
2236 2890
2233 259
2239 1234
2231 1157
2245 2766
2243 1300
2243 1349
2247 542
2247 3483
2241 4136
2247 1916
2255 195
2259 4777
2253 4994
2254 366
2251 3541
2252 1815
2255 726
2259 1359
2261 822
2267 3879
2265 4489
2270 4421
2278 1963
2279 4768
2282 3366
2288 4341
2292 1307
2309 3516
2301 472
2302 3219
2316 2876
2316 3598
2318 492
2320 2247
2324 4952
2320 685
2327 4777
2326 3629
2339 2733
2335 704
2338 2022
2337 4386
2338 1024
2335 1813
2331 767
2338 4042
2332 4947
2349 3201
2340 225
2355 196
2353 2810
2358 1693
2351 2081
2358 1612
2355 1772
2351 2336
2357 2381
2360 345
2365 1636
2363 2034
2366 1304
2361 4050
2362 1223
2377 1695
2370 3196
2378 4352
2374 843
2372 4099
2376 4242
2389 2008
2386 368
2384 1713
2380 3031
2390 2313
2391 381
2392 3126
2405 1
2407 1184
2401 238
2418 648
2414 1457
2413 4985
2428 3177
2424 1672
2423 2928
2420 2
2430 3306
2432 3198
2433 2318
2448 3257
2449 1376
2444 4960
2444 1614
2449 3509
2441 4366
2449 621
2442 4732
2441 2971
2456 3824
2454 1122
2455 3992
2457 3701
2456 4619
2451 3748
2458 3131
2454 3251
2469 429
2466 4537
2464 293
2474 461
2471 4578
2477 4759
2475 4066
2487 2560
2486 3453
2488 3344
2485 1872
2488 1675
2496 4154
2493 2282
2493 2210
2490 1165
2496 1573
2497 1979
2493 1005
2499 4849
2507 3320
2508 2796
2500 1793
2511 330
2517 4938
2513 2419
2523 685
2527 3491
2528 1432
2534 192
2533 3494
2532 3464
2530 4692
2533 3594
2536 1015
2534 839
2539 1247
2545 4391
2548 394
2542 289
2540 2038
2546 2912
2540 1239
2541 3529
2548 1927
2553 701
2554 4990
2553 2527
2557 3789
2550 4434
2566 1263
2568 1122
2569 3334
2565 2564
2572 2328
2572 3396
2582 2650
2583 3367
2584 666
2588 3450
2581 3619
2582 635
2586 4600
2592 1113
2596 3287
2599 2126
2608 723
2603 2428
2608 2015
2606 1259
2603 2111
2614 3257
2612 919
2618 293
2613 201
2611 3372
2617 811
2611 602
2622 2929
2624 292
2620 1677
2635 4757
2631 2229
2631 4391
2646 4243
2649 2725
2641 3984
2668 2689
2669 4763
2669 1987
2679 2259
2674 2685
2670 3037
2685 3574
2687 300
2681 2090
2688 3164
2682 439
2685 2258
2685 3765
2696 3651
2694 4219
2699 3821
2693 1420
2697 3305
2698 3983
2705 2941
2719 2324
2717 97
2714 4911
2713 2890
2723 1545
2724 729
2724 2692
2720 2857
2725 2288
2722 2239
2720 145
2738 4107
2739 922
2732 3373
2733 869
2734 3306
2739 2522
2737 4836
2736 146
2734 68
2747 2437
2740 2625
2747 756
2749 1720
2750 3239
2759 3213
2757 2820
2755 1296
2753 3685
2752 902
2763 4743
2769 1813
2762 2603
2770 336
2783 4364
2784 720
2782 3408
2789 1482
2785 108
2796 1381
2793 4566
2792 4271
2806 1512
2805 1929
2801 4852
2800 2195
2813 3615
2817 2944
2815 68
2810 79
2810 4510
2814 267
2817 2093
2818 947
2816 4164
2828 3017
2820 3917
2828 1320
2821 1786
2823 3594
2827 3637
2826 1399
2826 4828
2837 3057
2839 1206
2833 2
2845 2652
2846 4332
2847 2736
2840 3539
2845 2248
2845 1007
2856 4462
2852 3654
2855 4771
2859 2469
2852 3989
2866 17
2861 1595
2867 1523
2863 3112
2868 1223
2871 762
2878 3881
2870 1977
2872 4803
2888 2079
2884 2317
2881 457
2880 4178
2880 1202
2885 2700
2889 3243
2884 628
2899 4024
2897 4744
2890 1686
2893 3166
2906 296
2911 4345
2912 1789
2918 4595
2914 604
2927 1008
2922 2677
2928 2491
2921 135
2922 4129
2932 271
2933 1155
2933 1256
2932 3172
2939 2915
2933 3524
2936 743
2936 1963
2933 3670
2935 3823
2948 579
2943 3837
2943 2258
2948 817
2943 645
2957 3585
2958 624
2958 652
2953 4391
2950 2123
2963 4838
2968 4863
2965 4609
2968 638
2969 2
2968 545
2974 2627
2979 1595
2977 2136
2974 4898
2978 4693
2971 3699
2970 4857
2980 1734
2987 1099
2988 1532
2985 3927
2984 3942
2985 1719
2985 3411
2991 3393
2994 561
2997 2474
3008 78
3005 4149
3002 3570
3005 1482
3004 196
3008 561
3018 815
3011 210
3014 4835
3011 4876
3013 3160
3020 4141
3029 4176
3023 109
3031 914
3032 1062
3032 736
3034 4654
3047 1953
3047 4713
3041 3233
3042 1475
3053 551
3055 2419
3054 37
3051 1989
3055 2722
3065 1242
3062 3039
3077 2103
3076 4737
3075 4905
3071 2236
3070 2213
3074 2681
3086 4636
3080 4643
3084 4762
3086 1496
3086 2566
3090 3730
3092 4484
3093 1351
3092 4150
3103 4358
3103 1920
3101 3492
3105 3473
3108 2707
3106 2508
3102 3997
3102 1558
3110 4721
3113 2432
3114 2972
3118 484
3112 4272
3117 3675
3118 2200
3124 3947
3120 4891
3120 4797
3125 4011
3132 2897
3140 844
3144 762
3147 3024
3145 1423
3145 2763
3142 4434
3140 1191
3146 2356
3159 1998
3157 2406
3151 4495
3158 259
3165 3104
3168 1807
3178 4056
3176 4971
3172 4007
3173 3998
3176 4396
3170 2792
3179 953
3178 4698
3170 3408
3188 280
3184 4722
3187 341
3187 1333
3181 2217
3187 3164
3181 830
3198 4009
3191 3569
3199 2896
3191 251
3192 1186
3192 284
3195 1297
3199 4315
3201 1263
3209 341
3203 1063
3206 2340
3209 2593
3202 3726
3216 4147
3211 2577
3216 2055
3210 1462
3212 4505
3220 210
3225 2030
3225 1736
3229 349
3225 2486
3231 3574
3237 2357
3244 3867
3244 3762
3240 3493
3245 4470
3248 1902
3244 2069
3252 4717
3257 3740
3255 289
3259 4810
3258 2470
3250 1232
3256 4734
3268 176
3260 4954
3264 2582
3275 3734
3277 4268
3271 1723
3274 844
3270 2947
3276 950
3286 4554
3283 3528
3286 24
3286 1567
3287 3720
3281 4772
3286 3647
3293 3933
3290 4302
3299 1442
3309 726
3302 634
3306 1837
3302 4170
3318 3931
3314 4154
3318 4701
3312 892
3316 362
3311 473
3328 4005
3328 3502
3323 782
3327 4752
3326 4822
3328 3510
3323 337
3325 2520
3320 992
3324 4813
3331 589
3336 2461
3335 527
3342 498
3342 3985
3340 1638
3344 297
3343 3463
3349 1628
3347 983
3342 4891
3347 1112
3359 2178
3351 478
3359 2380
3355 3619
3357 4250
3350 2325
3353 1331
3362 672
3364 3147
3367 3450
3363 1512
3366 296
3361 1657
3363 4774
3368 989
3362 3352
3367 850
3362 3208
3374 2019
3379 4031
3372 2709
3379 1391
3377 794
3383 604
3389 1940
3384 1880
3397 3628
3395 284
3391 2502
3396 1683
3394 2852
3399 4147
3406 3865
3404 1595
3406 1619
3404 1003
3400 2324
3405 3095
3408 4781
3403 4011
3418 3703
3412 355
3413 3590
3416 3063
3416 2039
3411 3131
3414 445
3422 2951
3426 3498
3422 2318
3420 3502
3423 2742
3424 4274
3426 2775
3424 4456
3433 332
3433 3541
3431 198
3432 2397
3430 2878
3430 881
3430 4996
3430 4423
3437 1720
3447 2915
3443 3203
3453 3849
3454 4449
3459 1746
3451 1132
3467 1089
3460 3919
3467 1070
3473 3583
3471 4938
3477 2557
3477 77
3486 3957
3489 2450
3482 3826
3481 1356
3487 4505
3486 3463
3494 1738
3490 683
3495 2451
3493 4125
3494 4279
3508 256
3505 2287
3502 2901
3508 2358
3505 4432
3507 1927
3511 2164
3519 159
3515 52
3522 1690
3525 2992
3529 2800
3521 774
3523 4392
3529 4854
3520 1188
3528 1800
3538 2607
3538 4452
3531 4412
3535 4315
3544 3167
3540 1248
3549 832
3546 252
3551 1793
3550 620
3554 3822
3555 3701
3552 3199
3554 4313
3554 4170
3563 3178
3574 988
3570 3542
3574 4528
3579 326
3589 1416
3586 3572
3587 4160
3581 1881
3580 2180
3597 2327
3595 4037
3590 852
3595 4431
3597 4834
3599 2858
3591 2721
3596 1811
3596 366
3597 4597
3599 544
3602 4535
3604 2764
3601 4463
3607 3557
3613 1098
3616 2285
3616 2117
3617 2992
3618 4884
3615 2221
3610 4647
3611 2275
3616 1460
3616 1536
3623 3420
3629 1896
3620 2553
3628 2783
3624 2270
3622 3620
3629 3675
3622 1228
3634 3560
3637 4339
3636 2759
3635 2819
3634 1247
3640 1597
3645 1991
3656 4625
3653 604
3656 3983
3650 97
3663 4198
3660 501
3666 2995
3662 665
3678 3050
3685 4649
3687 2766
3685 3607
3681 928
3686 370
3686 318
3697 1107
3699 342
3691 1986
3708 3616
3708 3323
3716 4944
3714 2846
3713 1213
3715 1981
3714 11
3726 4411
3722 455
3724 75
3722 3071
3725 1798
3730 3708
3734 1995
3735 236
3735 3207
3748 3401
3740 113
3748 481
3749 2018
3747 3669
3747 899
3753 3455
3757 3854
3761 1169
3766 1124
3762 3980
3764 3287
3778 2442
3771 4276
3772 4691
3773 2588
3772 1245
3774 285
3779 105
3791 1602
3795 2740
3798 4005
3793 4025
3798 4348
3802 1162
3802 3710
3804 649
3808 3939
3806 796
3805 3722
3812 244
3813 4287
3813 1786
3812 2451
3819 2594
3815 2583
3829 3854
3825 409
3825 2643
3826 1760
3828 1013
3826 4608
3839 4594
3830 1314
3840 4773
3840 2380
3846 4710
3843 4430
3847 3382
3850 2451
3859 1830
3859 2729
3850 244
3858 3843
3856 4199
3855 3407
3854 2269
3856 3457
3865 148
3868 4369
3865 2987
3866 4099
3878 2522
3871 2493
3870 4398
3870 2023
3878 1694
3873 64
3878 4095
3887 35
3882 4337
3880 4318
3881 3365
3884 2188
3882 2826
3890 1759
3894 496
3899 3454
3899 2861
3891 2624
3896 1115
3898 3912
3898 993
3908 3029
3901 3378
3905 4846
3919 4939
3918 2693
3911 2538
3913 4396
3913 2354
3915 1186
3912 1718
3927 2039
3927 3853
3923 3472
3927 3201
3924 512
3928 986
3929 3842
3936 4108
3938 1832
3949 3058
3941 4560
3953 2651
3958 2548
3954 1298
3957 4426
3956 3291
3962 4147
3967 3547
3969 3996
3967 4944
3971 1148
3976 3923
3970 3557
3975 91
3977 993
3971 3432
3988 4797
3985 170
3987 767
3989 1247
3993 2052
3990 1912
4003 809
4004 3248
4006 3657
4002 210
4019 750
4019 2197
4013 4181
4015 942
4010 1971
4025 1397
4020 1021
4026 2303
4024 163
4027 3703
4024 2804
4028 4755
4028 197
4025 2664
4034 4394
4037 1432
4033 561
4031 3053
4039 4878
4041 4478
4043 1659
4046 3306
4046 4883
4048 2072
4045 3195
4054 441
4057 1194
4052 4620
4060 4340
4065 2853
4066 3484
4069 3175
4064 3416
4067 3132
4076 783
4075 549
4084 4143
4082 3523
4080 1012
4080 3375
4084 4528
4087 2428
4096 3311
4092 2396
4099 4096
4104 4424
4103 74
4107 2741
4107 194
4108 876
4108 2647
4101 3593
4114 3027
4114 2143
4112 4692
4118 81
4114 608
4125 1202
4128 1649
4125 4262
4126 4328
4124 2428
4124 706
4127 3312
4123 83
4121 4486
4138 624
4133 1221
4134 4753
4141 937
4144 4586
4140 517
4142 2952
4144 4669
4144 1009
4152 727
4154 4478
4156 4739
4157 3613
4163 103
4161 1852
4166 1506
4164 4268
4165 4979
4174 2212
4177 3549
4174 3865
4176 1070
4173 3988
4170 4095
4180 984
4185 2935
4187 1921
4181 4896
4189 4900
4192 952
4191 320
4194 259
4197 339
4207 2019
4209 4105
4206 3103
4206 1557
4214 1871
4218 4341
4217 1275
4210 4715
4217 3294
4215 1060
4218 4644
4224 4141
4225 4676
4223 3126
4222 4662
4227 4948
4221 1801
4239 2644
4231 204
4248 2964
4249 3231
4246 752
4251 4270
4253 2890
4258 2523
4258 2290
4255 1714
4264 1884
4262 1214
4265 3466
4273 2586
4272 3086
4277 216
4278 2993
4288 2315
4286 2073
4287 3538
4285 1801
4291 2862
4298 2196
4293 348
4309 2760
4309 4148
4302 3127
4301 189
4301 1005
4318 3079
4314 370
4311 3282
4317 1345
4310 3732
4322 2026
4321 3193
4322 2912
4326 1204
4327 2774
4339 474
4332 863
4333 2976
4336 3943
4332 4740
4330 4996
4349 2170
4346 60
4342 3109
4349 3340
4345 1786
4341 3754
4354 64
4352 3094
4356 337
4355 2246
4366 3607
4364 19
4369 2126
4361 4993
4375 3634
4370 2709
4379 2740
4387 4216
4385 1555
4386 2722
4389 4441
4387 4546
4399 4126
4395 3394
4395 2322
4399 1091
4398 642
4404 346
4408 1077
4402 4513
4402 2795
4401 3610
4410 4060
4415 904
4413 688
4416 4589
4414 3773
4421 3520
4429 3959
4434 2312
4437 306
4434 1772
4436 2
4439 2484
4438 2325
4448 1056
4448 2647
4441 4014
4446 4455
4449 3391
4452 3552
4453 4291
4456 1474
4457 1612
4461 1590
4461 3230
4467 4060
4460 4003
4462 3153
4465 1425
4473 4787
4474 2277
4474 1099
4485 701
4481 2835
4485 2828
4488 3620
4489 4590
4481 215
4494 827
4498 2151
4491 4074
4498 3205
4494 1196
4497 1031
4507 3900
4507 3533
4500 4838
4504 1102
4506 2412
4512 2224
4517 3273
4511 2489
4520 3168
4524 2828
4526 3282
4524 2148
4523 2890
4523 4171
4539 1617
4538 1834
4538 607
4536 202
4537 4767
4547 4168
4540 1229
4543 3156
4542 4694
4547 681
4545 219
4558 3681
4554 2256
4557 2606
4562 4419
4565 3937
4562 3354
4566 3120
4569 1252
4563 2715
4568 3047
4576 3710
4570 4635
4578 649
4573 2701
4572 3623
4575 4453
4581 4096
4589 4338
4589 3796
4588 950
4583 4667
4587 1847
4580 4446
4580 4473
4597 2335
4604 3488
4603 3681
4602 1869
4606 2337
4604 152
4604 4474
4604 181
4616 3041
4610 4572
4613 1631
4618 1176
4618 3283
4622 4039
4622 2545
4621 4660
4625 1103
4621 3941
4626 265
4635 2554
4634 1500
4630 613
4630 3033
4634 272
4643 2225
4645 3026
4640 126
4644 436
4641 56
4646 905
4659 3119
4651 4228
4655 4829
4656 2243
4652 4657
4655 2086
4657 1072
4652 4147
4652 2537
4659 3825
4667 388
4660 4201
4660 825
4666 2846
4668 1475
4668 942
4661 3629
4677 183
4685 522
4685 996
4689 4458
4682 3229
4685 1742
4695 211
4697 197
4695 149
4692 2675
4696 1142
4697 1993
4703 2071
4701 3986
4706 2904
4705 4215
4701 430
4701 1689
4702 1110
4717 4499
4711 3710
4729 4196
4729 1877
4722 1787
4723 4656
4722 3328
4724 3230
4726 4911
4732 3683
4737 1902
4733 1837
4731 2742
4736 2036
4733 1455
4740 1361
4749 276
4740 2257
4745 4786
4754 2439
4757 1208
4757 2976
4767 1266
4765 4741
4767 2476
4769 264
4762 4393
4761 4468
4779 731
4771 4655
4774 1486
4777 1469
4776 460
4782 2257
4782 3743
4785 4213
4786 1448
4791 3347
4796 2581
4792 4681
4809 2391
4805 367
4809 1610
4803 2907
4803 2328
4803 3913
4816 2097
4819 698
4813 4525
4813 4566
4812 3597
4821 677
4824 126
4838 60
4835 4235
4833 4301
4837 4841
4838 4634
4835 2244
4833 1958
4845 829
4844 3498
4859 4317
4857 369
4859 175
4855 3734
4859 583
4861 511
4869 2972
4867 1067
4860 4168
4868 1774
4878 474
4878 46
4873 868
4877 4621
4876 2560
4871 499
4889 1548
4884 636
4881 2085
4883 3581
4885 2743
4890 863
4892 695
4892 2513
4895 3
4896 3548
4894 4522
4906 2487
4901 4161
4909 2182
4906 288
4909 3071
4906 3321
4904 4494
4905 178
4916 1180
4918 2091
4912 3636
4910 1764
4919 2133
4927 1090
4924 966
4925 4959
4924 2141
4921 29
4921 4869
4920 1335
4934 1762
4935 3206
4932 1831
4941 4183
4946 1883
4945 2411
4955 2499
4954 1574
4951 1219
4963 2888
4969 1390
4961 3068
4968 1034
4967 4992
4962 844
4974 1008
4971 270
4984 1264
4982 4965
4985 741
4982 3270
4982 2226
4987 198
4983 2663
4983 3374
4993 2129
4991 3603
4995 3550
4996 3499
4997 3169
5000 1471
2 1578
2 4367
4 4652
8 4523
4 810
8 4996
9 1290
1 2126
16 1334
18 4383
16 3359
18 69
11 161
18 1875
23 2386
21 3546
25 1001
26 4457
33 1382
39 4484
34 4063
44 3033
42 2523
42 4033
58 2193
57 1660
55 3842
54 2692
53 4956
51 4166
60 3057
62 2786
65 4038
69 925
67 4760
68 3145
66 4439
62 4425
76 1727
73 4574
73 2218
88 3007
88 3802
83 2946
80 2467
86 1200
86 2008
89 2546
80 3889
92 735
95 2372
98 2340
96 2068
93 4325
97 2524
101 1419
106 642
107 161
105 1873
114 4392
115 2467
112 4485
115 4653
112 4664
117 4187
123 4340
128 2010
123 808
133 4300
132 1844
137 100
130 2359
139 2475
130 1717
141 505
147 423
144 1039
141 2358
140 736
156 4345
155 22
152 3095
155 3277
166 4573
166 2494
162 1399
161 3896
179 3729
176 3715
175 4558
171 3237
177 774
174 4068
173 2446
175 3375
182 2432
188 4106
188 3114
182 1802
182 604
182 2957
180 1044
186 1405
186 2251
195 569
191 665
198 720
194 1569
193 2309
198 1101
198 1339
205 3325
203 3347
204 3627
200 479
204 2565
208 368
200 888
200 1920
201 453
210 2593
217 3373
228 457
225 4041
223 1060
233 4087
247 2210
244 78
247 268
246 4955
246 160
246 3092
242 871
242 1275
241 4697
256 2952
256 3611
250 4767
253 1167
259 4479
265 1851
271 1613
279 2667
278 1683
271 3521
281 4361
285 2641
284 3530
298 225
293 735
292 3128
298 2411
299 3821
302 4770
306 160
300 3939
306 1932
302 4215
315 1896
314 4611
311 1971
319 864
315 2890
313 761
312 325
321 3000
328 4490
320 1647
339 306
339 4764
338 4065
331 1241
330 1138
340 1324
341 3646
348 4129
345 1677
350 2778
351 888
359 1058
363 1104
361 1820
362 4223
361 2312
364 468
360 1898
362 1555
371 4644
374 1547
376 455
375 3751
377 588
385 701
387 1620
386 4317
380 4358
385 652
394 2527
395 1980
391 2134
399 1597
390 993
402 105
402 1329
404 4834
406 4866
409 464
415 866
414 1068
414 1260
416 3736
412 3319
426 1301
425 1439
429 1956
421 3494
423 1770
423 1708
421 4941
429 175
428 585
420 2477
438 3466
430 670
435 2758
443 4008
446 4492
443 2552
447 2402
441 3085
440 1197
457 3364
455 905
454 4141
452 2706
456 4664
455 4238
456 1610
465 2693
464 1589
468 4469
464 2839
466 1442
460 135
479 3524
475 683
471 1696
485 1480
485 3174
489 4128
481 2671
488 4231
485 489
488 4938
493 1484
493 326
498 2730
491 1098
492 3627
495 4219
490 836
503 3497
514 915
510 443
518 1980
517 3640
512 4563
511 2954
512 3750
514 2905
516 4903
520 1364
529 4141
524 2313
533 3299
536 456
532 4995
548 389
544 4369
547 2404
548 2855
555 2514
559 3987
554 743
562 4560
566 2684
562 3700
561 2764
560 2666
579 2075
570 456
573 195
573 2327
587 484
581 3551
580 3987
588 720
583 3648
597 4937
592 4840
599 2875
596 1456
599 546
590 3984
607 3975
608 4767
603 1711
614 2138
613 1397
618 4562
611 4495
625 2914
623 111
629 1103
621 629
628 4735
624 439
627 824
633 161
638 1906
636 2942
639 1834
634 2609
640 4515
649 2469
644 1879
649 3315
648 1563
643 4731
646 465
640 1959
658 460
651 3216
659 3056
650 3471
654 190
668 1479
661 1133
669 1877
666 3712
661 4861
666 3406
664 4937
660 2000
668 2081
676 1622
670 4352
672 2177
674 4877
682 2101
687 4961
687 4592
685 388
682 1895
686 3684
686 442
688 4068
686 4114
681 1173
696 662
695 4765
699 3720
691 1290
693 218
690 479
709 452
703 1793
700 462
702 4922
707 1572
701 3803
713 151
718 2858
729 1850
723 1819
723 3504
738 3794
730 987
731 3359
732 1478
735 863
744 4183
748 321
749 2002
744 4530
748 3409
747 4991
756 930
754 2093
761 2466
767 4676
764 3229
769 4437
761 611
762 4815
763 4222
767 3811
777 304
774 2939
774 2475
772 2652
770 2675
772 2902
774 4869
780 1801
780 130
784 1487
781 4809
781 3321
790 2715
793 1180
792 2407
803 1791
804 2603
803 2584
806 4039
803 3571
807 4988
802 4667
805 201
802 4405
800 655
805 4621
804 3747
811 2034
818 316
811 192
815 3947
829 2788
821 4602
822 640
822 3147
821 2469
824 882
835 2588
831 3325
830 3624
847 2687
848 2959
842 276
840 3080
859 4782
857 470
850 4657
860 4829
863 4558
860 1618
863 3515
878 1064
872 3481
887 1235
884 2762
882 1782
887 314
890 1495
896 4910
891 3827
900 4958
906 1735
906 2370
901 1491
901 4342
901 46
914 3823
914 4011
912 4239
917 3139
914 851
927 4445
921 4568
928 3552
927 384
938 1087
939 201
934 492
937 4480
939 1048
934 4567
935 2810
943 1602
946 1747
941 997
940 3076
948 499
950 2822
952 1195
952 1577
966 3543
963 4930
964 1108
962 2677
970 4870
970 4923
979 545
979 1796
979 2753
970 1843
974 1575
971 3828
978 2322
986 2392
987 2641
989 4010
985 1076
985 4653
987 3733
992 2458
990 69
995 4637
990 2572
990 4901
999 1076
996 3266
1004 762
1009 104
1002 3555
1002 4041
1017 1848
1017 4941
1013 4304
1018 4070
1014 3957
1014 1544
1028 1136
1026 4284
1026 3995
1023 4893
1024 4200
1034 3238
1032 101
1044 3791
1040 3039
1043 3103
1042 4324
1046 4561
1052 1287
1059 2805
1051 3557
1054 3848
1063 151
1061 4826
1067 2308
1060 1607
1068 3838
1068 3087
1079 1493
1071 1023
1072 1733
1085 4464
1089 1258
1081 2749
1081 1659
1080 1498
1087 1436
1080 4510
1082 3349
1085 959
1090 2904
1094 3470
1117 1993
1113 3890
1122 4261
1127 506
1124 4866
1137 2562
1135 4582
1139 646
1141 853
1149 2911
1145 2419
1145 753
1143 1200
1145 2393
1151 1602
1151 4092
1151 148
1153 3668
1159 31
1156 3453
1155 3013
1153 4673
1154 1384
1164 699
1166 3782
1175 3267
1176 2423
1185 3773
1188 3630
1181 2633
1181 3407
1182 726
1185 4445
1189 2805
1198 1429
1195 2314
1190 3349
1203 610
1209 3311
1203 4813
1204 2864
1202 4076
1209 711
1207 4398
1218 1365
1215 2389
1218 4298
1215 432
1228 557
1220 4536
1235 3263
1230 1057
1238 565
1235 414
1230 4743
1239 4544
1241 2934
1244 1217
1256 3511
1258 1376
1256 1681
1250 4997
1259 1282
1258 236
1258 1893
1259 951
1258 2341
1257 1579
1269 780
1267 3473
1265 493
1266 1261
1273 182
1273 272
1272 2587
1278 1633
1284 671
1288 4162
1281 3416
1281 4541
1298 4657
1298 4261
1297 4811
1291 3825
1293 2131
1303 1910
1303 3103
1303 3630
1308 4678
1303 4961
1309 4734
1312 934
1313 129
1313 394
1313 4806
1328 1592
1322 4894
1329 1664
1324 2933
1336 342
1335 782
1330 2208
1333 540
1334 2267
1340 530
1355 4578
1350 1645
1350 1006
1358 2107
1354 217
1356 1776
1360 2040
1363 475
1364 756
1368 4621
1362 3048
1376 1400
1371 948
1379 3290
1375 1339
1388 2763
1384 4935
1386 4053
1382 4575
1388 1750
1399 2568
1399 3052
1396 3310
1406 4664
1407 4284
1400 567
1407 1758
1400 298
1400 4633
1418 1613
1415 880
1419 2896
1428 4471
1428 1337
1423 3771
1428 2426
1429 829
1422 446
1424 667
1438 3801
1432 2586
1437 3679
1435 4661
1440 2475
1448 4764
1447 4960
1449 1960
1456 3770
1457 441
1453 4751
1466 4298
1460 3139
1463 4183
1471 108
1476 4885
1470 762
1489 4157
1484 3299
1484 2455
1481 4274
1480 428
1495 2090
1493 2003
1494 3015
1495 4881
1503 1467
1503 499
1507 4511
1504 1037
1505 2232
1503 488
1504 2807
1518 3674
1529 1840
1522 4651
1526 1121
1521 3109
1521 86
1529 740
1534 3385
1538 3924
1539 4365
1531 2345
1539 1311
1530 1104
1533 2670
1530 4851
1530 1086
1532 3008
1538 909
1543 3868
1542 4016
1545 3162
1545 1850
1556 2989
1567 1663
1561 3315
1566 3217
1560 4741
1566 2811
1566 1742
1568 2842
1575 4315
1578 1549
1573 726
1570 1154
1570 3809
1579 3869
1570 671
1583 4463
1580 3602
1594 4547
1598 4583
1598 2132
1598 1840
1603 3278
1605 2855
1607 1191
1604 3310
1602 2878
1600 3026
1600 2182
1618 1348
1617 521
1613 4834
1610 543
1614 4571
1612 3663
1625 2571
1624 1052
1625 84
1624 1267
1622 1586
1628 1235
1622 3357
1633 3243
1633 2568
1630 1030
1637 136
1639 2996
1639 1517
1638 4696
1636 3863
1639 3257
1642 959
1649 2857
1641 1813
1641 2093
1648 3353
1650 3021
1653 2338
1655 4362
1655 3078
1666 966
1663 1644
1667 4298
1663 4855
1663 1264
1672 783
1673 861
1673 2823
1684 4707
1688 4513
1682 3750
1686 3842
1682 4118
1684 1303
1698 4038
1691 1685
1695 3743
1697 1178
1701 2498
1702 4763
1702 894
1700 1803
1700 179
1702 1894
1717 693
1710 3305
1715 4216
1719 4064
1712 3143
1728 523
1727 4170
1728 4730
1729 4147
1725 2583
1727 373
1726 1327
1727 100
1722 3377
1735 1850
1733 853
1739 1707
1732 387
1737 3927
1744 2063
1749 2146
1742 1179
1743 52
1747 2744
1744 1522
1740 2539
1753 979
1758 3743
1755 1498
1756 189
1753 2238
1762 1437
1766 4247
1769 226
1761 1643
1769 2851
1761 1325
1778 2282
1770 3052
1778 4936
1776 2590
1783 4078
1781 8
1799 3039
1797 2838
1799 982
1791 1467
1796 3651
1796 2442
1809 2045
1802 3722
1804 3834
1815 3583
1814 4412
1819 1527
1817 2084
1810 2402
1819 4017
1823 4794
1820 3293
1829 2376
1820 1133
1820 4834
1821 2629
1837 2482
1834 3205
1837 3171
1830 2426
1831 3672
1833 1786
1839 1217
1833 2991
1838 2201
1847 1851
1847 2393
1858 76
1859 862
1856 4514
1868 1562
1867 1038
1867 708
1862 514
1860 4191
1862 720
1863 1972
1875 946
1878 39
1872 4997
1870 1688
1875 823
1879 453
1876 1583
1878 3731
1879 4920
1873 237
1888 1784
1886 4793
1884 2323
1887 4506
1889 682
1880 4952
1886 2750
1880 218
1883 4185
1886 3603
1895 4897
1896 4848
1908 2659
1903 4847
1906 311
1915 4938
1924 4704
1927 4718
1928 3612
1923 3496
1923 2223
1922 1694
1924 86
1922 1891
1923 1444
1934 4677
1931 3826
1931 1866
1943 1809
1944 3623
1944 4172
1948 2564
1959 2718
1957 209
1953 1620
1960 2777
1964 407
1963 580
1966 4335
1967 4991
1964 3775
1961 594
1964 2230
1960 4038
1969 1893
1973 687
1976 1769
1970 63
1977 152
1976 2757
1981 769
1986 3354
1980 3707
1995 2389
1993 1599
1999 4275
1996 1265
1998 485
1997 2785
1995 1752
1996 4722
2007 973
2008 2069
2004 3213
2005 2368
2018 950
2017 4703
2029 1938
2028 1669
2021 4179
2021 2868
2021 2336
2027 1649
2037 4412
2032 260
2035 692
2030 3882
2033 3278
2030 4692
2038 1063
2046 2583
2045 1528
2048 662
2045 1829
2046 2110
2047 4689
2051 127
2050 2338
2051 4740
2056 2132
2053 2778
2054 284
2059 2357
2054 1205
2057 808
2051 1862
2060 307
2063 500
2061 3284
2076 3266
2075 4338
2075 632
2079 746
2073 4733
2088 3878
2088 2271
2089 1039
2088 1100
2097 803
2096 2052
2099 1289
2098 428
2108 3676
2109 2588
2103 1783
2108 2823
2117 2322
2114 656
2117 3924
2111 1600
2118 3383
2115 2013
2113 2080
2116 4640
2115 2682
2126 1461
2121 2602
2126 1028
2126 3492
2130 1440
2136 3830
2135 535
2132 1292
2149 1595
2142 3700
2149 4008
2141 3473
2144 4641
2148 4671
2152 2876
2159 1513
2154 3942
2160 4377
2165 1841
2161 710
2167 1911
2166 3090
2165 3805
2171 3997
2187 3113
2182 2206
2181 468
2188 78
2184 989
2199 1074
2195 4731
2191 886
2199 2523
2191 2566
2191 4309
2202 4064
2205 2259
2204 2297
2207 2337
2203 2672
2211 2022
2226 3700
2229 4343
2223 855
2232 2925
2237 4093
2233 1753
2234 817
2237 1528
2233 3220
2236 4235
2231 3698
2247 3069
2241 2891
2247 4796
2244 1517
2240 1623
2247 1055
2247 4086
2257 1738
2253 3965
2251 3557
2269 2523
2265 2195
2264 4799
2265 4148
2266 1326
2262 562
2274 1946
2273 2549
2270 889
2278 136
2288 3696
2281 2050
2287 2268
2280 3878
2291 2799
2292 3771
2292 2018
2294 1466
2292 1149
2307 2369
2301 4778
2300 4615
2309 2123
2300 4117
2304 396
2307 4733
2303 938
2317 537
2317 4124
2310 2684
2316 2829
2322 2674
2329 422
2324 4419
2334 4327
2337 4656
2330 756
2342 4059
2349 111
2349 3962
2345 94
2340 2105
2340 2221
2354 1881
2353 4168
2358 2278
2358 1132
2356 1551
2351 499
2351 1608
2355 1004
2354 279
2350 4715
2363 421
2369 1708
2377 831
2371 158
2381 2206
2389 2142
2384 1278
2388 934
2384 1744
2382 4778
2384 1579
2387 4064
2395 154
2397 4894
2396 2598
2398 4143
2396 806
2394 796
2394 4590
2405 4810
2406 2698
2400 518
2403 214
2411 4172
2413 33
2414 387
2417 1683
2414 3632
2412 2734
2413 1471
2424 2413
2424 990
2426 3690
2429 2218
2420 1165
2424 1843
2420 3674
2429 3085
2424 2881
2426 4191
2440 4599
2440 2049
2444 3883
2452 542
2458 4775
2452 4946
2462 1435
2464 211
2460 4047
2467 2176
2462 4480
2467 994
2460 4025
2470 4741
2478 277
2473 3947
2479 689
2483 4394
2487 4307
2496 4397
2497 948
2499 1845
2497 1275
2494 4752
2493 2689
2506 4862
2501 1460
2503 2607
2502 819
2518 2763
2519 1995
2525 3367
2525 3516
2535 2873
2537 1857
2530 3097
2540 2967
2541 2394
2546 4442
2543 4944
2552 618
2558 457
2552 1682
2554 4825
2567 3867
2569 4537
2562 4706
2566 1862
2567 3250
2576 740
2576 1318
2570 4282
2570 1856
2579 2257
2570 3533
2575 2418
2577 1490
2570 3751
2586 971
2589 1468
2589 2952
2585 75
2596 2837
2595 4113
2597 2992
2608 655
2601 524
2607 3016
2604 1134
2615 316
2611 2508
2614 2497
2615 3815
2612 720
2620 284
2623 3799
2631 112
2637 1405
2630 2263
2632 2008
2638 3968
2639 4064
2635 1183
2637 1315
2647 2140
2643 3963
2643 300
2642 1259
2651 650
2654 1206
2658 4940
2653 3891
2666 3154
2664 806
2670 496
2676 4832
2674 3403
2673 2859
2679 4178
2676 2608
2677 4587
2676 2692
2671 3720
2673 735
2676 2583
2674 3926
2683 3487
2689 422
2683 4250
2681 2631
2680 2496
2684 4106
2693 3216
2698 1869
2698 3067
2698 529
2698 957
2691 4320
2706 1049
2706 3617
2704 928
2719 435
2719 1261
2716 2108
2712 4209
2714 4985
2715 674
2713 1761
2710 613
2713 427
2729 3809
2722 4957
2722 121
2727 3026
2727 4742
2723 3485
2728 1691
2738 2973
2736 396
2733 4964
2737 813
2742 1207
2745 1399
2742 2660
2749 988
2749 146
2742 4008
2751 2933
2751 3884
2756 4204
2752 2770
2758 3467
2760 2950
2765 3624
2770 4581
2771 3277
2776 775
2779 3109
2783 2782
2789 2419
2785 3874
2788 1318
2789 4052
2797 1758
2790 1344
2799 1894
2794 276
2794 2453
2800 342
2806 2160
2806 4716
2805 3855
2803 949
2814 4099
2817 1992
2810 2801
2819 2581
2812 1808
2812 955
2825 2872
2821 394
2822 3639
2828 2119
2823 2797
2820 737
2829 1010
2823 1922
2838 3285
2830 3195
2833 964
2844 2225
2847 2991
2849 3895
2842 280
2841 4434
2840 2681
2847 3293
2842 1990
2849 2877
2859 2948
2853 391
2854 1445
2855 1857
2854 4476
2865 3037
2864 3504
2861 1762
2867 588
2868 1518
2863 441
2867 3994
2877 4513
2873 562
2873 862
2872 3037
2872 2005
2875 3938
2872 945
2876 2854
2881 4956
2889 254
2889 2850
2886 2804
2881 4569
2898 2565
2893 3157
2893 1402
2895 2908
2899 650
2901 353
2904 2717
2902 692
2901 467
2905 4618
2909 943
2911 991
2913 1423
2916 3023
2923 4189
2926 853
2922 277
2938 824
2935 1722
2930 1204
2943 1656
2940 2538
2945 774
2943 1831
2956 40
2954 3135
2957 243
2955 2283
2950 3652
2969 3411
2963 4043
2965 2780
2977 3230
2975 628
2976 4040
2970 1355
2972 2675
2972 4895
2976 752
2975 1154
2979 4535
2982 1042
2989 3863
2988 433
2985 4861
2984 859
2985 4207
2991 1774
2997 619
2997 1465
2994 852
2992 4913
3007 4084
3001 4642
3004 2564
3003 3213
3007 317
3000 4659
3002 132
3004 1404
3000 312
3015 3522
3013 4027
3018 2963
3011 1964
3010 2434
3026 4660
3027 2340
3022 4192
3028 79
3028 4328
3024 4016
3025 1742
3027 229
3034 2476
3035 17
3031 1324
3033 640
3032 894
3049 4003
3041 1647
3049 3233
3042 2468
3046 2276
3049 76
3055 164
3057 1034
3056 4674
3057 4068
3054 1249
3050 1720
3066 191
3060 1508
3068 4172
3073 1549
3075 3577
3074 3297
3078 508
3073 1186
3084 4658
3084 2550
3092 4121
3096 1439
3095 4991
3095 727
3090 4176
3095 4497
3091 3131
3101 1897
3103 174
3106 628
3118 3443
3110 3192
3119 2013
3115 3731
3116 4930
3121 2024
3126 3785
3122 876
3120 4952
3125 3180
3120 267
3132 3779
3133 2452
3135 4221
3130 1164
3131 3483
3137 2600
3140 955
3148 455
3142 2462
3140 2183
3143 3881
3149 3869
3157 3041
3155 2033
3151 3781
3154 2174
3155 667
3151 4326
3157 3341
3164 964
3161 3472
3161 1414
3162 700
3170 866
3176 4305
3175 1634
3186 3646
3186 3570
3184 785
3180 4198
3187 707
3185 4065
3190 95
3193 3072
3194 3093
3202 3612
3207 2062
3201 3571
3210 126
3216 1496
3214 4214
3215 3849
3211 1078
3219 4705
3211 3997
3224 1158
3229 1686
3224 106
3226 191
3225 2940
3237 123
3230 338
3237 164
3237 3495
3231 4972
3245 666
3240 3262
3247 296
3241 3777
3257 4092
3257 1587
3251 2578
3250 2245
3257 4348
3258 3306
3255 1868
3252 614
3265 4223
3264 3455
3269 4972
3263 1728
3264 1505
3264 2433
3274 1176
3276 3145
3276 2857
3273 3994
3276 4665
3273 3326
3271 2098
3286 2699
3285 2090
3285 2890
3286 1664
3282 4681
3297 2084
3295 3822
3303 2583
3303 3720
3309 4725
3302 3626
3300 1302
3318 3934
3317 1714
3319 3925
3313 1792
3319 2236
3311 3606
3321 2620
3321 992
3337 1697
3337 2204
3335 3625
3338 1803
3332 2285
3342 2806
3347 1238
3345 3202
3347 319
3346 3825
3359 2811
3354 36
3356 3890
3350 2658
3358 3688
3357 3379
3365 848
3361 3452
3361 978
3365 867
3366 426
3365 4930
3373 3160
3373 1858
3373 3768
3376 920
3373 2905
3378 2477
3377 3172
3374 3841
3379 1864
3380 4181
3386 668
3381 1284
3394 3403
3399 1191
3391 295
3403 3147
3407 2442
3407 4195
3401 3613
3411 498
3419 4855
3416 586
3411 4245
3424 1875
3429 753
3424 214
3425 2779
3427 2412
3430 3717
3438 4392
3432 4488
3433 2671
3435 3857
3434 4627
3430 3541
3435 4370
3444 665
3448 2024
3441 3549
3444 631
3445 1652
3455 1641
3456 43
3459 1109
3454 574
3462 926
3468 1098
3460 4203
3465 4648
3469 1391
3464 4386
3463 4577
3473 3008
3470 4410
3477 4717
3473 671
3479 170
3479 2917
3478 4245
3482 1876
3489 1772
3485 4971
3495 876
3498 4200
3494 926
3491 1186
3491 2007
3494 4788
3490 3156
3506 395
3503 2628
3501 3178
3506 4693
3505 4052
3507 3353
3505 4515
3503 3604
3509 958
3500 878
3509 2988
3508 1408
3510 4884
3512 3826
3512 4729
3513 4175
3518 3931
3529 3293
3527 4694
3520 1496
3523 3864
3527 2069
3529 1268
3520 606
3523 4596
3524 4918
3521 2839
3524 4232
3535 2087
3539 1245
3532 4117
3532 474
3533 3719
3539 169
3536 2341
3539 941
3546 1809
3543 4514
3547 4565
3549 4909
3543 533
3559 4656
3557 2118
3558 4582
3562 2994
3564 3709
3561 627
3563 2134
3567 4511
3575 541
3578 3599
3573 2654
3582 1589
3584 3027
3586 296
3580 607
3582 3225
3582 4472
3592 3555
3599 3412
3594 559
3591 389
3592 146
3592 3794
3598 3544
3605 318
3604 1044
3604 4918
3606 3512
3608 4004
3604 562
3617 1569
3616 4138
3619 648
3625 202
3622 539
3621 2034
3637 4235
3632 157
3630 2606
3639 2775
3631 4771
3639 545
3632 1029
3634 3411
3630 247
3643 3092
3641 4192
3643 3006
3655 2196
3655 4792
3654 255
3658 4520
3657 4380
3668 2509
3661 3385
3662 1431
3661 1926
3676 1157
3675 3318
3670 2308
3681 1805
3688 4317
3694 4942
3691 850
3696 1317
3690 3774
3697 1537
3709 3329
3709 4105
3707 3323
3712 4151
3716 4858
3718 2583
3710 4176
3726 3291
3720 4229
3728 2978
3730 458
3738 1727
3732 3324
3739 4928
3732 4197
3749 701
3745 4379
3743 1541
3747 3393
3747 3843
3747 4196
3749 2834
3742 1505
3746 3021
3742 4001
3758 4848
3757 3205
3754 1418
3763 4843
3764 123
3768 1726
3768 4005
3768 1999
3763 4239
3769 206
3763 4007
3760 3417
3773 600
3776 2694
3775 418
3770 826
3782 4395
3782 1213
3788 2489
3787 4128
3780 3466
3784 2975
3785 1736
3783 4364
3786 3333
3799 4529
3793 4224
3793 2098
3791 3239
3796 3963
3800 4301
3804 2733
3809 4656
3814 1011
3810 2359
3810 3055
3812 2931
3814 4193
3811 4788
3817 1330
3819 2056
3822 4539
3828 266
3820 1415
3828 2200
3825 437
3824 3670
3834 3700
3836 420
3839 1826
3830 4545
3833 1875
3836 3360
3833 1420
3830 4813
3833 1622
3848 3292
3841 4218
3843 4059
3845 698
3855 2940
3859 1011
3867 4863
3860 2751
3873 1625
3871 4734
3879 1394
3875 2581
3878 1611
3889 4375
3880 1039
3880 1267
3889 3989
3884 555
3888 2294
3880 2539
3886 856
3883 3489
3894 1404
3893 1807
3895 2977
3894 3814
3900 3913
3902 4822
3910 987
3916 814
3916 1775
3918 3854
3918 4398
3910 2619
3918 4880
3917 3459
3916 3495
3926 1638
3925 1977
3927 2862
3922 2306
3922 177
3938 4546
3943 2683
3945 4107
3944 2136
3940 1877
3943 2511
3955 1362
3951 2504
3957 50
3956 3143
3957 2034
3954 2872
3962 4492
3960 2707
3968 2751
3974 188
3975 1151
3989 2981
3987 1486
3986 4164
3991 2201
3990 2675
3997 2893
4004 863
4008 813
4005 4402
4007 669
4019 1278
4026 2555
4024 3503
4027 3835
4021 481
4028 3814
4031 2466
4039 1406
4034 1697
4031 1935
4035 86
4042 3168
4042 4412
4046 2987
4046 2335
4043 1527
4059 1725
4052 3754
4056 1706
4053 1844
4056 1951
4054 3492
4060 518
4061 3214
4068 570
4071 4111
4079 125
4076 1973
4076 880
4070 3761
4086 3595
4089 2146
4090 4255
4090 1423
4095 2775
4104 954
4107 485
4109 1262
4116 3331
4110 2859
4114 2114
4113 1457
4114 3091
4112 4873
4115 3336
4126 1340
4122 872
4135 2642
4131 2827
4135 4806
4134 2549
4137 3577
4135 1526
4131 652
4145 3215
4146 4276
4143 4105
4144 639
4145 1732
4145 3650
4143 4172
4155 1270
4153 3990
4150 4848
4151 2131
4153 3455
4150 709
4151 3654
4161 600
4169 3772
4161 1143
4168 2225
4163 3074
4164 1042
4162 2461
4174 4693
4170 1016
4174 833
4174 3584
4176 3644
4187 1304
4180 1760
4182 102
4184 578
4184 3797
4194 3395
4191 4024
4197 4541
4199 132
4197 3774
4196 4430
4191 3359
4194 3310
4200 996
4205 1107
4204 1421
4200 2665
4207 991
4219 503
4212 3048
4213 2822
4217 546
4216 577
4218 4922
4213 2729
4227 4453
4227 1249
4229 1118
4220 2663
4228 3767
4228 2884
4222 3992
4229 478
4235 1609
4235 2170
4235 1460
4233 2989
4236 719
4243 3638
4244 3335
4249 4202
4245 2041
4245 3216
4257 96
4250 676
4251 3157
4267 1180
4263 2610
4260 4851
4268 50
4261 708
4268 2494
4264 1222
4278 1774
4273 3736
4279 1009
4277 3983
4278 4088
4282 2119
4289 3982
4284 991
4287 79
4285 3593
4298 4394
4290 1052
4291 1072
4297 3815
4309 140
4307 2370
4300 2540
4305 3642
4315 1081
4317 1902
4311 1553
4316 472
4329 2726
4321 3022
4324 4442
4323 4577
4320 2273
4327 4739
4323 1319
4326 4553
4339 3788
4339 2805
4339 2158
4346 4079
4346 1015
4341 3582
4348 1659
4345 1176
4341 2871
4355 4541
4352 4837
4358 1756
4356 2898
4358 3196
4357 1743
4361 2052
4364 1256
4368 4445
4367 3284
4361 3181
4378 129
4370 4496
4376 208
4371 499
4381 985
4381 1341
4397 257
4398 1361
4394 1656
4397 4468
4403 4125
4404 4418
4409 4534
4404 503
4409 643
4400 1035
4416 2635
4415 1166
4413 1211
4415 2099
4411 4342
4416 1958
4427 3156
4424 4208
4421 4683
4426 4008
4422 4715
4433 1304
4443 3667
4442 2120
4447 4821
4448 2801
4445 2774
4448 3477
4442 1112
4448 3049
4440 4012
4444 2859
4445 2103
4455 2255
4455 1494
4459 3747
4453 3073
4469 4230
4468 1502
4461 3875
4463 260
4474 4452
4473 4054
4472 4390
4471 1571
4471 871
4477 3512
4477 825
4470 3172
4483 3320
4486 665
4484 740
4484 2220
4495 3533
4498 4293
4508 4850
4504 1148
4509 1578
4507 4794
4516 111
4511 3342
4517 2086
4513 3835
4514 4427
4521 4449
4521 3079
4521 3533
4527 1938
4533 167
4535 215
4530 4000
4538 2107
4532 915
4537 3534
4537 2737
4535 4881
4543 4248
4547 265
4543 2715
4541 1665
4541 4675
4543 1498
4547 2169
4550 2672
4551 1817
4566 1532
4561 1175
4576 4119
4585 3952
4588 2611
4582 2074
4589 1447
4596 1457
4591 3267
4592 1432
4591 1880
4590 3024
4595 1721
4591 841
4604 492
4606 1491
4604 160
4607 3666
4601 2297
4609 242
4619 1160
4615 3829
4611 167
4619 57
4612 4745
4618 3836
4617 2118
4625 3331
4621 3070
4624 821
4623 387
4620 833
4622 3539
4623 3704
4629 4954
4638 4877
4637 2042
4635 2709
4634 4092
4636 3749
4631 3867
4644 2504
4641 2484
4643 819
4643 55
4649 565
4643 3373
4656 708
4651 4862
4658 575
4656 4097
4651 1971
4654 4835
4664 2422
4666 37
4668 3694
4661 1744
4669 1905
4665 3894
4661 2196
4666 4567
4666 4555
4663 4529
4663 4088
4668 2169
4672 2003
4684 4070
4682 859
4682 2801
4685 1313
4681 128
4682 2839
4691 4135
4696 4631
4690 365
4690 3548
4704 2143
4705 1540
4706 4256
4719 1967
4710 719
4719 1849
4713 3905
4713 2752
4715 1652
4717 2260
4727 1270
4725 1316
4721 3141
4722 1123
4720 4564
4733 1181
4737 4814
4737 3110
4730 1114
4742 4111
4743 2959
4746 2942
4749 931
4753 3940
4752 4761
4751 3875
4755 2168
4768 2330
4761 3111
4762 3417
4765 1456
4778 4919
4775 1079
4781 773
4781 2569
4783 861
4788 3018
4781 3176
4799 4346
4796 2355
4796 1017
4800 3315
4800 2627
4801 1849
4803 3277
4809 4936
4804 4526
4804 865
4806 4325
4819 2075
4818 3668
4818 2251
4818 3725
4810 4880
4818 765
4817 1449
4828 1638
4828 4542
4820 2491
4826 4947
4820 4141
4825 1952
4824 4927
4827 4507
4837 2168
4835 2200
4836 908
4835 2857
4833 1349
4832 3334
4840 704
4847 531
4848 4026
4845 2896
4841 1274
4849 1922
4849 4434
4850 53
4856 727
4851 4869
4856 2082
4855 206
4853 1812
4862 369
4862 2148
4865 3043
4860 3674
4874 3339
4873 2913
4872 3455
4872 1745
4874 3909
4882 4881
4885 3167
4888 648
4880 3116
4889 2255
4880 1874
4885 1386
4881 1822
4899 4851
4891 4946
4890 1367
4894 1572
4902 1619
4908 1828
4901 4
4914 4206
4912 1185
4914 3594
4913 1052
4911 2454
4915 2935
4928 1836
4925 546
4933 3550
4930 2173
4930 4820
4931 566
4934 2841
4949 1805
4941 268
4958 230
4958 59
4966 4887
4977 4541
4973 1182
4978 4363
4978 3966
4974 3220
4982 4743
4984 4173
4988 1494
4982 3499
4993 3307
4991 49
4990 1853
4990 4818
4993 464
