5000
7 9067
3 5456
4 8225
6 1099
8 7453
14 2401
28 6544
32 9040
39 8768
38 3771
49 3068
43 4984
41 9611
51 6065
59 7058
59 8602
58 3546
53 3279
52 8653
63 2285
76 7699
82 5287
89 906
90 5505
90 2211
106 2657
100 2352
101 8023
115 502
112 6154
117 9084
123 3471
125 7886
120 6678
139 3073
139 4570
139 5552
133 2581
148 1892
143 4854
145 5943
149 2457
140 3686
155 1988
150 3498
168 4031
199 3796
192 5150
206 3151
203 9844
217 4215
211 2388
213 1746
225 2001
221 8910
233 4387
240 9929
254 2347
251 7555
258 2944
252 8830
267 9482
266 372
271 2734
276 8670
274 9484
271 973
272 1522
285 4090
290 6121
292 3307
294 1291
290 4955
292 8265
307 5165
305 5627
317 3101
322 4260
327 4262
339 1709
332 9226
332 2335
336 4821
336 8762
344 8521
357 8185
353 1279
365 4121
367 5799
373 8049
377 2108
374 9922
379 448
381 1492
391 5942
408 1999
400 4470
409 3020
412 8322
416 9278
416 6111
415 5856
421 1551
420 2867
424 1242
438 1018
435 6004
434 4776
446 3403
442 6056
456 8533
459 6805
467 4568
468 9016
463 7508
478 8838
479 7339
478 9764
475 3600
474 5045
478 8409
483 6322
486 7010
487 6749
481 1116
483 7831
489 9537
498 7492
494 3007
496 4176
495 4564
493 8360
490 1730
509 3507
500 2548
511 9531
516 4990
528 3926
535 90
542 4310
549 7565
552 5095
554 9189
551 3116
563 4720
560 6723
577 9568
576 1730
571 4258
588 5318
580 8842
584 1844
595 7764
638 3923
637 101
649 141
646 7130
649 1947
653 7491
653 6875
655 7706
665 3191
672 2023
678 5654
680 3919
689 1244
697 4621
694 3905
694 1623
692 8258
697 1396
694 4159
705 9545
702 7408
712 2248
711 2307
719 23
719 149
721 5038
723 3180
727 4906
735 7671
738 8670
739 9517
747 4152
744 2193
740 7557
758 6501
757 7407
754 3197
752 353
777 4860
775 5027
781 885
783 6682
780 1016
785 4651
796 8656
797 8494
794 6427
796 1089
792 7701
800 5604
802 8805
804 8333
819 3459
810 5878
818 3835
815 4317
817 7987
828 2684
828 5571
828 3634
835 5621
832 5063
851 870
854 4580
854 5352
862 1288
869 9251
861 9543
870 6800
876 5180
872 7032
874 4639
885 3985
887 2395
884 1913
889 5233
895 8564
892 5171
903 1723
918 615
913 5848
914 4488
930 5358
932 916
947 2374
947 2236
948 4339
950 4508
952 3184
959 7374
952 6064
974 1575
973 4943
974 7538
972 9237
989 1288
985 7356
993 7573
993 8769
1000 497
1012 722
1011 8696
1014 6099
1023 6423
1021 9974
1024 793
1020 7211
1023 8086
1022 2801
1032 4862
1034 3853
1053 8333
1060 8283
1066 8175
1062 2283
1069 2977
1074 2396
1074 701
1086 4552
1085 5677
1082 10000
1091 8627
1093 5384
1106 6356
1107 601
1109 4485
1106 6678
1111 4349
1112 682
1129 5695
1141 326
1148 1037
1143 5631
1148 3185
1152 4832
1157 9170
1152 2242
1155 6569
1151 336
1165 8585
1163 4485
1165 8706
1168 3780
1172 7153
1178 1174
1170 9803
1179 535
1170 5815
1182 4360
1198 4802
1192 3444
1194 5303
1198 184
1206 4244
1206 6120
1209 9274
1202 7624
1208 581
1214 2020
1218 3435
1218 5026
1222 5608
1220 4722
1239 2981
1244 8377
1248 8832
1246 5479
1263 5709
1263 6265
1261 2915
1274 7267
1276 2227
1288 7416
1288 15
1280 1638
1297 4881
1296 1461
1301 9961
1304 8225
1300 1349
1310 4043
1312 6739
1312 5466
1319 7237
1323 6288
1322 4087
1331 6887
1339 7584
1348 6346
1354 6305
1365 2915
1365 6922
1362 1199
1369 8673
1367 1895
1375 7230
1379 6706
1379 7436
1382 7452
1383 425
1393 2119
1393 3406
1390 8169
1402 3668
1417 5474
1411 8379
1410 3928
1418 8961
1419 66
1414 8882
1413 6691
1423 9833
1428 2815
1423 5342
1435 1948
1436 5818
1449 6345
1444 394
1444 8663
1450 804
1453 3798
1457 2355
1467 476
1465 6613
1473 9389
1472 6938
1485 1158
1482 5682
1485 7498
1486 3860
1485 940
1487 5424
1489 3736
1482 1956
1496 9997
1496 4380
1492 2746
1494 1886
1509 4789
1507 9077
1501 478
1518 2330
1513 1106
1512 842
1525 1959
1528 4853
1537 7630
1536 1304
1530 274
1531 1424
1532 4544
1540 8403
1546 3759
1545 7986
1564 969
1578 82
1586 3071
1603 9906
1611 7086
1613 7525
1613 4054
1623 8709
1623 8643
1627 1892
1627 1278
1633 490
1630 1523
1641 5053
1641 1903
1658 7543
1659 3536
1650 6737
1669 1832
1677 4800
1684 627
1680 8800
1686 9780
1696 4238
1691 8263
1690 4959
1712 4793
1714 8984
1721 6178
1725 4065
1739 8725
1739 599
1734 6709
1753 6149
1757 8284
1754 1801
1758 9942
1755 2550
1784 2341
1785 2100
1791 9818
1790 8698
1800 1361
1817 3931
1812 3243
1818 5428
1818 2290
1824 1203
1830 7186
1833 4601
1847 6320
1846 6014
1841 4290
1856 4736
1851 9450
1850 5652
1862 2925
1866 2657
1862 5524
1879 7267
1877 3899
1884 5845
1889 6793
1880 5439
1899 5209
1895 4117
1892 2220
1896 8348
1891 8596
1901 7479
1902 1008
1900 9559
1912 7216
1912 2647
1925 7252
1923 1231
1924 7037
1926 1627
1931 3962
1932 2065
1946 906
1942 3006
1955 4507
1953 4376
1979 3449
1977 1168
1979 7202
1975 7187
1985 985
1984 4411
1983 6909
1993 6991
2006 1896
2016 3596
2010 1151
2026 1365
2025 9384
2031 879
2033 4183
2040 9469
2058 7738
2051 3828
2067 2170
2067 1567
2068 7531
2071 7292
2076 1746
2075 2809
2083 7754
2083 6572
2086 2704
2083 1847
2091 9999
2107 3607
2106 3277
2119 6892
2117 8861
2110 7149
2116 946
2111 5979
2127 9755
2124 6079
2134 9350
2137 3811
2138 5263
2138 785
2137 1461
2139 672
2143 3979
2145 1409
2149 3083
2140 5720
2155 6923
2163 2059
2168 5275
2162 5791
2162 9350
2178 8514
2176 7286
2171 1595
2175 4915
2177 8385
2173 6963
2189 45
2187 5216
2183 3263
2193 8000
2209 2505
2201 6731
2204 4087
2213 2569
2218 4772
2219 4233
2213 7422
2228 7234
2224 9893
2224 3162
2226 4674
2239 4258
2235 7272
2231 3754
2240 1269
2245 8199
2243 8498
2259 6610
2256 2046
2259 6053
2255 7080
2255 2694
2250 878
2265 8125
2279 8060
2272 1753
2275 6095
2287 2230
2284 5833
2297 9983
2308 9871
2309 8455
2316 53
2321 2850
2329 5846
2335 1930
2342 7761
2349 173
2341 3659
2355 3074
2351 1619
2362 2616
2368 8636
2362 7937
2377 6034
2377 4160
2387 1838
2380 8467
2391 8251
2395 8875
2399 8743
2390 2144
2394 5435
2407 4645
2407 6235
2406 4203
2418 7559
2412 1370
2428 9347
2429 6075
2429 8948
2433 5920
2430 7971
2438 4791
2445 5358
2446 5928
2448 4932
2447 6192
2442 4966
2454 2063
2463 1529
2461 8196
2464 3330
2470 4802
2479 1402
2470 9574
2476 6020
2472 5879
2487 7277
2481 721
2483 2926
2497 2886
2491 7679
2498 1336
2507 3818
2506 7618
2516 5217
2525 1408
2523 6083
2533 8783
2530 2076
2538 7285
2540 5125
2555 9014
2550 1849
2563 4223
2564 5474
2561 2791
2567 8853
2579 1387
2576 8902
2574 5890
2579 407
2583 2890
2593 5072
2593 5904
2609 8482
2602 1723
2614 7634
2618 5511
2617 5928
2619 1390
2611 4370
2628 7266
2629 2131
2628 7403
2634 7313
2636 5099
2648 151
2645 6821
2657 3907
2657 1674
2658 5357
2657 3411
2662 5767
2671 1722
2672 3119
2675 6760
2680 239
2686 5447
2684 8230
2699 7510
2694 5096
2708 6023
2701 9573
2704 2397
2719 4906
2715 8253
2718 373
2737 8204
2745 6225
2748 4437
2751 814
2754 99
2765 9840
2764 5580
2764 5839
2781 3654
2794 4858
2795 1238
2809 8645
2804 9798
2814 3714
2831 5831
2836 9377
2836 9709
2845 8364
2845 6680
2850 4109
2856 2712
2859 1349
2863 11
2868 3946
2866 9465
2877 1537
2884 8677
2884 6422
2885 8126
2898 2412
2898 9373
2896 121
2905 187
2901 4140
2918 5170
2915 977
2915 6893
2916 3689
2922 4471
2926 3595
2938 275
2949 5888
2944 5565
2958 5139
2959 1791
2953 7465
2958 1049
2955 4573
2965 7707
2972 6004
2974 6834
2981 6329
3005 4856
3002 2129
3006 195
3008 9872
3018 6931
3018 5085
3014 6107
3019 8680
3025 9298
3025 3824
3029 7526
3037 3441
3031 469
3049 2108
3055 256
3057 1687
3058 4684
3057 1214
3065 4199
3063 4266
3072 5645
3081 2051
3084 163
3086 6356
3099 5923
3097 1392
3096 9577
3095 4397
3097 4728
3106 65
3101 9289
3101 5036
3127 3672
3129 5387
3132 3923
3134 3169
3139 8744
3143 1148
3141 7660
3142 2909
3153 5437
3161 8589
3165 508
3169 4005
3179 5117
3174 1035
3172 253
3174 2964
3173 438
3170 7710
3181 1341
3181 8748
3180 5585
3203 4858
3202 7803
3212 4250
3211 5221
3225 2873
3228 1045
3233 96
3230 3807
3244 1178
3246 426
3241 2855
3250 8573
3253 2214
3263 4616
3266 971
3266 1389
3261 1569
3285 7325
3280 632
3280 3434
3280 3205
3288 5463
3287 3520
3299 4448
3298 1123
3293 1797
3306 3457
3307 205
3305 5066
3307 1834
3313 8794
3319 3152
3320 7318
3325 7636
3335 7208
3340 1016
3348 6701
3354 9848
3359 9041
3355 5914
3358 2314
3355 5330
3361 7813
3360 4683
3366 6321
3377 8711
3380 5051
3395 7587
3391 8005
3390 4369
3393 6959
3397 305
3405 8281
3412 9068
3414 3940
3426 3992
3421 3950
3431 3009
3432 4597
3432 6795
3431 5749
3433 4229
3439 9640
3450 3539
3454 5887
3453 5664
3456 6896
3458 2716
3462 680
3476 18
3478 7868
3479 2519
3470 3852
3471 3204
3480 1921
3481 7314
3490 3025
3498 3805
3504 6416
3502 2025
3505 1290
3527 6589
3539 8351
3540 3699
3552 5799
3556 1002
3568 3489
3565 9159
3571 7688
3576 1116
3574 9817
3576 8252
3575 6902
3573 835
3584 5896
3583 1046
3588 5623
3588 8315
3593 5204
3603 8188
3605 8049
3600 9653
3611 3523
3617 3718
3623 5237
3625 1571
3620 5683
3626 9521
3639 5923
3634 6367
3639 2046
3643 4601
3648 5239
3657 7553
3656 7351
3662 4032
3668 2516
3678 5690
3677 5839
3679 6004
3675 8244
3678 2977
3677 4693
3676 5937
3684 4161
3694 700
3709 9390
3702 2658
3710 714
3719 1054
3717 6276
3719 9072
3728 9219
3726 8354
3727 7376
3730 3150
3734 7837
3746 642
3744 1479
3747 2683
3752 2117
3754 9994
3752 5220
3756 40
3756 9277
3760 6389
3764 3457
3763 5532
3781 8365
3791 7526
3797 670
3805 7389
3803 7737
3800 5220
3805 739
3802 1022
3827 5241
3829 4163
3820 8820
3836 6287
3831 6572
3858 7240
3862 8706
3868 5462
3876 8835
3871 4779
3883 4691
3896 6697
3898 4995
3893 4773
3890 4293
3900 2830
3916 7578
3928 663
3942 8283
3947 1351
3953 7474
3952 3336
3964 9638
3977 4594
3977 6519
3983 1189
3997 4538
4019 2355
4022 824
4023 6891
4028 1816
4022 1654
4021 8742
4020 4765
4027 1656
4026 7953
4040 4939
4051 3474
4076 8983
4076 9792
4086 4867
4116 4040
4116 5067
4121 8696
4120 401
4123 9883
4126 1939
4128 6789
4132 1812
4132 3668
4148 4900
4149 5848
4146 8510
4155 3021
4168 3213
4187 4277
4189 6367
4194 441
4216 9324
4217 5184
4222 6652
4227 6343
4220 9922
4232 8814
4230 6152
4233 8992
4237 3725
4246 1468
4248 9790
4245 9324
4248 9056
4240 8348
4259 6055
4255 3520
4251 5198
4256 1565
4260 8520
4267 9404
4278 2289
4289 8506
4289 4860
4288 6839
4296 3464
4298 1363
4297 2711
4292 2370
4304 7541
4317 8357
4314 5226
4319 9403
4312 1931
4319 9645
4320 7123
4326 2373
4331 8939
4339 9052
4338 6218
4335 2706
4346 3063
4358 9929
4359 1078
4354 3219
4370 3249
4370 6987
4372 2938
4392 1045
4393 5356
4399 3395
4392 7886
4409 519
4407 1333
4409 905
4416 9596
4420 9714
4429 3237
4422 9153
4423 5103
4428 5008
4437 6732
4439 1602
4431 1903
4433 1298
4438 5624
4433 8590
4440 5618
4452 8684
4450 2791
4459 4485
4465 6960
4464 1313
4469 3214
4471 8125
4473 8705
4484 5233
4484 9687
4513 3163
4518 9116
4511 9071
4519 6497
4524 7691
4527 3436
4520 9302
4536 441
4536 7343
4541 5364
4548 9950
4569 3231
4562 3734
4574 100
4596 440
4606 2235
4609 1273
4600 2867
4612 388
4628 889
4625 2774
4633 6738
4634 7137
4642 1462
4645 5966
4646 4427
4641 9005
4643 2170
4652 3375
4656 1986
4667 8915
4661 3170
4667 2921
4671 5162
4673 2486
4674 7033
4670 2851
4672 8287
4683 9137
4688 8393
4681 9005
4698 110
4693 777
4705 263
4713 3967
4711 8377
4714 6564
4727 4660
4734 6409
4735 5337
4731 3658
4731 3200
4749 5089
4751 7335
4755 269
4751 1862
4753 2297
4761 6642
4768 7284
4761 3697
4769 5703
4760 6748
4776 9411
4776 4503
4798 5972
4790 9728
4807 6762
4808 3261
4807 8394
4810 1051
4818 2019
4815 6624
4812 8080
4826 2443
4823 4055
4825 4909
4830 2108
4837 6779
4839 8982
4844 7852
4843 7858
4842 8878
4852 1927
4867 9114
4863 1408
4888 9796
4882 600
4899 9062
4896 9497
4898 3699
4890 8944
4892 9692
4892 3861
4892 4006
4897 7314
4893 7982
4914 3374
4912 5840
4911 7425
4910 3869
4919 6403
4914 3328
4923 8261
4934 2565
4945 3079
4948 6344
4944 164
4955 6647
4951 772
4955 8449
4950 9789
4958 6157
4961 8487
4976 6229
4971 7152
4987 782
4981 1657
4985 2823
4989 4419
4997 8158
4991 1102
4995 4034
4997 9393
5000 5182
5017 1418
5012 7067
5011 1907
5010 8899
5014 7330
5021 2570
5026 9092
5035 9854
5038 1117
5031 9228
5034 9078
5031 258
5042 28
5040 8970
5048 9432
5052 2271
5053 5347
5052 4602
5051 1341
5050 3414
5051 6976
5061 1658
5076 8171
5082 6536
5088 6214
5082 7427
5108 4364
5114 6998
5117 6200
5128 194
5129 559
5139 4479
5132 6418
5146 7638
5146 293
5143 7512
5151 4612
5159 5277
5155 955
5153 5514
5161 7734
5166 6515
5169 9880
5160 6520
5171 8384
5176 8891
5173 5135
5188 3147
5193 5722
5197 1163
5197 3060
5205 1070
5203 9418
5200 708
5205 204
5209 2050
5218 8019
5211 8825
5218 2931
5215 6049
5225 3388
5225 8991
5242 133
5243 610
5254 119
5251 5970
5257 7200
5263 2090
5276 7021
5286 2916
5286 6833
5290 7026
5298 1877
5307 3207
5308 1107
5302 6614
5310 1182
5320 2614
5324 1863
5334 4970
5339 3147
5332 9891
5343 4325
5344 2095
5351 3363
5355 1894
5355 2494
5366 1884
5365 2847
5364 3084
5371 7558
5386 5227
5389 9232
5383 3009
5395 9251
5401 3985
5405 9373
5405 8948
5400 2052
5412 3394
5417 5831
5429 3264
5424 8835
5439 9018
5441 2346
5441 4270
5446 7887
5447 370
5444 2910
5453 9487
5462 5067
5464 9187
5471 7705
5477 6555
5476 121
5488 1298
5495 8053
5506 420
5507 993
5502 2046
5507 4110
5508 1483
5515 6621
5515 1636
5513 499
5510 1391
5529 6248
5525 1765
5538 6726
5537 6556
5539 3155
5543 8245
5549 9504
5564 7320
5566 9441
5565 7576
5564 1870
5579 9551
5578 340
5572 7097
5577 9167
5583 2268
5594 45
5597 8101
5594 9676
5602 5210
5617 9367
5618 7469
5621 3531
5621 3509
5625 422
5621 5544
5636 3936
5636 4764
5633 701
5632 1667
5642 3023
5648 11
5650 8470
5654 6923
5668 3315
5684 1136
5683 3394
5680 4373
5686 952
5684 1357
5698 7414
5696 1972
5691 2611
5709 3185
5702 1641
5719 9547
5719 8887
5723 7887
5731 7426
5731 7099
5745 3670
5746 3970
5757 6380
5750 9660
5765 3370
5767 245
5771 3563
5776 7681
5780 3827
5788 4174
5798 3968
5797 2662
5801 9509
5812 7501
5815 9000
5811 7103
5818 7534
5826 4316
5820 8375
5836 3948
5832 9988
5849 7593
5856 2307
5857 2934
5862 2814
5866 5173
5881 5688
5886 8109
5883 7560
5888 9513
5914 45
5927 7611
5929 3805
5939 7948
5930 9957
5942 8801
5940 2851
5950 8515
5952 6865
5965 1199
5968 2368
5960 2651
5964 8050
5965 4786
5968 6232
5967 3445
5977 1205
5971 4258
5978 7100
5985 3085
5981 8571
5994 3704
5994 9035
5993 1583
6002 643
6012 5810
6017 11
6016 4562
6012 5225
6020 4146
6039 6721
6034 5715
6038 1954
6045 4878
6042 4030
6042 5528
6047 7925
6043 5113
6044 8877
6066 7591
6063 9843
6072 4668
6070 2091
6082 8582
6085 659
6081 9259
6092 9488
6091 9338
6092 1006
6092 1819
6100 9085
6100 2162
6104 2075
6113 6444
6110 8643
6125 854
6125 9003
6133 1483
6135 2858
6130 3414
6149 6775
6140 8655
6149 4535
6152 6212
6157 6321
6155 1426
6173 8051
6173 9729
6174 195
6183 1489
6186 89
6183 6052
6188 9979
6181 4871
6181 3990
6190 8475
6197 6279
6205 3557
6209 6858
6204 8642
6206 3233
6205 5554
6209 9318
6226 31
6223 8264
6234 9717
6230 1575
6243 5779
6240 8677
6245 3198
6252 8635
6255 2468
6258 9401
6265 1918
6262 114
6268 7762
6267 7102
6261 7470
6265 9294
6272 6212
6270 5884
6278 6743
6287 9945
6285 120
6281 9260
6289 153
6282 3895
6288 7629
6284 2924
6285 4031
6298 7403
6291 6303
6300 7814
6300 5876
6305 8555
6311 1206
6319 9466
6325 810
6322 7032
6323 7542
6331 2619
6344 4252
6344 23
6348 4556
6342 1504
6355 9396
6354 7375
6352 5958
6351 7540
6359 3752
6361 8252
6369 534
6366 2279
6363 2639
6377 5714
6373 8429
6389 7484
6387 9299
6386 4401
6391 3953
6399 2042
6406 3743
6403 5437
6409 9004
6406 348
6414 1226
6426 4974
6427 8646
6429 696
6432 6374
6436 6729
6437 4730
6439 145
6432 6823
6438 7383
6442 7361
6446 6510
6449 3116
6444 8474
6452 443
6451 1522
6455 2589
6454 4081
6456 8496
6456 18
6459 186
6464 7441
6476 6409
6471 7098
6481 1429
6481 9542
6499 7149
6490 6758
6493 4395
6490 7292
6505 1996
6507 1697
6504 3887
6510 7989
6510 5812
6518 773
6514 8453
6529 9995
6528 5018
6521 1435
6531 5604
6535 8209
6531 7499
6552 822
6564 2991
6563 3694
6562 2152
6564 930
6574 1801
6577 7983
6582 8607
6591 9331
6592 750
6598 8988
6594 8872
6603 1149
6602 7195
6618 3854
6616 2453
6619 2314
6620 3886
6623 9910
6626 5287
6630 7545
6630 1054
6635 6237
6646 4245
6648 6531
6640 4038
6651 9350
6656 7903
6656 3105
6660 2116
6670 5838
6671 3898
6681 7696
6680 3366
6682 6837
6691 1152
6695 1432
6709 679
6719 8523
6712 3399
6727 7873
6729 2745
6727 1965
6727 8233
6726 6354
6733 3026
6748 9895
6742 1572
6741 1621
6748 2661
6752 5251
6768 2139
6763 3866
6769 8027
6779 9812
6776 3895
6772 3812
6776 2386
6788 2867
6787 4468
6792 9856
6795 4411
6808 9992
6800 8707
6816 6264
6827 8685
6823 2765
6829 4629
6823 8967
6837 2247
6840 2122
6855 7415
6853 2177
6856 825
6856 4663
6864 9492
6867 5986
6865 2262
6863 3355
6860 1580
6865 7447
6866 9230
6876 9125
6877 1284
6877 7380
6886 3221
6886 1366
6899 6352
6894 2843
6893 8880
6905 2220
6918 6491
6912 7956
6911 2364
6918 2347
6917 4805
6924 2879
6945 9437
6945 5189
6945 740
6953 1848
6955 3388
6956 2847
6950 6670
6959 7006
6961 7749
6966 1998
6966 6085
6977 1926
6970 1564
6986 5930
6990 8131
6999 4176
6990 7559
7003 9411
7005 1734
7004 7593
7000 2814
7002 5804
7001 9643
7016 7482
7015 5251
7015 1859
7016 321
7025 4569
7033 4879
7047 2187
7047 8429
7047 890
7050 5482
7059 9207
7059 990
7053 9791
7050 8286
7069 778
7066 7443
7072 5705
7072 5858
7077 6666
7082 7575
7084 5215
7082 6
7085 6860
7088 4817
7091 8067
7095 1731
7094 7176
7091 5725
7107 3098
7106 5318
7101 9213
7110 8784
7124 7496
7131 3975
7131 5170
7143 5671
7168 3339
7179 5975
7177 7963
7178 8390
7184 8957
7181 474
7183 8907
7192 3313
7208 2886
7206 6762
7206 2565
7206 2985
7214 150
7213 1218
7214 9578
7224 8464
7223 518
7238 9041
7236 7224
7230 8755
7237 9286
7238 5200
7247 1679
7248 2657
7249 523
7250 9131
7264 3386
7262 6704
7265 7923
7267 3495
7261 3689
7263 2114
7260 1034
7276 187
7270 6839
7284 4464
7284 7384
7295 8933
7293 8916
7291 8122
7292 42
7301 836
7315 7336
7326 6559
7328 2689
7332 5714
7337 3642
7332 719
7334 8983
7335 5563
7334 506
7333 8331
7347 4234
7345 6473
7346 6787
7359 4246
7352 4400
7354 3468
7354 3215
7364 8552
7376 587
7374 2655
7374 2243
7384 8973
7389 7182
7380 9737
7384 6204
7384 3147
7388 5835
7384 4754
7388 317
7396 7059
7408 3318
7401 4364
7419 186
7427 5780
7420 156
7429 3138
7437 8697
7449 8451
7440 2250
7454 9512
7461 7677
7465 6973
7464 2750
7465 7384
7460 707
7464 8122
7478 8188
7472 2865
7477 4784
7492 5733
7507 5182
7503 6262
7506 5271
7518 5282
7511 5281
7529 1728
7524 1539
7533 4540
7538 3581
7540 5786
7550 997
7555 5176
7562 6225
7576 2737
7571 3136
7586 3578
7581 7972
7597 9130
7592 3239
7593 2383
7590 281
7594 2882
7594 8789
7600 6764
7605 147
7612 1021
7611 6586
7622 9032
7627 6519
7626 7088
7633 795
7648 7847
7646 4406
7640 9329
7649 1479
7651 8535
7662 4148
7661 2718
7667 9531
7676 2241
7678 1010
7679 8115
7670 4042
7679 5985
7673 9838
7678 7478
7684 1718
7682 9864
7685 6288
7690 8519
7692 4401
7690 9415
7691 601
7708 4224
7700 9645
7712 1388
7711 6871
7714 8298
7716 9183
7727 4156
7729 6940
7733 9134
7738 5106
7734 8469
7739 9774
7738 3463
7747 9875
7756 2883
7750 6107
7761 7045
7763 4485
7769 558
7777 9879
7772 9217
7778 3531
7776 8876
7777 4429
7770 3468
7788 2333
7786 3815
7785 9607
7786 784
7797 5998
7797 5420
7794 3600
7802 2695
7804 8090
7806 608
7814 367
7812 5806
7824 3850
7822 6405
7835 3167
7835 5807
7845 8362
7841 7104
7843 4863
7841 262
7843 8670
7842 6374
7842 9101
7846 1036
7855 8013
7856 2149
7862 2885
7872 8364
7874 6802
7878 62
7894 6422
7899 5002
7894 4075
7909 5075
7914 6585
7914 2958
7916 8729
7922 3408
7926 8161
7937 6006
7935 3086
7935 5638
7930 7847
7948 8937
7940 5858
7954 5106
7953 9128
7954 2205
7958 5976
7968 6532
7965 2843
7966 5466
7960 6545
7976 8995
7983 4653
7987 8056
7989 8970
7982 5879
7998 4305
7999 473
8001 7262
8003 4345
8010 7690
8010 2011
8014 4485
8019 2181
8024 3131
8028 6476
8022 5574
8039 8051
8031 169
8030 701
8041 6433
8046 2760
8041 6306
8058 2148
8066 141
8064 5475
8079 5915
8071 7589
8088 8667
8085 7862
8085 9711
8105 6084
8111 7153
8124 4863
8126 1607
8128 4761
8121 2110
8121 8598
8133 5117
8130 8201
8131 1329
8130 7962
8148 5723
8149 4482
8159 9147
8157 4493
8168 1645
8169 2360
8175 1909
8181 2326
8184 2285
8180 8518
8199 6140
8194 9569
8191 679
8190 5373
8203 9460
8204 7687
8227 1922
8226 1144
8231 7217
8233 8730
8237 7618
8251 7456
8259 7063
8263 7411
8268 2440
8277 9312
8279 2277
8275 6691
8283 1243
8292 455
8298 7066
8296 1846
8295 7535
8303 8502
8309 1205
8313 5658
8312 2698
8334 7488
8337 5383
8334 5398
8343 4319
8347 4728
8346 9857
8345 2802
8342 7671
8340 7206
8359 7024
8355 1314
8357 4925
8354 1160
8363 4296
8372 4548
8382 9830
8388 2127
8388 6922
8382 6043
8389 1842
8380 1335
8391 3607
8392 1735
8398 9789
8407 5313
8402 4740
8407 7236
8406 5580
8415 4598
8413 7808
8419 1776
8433 5938
8437 433
8445 2604
8447 6641
8456 6208
8453 8784
8454 9417
8466 9312
8461 5127
8476 4940
8471 3849
8472 7109
8479 4305
8470 7631
8480 9310
8496 6011
8493 4251
8490 4960
8508 3310
8505 6162
8517 131
8512 6415
8522 9797
8524 1774
8535 6753
8538 4454
8531 8452
8537 8491
8532 4268
8547 7013
8540 4827
8549 38
8542 5540
8559 3562
8557 9813
8555 4939
8555 3569
8559 9293
8560 4775
8560 3110
8585 6813
8585 9141
8580 5407
8586 7510
8589 7398
8593 8908
8595 8036
8599 7472
8598 9901
8599 5926
8595 3752
8592 2477
8609 3521
8632 5095
8646 972
8641 643
8659 4057
8650 9619
8659 1307
8679 8015
8670 4518
8679 5396
8689 3725
8699 3784
8697 7672
8695 382
8701 6713
8708 658
8704 7700
8712 5861
8720 2974
8736 9705
8731 2713
8743 7236
8745 1671
8749 3681
8746 2101
8750 9982
8766 7931
8764 8496
8770 9982
8779 3861
8780 7612
8781 640
8786 4860
8791 8745
8797 2816
8797 6937
8804 1421
8804 6059
8806 6473
8809 6057
8813 303
8818 1395
8818 3235
8824 6992
8825 5479
8822 7763
8831 339
8833 6296
8846 2485
8845 6304
8852 4765
8850 4465
8866 5080
8885 444
8880 6627
8883 3255
8881 7594
8890 5204
8890 6478
8904 7057
8906 8882
8904 3971
8902 2671
8915 6768
8910 7718
8927 6140
8930 6995
8934 3412
8934 6539
8945 6080
8941 5371
8951 5232
8958 5744
8965 2445
8961 1998
8967 1723
8972 7285
8978 5127
8977 4755
8984 4072
8983 7527
8984 7311
8990 8495
8993 7424
8991 6647
8998 9131
8995 2241
9005 7786
9007 5930
9010 8094
9012 362
9016 3924
9017 2475
9010 4218
9029 3041
9027 8123
9023 6758
9032 5747
9037 6649
9032 3747
9048 8093
9042 7257
9047 5840
9059 3889
9068 282
9065 6741
9068 1878
9079 5601
9074 3193
9085 9362
9084 8662
9097 6920
9091 8922
9105 4894
9106 5877
9103 8176
9101 5190
9111 147
9129 2679
9126 72
9135 4672
9138 2237
9139 8814
9146 5782
9146 4908
9147 697
9145 4210
9160 7805
9160 7896
9163 5465
9162 5714
9168 6896
9178 537
9185 6347
9181 5050
9184 5108
9181 1774
9198 4142
9198 4381
9196 7248
9203 5728
9209 3649
9216 7675
9213 5333
9220 8891
9224 1759
9234 8957
9233 9431
9232 2193
9234 4947
9248 5475
9248 5041
9247 3554
9248 9099
9241 2505
9240 6726
9249 4433
9252 967
9252 2898
9260 9156
9279 6190
9274 8591
9280 4877
9281 7724
9285 1651
9284 7049
9283 3130
9293 4859
9291 3548
9316 8474
9319 4420
9317 2549
9324 7428
9332 6554
9344 3151
9342 3396
9349 9669
9350 7342
9351 1625
9396 2307
9393 2018
9404 6495
9411 1306
9413 2362
9410 6776
9426 4102
9427 8987
9429 9017
9425 5049
9436 7193
9431 7918
9438 3003
9435 6711
9443 4809
9445 6065
9459 2713
9459 4428
9453 9923
9464 8468
9464 7705
9475 8501
9484 6713
9495 2764
9495 8368
9509 2733
9502 2894
9516 2954
9513 4160
9521 6471
9535 7383
9537 8186
9531 9428
9536 8932
9534 9576
9545 5026
9543 553
9540 5807
9541 6529
9548 6536
9541 7233
9551 9365
9554 4637
9550 8360
9554 5756
9553 7929
9567 6411
9564 6490
9565 2415
9565 7157
9570 8420
9575 900
9575 6975
9572 940
9573 3248
9582 5881
9587 4793
9592 1867
9602 5556
9606 863
9601 3416
9608 9484
9604 6231
9604 3284
9617 2842
9616 9196
9610 7288
9628 8235
9620 198
9635 1491
9638 4133
9637 9969
9636 151
9631 5077
9631 664
9653 9960
9657 203
9652 2202
9651 7118
9652 9567
9666 5428
9678 1158
9681 5383
9696 2936
9698 7839
9697 111
9690 723
9691 8027
9694 9338
9705 6287
9717 9834
9712 8600
9716 2044
9726 7549
9720 1841
9738 2417
9749 7850
9755 6297
9758 6618
9754 2225
9766 7481
9769 798
9763 1959
9779 1615
9787 2048
9789 7004
9783 4696
9786 9636
9786 3308
9795 4380
9790 1492
9795 3826
9794 8184
9807 3240
9801 6903
9809 1612
9810 630
9819 475
9818 427
9849 5916
9844 8836
9847 1321
9840 2213
9856 5289
9857 4720
9852 3991
9869 523
9889 5399
9884 5057
9890 8287
9895 8804
9899 8708
9893 5201
9898 4904
9893 2733
9900 6773
9906 4248
9901 8552
9903 9812
9904 4825
9919 7761
9928 3915
9928 8987
9925 882
9922 898
9925 9487
9929 6356
9922 2278
9937 1682
9931 2804
9939 6184
9931 5948
9933 910
9937 389
9940 4180
9959 5920
9953 1337
9955 6915
9968 9749
9961 5672
9966 6752
9980 7299
9988 1098
9982 9094
9985 7174
9983 6206
9980 1574
9982 3624
9980 8962
9998 8556
9996 1024
9999 5958
9990 8518
10000 947
13 2150
28 8237
21 4224
30 7230
33 4347
30 3758
46 858
48 5813
56 1141
56 5756
62 9522
77 1639
75 4159
82 9189
86 369
85 2212
94 7775
96 4279
109 5555
136 999
139 681
148 3531
145 783
148 9595
140 8015
157 483
168 2693
160 5598
170 9831
176 7999
177 2924
170 911
180 6603
183 169
186 5863
185 8321
186 5472
191 3599
192 2029
204 9323
205 3744
206 423
207 130
203 3639
203 8833
229 4615
231 5734
245 7443
264 4262
269 1757
268 745
268 7270
264 5594
275 1898
278 3361
283 2330
287 1789
299 3159
291 3104
294 8499
307 2190
302 4169
318 6978
316 8130
339 5156
334 8026
334 200
343 5014
357 6788
357 4347
350 5160
360 6099
372 9844
387 4471
395 2079
400 7568
415 1810
429 3209
425 9971
440 4984
445 6086
447 9252
443 6405
442 4144
449 2478
451 7262
458 1069
463 8675
478 7878
472 5857
497 8601
493 2903
499 9664
497 9414
513 2093
514 3410
513 7120
524 1703
537 6004
537 6482
536 5982
543 4999
558 7592
565 3377
566 1311
567 4130
572 8868
587 7471
598 9833
593 4498
596 9203
592 4588
616 149
610 2354
612 7271
616 1502
624 4205
629 2367
639 5553
633 2580
650 5803
656 464
651 4922
664 5589
679 7031
673 7679
671 2010
684 1000
687 9285
686 5992
684 9519
688 7299
691 9487
692 3096
697 5080
718 8348
728 4803
724 8299
732 8532
736 6240
736 1601
734 9145
743 9724
749 5770
740 9652
759 1432
759 2926
757 3869
750 8979
766 767
760 113
769 445
771 1573
773 9208
777 102
783 5710
788 2294
801 6911
801 4133
807 7543
802 937
804 583
810 28
815 4266
818 7459
827 9387
822 5095
826 5767
846 5397
849 5116
841 2695
856 9614
852 9408
867 8565
863 5122
862 4455
873 5780
872 365
888 9363
887 7639
894 8286
901 8182
910 8915
914 2084
922 1812
922 4303
926 9396
923 5562
924 6516
938 5821
936 451
931 6572
941 1422
948 3316
963 1133
961 3073
960 7162
962 5198
971 3604
978 9559
998 8591
991 6307
1005 8249
1010 6570
1014 620
1024 8115
1022 2287
1025 4867
1045 546
1041 7848
1065 4259
1062 7710
1061 5269
1061 7361
1064 7334
1076 4520
1071 4618
1087 6287
1087 408
1086 5345
1093 1347
1098 139
1096 45
1096 9002
1094 1592
1106 5743
1108 6779
1114 8519
1117 4008
1111 7270
1119 8972
1127 6321
1124 687
1148 4589
1154 1827
1156 820
1152 9987
1166 3750
1168 6947
1161 7591
1176 3711
1188 5968
1180 3787
1188 7744
1186 2291
1199 3450
1197 763
1197 9335
1209 8988
1205 8219
1202 6759
1205 2958
1213 9591
1223 1850
1225 2948
1229 7923
1220 9616
1224 8122
1237 1816
1237 5638
1238 5461
1242 3011
1240 3880
1242 5637
1253 2180
1257 2716
1250 5256
1253 1134
1257 6334
1254 7953
1272 374
1270 2311
1276 400
1274 4896
1278 3258
1283 5022
1282 4007
1286 8752
1291 712
1292 7714
1292 5769
1296 869
1308 6268
1307 4839
1307 5069
1309 4095
1313 2240
1313 1641
1320 5661
1320 3898
1324 4806
1333 558
1332 6185
1351 8262
1353 6680
1350 4375
1354 5922
1367 5090
1375 2903
1388 9220
1381 8868
1398 9513
1391 5368
1398 8574
1410 3825
1419 885
1413 4801
1422 7400
1424 6902
1427 5429
1426 9704
1430 6636
1434 2010
1431 2359
1438 4951
1443 3191
1446 2767
1443 7966
1448 8909
1452 7327
1455 4340
1455 1296
1453 6954
1464 6352
1461 4610
1470 1250
1479 7221
1482 2575
1488 4532
1497 3159
1498 7248
1506 4652
1504 5465
1507 8461
1520 9410
1524 6271
1525 3622
1537 1813
1533 9837
1530 3280
1541 6428
1555 346
1555 451
1559 8577
1559 8701
1557 6159
1550 7920
1563 7498
1566 6651
1568 7873
1572 6339
1571 1106
1577 2431
1578 1936
1570 9719
1581 4370
1583 1164
1581 9387
1592 4620
1591 3934
1605 1394
1600 7573
1613 8605
1624 7597
1625 4920
1625 8771
1631 5957
1639 7411
1640 7868
1653 4671
1655 6079
1651 5856
1663 2677
1662 1666
1665 6636
1675 9431
1675 9122
1678 8134
1681 4668
1685 4004
1686 8389
1696 4745
1707 585
1710 5313
1715 4697
1719 6508
1724 1348
1723 8075
1723 4068
1738 6461
1730 9056
1739 8818
1732 3428
1736 7716
1743 803
1748 9322
1756 4452
1769 9962
1762 8500
1765 6162
1760 5099
1769 807
1765 6282
1766 9969
1774 563
1775 8003
1774 9804
1778 6232
1783 3640
1788 779
1800 3256
1800 8333
1808 7969
1806 7142
1806 1744
1811 6559
1821 9434
1821 126
1820 4557
1823 537
1829 203
1820 7003
1820 9841
1836 1332
1845 1480
1841 4617
1859 4284
1864 1875
1871 345
1871 1358
1888 1109
1884 4355
1889 8874
1886 2162
1882 6387
1896 5130
1916 3904
1927 1214
1924 3583
1927 6852
1924 3420
1941 8437
1940 9715
1948 3397
1947 7976
1955 2331
1965 9903
1969 4366
1964 5370
1974 1998
1971 6926
1988 3904
1980 7676
1993 1692
1995 2818
1993 5679
2002 8735
2003 7395
2015 1601
2014 8473
2020 6827
2020 3659
2028 9859
2021 2085
2025 4429
2028 5511
2035 2497
2034 9799
2034 3756
2043 2852
2040 743
2041 4232
2051 8880
2059 2959
2052 7285
2062 3581
2072 6754
2079 6633
2075 69
2076 3311
2088 9669
2084 4186
2086 2122
2084 5146
2087 8054
2093 9761
2096 4662
2102 1184
2105 9531
2103 5107
2107 9701
2101 1271
2112 2701
2112 7350
2118 6709
2128 6526
2124 3640
2121 3219
2129 9787
2121 518
2136 3451
2131 3788
2133 247
2138 9135
2149 926
2149 2909
2148 5681
2148 8076
2146 3462
2156 7784
2159 4497
2162 511
2163 6955
2169 2047
2177 8204
2177 4505
2177 6177
2176 2010
2182 5713
2182 6774
2193 3865
2196 8021
2200 8619
2206 8693
2225 318
2227 7181
2221 1911
2235 4000
2232 1852
2230 158
2233 4383
2235 2225
2248 2157
2241 854
2245 4610
2246 4343
2267 7633
2261 2153
2278 2508
2273 9961
2289 7650
2286 6305
2294 4668
2313 4373
2318 4712
2317 7805
2320 677
2328 7082
2332 9991
2332 8641
2344 927
2348 7026
2348 446
2344 9839
2350 2058
2352 1839
2374 2918
2372 5035
2373 6068
2380 1073
2380 6742
2395 1603
2391 3736
2396 4922
2407 1352
2408 7609
2404 2273
2402 2072
2403 7681
2403 2724
2417 1384
2410 1011
2417 4493
2424 430
2426 4413
2420 2535
2425 8757
2421 2116
2433 8150
2435 1697
2438 1304
2436 2630
2449 2206
2442 6208
2451 6493
2460 1965
2460 5138
2468 3432
2477 423
2471 5575
2483 9537
2482 8428
2485 8856
2487 7543
2485 7619
2500 7695
2500 9299
2515 3582
2517 8777
2514 2976
2519 6577
2511 2700
2526 3796
2539 7655
2541 3422
2553 905
2564 9433
2563 3009
2587 4495
2591 8242
2592 2879
2624 6660
2622 559
2635 3006
2644 2902
2642 2807
2648 3384
2642 7190
2642 5445
2655 5823
2652 4261
2653 7698
2662 7183
2664 6987
2674 4150
2671 9659
2676 8592
2683 4850
2681 2800
2682 8535
2681 1291
2688 7417
2699 5814
2693 6166
2708 1794
2718 282
2719 8835
2711 1304
2715 8179
2725 9323
2735 4103
2735 777
2748 9311
2756 627
2759 7050
2752 5849
2766 8359
2760 4780
2769 5752
2777 4224
2778 3599
2784 2249
2798 3882
2801 348
2809 9855
2811 6582
2818 8132
2816 6120
2811 9608
2812 6441
2829 5553
2828 5657
2839 2202
2833 8603
2844 1150
2844 5634
2843 3773
2849 7663
2854 9793
2850 8549
2867 5164
2865 3422
2877 9813
2879 3234
2885 8176
2893 3871
2891 654
2919 3709
2910 669
2917 1325
2914 5020
2918 2831
2916 808
2912 6061
2929 2938
2925 7995
2927 8029
2923 6100
2922 9024
2934 4828
2938 9930
2940 2320
2942 1761
2949 8181
2955 7378
2957 232
2950 5936
2957 4862
2965 3088
2974 6192
2977 9879
2977 4103
2972 595
2982 7229
2985 9483
2986 8209
2984 6656
3005 7361
3008 5051
3009 4759
3019 7627
3018 1084
3016 5531
3013 6051
3010 7798
3027 2219
3025 1565
3020 7314
3029 1951
3031 3268
3031 9
3049 9623
3049 726
3054 3718
3052 313
3059 4019
3060 9852
3063 4341
3063 6399
3077 6206
3072 7737
3083 4755
3086 9083
3088 2576
3080 2069
3092 6924
3105 2654
3118 6515
3118 8576
3119 7735
3125 4611
3129 6753
3125 822
3120 2550
3132 844
3133 2027
3145 9294
3145 1532
3143 9254
3154 2594
3157 6476
3156 158
3176 5633
3172 9689
3171 6502
3180 5416
3189 6991
3185 925
3183 6306
3189 632
3185 6490
3181 1574
3185 3840
3199 8116
3194 9497
3195 4870
3191 8043
3207 423
3205 6633
3211 2109
3217 9186
3222 5131
3232 174
3234 6408
3247 8862
3245 3471
3264 5004
3261 4862
3264 8127
3269 3350
3276 8723
3283 2829
3290 3609
3299 9101
3296 5229
3293 6573
3303 2811
3315 6281
3318 3931
3321 2724
3328 6493
3339 2378
3347 4086
3350 4159
3358 2153
3351 9910
3352 9253
3350 1238
3353 3690
3366 2599
3364 1531
3361 1926
3366 6767
3365 476
3374 7147
3388 9861
3391 6525
3399 515
3394 4169
3399 233
3401 1385
3418 7110
3410 1772
3423 1831
3429 2846
3421 1123
3423 5634
3425 3290
3427 5767
3431 2878
3441 5231
3446 1219
3447 3413
3455 5831
3462 793
3462 4843
3476 457
3476 7064
3475 5219
3482 9732
3487 2445
3489 436
3499 7189
3496 958
3503 3038
3508 6511
3504 8462
3519 3996
3517 5615
3514 1396
3523 3275
3526 3520
3525 190
3537 9985
3534 768
3545 2819
3565 5669
3567 6143
3562 5154
3578 919
3581 7333
3582 1719
3580 3778
3582 3958
3591 1372
3595 6360
3606 3735
3605 88
3610 4678
3618 1057
3614 2742
3631 3173
3636 3959
3632 662
3645 6021
3654 7764
3658 3715
3654 7412
3660 995
3661 7143
3664 5539
3664 4163
3668 3560
3685 4207
3688 7902
3696 5949
3690 5379
3690 1005
3700 4777
3713 5631
3726 7307
3726 9965
3728 7818
3733 9790
3739 2465
3734 3824
3730 4330
3735 9039
3743 3520
3743 2352
3768 9478
3766 9909
3776 1990
3779 8083
3770 4716
3779 3717
3787 9242
3780 5154
3784 3119
3782 3104
3785 6096
3794 43
3799 8022
3804 290
3805 1782
3822 8505
3829 3785
3833 3958
3830 5863
3849 3962
3848 1904
3842 6552
3844 6454
3845 2901
3864 3696
3871 5904
3883 6761
3887 5220
3896 4619
3890 9163
3890 2524
3894 9999
3908 7217
3911 9704
3910 9270
3919 2686
3922 7865
3923 9318
3927 4737
3932 1734
3934 8555
3933 9698
3934 207
3948 6340
3940 3050
3947 9990
3944 7776
3954 2668
3958 3709
3969 725
3968 3053
3977 1575
3983 5317
3990 2975
4000 4325
4001 4860
4005 5184
4015 9919
4027 664
4029 4982
4025 2685
4036 3773
4033 9100
4038 3541
4048 2268
4051 1644
4055 7640
4051 9046
4057 1717
4064 4483
4078 5298
4085 3688
4081 5562
4099 4970
4094 467
4107 2737
4112 8473
4115 9296
4128 5870
4129 3591
4132 7265
4132 9386
4139 4507
4146 7332
4149 6352
4155 4762
4150 6397
4155 1531
4150 829
4158 1505
4154 6157
4169 1355
4168 3573
4179 7708
4182 9321
4184 4307
4185 8911
4182 4559
4195 8723
4207 323
4202 5731
4200 893
4216 374
4217 335
4212 2549
4221 4618
4226 4390
4240 8501
4243 3466
4243 1317
4248 2775
4254 7617
4255 2672
4255 8895
4268 5025
4271 4930
4280 9273
4288 1790
4281 6377
4280 1860
4288 4135
4290 8007
4308 3029
4303 1484
4303 9606
4315 6532
4310 5527
4310 9330
4326 5751
4328 7228
4328 7995
4332 4292
4338 9865
4337 2765
4333 7780
4344 4039
4348 7245
4353 6402
4368 6589
4362 8490
4367 9153
4363 7517
4371 8400
4370 9369
4373 781
4373 6138
4385 2762
4384 7319
4399 2204
4396 9756
4395 3090
4391 9233
4404 5744
4407 5041
4417 8704
4413 7088
4419 7988
4414 7393
4415 5791
4418 3110
4421 1429
4423 9676
4434 2599
4431 410
4431 2205
4443 4193
4446 3167
4455 8343
4455 1075
4452 6459
4468 4556
4466 1485
4465 6491
4465 8431
4471 7482
4474 1825
4476 7402
4473 6963
4487 6338
4487 9619
4488 8869
4483 1603
4494 9425
4490 4339
4519 3619
4513 5090
4534 9350
4538 2530
4535 5747
4536 4075
4545 1358
4546 2184
4559 5615
4556 6870
4569 8198
4575 8290
4572 5231
4574 2201
4573 7662
4577 795
4588 5072
4586 1422
4600 5733
4604 4779
4609 2435
4602 3330
4610 9279
4614 1167
4619 6764
4613 3371
4615 6017
4628 8338
4633 1452
4633 9751
4638 3049
4630 3733
4645 7805
4646 6812
4645 7115
4658 6241
4651 2921
4653 6076
4654 7748
4673 7584
4672 6694
4677 5759
4678 6789
4697 2868
4692 6494
4693 1426
4703 5273
4711 3766
4711 4895
4725 8034
4720 4976
4720 9873
4722 7345
4746 2039
4758 3176
4755 9256
4765 3719
4765 3070
4773 5586
4781 777
4781 3222
4789 245
4788 7804
4785 3493
4799 378
4793 2497
4803 4089
4810 7672
4819 8547
4817 3917
4822 7764
4827 4455
4820 834
4823 4267
4828 9241
4822 9199
4841 4005
4845 1115
4848 9362
4845 4052
4853 7836
4856 7347
4865 1818
4875 677
4871 1096
4870 8602
4884 2000
4889 1557
4882 3669
4889 3540
4890 9560
4893 7917
4903 3401
4907 927
4909 5922
4900 2540
4919 4901
4910 6203
4916 4506
4915 6597
4912 7274
4921 2692
4926 7896
4938 3284
4936 8792
4937 6240
4939 7207
4944 1185
4943 3898
4941 2329
4952 7422
4955 7891
4950 9941
4960 7721
4979 3538
4979 5670
4989 436
4981 7925
4986 5959
4987 7413
4980 1012
4986 9185
4984 4134
4999 9408
4991 6122
4993 1468
5006 7070
5004 2012
5001 1003
5009 514
5008 6351
5008 5140
5013 4344
5010 105
5019 1110
5027 7296
5029 4013
5025 910
5029 8453
5028 2174
5030 9829
5036 1572
5032 4319
5048 6290
5043 7
5045 7431
5058 2068
5054 7268
5050 7524
5061 1055
5066 7988
5074 6790
5076 5546
5083 6337
5082 9958
5084 4440
5095 9424
5103 2599
5102 7183
5105 909
5106 2803
5105 4670
5106 2027
5112 3761
5118 2177
5127 9198
5123 3060
5131 7488
5137 7039
5147 6515
5145 3743
5144 967
5154 2460
5153 7913
5163 4725
5160 8614
5170 8526
5173 6974
5175 7483
5182 3655
5180 6909
5182 8722
5191 9253
5200 8896
5205 5825
5200 6195
5208 6059
5201 5053
5208 5853
5206 5701
5211 9574
5225 5696
5232 3778
5237 316
5235 7610
5233 1132
5235 2758
5246 5290
5248 9176
5257 8610
5254 9195
5259 2079
5250 743
5262 2583
5266 4505
5268 2692
5276 3777
5272 8808
5273 971
5284 5242
5283 1671
5292 973
5294 1113
5298 6349
5294 359
5308 4859
5309 4039
5316 589
5322 7787
5325 9068
5326 3781
5325 8371
5329 4276
5339 2389
5330 9323
5358 6101
5352 8445
5358 3789
5358 1594
5356 4181
5365 4207
5365 4158
5373 2619
5378 4109
5377 6470
5371 9293
5377 4681
5389 8158
5385 5233
5399 4770
5394 8024
5406 4619
5408 7557
5403 4201
5419 5416
5424 2548
5427 8567
5423 6367
5424 844
5421 1637
5439 8453
5431 6857
5438 334
5468 9821
5465 7687
5460 7481
5475 5090
5485 8808
5489 1580
5487 6433
5480 9860
5505 577
5501 4126
5503 3411
5516 6119
5512 4204
5515 1760
5529 8721
5535 7243
5535 6495
5547 1105
5542 8441
5543 6002
5553 9847
5559 3813
5557 7102
5557 1798
5566 1863
5562 3319
5579 9803
5586 7326
5584 8699
5583 2049
5591 103
5590 4674
5590 3036
5605 6726
5614 9038
5616 4069
5623 2410
5625 8278
5629 9248
5623 338
5632 5114
5638 479
5635 1124
5631 5205
5641 6626
5657 7806
5657 4231
5666 2595
5668 7343
5679 8913
5674 2146
5673 1624
5688 9523
5692 1874
5694 6628
5708 16
5703 3126
5701 2100
5709 4389
5707 8940
5713 2163
5726 7684
5739 3375
5741 1214
5744 5447
5756 4140
5751 959
5763 5642
5761 5736
5779 3933
5777 3890
5788 4762
5785 1694
5781 5871
5793 2004
5794 6264
5799 7361
5801 9197
5805 1509
5801 5506
5803 937
5817 2180
5822 4754
5837 9313
5832 7983
5846 500
5847 4332
5845 5819
5854 5656
5853 6647
5865 8325
5869 4083
5870 4018
5870 1279
5879 762
5877 3842
5874 5537
5870 3426
5874 8118
5884 7174
5883 9451
5881 3683
5882 8699
5899 9731
5904 1317
5907 5567
5917 103
5914 6607
5922 6613
5927 9673
5928 1472
5936 2183
5933 1826
5937 679
5934 7649
5949 8367
5944 5461
5945 7952
5953 3134
5958 6494
5955 829
5981 5618
5988 6394
5994 2010
5995 1740
6000 5412
6007 7837
6017 5076
6017 5247
6021 8847
6029 6917
6029 8114
6023 533
6027 7503
6034 3500
6039 1360
6039 5050
6036 4260
6032 8007
6039 8184
6047 7203
6044 4346
6053 8478
6058 949
6054 4179
6058 5531
6067 9065
6074 7015
6079 5375
6079 2457
6075 5989
6078 8096
6074 7927
6088 6362
6089 8088
6092 9694
6094 2143
6094 4668
6095 8346
6099 2101
6119 68
6114 5694
6128 7957
6121 3915
6122 7909
6129 7897
6124 7718
6129 9191
6136 5697
6130 3955
6147 4181
6147 1507
6141 4122
6140 5529
6147 8015
6150 6571
6168 508
6163 1515
6164 9129
6164 9858
6163 3687
6169 6610
6165 5298
6178 2379
6181 7798
6197 5859
6190 9784
6191 1063
6192 9700
6204 3920
6200 5980
6208 3554
6215 2004
6211 8577
6214 4841
6229 9647
6222 8933
6223 1037
6220 4106
6227 3883
6239 5683
6234 173
6231 3287
6232 9613
6232 7221
6241 2314
6248 2417
6241 6028
6244 608
6269 1176
6261 2679
6268 5239
6277 3786
6274 5478
6278 1161
6281 9002
6289 8147
6293 5784
6290 3272
6315 9881
6326 2689
6321 2429
6325 5486
6338 7316
6339 5092
6349 2790
6347 1650
6354 8188
6351 471
6362 8702
6377 8832
6388 7424
6384 306
6381 9536
6391 9434
6391 523
6392 6290
6395 4873
6402 8958
6407 364
6402 9855
6415 1323
6414 1437
6424 6195
6435 1919
6430 2546
6430 7962
6441 9057
6443 5063
6450 6633
6455 768
6459 353
6463 5717
6463 7817
6466 8117
6464 1623
6470 6133
6479 8122
6475 1689
6481 803
6493 8819
6514 9816
6512 9155
6529 7524
6530 6411
6533 2142
6549 6454
6544 3427
6547 3454
6556 3009
6551 9544
6554 582
6561 1009
6563 5336
6569 2002
6562 1419
6568 994
6577 6687
6573 8877
6570 433
6582 1275
6583 653
6588 9113
6589 5321
6582 3526
6617 3043
6616 2984
6615 7581
6623 8705
6637 4985
6638 9433
6636 27
6648 4026
6644 9701
6642 3609
6647 9335
6643 8698
6653 8690
6650 7156
6654 820
6679 4200
6671 4746
6689 6180
6684 8314
6682 5773
6705 7442
6701 4971
6711 4901
6712 6478
6716 1764
6718 2358
6729 3761
6728 9427
6728 3441
6735 4078
6731 9658
6738 2770
6745 1789
6746 8522
6757 4690
6767 5650
6760 4803
6769 2584
6778 9123
6776 4006
6770 6128
6778 9342
6775 1004
6784 4654
6782 9259
6787 2087
6797 2032
6798 8946
6805 5329
6800 2947
6803 7809
6811 4683
6817 1579
6826 4046
6824 8854
6837 474
6842 664
6848 4499
6845 1460
6855 8129
6853 9148
6851 5958
6869 9898
6862 6407
6878 6847
6884 7990
6898 1591
6900 4745
6907 9914
6905 9385
6902 7740
6912 7070
6915 1345
6922 6860
6924 8715
6929 5383
6931 6218
6944 8014
6944 2296
6941 3363
6945 8835
6948 2769
6959 7894
6956 651
6955 8233
6952 6952
6963 2524
6976 8747
6970 6445
6984 3457
6982 5718
6989 1968
6980 5081
6997 2355
6998 6646
7003 8134
7002 3010
7013 4749
7010 8036
7021 4682
7026 1746
7027 3598
7027 6313
7025 3762
7033 7101
7042 2103
7048 657
7040 5643
7040 1581
7068 6265
7064 6678
7061 4106
7074 7393
7075 8261
7073 7579
7094 8596
7093 8951
7094 5540
7105 3600
7112 4876
7112 7264
7112 5532
7115 9301
7127 1944
7126 3988
7138 275
7132 8560
7133 6744
7144 2736
7147 5214
7146 4035
7152 987
7168 5930
7160 9141
7167 4358
7160 4710
7169 9098
7167 7762
7177 2516
7178 7000
7182 1655
7180 3137
7194 1433
7193 6915
7192 1845
7202 5247
7201 4995
7204 28
7215 6350
7210 7790
7216 9197
7213 4038
7235 5404
7231 7901
7235 6355
7234 8875
7234 22
7241 1493
7240 7967
7254 3434
7259 9368
7257 7505
7250 6234
7265 3947
7262 9264
7271 7674
7279 4412
7277 8513
7284 8460
7297 9858
7295 930
7292 4455
7296 3815
7290 7974
7308 7398
7301 9721
7304 3856
7317 8119
7311 2526
7311 4117
7316 363
7318 4221
7312 8682
7329 8007
7321 1811
7326 5738
7321 7865
7339 6777
7338 7450
7347 840
7352 6546
7358 843
7356 9015
7358 3187
7352 7287
7351 59
7350 3181
7351 9701
7369 489
7367 6889
7377 6117
7395 1292
7393 1635
7408 5654
7404 1886
7407 8810
7414 8997
7416 8972
7429 3645
7423 1571
7421 7052
7428 625
7431 3824
7433 9094
7441 7163
7444 6553
7449 3100
7455 5093
7451 6928
7456 8907
7461 8723
7469 8162
7467 8901
7460 5313
7461 6521
7474 6205
7471 5698
7471 3962
7479 2688
7478 663
7485 486
7485 1058
7489 286
7482 6398
7486 5431
7499 76
7498 5834
7498 2275
7497 8938
7490 367
7499 6740
7502 4165
7507 6766
7505 9857
7508 4583
7511 3855
7516 4052
7513 9414
7512 564
7524 6475
7528 6832
7521 8160
7525 9116
7522 6143
7536 2928
7532 9353
7538 8205
7537 80
7547 7421
7540 3369
7540 155
7547 9737
7566 8289
7572 6906
7578 9926
7570 9037
7575 5988
7576 1998
7579 2597
7588 6900
7586 5443
7594 6181
7592 3327
7593 3428
7604 4190
7619 9527
7616 4425
7617 9944
7622 513
7630 7480
7636 9489
7643 5042
7649 4487
7640 4333
7659 2181
7659 8668
7667 5057
7662 2898
7678 8807
7679 4340
7678 6215
7675 5583
7681 3318
7681 1413
7692 6810
7693 7771
7693 3617
7694 6570
7704 3990
7707 8106
7711 2311
7728 4629
7727 6540
7725 6266
7726 6643
7738 4386
7734 6749
7733 6481
7734 5492
7734 5305
7747 2413
7747 1092
7748 7792
7759 9516
7755 6671
7753 6979
7752 519
7758 4057
7759 4049
7762 7165
7762 1982
7769 6431
7764 3116
7766 1907
7775 7013
7778 7172
7772 3741
7788 7889
7780 5737
7787 8464
7782 5896
7792 398
7796 5670
7805 6239
7805 3720
7803 3675
7816 2207
7825 8228
7825 4535
7833 9392
7839 6631
7841 6449
7840 4580
7841 3865
7850 2489
7850 8995
7858 5804
7855 8294
7869 3980
7866 3430
7875 354
7875 4702
7880 5051
7882 9609
7890 6195
7908 2565
7906 5665
7901 5766
7927 6777
7925 163
7933 6912
7938 1223
7934 9465
7938 7183
7938 3737
7935 2033
7946 2324
7946 9461
7940 9906
7963 1212
7960 6788
7962 5239
7961 8435
7960 9664
7975 4493
7972 2534
7985 152
7988 7504
7999 7402
7991 3607
8000 1890
8019 2248
8012 8099
8017 9946
8028 4537
8021 1983
8023 1645
8021 2459
8048 3448
8045 849
8043 6972
8048 1
8056 3344
8051 8575
8062 5833
8060 2104
8068 2601
8072 9011
8079 8631
8075 5113
8072 1351
8074 25
8093 2111
8097 4882
8092 7224
8106 3422
8106 5974
8108 9409
8117 5836
8115 9105
8116 4318
8119 9721
8123 3093
8120 6664
8123 1400
8128 9531
8133 5291
8133 7189
8131 8843
8135 8030
8132 2080
8155 7253
8150 144
8164 2890
8165 6455
8166 7972
8166 6773
8172 1255
8170 1594
8187 2101
8195 5281
8199 3276
8196 7756
8204 5067
8208 7627
8203 6719
8213 5630
8228 9953
8230 5291
8234 5950
8237 5271
8248 6540
8240 9131
8241 4449
8244 5450
8252 3184
8261 6672
8260 2737
8260 6455
8275 1992
8278 7761
8270 656
8271 3089
8277 8487
8283 7022
8280 8969
8280 9787
8285 9105
8289 8184
8295 1554
8295 6490
8296 7289
8305 6405
8309 8355
8319 7288
8312 4860
8329 1530
8348 2253
8343 1498
8357 8607
8353 9557
8350 5020
8363 3554
8365 7792
8361 5301
8367 5062
8376 9662
8379 7039
8372 9876
8375 9861
8385 1214
8383 5896
8386 9668
8395 5986
8399 2427
8400 9449
8401 1457
8414 3994
8437 6560
8434 2216
8441 6976
8448 5510
8441 7733
8449 7473
8455 3976
8451 936
8460 4915
8469 9537
8466 6416
8474 5936
8481 8817
8489 8576
8487 930
8481 4872
8488 2497
8496 10000
8493 3705
8494 5553
8492 305
8490 5505
8492 8821
8507 4098
8500 3644
8511 3791
8517 4189
8510 6841
8548 2290
8556 7160
8559 3050
8558 704
8560 2451
8569 9393
8560 3196
8570 433
8574 8277
8578 4259
8574 6926
8577 8083
8586 1477
8587 9886
8587 2344
8592 9037
8591 381
8593 4067
8607 9605
8601 6047
8608 4888
8602 1827
8617 7155
8622 1654
8623 2171
8630 3995
8637 8980
8642 1898
8645 133
8647 5445
8657 1631
8665 6330
8664 4791
8677 338
8685 6733
8681 2381
8686 8580
8681 7669
8696 8374
8697 1360
8695 8875
8696 483
8693 2296
8709 2548
8701 5630
8715 8145
8715 4870
8721 6473
8739 3284
8732 4901
8748 6727
8753 771
8759 481
8757 9159
8762 506
8776 1275
8785 1896
8788 7229
8780 8997
8795 8354
8804 1979
8806 7275
8806 2916
8810 7303
8821 1187
8826 8617
8828 5419
8826 6800
8832 6616
8842 3154
8843 4918
8852 988
8858 4966
8852 7604
8870 9798
8876 8890
8877 1856
8870 4078
8885 9504
8895 1641
8892 9556
8892 8863
8898 1472
8896 8206
8903 3046
8907 2446
8901 3560
8909 1753
8918 7267
8919 5877
8925 431
8929 6524
8923 3563
8935 4062
8946 57
8943 6560
8942 6819
8950 9936
8956 3314
8950 140
8950 1696
8967 4515
8965 2402
8965 4431
8976 6675
8989 3645
8988 3182
8991 3328
8999 7599
8991 2517
8997 1707
8993 7515
8990 8886
9000 694
9000 2037
9000 8043
9005 1813
9002 2872
9014 3510
9029 1596
9026 8823
9026 3126
9023 6367
9031 2886
9038 5026
9043 4170
9041 799
9058 7161
9050 9022
9066 8245
9076 5837
9076 2389
9074 3833
9079 810
9071 8797
9087 1084
9086 6548
9090 3832
9099 5594
9108 4200
9101 2220
9119 4936
9113 6258
9116 9005
9110 6969
9120 5159
9130 7444
9138 9245
9149 3267
9153 2615
9158 7224
9157 7478
9175 239
9172 3335
9171 4909
9172 4266
9173 9336
9181 7961
9183 2540
9195 2046
9196 6699
9191 8622
9204 2755
9206 2186
9216 6782
9210 829
9234 2607
9234 6664
9247 2953
9243 3936
9240 9822
9250 2151
9250 9328
9255 326
9252 5576
9258 2839
9262 3334
9264 3917
9279 624
9276 9734
9279 5497
9277 9722
9277 7906
9289 5372
9297 5545
9292 7895
9296 5972
9306 5650
9309 3208
9314 8268
9312 4748
9310 4794
9319 8160
9319 9134
9324 4326
9324 9176
9322 6936
9320 3192
9336 9292
9346 6067
9352 5055
9350 846
9360 8501
9377 7504
9374 5687
9382 9337
9384 5712
9387 6424
9389 7209
9385 8054
9393 2787
9390 1543
9398 7875
9397 5200
9409 9186
9404 5709
9419 6223
9414 2159
9416 1947
9415 123
9422 5665
9422 4971
9422 537
9434 3554
9446 9391
9442 2283
9445 1826
9442 1459
9451 4533
9456 58
9455 9757
9464 5528
9466 2286
9465 8030
9468 6394
9478 1636
9475 7266
9470 5656
9483 272
9489 8386
9494 4767
9506 8036
9504 5484
9508 5084
9516 7617
9516 553
9510 2428
9524 9526
9521 4328
9528 8256
9527 6245
9520 7956
9528 8672
9530 1469
9536 8410
9544 8171
9561 271
9566 7135
9567 5472
9564 3919
9571 6589
9574 2160
9575 9440
9576 5151
9584 3384
9595 3654
9593 5589
9599 6611
9603 9386
9601 10
9611 8334
9610 1987
9610 2082
9624 4494
9620 8333
9621 5381
9633 260
9630 5747
9637 8313
9648 9346
9649 7357
9659 6720
9665 948
9666 7607
9678 1869
9675 3988
9680 5906
9688 1463
9688 8429
9684 8940
9688 3792
9692 3658
9690 3330
9709 4213
9702 3537
9718 1487
9723 5856
9722 3025
9725 5071
9725 7625
9738 8076
9730 953
9730 1059
9730 2063
9736 6519
9749 7111
9749 7490
9741 2311
9746 5178
9742 6564
9753 9779
9766 4425
9769 199
9775 8976
9770 9323
9771 764
9778 147
9775 3258
9776 2321
9784 5804
9789 5538
9782 8576
9782 3672
9795 5715
9794 1628
9803 9527
9801 5692
9800 7674
9802 5331
9818 9395
9820 2819
9827 6038
9835 3267
9831 8923
9843 7971
9851 9685
9858 7761
9854 5978
9862 3675
9866 1179
9872 2232
9884 4840
9893 2198
9894 956
9891 2354
9899 590
9897 2399
9900 8516
9907 2458
9902 5717
9912 5094
9918 1701
9929 3130
9924 3128
9944 8920
9947 1518
9947 3002
9948 5976
9951 9920
9954 8163
9968 733
9969 1165
9972 2380
9976 1269
9976 1458
9976 4718
9974 3483
9989 9907
9983 9303
9995 8485
9990 9653
9993 7413
