5000
1 269
7 128
8 98
1 439
2 452
6 37
3 835
8 607
9 502
3 467
2 197
6 176
8 22
9 360
5 910
4 46
3 332
7 825
4 82
16 104
13 364
14 356
16 540
14 761
19 216
13 741
10 985
15 589
19 971
19 446
11 643
13 767
16 222
18 371
16 322
16 272
14 16
10 902
13 889
13 332
12 692
10 452
14 286
24 847
27 417
23 381
27 165
20 857
23 38
25 608
27 16
28 832
26 532
20 461
26 741
27 135
20 596
27 734
24 911
22 352
23 127
23 78
29 515
21 112
23 625
24 46
23 782
21 64
20 499
22 691
27 183
20 583
26 68
37 270
33 792
32 444
33 702
31 521
37 442
39 275
33 423
38 127
34 852
35 840
30 147
35 978
31 770
31 817
39 239
39 394
37 630
32 411
30 116
31 615
32 303
39 39
32 859
34 486
37 548
38 699
47 756
48 802
40 370
47 729
42 198
40 866
40 337
42 211
47 428
46 644
44 747
45 873
40 225
43 578
42 709
46 826
41 299
43 625
49 393
43 661
45 107
53 876
52 261
54 77
50 326
50 913
55 202
54 895
54 302
53 557
56 829
50 950
57 704
59 498
52 66
53 387
56 931
55 398
52 232
64 244
69 327
65 253
65 543
65 950
62 836
69 284
64 758
62 603
61 640
66 736
69 487
67 940
66 716
64 354
61 306
69 152
63 803
63 483
66 459
61 462
64 685
63 410
64 59
69 395
67 587
63 845
77 146
78 759
71 556
71 812
70 129
71 806
70 119
78 895
78 60
72 241
72 862
77 640
75 36
77 702
70 614
73 665
72 173
74 346
78 245
72 631
72 201
78 739
70 882
76 527
72 957
75 965
72 670
74 654
72 231
79 610
74 114
70 647
71 745
75 573
78 281
72 418
83 18
85 118
81 878
80 378
81 292
82 979
82 80
86 180
89 98
81 946
85 634
86 418
85 275
85 202
87 758
89 798
86 376
84 212
84 97
95 326
95 684
93 185
94 559
99 836
92 867
99 970
96 180
93 21
95 975
99 175
93 390
96 912
97 724
93 285
95 431
97 266
90 668
98 458
95 736
90 409
95 438
97 928
102 732
109 725
104 662
108 365
104 180
106 59
101 467
108 213
106 330
100 79
103 374
106 712
106 382
106 126
106 774
101 620
106 705
101 762
108 300
106 682
105 154
108 19
102 190
110 97
112 554
117 101
110 355
116 514
110 816
112 661
116 391
115 911
110 963
110 845
117 993
112 565
118 941
113 833
110 716
118 779
119 334
119 973
113 775
112 145
121 41
127 24
127 276
129 771
122 389
123 595
128 376
128 904
121 515
123 377
124 7
121 287
129 138
125 949
126 30
125 541
120 67
120 564
128 825
123 486
131 835
137 996
131 513
137 4
130 840
139 357
137 932
135 725
131 674
131 55
130 62
134 227
134 946
138 464
133 570
138 611
135 353
137 376
139 113
135 909
148 258
148 403
144 682
148 703
144 157
141 476
140 970
141 140
146 413
143 181
149 894
149 113
146 279
145 41
148 25
145 905
140 537
141 381
141 850
144 988
149 419
146 764
144 665
144 924
149 304
140 492
144 469
149 609
145 828
141 652
150 806
156 114
156 767
154 351
156 873
159 881
155 207
150 510
153 77
157 661
150 370
158 94
151 994
151 397
152 57
152 198
154 477
155 792
153 604
151 410
154 493
168 798
164 433
167 173
167 676
165 455
166 143
168 755
162 607
165 256
164 627
169 202
161 533
166 478
163 699
167 299
168 731
162 304
161 342
164 406
169 320
169 294
164 633
168 191
163 573
167 224
164 68
162 865
165 987
160 718
167 179
167 861
165 290
168 894
161 991
166 368
161 858
178 722
171 709
179 337
179 665
173 890
170 393
178 215
173 962
179 41
174 47
173 419
175 673
179 5
179 817
173 465
173 549
175 308
176 710
179 599
176 289
179 890
179 327
178 609
182 686
181 615
187 882
186 3
188 994
186 38
181 10
188 437
187 334
184 503
186 60
182 696
180 483
185 178
185 985
183 584
189 355
189 515
189 967
182 525
181 928
183 45
186 13
181 307
182 98
182 151
188 260
189 314
184 737
187 524
185 907
190 8
197 402
192 869
194 997
190 323
190 98
190 629
192 679
199 996
190 489
199 225
198 426
197 705
191 658
196 439
194 825
190 478
190 133
199 96
196 909
199 65
191 753
199 903
194 558
207 20
205 690
204 541
209 852
204 127
207 237
206 744
203 334
204 453
207 256
203 618
206 826
207 461
206 923
202 213
201 791
205 962
204 760
209 274
203 413
202 940
203 306
202 11
209 633
201 784
217 108
219 102
215 900
210 344
217 760
211 971
210 977
214 960
218 592
218 300
216 710
210 729
217 634
218 313
210 194
217 693
212 893
219 220
218 74
210 659
211 365
211 435
217 31
210 605
217 792
225 990
226 129
223 79
222 687
228 273
226 183
220 465
223 857
224 946
222 70
226 22
226 174
225 781
223 117
227 726
222 843
226 370
229 563
223 244
228 390
229 701
221 890
222 346
223 606
227 897
228 451
220 837
227 793
224 209
229 335
239 38
230 913
231 111
232 768
233 677
231 20
232 521
232 893
235 44
239 883
234 865
239 108
233 729
233 783
238 300
232 253
244 781
242 570
245 225
248 120
240 979
248 879
247 164
249 351
245 10
244 858
244 972
249 385
240 432
245 556
247 451
249 840
240 62
245 915
247 606
244 807
244 966
248 299
246 40
256 611
255 70
258 495
253 674
257 53
259 243
254 564
255 747
259 980
253 617
259 728
251 191
252 813
255 291
258 890
252 16
256 800
257 22
253 856
259 617
259 634
259 230
253 138
256 538
268 356
264 955
262 196
268 382
269 570
269 143
267 925
265 495
263 806
266 903
263 153
268 123
268 794
261 826
266 692
262 996
263 485
269 260
266 942
270 891
272 917
272 444
271 339
270 148
278 8
272 667
271 615
275 763
270 998
271 19
270 218
272 757
273 190
270 232
272 609
276 862
277 119
276 674
272 942
278 711
277 394
271 76
270 802
275 57
270 674
273 273
271 775
272 39
272 832
274 226
283 273
282 878
289 643
284 668
283 893
289 394
289 286
280 693
285 705
286 215
287 533
284 2
286 377
286 778
288 634
280 946
289 401
280 240
285 885
283 291
281 95
285 964
285 133
288 195
287 983
293 236
295 366
293 590
293 102
298 681
296 412
296 995
290 695
292 580
297 642
291 77
297 506
299 627
298 115
293 741
294 150
295 323
295 144
293 247
291 885
294 690
299 952
297 42
291 266
290 125
290 686
290 419
302 706
303 338
300 205
302 53
308 538
301 601
306 431
305 829
309 175
309 629
303 267
301 895
306 375
300 424
308 660
306 588
306 798
301 988
309 117
307 251
305 688
302 561
300 256
308 724
306 463
300 234
306 7
306 987
310 30
311 163
313 188
315 151
314 964
319 661
313 810
311 523
310 517
314 25
315 893
314 409
316 84
313 111
313 661
315 578
319 306
318 399
319 626
313 105
314 688
325 312
323 113
325 6
324 305
324 715
320 648
323 106
322 192
326 662
329 919
329 71
327 509
323 559
329 260
321 243
321 225
325 490
324 992
321 824
320 815
324 169
329 552
324 577
321 215
326 420
339 781
339 504
330 455
335 872
335 287
335 401
330 323
334 775
334 669
330 37
338 802
332 896
338 196
338 764
331 269
339 745
348 517
349 890
340 613
345 220
341 65
342 128
340 977
346 500
345 986
348 903
344 406
340 462
343 969
342 368
346 100
348 829
348 933
349 255
340 707
347 388
343 633
343 892
344 847
344 782
347 534
354 784
355 862
359 240
353 229
355 358
353 388
351 320
350 748
351 21
351 703
354 642
352 821
352 405
353 733
352 571
359 253
351 468
359 545
358 714
357 773
358 296
357 870
350 846
359 132
358 970
354 902
357 627
358 327
355 525
351 867
367 572
367 906
369 626
369 582
363 596
363 120
365 990
363 791
365 880
361 698
369 329
365 477
366 226
361 508
364 148
365 389
366 925
369 19
361 613
360 285
360 167
360 998
367 375
361 408
364 83
364 761
363 642
372 14
377 968
375 444
371 99
375 381
372 797
372 729
379 134
376 913
378 102
371 398
371 825
375 450
375 221
372 190
376 424
371 952
374 702
377 34
377 550
371 923
378 805
370 365
375 107
379 252
375 139
370 538
377 127
372 742
377 237
373 636
378 889
371 856
385 94
383 46
382 412
380 816
389 884
385 234
389 755
385 955
382 420
387 416
387 570
381 745
385 506
380 262
386 179
385 101
385 431
380 576
385 67
383 611
383 397
387 716
383 340
386 933
390 387
393 163
396 275
392 992
391 282
391 663
396 878
398 962
390 653
391 451
393 108
395 30
393 719
395 784
396 858
399 764
390 96
397 39
392 498
390 352
395 350
396 70
393 812
393 339
395 709
396 886
395 265
398 728
397 230
391 916
391 640
396 221
391 526
400 976
406 374
405 801
409 474
401 238
408 85
400 481
403 433
407 875
401 945
405 596
406 924
406 174
404 643
407 418
406 520
406 753
406 311
410 823
413 981
414 222
413 904
413 375
418 466
418 416
417 50
415 427
416 396
410 529
413 513
417 528
412 552
414 736
411 254
412 504
412 68
411 715
417 834
416 486
410 969
419 858
418 553
419 992
417 582
413 415
410 345
424 283
420 758
428 23
426 216
429 440
422 953
426 415
426 866
426 259
425 381
425 532
424 398
427 650
420 264
428 386
427 76
429 552
421 498
425 803
424 482
420 878
423 82
422 335
423 945
422 353
423 460
427 616
423 641
431 264
439 177
434 439
438 981
433 940
438 849
436 934
432 412
432 764
431 474
430 108
433 802
437 358
430 978
437 390
435 975
432 959
436 510
433 626
432 504
432 288
436 209
432 515
437 434
438 556
430 841
435 867
435 296
438 572
434 301
444 24
446 116
448 218
443 272
444 212
443 109
441 633
445 428
440 419
449 703
443 674
441 41
441 126
448 546
444 697
447 436
440 871
449 507
444 50
447 372
448 247
448 525
443 132
442 664
447 207
453 732
452 270
457 963
452 208
453 772
451 639
455 712
458 333
454 631
450 724
451 40
459 225
451 654
450 450
459 155
459 94
453 363
450 179
457 123
464 311
467 443
466 919
466 517
464 423
461 584
466 28
463 20
468 469
467 777
460 999
463 862
460 170
461 945
468 172
468 645
468 721
465 267
465 735
467 50
465 631
461 282
460 565
470 118
471 850
473 61
473 421
472 814
470 650
471 334
474 300
475 21
474 129
476 103
479 592
473 270
479 868
475 457
477 472
476 995
475 885
475 178
476 47
474 2
474 633
473 769
475 409
471 914
476 717
473 709
477 745
470 509
470 690
472 490
476 381
488 810
486 630
486 787
482 560
482 72
485 438
484 203
483 457
484 342
489 519
483 260
485 595
488 498
480 852
487 291
484 835
486 610
488 444
488 224
483 327
480 124
484 576
485 156
487 532
485 27
489 387
495 958
493 697
497 313
496 739
494 611
490 905
497 159
492 551
495 471
491 113
498 760
493 671
491 872
491 566
499 646
490 230
496 539
491 449
497 786
494 942
494 877
492 153
490 206
494 747
496 578
494 716
499 276
498 32
492 413
493 122
492 188
507 443
508 610
506 580
506 710
509 283
509 680
501 166
509 427
502 470
507 253
501 397
502 839
508 94
500 525
506 834
508 791
504 899
500 443
506 871
501 437
507 350
505 865
505 986
503 208
500 559
507 127
500 376
506 509
519 495
519 963
513 57
519 955
512 17
518 9
511 288
517 375
518 86
510 49
517 681
514 78
512 602
516 908
513 65
514 547
513 338
519 737
515 506
519 267
519 470
513 354
512 367
512 397
513 523
515 238
519 819
511 590
518 325
519 25
510 191
516 313
526 696
529 310
521 102
520 581
521 284
525 516
522 373
526 557
520 480
524 268
529 261
524 930
527 1000
524 720
521 896
524 485
521 460
526 24
528 922
523 793
528 276
526 435
528 549
523 155
525 329
520 968
523 834
522 871
538 590
535 363
532 336
533 38
532 149
539 213
530 354
535 622
532 73
533 303
530 907
530 361
537 821
534 375
535 124
535 447
539 518
534 196
536 714
539 815
534 284
532 603
533 190
535 99
535 960
546 304
549 843
543 95
545 528
540 463
542 426
541 597
549 375
546 630
546 953
543 843
545 979
546 34
541 357
544 567
545 176
543 131
541 575
552 410
554 952
555 772
551 520
558 274
555 814
555 158
552 558
550 920
558 241
553 423
553 360
557 559
558 175
555 721
554 463
550 581
557 246
559 654
557 661
557 692
551 252
555 828
555 571
557 43
550 622
558 899
559 227
569 249
564 87
569 594
568 867
562 332
562 320
569 8
567 846
568 93
568 28
569 713
568 676
569 911
563 236
563 209
562 744
562 602
563 71
564 186
565 192
563 864
567 570
568 532
568 255
565 794
565 702
578 638
574 250
571 380
575 396
576 503
571 670
571 978
579 923
574 843
577 415
571 795
572 637
576 291
573 426
577 579
575 54
571 217
578 832
579 152
575 613
574 608
583 469
582 288
586 238
587 28
587 211
584 777
587 360
586 943
585 72
580 191
584 509
581 313
582 201
588 175
582 716
588 474
583 587
583 449
581 239
580 397
585 845
588 626
587 931
580 761
583 141
592 553
596 822
593 536
599 226
593 922
599 381
590 287
595 606
594 810
592 760
590 346
593 845
591 853
598 925
591 432
598 111
595 377
598 753
599 497
597 37
599 435
592 157
595 577
591 301
591 912
593 890
593 170
608 70
603 250
601 372
607 369
601 19
607 863
608 28
607 139
608 967
609 352
605 320
603 808
609 873
603 510
602 136
600 275
601 916
607 304
606 800
600 887
604 128
608 993
602 958
601 534
609 104
601 41
603 117
601 301
617 523
615 101
611 93
613 684
616 814
616 847
610 237
615 154
619 661
619 279
613 592
619 211
611 339
619 402
610 632
613 442
612 23
612 985
610 815
616 635
610 37
617 363
612 890
617 916
610 460
628 538
620 329
626 565
628 713
621 873
622 187
625 840
629 583
620 613
627 24
624 208
629 760
624 269
621 459
625 448
629 177
623 379
621 777
628 945
621 930
620 826
628 524
626 159
624 549
634 846
631 377
633 88
632 931
639 942
635 621
632 211
636 855
635 807
630 886
632 877
639 729
636 960
632 707
638 597
635 192
633 172
636 144
635 501
639 76
634 473
636 207
639 560
634 645
635 327
649 297
645 457
648 77
641 521
643 392
640 48
641 183
643 284
647 980
642 620
642 477
645 681
640 436
644 743
641 347
644 93
649 568
646 185
642 847
642 960
649 638
640 866
651 889
655 416
652 942
652 882
659 970
655 960
655 491
653 524
650 876
657 218
656 663
652 432
656 456
653 341
658 469
655 795
651 232
652 394
651 85
655 900
657 608
658 235
666 429
668 52
663 597
668 102
663 360
660 727
662 809
665 733
664 552
661 544
661 530
663 895
665 177
669 241
663 706
663 716
660 669
668 820
674 618
677 341
672 396
671 636
670 736
675 329
674 523
670 126
671 227
679 921
673 265
673 852
672 148
678 124
679 85
672 492
670 485
676 198
674 237
675 219
688 798
684 437
680 839
682 78
687 635
682 68
687 379
686 867
682 305
683 41
683 818
687 2
688 979
688 233
689 520
682 647
686 682
686 217
681 755
689 472
688 145
681 617
682 454
687 104
693 605
696 112
696 633
690 753
696 435
696 816
690 72
692 309
692 680
692 882
691 483
692 418
691 789
696 526
695 742
694 239
698 211
690 244
694 53
693 407
695 152
697 684
699 851
694 838
692 907
694 548
694 946
691 365
694 189
697 959
699 367
694 695
697 424
701 868
707 58
708 863
700 965
703 121
701 247
707 517
703 764
701 272
707 880
707 196
708 362
702 333
709 381
700 324
701 931
703 150
709 159
705 712
702 897
709 672
703 579
707 590
703 888
705 172
712 202
710 441
711 23
715 287
711 548
712 469
712 401
712 91
719 674
715 44
719 252
715 892
714 501
711 337
714 874
714 490
711 715
718 99
712 909
711 254
728 500
723 708
721 988
729 357
729 541
722 412
722 918
722 580
726 511
727 127
726 896
727 569
725 259
727 178
724 464
724 833
727 603
728 286
721 243
724 505
723 886
720 308
729 847
725 867
722 962
724 860
720 109
736 802
732 842
732 950
735 870
738 500
735 237
739 310
733 763
739 700
738 773
739 66
730 405
734 642
736 348
730 882
735 295
730 506
732 562
731 821
735 435
733 460
735 324
742 246
744 928
743 18
746 173
748 938
744 739
740 86
747 866
742 983
748 276
745 613
742 595
748 398
742 935
748 806
744 907
749 919
743 728
746 490
745 84
747 589
742 923
748 309
744 90
751 669
758 693
759 467
759 847
750 901
758 37
753 355
751 444
755 609
756 215
757 13
753 974
756 873
757 491
755 246
753 222
758 166
759 544
757 131
752 30
753 638
751 389
754 301
752 185
765 770
768 24
761 977
764 668
761 618
764 564
768 193
769 410
761 405
766 497
769 52
762 827
769 527
767 347
766 129
768 481
766 800
765 389
762 864
764 189
762 505
765 202
761 607
762 613
766 182
764 229
764 583
776 179
776 868
775 969
774 95
770 533
770 571
779 294
778 2
770 762
773 191
770 503
773 718
771 904
774 830
773 816
778 758
779 234
770 515
776 732
779 105
779 587
775 155
788 802
780 365
788 377
781 677
788 620
788 409
787 312
789 189
784 724
782 227
783 903
785 35
785 519
781 647
785 343
780 908
789 78
782 770
781 581
782 114
782 162
784 88
789 54
788 468
794 860
796 237
794 567
793 444
794 701
795 746
799 566
793 518
795 127
791 201
797 244
790 738
797 815
796 374
793 414
791 868
794 465
796 608
794 633
791 878
802 80
807 496
809 845
802 579
807 978
809 486
804 658
801 344
804 968
803 145
804 185
806 930
803 106
809 306
802 73
801 433
806 469
800 835
801 668
803 689
805 280
807 836
804 487
808 353
809 888
803 776
814 319
819 377
819 673
819 554
819 520
811 906
819 285
811 610
815 834
814 879
812 279
812 434
812 218
819 314
811 465
817 902
818 723
813 737
810 473
811 99
812 127
812 996
817 69
823 800
822 781
820 250
820 178
824 850
821 422
824 282
822 865
826 172
827 186
828 642
827 675
825 389
821 23
829 19
820 910
822 369
829 831
822 966
824 691
829 781
822 226
823 119
820 813
836 585
833 964
837 540
837 130
833 293
837 814
839 399
831 516
837 222
834 871
835 57
836 103
836 657
835 717
831 854
839 879
839 71
834 895
833 985
833 208
839 865
835 573
842 621
843 41
840 839
841 753
842 813
841 747
845 244
847 876
847 920
843 711
844 358
843 229
840 615
840 351
842 282
848 656
849 115
843 512
841 306
847 950
841 767
846 806
845 840
844 259
848 910
848 14
858 846
855 223
859 202
852 522
854 166
851 486
856 741
853 718
856 352
859 795
854 514
859 313
850 314
859 954
857 40
855 384
859 129
853 886
857 709
855 441
858 255
850 713
857 418
858 572
869 103
867 140
860 176
864 719
866 176
862 736
862 301
866 751
863 500
866 191
860 987
868 982
862 576
867 943
864 596
865 470
867 531
860 493
863 250
868 356
868 667
862 508
868 686
861 824
861 454
871 912
872 167
871 408
873 500
876 267
877 654
875 548
876 402
876 386
876 697
877 518
878 814
874 732
871 133
877 844
871 456
879 53
872 705
879 865
877 946
872 572
873 688
881 47
887 646
889 719
889 491
889 525
884 276
887 497
885 98
882 283
885 67
887 260
887 77
880 324
880 116
880 507
888 783
884 555
887 463
882 977
882 130
887 269
885 220
882 727
882 398
881 316
884 949
888 944
889 474
885 926
885 358
883 590
882 838
899 88
898 659
896 684
890 760
891 62
896 678
892 986
895 884
892 281
895 450
893 664
896 553
897 765
893 697
896 70
894 186
895 313
897 17
891 9
895 77
895 377
899 438
899 897
896 625
907 694
907 748
900 965
909 364
904 212
901 617
903 25
906 953
900 325
909 50
905 839
902 303
903 942
908 290
902 563
905 373
903 339
901 148
907 178
900 464
902 607
907 573
901 104
911 465
910 633
911 670
914 503
911 137
919 329
912 810
917 382
916 747
914 645
917 138
912 565
917 718
916 593
916 237
915 324
919 496
913 881
919 155
919 872
917 96
910 554
917 232
913 444
916 658
914 303
912 999
916 738
913 986
916 184
915 707
910 226
928 444
922 956
924 113
922 999
924 617
925 719
923 560
929 962
925 336
920 639
929 400
928 54
920 197
926 1
928 818
922 283
924 9
920 600
923 448
925 453
928 627
923 439
925 80
926 848
930 503
931 513
930 303
933 690
936 153
936 652
937 775
936 418
937 440
933 922
934 297
937 450
938 266
934 707
935 332
939 68
933 429
931 368
938 957
930 977
932 28
932 106
933 38
949 62
943 381
944 213
940 708
944 30
946 535
944 719
949 926
941 173
945 939
943 888
943 435
943 448
945 397
945 900
941 91
955 915
953 670
950 474
954 929
951 591
958 486
957 398
958 418
958 104
953 58
954 619
950 207
959 961
958 632
954 864
959 469
955 323
957 429
956 510
951 882
953 35
958 994
966 682
961 184
968 125
965 647
965 312
965 320
964 658
964 403
961 32
964 884
961 150
966 761
962 939
965 385
964 847
961 451
962 14
961 838
960 474
966 445
965 743
969 577
961 909
961 712
968 687
965 582
966 587
970 250
973 511
973 33
977 660
971 572
973 272
975 953
975 392
979 892
973 718
978 172
975 991
978 377
977 265
979 910
970 903
971 322
975 90
978 749
972 586
974 978
973 469
970 240
979 679
970 531
978 917
979 930
976 383
979 879
977 777
977 556
973 403
979 940
972 181
974 693
973 736
974 668
976 59
971 54
982 904
982 93
988 613
983 213
981 864
984 79
981 856
985 961
980 688
988 687
980 453
986 872
983 533
984 682
980 696
984 885
984 127
989 540
987 374
983 25
983 41
986 499
984 380
980 829
985 506
987 900
986 577
995 999
995 543
993 51
997 262
995 952
996 572
993 627
996 815
994 529
992 185
995 517
991 675
997 131
997 463
995 491
993 368
990 323
990 487
996 223
993 603
995 173
990 410
1000 207
1000 746
1000 146
5 269
11 128
12 98
5 439
6 452
10 37
7 835
12 607
13 502
7 467
6 197
10 176
12 22
13 360
9 910
8 46
7 332
11 825
8 82
20 104
17 364
18 356
20 540
18 761
23 216
17 741
14 985
19 589
23 971
23 446
15 643
17 767
20 222
22 371
20 322
20 272
18 16
14 902
17 889
17 332
16 692
14 452
18 286
28 847
31 417
27 381
31 165
24 857
27 38
29 608
31 16
32 832
30 532
24 461
30 741
31 135
24 596
31 734
28 911
26 352
27 127
27 78
33 515
25 112
27 625
28 46
27 782
25 64
24 499
26 691
31 183
24 583
30 68
41 270
37 792
36 444
37 702
35 521
41 442
43 275
37 423
42 127
38 852
39 840
34 147
39 978
35 770
35 817
43 239
43 394
41 630
36 411
34 116
35 615
36 303
43 39
36 859
38 486
41 548
42 699
51 756
52 802
44 370
51 729
46 198
44 866
44 337
46 211
51 428
50 644
48 747
49 873
44 225
47 578
46 709
50 826
45 299
47 625
53 393
47 661
49 107
57 876
56 261
58 77
54 326
54 913
59 202
58 895
58 302
57 557
60 829
54 950
61 704
63 498
56 66
57 387
60 931
59 398
56 232
68 244
73 327
69 253
69 543
69 950
66 836
73 284
68 758
66 603
65 640
70 736
73 487
71 940
70 716
68 354
65 306
73 152
67 803
67 483
70 459
65 462
68 685
67 410
68 59
73 395
71 587
67 845
81 146
82 759
75 556
75 812
74 129
75 806
74 119
82 895
82 60
76 241
76 862
81 640
79 36
81 702
74 614
77 665
76 173
78 346
82 245
76 631
76 201
82 739
74 882
80 527
76 957
79 965
76 670
78 654
76 231
83 610
78 114
74 647
75 745
79 573
82 281
76 418
87 18
89 118
85 878
84 378
85 292
86 979
86 80
90 180
93 98
85 946
89 634
90 418
89 275
89 202
91 758
93 798
90 376
88 212
88 97
99 326
99 684
97 185
98 559
103 836
96 867
103 970
100 180
97 21
99 975
103 175
97 390
100 912
101 724
97 285
99 431
101 266
94 668
102 458
99 736
94 409
99 438
101 928
106 732
113 725
108 662
112 365
108 180
110 59
105 467
112 213
110 330
104 79
107 374
110 712
110 382
110 126
110 774
105 620
110 705
105 762
112 300
110 682
109 154
112 19
106 190
114 97
116 554
121 101
114 355
120 514
114 816
116 661
120 391
119 911
114 963
114 845
121 993
116 565
122 941
117 833
114 716
122 779
123 334
123 973
117 775
116 145
125 41
131 24
131 276
133 771
126 389
127 595
132 376
132 904
125 515
127 377
128 7
125 287
133 138
129 949
130 30
129 541
124 67
124 564
132 825
127 486
135 835
141 996
135 513
141 4
134 840
143 357
141 932
139 725
135 674
135 55
134 62
138 227
138 946
142 464
137 570
142 611
139 353
141 376
143 113
139 909
152 258
152 403
148 682
152 703
148 157
145 476
144 970
145 140
150 413
147 181
153 894
153 113
150 279
149 41
152 25
149 905
144 537
145 381
145 850
148 988
153 419
150 764
148 665
148 924
153 304
144 492
148 469
153 609
149 828
145 652
154 806
160 114
160 767
158 351
160 873
163 881
159 207
154 510
157 77
161 661
154 370
162 94
155 994
155 397
156 57
156 198
158 477
159 792
157 604
155 410
158 493
172 798
168 433
171 173
171 676
169 455
170 143
172 755
166 607
169 256
168 627
173 202
165 533
170 478
167 699
171 299
172 731
166 304
165 342
168 406
173 320
173 294
168 633
172 191
167 573
171 224
168 68
166 865
169 987
164 718
171 179
171 861
169 290
172 894
165 991
170 368
165 858
182 722
175 709
183 337
183 665
177 890
174 393
182 215
177 962
183 41
178 47
177 419
179 673
183 5
183 817
177 465
177 549
179 308
180 710
183 599
180 289
183 890
183 327
182 609
186 686
185 615
191 882
190 3
192 994
190 38
185 10
192 437
191 334
188 503
190 60
186 696
184 483
189 178
189 985
187 584
193 355
193 515
193 967
186 525
185 928
187 45
190 13
185 307
186 98
186 151
192 260
193 314
188 737
191 524
189 907
194 8
201 402
196 869
198 997
194 323
194 98
194 629
196 679
203 996
194 489
203 225
202 426
201 705
195 658
200 439
198 825
194 478
194 133
203 96
200 909
203 65
195 753
203 903
198 558
211 20
209 690
208 541
213 852
208 127
211 237
210 744
207 334
208 453
211 256
207 618
210 826
211 461
210 923
206 213
205 791
209 962
208 760
213 274
207 413
206 940
207 306
206 11
213 633
205 784
221 108
223 102
219 900
214 344
221 760
215 971
214 977
218 960
222 592
222 300
220 710
214 729
221 634
222 313
214 194
221 693
216 893
223 220
222 74
214 659
215 365
215 435
221 31
214 605
221 792
229 990
230 129
227 79
226 687
232 273
230 183
224 465
227 857
228 946
226 70
230 22
230 174
229 781
227 117
231 726
226 843
230 370
233 563
227 244
232 390
233 701
225 890
226 346
227 606
231 897
232 451
224 837
231 793
228 209
233 335
243 38
234 913
235 111
236 768
237 677
235 20
236 521
236 893
239 44
243 883
238 865
243 108
237 729
237 783
242 300
236 253
248 781
246 570
249 225
252 120
244 979
252 879
251 164
253 351
249 10
248 858
248 972
253 385
244 432
249 556
251 451
253 840
244 62
249 915
251 606
248 807
248 966
252 299
250 40
260 611
259 70
262 495
257 674
261 53
263 243
258 564
259 747
263 980
257 617
263 728
255 191
256 813
259 291
262 890
256 16
260 800
261 22
257 856
263 617
263 634
263 230
257 138
260 538
272 356
268 955
266 196
272 382
273 570
273 143
271 925
269 495
267 806
270 903
267 153
272 123
272 794
265 826
270 692
266 996
267 485
273 260
270 942
274 891
276 917
276 444
275 339
274 148
282 8
276 667
275 615
279 763
274 998
275 19
274 218
276 757
277 190
274 232
276 609
280 862
281 119
280 674
276 942
282 711
281 394
275 76
274 802
279 57
274 674
277 273
275 775
276 39
276 832
278 226
287 273
286 878
293 643
288 668
287 893
293 394
293 286
284 693
289 705
290 215
291 533
288 2
290 377
290 778
292 634
284 946
293 401
284 240
289 885
287 291
285 95
289 964
289 133
292 195
291 983
297 236
299 366
297 590
297 102
302 681
300 412
300 995
294 695
296 580
301 642
295 77
301 506
303 627
302 115
297 741
298 150
299 323
299 144
297 247
295 885
298 690
303 952
301 42
295 266
294 125
294 686
294 419
306 706
307 338
304 205
306 53
312 538
305 601
310 431
309 829
313 175
313 629
307 267
305 895
310 375
304 424
312 660
310 588
310 798
305 988
313 117
311 251
309 688
306 561
304 256
312 724
310 463
304 234
310 7
310 987
314 30
315 163
317 188
319 151
318 964
323 661
317 810
315 523
314 517
318 25
319 893
318 409
320 84
317 111
317 661
319 578
323 306
322 399
323 626
317 105
318 688
329 312
327 113
329 6
328 305
328 715
324 648
327 106
326 192
330 662
333 919
333 71
331 509
327 559
333 260
325 243
325 225
329 490
328 992
325 824
324 815
328 169
333 552
328 577
325 215
330 420
343 781
343 504
334 455
339 872
339 287
339 401
334 323
338 775
338 669
334 37
342 802
336 896
342 196
342 764
335 269
343 745
352 517
353 890
344 613
349 220
345 65
346 128
344 977
350 500
349 986
352 903
348 406
344 462
347 969
346 368
350 100
352 829
352 933
353 255
344 707
351 388
347 633
347 892
348 847
348 782
351 534
358 784
359 862
363 240
357 229
359 358
357 388
355 320
354 748
355 21
355 703
358 642
356 821
356 405
357 733
356 571
363 253
355 468
363 545
362 714
361 773
362 296
361 870
354 846
363 132
362 970
358 902
361 627
362 327
359 525
355 867
371 572
371 906
373 626
373 582
367 596
367 120
369 990
367 791
369 880
365 698
373 329
369 477
370 226
365 508
368 148
369 389
370 925
373 19
365 613
364 285
364 167
364 998
371 375
365 408
368 83
368 761
367 642
376 14
381 968
379 444
375 99
379 381
376 797
376 729
383 134
380 913
382 102
375 398
375 825
379 450
379 221
376 190
380 424
375 952
378 702
381 34
381 550
375 923
382 805
374 365
379 107
383 252
379 139
374 538
381 127
376 742
381 237
377 636
382 889
375 856
389 94
387 46
386 412
384 816
393 884
389 234
393 755
389 955
386 420
391 416
391 570
385 745
389 506
384 262
390 179
389 101
389 431
384 576
389 67
387 611
387 397
391 716
387 340
390 933
394 387
397 163
400 275
396 992
395 282
395 663
400 878
402 962
394 653
395 451
397 108
399 30
397 719
399 784
400 858
403 764
394 96
401 39
396 498
394 352
399 350
400 70
397 812
397 339
399 709
400 886
399 265
402 728
401 230
395 916
395 640
400 221
395 526
404 976
410 374
409 801
413 474
405 238
412 85
404 481
407 433
411 875
405 945
409 596
410 924
410 174
408 643
411 418
410 520
410 753
410 311
414 823
417 981
418 222
417 904
417 375
422 466
422 416
421 50
419 427
420 396
414 529
417 513
421 528
416 552
418 736
415 254
416 504
416 68
415 715
421 834
420 486
414 969
423 858
422 553
423 992
421 582
417 415
414 345
428 283
424 758
432 23
430 216
433 440
426 953
430 415
430 866
430 259
429 381
429 532
428 398
431 650
424 264
432 386
431 76
433 552
425 498
429 803
428 482
424 878
427 82
426 335
427 945
426 353
427 460
431 616
427 641
435 264
443 177
438 439
442 981
437 940
442 849
440 934
436 412
436 764
435 474
434 108
437 802
441 358
434 978
441 390
439 975
436 959
440 510
437 626
436 504
436 288
440 209
436 515
441 434
442 556
434 841
439 867
439 296
442 572
438 301
448 24
450 116
452 218
447 272
448 212
447 109
445 633
449 428
444 419
453 703
447 674
445 41
445 126
452 546
448 697
451 436
444 871
453 507
448 50
451 372
452 247
452 525
447 132
446 664
451 207
457 732
456 270
461 963
456 208
457 772
455 639
459 712
462 333
458 631
454 724
455 40
463 225
455 654
454 450
463 155
463 94
457 363
454 179
461 123
468 311
471 443
470 919
470 517
468 423
465 584
470 28
467 20
472 469
471 777
464 999
467 862
464 170
465 945
472 172
472 645
472 721
469 267
469 735
471 50
469 631
465 282
464 565
474 118
475 850
477 61
477 421
476 814
474 650
475 334
478 300
479 21
478 129
480 103
483 592
477 270
483 868
479 457
481 472
480 995
479 885
479 178
480 47
478 2
478 633
477 769
479 409
475 914
480 717
477 709
481 745
474 509
474 690
476 490
480 381
492 810
490 630
490 787
486 560
486 72
489 438
488 203
487 457
488 342
493 519
487 260
489 595
492 498
484 852
491 291
488 835
490 610
492 444
492 224
487 327
484 124
488 576
489 156
491 532
489 27
493 387
499 958
497 697
501 313
500 739
498 611
494 905
501 159
496 551
499 471
495 113
502 760
497 671
495 872
495 566
503 646
494 230
500 539
495 449
501 786
498 942
498 877
496 153
494 206
498 747
500 578
498 716
503 276
502 32
496 413
497 122
496 188
511 443
512 610
510 580
510 710
513 283
513 680
505 166
513 427
506 470
511 253
505 397
506 839
512 94
504 525
510 834
512 791
508 899
504 443
510 871
505 437
511 350
509 865
509 986
507 208
504 559
511 127
504 376
510 509
523 495
523 963
517 57
523 955
516 17
522 9
515 288
521 375
522 86
514 49
521 681
518 78
516 602
520 908
517 65
518 547
517 338
523 737
519 506
523 267
523 470
517 354
516 367
516 397
517 523
519 238
523 819
515 590
522 325
523 25
514 191
520 313
530 696
533 310
525 102
524 581
525 284
529 516
526 373
530 557
524 480
528 268
533 261
528 930
531 1000
528 720
525 896
528 485
525 460
530 24
532 922
527 793
532 276
530 435
532 549
527 155
529 329
524 968
527 834
526 871
542 590
539 363
536 336
537 38
536 149
543 213
534 354
539 622
536 73
537 303
534 907
534 361
541 821
538 375
539 124
539 447
543 518
538 196
540 714
543 815
538 284
536 603
537 190
539 99
539 960
550 304
553 843
547 95
549 528
544 463
546 426
545 597
553 375
550 630
550 953
547 843
549 979
550 34
545 357
548 567
549 176
547 131
545 575
556 410
558 952
559 772
555 520
562 274
559 814
559 158
556 558
554 920
562 241
557 423
557 360
561 559
562 175
559 721
558 463
554 581
561 246
563 654
561 661
561 692
555 252
559 828
559 571
561 43
554 622
562 899
563 227
573 249
568 87
573 594
572 867
566 332
566 320
573 8
571 846
572 93
572 28
573 713
572 676
573 911
567 236
567 209
566 744
566 602
567 71
568 186
569 192
567 864
571 570
572 532
572 255
569 794
569 702
582 638
578 250
575 380
579 396
580 503
575 670
575 978
583 923
578 843
581 415
575 795
576 637
580 291
577 426
581 579
579 54
575 217
582 832
583 152
579 613
578 608
587 469
586 288
590 238
591 28
591 211
588 777
591 360
590 943
589 72
584 191
588 509
585 313
586 201
592 175
586 716
592 474
587 587
587 449
585 239
584 397
589 845
592 626
591 931
584 761
587 141
596 553
600 822
597 536
603 226
597 922
603 381
594 287
599 606
598 810
596 760
594 346
597 845
595 853
602 925
595 432
602 111
599 377
602 753
603 497
601 37
603 435
596 157
599 577
595 301
595 912
597 890
597 170
612 70
607 250
605 372
611 369
605 19
611 863
612 28
611 139
612 967
613 352
609 320
607 808
613 873
607 510
606 136
604 275
605 916
611 304
610 800
604 887
608 128
612 993
606 958
605 534
613 104
605 41
607 117
605 301
621 523
619 101
615 93
617 684
620 814
620 847
614 237
619 154
623 661
623 279
617 592
623 211
615 339
623 402
614 632
617 442
616 23
616 985
614 815
620 635
614 37
621 363
616 890
621 916
614 460
632 538
624 329
630 565
632 713
625 873
626 187
629 840
633 583
624 613
631 24
628 208
633 760
628 269
625 459
629 448
633 177
627 379
625 777
632 945
625 930
624 826
632 524
630 159
628 549
638 846
635 377
637 88
636 931
643 942
639 621
636 211
640 855
639 807
634 886
636 877
643 729
640 960
636 707
642 597
639 192
637 172
640 144
639 501
643 76
638 473
640 207
643 560
638 645
639 327
653 297
649 457
652 77
645 521
647 392
644 48
645 183
647 284
651 980
646 620
646 477
649 681
644 436
648 743
645 347
648 93
653 568
650 185
646 847
646 960
653 638
644 866
655 889
659 416
656 942
656 882
663 970
659 960
659 491
657 524
654 876
661 218
660 663
656 432
660 456
657 341
662 469
659 795
655 232
656 394
655 85
659 900
661 608
662 235
670 429
672 52
667 597
672 102
667 360
664 727
666 809
669 733
668 552
665 544
665 530
667 895
669 177
673 241
667 706
667 716
664 669
672 820
678 618
681 341
676 396
675 636
674 736
679 329
678 523
674 126
675 227
683 921
677 265
677 852
676 148
682 124
683 85
676 492
674 485
680 198
678 237
679 219
692 798
688 437
684 839
686 78
691 635
686 68
691 379
690 867
686 305
687 41
687 818
691 2
692 979
692 233
693 520
686 647
690 682
690 217
685 755
693 472
692 145
685 617
686 454
691 104
697 605
700 112
700 633
694 753
700 435
700 816
694 72
696 309
696 680
696 882
695 483
696 418
695 789
700 526
699 742
698 239
702 211
694 244
698 53
697 407
699 152
701 684
703 851
698 838
696 907
698 548
698 946
695 365
698 189
701 959
703 367
698 695
701 424
705 868
711 58
712 863
704 965
707 121
705 247
711 517
707 764
705 272
711 880
711 196
712 362
706 333
713 381
704 324
705 931
707 150
713 159
709 712
706 897
713 672
707 579
711 590
707 888
709 172
716 202
714 441
715 23
719 287
715 548
716 469
716 401
716 91
723 674
719 44
723 252
719 892
718 501
715 337
718 874
718 490
715 715
722 99
716 909
715 254
732 500
727 708
725 988
733 357
733 541
726 412
726 918
726 580
730 511
731 127
730 896
731 569
729 259
731 178
728 464
728 833
731 603
732 286
725 243
728 505
727 886
724 308
733 847
729 867
726 962
728 860
724 109
740 802
736 842
736 950
739 870
742 500
739 237
743 310
737 763
743 700
742 773
743 66
734 405
738 642
740 348
734 882
739 295
734 506
736 562
735 821
739 435
737 460
739 324
746 246
748 928
747 18
750 173
752 938
748 739
744 86
751 866
746 983
752 276
749 613
746 595
752 398
746 935
752 806
748 907
753 919
747 728
750 490
749 84
751 589
746 923
752 309
748 90
755 669
762 693
763 467
763 847
754 901
762 37
757 355
755 444
759 609
760 215
761 13
757 974
760 873
761 491
759 246
757 222
762 166
763 544
761 131
756 30
757 638
755 389
758 301
756 185
769 770
772 24
765 977
768 668
765 618
768 564
772 193
773 410
765 405
770 497
773 52
766 827
773 527
771 347
770 129
772 481
770 800
769 389
766 864
768 189
766 505
769 202
765 607
766 613
770 182
768 229
768 583
780 179
780 868
779 969
778 95
774 533
774 571
783 294
782 2
774 762
777 191
774 503
777 718
775 904
778 830
777 816
782 758
783 234
774 515
780 732
783 105
783 587
779 155
792 802
784 365
792 377
785 677
792 620
792 409
791 312
793 189
788 724
786 227
787 903
789 35
789 519
785 647
789 343
784 908
793 78
786 770
785 581
786 114
786 162
788 88
793 54
792 468
798 860
800 237
798 567
797 444
798 701
799 746
803 566
797 518
799 127
795 201
801 244
794 738
801 815
800 374
797 414
795 868
798 465
800 608
798 633
795 878
806 80
811 496
813 845
806 579
811 978
813 486
808 658
805 344
808 968
807 145
808 185
810 930
807 106
813 306
806 73
805 433
810 469
804 835
805 668
807 689
809 280
811 836
808 487
812 353
813 888
807 776
818 319
823 377
823 673
823 554
823 520
815 906
823 285
815 610
819 834
818 879
816 279
816 434
816 218
823 314
815 465
821 902
822 723
817 737
814 473
815 99
816 127
816 996
821 69
827 800
826 781
824 250
824 178
828 850
825 422
828 282
826 865
830 172
831 186
832 642
831 675
829 389
825 23
833 19
824 910
826 369
833 831
826 966
828 691
833 781
826 226
827 119
824 813
840 585
837 964
841 540
841 130
837 293
841 814
843 399
835 516
841 222
838 871
839 57
840 103
840 657
839 717
835 854
843 879
843 71
838 895
837 985
837 208
843 865
839 573
846 621
847 41
844 839
845 753
846 813
845 747
849 244
851 876
851 920
847 711
848 358
847 229
844 615
844 351
846 282
852 656
853 115
847 512
845 306
851 950
845 767
850 806
849 840
848 259
852 910
852 14
862 846
859 223
863 202
856 522
858 166
855 486
860 741
857 718
860 352
863 795
858 514
863 313
854 314
863 954
861 40
859 384
863 129
857 886
861 709
859 441
862 255
854 713
861 418
862 572
873 103
871 140
864 176
868 719
870 176
866 736
866 301
870 751
867 500
870 191
864 987
872 982
866 576
871 943
868 596
869 470
871 531
864 493
867 250
872 356
872 667
866 508
872 686
865 824
865 454
875 912
876 167
875 408
877 500
880 267
881 654
879 548
880 402
880 386
880 697
881 518
882 814
878 732
875 133
881 844
875 456
883 53
876 705
883 865
881 946
876 572
877 688
885 47
891 646
893 719
893 491
893 525
888 276
891 497
889 98
886 283
889 67
891 260
891 77
884 324
884 116
884 507
892 783
888 555
891 463
886 977
886 130
891 269
889 220
886 727
886 398
885 316
888 949
892 944
893 474
889 926
889 358
887 590
886 838
903 88
902 659
900 684
894 760
895 62
900 678
896 986
899 884
896 281
899 450
897 664
900 553
901 765
897 697
900 70
898 186
899 313
901 17
895 9
899 77
899 377
903 438
903 897
900 625
911 694
911 748
904 965
913 364
908 212
905 617
907 25
910 953
904 325
913 50
909 839
906 303
907 942
912 290
906 563
909 373
907 339
905 148
911 178
904 464
906 607
911 573
905 104
915 465
914 633
915 670
918 503
915 137
923 329
916 810
921 382
920 747
918 645
921 138
916 565
921 718
920 593
920 237
919 324
923 496
917 881
923 155
923 872
921 96
914 554
921 232
917 444
920 658
918 303
916 999
920 738
917 986
920 184
919 707
914 226
932 444
926 956
928 113
926 999
928 617
929 719
927 560
933 962
929 336
924 639
933 400
932 54
924 197
930 1
932 818
926 283
928 9
924 600
927 448
929 453
932 627
927 439
929 80
930 848
934 503
935 513
934 303
937 690
940 153
940 652
941 775
940 418
941 440
937 922
938 297
941 450
942 266
938 707
939 332
943 68
937 429
935 368
942 957
934 977
936 28
936 106
937 38
953 62
947 381
948 213
944 708
948 30
950 535
948 719
953 926
945 173
949 939
947 888
947 435
947 448
949 397
949 900
945 91
959 915
957 670
954 474
958 929
955 591
962 486
961 398
962 418
962 104
957 58
958 619
954 207
963 961
962 632
958 864
963 469
959 323
961 429
960 510
955 882
957 35
962 994
970 682
965 184
972 125
969 647
969 312
969 320
968 658
968 403
965 32
968 884
965 150
970 761
966 939
969 385
968 847
965 451
966 14
965 838
964 474
970 445
969 743
973 577
965 909
965 712
972 687
969 582
970 587
974 250
977 511
977 33
981 660
975 572
977 272
979 953
979 392
983 892
977 718
982 172
979 991
982 377
981 265
983 910
974 903
975 322
979 90
982 749
976 586
978 978
977 469
974 240
983 679
974 531
982 917
983 930
980 383
983 879
981 777
981 556
977 403
983 940
976 181
978 693
977 736
978 668
980 59
975 54
986 904
986 93
992 613
987 213
985 864
988 79
985 856
989 961
984 688
992 687
984 453
990 872
987 533
988 682
984 696
988 885
988 127
993 540
991 374
987 25
987 41
990 499
988 380
984 829
989 506
991 900
990 577
999 999
999 543
997 51
1001 262
999 952
1000 572
997 627
1000 815
998 529
996 185
999 517
995 675
1001 131
1001 463
999 491
997 368
994 323
994 487
1000 223
997 603
999 173
994 410
1004 207
1004 746
1004 146
