5000
10 1
11 4
10 7
11 10
10 13
11 16
10 19
11 22
10 25
11 28
10 31
11 34
10 37
11 40
10 43
11 46
10 49
11 52
10 55
11 58
10 61
11 64
10 67
11 70
10 73
11 76
10 79
11 82
10 85
11 88
10 91
11 94
10 97
11 100
10 103
11 106
10 109
11 112
10 115
11 118
10 121
11 124
10 127
11 130
10 133
11 136
10 139
11 142
10 145
11 148
10 151
11 154
10 157
11 160
10 163
11 166
10 169
11 172
10 175
11 178
10 181
11 184
10 187
11 190
10 193
11 196
10 199
11 202
10 205
11 208
10 211
11 214
10 217
11 220
10 223
11 226
10 229
11 232
10 235
11 238
10 241
11 244
10 247
11 250
10 253
11 256
10 259
11 262
10 265
11 268
10 271
11 274
10 277
11 280
10 283
11 286
10 289
11 292
10 295
11 298
10 301
11 304
10 307
11 310
10 313
11 316
10 319
11 322
10 325
11 328
10 331
11 334
10 337
11 340
10 343
11 346
10 349
11 352
10 355
11 358
10 361
11 364
10 367
11 370
10 373
11 376
10 379
11 382
10 385
11 388
10 391
11 394
10 397
11 400
10 403
11 406
10 409
11 412
10 415
11 418
10 421
11 424
10 427
11 430
10 433
11 436
10 439
11 442
10 445
11 448
10 451
11 454
10 457
11 460
10 463
11 466
10 469
11 472
10 475
11 478
10 481
11 484
10 487
11 490
10 493
11 496
10 499
11 502
10 505
11 508
10 511
11 514
10 517
11 520
10 523
11 526
10 529
11 532
10 535
11 538
10 541
11 544
10 547
11 550
10 553
11 556
10 559
11 562
10 565
11 568
10 571
11 574
10 577
11 580
10 583
11 586
10 589
11 592
10 595
11 598
10 601
11 604
10 607
11 610
10 613
11 616
10 619
11 622
10 625
11 628
10 631
11 634
10 637
11 640
10 643
11 646
10 649
11 652
10 655
11 658
10 661
11 664
10 667
11 670
10 673
11 676
10 679
11 682
10 685
11 688
10 691
11 694
10 697
11 700
10 703
11 706
10 709
11 712
10 715
11 718
10 721
11 724
10 727
11 730
10 733
11 736
10 739
11 742
10 745
11 748
10 751
11 754
10 757
11 760
10 763
11 766
10 769
11 772
10 775
11 778
10 781
11 784
10 787
11 790
10 793
11 796
10 799
11 802
10 805
11 808
10 811
11 814
10 817
11 820
10 823
11 826
10 829
11 832
10 835
11 838
10 841
11 844
10 847
11 850
10 853
11 856
10 859
11 862
10 865
11 868
10 871
11 874
10 877
11 880
10 883
11 886
10 889
11 892
10 895
11 898
10 901
11 904
10 907
11 910
10 913
11 916
10 919
11 922
10 925
11 928
10 931
11 934
10 937
11 940
10 943
11 946
10 949
11 952
10 955
11 958
10 961
11 964
10 967
11 970
10 973
11 976
10 979
11 982
10 985
11 988
10 991
11 994
10 997
11 1000
10 1003
11 1006
10 1009
11 1012
10 1015
11 1018
10 1021
11 1024
10 1027
11 1030
10 1033
11 1036
10 1039
11 1042
10 1045
11 1048
10 1051
11 1054
10 1057
11 1060
10 1063
11 1066
10 1069
11 1072
10 1075
11 1078
10 1081
11 1084
10 1087
11 1090
10 1093
11 1096
10 1099
11 1102
10 1105
11 1108
10 1111
11 1114
10 1117
11 1120
10 1123
11 1126
10 1129
11 1132
10 1135
11 1138
10 1141
11 1144
10 1147
11 1150
10 1153
11 1156
10 1159
11 1162
10 1165
11 1168
10 1171
11 1174
10 1177
11 1180
10 1183
11 1186
10 1189
11 1192
10 1195
11 1198
10 1201
11 1204
10 1207
11 1210
10 1213
11 1216
10 1219
11 1222
10 1225
11 1228
10 1231
11 1234
10 1237
11 1240
10 1243
11 1246
10 1249
11 1252
10 1255
11 1258
10 1261
11 1264
10 1267
11 1270
10 1273
11 1276
10 1279
11 1282
10 1285
11 1288
10 1291
11 1294
10 1297
11 1300
10 1303
11 1306
10 1309
11 1312
10 1315
11 1318
10 1321
11 1324
10 1327
11 1330
10 1333
11 1336
10 1339
11 1342
10 1345
11 1348
10 1351
11 1354
10 1357
11 1360
10 1363
11 1366
10 1369
11 1372
10 1375
11 1378
10 1381
11 1384
10 1387
11 1390
10 1393
11 1396
10 1399
11 1402
10 1405
11 1408
10 1411
11 1414
10 1417
11 1420
10 1423
11 1426
10 1429
11 1432
10 1435
11 1438
10 1441
11 1444
10 1447
11 1450
10 1453
11 1456
10 1459
11 1462
10 1465
11 1468
10 1471
11 1474
10 1477
11 1480
10 1483
11 1486
10 1489
11 1492
10 1495
11 1498
10 1501
11 1504
10 1507
11 1510
10 1513
11 1516
10 1519
11 1522
10 1525
11 1528
10 1531
11 1534
10 1537
11 1540
10 1543
11 1546
10 1549
11 1552
10 1555
11 1558
10 1561
11 1564
10 1567
11 1570
10 1573
11 1576
10 1579
11 1582
10 1585
11 1588
10 1591
11 1594
10 1597
11 1600
10 1603
11 1606
10 1609
11 1612
10 1615
11 1618
10 1621
11 1624
10 1627
11 1630
10 1633
11 1636
10 1639
11 1642
10 1645
11 1648
10 1651
11 1654
10 1657
11 1660
10 1663
11 1666
10 1669
11 1672
10 1675
11 1678
10 1681
11 1684
10 1687
11 1690
10 1693
11 1696
10 1699
11 1702
10 1705
11 1708
10 1711
11 1714
10 1717
11 1720
10 1723
11 1726
10 1729
11 1732
10 1735
11 1738
10 1741
11 1744
10 1747
11 1750
10 1753
11 1756
10 1759
11 1762
10 1765
11 1768
10 1771
11 1774
10 1777
11 1780
10 1783
11 1786
10 1789
11 1792
10 1795
11 1798
10 1801
11 1804
10 1807
11 1810
10 1813
11 1816
10 1819
11 1822
10 1825
11 1828
10 1831
11 1834
10 1837
11 1840
10 1843
11 1846
10 1849
11 1852
10 1855
11 1858
10 1861
11 1864
10 1867
11 1870
10 1873
11 1876
10 1879
11 1882
10 1885
11 1888
10 1891
11 1894
10 1897
11 1900
10 1903
11 1906
10 1909
11 1912
10 1915
11 1918
10 1921
11 1924
10 1927
11 1930
10 1933
11 1936
10 1939
11 1942
10 1945
11 1948
10 1951
11 1954
10 1957
11 1960
10 1963
11 1966
10 1969
11 1972
10 1975
11 1978
10 1981
11 1984
10 1987
11 1990
10 1993
11 1996
10 1999
11 2002
10 2005
11 2008
10 2011
11 2014
10 2017
11 2020
10 2023
11 2026
10 2029
11 2032
10 2035
11 2038
10 2041
11 2044
10 2047
11 2050
10 2053
11 2056
10 2059
11 2062
10 2065
11 2068
10 2071
11 2074
10 2077
11 2080
10 2083
11 2086
10 2089
11 2092
10 2095
11 2098
10 2101
11 2104
10 2107
11 2110
10 2113
11 2116
10 2119
11 2122
10 2125
11 2128
10 2131
11 2134
10 2137
11 2140
10 2143
11 2146
10 2149
11 2152
10 2155
11 2158
10 2161
11 2164
10 2167
11 2170
10 2173
11 2176
10 2179
11 2182
10 2185
11 2188
10 2191
11 2194
10 2197
11 2200
10 2203
11 2206
10 2209
11 2212
10 2215
11 2218
10 2221
11 2224
10 2227
11 2230
10 2233
11 2236
10 2239
11 2242
10 2245
11 2248
10 2251
11 2254
10 2257
11 2260
10 2263
11 2266
10 2269
11 2272
10 2275
11 2278
10 2281
11 2284
10 2287
11 2290
10 2293
11 2296
10 2299
11 2302
10 2305
11 2308
10 2311
11 2314
10 2317
11 2320
10 2323
11 2326
10 2329
11 2332
10 2335
11 2338
10 2341
11 2344
10 2347
11 2350
10 2353
11 2356
10 2359
11 2362
10 2365
11 2368
10 2371
11 2374
10 2377
11 2380
10 2383
11 2386
10 2389
11 2392
10 2395
11 2398
10 2401
11 2404
10 2407
11 2410
10 2413
11 2416
10 2419
11 2422
10 2425
11 2428
10 2431
11 2434
10 2437
11 2440
10 2443
11 2446
10 2449
11 2452
10 2455
11 2458
10 2461
11 2464
10 2467
11 2470
10 2473
11 2476
10 2479
11 2482
10 2485
11 2488
10 2491
11 2494
10 2497
11 2500
10 2503
11 2506
10 2509
11 2512
10 2515
11 2518
10 2521
11 2524
10 2527
11 2530
10 2533
11 2536
10 2539
11 2542
10 2545
11 2548
10 2551
11 2554
10 2557
11 2560
10 2563
11 2566
10 2569
11 2572
10 2575
11 2578
10 2581
11 2584
10 2587
11 2590
10 2593
11 2596
10 2599
11 2602
10 2605
11 2608
10 2611
11 2614
10 2617
11 2620
10 2623
11 2626
10 2629
11 2632
10 2635
11 2638
10 2641
11 2644
10 2647
11 2650
10 2653
11 2656
10 2659
11 2662
10 2665
11 2668
10 2671
11 2674
10 2677
11 2680
10 2683
11 2686
10 2689
11 2692
10 2695
11 2698
10 2701
11 2704
10 2707
11 2710
10 2713
11 2716
10 2719
11 2722
10 2725
11 2728
10 2731
11 2734
10 2737
11 2740
10 2743
11 2746
10 2749
11 2752
10 2755
11 2758
10 2761
11 2764
10 2767
11 2770
10 2773
11 2776
10 2779
11 2782
10 2785
11 2788
10 2791
11 2794
10 2797
11 2800
10 2803
11 2806
10 2809
11 2812
10 2815
11 2818
10 2821
11 2824
10 2827
11 2830
10 2833
11 2836
10 2839
11 2842
10 2845
11 2848
10 2851
11 2854
10 2857
11 2860
10 2863
11 2866
10 2869
11 2872
10 2875
11 2878
10 2881
11 2884
10 2887
11 2890
10 2893
11 2896
10 2899
11 2902
10 2905
11 2908
10 2911
11 2914
10 2917
11 2920
10 2923
11 2926
10 2929
11 2932
10 2935
11 2938
10 2941
11 2944
10 2947
11 2950
10 2953
11 2956
10 2959
11 2962
10 2965
11 2968
10 2971
11 2974
10 2977
11 2980
10 2983
11 2986
10 2989
11 2992
10 2995
11 2998
10 3001
11 3004
10 3007
11 3010
10 3013
11 3016
10 3019
11 3022
10 3025
11 3028
10 3031
11 3034
10 3037
11 3040
10 3043
11 3046
10 3049
11 3052
10 3055
11 3058
10 3061
11 3064
10 3067
11 3070
10 3073
11 3076
10 3079
11 3082
10 3085
11 3088
10 3091
11 3094
10 3097
11 3100
10 3103
11 3106
10 3109
11 3112
10 3115
11 3118
10 3121
11 3124
10 3127
11 3130
10 3133
11 3136
10 3139
11 3142
10 3145
11 3148
10 3151
11 3154
10 3157
11 3160
10 3163
11 3166
10 3169
11 3172
10 3175
11 3178
10 3181
11 3184
10 3187
11 3190
10 3193
11 3196
10 3199
11 3202
10 3205
11 3208
10 3211
11 3214
10 3217
11 3220
10 3223
11 3226
10 3229
11 3232
10 3235
11 3238
10 3241
11 3244
10 3247
11 3250
10 3253
11 3256
10 3259
11 3262
10 3265
11 3268
10 3271
11 3274
10 3277
11 3280
10 3283
11 3286
10 3289
11 3292
10 3295
11 3298
10 3301
11 3304
10 3307
11 3310
10 3313
11 3316
10 3319
11 3322
10 3325
11 3328
10 3331
11 3334
10 3337
11 3340
10 3343
11 3346
10 3349
11 3352
10 3355
11 3358
10 3361
11 3364
10 3367
11 3370
10 3373
11 3376
10 3379
11 3382
10 3385
11 3388
10 3391
11 3394
10 3397
11 3400
10 3403
11 3406
10 3409
11 3412
10 3415
11 3418
10 3421
11 3424
10 3427
11 3430
10 3433
11 3436
10 3439
11 3442
10 3445
11 3448
10 3451
11 3454
10 3457
11 3460
10 3463
11 3466
10 3469
11 3472
10 3475
11 3478
10 3481
11 3484
10 3487
11 3490
10 3493
11 3496
10 3499
11 3502
10 3505
11 3508
10 3511
11 3514
10 3517
11 3520
10 3523
11 3526
10 3529
11 3532
10 3535
11 3538
10 3541
11 3544
10 3547
11 3550
10 3553
11 3556
10 3559
11 3562
10 3565
11 3568
10 3571
11 3574
10 3577
11 3580
10 3583
11 3586
10 3589
11 3592
10 3595
11 3598
10 3601
11 3604
10 3607
11 3610
10 3613
11 3616
10 3619
11 3622
10 3625
11 3628
10 3631
11 3634
10 3637
11 3640
10 3643
11 3646
10 3649
11 3652
10 3655
11 3658
10 3661
11 3664
10 3667
11 3670
10 3673
11 3676
10 3679
11 3682
10 3685
11 3688
10 3691
11 3694
10 3697
11 3700
10 3703
11 3706
10 3709
11 3712
10 3715
11 3718
10 3721
11 3724
10 3727
11 3730
10 3733
11 3736
10 3739
11 3742
10 3745
11 3748
10 3751
11 3754
10 3757
11 3760
10 3763
11 3766
10 3769
11 3772
10 3775
11 3778
10 3781
11 3784
10 3787
11 3790
10 3793
11 3796
10 3799
11 3802
10 3805
11 3808
10 3811
11 3814
10 3817
11 3820
10 3823
11 3826
10 3829
11 3832
10 3835
11 3838
10 3841
11 3844
10 3847
11 3850
10 3853
11 3856
10 3859
11 3862
10 3865
11 3868
10 3871
11 3874
10 3877
11 3880
10 3883
11 3886
10 3889
11 3892
10 3895
11 3898
10 3901
11 3904
10 3907
11 3910
10 3913
11 3916
10 3919
11 3922
10 3925
11 3928
10 3931
11 3934
10 3937
11 3940
10 3943
11 3946
10 3949
11 3952
10 3955
11 3958
10 3961
11 3964
10 3967
11 3970
10 3973
11 3976
10 3979
11 3982
10 3985
11 3988
10 3991
11 3994
10 3997
11 4000
10 4003
11 4006
10 4009
11 4012
10 4015
11 4018
10 4021
11 4024
10 4027
11 4030
10 4033
11 4036
10 4039
11 4042
10 4045
11 4048
10 4051
11 4054
10 4057
11 4060
10 4063
11 4066
10 4069
11 4072
10 4075
11 4078
10 4081
11 4084
10 4087
11 4090
10 4093
11 4096
10 4099
11 4102
10 4105
11 4108
10 4111
11 4114
10 4117
11 4120
10 4123
11 4126
10 4129
11 4132
10 4135
11 4138
10 4141
11 4144
10 4147
11 4150
10 4153
11 4156
10 4159
11 4162
10 4165
11 4168
10 4171
11 4174
10 4177
11 4180
10 4183
11 4186
10 4189
11 4192
10 4195
11 4198
10 4201
11 4204
10 4207
11 4210
10 4213
11 4216
10 4219
11 4222
10 4225
11 4228
10 4231
11 4234
10 4237
11 4240
10 4243
11 4246
10 4249
11 4252
10 4255
11 4258
10 4261
11 4264
10 4267
11 4270
10 4273
11 4276
10 4279
11 4282
10 4285
11 4288
10 4291
11 4294
10 4297
11 4300
10 4303
11 4306
10 4309
11 4312
10 4315
11 4318
10 4321
11 4324
10 4327
11 4330
10 4333
11 4336
10 4339
11 4342
10 4345
11 4348
10 4351
11 4354
10 4357
11 4360
10 4363
11 4366
10 4369
11 4372
10 4375
11 4378
10 4381
11 4384
10 4387
11 4390
10 4393
11 4396
10 4399
11 4402
10 4405
11 4408
10 4411
11 4414
10 4417
11 4420
10 4423
11 4426
10 4429
11 4432
10 4435
11 4438
10 4441
11 4444
10 4447
11 4450
10 4453
11 4456
10 4459
11 4462
10 4465
11 4468
10 4471
11 4474
10 4477
11 4480
10 4483
11 4486
10 4489
11 4492
10 4495
11 4498
10 4501
11 4504
10 4507
11 4510
10 4513
11 4516
10 4519
11 4522
10 4525
11 4528
10 4531
11 4534
10 4537
11 4540
10 4543
11 4546
10 4549
11 4552
10 4555
11 4558
10 4561
11 4564
10 4567
11 4570
10 4573
11 4576
10 4579
11 4582
10 4585
11 4588
10 4591
11 4594
10 4597
11 4600
10 4603
11 4606
10 4609
11 4612
10 4615
11 4618
10 4621
11 4624
10 4627
11 4630
10 4633
11 4636
10 4639
11 4642
10 4645
11 4648
10 4651
11 4654
10 4657
11 4660
10 4663
11 4666
10 4669
11 4672
10 4675
11 4678
10 4681
11 4684
10 4687
11 4690
10 4693
11 4696
10 4699
11 4702
10 4705
11 4708
10 4711
11 4714
10 4717
11 4720
10 4723
11 4726
10 4729
11 4732
10 4735
11 4738
10 4741
11 4744
10 4747
11 4750
10 4753
11 4756
10 4759
11 4762
10 4765
11 4768
10 4771
11 4774
10 4777
11 4780
10 4783
11 4786
10 4789
11 4792
10 4795
11 4798
10 4801
11 4804
10 4807
11 4810
10 4813
11 4816
10 4819
11 4822
10 4825
11 4828
10 4831
11 4834
10 4837
11 4840
10 4843
11 4846
10 4849
11 4852
10 4855
11 4858
10 4861
11 4864
10 4867
11 4870
10 4873
11 4876
10 4879
11 4882
10 4885
11 4888
10 4891
11 4894
10 4897
11 4900
10 4903
11 4906
10 4909
11 4912
10 4915
11 4918
10 4921
11 4924
10 4927
11 4930
10 4933
11 4936
10 4939
11 4942
10 4945
11 4948
10 4951
11 4954
10 4957
11 4960
10 4963
11 4966
10 4969
11 4972
10 4975
11 4978
10 4981
11 4984
10 4987
11 4990
10 4993
11 4996
10 4999
11 5002
10 5005
11 5008
10 5011
11 5014
10 5017
11 5020
10 5023
11 5026
10 5029
11 5032
10 5035
11 5038
10 5041
11 5044
10 5047
11 5050
10 5053
11 5056
10 5059
11 5062
10 5065
11 5068
10 5071
11 5074
10 5077
11 5080
10 5083
11 5086
10 5089
11 5092
10 5095
11 5098
10 5101
11 5104
10 5107
11 5110
10 5113
11 5116
10 5119
11 5122
10 5125
11 5128
10 5131
11 5134
10 5137
11 5140
10 5143
11 5146
10 5149
11 5152
10 5155
11 5158
10 5161
11 5164
10 5167
11 5170
10 5173
11 5176
10 5179
11 5182
10 5185
11 5188
10 5191
11 5194
10 5197
11 5200
10 5203
11 5206
10 5209
11 5212
10 5215
11 5218
10 5221
11 5224
10 5227
11 5230
10 5233
11 5236
10 5239
11 5242
10 5245
11 5248
10 5251
11 5254
10 5257
11 5260
10 5263
11 5266
10 5269
11 5272
10 5275
11 5278
10 5281
11 5284
10 5287
11 5290
10 5293
11 5296
10 5299
11 5302
10 5305
11 5308
10 5311
11 5314
10 5317
11 5320
10 5323
11 5326
10 5329
11 5332
10 5335
11 5338
10 5341
11 5344
10 5347
11 5350
10 5353
11 5356
10 5359
11 5362
10 5365
11 5368
10 5371
11 5374
10 5377
11 5380
10 5383
11 5386
10 5389
11 5392
10 5395
11 5398
10 5401
11 5404
10 5407
11 5410
10 5413
11 5416
10 5419
11 5422
10 5425
11 5428
10 5431
11 5434
10 5437
11 5440
10 5443
11 5446
10 5449
11 5452
10 5455
11 5458
10 5461
11 5464
10 5467
11 5470
10 5473
11 5476
10 5479
11 5482
10 5485
11 5488
10 5491
11 5494
10 5497
11 5500
10 5503
11 5506
10 5509
11 5512
10 5515
11 5518
10 5521
11 5524
10 5527
11 5530
10 5533
11 5536
10 5539
11 5542
10 5545
11 5548
10 5551
11 5554
10 5557
11 5560
10 5563
11 5566
10 5569
11 5572
10 5575
11 5578
10 5581
11 5584
10 5587
11 5590
10 5593
11 5596
10 5599
11 5602
10 5605
11 5608
10 5611
11 5614
10 5617
11 5620
10 5623
11 5626
10 5629
11 5632
10 5635
11 5638
10 5641
11 5644
10 5647
11 5650
10 5653
11 5656
10 5659
11 5662
10 5665
11 5668
10 5671
11 5674
10 5677
11 5680
10 5683
11 5686
10 5689
11 5692
10 5695
11 5698
10 5701
11 5704
10 5707
11 5710
10 5713
11 5716
10 5719
11 5722
10 5725
11 5728
10 5731
11 5734
10 5737
11 5740
10 5743
11 5746
10 5749
11 5752
10 5755
11 5758
10 5761
11 5764
10 5767
11 5770
10 5773
11 5776
10 5779
11 5782
10 5785
11 5788
10 5791
11 5794
10 5797
11 5800
10 5803
11 5806
10 5809
11 5812
10 5815
11 5818
10 5821
11 5824
10 5827
11 5830
10 5833
11 5836
10 5839
11 5842
10 5845
11 5848
10 5851
11 5854
10 5857
11 5860
10 5863
11 5866
10 5869
11 5872
10 5875
11 5878
10 5881
11 5884
10 5887
11 5890
10 5893
11 5896
10 5899
11 5902
10 5905
11 5908
10 5911
11 5914
10 5917
11 5920
10 5923
11 5926
10 5929
11 5932
10 5935
11 5938
10 5941
11 5944
10 5947
11 5950
10 5953
11 5956
10 5959
11 5962
10 5965
11 5968
10 5971
11 5974
10 5977
11 5980
10 5983
11 5986
10 5989
11 5992
10 5995
11 5998
10 6001
11 6004
10 6007
11 6010
10 6013
11 6016
10 6019
11 6022
10 6025
11 6028
10 6031
11 6034
10 6037
11 6040
10 6043
11 6046
10 6049
11 6052
10 6055
11 6058
10 6061
11 6064
10 6067
11 6070
10 6073
11 6076
10 6079
11 6082
10 6085
11 6088
10 6091
11 6094
10 6097
11 6100
10 6103
11 6106
10 6109
11 6112
10 6115
11 6118
10 6121
11 6124
10 6127
11 6130
10 6133
11 6136
10 6139
11 6142
10 6145
11 6148
10 6151
11 6154
10 6157
11 6160
10 6163
11 6166
10 6169
11 6172
10 6175
11 6178
10 6181
11 6184
10 6187
11 6190
10 6193
11 6196
10 6199
11 6202
10 6205
11 6208
10 6211
11 6214
10 6217
11 6220
10 6223
11 6226
10 6229
11 6232
10 6235
11 6238
10 6241
11 6244
10 6247
11 6250
10 6253
11 6256
10 6259
11 6262
10 6265
11 6268
10 6271
11 6274
10 6277
11 6280
10 6283
11 6286
10 6289
11 6292
10 6295
11 6298
10 6301
11 6304
10 6307
11 6310
10 6313
11 6316
10 6319
11 6322
10 6325
11 6328
10 6331
11 6334
10 6337
11 6340
10 6343
11 6346
10 6349
11 6352
10 6355
11 6358
10 6361
11 6364
10 6367
11 6370
10 6373
11 6376
10 6379
11 6382
10 6385
11 6388
10 6391
11 6394
10 6397
11 6400
10 6403
11 6406
10 6409
11 6412
10 6415
11 6418
10 6421
11 6424
10 6427
11 6430
10 6433
11 6436
10 6439
11 6442
10 6445
11 6448
10 6451
11 6454
10 6457
11 6460
10 6463
11 6466
10 6469
11 6472
10 6475
11 6478
10 6481
11 6484
10 6487
11 6490
10 6493
11 6496
10 6499
11 6502
10 6505
11 6508
10 6511
11 6514
10 6517
11 6520
10 6523
11 6526
10 6529
11 6532
10 6535
11 6538
10 6541
11 6544
10 6547
11 6550
10 6553
11 6556
10 6559
11 6562
10 6565
11 6568
10 6571
11 6574
10 6577
11 6580
10 6583
11 6586
10 6589
11 6592
10 6595
11 6598
10 6601
11 6604
10 6607
11 6610
10 6613
11 6616
10 6619
11 6622
10 6625
11 6628
10 6631
11 6634
10 6637
11 6640
10 6643
11 6646
10 6649
11 6652
10 6655
11 6658
10 6661
11 6664
10 6667
11 6670
10 6673
11 6676
10 6679
11 6682
10 6685
11 6688
10 6691
11 6694
10 6697
11 6700
10 6703
11 6706
10 6709
11 6712
10 6715
11 6718
10 6721
11 6724
10 6727
11 6730
10 6733
11 6736
10 6739
11 6742
10 6745
11 6748
10 6751
11 6754
10 6757
11 6760
10 6763
11 6766
10 6769
11 6772
10 6775
11 6778
10 6781
11 6784
10 6787
11 6790
10 6793
11 6796
10 6799
11 6802
10 6805
11 6808
10 6811
11 6814
10 6817
11 6820
10 6823
11 6826
10 6829
11 6832
10 6835
11 6838
10 6841
11 6844
10 6847
11 6850
10 6853
11 6856
10 6859
11 6862
10 6865
11 6868
10 6871
11 6874
10 6877
11 6880
10 6883
11 6886
10 6889
11 6892
10 6895
11 6898
10 6901
11 6904
10 6907
11 6910
10 6913
11 6916
10 6919
11 6922
10 6925
11 6928
10 6931
11 6934
10 6937
11 6940
10 6943
11 6946
10 6949
11 6952
10 6955
11 6958
10 6961
11 6964
10 6967
11 6970
10 6973
11 6976
10 6979
11 6982
10 6985
11 6988
10 6991
11 6994
10 6997
11 7000
10 7003
11 7006
10 7009
11 7012
10 7015
11 7018
10 7021
11 7024
10 7027
11 7030
10 7033
11 7036
10 7039
11 7042
10 7045
11 7048
10 7051
11 7054
10 7057
11 7060
10 7063
11 7066
10 7069
11 7072
10 7075
11 7078
10 7081
11 7084
10 7087
11 7090
10 7093
11 7096
10 7099
11 7102
10 7105
11 7108
10 7111
11 7114
10 7117
11 7120
10 7123
11 7126
10 7129
11 7132
10 7135
11 7138
10 7141
11 7144
10 7147
11 7150
10 7153
11 7156
10 7159
11 7162
10 7165
11 7168
10 7171
11 7174
10 7177
11 7180
10 7183
11 7186
10 7189
11 7192
10 7195
11 7198
10 7201
11 7204
10 7207
11 7210
10 7213
11 7216
10 7219
11 7222
10 7225
11 7228
10 7231
11 7234
10 7237
11 7240
10 7243
11 7246
10 7249
11 7252
10 7255
11 7258
10 7261
11 7264
10 7267
11 7270
10 7273
11 7276
10 7279
11 7282
10 7285
11 7288
10 7291
11 7294
10 7297
11 7300
10 7303
11 7306
10 7309
11 7312
10 7315
11 7318
10 7321
11 7324
10 7327
11 7330
10 7333
11 7336
10 7339
11 7342
10 7345
11 7348
10 7351
11 7354
10 7357
11 7360
10 7363
11 7366
10 7369
11 7372
10 7375
11 7378
10 7381
11 7384
10 7387
11 7390
10 7393
11 7396
10 7399
11 7402
10 7405
11 7408
10 7411
11 7414
10 7417
11 7420
10 7423
11 7426
10 7429
11 7432
10 7435
11 7438
10 7441
11 7444
10 7447
11 7450
10 7453
11 7456
10 7459
11 7462
10 7465
11 7468
10 7471
11 7474
10 7477
11 7480
10 7483
11 7486
10 7489
11 7492
10 7495
11 7498
10 7501
11 7504
10 7507
11 7510
10 7513
11 7516
10 7519
11 7522
10 7525
11 7528
10 7531
11 7534
10 7537
11 7540
10 7543
11 7546
10 7549
11 7552
10 7555
11 7558
10 7561
11 7564
10 7567
11 7570
10 7573
11 7576
10 7579
11 7582
10 7585
11 7588
10 7591
11 7594
10 7597
11 7600
10 7603
11 7606
10 7609
11 7612
10 7615
11 7618
10 7621
11 7624
10 7627
11 7630
10 7633
11 7636
10 7639
11 7642
10 7645
11 7648
10 7651
11 7654
10 7657
11 7660
10 7663
11 7666
10 7669
11 7672
10 7675
11 7678
10 7681
11 7684
10 7687
11 7690
10 7693
11 7696
10 7699
11 7702
10 7705
11 7708
10 7711
11 7714
10 7717
11 7720
10 7723
11 7726
10 7729
11 7732
10 7735
11 7738
10 7741
11 7744
10 7747
11 7750
10 7753
11 7756
10 7759
11 7762
10 7765
11 7768
10 7771
11 7774
10 7777
11 7780
10 7783
11 7786
10 7789
11 7792
10 7795
11 7798
10 7801
11 7804
10 7807
11 7810
10 7813
11 7816
10 7819
11 7822
10 7825
11 7828
10 7831
11 7834
10 7837
11 7840
10 7843
11 7846
10 7849
11 7852
10 7855
11 7858
10 7861
11 7864
10 7867
11 7870
10 7873
11 7876
10 7879
11 7882
10 7885
11 7888
10 7891
11 7894
10 7897
11 7900
10 7903
11 7906
10 7909
11 7912
10 7915
11 7918
10 7921
11 7924
10 7927
11 7930
10 7933
11 7936
10 7939
11 7942
10 7945
11 7948
10 7951
11 7954
10 7957
11 7960
10 7963
11 7966
10 7969
11 7972
10 7975
11 7978
10 7981
11 7984
10 7987
11 7990
10 7993
11 7996
10 7999
11 8002
10 8005
11 8008
10 8011
11 8014
10 8017
11 8020
10 8023
11 8026
10 8029
11 8032
10 8035
11 8038
10 8041
11 8044
10 8047
11 8050
10 8053
11 8056
10 8059
11 8062
10 8065
11 8068
10 8071
11 8074
10 8077
11 8080
10 8083
11 8086
10 8089
11 8092
10 8095
11 8098
10 8101
11 8104
10 8107
11 8110
10 8113
11 8116
10 8119
11 8122
10 8125
11 8128
10 8131
11 8134
10 8137
11 8140
10 8143
11 8146
10 8149
11 8152
10 8155
11 8158
10 8161
11 8164
10 8167
11 8170
10 8173
11 8176
10 8179
11 8182
10 8185
11 8188
10 8191
11 8194
10 8197
11 8200
10 8203
11 8206
10 8209
11 8212
10 8215
11 8218
10 8221
11 8224
10 8227
11 8230
10 8233
11 8236
10 8239
11 8242
10 8245
11 8248
10 8251
11 8254
10 8257
11 8260
10 8263
11 8266
10 8269
11 8272
10 8275
11 8278
10 8281
11 8284
10 8287
11 8290
10 8293
11 8296
10 8299
11 8302
10 8305
11 8308
10 8311
11 8314
10 8317
11 8320
10 8323
11 8326
10 8329
11 8332
10 8335
11 8338
10 8341
11 8344
10 8347
11 8350
10 8353
11 8356
10 8359
11 8362
10 8365
11 8368
10 8371
11 8374
10 8377
11 8380
10 8383
11 8386
10 8389
11 8392
10 8395
11 8398
10 8401
11 8404
10 8407
11 8410
10 8413
11 8416
10 8419
11 8422
10 8425
11 8428
10 8431
11 8434
10 8437
11 8440
10 8443
11 8446
10 8449
11 8452
10 8455
11 8458
10 8461
11 8464
10 8467
11 8470
10 8473
11 8476
10 8479
11 8482
10 8485
11 8488
10 8491
11 8494
10 8497
11 8500
10 8503
11 8506
10 8509
11 8512
10 8515
11 8518
10 8521
11 8524
10 8527
11 8530
10 8533
11 8536
10 8539
11 8542
10 8545
11 8548
10 8551
11 8554
10 8557
11 8560
10 8563
11 8566
10 8569
11 8572
10 8575
11 8578
10 8581
11 8584
10 8587
11 8590
10 8593
11 8596
10 8599
11 8602
10 8605
11 8608
10 8611
11 8614
10 8617
11 8620
10 8623
11 8626
10 8629
11 8632
10 8635
11 8638
10 8641
11 8644
10 8647
11 8650
10 8653
11 8656
10 8659
11 8662
10 8665
11 8668
10 8671
11 8674
10 8677
11 8680
10 8683
11 8686
10 8689
11 8692
10 8695
11 8698
10 8701
11 8704
10 8707
11 8710
10 8713
11 8716
10 8719
11 8722
10 8725
11 8728
10 8731
11 8734
10 8737
11 8740
10 8743
11 8746
10 8749
11 8752
10 8755
11 8758
10 8761
11 8764
10 8767
11 8770
10 8773
11 8776
10 8779
11 8782
10 8785
11 8788
10 8791
11 8794
10 8797
11 8800
10 8803
11 8806
10 8809
11 8812
10 8815
11 8818
10 8821
11 8824
10 8827
11 8830
10 8833
11 8836
10 8839
11 8842
10 8845
11 8848
10 8851
11 8854
10 8857
11 8860
10 8863
11 8866
10 8869
11 8872
10 8875
11 8878
10 8881
11 8884
10 8887
11 8890
10 8893
11 8896
10 8899
11 8902
10 8905
11 8908
10 8911
11 8914
10 8917
11 8920
10 8923
11 8926
10 8929
11 8932
10 8935
11 8938
10 8941
11 8944
10 8947
11 8950
10 8953
11 8956
10 8959
11 8962
10 8965
11 8968
10 8971
11 8974
10 8977
11 8980
10 8983
11 8986
10 8989
11 8992
10 8995
11 8998
10 9001
11 9004
10 9007
11 9010
10 9013
11 9016
10 9019
11 9022
10 9025
11 9028
10 9031
11 9034
10 9037
11 9040
10 9043
11 9046
10 9049
11 9052
10 9055
11 9058
10 9061
11 9064
10 9067
11 9070
10 9073
11 9076
10 9079
11 9082
10 9085
11 9088
10 9091
11 9094
10 9097
11 9100
10 9103
11 9106
10 9109
11 9112
10 9115
11 9118
10 9121
11 9124
10 9127
11 9130
10 9133
11 9136
10 9139
11 9142
10 9145
11 9148
10 9151
11 9154
10 9157
11 9160
10 9163
11 9166
10 9169
11 9172
10 9175
11 9178
10 9181
11 9184
10 9187
11 9190
10 9193
11 9196
10 9199
11 9202
10 9205
11 9208
10 9211
11 9214
10 9217
11 9220
10 9223
11 9226
10 9229
11 9232
10 9235
11 9238
10 9241
11 9244
10 9247
11 9250
10 9253
11 9256
10 9259
11 9262
10 9265
11 9268
10 9271
11 9274
10 9277
11 9280
10 9283
11 9286
10 9289
11 9292
10 9295
11 9298
10 9301
11 9304
10 9307
11 9310
10 9313
11 9316
10 9319
11 9322
10 9325
11 9328
10 9331
11 9334
10 9337
11 9340
10 9343
11 9346
10 9349
11 9352
10 9355
11 9358
10 9361
11 9364
10 9367
11 9370
10 9373
11 9376
10 9379
11 9382
10 9385
11 9388
10 9391
11 9394
10 9397
11 9400
10 9403
11 9406
10 9409
11 9412
10 9415
11 9418
10 9421
11 9424
10 9427
11 9430
10 9433
11 9436
10 9439
11 9442
10 9445
11 9448
10 9451
11 9454
10 9457
11 9460
10 9463
11 9466
10 9469
11 9472
10 9475
11 9478
10 9481
11 9484
10 9487
11 9490
10 9493
11 9496
10 9499
11 9502
10 9505
11 9508
10 9511
11 9514
10 9517
11 9520
10 9523
11 9526
10 9529
11 9532
10 9535
11 9538
10 9541
11 9544
10 9547
11 9550
10 9553
11 9556
10 9559
11 9562
10 9565
11 9568
10 9571
11 9574
10 9577
11 9580
10 9583
11 9586
10 9589
11 9592
10 9595
11 9598
10 9601
11 9604
10 9607
11 9610
10 9613
11 9616
10 9619
11 9622
10 9625
11 9628
10 9631
11 9634
10 9637
11 9640
10 9643
11 9646
10 9649
11 9652
10 9655
11 9658
10 9661
11 9664
10 9667
11 9670
10 9673
11 9676
10 9679
11 9682
10 9685
11 9688
10 9691
11 9694
10 9697
11 9700
10 9703
11 9706
10 9709
11 9712
10 9715
11 9718
10 9721
11 9724
10 9727
11 9730
10 9733
11 9736
10 9739
11 9742
10 9745
11 9748
10 9751
11 9754
10 9757
11 9760
10 9763
11 9766
10 9769
11 9772
10 9775
11 9778
10 9781
11 9784
10 9787
11 9790
10 9793
11 9796
10 9799
11 9802
10 9805
11 9808
10 9811
11 9814
10 9817
11 9820
10 9823
11 9826
10 9829
11 9832
10 9835
11 9838
10 9841
11 9844
10 9847
11 9850
10 9853
11 9856
10 9859
11 9862
10 9865
11 9868
10 9871
11 9874
10 9877
11 9880
10 9883
11 9886
10 9889
11 9892
10 9895
11 9898
10 9901
11 9904
10 9907
11 9910
10 9913
11 9916
10 9919
11 9922
10 9925
11 9928
10 9931
11 9934
10 9937
11 9940
10 9943
11 9946
10 9949
11 9952
10 9955
11 9958
10 9961
11 9964
10 9967
11 9970
10 9973
11 9976
10 9979
11 9982
10 9985
11 9988
10 9991
11 9994
10 9997
11 10000
10 10003
11 10006
10 10009
11 10012
10 10015
11 10018
10 10021
11 10024
10 10027
11 10030
10 10033
11 10036
10 10039
11 10042
10 10045
11 10048
10 10051
11 10054
10 10057
11 10060
10 10063
11 10066
10 10069
11 10072
10 10075
11 10078
10 10081
11 10084
10 10087
11 10090
10 10093
11 10096
10 10099
11 10102
10 10105
11 10108
10 10111
11 10114
10 10117
11 10120
10 10123
11 10126
10 10129
11 10132
10 10135
11 10138
10 10141
11 10144
10 10147
11 10150
10 10153
11 10156
10 10159
11 10162
10 10165
11 10168
10 10171
11 10174
10 10177
11 10180
10 10183
11 10186
10 10189
11 10192
10 10195
11 10198
10 10201
11 10204
10 10207
11 10210
10 10213
11 10216
10 10219
11 10222
10 10225
11 10228
10 10231
11 10234
10 10237
11 10240
10 10243
11 10246
10 10249
11 10252
10 10255
11 10258
10 10261
11 10264
10 10267
11 10270
10 10273
11 10276
10 10279
11 10282
10 10285
11 10288
10 10291
11 10294
10 10297
11 10300
10 10303
11 10306
10 10309
11 10312
10 10315
11 10318
10 10321
11 10324
10 10327
11 10330
10 10333
11 10336
10 10339
11 10342
10 10345
11 10348
10 10351
11 10354
10 10357
11 10360
10 10363
11 10366
10 10369
11 10372
10 10375
11 10378
10 10381
11 10384
10 10387
11 10390
10 10393
11 10396
10 10399
11 10402
10 10405
11 10408
10 10411
11 10414
10 10417
11 10420
10 10423
11 10426
10 10429
11 10432
10 10435
11 10438
10 10441
11 10444
10 10447
11 10450
10 10453
11 10456
10 10459
11 10462
10 10465
11 10468
10 10471
11 10474
10 10477
11 10480
10 10483
11 10486
10 10489
11 10492
10 10495
11 10498
10 10501
11 10504
10 10507
11 10510
10 10513
11 10516
10 10519
11 10522
10 10525
11 10528
10 10531
11 10534
10 10537
11 10540
10 10543
11 10546
10 10549
11 10552
10 10555
11 10558
10 10561
11 10564
10 10567
11 10570
10 10573
11 10576
10 10579
11 10582
10 10585
11 10588
10 10591
11 10594
10 10597
11 10600
10 10603
11 10606
10 10609
11 10612
10 10615
11 10618
10 10621
11 10624
10 10627
11 10630
10 10633
11 10636
10 10639
11 10642
10 10645
11 10648
10 10651
11 10654
10 10657
11 10660
10 10663
11 10666
10 10669
11 10672
10 10675
11 10678
10 10681
11 10684
10 10687
11 10690
10 10693
11 10696
10 10699
11 10702
10 10705
11 10708
10 10711
11 10714
10 10717
11 10720
10 10723
11 10726
10 10729
11 10732
10 10735
11 10738
10 10741
11 10744
10 10747
11 10750
10 10753
11 10756
10 10759
11 10762
10 10765
11 10768
10 10771
11 10774
10 10777
11 10780
10 10783
11 10786
10 10789
11 10792
10 10795
11 10798
10 10801
11 10804
10 10807
11 10810
10 10813
11 10816
10 10819
11 10822
10 10825
11 10828
10 10831
11 10834
10 10837
11 10840
10 10843
11 10846
10 10849
11 10852
10 10855
11 10858
10 10861
11 10864
10 10867
11 10870
10 10873
11 10876
10 10879
11 10882
10 10885
11 10888
10 10891
11 10894
10 10897
11 10900
10 10903
11 10906
10 10909
11 10912
10 10915
11 10918
10 10921
11 10924
10 10927
11 10930
10 10933
11 10936
10 10939
11 10942
10 10945
11 10948
10 10951
11 10954
10 10957
11 10960
10 10963
11 10966
10 10969
11 10972
10 10975
11 10978
10 10981
11 10984
10 10987
11 10990
10 10993
11 10996
10 10999
11 11002
10 11005
11 11008
10 11011
11 11014
10 11017
11 11020
10 11023
11 11026
10 11029
11 11032
10 11035
11 11038
10 11041
11 11044
10 11047
11 11050
10 11053
11 11056
10 11059
11 11062
10 11065
11 11068
10 11071
11 11074
10 11077
11 11080
10 11083
11 11086
10 11089
11 11092
10 11095
11 11098
10 11101
11 11104
10 11107
11 11110
10 11113
11 11116
10 11119
11 11122
10 11125
11 11128
10 11131
11 11134
10 11137
11 11140
10 11143
11 11146
10 11149
11 11152
10 11155
11 11158
10 11161
11 11164
10 11167
11 11170
10 11173
11 11176
10 11179
11 11182
10 11185
11 11188
10 11191
11 11194
10 11197
11 11200
10 11203
11 11206
10 11209
11 11212
10 11215
11 11218
10 11221
11 11224
10 11227
11 11230
10 11233
11 11236
10 11239
11 11242
10 11245
11 11248
10 11251
11 11254
10 11257
11 11260
10 11263
11 11266
10 11269
11 11272
10 11275
11 11278
10 11281
11 11284
10 11287
11 11290
10 11293
11 11296
10 11299
11 11302
10 11305
11 11308
10 11311
11 11314
10 11317
11 11320
10 11323
11 11326
10 11329
11 11332
10 11335
11 11338
10 11341
11 11344
10 11347
11 11350
10 11353
11 11356
10 11359
11 11362
10 11365
11 11368
10 11371
11 11374
10 11377
11 11380
10 11383
11 11386
10 11389
11 11392
10 11395
11 11398
10 11401
11 11404
10 11407
11 11410
10 11413
11 11416
10 11419
11 11422
10 11425
11 11428
10 11431
11 11434
10 11437
11 11440
10 11443
11 11446
10 11449
11 11452
10 11455
11 11458
10 11461
11 11464
10 11467
11 11470
10 11473
11 11476
10 11479
11 11482
10 11485
11 11488
10 11491
11 11494
10 11497
11 11500
10 11503
11 11506
10 11509
11 11512
10 11515
11 11518
10 11521
11 11524
10 11527
11 11530
10 11533
11 11536
10 11539
11 11542
10 11545
11 11548
10 11551
11 11554
10 11557
11 11560
10 11563
11 11566
10 11569
11 11572
10 11575
11 11578
10 11581
11 11584
10 11587
11 11590
10 11593
11 11596
10 11599
11 11602
10 11605
11 11608
10 11611
11 11614
10 11617
11 11620
10 11623
11 11626
10 11629
11 11632
10 11635
11 11638
10 11641
11 11644
10 11647
11 11650
10 11653
11 11656
10 11659
11 11662
10 11665
11 11668
10 11671
11 11674
10 11677
11 11680
10 11683
11 11686
10 11689
11 11692
10 11695
11 11698
10 11701
11 11704
10 11707
11 11710
10 11713
11 11716
10 11719
11 11722
10 11725
11 11728
10 11731
11 11734
10 11737
11 11740
10 11743
11 11746
10 11749
11 11752
10 11755
11 11758
10 11761
11 11764
10 11767
11 11770
10 11773
11 11776
10 11779
11 11782
10 11785
11 11788
10 11791
11 11794
10 11797
11 11800
10 11803
11 11806
10 11809
11 11812
10 11815
11 11818
10 11821
11 11824
10 11827
11 11830
10 11833
11 11836
10 11839
11 11842
10 11845
11 11848
10 11851
11 11854
10 11857
11 11860
10 11863
11 11866
10 11869
11 11872
10 11875
11 11878
10 11881
11 11884
10 11887
11 11890
10 11893
11 11896
10 11899
11 11902
10 11905
11 11908
10 11911
11 11914
10 11917
11 11920
10 11923
11 11926
10 11929
11 11932
10 11935
11 11938
10 11941
11 11944
10 11947
11 11950
10 11953
11 11956
10 11959
11 11962
10 11965
11 11968
10 11971
11 11974
10 11977
11 11980
10 11983
11 11986
10 11989
11 11992
10 11995
11 11998
10 12001
11 12004
10 12007
11 12010
10 12013
11 12016
10 12019
11 12022
10 12025
11 12028
10 12031
11 12034
10 12037
11 12040
10 12043
11 12046
10 12049
11 12052
10 12055
11 12058
10 12061
11 12064
10 12067
11 12070
10 12073
11 12076
10 12079
11 12082
10 12085
11 12088
10 12091
11 12094
10 12097
11 12100
10 12103
11 12106
10 12109
11 12112
10 12115
11 12118
10 12121
11 12124
10 12127
11 12130
10 12133
11 12136
10 12139
11 12142
10 12145
11 12148
10 12151
11 12154
10 12157
11 12160
10 12163
11 12166
10 12169
11 12172
10 12175
11 12178
10 12181
11 12184
10 12187
11 12190
10 12193
11 12196
10 12199
11 12202
10 12205
11 12208
10 12211
11 12214
10 12217
11 12220
10 12223
11 12226
10 12229
11 12232
10 12235
11 12238
10 12241
11 12244
10 12247
11 12250
10 12253
11 12256
10 12259
11 12262
10 12265
11 12268
10 12271
11 12274
10 12277
11 12280
10 12283
11 12286
10 12289
11 12292
10 12295
11 12298
10 12301
11 12304
10 12307
11 12310
10 12313
11 12316
10 12319
11 12322
10 12325
11 12328
10 12331
11 12334
10 12337
11 12340
10 12343
11 12346
10 12349
11 12352
10 12355
11 12358
10 12361
11 12364
10 12367
11 12370
10 12373
11 12376
10 12379
11 12382
10 12385
11 12388
10 12391
11 12394
10 12397
11 12400
10 12403
11 12406
10 12409
11 12412
10 12415
11 12418
10 12421
11 12424
10 12427
11 12430
10 12433
11 12436
10 12439
11 12442
10 12445
11 12448
10 12451
11 12454
10 12457
11 12460
10 12463
11 12466
10 12469
11 12472
10 12475
11 12478
10 12481
11 12484
10 12487
11 12490
10 12493
11 12496
10 12499
11 12502
10 12505
11 12508
10 12511
11 12514
10 12517
11 12520
10 12523
11 12526
10 12529
11 12532
10 12535
11 12538
10 12541
11 12544
10 12547
11 12550
10 12553
11 12556
10 12559
11 12562
10 12565
11 12568
10 12571
11 12574
10 12577
11 12580
10 12583
11 12586
10 12589
11 12592
10 12595
11 12598
10 12601
11 12604
10 12607
11 12610
10 12613
11 12616
10 12619
11 12622
10 12625
11 12628
10 12631
11 12634
10 12637
11 12640
10 12643
11 12646
10 12649
11 12652
10 12655
11 12658
10 12661
11 12664
10 12667
11 12670
10 12673
11 12676
10 12679
11 12682
10 12685
11 12688
10 12691
11 12694
10 12697
11 12700
10 12703
11 12706
10 12709
11 12712
10 12715
11 12718
10 12721
11 12724
10 12727
11 12730
10 12733
11 12736
10 12739
11 12742
10 12745
11 12748
10 12751
11 12754
10 12757
11 12760
10 12763
11 12766
10 12769
11 12772
10 12775
11 12778
10 12781
11 12784
10 12787
11 12790
10 12793
11 12796
10 12799
11 12802
10 12805
11 12808
10 12811
11 12814
10 12817
11 12820
10 12823
11 12826
10 12829
11 12832
10 12835
11 12838
10 12841
11 12844
10 12847
11 12850
10 12853
11 12856
10 12859
11 12862
10 12865
11 12868
10 12871
11 12874
10 12877
11 12880
10 12883
11 12886
10 12889
11 12892
10 12895
11 12898
10 12901
11 12904
10 12907
11 12910
10 12913
11 12916
10 12919
11 12922
10 12925
11 12928
10 12931
11 12934
10 12937
11 12940
10 12943
11 12946
10 12949
11 12952
10 12955
11 12958
10 12961
11 12964
10 12967
11 12970
10 12973
11 12976
10 12979
11 12982
10 12985
11 12988
10 12991
11 12994
10 12997
11 13000
10 13003
11 13006
10 13009
11 13012
10 13015
11 13018
10 13021
11 13024
10 13027
11 13030
10 13033
11 13036
10 13039
11 13042
10 13045
11 13048
10 13051
11 13054
10 13057
11 13060
10 13063
11 13066
10 13069
11 13072
10 13075
11 13078
10 13081
11 13084
10 13087
11 13090
10 13093
11 13096
10 13099
11 13102
10 13105
11 13108
10 13111
11 13114
10 13117
11 13120
10 13123
11 13126
10 13129
11 13132
10 13135
11 13138
10 13141
11 13144
10 13147
11 13150
10 13153
11 13156
10 13159
11 13162
10 13165
11 13168
10 13171
11 13174
10 13177
11 13180
10 13183
11 13186
10 13189
11 13192
10 13195
11 13198
10 13201
11 13204
10 13207
11 13210
10 13213
11 13216
10 13219
11 13222
10 13225
11 13228
10 13231
11 13234
10 13237
11 13240
10 13243
11 13246
10 13249
11 13252
10 13255
11 13258
10 13261
11 13264
10 13267
11 13270
10 13273
11 13276
10 13279
11 13282
10 13285
11 13288
10 13291
11 13294
10 13297
11 13300
10 13303
11 13306
10 13309
11 13312
10 13315
11 13318
10 13321
11 13324
10 13327
11 13330
10 13333
11 13336
10 13339
11 13342
10 13345
11 13348
10 13351
11 13354
10 13357
11 13360
10 13363
11 13366
10 13369
11 13372
10 13375
11 13378
10 13381
11 13384
10 13387
11 13390
10 13393
11 13396
10 13399
11 13402
10 13405
11 13408
10 13411
11 13414
10 13417
11 13420
10 13423
11 13426
10 13429
11 13432
10 13435
11 13438
10 13441
11 13444
10 13447
11 13450
10 13453
11 13456
10 13459
11 13462
10 13465
11 13468
10 13471
11 13474
10 13477
11 13480
10 13483
11 13486
10 13489
11 13492
10 13495
11 13498
10 13501
11 13504
10 13507
11 13510
10 13513
11 13516
10 13519
11 13522
10 13525
11 13528
10 13531
11 13534
10 13537
11 13540
10 13543
11 13546
10 13549
11 13552
10 13555
11 13558
10 13561
11 13564
10 13567
11 13570
10 13573
11 13576
10 13579
11 13582
10 13585
11 13588
10 13591
11 13594
10 13597
11 13600
10 13603
11 13606
10 13609
11 13612
10 13615
11 13618
10 13621
11 13624
10 13627
11 13630
10 13633
11 13636
10 13639
11 13642
10 13645
11 13648
10 13651
11 13654
10 13657
11 13660
10 13663
11 13666
10 13669
11 13672
10 13675
11 13678
10 13681
11 13684
10 13687
11 13690
10 13693
11 13696
10 13699
11 13702
10 13705
11 13708
10 13711
11 13714
10 13717
11 13720
10 13723
11 13726
10 13729
11 13732
10 13735
11 13738
10 13741
11 13744
10 13747
11 13750
10 13753
11 13756
10 13759
11 13762
10 13765
11 13768
10 13771
11 13774
10 13777
11 13780
10 13783
11 13786
10 13789
11 13792
10 13795
11 13798
10 13801
11 13804
10 13807
11 13810
10 13813
11 13816
10 13819
11 13822
10 13825
11 13828
10 13831
11 13834
10 13837
11 13840
10 13843
11 13846
10 13849
11 13852
10 13855
11 13858
10 13861
11 13864
10 13867
11 13870
10 13873
11 13876
10 13879
11 13882
10 13885
11 13888
10 13891
11 13894
10 13897
11 13900
10 13903
11 13906
10 13909
11 13912
10 13915
11 13918
10 13921
11 13924
10 13927
11 13930
10 13933
11 13936
10 13939
11 13942
10 13945
11 13948
10 13951
11 13954
10 13957
11 13960
10 13963
11 13966
10 13969
11 13972
10 13975
11 13978
10 13981
11 13984
10 13987
11 13990
10 13993
11 13996
10 13999
11 14002
10 14005
11 14008
10 14011
11 14014
10 14017
11 14020
10 14023
11 14026
10 14029
11 14032
10 14035
11 14038
10 14041
11 14044
10 14047
11 14050
10 14053
11 14056
10 14059
11 14062
10 14065
11 14068
10 14071
11 14074
10 14077
11 14080
10 14083
11 14086
10 14089
11 14092
10 14095
11 14098
10 14101
11 14104
10 14107
11 14110
10 14113
11 14116
10 14119
11 14122
10 14125
11 14128
10 14131
11 14134
10 14137
11 14140
10 14143
11 14146
10 14149
11 14152
10 14155
11 14158
10 14161
11 14164
10 14167
11 14170
10 14173
11 14176
10 14179
11 14182
10 14185
11 14188
10 14191
11 14194
10 14197
11 14200
10 14203
11 14206
10 14209
11 14212
10 14215
11 14218
10 14221
11 14224
10 14227
11 14230
10 14233
11 14236
10 14239
11 14242
10 14245
11 14248
10 14251
11 14254
10 14257
11 14260
10 14263
11 14266
10 14269
11 14272
10 14275
11 14278
10 14281
11 14284
10 14287
11 14290
10 14293
11 14296
10 14299
11 14302
10 14305
11 14308
10 14311
11 14314
10 14317
11 14320
10 14323
11 14326
10 14329
11 14332
10 14335
11 14338
10 14341
11 14344
10 14347
11 14350
10 14353
11 14356
10 14359
11 14362
10 14365
11 14368
10 14371
11 14374
10 14377
11 14380
10 14383
11 14386
10 14389
11 14392
10 14395
11 14398
10 14401
11 14404
10 14407
11 14410
10 14413
11 14416
10 14419
11 14422
10 14425
11 14428
10 14431
11 14434
10 14437
11 14440
10 14443
11 14446
10 14449
11 14452
10 14455
11 14458
10 14461
11 14464
10 14467
11 14470
10 14473
11 14476
10 14479
11 14482
10 14485
11 14488
10 14491
11 14494
10 14497
11 14500
10 14503
11 14506
10 14509
11 14512
10 14515
11 14518
10 14521
11 14524
10 14527
11 14530
10 14533
11 14536
10 14539
11 14542
10 14545
11 14548
10 14551
11 14554
10 14557
11 14560
10 14563
11 14566
10 14569
11 14572
10 14575
11 14578
10 14581
11 14584
10 14587
11 14590
10 14593
11 14596
10 14599
11 14602
10 14605
11 14608
10 14611
11 14614
10 14617
11 14620
10 14623
11 14626
10 14629
11 14632
10 14635
11 14638
10 14641
11 14644
10 14647
11 14650
10 14653
11 14656
10 14659
11 14662
10 14665
11 14668
10 14671
11 14674
10 14677
11 14680
10 14683
11 14686
10 14689
11 14692
10 14695
11 14698
10 14701
11 14704
10 14707
11 14710
10 14713
11 14716
10 14719
11 14722
10 14725
11 14728
10 14731
11 14734
10 14737
11 14740
10 14743
11 14746
10 14749
11 14752
10 14755
11 14758
10 14761
11 14764
10 14767
11 14770
10 14773
11 14776
10 14779
11 14782
10 14785
11 14788
10 14791
11 14794
10 14797
11 14800
10 14803
11 14806
10 14809
11 14812
10 14815
11 14818
10 14821
11 14824
10 14827
11 14830
10 14833
11 14836
10 14839
11 14842
10 14845
11 14848
10 14851
11 14854
10 14857
11 14860
10 14863
11 14866
10 14869
11 14872
10 14875
11 14878
10 14881
11 14884
10 14887
11 14890
10 14893
11 14896
10 14899
11 14902
10 14905
11 14908
10 14911
11 14914
10 14917
11 14920
10 14923
11 14926
10 14929
11 14932
10 14935
11 14938
10 14941
11 14944
10 14947
11 14950
10 14953
11 14956
10 14959
11 14962
10 14965
11 14968
10 14971
11 14974
10 14977
11 14980
10 14983
11 14986
10 14989
11 14992
10 14995
11 14998
