5000
1 10
4 11
7 10
10 11
13 10
16 11
19 10
22 11
25 10
28 11
31 10
34 11
37 10
40 11
43 10
46 11
49 10
52 11
55 10
58 11
61 10
64 11
67 10
70 11
73 10
76 11
79 10
82 11
85 10
88 11
91 10
94 11
97 10
100 11
103 10
106 11
109 10
112 11
115 10
118 11
121 10
124 11
127 10
130 11
133 10
136 11
139 10
142 11
145 10
148 11
151 10
154 11
157 10
160 11
163 10
166 11
169 10
172 11
175 10
178 11
181 10
184 11
187 10
190 11
193 10
196 11
199 10
202 11
205 10
208 11
211 10
214 11
217 10
220 11
223 10
226 11
229 10
232 11
235 10
238 11
241 10
244 11
247 10
250 11
253 10
256 11
259 10
262 11
265 10
268 11
271 10
274 11
277 10
280 11
283 10
286 11
289 10
292 11
295 10
298 11
301 10
304 11
307 10
310 11
313 10
316 11
319 10
322 11
325 10
328 11
331 10
334 11
337 10
340 11
343 10
346 11
349 10
352 11
355 10
358 11
361 10
364 11
367 10
370 11
373 10
376 11
379 10
382 11
385 10
388 11
391 10
394 11
397 10
400 11
403 10
406 11
409 10
412 11
415 10
418 11
421 10
424 11
427 10
430 11
433 10
436 11
439 10
442 11
445 10
448 11
451 10
454 11
457 10
460 11
463 10
466 11
469 10
472 11
475 10
478 11
481 10
484 11
487 10
490 11
493 10
496 11
499 10
502 11
505 10
508 11
511 10
514 11
517 10
520 11
523 10
526 11
529 10
532 11
535 10
538 11
541 10
544 11
547 10
550 11
553 10
556 11
559 10
562 11
565 10
568 11
571 10
574 11
577 10
580 11
583 10
586 11
589 10
592 11
595 10
598 11
601 10
604 11
607 10
610 11
613 10
616 11
619 10
622 11
625 10
628 11
631 10
634 11
637 10
640 11
643 10
646 11
649 10
652 11
655 10
658 11
661 10
664 11
667 10
670 11
673 10
676 11
679 10
682 11
685 10
688 11
691 10
694 11
697 10
700 11
703 10
706 11
709 10
712 11
715 10
718 11
721 10
724 11
727 10
730 11
733 10
736 11
739 10
742 11
745 10
748 11
751 10
754 11
757 10
760 11
763 10
766 11
769 10
772 11
775 10
778 11
781 10
784 11
787 10
790 11
793 10
796 11
799 10
802 11
805 10
808 11
811 10
814 11
817 10
820 11
823 10
826 11
829 10
832 11
835 10
838 11
841 10
844 11
847 10
850 11
853 10
856 11
859 10
862 11
865 10
868 11
871 10
874 11
877 10
880 11
883 10
886 11
889 10
892 11
895 10
898 11
901 10
904 11
907 10
910 11
913 10
916 11
919 10
922 11
925 10
928 11
931 10
934 11
937 10
940 11
943 10
946 11
949 10
952 11
955 10
958 11
961 10
964 11
967 10
970 11
973 10
976 11
979 10
982 11
985 10
988 11
991 10
994 11
997 10
1000 11
1003 10
1006 11
1009 10
1012 11
1015 10
1018 11
1021 10
1024 11
1027 10
1030 11
1033 10
1036 11
1039 10
1042 11
1045 10
1048 11
1051 10
1054 11
1057 10
1060 11
1063 10
1066 11
1069 10
1072 11
1075 10
1078 11
1081 10
1084 11
1087 10
1090 11
1093 10
1096 11
1099 10
1102 11
1105 10
1108 11
1111 10
1114 11
1117 10
1120 11
1123 10
1126 11
1129 10
1132 11
1135 10
1138 11
1141 10
1144 11
1147 10
1150 11
1153 10
1156 11
1159 10
1162 11
1165 10
1168 11
1171 10
1174 11
1177 10
1180 11
1183 10
1186 11
1189 10
1192 11
1195 10
1198 11
1201 10
1204 11
1207 10
1210 11
1213 10
1216 11
1219 10
1222 11
1225 10
1228 11
1231 10
1234 11
1237 10
1240 11
1243 10
1246 11
1249 10
1252 11
1255 10
1258 11
1261 10
1264 11
1267 10
1270 11
1273 10
1276 11
1279 10
1282 11
1285 10
1288 11
1291 10
1294 11
1297 10
1300 11
1303 10
1306 11
1309 10
1312 11
1315 10
1318 11
1321 10
1324 11
1327 10
1330 11
1333 10
1336 11
1339 10
1342 11
1345 10
1348 11
1351 10
1354 11
1357 10
1360 11
1363 10
1366 11
1369 10
1372 11
1375 10
1378 11
1381 10
1384 11
1387 10
1390 11
1393 10
1396 11
1399 10
1402 11
1405 10
1408 11
1411 10
1414 11
1417 10
1420 11
1423 10
1426 11
1429 10
1432 11
1435 10
1438 11
1441 10
1444 11
1447 10
1450 11
1453 10
1456 11
1459 10
1462 11
1465 10
1468 11
1471 10
1474 11
1477 10
1480 11
1483 10
1486 11
1489 10
1492 11
1495 10
1498 11
1501 10
1504 11
1507 10
1510 11
1513 10
1516 11
1519 10
1522 11
1525 10
1528 11
1531 10
1534 11
1537 10
1540 11
1543 10
1546 11
1549 10
1552 11
1555 10
1558 11
1561 10
1564 11
1567 10
1570 11
1573 10
1576 11
1579 10
1582 11
1585 10
1588 11
1591 10
1594 11
1597 10
1600 11
1603 10
1606 11
1609 10
1612 11
1615 10
1618 11
1621 10
1624 11
1627 10
1630 11
1633 10
1636 11
1639 10
1642 11
1645 10
1648 11
1651 10
1654 11
1657 10
1660 11
1663 10
1666 11
1669 10
1672 11
1675 10
1678 11
1681 10
1684 11
1687 10
1690 11
1693 10
1696 11
1699 10
1702 11
1705 10
1708 11
1711 10
1714 11
1717 10
1720 11
1723 10
1726 11
1729 10
1732 11
1735 10
1738 11
1741 10
1744 11
1747 10
1750 11
1753 10
1756 11
1759 10
1762 11
1765 10
1768 11
1771 10
1774 11
1777 10
1780 11
1783 10
1786 11
1789 10
1792 11
1795 10
1798 11
1801 10
1804 11
1807 10
1810 11
1813 10
1816 11
1819 10
1822 11
1825 10
1828 11
1831 10
1834 11
1837 10
1840 11
1843 10
1846 11
1849 10
1852 11
1855 10
1858 11
1861 10
1864 11
1867 10
1870 11
1873 10
1876 11
1879 10
1882 11
1885 10
1888 11
1891 10
1894 11
1897 10
1900 11
1903 10
1906 11
1909 10
1912 11
1915 10
1918 11
1921 10
1924 11
1927 10
1930 11
1933 10
1936 11
1939 10
1942 11
1945 10
1948 11
1951 10
1954 11
1957 10
1960 11
1963 10
1966 11
1969 10
1972 11
1975 10
1978 11
1981 10
1984 11
1987 10
1990 11
1993 10
1996 11
1999 10
2002 11
2005 10
2008 11
2011 10
2014 11
2017 10
2020 11
2023 10
2026 11
2029 10
2032 11
2035 10
2038 11
2041 10
2044 11
2047 10
2050 11
2053 10
2056 11
2059 10
2062 11
2065 10
2068 11
2071 10
2074 11
2077 10
2080 11
2083 10
2086 11
2089 10
2092 11
2095 10
2098 11
2101 10
2104 11
2107 10
2110 11
2113 10
2116 11
2119 10
2122 11
2125 10
2128 11
2131 10
2134 11
2137 10
2140 11
2143 10
2146 11
2149 10
2152 11
2155 10
2158 11
2161 10
2164 11
2167 10
2170 11
2173 10
2176 11
2179 10
2182 11
2185 10
2188 11
2191 10
2194 11
2197 10
2200 11
2203 10
2206 11
2209 10
2212 11
2215 10
2218 11
2221 10
2224 11
2227 10
2230 11
2233 10
2236 11
2239 10
2242 11
2245 10
2248 11
2251 10
2254 11
2257 10
2260 11
2263 10
2266 11
2269 10
2272 11
2275 10
2278 11
2281 10
2284 11
2287 10
2290 11
2293 10
2296 11
2299 10
2302 11
2305 10
2308 11
2311 10
2314 11
2317 10
2320 11
2323 10
2326 11
2329 10
2332 11
2335 10
2338 11
2341 10
2344 11
2347 10
2350 11
2353 10
2356 11
2359 10
2362 11
2365 10
2368 11
2371 10
2374 11
2377 10
2380 11
2383 10
2386 11
2389 10
2392 11
2395 10
2398 11
2401 10
2404 11
2407 10
2410 11
2413 10
2416 11
2419 10
2422 11
2425 10
2428 11
2431 10
2434 11
2437 10
2440 11
2443 10
2446 11
2449 10
2452 11
2455 10
2458 11
2461 10
2464 11
2467 10
2470 11
2473 10
2476 11
2479 10
2482 11
2485 10
2488 11
2491 10
2494 11
2497 10
2500 11
2503 10
2506 11
2509 10
2512 11
2515 10
2518 11
2521 10
2524 11
2527 10
2530 11
2533 10
2536 11
2539 10
2542 11
2545 10
2548 11
2551 10
2554 11
2557 10
2560 11
2563 10
2566 11
2569 10
2572 11
2575 10
2578 11
2581 10
2584 11
2587 10
2590 11
2593 10
2596 11
2599 10
2602 11
2605 10
2608 11
2611 10
2614 11
2617 10
2620 11
2623 10
2626 11
2629 10
2632 11
2635 10
2638 11
2641 10
2644 11
2647 10
2650 11
2653 10
2656 11
2659 10
2662 11
2665 10
2668 11
2671 10
2674 11
2677 10
2680 11
2683 10
2686 11
2689 10
2692 11
2695 10
2698 11
2701 10
2704 11
2707 10
2710 11
2713 10
2716 11
2719 10
2722 11
2725 10
2728 11
2731 10
2734 11
2737 10
2740 11
2743 10
2746 11
2749 10
2752 11
2755 10
2758 11
2761 10
2764 11
2767 10
2770 11
2773 10
2776 11
2779 10
2782 11
2785 10
2788 11
2791 10
2794 11
2797 10
2800 11
2803 10
2806 11
2809 10
2812 11
2815 10
2818 11
2821 10
2824 11
2827 10
2830 11
2833 10
2836 11
2839 10
2842 11
2845 10
2848 11
2851 10
2854 11
2857 10
2860 11
2863 10
2866 11
2869 10
2872 11
2875 10
2878 11
2881 10
2884 11
2887 10
2890 11
2893 10
2896 11
2899 10
2902 11
2905 10
2908 11
2911 10
2914 11
2917 10
2920 11
2923 10
2926 11
2929 10
2932 11
2935 10
2938 11
2941 10
2944 11
2947 10
2950 11
2953 10
2956 11
2959 10
2962 11
2965 10
2968 11
2971 10
2974 11
2977 10
2980 11
2983 10
2986 11
2989 10
2992 11
2995 10
2998 11
3001 10
3004 11
3007 10
3010 11
3013 10
3016 11
3019 10
3022 11
3025 10
3028 11
3031 10
3034 11
3037 10
3040 11
3043 10
3046 11
3049 10
3052 11
3055 10
3058 11
3061 10
3064 11
3067 10
3070 11
3073 10
3076 11
3079 10
3082 11
3085 10
3088 11
3091 10
3094 11
3097 10
3100 11
3103 10
3106 11
3109 10
3112 11
3115 10
3118 11
3121 10
3124 11
3127 10
3130 11
3133 10
3136 11
3139 10
3142 11
3145 10
3148 11
3151 10
3154 11
3157 10
3160 11
3163 10
3166 11
3169 10
3172 11
3175 10
3178 11
3181 10
3184 11
3187 10
3190 11
3193 10
3196 11
3199 10
3202 11
3205 10
3208 11
3211 10
3214 11
3217 10
3220 11
3223 10
3226 11
3229 10
3232 11
3235 10
3238 11
3241 10
3244 11
3247 10
3250 11
3253 10
3256 11
3259 10
3262 11
3265 10
3268 11
3271 10
3274 11
3277 10
3280 11
3283 10
3286 11
3289 10
3292 11
3295 10
3298 11
3301 10
3304 11
3307 10
3310 11
3313 10
3316 11
3319 10
3322 11
3325 10
3328 11
3331 10
3334 11
3337 10
3340 11
3343 10
3346 11
3349 10
3352 11
3355 10
3358 11
3361 10
3364 11
3367 10
3370 11
3373 10
3376 11
3379 10
3382 11
3385 10
3388 11
3391 10
3394 11
3397 10
3400 11
3403 10
3406 11
3409 10
3412 11
3415 10
3418 11
3421 10
3424 11
3427 10
3430 11
3433 10
3436 11
3439 10
3442 11
3445 10
3448 11
3451 10
3454 11
3457 10
3460 11
3463 10
3466 11
3469 10
3472 11
3475 10
3478 11
3481 10
3484 11
3487 10
3490 11
3493 10
3496 11
3499 10
3502 11
3505 10
3508 11
3511 10
3514 11
3517 10
3520 11
3523 10
3526 11
3529 10
3532 11
3535 10
3538 11
3541 10
3544 11
3547 10
3550 11
3553 10
3556 11
3559 10
3562 11
3565 10
3568 11
3571 10
3574 11
3577 10
3580 11
3583 10
3586 11
3589 10
3592 11
3595 10
3598 11
3601 10
3604 11
3607 10
3610 11
3613 10
3616 11
3619 10
3622 11
3625 10
3628 11
3631 10
3634 11
3637 10
3640 11
3643 10
3646 11
3649 10
3652 11
3655 10
3658 11
3661 10
3664 11
3667 10
3670 11
3673 10
3676 11
3679 10
3682 11
3685 10
3688 11
3691 10
3694 11
3697 10
3700 11
3703 10
3706 11
3709 10
3712 11
3715 10
3718 11
3721 10
3724 11
3727 10
3730 11
3733 10
3736 11
3739 10
3742 11
3745 10
3748 11
3751 10
3754 11
3757 10
3760 11
3763 10
3766 11
3769 10
3772 11
3775 10
3778 11
3781 10
3784 11
3787 10
3790 11
3793 10
3796 11
3799 10
3802 11
3805 10
3808 11
3811 10
3814 11
3817 10
3820 11
3823 10
3826 11
3829 10
3832 11
3835 10
3838 11
3841 10
3844 11
3847 10
3850 11
3853 10
3856 11
3859 10
3862 11
3865 10
3868 11
3871 10
3874 11
3877 10
3880 11
3883 10
3886 11
3889 10
3892 11
3895 10
3898 11
3901 10
3904 11
3907 10
3910 11
3913 10
3916 11
3919 10
3922 11
3925 10
3928 11
3931 10
3934 11
3937 10
3940 11
3943 10
3946 11
3949 10
3952 11
3955 10
3958 11
3961 10
3964 11
3967 10
3970 11
3973 10
3976 11
3979 10
3982 11
3985 10
3988 11
3991 10
3994 11
3997 10
4000 11
4003 10
4006 11
4009 10
4012 11
4015 10
4018 11
4021 10
4024 11
4027 10
4030 11
4033 10
4036 11
4039 10
4042 11
4045 10
4048 11
4051 10
4054 11
4057 10
4060 11
4063 10
4066 11
4069 10
4072 11
4075 10
4078 11
4081 10
4084 11
4087 10
4090 11
4093 10
4096 11
4099 10
4102 11
4105 10
4108 11
4111 10
4114 11
4117 10
4120 11
4123 10
4126 11
4129 10
4132 11
4135 10
4138 11
4141 10
4144 11
4147 10
4150 11
4153 10
4156 11
4159 10
4162 11
4165 10
4168 11
4171 10
4174 11
4177 10
4180 11
4183 10
4186 11
4189 10
4192 11
4195 10
4198 11
4201 10
4204 11
4207 10
4210 11
4213 10
4216 11
4219 10
4222 11
4225 10
4228 11
4231 10
4234 11
4237 10
4240 11
4243 10
4246 11
4249 10
4252 11
4255 10
4258 11
4261 10
4264 11
4267 10
4270 11
4273 10
4276 11
4279 10
4282 11
4285 10
4288 11
4291 10
4294 11
4297 10
4300 11
4303 10
4306 11
4309 10
4312 11
4315 10
4318 11
4321 10
4324 11
4327 10
4330 11
4333 10
4336 11
4339 10
4342 11
4345 10
4348 11
4351 10
4354 11
4357 10
4360 11
4363 10
4366 11
4369 10
4372 11
4375 10
4378 11
4381 10
4384 11
4387 10
4390 11
4393 10
4396 11
4399 10
4402 11
4405 10
4408 11
4411 10
4414 11
4417 10
4420 11
4423 10
4426 11
4429 10
4432 11
4435 10
4438 11
4441 10
4444 11
4447 10
4450 11
4453 10
4456 11
4459 10
4462 11
4465 10
4468 11
4471 10
4474 11
4477 10
4480 11
4483 10
4486 11
4489 10
4492 11
4495 10
4498 11
4501 10
4504 11
4507 10
4510 11
4513 10
4516 11
4519 10
4522 11
4525 10
4528 11
4531 10
4534 11
4537 10
4540 11
4543 10
4546 11
4549 10
4552 11
4555 10
4558 11
4561 10
4564 11
4567 10
4570 11
4573 10
4576 11
4579 10
4582 11
4585 10
4588 11
4591 10
4594 11
4597 10
4600 11
4603 10
4606 11
4609 10
4612 11
4615 10
4618 11
4621 10
4624 11
4627 10
4630 11
4633 10
4636 11
4639 10
4642 11
4645 10
4648 11
4651 10
4654 11
4657 10
4660 11
4663 10
4666 11
4669 10
4672 11
4675 10
4678 11
4681 10
4684 11
4687 10
4690 11
4693 10
4696 11
4699 10
4702 11
4705 10
4708 11
4711 10
4714 11
4717 10
4720 11
4723 10
4726 11
4729 10
4732 11
4735 10
4738 11
4741 10
4744 11
4747 10
4750 11
4753 10
4756 11
4759 10
4762 11
4765 10
4768 11
4771 10
4774 11
4777 10
4780 11
4783 10
4786 11
4789 10
4792 11
4795 10
4798 11
4801 10
4804 11
4807 10
4810 11
4813 10
4816 11
4819 10
4822 11
4825 10
4828 11
4831 10
4834 11
4837 10
4840 11
4843 10
4846 11
4849 10
4852 11
4855 10
4858 11
4861 10
4864 11
4867 10
4870 11
4873 10
4876 11
4879 10
4882 11
4885 10
4888 11
4891 10
4894 11
4897 10
4900 11
4903 10
4906 11
4909 10
4912 11
4915 10
4918 11
4921 10
4924 11
4927 10
4930 11
4933 10
4936 11
4939 10
4942 11
4945 10
4948 11
4951 10
4954 11
4957 10
4960 11
4963 10
4966 11
4969 10
4972 11
4975 10
4978 11
4981 10
4984 11
4987 10
4990 11
4993 10
4996 11
4999 10
5002 11
5005 10
5008 11
5011 10
5014 11
5017 10
5020 11
5023 10
5026 11
5029 10
5032 11
5035 10
5038 11
5041 10
5044 11
5047 10
5050 11
5053 10
5056 11
5059 10
5062 11
5065 10
5068 11
5071 10
5074 11
5077 10
5080 11
5083 10
5086 11
5089 10
5092 11
5095 10
5098 11
5101 10
5104 11
5107 10
5110 11
5113 10
5116 11
5119 10
5122 11
5125 10
5128 11
5131 10
5134 11
5137 10
5140 11
5143 10
5146 11
5149 10
5152 11
5155 10
5158 11
5161 10
5164 11
5167 10
5170 11
5173 10
5176 11
5179 10
5182 11
5185 10
5188 11
5191 10
5194 11
5197 10
5200 11
5203 10
5206 11
5209 10
5212 11
5215 10
5218 11
5221 10
5224 11
5227 10
5230 11
5233 10
5236 11
5239 10
5242 11
5245 10
5248 11
5251 10
5254 11
5257 10
5260 11
5263 10
5266 11
5269 10
5272 11
5275 10
5278 11
5281 10
5284 11
5287 10
5290 11
5293 10
5296 11
5299 10
5302 11
5305 10
5308 11
5311 10
5314 11
5317 10
5320 11
5323 10
5326 11
5329 10
5332 11
5335 10
5338 11
5341 10
5344 11
5347 10
5350 11
5353 10
5356 11
5359 10
5362 11
5365 10
5368 11
5371 10
5374 11
5377 10
5380 11
5383 10
5386 11
5389 10
5392 11
5395 10
5398 11
5401 10
5404 11
5407 10
5410 11
5413 10
5416 11
5419 10
5422 11
5425 10
5428 11
5431 10
5434 11
5437 10
5440 11
5443 10
5446 11
5449 10
5452 11
5455 10
5458 11
5461 10
5464 11
5467 10
5470 11
5473 10
5476 11
5479 10
5482 11
5485 10
5488 11
5491 10
5494 11
5497 10
5500 11
5503 10
5506 11
5509 10
5512 11
5515 10
5518 11
5521 10
5524 11
5527 10
5530 11
5533 10
5536 11
5539 10
5542 11
5545 10
5548 11
5551 10
5554 11
5557 10
5560 11
5563 10
5566 11
5569 10
5572 11
5575 10
5578 11
5581 10
5584 11
5587 10
5590 11
5593 10
5596 11
5599 10
5602 11
5605 10
5608 11
5611 10
5614 11
5617 10
5620 11
5623 10
5626 11
5629 10
5632 11
5635 10
5638 11
5641 10
5644 11
5647 10
5650 11
5653 10
5656 11
5659 10
5662 11
5665 10
5668 11
5671 10
5674 11
5677 10
5680 11
5683 10
5686 11
5689 10
5692 11
5695 10
5698 11
5701 10
5704 11
5707 10
5710 11
5713 10
5716 11
5719 10
5722 11
5725 10
5728 11
5731 10
5734 11
5737 10
5740 11
5743 10
5746 11
5749 10
5752 11
5755 10
5758 11
5761 10
5764 11
5767 10
5770 11
5773 10
5776 11
5779 10
5782 11
5785 10
5788 11
5791 10
5794 11
5797 10
5800 11
5803 10
5806 11
5809 10
5812 11
5815 10
5818 11
5821 10
5824 11
5827 10
5830 11
5833 10
5836 11
5839 10
5842 11
5845 10
5848 11
5851 10
5854 11
5857 10
5860 11
5863 10
5866 11
5869 10
5872 11
5875 10
5878 11
5881 10
5884 11
5887 10
5890 11
5893 10
5896 11
5899 10
5902 11
5905 10
5908 11
5911 10
5914 11
5917 10
5920 11
5923 10
5926 11
5929 10
5932 11
5935 10
5938 11
5941 10
5944 11
5947 10
5950 11
5953 10
5956 11
5959 10
5962 11
5965 10
5968 11
5971 10
5974 11
5977 10
5980 11
5983 10
5986 11
5989 10
5992 11
5995 10
5998 11
6001 10
6004 11
6007 10
6010 11
6013 10
6016 11
6019 10
6022 11
6025 10
6028 11
6031 10
6034 11
6037 10
6040 11
6043 10
6046 11
6049 10
6052 11
6055 10
6058 11
6061 10
6064 11
6067 10
6070 11
6073 10
6076 11
6079 10
6082 11
6085 10
6088 11
6091 10
6094 11
6097 10
6100 11
6103 10
6106 11
6109 10
6112 11
6115 10
6118 11
6121 10
6124 11
6127 10
6130 11
6133 10
6136 11
6139 10
6142 11
6145 10
6148 11
6151 10
6154 11
6157 10
6160 11
6163 10
6166 11
6169 10
6172 11
6175 10
6178 11
6181 10
6184 11
6187 10
6190 11
6193 10
6196 11
6199 10
6202 11
6205 10
6208 11
6211 10
6214 11
6217 10
6220 11
6223 10
6226 11
6229 10
6232 11
6235 10
6238 11
6241 10
6244 11
6247 10
6250 11
6253 10
6256 11
6259 10
6262 11
6265 10
6268 11
6271 10
6274 11
6277 10
6280 11
6283 10
6286 11
6289 10
6292 11
6295 10
6298 11
6301 10
6304 11
6307 10
6310 11
6313 10
6316 11
6319 10
6322 11
6325 10
6328 11
6331 10
6334 11
6337 10
6340 11
6343 10
6346 11
6349 10
6352 11
6355 10
6358 11
6361 10
6364 11
6367 10
6370 11
6373 10
6376 11
6379 10
6382 11
6385 10
6388 11
6391 10
6394 11
6397 10
6400 11
6403 10
6406 11
6409 10
6412 11
6415 10
6418 11
6421 10
6424 11
6427 10
6430 11
6433 10
6436 11
6439 10
6442 11
6445 10
6448 11
6451 10
6454 11
6457 10
6460 11
6463 10
6466 11
6469 10
6472 11
6475 10
6478 11
6481 10
6484 11
6487 10
6490 11
6493 10
6496 11
6499 10
6502 11
6505 10
6508 11
6511 10
6514 11
6517 10
6520 11
6523 10
6526 11
6529 10
6532 11
6535 10
6538 11
6541 10
6544 11
6547 10
6550 11
6553 10
6556 11
6559 10
6562 11
6565 10
6568 11
6571 10
6574 11
6577 10
6580 11
6583 10
6586 11
6589 10
6592 11
6595 10
6598 11
6601 10
6604 11
6607 10
6610 11
6613 10
6616 11
6619 10
6622 11
6625 10
6628 11
6631 10
6634 11
6637 10
6640 11
6643 10
6646 11
6649 10
6652 11
6655 10
6658 11
6661 10
6664 11
6667 10
6670 11
6673 10
6676 11
6679 10
6682 11
6685 10
6688 11
6691 10
6694 11
6697 10
6700 11
6703 10
6706 11
6709 10
6712 11
6715 10
6718 11
6721 10
6724 11
6727 10
6730 11
6733 10
6736 11
6739 10
6742 11
6745 10
6748 11
6751 10
6754 11
6757 10
6760 11
6763 10
6766 11
6769 10
6772 11
6775 10
6778 11
6781 10
6784 11
6787 10
6790 11
6793 10
6796 11
6799 10
6802 11
6805 10
6808 11
6811 10
6814 11
6817 10
6820 11
6823 10
6826 11
6829 10
6832 11
6835 10
6838 11
6841 10
6844 11
6847 10
6850 11
6853 10
6856 11
6859 10
6862 11
6865 10
6868 11
6871 10
6874 11
6877 10
6880 11
6883 10
6886 11
6889 10
6892 11
6895 10
6898 11
6901 10
6904 11
6907 10
6910 11
6913 10
6916 11
6919 10
6922 11
6925 10
6928 11
6931 10
6934 11
6937 10
6940 11
6943 10
6946 11
6949 10
6952 11
6955 10
6958 11
6961 10
6964 11
6967 10
6970 11
6973 10
6976 11
6979 10
6982 11
6985 10
6988 11
6991 10
6994 11
6997 10
7000 11
7003 10
7006 11
7009 10
7012 11
7015 10
7018 11
7021 10
7024 11
7027 10
7030 11
7033 10
7036 11
7039 10
7042 11
7045 10
7048 11
7051 10
7054 11
7057 10
7060 11
7063 10
7066 11
7069 10
7072 11
7075 10
7078 11
7081 10
7084 11
7087 10
7090 11
7093 10
7096 11
7099 10
7102 11
7105 10
7108 11
7111 10
7114 11
7117 10
7120 11
7123 10
7126 11
7129 10
7132 11
7135 10
7138 11
7141 10
7144 11
7147 10
7150 11
7153 10
7156 11
7159 10
7162 11
7165 10
7168 11
7171 10
7174 11
7177 10
7180 11
7183 10
7186 11
7189 10
7192 11
7195 10
7198 11
7201 10
7204 11
7207 10
7210 11
7213 10
7216 11
7219 10
7222 11
7225 10
7228 11
7231 10
7234 11
7237 10
7240 11
7243 10
7246 11
7249 10
7252 11
7255 10
7258 11
7261 10
7264 11
7267 10
7270 11
7273 10
7276 11
7279 10
7282 11
7285 10
7288 11
7291 10
7294 11
7297 10
7300 11
7303 10
7306 11
7309 10
7312 11
7315 10
7318 11
7321 10
7324 11
7327 10
7330 11
7333 10
7336 11
7339 10
7342 11
7345 10
7348 11
7351 10
7354 11
7357 10
7360 11
7363 10
7366 11
7369 10
7372 11
7375 10
7378 11
7381 10
7384 11
7387 10
7390 11
7393 10
7396 11
7399 10
7402 11
7405 10
7408 11
7411 10
7414 11
7417 10
7420 11
7423 10
7426 11
7429 10
7432 11
7435 10
7438 11
7441 10
7444 11
7447 10
7450 11
7453 10
7456 11
7459 10
7462 11
7465 10
7468 11
7471 10
7474 11
7477 10
7480 11
7483 10
7486 11
7489 10
7492 11
7495 10
7498 11
7501 10
7504 11
7507 10
7510 11
7513 10
7516 11
7519 10
7522 11
7525 10
7528 11
7531 10
7534 11
7537 10
7540 11
7543 10
7546 11
7549 10
7552 11
7555 10
7558 11
7561 10
7564 11
7567 10
7570 11
7573 10
7576 11
7579 10
7582 11
7585 10
7588 11
7591 10
7594 11
7597 10
7600 11
7603 10
7606 11
7609 10
7612 11
7615 10
7618 11
7621 10
7624 11
7627 10
7630 11
7633 10
7636 11
7639 10
7642 11
7645 10
7648 11
7651 10
7654 11
7657 10
7660 11
7663 10
7666 11
7669 10
7672 11
7675 10
7678 11
7681 10
7684 11
7687 10
7690 11
7693 10
7696 11
7699 10
7702 11
7705 10
7708 11
7711 10
7714 11
7717 10
7720 11
7723 10
7726 11
7729 10
7732 11
7735 10
7738 11
7741 10
7744 11
7747 10
7750 11
7753 10
7756 11
7759 10
7762 11
7765 10
7768 11
7771 10
7774 11
7777 10
7780 11
7783 10
7786 11
7789 10
7792 11
7795 10
7798 11
7801 10
7804 11
7807 10
7810 11
7813 10
7816 11
7819 10
7822 11
7825 10
7828 11
7831 10
7834 11
7837 10
7840 11
7843 10
7846 11
7849 10
7852 11
7855 10
7858 11
7861 10
7864 11
7867 10
7870 11
7873 10
7876 11
7879 10
7882 11
7885 10
7888 11
7891 10
7894 11
7897 10
7900 11
7903 10
7906 11
7909 10
7912 11
7915 10
7918 11
7921 10
7924 11
7927 10
7930 11
7933 10
7936 11
7939 10
7942 11
7945 10
7948 11
7951 10
7954 11
7957 10
7960 11
7963 10
7966 11
7969 10
7972 11
7975 10
7978 11
7981 10
7984 11
7987 10
7990 11
7993 10
7996 11
7999 10
8002 11
8005 10
8008 11
8011 10
8014 11
8017 10
8020 11
8023 10
8026 11
8029 10
8032 11
8035 10
8038 11
8041 10
8044 11
8047 10
8050 11
8053 10
8056 11
8059 10
8062 11
8065 10
8068 11
8071 10
8074 11
8077 10
8080 11
8083 10
8086 11
8089 10
8092 11
8095 10
8098 11
8101 10
8104 11
8107 10
8110 11
8113 10
8116 11
8119 10
8122 11
8125 10
8128 11
8131 10
8134 11
8137 10
8140 11
8143 10
8146 11
8149 10
8152 11
8155 10
8158 11
8161 10
8164 11
8167 10
8170 11
8173 10
8176 11
8179 10
8182 11
8185 10
8188 11
8191 10
8194 11
8197 10
8200 11
8203 10
8206 11
8209 10
8212 11
8215 10
8218 11
8221 10
8224 11
8227 10
8230 11
8233 10
8236 11
8239 10
8242 11
8245 10
8248 11
8251 10
8254 11
8257 10
8260 11
8263 10
8266 11
8269 10
8272 11
8275 10
8278 11
8281 10
8284 11
8287 10
8290 11
8293 10
8296 11
8299 10
8302 11
8305 10
8308 11
8311 10
8314 11
8317 10
8320 11
8323 10
8326 11
8329 10
8332 11
8335 10
8338 11
8341 10
8344 11
8347 10
8350 11
8353 10
8356 11
8359 10
8362 11
8365 10
8368 11
8371 10
8374 11
8377 10
8380 11
8383 10
8386 11
8389 10
8392 11
8395 10
8398 11
8401 10
8404 11
8407 10
8410 11
8413 10
8416 11
8419 10
8422 11
8425 10
8428 11
8431 10
8434 11
8437 10
8440 11
8443 10
8446 11
8449 10
8452 11
8455 10
8458 11
8461 10
8464 11
8467 10
8470 11
8473 10
8476 11
8479 10
8482 11
8485 10
8488 11
8491 10
8494 11
8497 10
8500 11
8503 10
8506 11
8509 10
8512 11
8515 10
8518 11
8521 10
8524 11
8527 10
8530 11
8533 10
8536 11
8539 10
8542 11
8545 10
8548 11
8551 10
8554 11
8557 10
8560 11
8563 10
8566 11
8569 10
8572 11
8575 10
8578 11
8581 10
8584 11
8587 10
8590 11
8593 10
8596 11
8599 10
8602 11
8605 10
8608 11
8611 10
8614 11
8617 10
8620 11
8623 10
8626 11
8629 10
8632 11
8635 10
8638 11
8641 10
8644 11
8647 10
8650 11
8653 10
8656 11
8659 10
8662 11
8665 10
8668 11
8671 10
8674 11
8677 10
8680 11
8683 10
8686 11
8689 10
8692 11
8695 10
8698 11
8701 10
8704 11
8707 10
8710 11
8713 10
8716 11
8719 10
8722 11
8725 10
8728 11
8731 10
8734 11
8737 10
8740 11
8743 10
8746 11
8749 10
8752 11
8755 10
8758 11
8761 10
8764 11
8767 10
8770 11
8773 10
8776 11
8779 10
8782 11
8785 10
8788 11
8791 10
8794 11
8797 10
8800 11
8803 10
8806 11
8809 10
8812 11
8815 10
8818 11
8821 10
8824 11
8827 10
8830 11
8833 10
8836 11
8839 10
8842 11
8845 10
8848 11
8851 10
8854 11
8857 10
8860 11
8863 10
8866 11
8869 10
8872 11
8875 10
8878 11
8881 10
8884 11
8887 10
8890 11
8893 10
8896 11
8899 10
8902 11
8905 10
8908 11
8911 10
8914 11
8917 10
8920 11
8923 10
8926 11
8929 10
8932 11
8935 10
8938 11
8941 10
8944 11
8947 10
8950 11
8953 10
8956 11
8959 10
8962 11
8965 10
8968 11
8971 10
8974 11
8977 10
8980 11
8983 10
8986 11
8989 10
8992 11
8995 10
8998 11
9001 10
9004 11
9007 10
9010 11
9013 10
9016 11
9019 10
9022 11
9025 10
9028 11
9031 10
9034 11
9037 10
9040 11
9043 10
9046 11
9049 10
9052 11
9055 10
9058 11
9061 10
9064 11
9067 10
9070 11
9073 10
9076 11
9079 10
9082 11
9085 10
9088 11
9091 10
9094 11
9097 10
9100 11
9103 10
9106 11
9109 10
9112 11
9115 10
9118 11
9121 10
9124 11
9127 10
9130 11
9133 10
9136 11
9139 10
9142 11
9145 10
9148 11
9151 10
9154 11
9157 10
9160 11
9163 10
9166 11
9169 10
9172 11
9175 10
9178 11
9181 10
9184 11
9187 10
9190 11
9193 10
9196 11
9199 10
9202 11
9205 10
9208 11
9211 10
9214 11
9217 10
9220 11
9223 10
9226 11
9229 10
9232 11
9235 10
9238 11
9241 10
9244 11
9247 10
9250 11
9253 10
9256 11
9259 10
9262 11
9265 10
9268 11
9271 10
9274 11
9277 10
9280 11
9283 10
9286 11
9289 10
9292 11
9295 10
9298 11
9301 10
9304 11
9307 10
9310 11
9313 10
9316 11
9319 10
9322 11
9325 10
9328 11
9331 10
9334 11
9337 10
9340 11
9343 10
9346 11
9349 10
9352 11
9355 10
9358 11
9361 10
9364 11
9367 10
9370 11
9373 10
9376 11
9379 10
9382 11
9385 10
9388 11
9391 10
9394 11
9397 10
9400 11
9403 10
9406 11
9409 10
9412 11
9415 10
9418 11
9421 10
9424 11
9427 10
9430 11
9433 10
9436 11
9439 10
9442 11
9445 10
9448 11
9451 10
9454 11
9457 10
9460 11
9463 10
9466 11
9469 10
9472 11
9475 10
9478 11
9481 10
9484 11
9487 10
9490 11
9493 10
9496 11
9499 10
9502 11
9505 10
9508 11
9511 10
9514 11
9517 10
9520 11
9523 10
9526 11
9529 10
9532 11
9535 10
9538 11
9541 10
9544 11
9547 10
9550 11
9553 10
9556 11
9559 10
9562 11
9565 10
9568 11
9571 10
9574 11
9577 10
9580 11
9583 10
9586 11
9589 10
9592 11
9595 10
9598 11
9601 10
9604 11
9607 10
9610 11
9613 10
9616 11
9619 10
9622 11
9625 10
9628 11
9631 10
9634 11
9637 10
9640 11
9643 10
9646 11
9649 10
9652 11
9655 10
9658 11
9661 10
9664 11
9667 10
9670 11
9673 10
9676 11
9679 10
9682 11
9685 10
9688 11
9691 10
9694 11
9697 10
9700 11
9703 10
9706 11
9709 10
9712 11
9715 10
9718 11
9721 10
9724 11
9727 10
9730 11
9733 10
9736 11
9739 10
9742 11
9745 10
9748 11
9751 10
9754 11
9757 10
9760 11
9763 10
9766 11
9769 10
9772 11
9775 10
9778 11
9781 10
9784 11
9787 10
9790 11
9793 10
9796 11
9799 10
9802 11
9805 10
9808 11
9811 10
9814 11
9817 10
9820 11
9823 10
9826 11
9829 10
9832 11
9835 10
9838 11
9841 10
9844 11
9847 10
9850 11
9853 10
9856 11
9859 10
9862 11
9865 10
9868 11
9871 10
9874 11
9877 10
9880 11
9883 10
9886 11
9889 10
9892 11
9895 10
9898 11
9901 10
9904 11
9907 10
9910 11
9913 10
9916 11
9919 10
9922 11
9925 10
9928 11
9931 10
9934 11
9937 10
9940 11
9943 10
9946 11
9949 10
9952 11
9955 10
9958 11
9961 10
9964 11
9967 10
9970 11
9973 10
9976 11
9979 10
9982 11
9985 10
9988 11
9991 10
9994 11
9997 10
10000 11
10003 10
10006 11
10009 10
10012 11
10015 10
10018 11
10021 10
10024 11
10027 10
10030 11
10033 10
10036 11
10039 10
10042 11
10045 10
10048 11
10051 10
10054 11
10057 10
10060 11
10063 10
10066 11
10069 10
10072 11
10075 10
10078 11
10081 10
10084 11
10087 10
10090 11
10093 10
10096 11
10099 10
10102 11
10105 10
10108 11
10111 10
10114 11
10117 10
10120 11
10123 10
10126 11
10129 10
10132 11
10135 10
10138 11
10141 10
10144 11
10147 10
10150 11
10153 10
10156 11
10159 10
10162 11
10165 10
10168 11
10171 10
10174 11
10177 10
10180 11
10183 10
10186 11
10189 10
10192 11
10195 10
10198 11
10201 10
10204 11
10207 10
10210 11
10213 10
10216 11
10219 10
10222 11
10225 10
10228 11
10231 10
10234 11
10237 10
10240 11
10243 10
10246 11
10249 10
10252 11
10255 10
10258 11
10261 10
10264 11
10267 10
10270 11
10273 10
10276 11
10279 10
10282 11
10285 10
10288 11
10291 10
10294 11
10297 10
10300 11
10303 10
10306 11
10309 10
10312 11
10315 10
10318 11
10321 10
10324 11
10327 10
10330 11
10333 10
10336 11
10339 10
10342 11
10345 10
10348 11
10351 10
10354 11
10357 10
10360 11
10363 10
10366 11
10369 10
10372 11
10375 10
10378 11
10381 10
10384 11
10387 10
10390 11
10393 10
10396 11
10399 10
10402 11
10405 10
10408 11
10411 10
10414 11
10417 10
10420 11
10423 10
10426 11
10429 10
10432 11
10435 10
10438 11
10441 10
10444 11
10447 10
10450 11
10453 10
10456 11
10459 10
10462 11
10465 10
10468 11
10471 10
10474 11
10477 10
10480 11
10483 10
10486 11
10489 10
10492 11
10495 10
10498 11
10501 10
10504 11
10507 10
10510 11
10513 10
10516 11
10519 10
10522 11
10525 10
10528 11
10531 10
10534 11
10537 10
10540 11
10543 10
10546 11
10549 10
10552 11
10555 10
10558 11
10561 10
10564 11
10567 10
10570 11
10573 10
10576 11
10579 10
10582 11
10585 10
10588 11
10591 10
10594 11
10597 10
10600 11
10603 10
10606 11
10609 10
10612 11
10615 10
10618 11
10621 10
10624 11
10627 10
10630 11
10633 10
10636 11
10639 10
10642 11
10645 10
10648 11
10651 10
10654 11
10657 10
10660 11
10663 10
10666 11
10669 10
10672 11
10675 10
10678 11
10681 10
10684 11
10687 10
10690 11
10693 10
10696 11
10699 10
10702 11
10705 10
10708 11
10711 10
10714 11
10717 10
10720 11
10723 10
10726 11
10729 10
10732 11
10735 10
10738 11
10741 10
10744 11
10747 10
10750 11
10753 10
10756 11
10759 10
10762 11
10765 10
10768 11
10771 10
10774 11
10777 10
10780 11
10783 10
10786 11
10789 10
10792 11
10795 10
10798 11
10801 10
10804 11
10807 10
10810 11
10813 10
10816 11
10819 10
10822 11
10825 10
10828 11
10831 10
10834 11
10837 10
10840 11
10843 10
10846 11
10849 10
10852 11
10855 10
10858 11
10861 10
10864 11
10867 10
10870 11
10873 10
10876 11
10879 10
10882 11
10885 10
10888 11
10891 10
10894 11
10897 10
10900 11
10903 10
10906 11
10909 10
10912 11
10915 10
10918 11
10921 10
10924 11
10927 10
10930 11
10933 10
10936 11
10939 10
10942 11
10945 10
10948 11
10951 10
10954 11
10957 10
10960 11
10963 10
10966 11
10969 10
10972 11
10975 10
10978 11
10981 10
10984 11
10987 10
10990 11
10993 10
10996 11
10999 10
11002 11
11005 10
11008 11
11011 10
11014 11
11017 10
11020 11
11023 10
11026 11
11029 10
11032 11
11035 10
11038 11
11041 10
11044 11
11047 10
11050 11
11053 10
11056 11
11059 10
11062 11
11065 10
11068 11
11071 10
11074 11
11077 10
11080 11
11083 10
11086 11
11089 10
11092 11
11095 10
11098 11
11101 10
11104 11
11107 10
11110 11
11113 10
11116 11
11119 10
11122 11
11125 10
11128 11
11131 10
11134 11
11137 10
11140 11
11143 10
11146 11
11149 10
11152 11
11155 10
11158 11
11161 10
11164 11
11167 10
11170 11
11173 10
11176 11
11179 10
11182 11
11185 10
11188 11
11191 10
11194 11
11197 10
11200 11
11203 10
11206 11
11209 10
11212 11
11215 10
11218 11
11221 10
11224 11
11227 10
11230 11
11233 10
11236 11
11239 10
11242 11
11245 10
11248 11
11251 10
11254 11
11257 10
11260 11
11263 10
11266 11
11269 10
11272 11
11275 10
11278 11
11281 10
11284 11
11287 10
11290 11
11293 10
11296 11
11299 10
11302 11
11305 10
11308 11
11311 10
11314 11
11317 10
11320 11
11323 10
11326 11
11329 10
11332 11
11335 10
11338 11
11341 10
11344 11
11347 10
11350 11
11353 10
11356 11
11359 10
11362 11
11365 10
11368 11
11371 10
11374 11
11377 10
11380 11
11383 10
11386 11
11389 10
11392 11
11395 10
11398 11
11401 10
11404 11
11407 10
11410 11
11413 10
11416 11
11419 10
11422 11
11425 10
11428 11
11431 10
11434 11
11437 10
11440 11
11443 10
11446 11
11449 10
11452 11
11455 10
11458 11
11461 10
11464 11
11467 10
11470 11
11473 10
11476 11
11479 10
11482 11
11485 10
11488 11
11491 10
11494 11
11497 10
11500 11
11503 10
11506 11
11509 10
11512 11
11515 10
11518 11
11521 10
11524 11
11527 10
11530 11
11533 10
11536 11
11539 10
11542 11
11545 10
11548 11
11551 10
11554 11
11557 10
11560 11
11563 10
11566 11
11569 10
11572 11
11575 10
11578 11
11581 10
11584 11
11587 10
11590 11
11593 10
11596 11
11599 10
11602 11
11605 10
11608 11
11611 10
11614 11
11617 10
11620 11
11623 10
11626 11
11629 10
11632 11
11635 10
11638 11
11641 10
11644 11
11647 10
11650 11
11653 10
11656 11
11659 10
11662 11
11665 10
11668 11
11671 10
11674 11
11677 10
11680 11
11683 10
11686 11
11689 10
11692 11
11695 10
11698 11
11701 10
11704 11
11707 10
11710 11
11713 10
11716 11
11719 10
11722 11
11725 10
11728 11
11731 10
11734 11
11737 10
11740 11
11743 10
11746 11
11749 10
11752 11
11755 10
11758 11
11761 10
11764 11
11767 10
11770 11
11773 10
11776 11
11779 10
11782 11
11785 10
11788 11
11791 10
11794 11
11797 10
11800 11
11803 10
11806 11
11809 10
11812 11
11815 10
11818 11
11821 10
11824 11
11827 10
11830 11
11833 10
11836 11
11839 10
11842 11
11845 10
11848 11
11851 10
11854 11
11857 10
11860 11
11863 10
11866 11
11869 10
11872 11
11875 10
11878 11
11881 10
11884 11
11887 10
11890 11
11893 10
11896 11
11899 10
11902 11
11905 10
11908 11
11911 10
11914 11
11917 10
11920 11
11923 10
11926 11
11929 10
11932 11
11935 10
11938 11
11941 10
11944 11
11947 10
11950 11
11953 10
11956 11
11959 10
11962 11
11965 10
11968 11
11971 10
11974 11
11977 10
11980 11
11983 10
11986 11
11989 10
11992 11
11995 10
11998 11
12001 10
12004 11
12007 10
12010 11
12013 10
12016 11
12019 10
12022 11
12025 10
12028 11
12031 10
12034 11
12037 10
12040 11
12043 10
12046 11
12049 10
12052 11
12055 10
12058 11
12061 10
12064 11
12067 10
12070 11
12073 10
12076 11
12079 10
12082 11
12085 10
12088 11
12091 10
12094 11
12097 10
12100 11
12103 10
12106 11
12109 10
12112 11
12115 10
12118 11
12121 10
12124 11
12127 10
12130 11
12133 10
12136 11
12139 10
12142 11
12145 10
12148 11
12151 10
12154 11
12157 10
12160 11
12163 10
12166 11
12169 10
12172 11
12175 10
12178 11
12181 10
12184 11
12187 10
12190 11
12193 10
12196 11
12199 10
12202 11
12205 10
12208 11
12211 10
12214 11
12217 10
12220 11
12223 10
12226 11
12229 10
12232 11
12235 10
12238 11
12241 10
12244 11
12247 10
12250 11
12253 10
12256 11
12259 10
12262 11
12265 10
12268 11
12271 10
12274 11
12277 10
12280 11
12283 10
12286 11
12289 10
12292 11
12295 10
12298 11
12301 10
12304 11
12307 10
12310 11
12313 10
12316 11
12319 10
12322 11
12325 10
12328 11
12331 10
12334 11
12337 10
12340 11
12343 10
12346 11
12349 10
12352 11
12355 10
12358 11
12361 10
12364 11
12367 10
12370 11
12373 10
12376 11
12379 10
12382 11
12385 10
12388 11
12391 10
12394 11
12397 10
12400 11
12403 10
12406 11
12409 10
12412 11
12415 10
12418 11
12421 10
12424 11
12427 10
12430 11
12433 10
12436 11
12439 10
12442 11
12445 10
12448 11
12451 10
12454 11
12457 10
12460 11
12463 10
12466 11
12469 10
12472 11
12475 10
12478 11
12481 10
12484 11
12487 10
12490 11
12493 10
12496 11
12499 10
12502 11
12505 10
12508 11
12511 10
12514 11
12517 10
12520 11
12523 10
12526 11
12529 10
12532 11
12535 10
12538 11
12541 10
12544 11
12547 10
12550 11
12553 10
12556 11
12559 10
12562 11
12565 10
12568 11
12571 10
12574 11
12577 10
12580 11
12583 10
12586 11
12589 10
12592 11
12595 10
12598 11
12601 10
12604 11
12607 10
12610 11
12613 10
12616 11
12619 10
12622 11
12625 10
12628 11
12631 10
12634 11
12637 10
12640 11
12643 10
12646 11
12649 10
12652 11
12655 10
12658 11
12661 10
12664 11
12667 10
12670 11
12673 10
12676 11
12679 10
12682 11
12685 10
12688 11
12691 10
12694 11
12697 10
12700 11
12703 10
12706 11
12709 10
12712 11
12715 10
12718 11
12721 10
12724 11
12727 10
12730 11
12733 10
12736 11
12739 10
12742 11
12745 10
12748 11
12751 10
12754 11
12757 10
12760 11
12763 10
12766 11
12769 10
12772 11
12775 10
12778 11
12781 10
12784 11
12787 10
12790 11
12793 10
12796 11
12799 10
12802 11
12805 10
12808 11
12811 10
12814 11
12817 10
12820 11
12823 10
12826 11
12829 10
12832 11
12835 10
12838 11
12841 10
12844 11
12847 10
12850 11
12853 10
12856 11
12859 10
12862 11
12865 10
12868 11
12871 10
12874 11
12877 10
12880 11
12883 10
12886 11
12889 10
12892 11
12895 10
12898 11
12901 10
12904 11
12907 10
12910 11
12913 10
12916 11
12919 10
12922 11
12925 10
12928 11
12931 10
12934 11
12937 10
12940 11
12943 10
12946 11
12949 10
12952 11
12955 10
12958 11
12961 10
12964 11
12967 10
12970 11
12973 10
12976 11
12979 10
12982 11
12985 10
12988 11
12991 10
12994 11
12997 10
13000 11
13003 10
13006 11
13009 10
13012 11
13015 10
13018 11
13021 10
13024 11
13027 10
13030 11
13033 10
13036 11
13039 10
13042 11
13045 10
13048 11
13051 10
13054 11
13057 10
13060 11
13063 10
13066 11
13069 10
13072 11
13075 10
13078 11
13081 10
13084 11
13087 10
13090 11
13093 10
13096 11
13099 10
13102 11
13105 10
13108 11
13111 10
13114 11
13117 10
13120 11
13123 10
13126 11
13129 10
13132 11
13135 10
13138 11
13141 10
13144 11
13147 10
13150 11
13153 10
13156 11
13159 10
13162 11
13165 10
13168 11
13171 10
13174 11
13177 10
13180 11
13183 10
13186 11
13189 10
13192 11
13195 10
13198 11
13201 10
13204 11
13207 10
13210 11
13213 10
13216 11
13219 10
13222 11
13225 10
13228 11
13231 10
13234 11
13237 10
13240 11
13243 10
13246 11
13249 10
13252 11
13255 10
13258 11
13261 10
13264 11
13267 10
13270 11
13273 10
13276 11
13279 10
13282 11
13285 10
13288 11
13291 10
13294 11
13297 10
13300 11
13303 10
13306 11
13309 10
13312 11
13315 10
13318 11
13321 10
13324 11
13327 10
13330 11
13333 10
13336 11
13339 10
13342 11
13345 10
13348 11
13351 10
13354 11
13357 10
13360 11
13363 10
13366 11
13369 10
13372 11
13375 10
13378 11
13381 10
13384 11
13387 10
13390 11
13393 10
13396 11
13399 10
13402 11
13405 10
13408 11
13411 10
13414 11
13417 10
13420 11
13423 10
13426 11
13429 10
13432 11
13435 10
13438 11
13441 10
13444 11
13447 10
13450 11
13453 10
13456 11
13459 10
13462 11
13465 10
13468 11
13471 10
13474 11
13477 10
13480 11
13483 10
13486 11
13489 10
13492 11
13495 10
13498 11
13501 10
13504 11
13507 10
13510 11
13513 10
13516 11
13519 10
13522 11
13525 10
13528 11
13531 10
13534 11
13537 10
13540 11
13543 10
13546 11
13549 10
13552 11
13555 10
13558 11
13561 10
13564 11
13567 10
13570 11
13573 10
13576 11
13579 10
13582 11
13585 10
13588 11
13591 10
13594 11
13597 10
13600 11
13603 10
13606 11
13609 10
13612 11
13615 10
13618 11
13621 10
13624 11
13627 10
13630 11
13633 10
13636 11
13639 10
13642 11
13645 10
13648 11
13651 10
13654 11
13657 10
13660 11
13663 10
13666 11
13669 10
13672 11
13675 10
13678 11
13681 10
13684 11
13687 10
13690 11
13693 10
13696 11
13699 10
13702 11
13705 10
13708 11
13711 10
13714 11
13717 10
13720 11
13723 10
13726 11
13729 10
13732 11
13735 10
13738 11
13741 10
13744 11
13747 10
13750 11
13753 10
13756 11
13759 10
13762 11
13765 10
13768 11
13771 10
13774 11
13777 10
13780 11
13783 10
13786 11
13789 10
13792 11
13795 10
13798 11
13801 10
13804 11
13807 10
13810 11
13813 10
13816 11
13819 10
13822 11
13825 10
13828 11
13831 10
13834 11
13837 10
13840 11
13843 10
13846 11
13849 10
13852 11
13855 10
13858 11
13861 10
13864 11
13867 10
13870 11
13873 10
13876 11
13879 10
13882 11
13885 10
13888 11
13891 10
13894 11
13897 10
13900 11
13903 10
13906 11
13909 10
13912 11
13915 10
13918 11
13921 10
13924 11
13927 10
13930 11
13933 10
13936 11
13939 10
13942 11
13945 10
13948 11
13951 10
13954 11
13957 10
13960 11
13963 10
13966 11
13969 10
13972 11
13975 10
13978 11
13981 10
13984 11
13987 10
13990 11
13993 10
13996 11
13999 10
14002 11
14005 10
14008 11
14011 10
14014 11
14017 10
14020 11
14023 10
14026 11
14029 10
14032 11
14035 10
14038 11
14041 10
14044 11
14047 10
14050 11
14053 10
14056 11
14059 10
14062 11
14065 10
14068 11
14071 10
14074 11
14077 10
14080 11
14083 10
14086 11
14089 10
14092 11
14095 10
14098 11
14101 10
14104 11
14107 10
14110 11
14113 10
14116 11
14119 10
14122 11
14125 10
14128 11
14131 10
14134 11
14137 10
14140 11
14143 10
14146 11
14149 10
14152 11
14155 10
14158 11
14161 10
14164 11
14167 10
14170 11
14173 10
14176 11
14179 10
14182 11
14185 10
14188 11
14191 10
14194 11
14197 10
14200 11
14203 10
14206 11
14209 10
14212 11
14215 10
14218 11
14221 10
14224 11
14227 10
14230 11
14233 10
14236 11
14239 10
14242 11
14245 10
14248 11
14251 10
14254 11
14257 10
14260 11
14263 10
14266 11
14269 10
14272 11
14275 10
14278 11
14281 10
14284 11
14287 10
14290 11
14293 10
14296 11
14299 10
14302 11
14305 10
14308 11
14311 10
14314 11
14317 10
14320 11
14323 10
14326 11
14329 10
14332 11
14335 10
14338 11
14341 10
14344 11
14347 10
14350 11
14353 10
14356 11
14359 10
14362 11
14365 10
14368 11
14371 10
14374 11
14377 10
14380 11
14383 10
14386 11
14389 10
14392 11
14395 10
14398 11
14401 10
14404 11
14407 10
14410 11
14413 10
14416 11
14419 10
14422 11
14425 10
14428 11
14431 10
14434 11
14437 10
14440 11
14443 10
14446 11
14449 10
14452 11
14455 10
14458 11
14461 10
14464 11
14467 10
14470 11
14473 10
14476 11
14479 10
14482 11
14485 10
14488 11
14491 10
14494 11
14497 10
14500 11
14503 10
14506 11
14509 10
14512 11
14515 10
14518 11
14521 10
14524 11
14527 10
14530 11
14533 10
14536 11
14539 10
14542 11
14545 10
14548 11
14551 10
14554 11
14557 10
14560 11
14563 10
14566 11
14569 10
14572 11
14575 10
14578 11
14581 10
14584 11
14587 10
14590 11
14593 10
14596 11
14599 10
14602 11
14605 10
14608 11
14611 10
14614 11
14617 10
14620 11
14623 10
14626 11
14629 10
14632 11
14635 10
14638 11
14641 10
14644 11
14647 10
14650 11
14653 10
14656 11
14659 10
14662 11
14665 10
14668 11
14671 10
14674 11
14677 10
14680 11
14683 10
14686 11
14689 10
14692 11
14695 10
14698 11
14701 10
14704 11
14707 10
14710 11
14713 10
14716 11
14719 10
14722 11
14725 10
14728 11
14731 10
14734 11
14737 10
14740 11
14743 10
14746 11
14749 10
14752 11
14755 10
14758 11
14761 10
14764 11
14767 10
14770 11
14773 10
14776 11
14779 10
14782 11
14785 10
14788 11
14791 10
14794 11
14797 10
14800 11
14803 10
14806 11
14809 10
14812 11
14815 10
14818 11
14821 10
14824 11
14827 10
14830 11
14833 10
14836 11
14839 10
14842 11
14845 10
14848 11
14851 10
14854 11
14857 10
14860 11
14863 10
14866 11
14869 10
14872 11
14875 10
14878 11
14881 10
14884 11
14887 10
14890 11
14893 10
14896 11
14899 10
14902 11
14905 10
14908 11
14911 10
14914 11
14917 10
14920 11
14923 10
14926 11
14929 10
14932 11
14935 10
14938 11
14941 10
14944 11
14947 10
14950 11
14953 10
14956 11
14959 10
14962 11
14965 10
14968 11
14971 10
14974 11
14977 10
14980 11
14983 10
14986 11
14989 10
14992 11
14995 10
14998 11
