5000
3 7559
19 4397
15 8137
13 6349
13 4304
10 2090
11 3528
20 7561
26 9807
25 8878
30 3050
35 7980
30 5211
41 1340
54 6992
56 332
50 1967
53 2092
60 3077
65 8766
74 4432
70 8874
88 3000
98 1868
95 1404
109 8724
100 5141
113 3603
118 2447
116 4736
110 4513
124 5544
121 6567
126 7119
135 5456
155 6617
166 5620
173 7991
185 9407
182 14
180 9085
186 363
190 6478
199 2912
199 9631
199 5022
194 1440
201 2117
217 9208
211 6041
218 4342
246 1853
248 9117
241 9684
257 6123
259 1524
254 3703
261 7964
264 2762
265 6701
270 4011
290 1344
295 3015
303 7877
307 2929
303 9483
313 8425
317 5283
313 3143
328 9081
322 8722
321 3912
337 3784
332 4818
352 3652
369 1186
371 1295
370 2941
379 1847
390 5013
393 6204
394 5489
392 5030
395 7964
396 535
404 7735
407 980
405 3916
407 8515
418 9987
413 6578
415 5267
421 4866
431 5085
436 3083
432 2197
434 6439
444 66
445 4971
454 8741
454 917
450 5622
450 7910
462 3486
462 316
466 410
475 2639
473 7383
476 4380
489 3597
487 693
483 8478
482 8315
492 4978
497 9979
496 5542
508 8016
508 7304
506 2650
513 8379
518 6116
524 6909
529 4972
525 4634
527 7330
533 9355
531 3204
539 5494
535 5198
549 1639
556 8568
554 2075
559 2197
558 5610
554 8436
566 5099
564 8993
574 9688
571 5068
584 6932
586 7038
589 5726
588 649
581 329
607 4613
604 5150
609 366
617 1795
618 4032
624 4456
620 8510
620 7113
636 3329
636 2057
645 6127
640 5384
646 4773
642 609
657 8037
657 12
665 5148
664 6527
677 6263
673 4583
673 8623
672 5309
677 8903
679 3327
687 5313
688 651
680 8829
680 3838
697 3760
703 7638
706 1033
707 7077
702 3738
719 2138
710 3344
724 917
723 6001
721 7396
738 6613
757 6319
758 2744
753 9819
752 4194
759 7692
779 5358
771 3334
770 7200
776 3906
771 7276
786 3919
785 4172
783 2563
797 5583
791 9379
793 5838
796 5034
809 3085
800 2412
800 2511
806 6087
816 9676
810 8438
822 2075
821 8195
825 38
838 2504
835 8250
830 2415
831 7252
841 5713
848 626
850 3101
855 9403
858 2069
861 6332
864 4464
873 4121
884 5405
881 1798
899 6293
891 1739
909 3237
902 8387
902 615
913 3686
913 1961
916 1554
926 9057
921 9706
921 5776
929 5141
924 1658
920 9687
934 5347
936 1708
948 5249
942 274
951 8156
953 507
954 4146
950 1309
966 6962
967 5568
969 4994
968 570
977 2326
980 111
999 698
994 9370
1008 386
1003 3611
1004 3056
1019 8290
1017 6230
1015 7178
1011 9091
1023 238
1029 3373
1023 2674
1036 6048
1049 9882
1047 1543
1040 2067
1047 9353
1042 602
1048 3299
1041 7527
1053 3185
1051 9935
1050 1369
1055 5979
1067 1658
1060 1637
1060 550
1062 2992
1069 1266
1065 3649
1070 8987
1072 550
1094 9769
1100 320
1106 1514
1105 2566
1108 6190
1119 4503
1125 3928
1120 8957
1123 9427
1121 4569
1138 5540
1130 447
1131 9491
1134 3073
1141 7817
1144 8733
1144 8302
1165 357
1160 1311
1161 5904
1171 4394
1174 1494
1179 7785
1181 9997
1180 2328
1187 2196
1199 2231
1193 9887
1193 8889
1202 3335
1204 8034
1203 4947
1210 3472
1216 6316
1214 2524
1217 232
1225 4188
1237 4366
1235 8530
1235 9890
1230 9552
1245 6790
1246 7827
1242 5076
1258 1232
1252 7236
1258 8151
1251 8440
1263 3718
1274 3850
1270 9240
1279 2333
1279 2431
1280 4267
1290 2420
1290 4122
1291 6816
1294 159
1302 8352
1317 4967
1313 9687
1313 6455
1329 4774
1327 4374
1334 5596
1336 8313
1333 8110
1339 1996
1344 826
1358 418
1353 6680
1363 1603
1375 599
1374 7018
1376 1048
1384 2016
1387 6114
1381 9255
1398 8094
1403 4336
1403 2829
1413 5719
1426 5387
1421 2596
1426 9556
1422 8337
1431 2124
1440 9676
1445 5098
1459 6709
1457 8797
1450 1572
1452 892
1464 1160
1473 3273
1476 9820
1484 7178
1492 7813
1494 317
1508 7888
1507 830
1502 779
1519 8739
1516 4527
1512 7077
1515 3828
1520 1488
1528 6555
1532 1854
1533 490
1530 3315
1534 871
1531 2968
1539 9480
1543 1784
1542 4503
1547 7254
1557 5047
1553 2591
1558 4477
1552 1599
1562 2329
1571 1794
1578 8096
1571 2328
1587 5687
1599 185
1600 9830
1608 3667
1608 5895
1617 2527
1628 2535
1629 4000
1635 1922
1634 8971
1645 6481
1644 8081
1650 5093
1654 1253
1653 4287
1650 1916
1667 9753
1661 4380
1665 9675
1673 6307
1672 2912
1678 8426
1680 6896
1685 2031
1685 3204
1697 4099
1694 9905
1695 8031
1697 1263
1690 7004
1706 7778
1711 9959
1714 1750
1720 7476
1735 4639
1749 8213
1756 5769
1759 3896
1765 6395
1769 1765
1773 9758
1771 8282
1771 6980
1780 5014
1785 5969
1793 9948
1793 1586
1808 5727
1807 2836
1817 3755
1816 9621
1811 8160
1818 1660
1828 4327
1827 8012
1833 4566
1830 8969
1837 2457
1831 484
1848 3958
1845 5797
1849 8685
1854 5440
1868 3953
1864 9735
1871 3605
1873 5214
1875 6276
1880 2911
1881 2752
1895 8570
1896 6700
1906 514
1911 8313
1912 3853
1913 5657
1912 6053
1929 5479
1920 3331
1928 9918
1925 8478
1929 7098
1927 7279
1924 7967
1924 9725
1932 7618
1946 9803
1947 1293
1945 6443
1947 5399
1958 6984
1957 978
1965 7966
1965 7585
1967 8782
1961 6093
1974 1867
1981 7926
1989 1810
1987 8059
1997 3701
1996 7178
1998 126
1993 1171
1999 1883
2003 2299
2009 2449
2008 9269
2012 4813
2025 2476
2039 8561
2032 7317
2043 9983
2042 7802
2050 6416
2058 9080
2053 2215
2052 305
2062 9435
2069 1431
2066 3299
2073 8544
2084 1327
2087 7044
2086 6233
2080 2737
2091 9895
2095 3070
2091 796
2096 5758
2098 9586
2093 8748
2102 4683
2106 1295
2108 5966
2128 799
2135 7858
2148 3231
2157 8476
2165 2533
2163 6030
2161 3488
2169 2607
2173 5629
2177 1808
2186 1064
2184 9940
2192 1342
2206 4901
2205 3582
2203 1726
2213 7689
2226 6243
2225 3623
2229 9897
2220 6876
2227 3709
2221 9334
2235 3126
2235 4323
2236 8101
2247 1274
2248 1998
2243 6299
2248 9492
2255 9132
2256 8239
2254 5640
2258 704
2260 4107
2261 633
2264 3572
2261 3241
2261 2872
2270 5556
2272 140
2271 2746
2286 922
2280 4235
2280 3816
2281 3933
2290 9042
2292 288
2305 3584
2305 2044
2300 1473
2300 4700
2307 6689
2333 8775
2339 8818
2338 49
2334 365
2330 5101
2333 7735
2336 9629
2331 9965
2346 1421
2356 8763
2359 4646
2355 1571
2368 1458
2367 5924
2366 9333
2376 7767
2370 9656
2377 4532
2382 9965
2386 1832
2399 4000
2398 4065
2409 4544
2402 8546
2400 64
2411 456
2424 6950
2435 9424
2435 4361
2439 4666
2437 640
2438 4400
2440 7168
2456 2618
2456 6183
2462 4784
2461 9631
2460 9182
2465 8232
2482 9795
2485 3112
2483 9154
2490 2364
2497 7627
2499 1228
2497 6291
2497 9943
2507 6141
2506 4024
2501 2058
2518 3695
2526 1176
2529 8881
2529 3909
2524 4778
2556 5440
2554 670
2556 7940
2567 8393
2567 7603
2563 4154
2585 5425
2587 985
2587 2885
2594 868
2598 8918
2594 3992
2591 4009
2598 2089
2607 7464
2607 2842
2616 4256
2613 9807
2616 8372
2621 3193
2623 605
2630 6926
2639 57
2632 6185
2645 7431
2640 1043
2643 9896
2640 367
2658 8928
2658 6897
2663 8497
2660 3158
2661 6495
2665 9641
2660 3501
2684 4588
2688 7876
2682 680
2690 5757
2693 7840
2698 1236
2695 7661
2700 5079
2711 4767
2718 5778
2724 2769
2721 3604
2730 3233
2741 6429
2748 4821
2753 9251
2754 1499
2757 7804
2751 686
2759 3552
2766 708
2777 3276
2779 1840
2789 5551
2787 5774
2787 3856
2782 9068
2783 2134
2793 206
2809 48
2807 5259
2809 850
2815 4542
2812 8428
2825 4827
2842 3247
2842 99
2840 9508
2842 9424
2846 9912
2853 4542
2856 5781
2867 3548
2867 4534
2865 5375
2874 8124
2874 3034
2887 6099
2892 385
2898 7015
2893 6033
2902 2853
2906 384
2913 2189
2914 8775
2929 1066
2921 796
2925 2510
2931 5402
2934 4734
2931 4792
2933 1264
2947 2384
2943 1266
2953 2641
2957 6238
2965 5725
2960 7272
2965 3235
2968 1093
2968 7692
2971 9915
2976 3128
2974 9690
2974 534
2982 6458
2980 9960
2983 1347
2987 9818
2982 5336
2986 1828
3009 9770
3019 800
3016 5456
3025 3515
3029 4097
3036 9105
3035 3168
3045 1901
3057 1368
3056 8841
3065 1958
3074 6064
3089 4909
3098 4892
3091 1054
3095 4178
3107 9051
3118 6106
3113 9834
3121 4196
3121 4871
3121 3871
3128 5330
3123 8954
3140 3101
3153 6800
3157 790
3152 6773
3150 2264
3160 6125
3166 9643
3168 1896
3164 7192
3176 5262
3171 2076
3198 4271
3197 5289
3198 1679
3207 274
3206 3717
3201 6225
3203 5462
3216 9129
3220 2841
3221 992
3235 5986
3240 8368
3247 4152
3257 4406
3254 4825
3255 25
3252 1487
3261 6888
3275 6708
3279 2957
3283 5832
3287 8038
3293 4549
3290 4726
3291 9777
3301 6262
3303 9347
3306 4451
3308 5875
3312 6454
3319 189
3316 573
3314 5291
3325 1524
3331 9326
3335 1169
3330 2315
3332 6900
3346 4191
3342 7025
3352 7197
3365 5026
3362 2446
3366 1786
3372 5024
3376 4973
3372 7014
3381 1188
3392 2110
3394 6748
3406 9992
3409 5222
3419 7607
3412 1208
3429 335
3429 2847
3431 8417
3446 9133
3445 9972
3449 1603
3455 6116
3458 8534
3455 1167
3457 7772
3461 6437
3469 842
3468 3123
3469 6047
3474 3410
3473 3631
3479 6241
3470 8925
3475 8114
3481 2668
3489 1772
3481 3840
3494 1026
3499 129
3498 9671
3507 6559
3511 5844
3510 3229
3524 1709
3525 4151
3530 4621
3536 3266
3548 7195
3549 9865
3546 7774
3559 366
3557 5705
3551 5658
3550 9894
3560 4363
3566 7485
3568 4400
3576 9743
3589 9008
3587 5068
3584 3560
3593 9709
3590 3584
3606 5489
3603 7696
3606 5606
3604 616
3604 8726
3611 4926
3627 9050
3626 9728
3626 6170
3620 2684
3622 8737
3627 8542
3630 1775
3631 922
3646 7011
3658 1139
3653 1544
3667 9623
3663 2074
3662 3190
3669 95
3664 9600
3661 478
3669 5584
3675 4195
3671 616
3684 6256
3684 4954
3680 8197
3690 8423
3697 9584
3694 3251
3691 3429
3692 3720
3696 8555
3701 6446
3709 5246
3705 9008
3719 9174
3710 6375
3719 1982
3712 3808
3724 5562
3728 5892
3727 1906
3741 1181
3757 1346
3751 1271
3751 52
3767 5298
3770 3598
3779 9149
3773 3835
3776 3957
3797 4554
3796 4004
3803 7216
3806 4868
3805 521
3817 8925
3813 1080
3822 7670
3827 6109
3826 270
3821 2655
3830 8065
3833 2595
3834 5255
3837 1191
3856 8095
3857 6323
3853 4471
3860 5882
3865 4827
3877 6314
3877 1651
3887 9282
3886 6170
3885 3096
3884 1318
3897 1697
3899 6755
3896 9088
3899 9689
3903 8970
3908 4257
3918 9618
3919 1273
3917 3835
3912 4265
3927 663
3926 8533
3921 7731
3930 2404
3937 5059
3939 7653
3935 5912
3937 6614
3932 8735
3932 5422
3945 9917
3946 9445
3944 4627
3959 1129
3958 1748
3950 1533
3968 1853
3965 825
3969 9787
3977 1600
3977 9280
3981 6401
3984 520
3991 9369
4003 5739
4002 8802
4008 4752
4017 9520
4011 8900
4026 1061
4039 7386
4030 2550
4036 6636
4036 3057
4046 4808
4054 8360
4057 7430
4052 9364
4056 1765
4079 7903
4074 4739
4083 5423
4088 8646
4087 9731
4095 3726
4090 7089
4091 4541
4105 6880
4114 9890
4115 7002
4127 8441
4124 1058
4125 7769
4153 5645
4153 448
4151 2460
4156 2555
4154 9827
4167 5305
4174 8299
4174 3469
4176 9307
4178 431
4179 9853
4186 4122
4187 2944
4183 8817
4190 1342
4195 2935
4209 6264
4205 8872
4216 3865
4216 621
4216 4189
4220 285
4220 871
4221 7465
4232 6790
4246 6613
4246 1135
4240 1617
4249 3015
4259 6079
4257 5653
4269 8395
4263 2422
4269 3991
4269 8932
4274 2799
4275 6203
4278 6847
4274 8197
4270 5614
4283 4076
4295 1782
4296 7371
4298 789
4300 2268
4300 1208
4301 8590
4316 4853
4313 59
4313 586
4325 2928
4323 1253
4339 8260
4344 4582
4343 4443
4342 4541
4354 7102
4350 3321
4368 6557
4369 6936
4369 3310
4370 5037
4385 3524
4391 6549
4393 4444
4403 6258
4404 9533
4402 5155
4413 4599
4422 8036
4434 2567
4441 4020
4458 2757
4456 2392
4459 7329
4464 1031
4469 1003
4466 6336
4473 3639
4479 4845
4471 8938
4488 2836
4490 1741
4494 1569
4494 637
4490 661
4499 7867
4503 8438
4500 6412
4504 7444
4511 2544
4510 3935
4516 3500
4514 5375
4517 8025
4512 4934
4524 5979
4526 2608
4520 5630
4536 3937
4531 4230
4536 9404
4531 7235
4538 5971
4545 4434
4548 8726
4549 1070
4551 3396
4551 3369
4557 4395
4568 856
4564 118
4564 1319
4577 5161
4571 5662
4577 3797
4587 7685
4596 564
4594 7900
4604 8837
4604 3931
4618 2593
4617 8982
4616 8049
4615 3815
4625 7139
4624 4069
4622 6274
4636 9750
4649 7187
4645 6903
4656 3431
4662 3082
4667 4667
4669 6973
4679 1425
4677 8757
4670 583
4672 5787
4684 7088
4685 5809
4684 3666
4697 1522
4695 1262
4690 2333
4705 9813
4700 4795
4709 4481
4719 6915
4727 996
4746 1622
4740 8559
4744 1424
4744 5011
4755 6557
4750 4242
4757 5189
4763 641
4770 2470
4770 7703
4771 6823
4787 146
4786 1826
4794 6003
4798 5454
4802 1474
4800 748
4818 1655
4821 2891
4828 435
4846 3929
4857 8586
4853 8786
4855 3258
4867 9397
4862 7800
4868 7998
4865 1408
4863 5261
4870 8248
4887 5231
4884 8574
4883 2056
4885 7212
4886 5316
4891 7482
4892 1829
4892 8489
4891 6153
4890 2864
4893 3183
4906 6294
4907 957
4912 5335
4919 3090
4913 8101
4910 5171
4915 6435
4921 7542
4920 2047
4920 2530
4937 2873
4941 5128
4953 6675
4958 9480
4957 9467
4953 8876
4970 8113
4979 4459
4974 1122
4989 6025
4984 9444
4997 5294
4996 9808
5008 7717
5005 5108
5002 7311
5001 4730
5000 7070
5019 4570
5013 5600
5014 8135
5019 3628
5015 8455
5029 7857
5036 5385
5037 6843
5034 5395
5045 1320
5046 9496
5053 1276
5058 607
5055 8862
5055 5844
5058 6524
5061 8409
5063 1046
5068 7749
5077 2989
5078 7520
5071 338
5079 910
5080 3202
5081 1457
5082 8869
5086 1536
5097 8740
5095 4423
5101 243
5100 5500
5105 5104
5100 7709
5123 4573
5120 9409
5131 7941
5130 1319
5133 1489
5144 9273
5153 7327
5153 2836
5157 5937
5153 8990
5164 6297
5176 397
5172 5246
5172 6749
5170 9889
5185 3131
5186 8818
5193 3359
5192 4816
5191 718
5201 8031
5208 596
5206 1295
5201 6890
5201 9580
5206 6410
5212 6701
5212 5610
5228 9119
5221 7636
5229 1687
5235 9657
5237 4807
5243 5714
5246 7914
5259 179
5258 3223
5255 3415
5267 3443
5263 5270
5262 8714
5265 9899
5267 355
5274 7866
5286 9554
5281 1356
5293 7615
5297 2879
5298 9226
5293 8154
5293 2427
5294 4235
5292 7790
5298 2637
5304 5253
5304 2614
5303 8163
5314 6731
5312 6390
5315 7444
5310 6154
5328 3599
5324 8481
5322 2309
5336 4701
5337 7220
5331 5631
5330 2009
5335 4805
5345 9221
5349 2368
5345 9880
5354 1061
5354 35
5365 8596
5376 2188
5372 2980
5370 4689
5374 4822
5370 4860
5387 6055
5386 5291
5384 7292
5385 4525
5382 2963
5399 2351
5409 1171
5402 5037
5411 6598
5413 953
5428 4983
5425 6111
5420 6843
5427 7123
5430 7830
5432 8398
5436 5925
5437 2274
5434 1229
5441 6010
5450 2177
5454 1529
5464 8756
5469 7110
5469 5270
5460 1480
5470 9525
5488 2244
5484 5209
5495 8115
5498 7601
5521 5913
5535 6042
5541 2142
5553 5674
5553 9644
5566 7646
5570 1073
5575 4368
5573 2810
5576 8097
5584 752
5589 2994
5584 2981
5589 7891
5598 2222
5594 7871
5598 4078
5596 1659
5605 9556
5613 5033
5623 1694
5624 7994
5638 1581
5648 5596
5646 80
5655 6997
5657 8540
5656 8092
5659 3550
5653 3370
5657 4101
5664 4289
5660 6453
5676 1613
5684 8711
5684 9434
5698 9255
5697 2463
5706 5247
5702 3468
5702 105
5712 8770
5712 9357
5723 5071
5726 3512
5722 1256
5739 1996
5738 6057
5738 2486
5733 4895
5746 7121
5744 197
5751 4756
5767 8968
5771 8566
5777 4332
5770 6727
5774 2738
5782 496
5788 4503
5789 1208
5785 9539
5796 6808
5793 5972
5797 6298
5804 9001
5819 3813
5829 1991
5828 1678
5829 36
5822 3231
5838 6753
5836 3536
5837 8618
5839 2476
5841 4608
5845 780
5853 4288
5852 2801
5852 752
5851 7600
5862 6462
5867 5878
5869 2501
5869 6195
5879 1147
5871 7261
5879 3609
5887 2201
5893 9886
5892 1154
5907 6927
5907 1408
5909 5837
5903 6220
5904 3909
5919 2133
5918 6432
5928 2285
5920 8612
5922 8670
5926 9812
5921 4295
5938 7559
5934 5942
5941 9252
5940 5591
5945 8832
5959 3574
5960 5912
5965 7832
5962 9087
5960 6503
5979 9812
5976 4526
5984 165
5980 4717
5983 1285
5997 8881
5992 5748
5991 387
5995 4853
5994 9060
6004 319
6016 4917
6014 4115
6018 6632
6027 547
6027 199
6020 9571
6029 3387
6039 3343
6034 459
6039 2576
6044 8760
6048 8466
6055 6333
6065 8604
6067 4098
6067 5503
6065 9142
6075 5990
6088 1598
6082 9399
6084 5295
6086 7125
6098 5973
6104 9987
6106 5554
6106 835
6114 5858
6111 7928
6119 2583
6114 1673
6118 7824
6129 9046
6123 2952
6129 3404
6124 6113
6122 4883
6132 920
6132 1616
6147 9756
6143 736
6153 2319
6166 2437
6168 4373
6163 6320
6175 2989
6171 1858
6173 2315
6181 5628
6186 1546
6187 2214
6193 5319
6199 7214
6199 7747
6201 1498
6201 858
6207 5590
6216 8438
6213 4518
6220 3985
6222 4469
6231 5335
6243 819
6252 3981
6254 2201
6258 9687
6254 1304
6266 1901
6263 6064
6261 214
6264 4537
6275 4931
6278 9177
6278 4176
6284 5630
6284 9333
6293 5588
6292 5329
6290 2495
6294 9242
6304 1704
6302 1535
6318 666
6312 6568
6319 8018
6311 9527
6326 9169
6328 3887
6334 630
6358 3964
6367 3260
6388 5448
6392 7464
6396 3406
6392 6811
6390 6892
6396 6414
6391 4015
6391 2947
6393 2835
6407 5215
6417 8204
6413 9472
6419 4610
6419 5244
6426 5412
6422 3738
6439 6443
6438 4968
6430 7677
6432 6092
6443 8237
6442 6146
6443 3987
6444 1721
6479 3797
6477 4190
6477 6256
6470 3375
6476 1264
6484 6271
6488 9627
6499 9740
6492 8573
6507 5164
6503 9086
6519 4028
6516 8907
6518 9192
6526 3896
6527 6487
6526 904
6521 8673
6523 5370
6520 7646
6533 5673
6541 2186
6549 1925
6541 5258
6553 7638
6557 9783
6550 3760
6557 4186
6552 2959
6565 7034
6563 4542
6578 8411
6577 4533
6584 5338
6585 4361
6583 5154
6581 9605
6590 170
6599 9122
6609 5482
6619 1680
6616 5682
6623 3984
6627 4418
6639 9472
6633 1826
6641 8310
6645 1736
6645 5531
6644 8337
6640 6554
6648 5211
6650 2969
6651 8004
6657 6870
6664 9699
6667 5253
6660 698
6661 5466
6673 4782
6677 6841
6678 4284
6672 3642
6688 3111
6683 2264
6680 2972
6697 2600
6692 3551
6697 4407
6703 8606
6706 2755
6701 6253
6702 1442
6719 9196
6728 8904
6728 6041
6729 1938
6721 7935
6729 3342
6730 4774
6732 4484
6751 8468
6758 610
6769 6611
6768 3475
6760 2370
6765 5096
6770 1893
6778 1057
6773 2176
6784 4130
6791 3635
6791 9887
6790 1574
6802 7529
6803 2957
6800 8143
6816 9828
6810 7208
6818 5360
6824 3073
6826 7103
6827 9886
6821 3637
6820 4003
6833 7905
6834 6200
6849 3792
6848 5194
6849 7834
6840 737
6855 2086
6858 3261
6854 8993
6852 1105
6854 557
6864 1625
6872 4326
6883 8319
6891 4288
6899 8333
6901 3166
6905 4194
6909 7326
6910 8854
6911 3563
6913 7106
6911 7059
6916 3945
6911 4051
6928 6684
6925 9227
6924 5518
6923 3587
6933 1952
6934 3784
6947 2935
6949 3835
6942 6264
6964 1761
6970 3698
6986 1425
6986 5111
6982 5067
6999 4497
6994 4812
6994 2203
6996 5494
7003 2855
7000 8049
7014 4876
7018 8736
7011 7844
7021 925
7027 6810
7035 1890
7033 4333
7038 9030
7038 7172
7047 8170
7044 2234
7057 9895
7054 311
7055 1600
7060 2629
7061 7293
7066 999
7068 5120
7073 5867
7071 2308
7085 1913
7084 276
7084 4362
7083 8614
7081 8028
7089 7194
7094 1432
7095 54
7104 842
7114 840
7110 8723
7129 5899
7123 1380
7122 6300
7128 9476
7133 7906
7135 8605
7137 8805
7140 4785
7141 3272
7140 4739
7143 5608
7142 1171
7152 5065
7155 527
7163 2290
7165 3813
7161 9056
7169 8731
7176 1441
7175 790
7171 9448
7171 6452
7189 8511
7180 5531
7189 6217
7208 4974
7202 3535
7200 6920
7229 2449
7220 4351
7238 6738
7230 4370
7236 1917
7238 5225
7247 7451
7250 7917
7252 7213
7277 6205
7288 2626
7284 9061
7285 2934
7289 4795
7281 8663
7289 2608
7303 9714
7304 8357
7317 9112
7314 9817
7319 9169
7325 4719
7323 6158
7324 2935
7320 139
7331 3246
7339 6348
7347 7822
7350 6315
7364 5342
7362 4009
7365 2717
7372 2098
7382 5951
7388 5911
7391 4815
7390 6924
7407 9364
7405 7036
7402 7943
7400 7472
7404 2375
7419 4505
7416 6279
7415 5366
7429 7769
7434 9795
7449 7970
7443 4988
7456 4723
7463 6202
7463 9564
7463 8596
7470 322
7475 2123
7474 368
7484 9383
7496 1704
7499 9367
7504 371
7502 974
7505 818
7500 1596
7509 5937
7510 2960
7516 5157
7516 9248
7512 7586
7519 1080
7533 6618
7536 2114
7536 8034
7534 9682
7552 5539
7553 6366
7556 6014
7569 5601
7565 4080
7575 2848
7575 9829
7576 1480
7574 639
7578 5798
7571 4406
7581 3644
7585 7191
7582 100
7593 4178
7594 1901
7606 5357
7609 2619
7612 8449
7611 6332
7613 1578
7610 7933
7620 3008
7637 3867
7639 4337
7642 5116
7653 5403
7661 5617
7668 2009
7676 3953
7673 6970
7678 1944
7683 9724
7695 9355
7698 7081
7696 7422
7691 7355
7695 865
7704 2740
7705 6858
7719 3799
7715 9964
7717 871
7711 262
7710 6704
7721 7967
7748 4973
7743 2306
7748 5310
7741 801
7741 8716
7750 8247
7758 7181
7769 7392
7768 5411
7778 4976
7772 460
7778 7927
7786 8845
7793 8621
7805 185
7807 3046
7813 7825
7810 7756
7815 9043
7829 8199
7825 5386
7838 3506
7839 4929
7842 479
7841 9553
7854 4222
7854 5767
7864 7396
7869 9827
7878 5880
7886 5986
7886 8280
7895 1764
7895 6026
7899 3670
7903 7482
7901 5802
7913 4294
7935 7193
7939 9903
7946 5326
7949 2629
7943 4441
7940 3186
7956 4144
7965 8092
7960 6338
7964 6325
7974 3883
7974 2920
7979 8372
7982 2180
7986 5352
7984 7794
7981 2693
7986 1071
7990 733
7996 1224
7992 7669
8004 971
8001 3008
8002 8756
8016 2037
8019 2239
8013 4721
8013 8169
8035 8609
8040 3837
8044 4161
8040 5268
8069 3272
8067 1208
8064 903
8068 5359
8072 9917
8079 1576
8077 6958
8076 5885
8072 4427
8083 3330
8088 3540
8087 9945
8087 9331
8094 1755
8092 4221
8091 3000
8106 9721
8117 9850
8129 849
8122 1609
8123 5048
8128 7655
8123 8483
8131 7705
8131 6810
8133 8976
8142 6118
8142 7296
8162 1192
8173 1334
8182 9956
8184 6862
8195 4075
8192 2938
8206 6260
8209 345
8202 7819
8205 8652
8214 3273
8210 2753
8210 9345
8211 1205
8212 7864
8214 7574
8218 7738
8225 1345
8230 4514
8234 2211
8243 776
8252 9109
8263 5376
8266 9174
8275 7254
8281 669
8283 4119
8291 2051
8308 3774
8306 6816
8302 6044
8300 2938
8311 8883
8315 9903
8318 5099
8312 1057
8325 3334
8320 8016
8344 7890
8341 1756
8350 5309
8358 1918
8359 8686
8379 6571
8389 4590
8394 4553
8405 7866
8409 8970
8406 7900
8402 7281
8415 3729
8412 7390
8426 7569
8430 2406
8435 8065
8430 3099
8433 600
8436 7057
8446 8176
8440 8050
8447 2258
8448 8041
8445 3505
8447 6201
8461 8811
8474 1845
8480 7619
8489 7864
8493 7901
8499 8087
8505 2297
8500 5129
8508 3804
8512 8613
8516 577
8518 9922
8526 9259
8549 7318
8546 1889
8545 4653
8545 7251
8540 9183
8547 6178
8557 2722
8556 8683
8561 4690
8565 6983
8561 3779
8569 9329
8568 237
8566 5379
8579 2974
8578 4605
8579 437
8575 6137
8588 4470
8588 6708
8586 5248
8588 9669
8586 7922
8591 3151
8593 9910
8608 1103
8601 2625
8602 510
8600 5176
8615 2195
8614 4938
8617 9219
8611 9092
8628 9906
8626 1086
8620 609
8635 8667
8632 3787
8638 5518
8648 1767
8644 391
8654 8293
8671 8854
8675 1632
8683 1905
8697 8169
8695 7562
8708 9895
8706 5123
8701 3386
8708 5101
8723 9731
8724 4636
8744 8792
8749 9064
8746 7428
8742 8606
8741 5127
8768 2330
8766 2745
8765 2962
8787 4659
8784 4697
8788 1506
8797 983
8799 7239
8809 6276
8810 9022
8812 1456
8822 7036
8824 7173
8839 7106
8833 6778
8832 5984
8834 3725
8837 2286
8844 9751
8840 6033
8844 2549
8855 5947
8868 2344
8865 1032
8862 3230
8876 8641
8872 6747
8874 5063
8884 9481
8896 8400
8900 9489
8907 8635
8916 8688
8910 4942
8931 7729
8945 6421
8944 263
8954 5469
8959 435
8954 9590
8959 5073
8967 4626
8974 4894
8978 712
8981 1367
8981 4979
8988 1849
8980 9555
8989 6454
8996 3486
8992 9341
8992 6988
8997 4413
9000 1915
9005 2793
9003 6728
9016 5452
9023 5926
9025 6826
9026 6540
9027 1654
9034 4141
9032 5043
9048 6434
9040 115
9046 2828
9049 9765
9053 6233
9067 4351
9066 9124
9079 8823
9079 4562
9072 5663
9084 4500
9082 7556
9081 9172
9092 8583
9094 3264
9091 5964
9097 4918
9095 5679
9095 3240
9093 5909
9105 748
9107 3642
9105 5069
9116 9349
9114 4702
9125 2943
9122 8288
9126 3692
9125 8122
9146 5115
9142 1344
9155 4990
9160 3855
9161 380
9167 343
9163 5995
9182 4493
9193 601
9197 8066
9207 3607
9209 5431
9202 2580
9207 4678
9217 9818
9210 6440
9211 5116
9210 4525
9217 6886
9216 3482
9228 6476
9229 6680
9220 1389
9223 5911
9226 1607
9235 6170
9247 7238
9244 3327
9247 304
9254 8130
9253 710
9264 5219
9263 9430
9279 2619
9278 55
9287 1368
9298 3364
9295 8016
9307 5634
9308 4456
9301 7101
9317 2942
9312 6426
9315 3702
9317 2861
9320 844
9320 255
9321 6041
9338 8580
9335 4804
9338 2411
9333 9606
9341 3303
9344 1787
9356 350
9356 9990
9359 5562
9354 1589
9355 670
9358 2567
9360 3386
9378 6824
9387 1155
9387 4133
9395 4355
9391 2680
9399 3954
9405 5914
9403 9950
9404 6715
9412 5396
9429 9495
9422 8757
9420 9877
9425 4940
9425 3785
9433 6308
9437 5674
9443 7735
9445 1109
9445 3463
9448 311
9452 8502
9452 7594
9453 7897
9454 8522
9469 487
9463 8526
9465 8023
9466 1048
9472 800
9475 5277
9475 5808
9476 1517
9486 1257
9482 2809
9489 984
9490 6810
9493 1486
9492 9564
9495 1353
9505 7811
9509 1932
9502 241
9512 9309
9513 9119
9518 4364
9526 3163
9531 4463
9535 3579
9538 9489
9549 1004
9556 2526
9575 974
9610 6721
9619 7221
9638 9909
9636 7184
9632 8921
9630 252
9643 767
9643 1667
9646 2639
9654 7299
9659 8197
9658 9575
9659 6604
9661 1620
9660 3772
9677 9103
9676 6272
9672 9457
9683 1590
9692 6532
9700 8459
9710 5313
9714 4263
9725 2867
9728 992
9729 4743
9734 8959
9731 8500
9748 9877
9740 30
9749 4412
9742 2434
9757 3584
9750 4899
9757 4438
9760 7381
9764 8128
9779 437
9770 4514
9789 5259
9780 2836
9800 9406
9812 9601
9810 4353
9821 7510
9827 6556
9833 4544
9830 4228
9830 759
9840 3857
9844 1550
9859 8771
9853 7694
9865 802
9863 8480
9865 7572
9861 4463
9877 5273
9872 6044
9873 4273
9870 1986
9870 8524
9881 728
9887 4919
9888 466
9898 1517
9900 3077
9902 6677
9912 1798
9920 8279
9939 9492
9946 902
9957 8412
9951 5721
9953 9243
9960 8708
9969 2444
9973 1735
9980 6891
9988 5328
9985 7349
9997 185
9997 2131
9996 9709
9995 7237
6 1212
19 828
23 8950
28 1610
25 759
34 5611
33 2472
35 4006
30 4684
46 5712
42 553
55 3711
55 1528
52 5162
60 7268
66 9344
69 5202
78 3702
79 4429
76 3165
70 2454
80 2043
86 9224
96 2686
96 5872
103 2267
115 3634
119 7048
127 2807
134 1965
131 1065
130 981
137 8574
131 7076
138 8070
144 6049
143 9599
143 7279
141 5798
159 7807
165 4597
168 975
169 5172
160 2956
178 6250
173 466
171 7981
170 2466
171 5222
172 9173
188 5967
184 7567
190 7001
205 8841
207 661
208 3878
203 6445
208 7641
208 178
206 6419
206 1445
200 1945
219 2728
219 5914
219 2364
223 7301
233 2847
236 3950
238 6391
246 5349
245 7466
250 8706
257 252
255 1871
254 9359
250 5125
263 7503
262 641
277 5518
286 1236
284 5976
281 9281
288 116
287 8790
295 4220
290 1214
295 2631
296 8591
300 1319
309 5580
329 6507
349 8206
349 6570
347 4197
345 3379
358 1833
352 4788
353 685
367 8034
360 1249
373 8118
384 1006
389 8173
397 5881
390 8609
398 1546
403 6657
402 6510
401 8300
408 6092
405 751
429 3121
422 7935
440 7747
448 5207
446 9361
445 4229
454 769
457 9843
455 6620
468 2603
479 6083
475 4103
473 5821
476 101
471 6559
488 7399
496 7640
509 8275
512 907
511 3098
527 2534
522 7607
520 2548
527 1362
537 2411
537 4827
535 4495
534 3322
539 8987
546 2238
550 2980
559 6900
556 6959
553 2423
554 7351
555 394
568 8507
562 7371
575 8108
599 2932
602 4841
607 1156
600 1732
606 4550
609 1071
607 4873
602 4085
616 5638
625 3944
628 6534
625 3438
622 3552
634 476
643 7533
643 9328
645 6333
659 5175
658 4905
662 1816
668 9634
666 9607
669 6920
675 1889
670 4612
676 4699
679 6463
680 1163
683 7011
684 1746
701 1137
706 6871
712 80
725 175
727 7986
722 5691
729 8346
722 9792
757 5092
757 5492
769 1352
772 6901
774 9671
771 7584
775 1944
784 6924
788 1272
788 911
783 739
790 3706
796 400
793 510
801 2936
811 2943
813 788
814 146
820 2948
822 2461
834 8580
839 9072
830 6175
842 4771
859 4700
852 9285
857 5388
868 2770
864 362
864 351
861 1157
867 1922
877 4619
875 6671
877 6726
871 8177
880 1387
881 6845
880 3526
882 4586
888 1151
881 4794
908 5623
912 4531
911 1156
925 6706
920 1466
923 434
929 5004
930 727
936 3168
939 2353
932 2088
939 790
939 2810
936 976
945 7974
958 9640
951 3823
954 2526
961 2892
961 4430
964 7165
972 9029
974 5597
978 3078
986 5207
981 2899
986 2015
988 7701
993 379
990 504
990 6524
1006 7541
1008 2790
1007 4867
1025 2761
1029 4508
1036 9710
1036 4321
1049 344
1047 3338
1051 6653
1052 4574
1059 848
1065 2119
1068 5274
1074 4326
1070 9489
1089 5674
1086 6567
1081 1743
1084 5670
1096 5923
1092 1849
1095 2949
1098 5292
1093 8389
1093 8288
1100 6386
1110 6219
1113 7889
1119 7432
1123 708
1122 2975
1137 1881
1133 4585
1140 2602
1140 9588
1149 4116
1142 6845
1150 1804
1154 2504
1158 3733
1170 2024
1174 2225
1189 10000
1195 8281
1196 5632
1192 6033
1206 6786
1229 7299
1229 9139
1233 4020
1232 8143
1240 3068
1243 9802
1246 6904
1253 1041
1256 8544
1264 7475
1262 3058
1265 2100
1262 5876
1268 3230
1269 2640
1261 7293
1274 2912
1276 6845
1270 8419
1289 3030
1280 7324
1290 3239
1290 3323
1294 5192
1301 1151
1303 5729
1305 3132
1301 5298
1317 8901
1311 1582
1312 9759
1327 1446
1323 6823
1325 1579
1324 6208
1335 9952
1332 7712
1348 1572
1341 5841
1340 6407
1359 3273
1354 6867
1358 3858
1358 4618
1362 2772
1366 541
1366 6496
1377 524
1377 387
1377 729
1372 7348
1386 2086
1387 7276
1387 3310
1385 4759
1383 4363
1390 7036
1408 7104
1404 5702
1416 5756
1417 3619
1412 5132
1413 882
1412 677
1425 7439
1421 2742
1437 3315
1435 9417
1430 5177
1446 5543
1457 8549
1457 3513
1450 1628
1457 683
1452 172
1469 8856
1469 2612
1468 3648
1474 9333
1474 2065
1479 9838
1470 8862
1493 2420
1499 5704
1505 9255
1518 5748
1518 4983
1519 1637
1523 841
1525 9869
1535 7263
1537 7465
1541 2597
1545 7442
1559 2551
1554 5514
1555 3538
1551 1863
1551 4693
1567 9952
1585 7464
1581 4325
1584 996
1581 1016
1580 2903
1582 5163
1594 3390
1598 9210
1599 1721
1606 9395
1607 712
1608 2479
1609 8616
1604 888
1600 484
1605 1669
1606 2769
1614 5558
1615 7050
1610 2541
1627 3113
1638 1429
1639 3290
1639 8209
1637 1658
1644 1681
1644 8937
1658 7687
1652 6577
1650 2730
1659 5683
1663 6000
1669 674
1665 6267
1672 901
1672 213
1671 7234
1688 4201
1689 1281
1681 3163
1687 1085
1699 2077
1704 807
1705 8965
1704 4367
1711 927
1713 6472
1735 667
1730 398
1733 4644
1731 7549
1766 1775
1777 8687
1785 7540
1787 9439
1783 5101
1792 1357
1802 5797
1809 9185
1818 5870
1820 7765
1823 7715
1832 4279
1839 3148
1849 9283
1843 6828
1856 6985
1859 6537
1857 2247
1868 3845
1877 4800
1875 2902
1874 4858
1872 9313
1874 3773
1874 1863
1873 2042
1878 971
1888 6918
1883 1471
1889 6312
1902 5316
1912 7271
1915 6285
1926 5102
1920 6202
1924 1009
1938 6080
1932 6686
1937 6052
1945 9461
1949 185
1957 3402
1955 1242
1954 7557
1959 2137
1962 7568
1962 773
1963 4269
1968 8925
1962 3507
1963 2701
1973 9137
1978 6395
1983 989
1987 9626
1983 7181
1981 243
1989 5840
1992 4847
1996 9516
2004 8692
2003 4693
2017 3290
2018 5723
2010 322
2017 6111
2022 9028
2023 2768
2025 1049
2037 2240
2034 1407
2035 3478
2039 1953
2057 4296
2056 5138
2050 168
2058 1114
2052 6033
2065 6521
2061 393
2079 6742
2076 7292
2079 4685
2079 7956
2083 3675
2087 1920
2094 7160
2091 8574
2096 1835
2095 7648
2096 9802
2104 303
2105 4992
2109 8114
2106 460
2113 9883
2112 3075
2126 614
2120 2421
2128 6651
2138 2236
2148 9539
2140 3085
2142 242
2158 1178
2159 143
2158 6048
2161 701
2168 326
2161 3694
2161 8282
2174 3326
2176 3967
2174 8843
2175 8196
2189 657
2187 4419
2195 3038
2194 8163
2191 6357
2204 9074
2206 5548
2202 4080
2202 385
2200 3887
2205 5997
2212 2282
2210 1058
2221 7102
2223 9965
2224 9201
2225 1506
2233 6697
2243 2992
2244 4700
2245 94
2257 4870
2250 8777
2250 8802
2276 5853
2273 6839
2278 9357
2271 4127
2285 6555
2281 6132
2280 3910
2290 7927
2308 4115
2323 6809
2326 2603
2322 8598
2345 3313
2345 2348
2345 3699
2349 4465
2349 9272
2354 2498
2352 1131
2351 4670
2350 8944
2361 2228
2363 3570
2367 1623
2362 5418
2374 2416
2379 260
2387 3190
2387 3799
2385 4149
2383 6690
2383 2107
2387 9456
2395 3570
2393 6784
2399 5444
2408 5424
2405 539
2408 968
2401 9276
2419 4381
2417 7010
2427 2201
2422 1984
2429 4246
2439 5298
2441 3378
2454 5331
2454 2012
2466 4177
2472 9226
2471 9327
2472 8532
2489 8279
2480 8450
2498 1908
2490 7706
2496 2845
2499 8344
2502 6945
2510 4188
2521 1469
2520 1743
2521 4540
2531 4672
2533 9758
2543 8180
2552 6227
2568 2625
2574 7638
2579 4733
2584 1428
2585 4904
2594 7576
2594 3166
2594 3523
2599 7161
2595 1237
2605 3853
2604 7761
2600 6079
2612 5338
2615 9032
2625 1746
2626 4754
2623 9798
2624 7643
2625 5947
2637 4263
2636 2605
2652 6492
2659 3140
2669 1588
2665 3363
2668 7412
2675 345
2679 2378
2677 5707
2685 7633
2681 5751
2681 8513
2696 9040
2698 4644
2694 4943
2696 9194
2696 2662
2690 4111
2708 45
2708 8121
2700 3097
2705 2431
2712 8719
2712 285
2726 5460
2726 9189
2726 4609
2723 8316
2732 6133
2736 8942
2738 3810
2732 2905
2733 9972
2736 4185
2741 7613
2742 1516
2743 7435
2743 328
2753 2778
2755 6283
2753 3544
2768 9056
2765 4841
2775 7632
2776 9093
2772 8728
2782 9782
2786 3952
2784 3330
2782 7376
2786 3962
2791 5518
2791 1996
2797 9341
2792 2946
2793 8536
2800 4837
2800 2414
2805 392
2818 3450
2810 5594
2825 4679
2839 1240
2836 8061
2840 764
2846 7175
2844 9616
2849 4366
2865 7996
2874 1218
2888 8909
2888 6747
2894 111
2899 7949
2903 6646
2907 8773
2919 1321
2913 6384
2914 2620
2917 1193
2927 3519
2923 6734
2929 2281
2948 784
2957 1755
2956 469
2955 2424
2966 978
2975 9392
2975 1088
2980 337
3001 8959
3017 9283
3011 9773
3018 7647
3022 7388
3023 2284
3020 8653
3033 6986
3039 5195
3037 3344
3038 3034
3043 7525
3047 9861
3046 4250
3047 6449
3042 257
3050 4963
3050 8672
3058 2747
3059 9530
3061 9268
3069 2814
3069 6973
3072 1305
3074 2978
3071 567
3089 8794
3084 7462
3082 6396
3084 6875
3103 2592
3116 5938
3112 3142
3128 2115
3123 9056
3121 5913
3122 5163
3138 6665
3130 975
3162 2721
3171 6714
3176 6378
3174 1618
3172 5129
3178 4094
3176 5352
3180 4530
3189 9736
3188 5880
3199 9321
3199 1195
3191 650
3198 3856
3196 6806
3206 9976
3209 132
3219 2414
3216 8537
3211 3928
3217 1185
3226 39
3223 2609
3223 414
3233 1420
3239 2121
3231 8909
3231 413
3246 5129
3259 1976
3253 2768
3264 2838
3260 114
3267 8614
3266 8801
3272 4276
3298 9799
3290 8745
3293 4598
3299 950
3300 7596
3302 9460
3301 2054
3304 6611
3310 6764
3316 9418
3328 3974
3324 2500
3323 8958
3342 9344
3366 881
3367 4914
3364 6399
3365 6451
3370 137
3387 7800
3387 6886
3386 5289
3388 7911
3381 8535
3394 6706
3400 7483
3418 3579
3411 6986
3420 5160
3420 6311
3426 8173
3437 5210
3431 988
3440 5275
3441 3129
3444 9119
3453 937
3452 6146
3452 173
3462 6310
3464 8766
3471 6400
3471 7969
3489 3317
3480 7219
3489 5742
3494 6556
3491 5917
3496 5263
3492 6201
3495 7403
3498 2051
3509 9660
3516 5547
3510 9072
3517 4312
3515 4795
3527 3483
3528 1899
3547 9051
3546 8415
3540 9444
3558 5438
3557 9267
3551 8599
3553 9528
3567 7993
3563 4436
3566 8876
3567 1613
3577 5717
3573 8487
3586 6001
3582 7334
3591 6936
3608 4062
3604 997
3601 6877
3600 311
3616 8560
3618 4830
3613 2696
3617 6610
3618 2567
3629 2358
3632 1555
3641 9087
3643 8644
3667 1547
3672 7595
3674 415
3692 8114
3705 7055
3700 7278
3703 8316
3719 2965
3722 3491
3725 4279
3728 2403
3729 1155
3738 5463
3748 6246
3748 3799
3755 1293
3756 2559
3755 8426
3773 8985
3775 5563
3790 2062
3793 9200
3793 7309
3806 716
3800 9320
3805 2708
3820 7295
3823 3753
3834 5977
3837 2192
3831 7374
3840 8920
3846 1049
3848 9275
3846 1127
3855 6680
3863 4038
3878 1075
3875 3746
3874 3829
3879 5839
3880 9344
3885 4352
3886 1742
3892 3200
3895 4875
3890 7034
3900 5767
3909 3249
3908 3488
3919 6118
3925 5907
3929 9218
3936 5302
3936 9518
3939 967
3935 3204
3937 7483
3946 348
3948 633
3953 1347
3952 3681
3952 1906
3968 2946
3970 2855
3979 5865
3985 7943
3987 20
3996 838
3999 306
3993 3241
3999 4707
3999 4963
3991 1078
4001 7355
4007 9270
4001 6889
4013 2234
4010 6139
4017 5085
4015 8961
4028 7824
4029 1865
4029 7101
4023 7503
4027 8396
4033 7632
4042 255
4048 9715
4041 2756
4059 9161
4059 9254
4061 8540
4060 6351
4078 2198
4079 8183
4084 3461
4089 5152
4097 2854
4097 1890
4103 3324
4110 9534
4110 8309
4121 3491
4121 3954
4128 7537
4131 7229
4147 1301
4149 827
4153 8312
4153 1920
4156 1970
4155 217
4153 338
4163 2250
4167 248
4163 2144
4172 1720
4171 1363
4182 5855
4181 7986
4195 6489
4197 284
4204 9727
4208 2985
4203 9670
4216 366
4213 1306
4211 9171
4215 8795
4226 4921
4239 7327
4234 328
4233 8596
4231 9932
4244 3933
4256 7302
4251 4193
4259 9734
4263 1654
4267 6576
4269 4700
4267 5833
4269 7856
4278 4650
4270 8
4270 6518
4281 1744
4282 1515
4289 7891
4282 3862
4297 8805
4303 9300
4305 3350
4308 5403
4316 8570
4314 6838
4313 7192
4316 748
4328 1580
4323 3509
4349 9212
4347 3665
4353 6764
4355 508
4359 8362
4359 3794
4352 5514
4364 4808
4365 2551
4369 6377
4373 9538
4371 4050
4381 4092
4383 2879
4383 8908
4388 6497
4387 7492
4380 2949
4384 223
4395 9368
4390 8680
4392 7005
4402 4594
4411 5403
4419 6385
4439 629
4432 1259
4432 4677
4444 8455
4443 2982
4443 4852
4474 4309
4473 7442
4478 8223
4485 3129
4488 463
4494 702
4502 1483
4505 9985
4513 9221
4513 2300
4512 9932
4512 2267
4512 9542
4522 9680
4523 9914
4535 1014
4532 613
4531 4362
4543 3408
4548 819
4553 4472
4558 4202
4555 2416
4569 249
4565 6677
4571 6741
4578 6136
4580 3406
4584 7846
4585 490
4581 3295
4599 1757
4598 8913
4599 8839
4591 5528
4605 6188
4608 5699
4618 7773
4629 9803
4625 853
4623 2250
4628 6441
4639 9940
4645 3384
4648 4545
4659 9808
4656 4220
4652 7539
4651 8035
4667 5549
4663 8791
4672 5027
4677 9012
4686 54
4684 9373
4686 5728
4699 1878
4696 6037
4705 2524
4705 3402
4718 4565
4717 9515
4711 3591
4711 3416
4723 5221
4724 6750
4725 426
4737 1048
4744 3113
4753 3589
4764 1972
4775 1533
4772 8032
4777 4623
4788 4123
4786 3302
4783 4940
4787 4671
4793 3411
4794 4022
4793 5765
4791 83
4803 146
4815 8435
4823 4825
4822 7177
4821 5768
4833 6374
4836 2794
4837 6886
4844 1475
4849 7557
4841 736
4862 1893
4881 4296
4881 1115
4884 4627
4887 3675
4886 8950
4895 7374
4901 6106
4914 4697
4915 6956
4916 6324
4923 2673
4920 9969
4927 7360
4937 1888
4936 4769
4935 6579
4935 8727
4947 6386
4940 415
4943 9753
4944 4108
4949 578
4943 3601
4953 8384
4955 8348
4952 3897
4968 8019
4977 3016
4976 9769
4987 2750
4989 1527
4986 252
4990 8543
4990 7265
5005 8060
5009 6743
5029 9933
5039 7872
5049 2184
5042 5265
5052 6966
5058 6734
5057 8736
5068 6498
5074 9787
5072 3840
5077 6173
5080 8922
5081 7759
5092 8870
5092 5956
5090 1995
5107 629
5100 1743
5107 6613
5114 1221
5121 1818
5125 657
5126 439
5129 5781
5135 9115
5134 6
5134 5170
5135 7142
5145 3685
5142 1688
5143 9963
5156 770
5177 1873
5182 4858
5181 8324
5198 2337
5199 6632
5197 9814
5198 8597
5192 7447
5193 8030
5197 2961
5209 8182
5217 5219
5216 308
5214 7323
5228 9760
5228 5139
5225 8631
5232 1715
5238 5496
5239 2296
5248 3894
5240 2985
5241 9065
5241 6614
5257 4318
5250 8786
5259 5548
5251 3407
5263 8190
5260 2968
5267 5057
5263 7035
5273 4731
5274 2305
5279 4444
5275 1481
5278 4094
5285 132
5286 8202
5293 6889
5294 3419
5295 7765
5302 526
5303 9604
5309 1875
5305 5908
5301 3271
5313 1238
5319 6340
5329 7715
5347 1930
5352 8444
5369 8654
5363 9867
5366 3863
5379 7171
5373 179
5385 2679
5389 6700
5391 9189
5394 1959
5403 4363
5400 3672
5416 9511
5416 2051
5412 6930
5419 827
5428 1295
5434 7105
5439 4953
5439 9923
5439 9211
5464 4444
5468 7169
5462 3654
5481 1290
5488 9989
5488 7137
5497 5933
5490 2294
5504 7606
5508 744
5508 2702
5500 517
5507 8982
5501 2869
5518 1135
5517 1397
5517 5429
5512 5355
5515 8200
5519 5068
5526 7906
5525 6529
5525 1246
5529 6432
5525 5893
5533 5017
5537 4541
5541 9250
5540 2281
5549 9793
5547 7766
5559 2351
5555 8281
5559 6200
5557 4029
5568 197
5560 409
5575 2604
5581 3809
5591 6282
5603 5114
5609 2977
5606 954
5605 426
5603 529
5601 8702
5614 9701
5617 8908
5627 3317
5627 8131
5628 6704
5634 7413
5634 4115
5633 1732
5647 9747
5646 4276
5645 6303
5643 7962
5645 648
5654 2825
5654 7510
5656 3366
5659 9936
5662 2208
5668 7086
5671 3062
5670 6481
5680 1450
5682 2741
5686 5276
5685 3586
5689 8243
5681 2272
5690 8852
5697 361
5694 4240
5696 2199
5692 5348
5693 3497
5712 2450
5718 5462
5714 1225
5728 6401
5722 6849
5731 4224
5737 3295
5733 4502
5747 3088
5741 3097
5750 2039
5757 8617
5755 6793
5767 1173
5769 4439
5761 2309
5765 7707
5766 7079
5776 2506
5779 205
5772 5976
5793 4645
5793 5454
5805 9294
5808 6879
5816 8030
5814 2719
5815 1994
5811 7688
5826 783
5835 9638
5846 9674
5840 8043
5841 7947
5852 8621
5853 364
5850 8657
5867 9385
5861 4057
5861 8373
5876 9174
5873 1935
5871 6754
5871 9684
5876 3500
5887 2604
5880 9255
5888 8598
5894 9064
5899 6675
5899 7534
5903 7027
5905 2615
5912 1025
5915 5906
5924 5161
5922 9455
5933 6510
5944 1771
5953 1403
5955 8320
5960 1956
5964 8281
5965 9590
5967 2454
5967 976
5973 7807
5973 5189
5973 2807
5986 3433
5980 7639
5992 471
5993 4441
5998 8813
5990 5149
5990 2376
6003 2963
6003 7775
6001 3915
6018 2690
6035 815
6030 6994
6042 5724
6056 6196
6058 5009
6053 7890
6059 8471
6065 6121
6063 5822
6060 4099
6060 3550
6069 9349
6070 8534
6078 2348
6086 9870
6086 3271
6094 5609
6095 6779
6102 285
6108 616
6106 8367
6116 1764
6114 2702
6125 4387
6129 7985
6136 9346
6138 5184
6130 1618
6130 9514
6140 133
6143 6016
6147 5709
6140 8813
6154 6801
6153 6592
6161 2541
6168 5112
6164 4789
6163 6247
6168 7223
6173 8631
6174 8444
6177 428
6170 4120
6184 565
6180 9645
6182 8755
6209 473
6212 1308
6214 4497
6216 2583
6229 295
6238 7960
6238 9918
6245 1827
6241 8963
6241 9142
6247 7768
6259 721
6251 9792
6251 9783
6253 7543
6253 5524
6250 9075
6253 8635
6255 8229
6262 3396
6297 6158
6293 9791
6290 3993
6298 1623
6290 3781
6294 6270
6305 49
6303 9714
6313 8677
6323 93
6323 1707
6322 3758
6333 67
6342 3983
6345 7436
6344 1547
6367 6356
6360 5598
6368 5993
6366 2990
6366 9067
6375 9838
6378 305
6379 6066
6378 9690
6375 6861
6386 1531
6388 8488
6383 9328
6386 3382
6382 2411
6396 2792
6395 3631
6393 162
6414 5832
6416 151
6425 8469
6423 7418
6438 5087
6430 2974
6431 3561
6442 3095
6448 6864
6449 5544
6457 81
6455 471
6451 7611
6465 8486
6475 6199
6489 9739
6487 6370
6495 9793
6504 2936
6503 8912
6511 2188
6515 2606
6517 2671
6514 6628
6539 1158
6531 4559
6533 6472
6551 6264
6554 3960
6558 7634
6559 8205
6566 1581
6569 6817
6573 8498
6586 9013
6588 6523
6585 2944
6581 1537
6596 6979
6598 9060
6593 3217
6605 8545
6607 3317
6614 1769
6615 3994
6616 1174
6620 531
6632 320
6632 6747
6636 8176
6647 335
6644 678
6643 1935
6646 9334
6658 8541
6650 2866
6667 2351
6664 1340
6668 8534
6667 8522
6671 7969
6678 2226
6676 1389
6680 2428
6686 7536
6687 5093
6699 4539
6693 2175
6696 4136
6708 8799
6717 7209
6716 7385
6712 5847
6717 5793
6729 5599
6727 7819
6731 9927
6730 8603
6744 9501
6749 9444
6748 5203
6745 6494
6753 1870
6751 1388
6765 6445
6772 3842
6784 1148
6791 2113
6792 3778
6800 7391
6802 1964
6805 8628
6815 3522
6826 2467
6823 6779
6827 7821
6825 6236
6843 770
6859 7837
6855 8049
6868 5841
6864 7404
6868 1300
6869 4543
6875 722
6879 6402
6879 9228
6885 7932
6882 7525
6889 4204
6895 4196
6891 3870
6898 7143
6908 3760
6909 4518
6905 918
6907 1785
6917 3758
6915 788
6913 481
6916 2771
6913 6856
6933 6526
6945 5795
6949 3522
6948 1937
6940 5155
6946 6691
6950 4566
6954 3715
6959 8527
6951 1111
6951 5630
6960 9082
6972 4527
6975 9003
6989 9899
6983 5748
6997 1890
7002 7412
7005 9104
7011 4088
7016 5731
7026 4283
7044 4528
7057 8109
7052 2330
7061 6335
7071 8518
7070 206
7072 6755
7082 9697
7081 3511
7084 1
7085 7136
7099 4859
7095 2552
7093 15
7096 1597
7098 3611
7100 5470
7114 1332
7110 4486
7115 8539
7112 4409
7126 6543
7137 9805
7141 366
7148 4961
7148 2387
7154 1762
7152 647
7150 8379
7157 3963
7160 9161
7176 3548
7181 3233
7189 3185
7187 2880
7180 4619
7188 2235
7197 6890
7213 5600
7229 1839
7229 3912
7237 1325
7230 6363
7236 3519
7238 2608
7235 2959
7249 9745
7246 7759
7250 879
7255 5709
7253 9560
7260 5985
7263 1270
7263 2303
7269 1398
7269 282
7261 4290
7260 9114
7266 4123
7269 5136
7260 3585
7271 6089
7276 1969
7277 4201
7273 2130
7273 6675
7270 1790
7280 2706
7287 7752
7287 9316
7293 4495
7307 6656
7301 7688
7310 844
7311 3856
7334 6655
7336 1949
7349 3981
7341 8053
7340 3922
7354 2552
7350 2207
7350 4690
7356 7102
7369 1860
7360 9083
7368 8875
7378 6713
7387 1104
7385 1034
7384 4984
7386 6062
7396 2341
7414 705
7413 3648
7414 6434
7428 4091
7420 1526
7436 2691
7432 9990
7442 7988
7466 1045
7464 6371
7471 7017
7476 3433
7470 8896
7476 2415
7486 713
7486 8294
7496 9484
7502 9515
7516 8813
7519 8016
7519 38
7525 2266
7524 7207
7524 3578
7539 3535
7538 4709
7535 8836
7537 2364
7549 3784
7543 7498
7549 6085
7549 1651
7559 9046
7552 7801
7566 4317
7563 6538
7560 7538
7567 4147
7586 9885
7583 513
7582 9825
7598 6207
7591 611
7603 3102
7619 8978
7619 2591
7611 8926
7614 5311
7621 692
7620 7089
7621 5320
7622 4910
7641 2904
7641 4004
7648 531
7646 8584
7640 5887
7648 8355
7667 5097
7664 7270
7674 9299
7671 5511
7683 4713
7699 4692
7699 4345
7691 8100
7701 9799
7709 7034
7705 1866
7712 5677
7711 3107
7727 2344
7736 1126
7731 9027
7742 2288
7746 2600
7759 7291
7764 395
7763 4234
7762 3402
7766 7542
7765 2797
7771 8240
7773 1543
7782 5813
7780 1934
7787 9702
7798 5442
7798 1186
7793 4659
7803 6666
7806 5607
7800 1006
7802 6653
7818 2332
7815 4931
7819 4778
7814 3371
7812 8186
7822 3421
7828 6567
7829 4556
7820 5236
7820 9568
7826 4266
7829 1995
7837 7121
7831 370
7835 6241
7836 4178
7835 585
7838 8937
7848 6865
7842 4682
7853 432
7863 3762
7866 1023
7868 8076
7866 4048
7874 6969
7885 7499
7890 5749
7896 813
7908 2671
7900 9642
7906 5865
7907 2155
7910 368
7919 7887
7919 357
7918 8039
7924 1915
7923 7605
7927 9271
7925 3780
7930 5886
7938 930
7931 3880
7932 4625
7943 1108
7940 1583
7947 7693
7941 6482
7955 8032
7957 2639
7950 4554
7957 9312
7967 5806
7989 9003
7987 5839
7996 1582
7994 5343
7992 2500
7994 5007
8006 9706
8009 6419
8010 2401
8023 8721
8024 7395
8035 840
8031 464
8034 5739
8034 6468
8038 8970
8041 8401
8049 4690
8051 116
8050 501
8055 6711
8050 9503
8061 9995
8077 3081
8073 1184
8078 208
8089 23
8087 2150
8086 4778
8091 5104
8092 2161
8105 6333
8102 8880
8117 8198
8119 8366
8113 6231
8114 1272
8115 2317
8119 4047
8127 4806
8127 7365
8138 6633
8138 7918
8146 6882
8143 2666
8164 9331
8165 4852
8176 386
8173 5493
8174 8695
8182 4382
8187 2043
8198 2271
8190 4851
8194 1058
8197 8938
8200 3471
8201 1465
8217 393
8210 6547
8214 7477
8228 3600
8233 1988
8233 7969
8249 4048
8240 2513
8243 1324
8246 5250
8258 3996
8256 4269
8254 5642
8279 5039
8274 66
8272 2165
8284 5906
8280 461
8288 2875
8282 6404
8282 4139
8294 4643
8293 6109
8307 5905
8317 7071
8326 3886
8326 4212
8326 7339
8321 1030
8321 807
8332 7689
8331 546
8332 1337
8337 3647
8348 6344
8356 1700
8357 1767
8354 5768
8358 4150
8356 3251
8362 5007
8364 1446
8362 644
8364 9713
8365 4943
8363 4043
8374 1637
8374 330
8379 8289
8382 1001
8384 2000
8397 860
8390 7802
8399 748
8400 3210
8407 42
8408 378
8409 8421
8412 3950
8423 2016
8420 3236
8431 7056
8435 7970
8431 4160
8443 295
8441 1050
8442 8526
8459 1808
8456 172
8455 9237
8463 8028
8463 3985
8478 434
8474 8254
8478 8765
8484 3036
8480 7281
8483 6814
8491 8517
8492 6822
8507 7688
8502 1955
8505 2137
8505 2001
8512 2786
8512 8982
8513 7324
8528 5883
8524 9983
8527 3246
8520 6840
8533 5592
8532 8274
8532 3771
8540 104
8542 8780
8554 2647
8551 973
8558 8048
8551 9595
8568 6242
8580 9881
8597 6729
8598 1434
8595 8697
8618 1741
8624 1189
8626 1060
8637 7943
8632 4781
8638 6957
8640 9210
8658 2490
8653 2852
8666 4253
8665 901
8677 7824
8675 817
8671 639
8675 7304
8690 5491
8696 6785
8690 4101
8706 8155
8706 7008
8700 5859
8721 5336
8729 9782
8739 3622
8744 7508
8747 219
8757 473
8768 3491
8766 7798
8766 8525
8762 746
8775 8353
8775 8448
8781 64
8782 5564
8786 681
8794 5283
8795 4405
8801 8833
8809 8279
8818 536
8815 6742
8823 6543
8826 5111
8838 4425
8841 7574
8858 703
8853 1271
8860 3585
8862 3237
8863 511
8876 7480
8872 2983
8884 1404
8881 5401
8899 406
8893 4915
8897 2587
8890 1234
8891 1147
8891 9008
8908 5409
8909 3059
8901 8451
8903 7018
8902 4330
8908 5213
8912 6824
8912 1229
8911 8611
8932 8600
8936 9420
8943 8293
8949 57
8944 1661
8957 2521
8952 6760
8962 1790
8967 5317
8960 636
8968 363
8974 9574
8971 3759
8985 2390
8984 1791
8984 6143
8986 2727
8996 1405
8996 5106
9008 3282
9000 463
9003 3372
9008 4384
9014 5199
9011 7143
9015 8187
9020 2611
9020 6552
9030 2349
9041 5096
9040 4929
9043 4763
9055 1387
9064 4946
9061 2206
9078 16
9070 9320
9070 8711
9075 62
9077 1577
9098 6769
9092 992
9105 5261
9103 7920
9101 1399
9107 8371
9112 3288
9117 1988
9115 9795
9119 520
9123 9398
9131 8755
9140 9921
9145 259
9140 7468
9144 3774
9149 2508
9151 4929
9156 770
9157 5836
9171 3324
9173 4306
9170 8271
9170 5163
9176 8565
9181 201
9181 2385
9194 310
9198 1352
9194 2135
9197 3910
9192 8186
9209 9591
9207 5368
9202 6969
9217 1991
9215 1349
9219 7836
9227 1334
9221 7005
9238 6980
9254 7537
9254 867
9255 7916
9260 3097
9278 440
9278 9053
9288 5639
9282 5814
9287 606
9292 1109
9291 8920
9301 6768
9309 7303
9307 4848
9314 6258
9311 9030
9317 5752
9315 6779
9324 8462
9327 8525
9322 6656
9330 6811
9335 5223
9342 8706
9345 249
9345 1411
9355 8129
9357 5818
9360 5945
9369 5423
9362 4844
9386 123
9399 1460
9390 3821
9402 5165
9409 6881
9419 4208
9413 5215
9423 750
9424 5851
9428 8033
9432 353
9443 3197
9442 4874
9455 7317
9457 9818
9457 7833
9467 4756
9467 3837
9461 9139
9465 3231
9483 3825
9486 8121
9498 6155
9500 2695
9506 234
9518 2861
9528 8724
9524 1201
9523 7407
9520 3844
9533 5248
9539 1135
9539 8294
9535 4496
9539 2660
9532 8327
9538 3028
9537 9670
9548 3361
9541 2436
9548 769
9560 7255
9565 7558
9563 6734
9569 9296
9578 7586
9570 999
9570 5440
9589 4378
9589 3725
9590 1954
9612 7396
9613 2320
9617 2987
9611 5853
9617 4307
9625 3812
9628 1783
9628 8822
9630 3334
9648 6822
9646 1840
9658 6039
9658 2255
9652 3891
9664 7300
9671 5613
9672 4659
9671 3888
9678 4788
9692 4731
9702 5975
9703 1786
9705 126
9715 4481
9724 5800
9728 3013
9726 4682
9734 4724
9736 923
9733 9642
9736 2390
9749 7380
9747 2023
9745 5901
9746 6804
9757 8116
9753 1342
9751 463
9769 6313
9764 8123
9761 2099
9765 4138
9779 4428
9771 6395
9785 3981
9797 1182
9790 2976
9805 3576
9802 3326
9805 2132
9814 3644
9820 6951
9836 8616
9835 1355
9835 7140
9844 1419
9845 5288
9865 8682
9865 9500
9866 7147
9860 2452
9862 498
9879 6337
9878 9610
9879 9749
9871 6721
9879 2653
9880 5375
9885 3587
9885 1168
9885 5623
9889 145
9907 1968
9903 1639
9906 9804
9904 8435
9912 2507
9919 8063
9922 9449
9924 4511
9927 3893
9929 1869
9938 2668
9946 5957
9949 1800
9958 4805
9951 7891
9953 6060
9956 4604
9962 6632
9976 431
