50 50 457 4608
20 8 52 6 13 20 60 20 87 3 14 62 4 10 19 3 1 11 67 7 1 7 45 3 5 14 39 80 87 10 2 10 3 81 13 32 68 4 69 6 9 16 10 5 6 52 17 73 15 12
19 3 17 28 37 7 10 15 4 18 68 54 100 7 10 7 20 76 2 2 4 16 19 12 45 8 2 19 67 96 12 6 19 20 1 9 9 6 2 10 8 4 19 17 4 12 1 11 16 10
1 3
1 7
1 11
1 19
1 31
1 35
1 39
1 43
1 47
5 11
5 15
5 19
5 23
5 27
5 31
5 35
5 39
5 43
9 3
9 15
9 23
9 27
9 35
9 43
9 47
13 3
13 7
13 11
13 15
13 19
13 23
13 31
13 35
13 39
17 7
17 11
17 15
17 19
17 23
17 27
17 31
17 35
17 39
17 43
21 7
21 11
21 15
21 19
21 23
21 27
21 31
21 35
21 39
21 43
21 47
25 3
25 7
25 15
25 27
25 31
25 35
25 39
25 43
25 47
29 15
29 27
29 31
29 35
29 43
29 47
33 15
33 19
33 27
33 31
33 35
33 39
33 43
33 47
37 3
37 11
37 15
37 23
37 27
37 31
37 35
37 39
37 43
41 3
41 7
41 11
41 15
41 19
41 23
41 27
41 31
41 35
41 47
45 3
45 11
45 15
45 19
45 27
45 31
45 35
45 47
49 3
49 7
49 15
49 23
49 27
49 31
49 35
49 39
49 43
49 47
2 4
2 16
2 24
2 28
2 32
2 40
2 44
2 48
6 4
6 12
6 16
6 20
6 28
6 32
6 36
6 40
6 44
10 4
10 12
10 16
10 20
10 24
10 28
10 32
10 36
10 40
10 44
10 48
14 4
14 8
14 16
14 20
14 24
14 32
14 36
14 40
14 44
14 48
18 4
18 8
18 12
18 16
18 24
18 28
18 32
18 36
18 40
18 44
18 48
22 8
22 12
22 16
22 20
22 24
22 28
22 32
22 36
22 40
26 4
26 8
26 16
26 24
26 28
26 40
26 48
30 4
30 8
30 12
30 16
30 20
30 24
30 28
30 36
30 44
30 48
34 4
34 8
34 12
34 16
34 32
34 40
34 44
34 48
38 4
38 12
38 16
38 20
38 24
38 32
38 36
38 40
38 44
38 48
42 4
42 8
42 12
42 16
42 20
42 24
42 28
42 36
42 40
42 44
42 48
46 4
46 12
46 16
46 20
46 24
46 28
46 32
46 36
46 44
50 8
50 12
50 16
50 20
50 24
50 36
50 40
50 48
3 1
3 5
3 13
3 17
3 25
3 33
3 37
3 45
7 1
7 9
7 13
7 17
7 21
7 25
7 29
7 33
7 37
7 41
7 49
11 1
11 9
11 13
11 25
11 29
11 33
11 37
11 41
11 45
15 1
15 5
15 13
15 17
15 29
15 33
15 37
15 45
15 49
19 1
19 5
19 9
19 13
19 17
19 21
19 25
19 29
19 37
19 49
23 5
23 9
23 13
23 21
23 29
23 37
23 41
23 45
27 5
27 13
27 17
27 21
27 25
27 29
27 33
27 49
31 1
31 13
31 17
31 21
31 29
31 37
31 45
31 49
35 5
35 13
35 17
35 21
35 25
35 29
35 33
35 41
35 49
39 1
39 5
39 9
39 13
39 21
39 25
39 29
39 37
39 41
39 45
39 49
43 1
43 5
43 9
43 13
43 17
43 21
43 25
43 33
43 45
43 49
47 1
47 5
47 9
47 17
47 21
47 29
47 37
47 45
4 2
4 6
4 14
4 18
4 22
4 26
4 30
4 34
4 38
4 42
4 46
4 50
8 6
8 18
8 30
8 34
8 42
8 46
8 50
12 2
12 6
12 10
12 14
12 22
12 26
12 30
12 34
12 38
12 50
16 2
16 6
16 10
16 18
16 22
16 30
16 34
16 42
16 46
20 2
20 14
20 22
20 30
20 34
20 38
20 46
20 50
24 2
24 6
24 10
24 14
24 18
24 22
24 30
24 38
24 50
28 2
28 6
28 10
28 18
28 22
28 26
28 30
28 34
28 38
28 42
28 46
28 50
32 6
32 14
32 22
32 34
32 42
32 46
32 50
36 2
36 6
36 10
36 14
36 18
36 22
36 34
36 38
36 42
36 46
36 50
40 2
40 14
40 18
40 22
40 26
40 30
40 34
40 38
40 50
44 2
44 6
44 14
44 18
44 26
44 30
44 34
44 42
44 46
44 50
48 6
48 14
48 18
48 22
48 26
48 30
48 34
48 38
