100 100 149 8557
69 13 95 48 17 4 45 98 15 82 18 54 38 8 13 11 69 93 14 11 11 20 1 18 2 5 12 15 22 13 5 8 32 18 23 13 17 58 77 14 15 9 17 59 67 92 8 14 19 11 3 16 3 72 19 65 40 20 12 12 71 80 3 6 10 1 14 16 68 13 30 94 6 20 17 7 21 93 17 4 3 38 14 20 12 50 3 92 13 15 6 2 76 9 10 18 43 4 3 13
3 69 12 92 18 9 8 15 16 74 20 99 17 7 13 49 9 15 17 27 69 26 91 50 13 93 19 20 10 80 77 7 6 17 9 11 20 90 11 17 66 14 19 20 17 12 57 5 18 13 38 66 77 19 8 53 82 28 13 11 70 5 5 7 56 13 60 31 9 74 5 85 15 10 83 2 18 19 1 11 91 4 7 17 14 10 6 80 4 15 1 8 7 1 12 18 4 13 15 14
1 1
1 51
51 51
2 2
2 52
52 2
52 52
3 3
53 53
4 4
54 4
54 54
5 55
55 55
6 6
6 56
56 6
56 56
7 7
7 57
57 7
57 57
58 8
58 58
9 9
9 59
59 9
10 10
10 60
11 61
61 11
61 61
12 12
12 62
62 12
62 62
13 13
13 63
63 63
14 14
14 64
64 14
64 64
15 15
15 65
65 15
65 65
16 16
16 66
66 66
17 17
17 67
67 17
67 67
18 18
18 68
68 18
19 19
19 69
69 19
69 69
20 20
20 70
70 20
70 70
21 21
21 71
71 21
72 22
72 72
23 23
23 73
73 23
24 24
24 74
74 24
74 74
25 25
25 75
75 25
26 26
76 26
27 27
27 77
77 27
28 28
78 28
29 29
29 79
79 29
79 79
30 80
80 30
80 80
31 31
31 81
81 31
81 81
32 82
82 82
33 83
83 33
83 83
34 34
34 84
84 34
35 35
85 35
85 85
36 86
86 36
86 86
87 37
87 87
38 88
88 38
88 88
39 89
89 39
40 90
41 41
41 91
91 41
42 42
42 92
92 92
43 93
93 43
44 44
94 44
94 94
45 45
45 95
95 45
46 96
96 96
47 97
97 47
97 97
48 48
48 98
98 48
98 98
49 49
49 99
99 49
50 50
100 50
100 100
