50 50 85 3710
72 14 81 41 13 18 86 14 67 1 4 3 13 83 12 48 63 7 19 16 71 13 2 73 6 19 80 54 14 5 16 15 10 9 28 71 1 15 14 2 63 1 19 8 45 14 64 12 13 53
3 13 7 12 8 84 18 15 61 15 38 10 7 20 17 20 4 4 5 6 6 7 11 16 18 9 19 71 52 11 79 14 63 17 3 10 12 83 20 20 10 5 93 2 10 3 9 9 15 5
1 11
1 31
21 11
41 11
41 31
2 32
22 12
22 32
42 12
3 13
43 13
43 33
4 14
24 14
24 34
44 14
44 34
5 35
25 35
45 15
45 35
6 16
26 16
46 36
7 17
7 37
27 17
47 17
8 18
8 38
28 18
28 38
48 18
48 38
9 19
9 39
29 19
29 39
49 19
10 20
10 40
30 20
50 20
50 40
11 1
11 21
11 41
31 1
31 21
31 41
12 2
32 22
32 42
13 23
13 43
33 3
33 23
33 43
14 4
14 24
14 44
34 4
34 24
34 44
15 5
15 45
35 25
16 6
36 6
36 46
17 47
37 7
37 27
18 8
18 28
38 8
38 28
19 29
39 9
39 29
20 10
20 30
20 50
40 10
40 50
