100 100 2000 9739
17 12 20 6 14 33 15 10 7 20 1 7 9 2 70 19 9 20 19 91 6 5 2 42 13 9 10 17 22 12 20 9 2 20 10 14 15 3 84 87 10 19 78 8 66 14 4 14 18 54 30 41 7 8 20 19 30 96 2 10 13 10 2 7 31 9 67 8 81 98 8 23 16 20 1 70 5 15 19 19 7 5 17 99 17 12 14 16 6 40 17 17 3 6 26 14 7 7 28 6
13 14 6 30 7 20 98 82 90 14 8 9 1 1 14 12 90 83 14 9 20 10 50 10 14 96 65 14 15 15 18 2 3 9 85 20 11 3 5 97 1 12 13 3 18 8 50 7 1 17 20 4 13 58 55 84 19 7 7 16 17 4 89 14 16 4 13 45 16 10 7 20 13 75 15 82 4 83 20 93 16 20 9 5 84 9 20 24 65 13 20 18 2 15 5 18 5 16 15 6
1 3
1 6
1 9
1 15
1 18
1 24
1 30
1 33
1 36
1 42
1 54
1 60
1 63
1 66
1 72
1 75
1 78
1 84
1 87
1 90
1 93
1 99
4 9
4 12
4 21
4 24
4 30
4 33
4 36
4 42
4 51
4 60
4 63
4 66
4 72
4 78
4 90
4 93
4 96
4 99
7 3
7 12
7 15
7 18
7 21
7 24
7 33
7 36
7 39
7 42
7 45
7 48
7 51
7 54
7 57
7 60
7 63
7 66
7 69
7 72
7 78
7 81
7 84
7 90
7 93
7 99
10 9
10 12
10 18
10 21
10 27
10 30
10 33
10 39
10 42
10 45
10 48
10 51
10 54
10 57
10 60
10 63
10 69
10 72
10 75
10 78
10 81
10 84
10 87
10 93
10 96
10 99
13 3
13 6
13 9
13 12
13 15
13 24
13 27
13 30
13 36
13 39
13 42
13 51
13 54
13 57
13 60
13 63
13 66
13 69
13 75
13 78
13 81
13 84
13 87
13 90
13 93
13 96
13 99
16 3
16 6
16 9
16 15
16 18
16 21
16 24
16 27
16 30
16 33
16 39
16 42
16 45
16 48
16 57
16 60
16 63
16 66
16 69
16 72
16 75
16 78
16 81
16 87
16 96
19 3
19 6
19 9
19 12
19 18
19 21
19 24
19 36
19 39
19 42
19 45
19 48
19 51
19 54
19 63
19 69
19 78
19 81
19 84
19 87
19 90
19 96
22 3
22 6
22 12
22 15
22 21
22 30
22 36
22 39
22 42
22 45
22 51
22 54
22 57
22 66
22 69
22 84
22 87
22 90
22 99
25 9
25 12
25 15
25 18
25 24
25 33
25 36
25 39
25 42
25 45
25 48
25 51
25 60
25 66
25 69
25 72
25 75
25 78
25 81
25 87
25 90
25 93
25 96
25 99
28 6
28 9
28 12
28 15
28 18
28 21
28 24
28 42
28 48
28 57
28 60
28 63
28 66
28 72
28 78
28 81
28 84
28 87
28 90
28 93
28 96
28 99
31 3
31 6
31 9
31 12
31 15
31 21
31 24
31 27
31 30
31 33
31 36
31 39
31 42
31 45
31 48
31 54
31 60
31 63
31 66
31 69
31 72
31 81
31 87
31 90
31 93
31 96
34 3
34 12
34 18
34 21
34 27
34 30
34 33
34 36
34 39
34 42
34 45
34 48
34 51
34 54
34 57
34 63
34 66
34 69
34 72
34 78
34 87
34 93
34 96
34 99
37 3
37 6
37 9
37 12
37 18
37 21
37 24
37 30
37 33
37 36
37 48
37 51
37 57
37 60
37 66
37 69
37 75
37 78
37 81
37 84
37 93
37 96
40 3
40 6
40 9
40 15
40 18
40 21
40 27
40 33
40 36
40 39
40 42
40 45
40 48
40 51
40 54
40 57
40 63
40 66
40 72
40 78
40 84
40 87
40 90
40 93
40 96
40 99
43 3
43 9
43 12
43 15
43 21
43 24
43 33
43 36
43 39
43 45
43 48
43 51
43 57
43 60
43 66
43 69
43 72
43 75
43 78
43 81
43 84
43 87
43 90
43 93
43 96
43 99
46 3
46 6
46 9
46 18
46 27
46 33
46 36
46 42
46 45
46 54
46 57
46 66
46 72
46 75
46 78
46 84
46 87
46 90
46 96
46 99
49 3
49 6
49 12
49 15
49 18
49 21
49 24
49 27
49 33
49 36
49 39
49 42
49 45
49 48
49 51
49 54
49 57
49 60
49 63
49 66
49 69
49 72
49 78
49 81
49 84
49 90
49 96
49 99
52 6
52 9
52 12
52 15
52 18
52 24
52 27
52 30
52 39
52 42
52 48
52 51
52 54
52 60
52 63
52 69
52 72
52 78
52 81
52 84
52 87
52 90
52 93
52 96
52 99
55 3
55 6
55 9
55 12
55 18
55 21
55 36
55 39
55 42
55 45
55 48
55 54
55 57
55 60
55 63
55 69
55 72
55 75
55 78
55 81
55 84
55 90
55 93
55 99
58 3
58 9
58 15
58 21
58 24
58 33
58 36
58 39
58 42
58 45
58 48
58 51
58 60
58 63
58 66
58 69
58 75
58 78
58 81
58 84
58 93
58 96
58 99
61 3
61 6
61 9
61 12
61 18
61 24
61 27
61 30
61 33
61 36
61 39
61 42
61 45
61 48
61 54
61 57
61 60
61 63
61 66
61 69
61 75
61 78
61 81
61 87
61 96
61 99
64 3
64 9
64 15
64 18
64 21
64 24
64 27
64 33
64 36
64 39
64 42
64 45
64 51
64 54
64 57
64 60
64 66
64 69
64 72
64 75
64 78
64 81
64 84
64 90
64 96
64 99
67 6
67 15
67 18
67 24
67 27
67 36
67 42
67 45
67 48
67 51
67 54
67 57
67 60
67 63
67 66
67 75
67 78
67 90
67 93
67 99
70 3
70 9
70 12
70 15
70 18
70 27
70 30
70 33
70 42
70 45
70 51
70 54
70 57
70 63
70 66
70 69
70 72
70 78
70 81
70 87
70 93
70 99
73 3
73 6
73 9
73 12
73 15
73 18
73 21
73 27
73 33
73 36
73 39
73 42
73 45
73 48
73 51
73 57
73 66
73 69
73 78
73 81
73 84
73 87
73 90
73 93
73 96
73 99
76 6
76 9
76 12
76 15
76 18
76 21
76 24
76 27
76 30
76 33
76 36
76 39
76 42
76 45
76 48
76 51
76 54
76 60
76 63
76 66
76 69
76 72
76 75
76 78
76 81
76 84
76 90
76 93
76 99
79 3
79 6
79 12
79 18
79 21
79 24
79 27
79 33
79 36
79 42
79 45
79 48
79 51
79 54
79 60
79 69
79 78
79 81
79 84
79 87
79 90
79 93
79 99
82 6
82 9
82 12
82 18
82 21
82 24
82 27
82 33
82 36
82 39
82 42
82 45
82 54
82 57
82 60
82 69
82 72
82 78
82 81
82 87
82 90
82 93
85 6
85 12
85 18
85 24
85 27
85 30
85 33
85 36
85 39
85 48
85 54
85 60
85 69
85 75
85 81
85 87
85 90
88 3
88 6
88 9
88 12
88 15
88 18
88 21
88 24
88 27
88 33
88 36
88 39
88 42
88 48
88 51
88 57
88 60
88 69
88 72
88 75
88 78
88 81
88 84
88 87
88 90
88 93
88 96
88 99
91 3
91 6
91 12
91 18
91 21
91 30
91 36
91 39
91 45
91 48
91 51
91 60
91 63
91 66
91 72
91 75
91 78
91 87
91 90
91 93
91 96
94 3
94 6
94 9
94 18
94 24
94 27
94 30
94 33
94 36
94 39
94 42
94 51
94 54
94 57
94 60
94 63
94 66
94 69
94 75
94 78
94 87
94 96
94 99
97 6
97 9
97 15
97 24
97 30
97 42
97 45
97 51
97 54
97 57
97 63
97 72
97 75
97 81
97 87
97 96
100 3
100 6
100 9
100 12
100 15
100 18
100 21
100 27
100 30
100 33
100 42
100 45
100 48
100 51
100 54
100 57
100 60
100 63
100 66
100 69
100 75
100 78
100 81
100 90
100 93
100 96
100 99
2 1
2 4
2 7
2 10
2 13
2 19
2 25
2 28
2 31
2 37
2 40
2 46
2 49
2 52
2 58
2 64
2 67
2 70
2 73
2 79
2 91
2 94
2 97
5 1
5 4
5 10
5 25
5 28
5 31
5 34
5 37
5 40
5 49
5 52
5 58
5 64
5 67
5 70
5 82
5 85
5 88
5 91
5 94
5 97
5 100
8 1
8 7
8 13
8 16
8 19
8 25
8 28
8 34
8 37
8 40
8 43
8 46
8 49
8 52
8 55
8 58
8 61
8 64
8 67
8 70
8 76
8 82
8 85
8 88
8 91
8 94
8 97
8 100
11 1
11 4
11 7
11 10
11 13
11 16
11 19
11 28
11 31
11 34
11 40
11 43
11 46
11 49
11 52
11 55
11 64
11 67
11 73
11 76
11 82
11 97
11 100
14 4
14 7
14 10
14 13
14 19
14 22
14 25
14 28
14 31
14 34
14 40
14 43
14 49
14 52
14 55
14 58
14 64
14 70
14 76
14 79
14 85
14 91
14 97
14 100
17 1
17 7
17 10
17 16
17 19
17 22
17 25
17 28
17 34
17 40
17 43
17 46
17 52
17 55
17 58
17 61
17 64
17 67
17 70
17 76
17 85
17 91
17 94
17 100
20 1
20 4
20 7
20 10
20 13
20 19
20 22
20 25
20 28
20 31
20 34
20 40
20 43
20 46
20 49
20 55
20 58
20 61
20 64
20 67
20 70
20 73
20 76
20 79
20 82
20 85
20 88
20 94
20 97
23 1
23 4
23 16
23 19
23 22
23 25
23 34
23 37
23 40
23 43
23 46
23 49
23 52
23 55
23 58
23 61
23 64
23 67
23 70
23 73
23 76
23 79
23 82
23 88
23 91
23 94
23 97
23 100
26 4
26 7
26 10
26 13
26 16
26 19
26 25
26 28
26 31
26 37
26 43
26 46
26 49
26 55
26 58
26 64
26 70
26 73
26 76
26 79
26 82
26 88
26 91
26 97
26 100
29 1
29 4
29 7
29 10
29 13
29 19
29 22
29 25
29 28
29 31
29 34
29 37
29 40
29 46
29 49
29 52
29 58
29 61
29 67
29 70
29 73
29 76
29 79
29 91
29 94
29 97
32 7
32 13
32 22
32 25
32 28
32 31
32 34
32 37
32 46
32 49
32 52
32 55
32 58
32 64
32 67
32 73
32 76
32 79
32 82
32 85
32 88
32 91
32 100
35 1
35 7
35 10
35 13
35 16
35 19
35 22
35 25
35 31
35 34
35 40
35 43
35 46
35 49
35 52
35 55
35 58
35 64
35 67
35 70
35 73
35 79
35 82
35 88
35 91
35 94
35 97
35 100
38 4
38 7
38 16
38 19
38 22
38 25
38 28
38 31
38 34
38 37
38 40
38 43
38 46
38 52
38 55
38 58
38 61
38 64
38 67
38 73
38 76
38 79
38 82
38 85
38 88
38 91
38 100
41 4
41 7
41 10
41 13
41 19
41 22
41 28
41 34
41 37
41 40
41 46
41 49
41 52
41 58
41 61
41 67
41 73
41 76
41 82
41 85
41 88
41 91
41 97
41 100
44 1
44 7
44 10
44 16
44 19
44 22
44 25
44 31
44 34
44 37
44 46
44 49
44 55
44 61
44 64
44 67
44 70
44 73
44 76
44 79
44 85
44 91
44 94
44 97
44 100
47 1
47 4
47 13
47 16
47 19
47 22
47 28
47 31
47 34
47 37
47 40
47 43
47 46
47 49
47 55
47 58
47 61
47 67
47 73
47 82
47 85
47 94
47 97
47 100
50 4
50 7
50 13
50 16
50 19
50 22
50 25
50 28
50 31
50 34
50 37
50 40
50 43
50 49
50 52
50 58
50 64
50 67
50 73
50 82
50 85
50 88
50 91
50 94
50 100
53 4
53 10
53 13
53 16
53 22
53 28
53 31
53 34
53 37
53 40
53 46
53 55
53 58
53 67
53 73
53 79
53 82
53 85
53 97
53 100
56 1
56 4
56 10
56 16
56 19
56 22
56 25
56 28
56 31
56 37
56 43
56 49
56 52
56 58
56 61
56 64
56 70
56 73
56 76
56 79
56 82
56 85
56 88
56 91
56 97
56 100
59 1
59 4
59 7
59 19
59 22
59 25
59 28
59 31
59 34
59 37
59 40
59 43
59 46
59 49
59 55
59 58
59 61
59 64
59 67
59 70
59 73
59 76
59 79
59 88
59 91
59 94
59 97
62 1
62 4
62 7
62 13
62 16
62 19
62 22
62 31
62 40
62 46
62 49
62 52
62 55
62 58
62 61
62 64
62 67
62 73
62 76
62 79
62 88
62 97
62 100
65 1
65 7
65 10
65 16
65 19
65 25
65 28
65 31
65 34
65 40
65 43
65 49
65 52
65 55
65 61
65 64
65 67
65 70
65 73
65 79
65 85
65 88
65 91
65 97
65 100
68 1
68 4
68 16
68 19
68 22
68 25
68 28
68 31
68 34
68 37
68 40
68 43
68 46
68 49
68 52
68 55
68 61
68 67
68 70
68 73
68 76
68 82
68 85
68 88
68 91
68 94
68 100
71 1
71 4
71 10
71 16
71 19
71 22
71 25
71 28
71 31
71 34
71 37
71 40
71 43
71 46
71 49
71 52
71 55
71 58
71 67
71 70
71 73
71 79
71 85
71 88
71 91
71 97
71 100
74 1
74 4
74 7
74 10
74 13
74 16
74 22
74 25
74 31
74 37
74 43
74 46
74 49
74 52
74 55
74 58
74 61
74 67
74 70
74 73
74 76
74 82
74 85
74 91
74 94
74 97
74 100
77 1
77 4
77 7
77 10
77 13
77 16
77 19
77 22
77 25
77 28
77 34
77 40
77 43
77 49
77 55
77 58
77 61
77 64
77 67
77 70
77 73
77 76
77 85
77 91
77 94
77 100
80 1
80 4
80 7
80 10
80 13
80 16
80 22
80 25
80 28
80 34
80 46
80 49
80 52
80 58
80 61
80 64
80 67
80 76
80 82
80 85
80 88
80 91
80 94
80 97
83 1
83 10
83 13
83 16
83 19
83 22
83 25
83 37
83 43
83 49
83 52
83 55
83 58
83 61
83 64
83 70
83 73
83 76
83 79
83 82
83 85
83 88
83 94
83 97
83 100
86 1
86 4
86 7
86 10
86 13
86 19
86 22
86 25
86 28
86 31
86 37
86 40
86 43
86 46
86 49
86 52
86 58
86 61
86 67
86 70
86 73
86 76
86 79
86 82
86 85
86 91
86 94
89 7
89 10
89 22
89 25
89 28
89 31
89 37
89 40
89 43
89 46
89 49
89 52
89 55
89 58
89 61
89 64
89 70
89 73
89 76
89 79
89 85
89 88
89 91
89 94
89 97
89 100
92 1
92 4
92 10
92 13
92 16
92 19
92 22
92 25
92 28
92 31
92 37
92 40
92 43
92 46
92 52
92 55
92 58
92 64
92 67
92 73
92 79
92 91
92 94
92 97
95 1
95 7
95 13
95 16
95 19
95 22
95 25
95 28
95 34
95 37
95 46
95 49
95 52
95 55
95 58
95 61
95 64
95 70
95 73
95 76
95 79
95 85
95 88
95 100
98 1
98 4
98 7
98 10
98 16
98 19
98 22
98 25
98 28
98 31
98 34
98 37
98 40
98 43
98 46
98 55
98 58
98 64
98 67
98 73
98 79
98 82
98 88
98 91
98 97
3 2
3 5
3 8
3 14
3 17
3 20
3 29
3 32
3 35
3 38
3 44
3 47
3 50
3 53
3 56
3 59
3 62
3 65
3 71
3 74
3 77
3 80
3 83
3 86
3 89
3 92
3 95
3 98
6 2
6 8
6 11
6 14
6 17
6 20
6 23
6 29
6 32
6 35
6 47
6 50
6 53
6 56
6 59
6 62
6 65
6 68
6 71
6 74
6 77
6 80
6 83
6 86
6 89
6 92
6 98
9 5
9 8
9 11
9 14
9 17
9 26
9 29
9 35
9 41
9 50
9 53
9 56
9 59
9 62
9 65
9 68
9 71
9 74
9 83
9 86
9 92
9 98
12 8
12 14
12 17
12 26
12 29
12 32
12 35
12 38
12 47
12 50
12 53
12 59
12 65
12 71
12 74
12 80
12 83
12 86
12 89
12 92
12 98
15 5
15 11
15 14
15 17
15 20
15 23
15 26
15 32
15 35
15 38
15 41
15 44
15 47
15 50
15 56
15 59
15 62
15 65
15 71
15 74
15 77
15 83
15 89
15 95
15 98
18 2
18 5
18 11
18 14
18 17
18 20
18 23
18 26
18 29
18 32
18 35
18 38
18 41
18 47
18 53
18 56
18 59
18 62
18 68
18 71
18 77
18 80
18 83
18 89
18 92
18 95
21 5
21 11
21 14
21 17
21 20
21 29
21 32
21 41
21 44
21 47
21 50
21 53
21 56
21 62
21 65
21 68
21 80
21 86
21 89
21 95
21 98
24 5
24 8
24 11
24 14
24 17
24 20
24 23
24 26
24 29
24 38
24 41
24 44
24 47
24 53
24 56
24 62
24 65
24 68
24 71
24 80
24 83
24 86
24 92
24 95
24 98
27 2
27 5
27 8
27 20
27 23
27 26
27 29
27 32
27 35
27 38
27 41
27 44
27 47
27 50
27 53
27 56
27 59
27 62
27 65
27 68
27 71
27 74
27 77
27 80
27 83
27 89
27 92
27 98
30 2
30 5
30 8
30 11
30 17
30 20
30 23
30 26
30 35
30 38
30 41
30 44
30 47
30 53
30 56
30 62
30 65
30 71
30 74
30 77
30 83
30 86
30 89
30 95
30 98
33 2
33 8
33 11
33 14
33 17
33 20
33 23
33 26
33 29
33 32
33 38
33 41
33 44
33 47
33 53
33 56
33 59
33 62
33 65
33 68
33 71
33 77
33 80
33 86
33 89
33 92
33 95
36 2
36 5
36 11
36 14
36 17
36 20
36 26
36 29
36 32
36 35
36 44
36 47
36 56
36 59
36 65
36 68
36 74
36 77
36 80
36 86
36 89
36 92
36 95
39 2
39 5
39 8
39 11
39 14
39 17
39 20
39 23
39 26
39 38
39 41
39 44
39 47
39 50
39 59
39 62
39 65
39 68
39 71
39 74
39 77
39 83
39 86
39 95
42 2
42 8
42 14
42 17
42 20
42 23
42 26
42 32
42 38
42 41
42 44
42 47
42 53
42 59
42 62
42 65
42 74
42 77
42 80
42 83
42 89
42 92
42 95
45 2
45 5
45 11
45 14
45 17
45 20
45 23
45 26
45 29
45 32
45 35
45 41
45 44
45 47
45 50
45 62
45 65
45 68
45 71
45 74
45 77
45 83
45 86
