50 100 36 133
4 12 20 12 12 11 12 9 4 18 20 6 14 93 17 28 6 7 11 10 7 96 81 17 31 2 4 10 5 98 20 9 99 15 7 30 19 1 1 17 19 87 65 12 51 93 38 71 9 10
19 23 7 18 16 81 2 6 4 11 10 17 44 7 20 12 3 86 16 20 6 91 19 43 9 8 12 67 18 9 5 17 19 11 28 5 7 6 18 44 1 17 85 3 50 39 4 7 13 8 9 9 3 23 98 1 15 9 5 5 12 21 4 2 38 9 3 8 19 7 2 9 19 18 51 48 5 11 84 11 17 1 2 13 1 5 3 75 18 3 25 16 3 33 7 22 60 27 9 18
2 52
3 53
4 54
6 56
7 57
8 58
9 59
10 60
11 61
13 63
14 64
15 65
17 67
19 69
20 70
21 71
22 72
23 73
25 75
27 77
28 78
29 79
30 80
31 81
34 84
35 85
37 87
38 88
39 89
40 90
41 91
43 93
45 95
47 97
49 99
50 100
