50 100 32 4427
1 2 2 9 17 3 17 20 11 19 12 20 18 13 29 17 1 24 3 18 2 93 15 32 11 77 6 31 16 3 7 18 3 15 12 5 15 2 18 7 24 23 11 3 7 19 8 15 7 8
4 3 12 18 18 38 16 9 42 1 26 17 8 19 3 4 16 81 5 20 20 12 19 5 87 10 20 94 97 30 7 8 28 3 85 11 8 63 2 15 54 74 35 3 14 18 17 94 65 47 16 4 13 17 2 65 11 7 6 20 60 1 8 18 9 65 5 40 10 7 61 34 17 4 7 28 17 14 10 20 18 13 51 4 88 16 17 99 5 35 2 12 2 70 59 17 14 4 9 54
2 52
3 53
4 54
5 55
6 56
7 57
8 58
12 62
13 63
14 64
15 65
16 66
18 68
23 73
24 74
25 75
27 77
28 78
30 80
33 83
34 84
35 85
36 86
37 87
38 88
40 90
41 91
43 93
45 95
46 96
47 97
49 99
