50 100 36 289
3 17 30 91 2 4 4 59 98 7 2 14 29 12 16 8 4 9 4 6 19 1 35 15 31 5 19 12 18 94 62 7 12 3 89 8 16 15 58 4 6 3 7 9 83 7 11 34 25 33
9 9 42 16 2 18 9 89 9 3 15 33 9 14 20 3 2 20 60 7 7 11 13 65 2 3 3 19 48 1 92 16 15 17 60 6 10 18 6 62 18 16 19 6 7 2 5 2 17 13 12 6 91 4 16 5 33 11 15 16 15 9 9 3 11 49 5 46 13 13 49 3 12 15 86 10 79 17 9 9 83 20 69 43 1 19 5 11 89 9 15 15 5 44 29 3 4 60 71 82
1 51
2 52
3 53
4 54
5 55
6 56
7 57
9 59
11 61
12 62
13 63
14 64
15 65
17 67
18 68
20 70
21 71
23 73
24 74
26 76
28 78
29 79
30 80
33 83
34 84
35 85
36 86
37 87
39 89
40 90
41 91
42 92
45 95
48 98
49 99
50 100
