50 100 39 4509
25 9 13 12 13 20 19 7 8 17 64 83 79 35 18 4 2 36 5 13 8 14 6 31 1 5 8 55 11 85 17 11 7 100 5 10 24 16 26 13 57 18 17 11 19 7 12 70 8 92
4 84 17 4 18 9 10 9 14 4 12 55 4 15 43 63 74 1 7 11 10 7 36 17 12 3 12 12 13 84 10 95 16 13 82 16 19 5 18 3 11 3 52 14 9 20 19 16 2 9 9 86 13 14 11 7 75 3 46 17 9 27 79 20 5 16 3 5 20 3 68 4 49 13 15 7 6 4 1 4 8 11 4 1 7 95 15 12 10 99 1 18 78 12 15 4 48 13 6 5
1 51
2 52
3 53
4 54
5 55
8 58
9 59
10 60
11 61
13 63
14 64
16 66
17 67
18 68
19 69
20 70
21 71
24 74
25 75
26 76
27 77
29 79
30 80
31 81
32 82
33 83
34 84
35 85
36 86
37 87
38 88
39 89
40 90
42 92
43 93
45 95
48 98
49 99
50 100
