50 100 42 1549
17 6 18 36 84 10 97 20 19 14 87 61 99 19 7 18 38 9 95 11 32 14 1 12 19 13 99 16 76 16 69 11 38 6 11 14 76 69 32 3 7 90 14 10 19 5 50 13 86 7
100 81 41 23 6 19 14 19 12 1 76 15 15 10 15 18 10 47 6 21 19 2 16 5 19 4 20 24 6 17 29 1 72 76 69 19 77 7 8 8 48 5 10 32 20 16 11 37 16 10 33 2 14 6 13 90 98 97 92 25 12 91 43 77 14 13 17 17 2 15 9 10 5 6 19 87 1 19 5 9 8 86 64 17 15 8 48 45 16 35 11 6 18 13 8 52 19 11 2 2
1 51
2 52
3 53
4 54
5 55
6 56
7 57
8 58
9 59
10 60
11 61
13 63
14 64
15 65
16 66
17 67
19 69
20 70
21 71
22 72
23 73
24 74
25 75
26 76
27 77
28 78
30 80
31 81
32 82
33 83
34 84
35 85
36 86
37 87
38 88
40 90
41 91
42 92
44 94
46 96
47 97
50 100
