50 100 38 1197
37 11 17 4 4 16 5 20 17 8 52 97 15 12 48 98 7 95 41 33 11 22 20 64 55 6 12 20 13 15 1 73 3 17 2 19 97 2 9 10 8 1 16 7 11 17 100 20 9 99
98 8 9 17 28 9 6 20 54 3 66 32 15 34 17 15 17 56 13 47 16 11 9 1 14 9 19 3 9 8 15 5 19 2 45 6 8 7 20 12 64 17 1 91 4 20 7 17 10 46 7 10 36 18 14 76 9 16 4 13 57 13 16 33 11 2 10 61 5 85 16 66 5 19 19 13 96 6 7 5 4 8 3 11 58 20 10 4 19 88 4 17 57 15 8 13 15 1 10 78
2 52
4 54
7 57
8 58
9 59
10 60
12 62
13 63
14 64
15 65
16 66
17 67
18 68
20 70
21 71
23 73
24 74
25 75
26 76
28 78
29 79
30 80
32 82
34 84
35 85
36 86
37 87
38 88
39 89
40 90
42 92
43 93
44 94
45 95
46 96
48 98
49 99
50 100
