50 100 34 3967
13 15 74 89 17 19 47 2 39 87 3 5 1 15 3 14 76 63 38 14 64 8 19 9 5 5 74 14 16 9 14 5 12 90 7 92 6 2 2 37 13 55 19 63 19 36 52 87 62 55
50 15 8 20 2 64 3 13 34 3 15 4 6 11 17 5 13 4 26 5 17 62 15 6 30 17 10 13 63 2 15 7 1 7 54 20 10 6 11 10 1 8 82 10 1 5 70 71 13 19 2 20 84 70 3 2 15 78 17 16 7 20 77 10 12 11 9 11 65 4 47 3 3 2 33 5 14 2 4 1 10 5 2 12 10 4 59 17 19 5 19 47 12 13 13 3 10 14 19 2
1 51
2 52
4 54
5 55
6 56
7 57
8 58
9 59
11 61
12 62
15 65
16 66
17 67
20 70
21 71
22 72
23 73
24 74
25 75
27 77
28 78
29 79
31 81
32 82
35 85
36 86
38 88
39 89
40 90
43 93
46 96
47 97
49 99
50 100
