70 30 154 6574
2 13 20 25 3 42 20 98 13 90 11 8 30 6 20 14 2 2 11 22 95 6 89 10 17 6 42 4 3 10 18 35 20 8 17 10 6 15 77 19 12 100 1 15 20 7 8 14 81 1 17 80 7 13 11 13 8 90 20 84 1 8 8 19 5 10 30 14 12 50
13 17 5 10 66 16 1 2 3 4 19 44 19 1 86 10 20 9 16 8 5 95 56 9 16 10 11 63 16 17
1 1
1 11
11 11
11 21
21 11
21 21
31 1
31 11
31 21
41 1
41 11
51 1
51 21
61 1
61 11
61 21
2 12
2 22
12 12
12 22
22 2
22 12
22 22
32 12
32 22
42 2
42 12
42 22
52 2
52 12
52 22
62 2
3 13
13 3
13 13
23 23
33 3
33 13
43 3
53 3
53 13
63 3
63 13
63 23
14 4
14 24
24 24
34 14
34 24
44 4
44 14
44 24
54 14
54 24
64 4
64 14
64 24
5 5
5 15
5 25
15 5
15 15
25 5
25 15
25 25
35 5
35 25
45 5
45 15
65 5
65 25
6 26
16 6
16 16
16 26
26 6
26 16
26 26
36 6
36 16
36 26
46 6
46 16
56 6
56 16
66 6
66 16
66 26
7 7
7 17
7 27
17 7
17 17
17 27
27 7
37 7
37 17
47 7
47 17
57 7
57 17
57 27
67 17
67 27
8 8
8 18
8 28
18 8
28 8
28 18
38 8
38 18
38 28
48 8
48 18
58 8
58 18
58 28
68 8
68 18
9 9
9 19
9 29
19 9
19 19
19 29
29 9
29 29
39 9
39 19
49 9
49 19
59 9
59 19
69 29
10 10
10 20
10 30
20 10
20 20
20 30
30 10
30 30
40 10
40 20
40 30
50 10
50 20
50 30
60 20
60 30
70 10
70 20
70 30
