40 40 116 8151
40 2 5 6 81 12 53 79 5 7 5 1 83 7 4 16 58 22 19 17 11 19 7 66 58 52 10 84 58 95 13 4 15 16 18 1 20 16 6 11
4 12 52 59 19 17 9 8 19 2 19 26 16 53 15 7 94 17 17 69 19 76 37 10 54 19 43 16 3 1 82 2 6 15 5 2 8 11 18 20
1 1
1 31
11 1
11 11
11 21
11 31
21 1
21 21
21 31
31 1
31 11
31 21
31 31
2 2
2 22
2 32
12 12
12 22
22 2
22 12
22 22
22 32
32 2
32 12
32 22
32 32
3 3
3 13
13 3
23 3
23 13
23 23
33 13
33 23
33 33
4 14
4 34
14 4
14 24
14 34
24 14
24 34
34 14
34 34
5 5
5 15
5 25
5 35
15 25
25 5
25 15
25 25
35 5
35 15
35 25
35 35
6 6
6 16
6 36
16 6
16 26
16 36
26 16
26 26
26 36
36 16
36 26
36 36
7 7
7 17
7 27
7 37
17 37
27 7
27 17
27 27
27 37
37 7
37 17
37 27
37 37
8 18
8 38
18 8
18 18
18 28
18 38
28 8
28 18
28 28
28 38
38 28
38 38
9 9
9 19
9 39
19 9
19 19
19 29
19 39
29 19
29 29
29 39
39 19
39 29
39 39
10 30
10 40
20 10
20 40
30 10
30 20
30 30
40 10
40 30
40 40
