50 50 173 1934
92 10 100 2 17 2 4 14 81 5 58 14 8 20 13 78 22 21 7 3 43 46 4 1 12 14 18 63 13 16 58 15 93 71 17 47 11 1 13 13 13 15 1 16 10 16 9 12 3 12
3 77 15 67 19 6 3 19 2 7 9 5 10 75 44 47 8 4 66 18 5 12 99 49 80 8 10 14 15 15 54 12 8 16 16 13 83 45 11 16 12 12 19 5 4 69 14 32 19 28
1 1
1 11
1 21
11 11
11 31
21 11
21 21
21 31
21 41
31 1
31 11
31 31
41 1
41 31
41 41
2 2
2 12
2 22
2 32
2 42
12 2
12 12
12 32
22 2
22 12
22 22
22 32
22 42
32 2
32 42
42 2
42 12
42 22
42 42
3 3
3 13
3 23
13 3
13 23
13 33
23 3
23 13
23 23
23 33
23 43
33 13
43 3
43 13
43 23
43 33
43 43
4 4
4 14
4 24
14 14
14 24
14 34
14 44
24 4
24 24
24 34
24 44
34 14
34 24
34 34
34 44
44 4
44 14
44 34
44 44
5 15
5 25
5 35
15 25
15 35
15 45
25 5
25 15
25 35
25 45
35 15
35 25
35 45
45 5
45 15
45 35
6 6
6 16
6 26
6 36
6 46
16 6
16 16
16 36
16 46
26 6
26 26
26 46
36 16
36 26
36 36
36 46
46 16
46 26
46 36
7 7
7 17
7 37
7 47
17 7
17 17
17 47
27 17
27 27
27 37
37 7
37 17
37 27
37 37
37 47
47 7
47 17
47 27
47 37
47 47
8 8
8 18
8 28
8 38
8 48
18 8
18 18
18 38
28 18
28 28
28 38
28 48
38 18
38 28
38 38
48 28
48 38
48 48
9 9
9 29
9 49
19 9
19 19
19 39
29 9
29 29
29 39
39 9
39 29
39 39
39 49
49 9
49 29
49 39
49 49
10 10
10 30
20 30
30 10
30 20
30 30
30 40
40 20
40 30
40 40
50 30
50 40
50 50
