100 100 729 9200
42 19 2 1 4 20 10 49 6 3 12 8 17 4 20 13 10 97 3 43 9 19 6 4 1 46 23 18 4 17 18 84 9 14 15 6 88 67 14 11 58 7 2 11 20 7 4 10 17 19 32 18 16 30 12 36 16 43 2 20 20 20 12 19 13 79 14 89 16 6 3 98 30 70 7 8 2 25 3 15 17 12 3 5 2 18 63 49 99 6 4 19 5 7 19 15 9 39 21 9
13 10 20 20 74 3 11 100 16 17 10 18 26 14 72 66 1 18 7 68 5 10 8 4 9 18 7 11 53 2 2 7 70 16 5 17 9 6 6 15 87 7 10 7 8 20 5 94 7 89 13 46 4 82 2 19 16 3 20 14 10 63 16 6 97 43 24 53 35 91 43 14 20 37 19 95 1 8 12 72 3 43 99 9 4 80 16 81 7 12 11 6 11 36 4 5 13 10 23 11
1 1
1 21
1 31
1 51
1 61
1 81
1 91
11 1
11 11
11 21
11 51
11 61
11 71
11 81
11 91
21 11
21 21
21 31
21 41
21 51
21 61
21 71
21 81
21 91
31 1
31 11
31 21
31 71
31 81
31 91
41 1
41 11
41 21
41 31
41 81
41 91
51 1
51 21
51 31
51 71
51 81
51 91
61 1
61 11
61 21
61 41
61 51
61 71
71 1
71 21
71 31
71 41
71 51
71 61
71 81
71 91
81 1
81 11
81 21
81 31
81 41
81 91
91 1
91 21
91 31
91 41
91 51
91 71
91 81
91 91
2 12
2 32
2 42
2 52
2 62
2 72
2 82
2 92
12 2
12 12
12 22
12 32
12 42
12 52
12 62
12 72
12 82
12 92
22 2
22 12
22 72
22 82
22 92
32 2
32 12
32 22
32 32
32 42
32 52
32 62
32 72
32 92
42 2
42 12
42 42
42 52
42 62
42 72
52 2
52 12
52 42
52 52
52 62
52 82
52 92
62 2
62 22
62 32
62 42
62 52
62 72
62 92
72 12
72 22
72 42
72 52
72 62
72 72
72 92
82 2
82 22
82 32
82 42
82 52
82 62
82 72
82 82
82 92
92 2
92 12
92 22
92 42
92 52
92 62
92 72
92 82
92 92
3 13
3 33
3 43
3 53
3 63
3 83
3 93
13 13
13 23
13 53
13 63
13 73
13 93
23 3
23 23
23 33
23 43
23 73
23 83
33 3
33 13
33 23
33 33
33 53
33 63
33 83
33 93
43 13
43 23
43 43
43 53
43 63
43 73
53 3
53 23
53 43
53 63
53 83
53 93
63 3
63 13
63 23
63 43
63 63
63 73
63 93
73 3
73 43
73 53
73 63
73 73
73 93
83 13
83 23
83 43
83 63
83 83
93 33
93 53
93 63
93 73
93 83
93 93
4 4
4 14
4 34
4 44
4 64
4 74
4 84
14 4
14 14
14 44
14 54
14 64
14 74
14 84
24 4
24 14
24 34
24 54
24 64
24 84
24 94
34 24
34 34
34 44
34 54
34 74
34 84
34 94
44 4
44 24
44 44
44 54
44 64
44 84
44 94
54 4
54 14
54 24
54 34
54 44
54 64
54 74
54 84
54 94
64 4
64 14
64 24
64 34
64 44
64 64
64 74
64 84
64 94
74 14
74 34
74 44
74 54
74 74
74 84
84 14
84 24
84 34
84 44
84 74
84 84
84 94
94 4
94 24
94 44
94 54
94 64
94 84
94 94
5 5
5 15
5 25
5 35
5 55
5 65
5 75
5 85
15 5
15 25
15 35
15 45
15 55
15 65
15 75
15 85
25 5
25 25
25 35
25 55
25 75
25 95
35 5
35 25
35 35
35 55
35 65
45 15
45 45
45 65
45 75
45 85
45 95
55 15
55 35
55 55
55 75
55 85
65 15
65 35
65 45
65 55
65 65
65 95
75 5
75 15
75 25
75 35
75 55
75 75
75 85
75 95
85 5
85 15
85 35
85 55
85 65
85 75
85 85
95 5
95 15
95 25
95 35
95 45
95 55
95 75
95 85
95 95
6 6
6 16
6 26
6 36
6 56
6 66
6 76
6 86
6 96
16 6
16 16
16 36
16 46
16 56
16 66
16 86
16 96
26 16
26 36
26 56
26 66
26 96
36 6
36 16
36 36
36 46
36 56
36 66
36 76
36 86
46 6
46 16
46 36
46 56
46 76
46 86
46 96
56 6
56 16
56 36
56 46
56 56
56 66
56 76
56 86
56 96
66 6
66 16
66 26
66 46
66 56
66 66
66 76
66 86
66 96
76 6
76 26
76 36
76 46
76 66
76 76
76 86
76 96
86 6
86 16
86 26
86 36
86 46
86 56
86 66
86 76
86 86
86 96
96 6
96 16
96 26
96 36
96 46
96 56
96 66
96 76
96 86
96 96
7 7
7 17
7 27
7 37
7 57
7 67
7 77
7 87
7 97
17 7
17 17
17 27
17 37
17 57
17 77
17 87
17 97
27 7
27 27
27 37
27 47
27 67
27 77
37 7
37 17
37 27
37 37
37 57
37 77
37 97
47 7
47 17
47 27
47 37
47 47
47 57
47 77
47 97
57 7
57 17
57 27
57 47
57 57
57 67
57 77
57 87
57 97
67 7
67 27
67 47
67 67
67 77
67 87
77 7
77 17
77 27
77 37
77 47
77 57
77 67
77 87
77 97
87 7
87 27
87 47
87 57
87 67
87 87
87 97
97 17
97 27
97 37
97 47
97 67
97 77
97 87
97 97
8 8
8 18
8 28
8 38
8 48
8 58
8 68
8 78
8 88
18 8
18 28
18 38
18 48
18 58
18 78
18 88
28 8
28 28
28 38
28 48
28 58
28 68
28 78
28 98
38 18
38 28
38 38
38 48
38 58
38 68
38 78
38 88
48 28
48 38
48 58
48 88
48 98
58 8
58 18
58 38
58 48
58 68
58 78
68 8
68 18
68 38
68 48
68 68
68 78
78 8
78 18
78 38
78 48
78 58
78 68
78 78
88 18
88 38
88 48
88 58
88 88
88 98
98 8
98 38
98 58
98 78
98 88
98 98
9 19
9 39
9 49
9 59
9 69
9 79
9 89
9 99
19 29
19 39
19 49
19 59
19 69
19 89
19 99
29 19
29 29
29 39
29 49
29 59
29 69
29 79
29 89
29 99
39 9
39 19
39 39
39 59
39 99
49 19
49 29
49 49
49 79
49 89
49 99
59 9
59 19
59 29
59 39
59 49
59 59
59 79
59 89
59 99
69 9
69 19
69 29
69 39
69 59
69 69
69 79
69 89
69 99
79 9
79 19
79 39
79 59
79 69
79 79
79 99
89 9
89 19
89 29
89 39
89 49
89 59
89 89
89 99
99 9
99 19
99 29
99 39
99 49
99 59
99 69
99 79
99 89
10 10
10 20
10 30
10 40
10 50
10 60
10 80
10 90
20 20
20 30
20 40
20 60
20 80
20 90
20 100
30 10
30 30
30 50
30 60
30 70
30 80
40 10
40 20
40 30
40 40
40 50
40 60
40 70
40 80
40 90
40 100
50 10
50 20
50 30
50 50
50 60
50 70
50 80
50 90
50 100
60 10
60 20
60 30
60 40
60 50
60 60
60 70
60 90
70 20
70 30
70 50
70 90
70 100
80 10
80 40
80 50
80 80
80 90
90 20
90 30
90 40
90 50
90 60
90 80
90 90
100 10
100 20
100 40
100 50
100 60
100 70
100 80
100 90
