50 50 183 7808
13 19 35 19 27 62 2 11 17 4 9 26 10 49 58 5 58 20 15 14 9 13 5 7 6 79 51 10 24 2 4 17 2 41 7 6 40 19 11 18 2 8 12 58 46 13 12 11 21 17
32 1 7 15 17 15 6 20 16 19 4 24 12 66 19 15 3 2 58 7 16 97 12 20 8 76 16 13 6 13 13 25 14 9 46 16 66 99 5 21 12 100 6 5 44 2 18 2 53 8
1 11
1 41
11 1
11 21
11 31
21 1
21 11
21 21
21 31
21 41
31 11
41 1
41 11
41 21
41 31
41 41
2 2
2 12
2 22
2 32
2 42
12 2
12 32
12 42
22 12
22 22
22 32
32 2
32 12
32 32
32 42
42 2
42 12
42 42
3 13
3 23
3 33
3 43
13 13
13 23
13 33
23 3
23 13
23 23
23 33
23 43
33 3
33 13
33 23
43 3
43 13
43 23
43 33
4 4
4 14
4 34
4 44
14 14
14 24
14 44
24 4
24 14
24 44
34 4
34 14
34 24
34 34
34 44
44 34
44 44
5 5
5 25
5 45
15 5
15 35
15 45
25 5
25 15
25 25
25 35
35 5
35 15
35 35
35 45
45 5
45 15
45 25
45 35
45 45
6 6
6 16
6 26
6 36
6 46
16 6
16 16
16 26
16 46
26 6
26 16
26 26
26 46
36 6
36 26
36 36
36 46
46 6
46 16
46 36
7 7
7 27
7 37
7 47
17 7
17 17
17 27
17 37
17 47
27 7
27 17
27 27
27 37
37 17
37 37
37 47
47 7
47 17
47 27
47 37
47 47
8 8
8 18
8 38
8 48
18 8
18 18
18 28
18 38
18 48
28 8
28 18
28 28
28 38
28 48
38 8
38 18
38 28
38 38
48 8
48 18
48 28
48 48
9 9
9 19
9 39
19 9
19 19
19 29
19 39
19 49
29 9
29 19
29 29
29 49
39 9
39 39
39 49
49 9
49 39
49 49
10 20
10 30
10 40
20 10
20 20
20 30
30 10
30 40
30 50
40 40
50 10
50 40
50 50
