99 99 721 4361
99 5 15 47 1 20 20 81 18 7 5 3 1 81 94 6 13 10 92 7 69 9 2 6 2 20 42 16 15 2 91 81 13 16 20 20 16 6 14 6 15 12 9 31 9 10 70 3 18 13 99 62 5 14 6 12 13 78 73 17 11 13 71 78 5 20 14 17 41 12 5 8 18 8 7 15 12 1 99 10 11 23 4 15 13 71 78 15 74 7 16 4 20 9 5 8 80 4 21
18 2 7 16 13 2 18 4 14 53 5 6 8 17 5 38 7 1 17 20 9 62 5 19 20 12 13 2 14 74 75 3 15 7 13 2 9 12 61 9 88 15 11 12 11 8 52 1 56 69 14 3 2 2 85 15 71 100 19 47 20 12 14 17 30 18 12 10 14 3 30 95 27 79 20 15 3 64 41 18 85 4 9 5 41 20 20 41 2 1 8 87 13 17 16 15 7 95 18
1 2
1 12
1 32
1 42
1 62
1 72
1 82
1 92
11 2
11 12
11 22
11 32
11 42
11 52
11 62
11 82
11 92
21 2
21 12
21 22
21 42
21 62
21 82
21 92
31 2
31 12
31 32
31 52
31 62
31 82
31 92
41 2
41 12
41 42
41 52
41 62
41 72
41 82
41 92
51 12
51 22
51 42
51 52
51 62
51 72
51 82
51 92
61 2
61 32
61 42
61 52
61 62
61 72
61 82
61 92
71 2
71 12
71 22
71 52
71 62
71 72
71 82
71 92
81 2
81 12
81 22
81 32
81 52
81 72
81 92
91 12
91 32
91 42
91 52
91 62
91 72
91 82
2 3
2 13
2 43
2 53
2 73
2 93
12 3
12 33
12 43
12 53
12 63
12 73
12 83
22 3
22 13
22 23
22 33
22 43
22 53
22 63
22 73
22 93
32 3
32 13
32 23
32 33
32 43
32 53
32 63
32 83
32 93
42 13
42 23
42 33
42 43
42 53
42 63
42 73
42 83
42 93
52 23
52 43
52 63
62 3
62 23
62 43
62 63
62 73
62 83
62 93
72 3
72 13
72 23
72 33
72 63
72 83
82 13
82 23
82 33
82 43
82 53
82 63
82 73
82 83
82 93
92 3
92 13
92 33
92 53
92 63
92 73
92 83
3 4
3 14
3 24
3 34
3 64
3 74
3 84
3 94
13 14
13 24
13 44
13 54
13 64
13 74
13 84
13 94
23 4
23 14
23 24
23 44
23 54
23 64
23 74
23 84
23 94
33 4
33 34
33 44
33 64
33 84
43 14
43 24
43 54
43 64
43 74
53 4
53 14
53 24
53 34
53 44
53 54
53 64
53 74
53 94
63 4
63 14
63 24
63 34
63 54
63 64
63 74
73 4
73 14
73 24
73 44
73 54
73 64
73 74
73 84
83 4
83 44
83 64
83 74
93 14
93 34
93 44
93 54
93 64
93 94
4 5
4 25
4 85
4 95
14 5
14 15
14 35
14 45
14 55
14 65
14 95
24 5
24 35
24 55
24 65
24 75
24 85
24 95
34 5
34 15
34 55
34 75
34 85
34 95
44 15
44 25
44 35
44 45
44 55
44 65
44 75
44 85
54 5
54 25
54 45
54 55
54 65
54 75
54 85
54 95
64 5
64 15
64 25
64 55
64 75
64 85
64 95
74 15
74 25
74 35
74 45
74 55
74 65
74 75
74 95
84 5
84 15
84 25
84 35
84 45
84 55
84 65
84 75
84 85
84 95
94 5
94 35
94 55
94 65
94 75
94 85
5 6
5 16
5 26
5 46
5 56
5 76
5 86
5 96
15 16
15 26
15 36
15 46
15 66
15 76
15 86
15 96
25 6
25 16
25 26
25 36
25 46
25 56
25 66
25 76
25 96
35 6
35 16
35 26
35 36
35 46
35 56
35 66
35 76
35 86
35 96
45 6
45 16
45 26
45 36
45 56
45 76
45 86
55 6
55 16
55 26
55 36
55 46
55 76
55 86
55 96
65 6
65 16
65 26
65 36
65 46
65 56
65 66
65 96
75 6
75 26
75 36
75 46
75 56
75 66
75 76
75 86
75 96
85 16
85 36
85 46
85 56
85 66
95 16
95 26
95 46
95 56
95 66
95 76
95 86
95 96
6 7
6 17
6 27
6 47
6 57
6 77
6 97
16 7
16 17
16 27
16 47
16 57
16 67
16 77
26 7
26 17
26 27
26 37
26 47
26 67
26 77
36 7
36 47
36 57
36 67
36 77
36 97
46 7
46 17
46 27
46 37
46 57
46 67
46 77
46 87
46 97
56 7
56 17
56 27
56 37
56 47
56 57
56 77
66 17
66 27
66 37
66 47
66 67
66 77
66 87
66 97
76 7
76 17
76 27
76 37
76 47
76 57
76 67
76 77
76 87
76 97
86 27
86 37
86 57
86 67
86 77
86 87
86 97
96 7
96 17
96 37
96 47
96 57
96 67
96 77
96 97
7 18
7 28
7 38
7 48
7 58
7 68
7 78
7 98
17 8
17 28
17 38
17 48
17 58
17 68
17 78
17 88
27 8
27 18
27 38
27 48
27 78
27 88
27 98
37 8
37 18
37 28
37 38
37 48
37 58
37 68
37 78
37 98
47 8
47 18
47 28
47 48
47 58
47 68
47 78
47 88
47 98
57 8
57 18
57 28
57 38
57 58
57 78
57 98
67 8
67 18
67 28
67 38
67 48
67 58
67 68
67 78
67 88
67 98
77 8
77 28
77 48
77 58
77 98
87 18
87 28
87 48
87 58
87 68
87 78
87 88
87 98
97 8
97 38
97 48
97 68
97 78
97 88
8 9
8 19
8 29
8 39
8 49
8 59
8 69
8 79
8 89
8 99
18 9
18 19
18 39
18 49
18 59
18 69
18 99
28 19
28 29
28 39
28 49
28 59
28 69
28 79
28 89
28 99
38 9
38 19
38 59
38 69
38 79
38 89
38 99
48 9
48 19
48 39
48 49
48 69
48 79
48 89
48 99
58 29
58 39
58 49
58 59
58 69
58 79
58 89
58 99
68 9
68 59
68 89
68 99
78 9
78 19
78 29
78 79
78 89
78 99
88 19
88 39
88 49
88 59
88 69
88 89
88 99
98 39
98 49
98 69
98 89
98 99
9 10
9 20
9 30
9 40
9 70
9 80
9 90
19 10
19 40
19 50
19 60
19 80
19 90
29 20
29 30
29 40
29 50
29 60
29 70
39 20
39 30
39 40
39 50
39 80
39 90
49 10
49 20
49 30
49 60
49 90
59 10
59 20
59 40
59 50
59 60
59 70
59 80
69 20
69 30
69 40
69 50
69 70
69 80
69 90
79 10
79 40
79 60
79 70
79 80
79 90
89 20
89 30
89 40
89 50
89 60
89 70
89 80
99 10
99 30
99 40
99 50
99 60
99 70
99 80
99 90
10 1
10 11
10 31
10 51
10 71
10 81
20 1
20 31
20 51
20 61
20 91
30 1
30 21
30 31
30 41
30 51
30 71
30 81
30 91
40 11
40 21
40 31
40 41
40 51
40 61
40 71
40 81
50 1
50 31
50 41
50 51
50 61
50 71
60 1
60 11
60 21
60 31
60 41
60 71
60 81
60 91
70 1
70 31
70 41
70 51
70 71
70 81
70 91
80 1
80 11
80 31
80 61
80 71
80 81
80 91
90 1
90 11
90 21
90 31
90 51
90 61
90 81
90 91
