100
29670204 36564893
90491218 16478984
4033804 58203302
18570302 29963560
30477657 57373819
90659764 68958579
63257953 66509513
3573278 7419300
42951419 44214306
25922798 36733916
34615570 66666892
85317854 36675777
27079462 51485744
31720044 5148445
49473874 9234313
64126726 9213145
83697257 88708568
73887255 41950698
88963248 63134423
242103 79760619
94254152 28682450
8584958 78855925
64315978 67627392
35669135 92748753
74673048 1219635
7493882 49999235
63877913 37564231
41880938 30287586
91853510 65468538
64521 92898383
16382822 16352549
35196474 34549541
16393331 76094906
32120927 89047405
53329977 19778233
19898157 18979515
9732961 87634421
14136730 75123257
9768366 32591043
28338026 44740071
36903951 87965884
98226499 51101491
44299514 54964914
15227922 20722070
12594951 64700569
98473138 22380168
79237142 50609431
53850813 79737851
96389567 19362239
55846786 78137344
25977593 83014011
66556211 96233414
60331114 17987574
24374983 61531543
7824583 2892998
77212752 78413391
54111079 17929782
92399106 46911890
83752405 32846568
48792645 88842864
7610871 26612735
24087607 6299203
79999337 39662060
89907652 14281330
3160399 44652313
92285701 4320633
23547541 62894914
1425879 93865161
46561949 45091356
34857690 85286118
10667069 85570209
89937399 41109389
43985392 54861612
70215486 83463082
41406225 99929872
39622205 29265546
32528477 45630870
45824012 81062862
2452451 84161176
50388974 69480168
10906139 11099152
46922815 89475420
1964501 7614040
50350176 9533702
80742127 93206027
28819539 25722238
26362135 10069617
20643022 31623453
33130229 82168899
23913393 8666471
18695037 73316567
3680563 72052805
68926935 37992371
87854469 80157247
93521704 50555421
93108457 43764699
43373336 41064868
37313807 17107666
35497496 73957888
69911830 79286037
