100
1327 1248
225 245
2 91
2262 2142
384 394
552 456
1083 875
733 645
780 572
2165 1958
2037 1814
2306 2091
3049 2878
1200 1080
2022 1793
1519 1343
597 491
1646 1505
2284 2094
796 645
1857 1605
1548 1372
2063 1856
15 51
1591 1417
3097 2874
2748 2556
1373 1237
387 401
2799 2550
262 228
2081 1887
461 406
2300 2083
946 774
2517 2206
2915 2731
1633 1459
2581 2377
950 684
1228 1091
1031 919
759 562
1566 1344
211 245
1084 856
2519 2273
1203 1066
2077 1969
1368 1234
2929 2686
78 79
1254 1079
2091 1886
2943 2674
2905 2671
1834 1647
2895 2697
924 740
387 411
223 231
2806 2538
2003 1797
1062 907
895 768
2564 2434
736 600
1656 1529
1705 1463
1891 1646
1525 1392
2617 2356
617 452
8 57
1066 906
3116 2864
3065 2847
1350 1289
2454 2287
1972 1837
584 525
1827 1580
369 365
2513 2200
3059 2832
2474 2252
2756 2539
1618 1507
2138 1915
61 44
1831 1611
244 264
620 525
1235 1126
2581 2382
950 710
2607 2408
2791 2614
1395 1253
2341 2090
