100
1297 1314
2805 2868
30 85
2745 2925
2509 2493
1486 1462
282 271
983 982
2867 3135
1044 1070
2858 3056
249 215
443 397
1383 1323
1918 1986
2529 2555
1342 1305
289 193
2803 2897
1839 1785
2925 3095
2192 2180
220 211
1892 1943
688 633
570 561
1498 1474
835 841
384 425
949 1050
42 32
2184 2246
1207 1154
1340 1294
698 684
2665 2735
1764 1803
2033 2084
1233 1208
1167 1118
2647 2708
1809 1843
413 348
279 221
702 644
565 524
811 808
1698 1680
2244 2242
1200 1183
2794 2915
592 564
1900 1997
1543 1399
2331 2388
2307 2404
62 99
2522 2534
1778 1796
585 581
578 560
2845 3111
1904 1981
2212 2204
1538 1404
2642 2692
2607 2761
2667 2712
1031 1027
799 868
838 844
460 425
1347 1370
1678 1644
1004 979
80 10
2769 2864
2348 2448
1689 1682
2087 2104
1648 1663
2510 2512
2844 3070
2244 2250
18 59
1639 1618
2302 2428
840 871
2061 2066
1942 1998
1144 1179
453 441
718 650
1794 1787
2332 2373
2033 2080
1565 1415
685 618
2527 2528
2114 2143
