100
20373040 40006729
8688339 15387772
2692051 51853177
93465284 40838120
25751598 93397493
22010325 30622895
89159504 75685425
12549709 77052593
61837331 30449529
21519730 1231106
73179329 20450534
76510051 20587889
63803723 20225015
59828036 33746347
92168745 12852139
87585826 60746549
63885048 96552762
25706219 46892764
26281135 43020515
84932358 9521000
55074804 30295216
14262634 68159120
45168484 77547674
34181257 11120752
40409976 48928434
56554475 95250280
792726 14624722
91902546 58130457
38818029 33909074
45239576 35702849
95086087 68539469
8165175 66946607
87267844 39847854
16815337 88139058
45703134 90568699
51902743 58134121
53984557 30428994
29114909 39932084
37046732 44445652
274684 99754444
85956691 99128524
24341065 27773784
6924292 44670483
1189542 63409169
74919273 55242324
26552486 16527613
10293060 17712137
25812016 64538184
95721044 96596954
69137225 65460928
39197931 99282946
63198826 38739013
77076484 14961817
92762207 17914170
69372828 58301743
93821472 68061674
28028396 47116748
20601785 70831868
28973099 70799138
96661081 86813943
10227050 74774091
95341025 55564203
72553037 97386606
39927132 99254238
36832007 68082268
95172850 21325898
67225277 81642289
24036369 42504672
26177385 94899580
92989076 15209313
2140403 9707605
43875327 95233812
48623385 18790761
567561 16693131
89698068 28239671
7951911 55003786
42625804 95514338
74376645 57892382
63364955 239882
70362294 30300475
41296699 87606241
93326391 68134604
3702748 76328630
2339943 33098428
4638022 11183069
59028342 68634298
39190905 60872453
85883762 44452956
26481772 80896289
27908772 13197875
5559747 1330664
15706496 64102611
97184447 60970477
82887845 18518389
93188162 58049462
86608844 82011610
27902494 91850022
2345624 43211442
87881324 30373077
46602513 61533280
