100
328 99999597
279 99999632
205 99999808
345 99999594
34 99999908
466 99999500
537 99999463
73 99999982
467 99999434
31 99999954
306 99999601
48 99999906
536 99999420
53 99999959
315 99999651
77 99999976
52 99999924
498 99999502
259 99999582
321 99999560
207 99999773
55 99999903
178 99999844
166 99999847
90 99999911
148 99999793
161 99999760
519 99999513
54 99999919
493 99999417
531 99999509
97 99999978
154 99999829
483 99999446
125 99999841
37 99999978
342 99999615
498 99999447
119 99999769
152 99999845
289 99999580
91 99999949
540 99999436
335 99999586
526 99999446
39 99999959
313 99999628
126 99999805
83 99999977
500 99999459
113 99999830
202 99999758
499 99999467
266 99999571
163 99999763
29 99999960
123 99999753
306 99999644
470 99999478
65 99999915
186 99999839
524 99999485
337 99999568
286 99999649
527 99999478
333 99999629
326 99999567
531 99999493
326 99999611
263 99999577
265 99999632
156 99999756
467 99999457
519 99999461
168 99999784
59 99999962
541 99999453
258 99999616
328 99999651
117 99999791
123 99999847
476 99999423
511 99999423
311 99999581
75 99999994
302 99999571
39 99999913
465 99999487
204 99999776
69 99999956
60 99999934
529 99999500
307 99999624
132 99999819
42 99999970
197 99999795
15 99999933
133 99999784
90 99999902
167 99999769
