100
205 99999851
502 99999429
455 99999401
501 99999412
38 99999991
45 99999954
448 99999408
53 99999908
199 99999842
140 99999837
157 99999853
150 99999792
64 99999963
431 99999400
366 99999652
345 99999640
360 99999604
30 99999925
441 99999401
44 99999957
323 99999668
171 99999820
448 99999419
17 99999968
476 99999476
195 99999876
78 99999912
335 99999665
139 99999820
233 99999802
2 99999917
183 99999824
95 99999982
321 99999588
203 99999817
40 99999919
366 99999672
8 99999977
431 99999489
177 99999796
34 99999920
227 99999796
440 99999480
495 99999460
47 99999976
310 99999674
9 99999927
387 99999628
480 99999485
444 99999449
312 99999638
222 99999801
516 99999475
364 99999601
219 99999800
296 99999587
35 99999937
303 99999593
439 99999437
95 99999903
460 99999483
492 99999415
474 99999470
425 99999416
350 99999615
368 99999592
227 99999807
314 99999604
430 99999401
197 99999866
30 99999935
489 99999406
60 99999944
196 99999820
302 99999611
298 99999613
313 99999619
170 99999840
32 99999986
482 99999393
341 99999620
305 99999627
65 99999997
171 99999813
421 99999450
63 99999942
216 99999845
154 99999824
344 99999655
418 99999480
38 99999922
394 99999636
226 99999873
223 99999833
298 99999592
419 99999408
345 99999651
69 99999922
96 99999950
228 99999791
