100
99999402 99999553
99999798 99999866
99999405 99999543
99999779 99999874
99999800 99999862
99999784 99999858
99999977 99999938
99999746 99999855
99999473 99999541
99999449 99999541
99999971 99999905
99999947 99999912
99999763 99999826
99999940 99999917
99999580 99999713
99999602 99999678
99999586 99999659
99999628 99999667
99999551 99999640
99999925 99999962
99999449 99999608
99999798 99999813
99999484 99999588
99999749 99999783
99999771 99999784
99999984 99999987
99999798 99999868
99999910 99999988
99999740 99999790
99999791 99999863
99999407 99999548
99999467 99999522
99999469 99999609
99999481 99999609
99999996 99999927
99999587 99999655
99999943 99999963
99999547 99999728
99999553 99999731
99999743 99999878
99999630 99999672
99999584 99999670
99999441 99999582
99999475 99999532
99999922 99999934
99999959 99999972
99999486 99999556
99999615 99999724
99999578 99999646
99999778 99999825
99999577 99999731
99999951 99999956
99999993 99999949
99999564 99999633
99999914 99999908
99999415 99999572
99999412 99999541
99999479 99999540
99999604 99999720
99999828 99999847
99999787 99999794
99999758 99999852
99999777 99999789
99999559 99999653
99999399 99999537
99999567 99999712
99999759 99999828
99999916 99999953
99999436 99999606
99999450 99999608
99999819 99999878
99999571 99999638
99999600 99999650
99999398 99999602
99999776 99999843
99999901 99999914
99999750 99999833
99999479 99999569
99999566 99999687
99999622 99999691
99999483 99999532
99999914 99999983
99999607 99999716
99999475 99999543
99999818 99999818
99999940 99999964
99999465 99999600
99999591 99999652
99999942 99999965
99999575 99999727
99999985 99999936
99999598 99999668
99999746 99999874
99999424 99999599
99999991 99999981
99999963 99999984
99999995 99999932
99999943 99999928
99999810 99999820
99999966 99999906
