1000
99998884 99999017
99994882 99994757
99997402 99997443
99994244 99994161
99998831 99998842
99996378 99996336
99994506 99994281
99995148 99995113
99995271 99995316
99998945 99998937
99998621 99998747
99996623 99996802
99998315 99998518
99999569 99999575
99995750 99995874
99998910 99998966
99996940 99997036
99998835 99998913
99997568 99997558
99997271 99997355
99995483 99995455
99998073 99998169
99998910 99998942
99997298 99997291
99996128 99996126
99998772 99998819
99994715 99994603
99999981 99999956
99997503 99997635
99999130 99999172
99999394 99999435
99995274 99995280
99994487 99994290
99996838 99996923
99999361 99999408
99997250 99997337
99997810 99997812
99997265 99997277
99995988 99996031
99999669 99999665
99997369 99997381
99996670 99996716
99998295 99998461
99999389 99999420
99998164 99998343
99999159 99999098
99997356 99997424
99995580 99995667
99996847 99996883
99998525 99998596
99999969 99999916
99995512 99995472
99996113 99996157
99996174 99996122
99998507 99998563
99998345 99998425
99998663 99998732
99995816 99995831
99998332 99998485
99995576 99995694
99995778 99995822
99997147 99997210
99999315 99999270
99998890 99998984
99995252 99995337
99999931 99999960
99996607 99996735
99997771 99997738
99996258 99996250
99994425 99994346
99994256 99994136
99998112 99998089
99998152 99998347
99998829 99998902
99999881 99999852
99996646 99996786
99995655 99995642
99997150 99997182
99995143 99995085
99997345 99997459
99996105 99996205
99995975 99996014
99999626 99999594
99998197 99998285
99995433 99995537
99995143 99995180
99997542 99997577
99995093 99995165
99995576 99995645
99999931 99999987
99999660 99999711
99995089 99995151
99994898 99994782
99996432 99996526
99997340 99997404
99997756 99997738
99999786 99999795
99995618 99995736
99994991 99994957
99999160 99999135
99996844 99996970
99999953 99999918
99998658 99998691
99997373 99997427
99996605 99996766
99998678 99998763
99997824 99997798
99998306 99998477
99996000 99996015
99994900 99994774
99998924 99998948
99994255 99994171
99998935 99999030
99995436 99995475
99998335 99998425
99997003 99997023
99998503 99998586
99996609 99996711
99994296 99994154
99997798 99997805
99995008 99994918
99996610 99996758
99995827 99995874
99998481 99998609
99994655 99994437
99997328 99997440
99996420 99996335
99996825 99996954
99996785 99996942
99994250 99994128
99996970 99997067
99999990 99999952
99994248 99994151
99994639 99994475
99999718 99999725
99995269 99995346
99997538 99997620
99995591 99995649
99998904 99999013
99995265 99995341
99994822 99994819
99994991 99994904
99999229 99999315
99999363 99999414
99994257 99994109
99998780 99998898
99999453 99999387
99998491 99998586
99997951 99997878
99998311 99998428
99994721 99994564
99997810 99997829
99995322 99995364
99998648 99998754
99997683 99997740
99998940 99999002
99996608 99996794
99996769 99996927
99999273 99999307
99998883 99998980
99998151 99998339
99997980 99997909
99995044 99994916
99996941 99997101
99997891 99997849
99996433 99996587
99996279 99996259
99998453 99998573
99996787 99996937
99999591 99999605
99996233 99996291
99997810 99997805
99994761 99994624
99997763 99997734
99996810 99996891
99994457 99994278
99998210 99998313
99995026 99994931
99996406 99996402
99994722 99994635
99997740 99997718
99994781 99994571
99994824 99994839
99996108 99996174
99998711 99998701
99998839 99998820
99998065 99998168
99994700 99994453
99999067 99999121
99998789 99998891
99998109 99998097
99998226 99998318
99996130 99996140
99998895 99999032
99996503 99996564
99997111 99997213
99995155 99995176
99996508 99996592
99999733 99999699
99999107 99999102
99998960 99999005
99999574 99999589
99994630 99994464
99999121 99999180
99994661 99994477
99997552 99997567
99998836 99998863
99997546 99997597
99994731 99994575
99998451 99998584
99998078 99998120
99998689 99998746
99995505 99995458
99999678 99999743
99995075 99995153
99995435 99995528
99995653 99995721
99999753 99999756
99996337 99996347
99999975 99999932
99995996 99995986
99995025 99994972
99997239 99997281
99998173 99998267
99998516 99998576
99998176 99998274
99996995 99997100
99996442 99996553
99994313 99994081
99995022 99994919
99996193 99996285
99999695 99999709
99995830 99995810
99994657 99994475
99998066 99998160
99998085 99998133
99994817 99994798
99996440 99996586
99996994 99997024
99998656 99998736
99997887 99997793
99997409 99997397
99997580 99997550
99994645 99994429
99997500 99997601
99994672 99994485
99994480 99994298
99994753 99994591
99999932 99999986
99997191 99997179
99999279 99999282
99994682 99994493
99995441 99995537
99997524 99997619
99997710 99997717
99997966 99997931
99997812 99997852
99995465 99995540
99997770 99997723
99998502 99998614
99994775 99994557
99994837 99994765
99998536 99998598
99995643 99995709
99995096 99995119
99999306 99999322
99996395 99996355
99997112 99997171
99998545 99998574
99998617 99998723
99997350 99997393
99994246 99994081
99996356 99996394
99998869 99998943
99996286 99996223
99994984 99994967
99998832 99998832
99995117 99995172
99998888 99998945
99995284 99995306
99997748 99997744
99999831 99999842
99998636 99998695
99998214 99998293
99996517 99996600
99999938 99999977
99995301 99995275
99996492 99996529
99995761 99995808
99995116 99995123
99998451 99998598
99998493 99998552
99998651 99998747
99999825 99999834
99998222 99998354
99997978 99997941
99996205 99996307
99995454 99995541
99999802 99999825
99997032 99997030
99998545 99998612
99999264 99999297
99994425 99994303
99996938 99997069
99999906 99999927
99997305 99997307
99998205 99998334
99994751 99994649
99996109 99996147
99999232 99999308
99997985 99997915
99997761 99997676
99996172 99996126
99995041 99994898
99997754 99997743
99996939 99997028
99996113 99996143
99997956 99997918
99995439 99995457
99997814 99997824
99994433 99994357
99994428 99994283
99997378 99997383
99998324 99998491
99995739 99995860
99995595 99995696
99995830 99995856
99995316 99995364
99999446 99999464
99997941 99997936
99996457 99996574
99994744 99994579
99998355 99998439
99998938 99998973
99997958 99997909
99996404 99996410
99994903 99994765
99996193 99996306
99995761 99995862
99996478 99996594
99999596 99999598
99998684 99998703
99997944 99997925
99998277 99998521
99995444 99995545
99999415 99999385
99995279 99995360
99998456 99998623
99994454 99994310
99996625 99996727
99997591 99997559
99995439 99995499
99997208 99997351
99999400 99999390
99998177 99998327
99998152 99998308
99997877 99997804
99994980 99994927
99997006 99997102
99995094 99995138
99999311 99999243
99999715 99999678
99995023 99994922
99998892 99998961
99998054 99998077
99995629 99995646
99997998 99997940
99994238 99994162
99994791 99994592
99994913 99994843
99999559 99999593
99997526 99997648
99997566 99997552
99996963 99997053
99995809 99995866
99996493 99996611
99996273 99996224
99996485 99996524
99996819 99996904
99998053 99998106
99997024 99997074
99996266 99996296
99996358 99996396
99998836 99998875
99999752 99999738
99996633 99996715
99999624 99999537
99997395 99997421
99994953 99994910
99998906 99999004
99999981 99999972
99999922 99999981
99994426 99994347
99997238 99997278
99997271 99997286
99996145 99996153
99997002 99997055
99999366 99999467
99995029 99994918
99997747 99997713
99997114 99997228
99998007 99997934
99995036 99994930
99997382 99997408
99998808 99998836
99996268 99996243
99995315 99995339
99994855 99994763
99997809 99997813
99999800 99999815
99999906 99999970
99999138 99999142
99999316 99999272
99999975 99999988
99996776 99996903
99998618 99998707
99998876 99998949
99995973 99995990
99994732 99994584
99999567 99999555
99994265 99994092
99997777 99997753
99995784 99995850
99995945 99996054
99995666 99995662
99999405 99999409
99999452 99999439
99997552 99997590
99998671 99998738
99994290 99994093
99996806 99996941
99996975 99997054
99994744 99994629
99995330 99995275
99997270 99997300
99999801 99999857
99999875 99999857
99994264 99994159
99999135 99999162
99997415 99997428
99999402 99999441
99997102 99997185
99995958 99995983
99999380 99999381
99997890 99997862
99998095 99998128
99999124 99999119
99995515 99995517
99996007 99996050
99994286 99994119
99998790 99998832
99997870 99997810
99999881 99999812
99998160 99998344
99997375 99997404
99999149 99999091
99997757 99997683
99997144 99997211
99999244 99999305
99996232 99996281
99994279 99994109
99994992 99994974
99997256 99997366
99999812 99999855
99999291 99999308
99994773 99994562
99996679 99996763
99995954 99996060
99996611 99996730
99998826 99998882
99997683 99997711
99995084 99995118
99996514 99996557
99998845 99998859
99994733 99994614
99995594 99995719
99999588 99999563
99998174 99998353
99996393 99996377
99996472 99996558
99997591 99997574
99997735 99997721
99997214 99997342
99998132 99998127
99995938 99995978
99994289 99994107
99999089 99999170
99999595 99999551
99994424 99994361
99997546 99997617
99996194 99996302
99998311 99998463
99997690 99997700
99995481 99995476
99995931 99996001
99996355 99996347
99996135 99996145
99996157 99996192
99997230 99997316
99997189 99997204
99998694 99998745
99998681 99998737
99997004 99997032
99994747 99994609
99995928 99996040
99995458 99995479
99994755 99994641
99996603 99996712
99995912 99995984
99997372 99997432
99998160 99998329
99994631 99994461
99994970 99994925
99998152 99998298
99995028 99994909
99997510 99997553
99997137 99997254
99994912 99994812
99994859 99994749
99998485 99998594
99999101 99999145
99997878 99997863
99994859 99994790
99999110 99999116
99994659 99994501
99998191 99998313
99994697 99994434
99998937 99998939
99995773 99995864
99998059 99998148
99999883 99999828
99997239 99997322
99996120 99996133
99996408 99996375
99999938 99999945
99995768 99995836
99997242 99997356
99999636 99999600
99998807 99998858
99998083 99998114
99998510 99998610
99994320 99994150
99998846 99998856
99999151 99999133
99998511 99998606
99998879 99998997
99994247 99994102
99997699 99997685
99999789 99999784
99999706 99999703
99996418 99996325
99997192 99997219
99994978 99994943
99996495 99996553
99994687 99994472
99998937 99998963
99997696 99997711
99994697 99994453
99997209 99997302
99995821 99995823
99999960 99999917
99994612 99994428
99999066 99999096
99995135 99995156
99999727 99999681
99999287 99999264
99995153 99995177
99995513 99995523
99996329 99996386
99998048 99998143
99996640 99996723
99997162 99997158
99998137 99998155
99998299 99998466
99997740 99997697
99996844 99996910
99994454 99994289
99998531 99998558
99994760 99994582
99997188 99997252
99996777 99996949
99997363 99997442
99997025 99997073
99995034 99994917
99994443 99994344
99996968 99997058
99998006 99997885
99996385 99996399
99997297 99997272
99999396 99999430
99995665 99995643
99995274 99995370
99996291 99996238
99999447 99999456
99997875 99997814
99997813 99997795
99996175 99996175
99999413 99999431
99995928 99996037
99999567 99999538
99995735 99995784
99994635 99994435
99997289 99997327
99997332 99997373
99999903 99999989
99998639 99998707
99995764 99995855
99997683 99997678
99996149 99996119
99997414 99997387
99997162 99997206
99997752 99997686
99997961 99997882
99998045 99998139
99997574 99997596
99998818 99998878
99995589 99995665
99997826 99997813
99996612 99996793
99995500 99995496
99996483 99996558
99996984 99997090
99999680 99999753
99996596 99996714
99998351 99998478
99999286 99999299
99994239 99994084
99994888 99994775
99995252 99995304
99998202 99998348
99995662 99995730
99999357 99999384
99996427 99996570
99996334 99996378
99997375 99997386
99998035 99997965
99994826 99994778
99995957 99996062
99994966 99994967
99999416 99999428
99999593 99999580
99998191 99998327
99996643 99996797
99999086 99999119
99996380 99996374
99995916 99995983
99998226 99998323
99995592 99995657
99996203 99996263
99995652 99995716
99995975 99995993
99999279 99999261
99997237 99997339
99997284 99997292
99995462 99995454
99994948 99994913
99997410 99997411
99994796 99994600
99996380 99996366
99999085 99999107
99996402 99996381
99999559 99999552
99996399 99996386
99997582 99997581
99996418 99996402
99999440 99999413
99998328 99998425
99995444 99995457
99996157 99996159
99998820 99998819
99998828 99998858
99998320 99998511
99996134 99996195
99999875 99999804
99997412 99997429
99999829 99999783
99995593 99995724
99995298 99995365
99996152 99996168
99999684 99999665
99999696 99999695
99998670 99998685
99999740 99999719
99999158 99999098
99996283 99996233
99994456 99994272
99999267 99999245
99999719 99999756
99999297 99999283
99999560 99999529
99999752 99999710
99999225 99999254
99995088 99995144
99999862 99999853
99997766 99997707
99994767 99994580
99999563 99999582
99994283 99994133
99996201 99996302
99998362 99998510
99999970 99999988
99996855 99996884
99995473 99995447
99995067 99995136
99999884 99999869
99994904 99994839
99997871 99997817
99994442 99994271
99995103 99995107
99998669 99998764
99998206 99998303
99995909 99996075
99997581 99997644
99997173 99997234
99996228 99996298
99996142 99996210
99996860 99996924
99996110 99996183
99996389 99996419
99995993 99996012
99999153 99999129
99996192 99996243
99999411 99999461
99995652 99995703
99996144 99996154
99997019 99997036
99998780 99998843
99996516 99996603
99998760 99998888
99994488 99994356
99998638 99998704
99994949 99994910
99998049 99998166
99997946 99997906
99998471 99998617
99996976 99997107
99997167 99997221
99995120 99995102
99995946 99996005
99994496 99994283
99997872 99997836
99997816 99997789
99999847 99999850
99997854 99997816
99997108 99997208
99999884 99999784
99994483 99994287
99999591 99999555
99994682 99994497
99994257 99994152
99995126 99995110
99997103 99997189
99999593 99999604
99994764 99994587
99996811 99996959
99995104 99995120
99997691 99997682
99995112 99995152
99997964 99997967
99996659 99996798
99997182 99997181
99999552 99999514
99994700 99994458
99998188 99998312
99998291 99998469
99996978 99997104
99996850 99996951
99994610 99994437
99994763 99994602
99996174 99996162
99994689 99994428
99996837 99996946
99994294 99994148
99997304 99997336
99997381 99997372
99997006 99997049
99995267 99995327
99996806 99996878
99997940 99997917
99996167 99996177
99999986 99999943
99995575 99995710
99999823 99999836
99998321 99998466
99998655 99998766
99999949 99999970
99997114 99997212
99998322 99998469
99995434 99995487
99997964 99997940
99999722 99999679
99999915 99999949
99997754 99997681
99997824 99997861
99995242 99995310
99999634 99999516
99998865 99999005
99994897 99994799
99994311 99994155
99998014 99997908
99997707 99997755
99998130 99998127
99999708 99999722
99995947 99995994
99996290 99996269
99999641 99999551
99996601 99996777
99998908 99998963
99997982 99997953
99997124 99997216
99998129 99998102
99998670 99998742
99997824 99997844
99994449 99994364
99999570 99999546
99996462 99996579
99996605 99996779
99996390 99996409
99998618 99998711
99998474 99998554
99999628 99999525
99995319 99995344
99997238 99997298
99996513 99996567
99999161 99999133
99996960 99997097
99999154 99999095
99995078 99995103
99999671 99999723
99994726 99994618
99997989 99997962
99996581 99996768
99997396 99997453
99997581 99997612
99994469 99994364
99999294 99999326
99995249 99995366
99999401 99999375
99998082 99998105
99999396 99999429
99996778 99996887
99998946 99999019
99996593 99996747
99995046 99994913
99995740 99995829
99995596 99995665
99998461 99998626
99995941 99996011
99995824 99995865
99998067 99998136
99996851 99996940
99999243 99999306
99995582 99995646
99994682 99994440
99998685 99998718
99994991 99994960
99999298 99999270
99999879 99999859
99999735 99999680
99995029 99994971
99996479 99996574
99998809 99998894
99994507 99994291
99994489 99994359
99995267 99995350
99997568 99997572
99996274 99996304
99999866 99999785
99994830 99994765
99997019 99997092
99996417 99996352
99996495 99996527
99998454 99998610
99998203 99998316
99999827 99999831
99995141 99995176
99996195 99996237
99994825 99994781
99997562 99997648
99996502 99996571
99997221 99997339
99997407 99997438
99997295 99997284
99999235 99999238
99999096 99999115
99999098 99999095
99998325 99998432
99994914 99994827
99996123 99996126
99996512 99996545
99994668 99994416
99999882 99999819
99998055 99998144
99995614 99995641
99994231 99994097
99997146 99997156
99996223 99996307
99996184 99996192
99998752 99998850
99995425 99995508
99999923 99999987
99996270 99996232
99997122 99997246
99995760 99995840
99998140 99998085
99997155 99997173
99998201 99998293
99999070 99999132
99998636 99998703
99995250 99995290
99994654 99994490
99997864 99997808
99994710 99994627
99997321 99997446
99996627 99996749
99996215 99996233
99999254 99999294
99999960 99999919
99999270 99999325
99999966 99999933
99997991 99997943
99999660 99999761
99996795 99996964
99999576 99999605
99995741 99995877
99995924 99995998
99996764 99996950
99999677 99999680
99995279 99995330
99994449 99994301
99998006 99997946
99994827 99994782
99998303 99998471
99999273 99999245
99996340 99996390
99994270 99994152
99999881 99999800
99994702 99994415
99994848 99994749
99994889 99994791
99999391 99999450
99996839 99996963
99998779 99998848
99998447 99998533
99997574 99997594
99994695 99994404
99995745 99995882
99997978 99997908
99998082 99998123
99998884 99998933
99998278 99998519
99996624 99996755
99995440 99995485
99995588 99995653
99999555 99999540
99998079 99998122
99996596 99996801
99995804 99995798
99994783 99994613
99996850 99996958
99995240 99995338
99998757 99998830
99995512 99995474
99998482 99998533
99995130 99995112
99994857 99994795
99997011 99997047
99995508 99995494
99997948 99997889
99996357 99996421
99997224 99997347
99995282 99995339
99999989 99999966
99999685 99999720
99999404 99999437
99998369 99998478
99995949 99996002
99994504 99994297
99999265 99999285
99999836 99999826
99997173 99997194
99995740 99995849
99995330 99995342
99997520 99997619
99999125 99999085
99994416 99994363
99996477 99996522
99998275 99998464
99999661 99999726
99995813 99995854
99996002 99996012
99997808 99997789
99996272 99996301
99995074 99995094
99994818 99994810
99997569 99997635
99995627 99995683
99995827 99995872
99999439 99999435
99998310 99998428
