1000
3439 3621
5729 5757
125 176
4793 4911
3571 3815
1434 1714
4807 4902
3080 3415
164 162
3997 4256
4756 4900
3380 3677
5145 5290
2974 3241
4836 5045
1010 1002
2144 2362
1945 2219
3625 3830
2265 2557
4338 4473
2020 2240
812 871
3841 4086
2514 2867
3873 4140
2671 3005
4465 4666
5357 5489
779 874
4437 4617
5519 5618
1566 1861
2460 2745
5497 5584
123 214
1249 1380
3863 4133
2968 3250
793 872
1172 1417
1439 1666
4766 4921
649 723
4718 4896
3675 3975
5322 5439
5396 5481
507 568
5144 5302
4131 4408
2080 2401
213 184
1178 1403
2960 3259
1416 1532
3933 4271
477 552
1714 2001
4159 4382
34 22
650 774
4128 4381
930 1073
1458 1703
2264 2528
4597 4715
639 726
2628 2996
1742 1965
5745 5819
687 733
3977 4269
5377 5461
4455 4700
4412 4684
3711 3988
1344 1594
1248 1362
5714 5820
4603 4799
5187 5342
1751 2029
3266 3537
4468 4633
2976 3308
63 13
3677 3957
1384 1590
971 1008
4860 4994
308 424
4747 4845
4434 4626
1858 2121
2966 3248
3572 3810
691 747
1612 1862
2813 3137
309 404
2115 2380
4877 5002
2261 2524
5154 5353
5214 5280
2075 2399
1769 1953
3438 3628
5515 5607
4789 4878
817 836
1209 1384
5559 5576
29 51
5024 5217
5320 5456
5327 5431
5556 5579
1349 1570
3626 3830
1004 1088
4477 4634
4300 4440
2797 3150
944 1059
2003 2184
5052 5240
3818 4139
1216 1384
2893 3232
3117 3351
2650 3006
5197 5335
1042 1267
1790 1961
4117 4373
1749 1993
2514 2904
430 618
4655 4772
4275 4515
2587 2848
3260 3495
3115 3357
3832 4082
2951 3286
5133 5299
3126 3424
2625 2993
3811 4071
46 90
3942 4210
5321 5520
1336 1587
3816 4062
1099 1270
11 38
5402 5486
463 605
3996 4306
3897 4072
1178 1363
4922 5066
5570 5595
2538 2846
4916 5006
661 698
3469 3667
5677 5814
3649 3796
2418 2748
3107 3415
2435 2720
3945 4292
2908 3228
2840 3139
3948 4290
5506 5635
995 1015
143 205
3248 3480
412 559
2815 3106
4607 4719
1424 1681
3314 3516
4147 4353
2335 2563
4744 4932
5030 5240
5142 5292
4125 4426
1792 2021
2420 2739
621 702
1064 1258
5510 5571
5500 5664
2414 2730
4873 5020
3742 3972
4358 4443
3837 4100
941 1043
2415 2713
2337 2492
1596 1782
2095 2393
3805 4106
152 167
4009 4288
3643 3782
2170 2385
853 848
2079 2371
416 620
794 820
4135 4425
360 423
200 212
3928 4233
2313 2526
2787 3148
5537 5663
1561 1852
634 685
1711 1993
2821 3150
2078 2374
1842 2122
2898 3278
1337 1526
669 694
3687 4005
4107 4426
3253 3466
5053 5174
3721 3982
3838 4088
2257 2545
5564 5643
2945 3280
4888 5011
1138 1210
4860 5031
3996 4294
860 835
1885 2104
2566 2877
5014 5193
1223 1365
3813 4119
1246 1388
5193 5303
5747 5836
15 24
3171 3426
4996 5211
19 29
1852 2049
5050 5189
4499 4680
2686 3049
3677 4007
375 411
69 50
2667 3027
3134 3428
2946 3300
4914 5005
2975 3227
3423 3617
1170 1340
2801 3149
3453 3670
1863 2091
3453 3687
5349 5513
1594 1804
5008 5169
2430 2764
1082 1211
3650 3758
1127 1182
2636 3012
1574 1846
838 808
327 382
414 604
3117 3428
302 400
2623 3010
3580 3741
3116 3354
5735 5776
1946 2167
2576 2924
3310 3507
2086 2390
5579 5643
1443 1687
4460 4623
2812 3168
784 861
4279 4459
1079 1239
3657 3800
3626 3748
1505 1701
206 208
684 729
5136 5340
18 61
73 98
2462 2758
389 435
5517 5580
172 205
954 1005
3282 3523
5404 5456
944 1058
4739 4851
2415 2760
1227 1376
2663 3038
3129 3329
1876 2052
3747 3938
4613 4782
2905 3297
143 159
2121 2388
4619 4722
5735 5750
4869 5023
1620 1807
3952 4296
4345 4489
2911 3281
3612 3749
5736 5750
1808 2137
5740 5800
1063 1190
4998 5255
1327 1592
2138 2405
1090 1251
1125 1192
1102 1227
644 749
5340 5445
5722 5840
1775 2007
2422 2759
696 762
5735 5793
3990 4271
437 597
5590 5619
1522 1658
70 39
5564 5577
5522 5600
5220 5263
2152 2404
2943 3240
3575 3768
3405 3673
5690 5769
4740 4914
5749 5795
5331 5516
3566 3753
4295 4456
1246 1354
3767 3995
2427 2738
501 554
4350 4507
2373 2750
2447 2708
3825 4117
418 597
1007 1059
2833 3175
133 173
643 755
5718 5755
3705 3976
5128 5336
3586 3748
4273 4468
832 827
3863 4103
2324 2476
5217 5327
626 689
302 384
1413 1557
2327 2571
4599 4768
4735 4860
2397 2763
5059 5167
1963 2184
5339 5463
2258 2524
1967 2202
5500 5592
188 178
2831 3175
3267 3493
5029 5204
4476 4695
2327 2482
1778 1953
2771 3145
3089 3382
4367 4528
3962 4244
3131 3403
2432 2674
3151 3375
2166 2428
5495 5584
3850 4073
2502 2869
3927 4304
1465 1718
3993 4225
1193 1408
5752 5842
1771 2004
3827 4126
697 749
3301 3520
3393 3607
3729 4013
4614 4814
2844 3117
2716 3052
3751 3938
2678 3017
60 56
4351 4439
2838 3175
778 804
1634 1807
5529 5608
2575 2907
3301 3524
2403 2722
2688 3021
2972 3252
3622 3767
2791 3105
3420 3663
67 53
3656 3831
80 30
3320 3459
345 427
3253 3494
3307 3534
146 183
3284 3548
1456 1696
4297 4458
1560 1862
1016 1081
2578 2934
1991 2222
4721 4890
2713 2974
3707 3978
3635 3743
5341 5467
1633 1801
3449 3605
1584 1793
4432 4703
1354 1607
421 606
1208 1421
5583 5657
297 442
1978 2204
3968 4288
4200 4429
3733 4012
2085 2354
935 1081
459 583
3394 3664
2166 2430
310 420
2623 2970
1957 2170
3616 3751
1778 1992
1841 2109
1566 1802
1505 1746
5364 5437
1519 1746
2017 2260
91 49
1327 1585
4419 4617
4344 4491
1726 1985
5190 5322
3805 4069
2968 3271
3846 4120
438 622
1097 1191
2524 2926
2689 2986
3896 4142
1198 1356
119 197
4481 4648
3160 3404
150 189
1484 1689
1964 2230
2793 3143
2535 2859
4596 4732
5019 5191
4490 4684
1395 1521
322 417
2442 2689
5705 5804
3140 3373
2298 2480
1621 1832
844 839
1137 1198
3883 4129
4575 4781
4603 4791
382 360
5038 5226
4175 4421
428 633
4448 4705
5217 5314
5000 5192
4314 4483
4736 4880
1042 1213
3685 3991
968 1085
1364 1579
1395 1531
1822 2058
3317 3493
5189 5274
4617 4805
1836 2078
947 1018
4991 5171
1702 1955
808 833
2855 3126
3153 3346
1094 1259
2652 3048
4361 4501
5543 5640
10 16
2828 3133
2893 3298
3652 3788
4865 4992
19 5
3435 3600
4278 4457
2585 2856
1463 1723
1511 1651
1475 1672
415 567
5747 5752
2150 2350
1091 1202
1052 1232
1354 1593
4183 4384
2581 2852
2122 2420
3964 4289
701 765
4638 4719
788 893
1419 1534
1972 2238
2584 2851
2553 2923
3692 3995
2320 2488
5031 5238
3989 4226
386 368
2286 2483
2019 2177
2522 2896
1055 1172
4629 4777
1818 2042
3572 3818
4817 4907
1480 1671
4466 4681
1379 1520
4788 4877
503 637
3718 3955
4999 5256
1841 2062
610 686
4777 4845
4855 5014
966 1030
2546 2866
2570 2925
2313 2522
2571 2891
5541 5654
777 879
1889 2094
1233 1411
3638 3824
3427 3650
5391 5513
2641 3017
1978 2246
1406 1603
4891 5041
633 744
4788 4843
4272 4480
4751 4905
1122 1176
470 637
4862 5044
783 812
4485 4620
3315 3539
2620 3003
3172 3424
462 572
5223 5332
1548 1801
299 359
617 692
1701 1953
4446 4691
1699 1969
3723 3975
1853 2101
500 603
159 208
1342 1556
29 44
3693 3981
3453 3683
2020 2260
3109 3412
4141 4332
2133 2387
5334 5450
3428 3598
5507 5612
766 887
3645 3807
2102 2351
1828 2136
1560 1840
2553 2911
1466 1704
3251 3477
3656 3753
3281 3497
5340 5466
4927 5060
3378 3621
1055 1225
76 98
376 437
4131 4372
2848 3141
2847 3108
5058 5203
2331 2534
2914 3272
2168 2428
3880 4067
2388 2696
2437 2666
1846 2125
3772 3941
195 153
4312 4516
2170 2431
1593 1811
4415 4709
3142 3369
1596 1775
1976 2199
1403 1601
2373 2730
502 562
3427 3613
56 37
4878 5067
1494 1737
1605 1841
2960 3282
780 828
2592 2908
2309 2496
1446 1728
4112 4407
58 36
435 606
133 163
3386 3592
3929 4297
1998 2164
2001 2189
4867 5075
4146 4376
4638 4743
973 1075
2650 2972
5707 5749
296 433
4886 5079
3811 4147
2925 3295
1379 1573
955 1085
1131 1232
4194 4419
4322 4500
466 570
5329 5431
2120 2421
4927 5070
4585 4775
1014 1082
4647 4807
4781 4842
2321 2478
121 246
2766 3098
2003 2193
1241 1338
5217 5358
2405 2746
1116 1256
2259 2475
1713 1997
3997 4271
2975 3315
4898 5019
1172 1335
2662 3055
2412 2756
2297 2506
3260 3512
1822 2126
2714 2978
4405 4665
3733 4001
4626 4720
1257 1368
1556 1813
4921 5034
292 382
4603 4792
1360 1585
1520 1679
1459 1652
4305 4501
5155 5328
5342 5516
2540 2847
5211 5295
1701 2022
3137 3401
4833 5074
4815 4895
2686 3040
5738 5809
1971 2198
921 1060
3837 4079
1894 2095
4201 4346
5010 5228
5378 5434
2830 3152
1886 2066
1254 1397
4903 4989
5731 5814
2931 3255
2521 2894
214 248
3387 3626
5390 5500
1998 2222
1725 1942
2141 2357
2248 2547
4462 4637
660 724
4656 4805
672 684
4436 4650
331 384
3693 3982
1786 1966
4792 4905
950 1034
1636 1830
1875 2120
771 825
3147 3418
2556 2886
3429 3686
4318 4527
1705 1965
780 841
3688 3926
1587 1780
4761 4925
1095 1179
4174 4396
5185 5354
1857 2116
1402 1519
315 426
1635 1824
2768 3148
2625 3025
4130 4410
1494 1650
1611 1817
203 232
1136 1178
4886 4993
2262 2514
3742 4006
3281 3473
5050 5242
931 1074
427 555
5009 5221
1945 2174
1350 1534
4627 4743
2106 2422
1226 1427
5355 5474
3982 4289
3978 4237
775 853
5568 5630
4461 4662
5018 5231
4625 4721
3822 4101
3849 4067
1709 1990
117 216
5128 5274
802 893
3954 4241
693 748
4189 4366
3085 3404
4107 4358
41 20
5763 5810
360 413
993 1074
4782 4905
5568 5604
5387 5507
5190 5277
806 853
4315 4499
2117 2421
659 704
2 66
1593 1834
999 1055
2403 2699
1508 1671
1760 2017
652 754
5004 5228
4287 4463
2965 3241
3694 3965
3133 3399
2262 2498
973 1084
1808 2085
5024 5234
1255 1354
4981 5201
1124 1260
2267 2550
848 857
3921 4213
372 439
364 382
4107 4428
1247 1410
3608 3749
1333 1591
3283 3505
1971 2200
5373 5516
474 591
4153 4334
4603 4722
1238 1423
3282 3459
5149 5339
1478 1674
1492 1702
1877 2115
4289 4452
91 44
1731 1942
309 389
4605 4738
4454 4698
142 202
3130 3422
1740 2004
5666 5762
4787 4880
2765 3110
2398 2694
3637 3815
920 1013
2399 2704
3460 3589
4814 4924
4144 4407
5197 5348
2958 3240
5762 5843
456 624
377 357
2695 3046
7 86
2775 3109
141 170
4200 4340
1554 1828
2841 3088
5700 5780
4360 4480
4579 4717
3910 4230
3394 3654
1929 2239
1857 2080
3224 3524
3146 3405
132 235
635 733
2617 2978
5731 5819
3245 3531
4496 4645
810 837
4916 5064
3449 3687
3319 3530
1232 1374
2279 2509
3382 3606
1818 2090
1356 1589
1992 2249
2540 2855
