1000
99999688 370
99999107 892
99995453 4893
99999134 886
99997370 2956
99995460 4952
99999858 173
99994633 5856
99995307 5138
99998767 1425
99997986 2348
99997936 2424
99995455 4948
99994630 5836
99997724 2624
99999155 937
99998738 1345
99998599 1598
99997686 2652
99994471 5984
99996283 4251
99999348 683
99997534 2790
99997423 2956
99997184 3126
99996619 3935
99997176 3149
99995268 5109
99999084 874
99999493 472
99996991 3387
99998076 2195
99997566 2864
99994742 5735
99995029 5376
99998035 2243
99998564 1593
99997786 2521
99994879 5588
99996877 3603
99996367 4086
99996680 3750
99999537 510
99998170 2063
99996255 4230
99998424 1713
99997389 2935
99994687 5728
99998874 1201
99996605 3865
99996376 4067
99998442 1716
99998814 1223
99997009 3451
99995937 4482
99998499 1743
99997707 2641
99994688 5704
99999783 187
99999840 199
99996692 3793
99999155 872
99994739 5719
99998600 1614
99999974 38
99998318 1880
99995611 4796
99999005 1055
99999417 681
99997792 2567
99994726 5694
99995579 4835
99999088 872
99999207 785
99995308 5099
99999538 413
99997085 3287
99998364 1895
99999371 680
99999272 736
99999131 864
99999066 959
99995738 4617
99997702 2659
99997829 2483
99997455 2979
99996700 3816
99994722 5756
99998067 2239
99997711 2616
99998905 1265
99995900 4473
99996610 3931
99998597 1571
99999006 1016
99996243 4263
99998193 2032
99999947 7
99998820 1190
99995547 4859
99996278 4249
99997839 2542
99994883 5538
99997220 3118
99999256 716
99994617 5827
99995157 5327
99998963 1068
99999917 83
99995733 4702
99998839 1252
99997513 2796
99995480 4912
99999066 903
99995406 4954
99995634 4838
99997393 2991
99997559 2841
99995615 4795
99997981 2414
99997589 2831
99996988 3402
99999356 656
99999175 793
99999974 88
99997944 2434
99998836 1282
99994468 5942
99997393 2933
99997385 2969
99996382 4113
99994833 5585
99997268 3172
99995276 5144
99997531 2843
99995454 4907
99999372 691
99995451 4892
99998702 1386
99995423 4923
99996452 4045
99995150 5253
99998732 1387
99999381 642
99998056 2161
99998969 1064
99994867 5577
99994984 5427
99999794 152
99996587 3920
99996438 4038
99994781 5712
99995726 4671
99999800 194
99998596 1557
99996427 4062
99999672 366
99999358 620
99998612 1576
99997674 2711
99995560 4793
99997659 2640
99996814 3592
99996597 3848
99999685 410
99999984 11
99995542 4791
99998791 1359
99997766 2536
99999738 316
99997123 3208
99998491 1719
99998793 1398
99996927 3429
99998481 1742
99994687 5699
99994885 5527
99999504 503
99994464 6013
99997790 2525
99995334 5097
99994471 5963
99996737 3821
99998181 2067
99994865 5532
99995902 4477
99997909 2374
99995092 5308
99997890 2398
99998302 1904
99994460 5997
99996880 3601
99998555 1621
99999458 440
99995742 4674
99999872 174
99997263 3132
99997563 2819
99995322 5104
99997914 2434
99997404 2970
99999973 26
99998610 1559
99995418 4914
99994461 5988
99996831 3569
99997200 3152
99996379 4080
99994824 5519
99995749 4658
99997815 2512
99994615 5839
99995336 5091
99998629 1568
99997236 3107
99994608 5851
99998867 1253
99995922 4490
99997080 3273
99999861 154
99996409 4053
99999399 647
99999529 510
99999101 886
99997749 2489
99995938 4550
99995937 4498
99994982 5415
99996705 3776
99998360 1903
99997244 3175
99994592 5787
99998977 1079
99996941 3475
99997096 3261
99997067 3202
99996288 4225
99994706 5696
99999976 49
99996059 4433
99994617 5826
99998042 2189
99996922 3443
99999512 496
99998847 1233
99994860 5549
99999949 25
99998009 2202
99995625 4842
99995424 4918
99995561 4867
99997771 2563
99995481 4927
99995465 4908
99996815 3626
99999135 870
99999654 368
99997775 2508
99998183 2037
99998480 1748
99996696 3763
99999991 72
99996038 4394
99996710 3813
99997811 2538
99999014 1009
99996864 3606
99996284 4316
99994865 5514
99997821 2481
99995339 5079
99999009 1006
99994842 5543
99998813 1196
99995859 4558
99995101 5324
99999255 775
99997986 2364
99997522 2836
99995297 5107
99994509 6032
99996858 3533
99998027 2195
99997432 2942
99995760 4658
99998085 2203
99996667 3780
99996445 4106
99999507 413
99998190 1994
99997962 2363
99997701 2636
99998272 1885
99998268 1925
99996430 4101
99996587 3851
99997723 2708
99997238 3150
99996834 3535
99994864 5526
99998834 1189
99997249 3140
99995540 4790
99995322 5170
99997205 3127
99998214 2015
99994430 5988
99998327 1865
99998415 1761
99999803 152
99994463 6007
99998306 1928
99996606 3876
99999346 612
99997657 2659
99996423 4122
99999367 624
99994820 5524
99998744 1433
99999343 681
99994669 5861
99996742 3730
99996713 3790
99996277 4269
99996732 3780
99995719 4640
99999201 789
99995076 5291
99996379 4075
99997972 2356
99996224 4219
99999690 399
99997989 2414
99999663 400
99998759 1376
99998898 1270
99997252 3099
99995429 4914
99999519 511
99996056 4430
99999271 760
99999717 393
99995325 5141
99997508 2786
99998282 1887
99994816 5578
99998633 1566
99999402 689
99996566 3928
99998087 2192
99996802 3618
99997083 3263
99995433 4912
99998895 1197
99997902 2403
99999229 731
99996840 3550
99995756 4669
99996064 4386
99998286 1864
99998083 2200
99997462 3014
99994845 5591
99998302 1873
99997015 3432
99997807 2493
99999712 359
99995144 5261
99998971 1075
99998757 1384
99995014 5405
99999114 948
99999258 708
99996857 3625
99996422 4092
99997800 2539
99999789 197
99998139 2063
99996939 3419
99998698 1379
99995745 4642
99999831 210
99997822 2538
99996080 4362
99995130 5287
99999848 144
99994642 5826
99996240 4255
99998987 1076
99998303 1919
99999008 1038
99999842 185
99995473 4905
99997680 2655
99999739 404
99998455 1755
99997949 2344
99995892 4520
99998854 1277
99999219 792
99999367 680
99994986 5431
99996200 4289
99996459 4087
99994732 5776
99995284 5079
99994577 5841
99999433 626
99998354 1867
99999718 396
99999239 706
99999729 347
99999993 98
99996376 4086
99997654 2701
99999908 13
99997071 3278
99998589 1598
99996657 3918
99996069 4434
99994971 5418
99999113 885
99996983 3450
99994752 5732
99998408 1716
99996994 3400
99998973 1051
99998566 1627
99995747 4685
99994502 5971
99996218 4285
99997264 3168
99997198 3113
99999478 457
99995933 4472
99998600 1603
99995706 4648
99995944 4495
99996793 3625
99997921 2430
99999462 433
99994619 5823
99998707 1344
99997056 3273
99994990 5394
99995690 4627
99999225 723
99998759 1369
99998549 1577
99997733 2670
99997441 3015
99995897 4561
99996593 3907
99998982 1012
99999344 673
99999043 1051
99998975 1057
99996724 3735
99999853 229
99997246 3169
99999121 900
99997753 2513
99997227 3148
99996940 3391
99998305 1893
99998351 1868
99999082 883
99999658 330
99998573 1529
99998843 1189
99995160 5313
99995717 4632
99998063 2207
99998583 1569
99999156 899
99995444 4967
99994964 5422
99995472 4952
99994663 5798
99996753 3821
99999940 52
99995040 5391
99998889 1190
99997495 2800
99997123 3209
99997947 2392
99998465 1723
99998290 1851
99995079 5232
99995718 4622
99997529 2847
99998442 1725
99995153 5234
99998408 1774
99995595 4826
99994849 5528
99995312 5149
99995103 5261
99996586 3935
99994455 6012
99997243 3142
99998153 2030
99995116 5285
99998455 1768
99995012 5440
99999402 606
99999731 338
99999545 509
99996064 4389
99996285 4309
99998718 1398
99998028 2251
99998741 1396
99996456 4098
99997519 2792
99995586 4882
99996405 4044
99996758 3792
99998824 1246
99998198 2013
99994425 5983
99999807 143
99995944 4542
99995075 5285
99996112 4430
99997960 2422
99996421 4085
99997463 3012
99997541 2855
99999956 63
99997670 2635
99998043 2181
99995142 5272
99998637 1605
99996682 3818
99998217 1999
99999024 1005
99995462 4962
99999421 688
99996984 3454
99994739 5740
99996941 3445
99999345 635
99999651 389
99995572 4790
99998986 1006
99996096 4361
99998104 2161
99999204 758
99998157 2039
99995558 4837
99998430 1737
99997525 2808
99995281 5078
99996566 3897
99996253 4269
99999497 493
99995922 4483
99994979 5367
99994438 6023
99996607 3895
99996926 3398
99996031 4441
99995767 4615
99997943 2411
99999250 698
99995405 4911
99999824 165
99995427 4952
99998198 2044
99994654 5785
99999652 346
99996693 3781
99996817 3605
99996819 3540
99998483 1734
99999265 701
99998424 1708
99999471 466
99997069 3277
99999231 718
99996940 3477
99998222 2005
99997059 3254
99997821 2499
99996990 3443
99994509 5972
99998899 1235
99997016 3467
99995143 5254
99995686 4660
99994725 5710
99998040 2162
99998757 1351
99995055 5363
99994668 5837
99996454 4081
99997382 2952
99997835 2519
99996292 4291
99995733 4655
99999224 780
99996669 3819
99999925 33
99996397 4043
99999204 772
99994467 5951
99997045 3259
99996215 4288
99995300 5114
99996923 3481
99996700 3823
99998792 1397
99995001 5435
99999980 3
99995286 5106
99995906 4531
99996238 4309
99999028 1006
99998741 1349
99997237 3099
99999929 20
99996440 4121
99994742 5689
99999741 403
99995008 5368
99999013 1069
99998292 1919
99997098 3216
99997573 2784
99999382 623
99996457 4081
99995098 5258
99996600 3855
99999065 902
99999645 378
99994977 5416
99998025 2208
99999336 651
99996205 4290
99994646 5835
99998361 1855
99994674 5860
99999524 508
99997189 3106
99999646 359
99995125 5239
99998865 1235
99996826 3580
99998281 1870
99997558 2802
99998747 1412
99995536 4831
99999101 868
99994449 5997
99997222 3149
99997208 3109
99999343 610
99995901 4489
99999983 45
99999872 233
99997418 2950
99997426 2969
99996569 3920
99998298 1850
99997060 3294
99996626 3945
99996020 4357
99998090 2217
99995595 4876
99997199 3190
99994880 5583
99995129 5236
99997003 3412
99997952 2364
99995630 4839
99997408 2936
99996104 4423
99996585 3927
99999947 100
99998955 1023
99996695 3780
99997521 2813
99996793 3606
99994769 5767
99999036 1077
99999462 464
99995560 4874
99996059 4437
99998764 1375
99996084 4369
99996048 4401
99999965 46
99994513 5987
99998200 2056
99997403 2994
99994506 6026
99994461 5949
99997223 3169
99994510 5944
99995005 5416
99995050 5361
99996736 3791
99995022 5444
99997433 2928
99995940 4473
99997708 2627
99994481 5969
99996849 3597
99994970 5370
99997570 2844
99999858 230
99998141 1988
99998008 2215
99995880 4529
99997086 3211
99995020 5391
99999863 213
99994493 5980
99996410 4098
99998837 1211
99999493 423
99997644 2624
99999429 629
99999535 504
99994829 5562
99998185 2041
99995955 4566
99998625 1573
99999942 88
99999871 226
99994888 5500
99999729 360
99997702 2711
99997895 2427
99997045 3253
99998856 1278
99995271 5133
99996608 3922
99998783 1388
99999113 868
99999952 69
99998470 1710
99997914 2393
99996089 4399
99998749 1405
99995883 4545
99996091 4421
99998614 1617
99994830 5524
99997712 2711
99995723 4649
99996436 4094
99997070 3216
99997657 2689
99999825 241
99995289 5164
99995473 4938
99999845 212
99995326 5176
99999131 880
99996228 4313
99997747 2565
99995488 4960
99995139 5238
99997896 2428
99996999 3408
99998476 1763
99999962 70
99998630 1594
99994629 5875
99998167 2032
99999659 326
99999528 506
99996940 3448
99999256 749
99997493 2812
99996295 4288
99995619 4820
99998593 1567
99997916 2388
99998202 1979
99997410 2987
99999213 789
99997793 2549
99994861 5512
99996205 4310
99994687 5730
99999505 478
99994719 5703
99994839 5505
99994888 5591
99998432 1772
99998268 1927
99995686 4662
99996029 4395
99995952 4510
99994694 5769
99996092 4445
99996102 4377
99999250 737
99997588 2827
99995557 4832
99999388 597
99998406 1772
99998150 2065
99996708 3797
99997068 3225
99998464 1751
99998948 1087
99995325 5118
99998976 1005
99996074 4358
99995014 5441
99996276 4267
99997685 2700
99995913 4548
99997413 2966
99999928 92
99998497 1702
99999388 619
99999833 214
99997675 2655
99996823 3536
99999702 362
99997418 2940
99997134 3278
99997646 2702
99994594 5828
99994640 5822
99994582 5809
99997755 2566
99995436 4945
99998142 2055
99998191 2024
99997985 2388
99996933 3437
99995096 5308
99997050 3258
99998296 1935
99994458 5949
99996088 4353
99998024 2219
99999513 492
99996601 3864
99997813 2509
99995098 5235
99996959 3433
99996856 3601
99998566 1571
99995680 4619
99999433 669
99998728 1365
99996253 4247
99998815 1225
99995127 5268
99996666 3743
99994686 5762
99997144 3255
99995628 4789
99997747 2551
99996700 3740
99997554 2800
99994976 5400
99997424 3007
99998559 1546
99998571 1580
99997421 2938
99999684 331
99995286 5107
99994699 5772
99999856 238
99997660 2683
99999858 190
99999734 336
99995001 5372
99998892 1194
99995763 4648
99997675 2686
99995027 5419
99996270 4264
99999210 740
99996670 3739
99999553 499
99996588 3870
99999260 771
99995334 5085
99997071 3255
99994729 5732
99996687 3750
99994696 5763
99996811 3588
99998362 1865
99996561 3913
99997009 3399
99996639 3925
99996811 3564
99995630 4843
99998356 1915
99995064 5287
99995132 5263
99999074 930
99998081 2234
99995076 5298
99997124 3257
99999232 753
99997960 2411
99999939 18
99995428 4902
99999487 472
99998173 2041
99996636 3922
99997587 2794
99998472 1747
99999088 873
99997569 2863
99996867 3577
99997430 2942
99995902 4551
99996383 4040
99998203 2038
99994663 5833
99998753 1389
99998450 1749
99998699 1393
99995919 4523
99995672 4661
99999117 955
99995036 5385
99997518 2795
99998202 1986
99994639 5818
99997961 2393
99995685 4625
99998850 1249
99996873 3535
99996564 3881
99998016 2217
99996067 4413
99997781 2501
99995259 5135
99994806 5555
99997389 2992
99999130 960
99997214 3167
99994674 5784
99997679 2683
99998699 1382
99999467 454
99994749 5740
99996861 3548
99998460 1742
99999003 1082
99998091 2247
99994594 5790
99994732 5697
99997514 2797
99997813 2527
99998966 1040
99996299 4231
99998599 1563
99997109 3290
99996949 3482
99997214 3134
99995462 4915
99995883 4493
99994889 5567
99999840 151
99995714 4652
99997064 3253
99998094 2220
99994870 5578
99995710 4678
99999683 383
99998885 1202
99998885 1230
99998184 2014
99995268 5079
99994457 5996
99996582 3854
99999507 484
99998344 1899
99996065 4442
99995311 5091
99999020 1096
99995588 4832
99995611 4804
99995930 4488
99995555 4789
99996076 4401
99994634 5833
99994416 6001
99996244 4290
99998100 2236
99994689 5764
99998009 2228
99999150 956
99999980 89
99999248 699
99996820 3617
