1000
99999846 99999761
99999141 99999178
99998532 99998604
99998871 99998903
99999856 99999820
99999003 99999075
99999204 99999201
99999586 99999468
99999338 99999325
99999680 99999549
99998702 99998718
99998850 99998991
99999189 99999241
99999778 99999806
99999759 99999612
99999799 99999812
99998712 99998723
99998971 99999093
99998837 99998959
99999411 99999291
99998987 99999059
99999049 99999039
99998695 99998706
99999008 99999106
99999003 99999062
99998604 99998563
99999991 99999972
99999377 99999274
99998829 99998928
99998609 99998621
99998681 99998740
99999229 99999173
99999228 99999199
99998887 99998992
99999847 99999737
99999335 99999369
99999792 99999743
99999874 99999808
99999850 99999761
99998725 99998710
99999393 99999327
99998555 99998564
99998740 99998773
99998622 99998633
99999969 99999940
99999403 99999315
99998573 99998614
99999158 99999183
99999526 99999454
99999197 99999245
99998687 99998733
99999383 99999301
99998741 99998782
99999182 99999243
99999161 99999187
99998810 99998953
99999671 99999628
99999945 99999926
99999573 99999393
99999837 99999752
99999836 99999757
99999854 99999746
99998700 99998775
99998700 99998736
99999376 99999361
99999766 99999624
99999025 99999022
99998996 99999096
99999046 99999101
99998880 99998938
99998715 99998766
99999696 99999584
99998850 99998988
99999140 99999184
99999932 99999997
99999578 99999461
99998840 99998979
99998962 99999090
99998662 99998775
99998615 99998608
99998750 99998793
99998740 99998761
99999353 99999280
99999908 99999980
99999853 99999789
99999960 99999953
99998998 99999041
99999793 99999737
99999227 99999185
99999041 99999027
99998658 99998781
99999228 99999247
99998964 99999086
99999803 99999811
99999372 99999288
99999976 99999957
99999378 99999355
99999210 99999232
99999514 99999467
99998873 99998922
99999515 99999426
99999702 99999622
99999005 99999096
99999768 99999614
99999168 99999232
99999386 99999302
99999802 99999795
99999163 99999197
99999395 99999358
99999979 99999977
99999332 99999281
99999949 99999917
99999329 99999360
99998712 99998764
99999220 99999185
99998852 99998900
99998864 99998931
99998570 99998637
99999868 99999733
99999379 99999309
99999189 99999237
99999740 99999575
99999562 99999451
99999923 99999913
99998577 99998639
99999556 99999466
99999846 99999753
99999505 99999441
99999749 99999598
99998563 99998651
99999923 99999990
99999567 99999418
99999875 99999814
99999595 99999462
99999750 99999593
99998582 99998570
99999041 99999097
99999671 99999571
99999511 99999382
99999752 99999577
99999844 99999799
99999169 99999254
99998813 99998963
99998873 99998974
99999049 99999015
99998817 99998923
99998603 99998625
99998528 99998615
99998879 99998926
99999975 99999938
99999761 99999611
99998566 99998636
99998812 99998980
99999403 99999302
99998727 99998728
99998719 99998741
99999835 99999803
99999362 99999297
99999701 99999544
99998588 99998617
99999932 99999988
99999333 99999285
99999031 99999105
99999682 99999606
99998707 99998779
99999036 99999071
99999220 99999240
99998689 99998704
99999701 99999573
99998966 99999076
99999023 99999096
99998532 99998561
99999546 99999409
99999976 99999955
99998976 99999034
99998601 99998567
99998964 99999027
99998699 99998773
99998870 99998924
99998665 99998785
99998962 99999043
99998738 99998719
99998832 99998926
99999743 99999570
99999145 99999217
99998811 99998909
99999324 99999270
99999746 99999591
99998722 99998796
99999041 99999103
99998712 99998717
99998741 99998751
99999958 99999913
99999947 99999928
99998743 99998718
99999907 99999995
99999568 99999403
99998814 99998924
99999954 99999971
99999831 99999731
99999734 99999604
99999701 99999580
99999332 99999287
99998591 99998644
99999989 99999904
99999544 99999427
99999955 99999914
99999503 99999400
99999204 99999231
99999693 99999538
99998540 99998596
99998527 99998565
99999705 99999605
99998720 99998769
99999226 99999218
99999944 99999999
99998708 99998734
99999175 99999218
99999676 99999588
99999414 99999339
99999682 99999544
99998526 99998635
99999164 99999217
99999562 99999404
99999595 99999380
99998807 99998929
99999395 99999347
99998698 99998766
99999674 99999600
99998615 99998593
99998558 99998633
99999855 99999770
99998708 99998753
99998818 99998991
99998725 99998756
99999963 99999955
99998703 99998791
99998589 99998643
99998548 99998629
99999757 99999587
99999220 99999238
99998710 99998789
99999001 99999090
99999978 99999931
99999740 99999616
99999753 99999635
99999513 99999378
99999946 99999980
99999018 99999113
99999840 99999817
99999520 99999448
99999026 99999016
99999228 99999223
99999915 99999981
99999361 99999360
99998689 99998723
99999031 99999097
99998586 99998585
99999554 99999403
99999731 99999565
99998657 99998739
99998885 99998985
99999201 99999261
99998969 99999079
99999914 99999983
99999576 99999416
99999866 99999829
99998807 99998918
99999033 99999022
99999915 99999941
99998814 99998957
99999707 99999577
99999873 99999733
99998685 99998722
99998820 99998960
99999853 99999824
99998849 99998911
99998728 99998783
99999367 99999341
99998849 99998960
99999946 99999944
99999237 99999260
99998866 99998899
99998618 99998607
99999400 99999344
99999538 99999450
99999728 99999598
99999862 99999811
99999351 99999321
99999323 99999303
99999867 99999768
99999181 99999204
99998591 99998621
99999368 99999358
99998972 99999083
99999038 99999054
99998854 99998969
99998834 99998934
99999147 99999181
99998735 99998738
99999986 99999961
99999198 99999179
99999572 99999464
99999372 99999342
99998829 99998954
99998874 99998944
99998974 99999096
99999050 99999029
99998752 99998757
99999410 99999326
99999675 99999587
99998800 99998927
99998825 99998975
99999837 99999783
99998615 99998573
99999684 99999562
99998800 99998944
99999934 99999945
99998689 99998730
99998543 99998625
99999779 99999820
99999846 99999773
99999319 99999314
99999778 99999767
99999150 99999235
99999174 99999266
99998532 99998620
99999329 99999277
99999183 99999250
99999032 99999029
99999033 99999046
99998693 99998745
99999724 99999542
99999821 99999819
99999906 99999966
99999575 99999377
99998845 99998981
99999670 99999628
99999331 99999325
99999195 99999245
99998543 99998613
99999528 99999414
99998842 99998957
99998708 99998749
99998823 99998937
99999788 99999822
99998870 99998894
99999690 99999627
99998539 99998634
99998793 99998946
99998741 99998798
99999528 99999472
99999041 99999054
99999208 99999239
99999192 99999219
99999671 99999552
99998600 99998619
99998583 99998640
99998980 99999091
99998582 99998595
99999001 99999105
99999413 99999283
99999691 99999558
99999166 99999252
99999763 99999558
99999357 99999360
99998867 99998907
99999040 99999025
99999354 99999312
99999867 99999790
99998804 99998952
99999039 99999016
99999200 99999193
99999935 99999920
99999949 99999906
99998540 99998564
99999818 99999731
99998824 99998909
99999325 99999339
99999971 99999980
99998839 99998941
99998619 99998575
99998814 99998963
99998700 99998708
99999758 99999583
99999228 99999208
99998590 99998625
99999570 99999441
99999171 99999267
99998703 99998716
99999319 99999344
99998977 99999090
99998561 99998634
99999962 99999932
99998707 99998705
99998882 99998982
99998728 99998800
99999008 99999046
99999558 99999449
99999870 99999793
99999340 99999329
99999746 99999578
99998831 99998967
99999694 99999584
99999930 99999966
99998724 99998744
99999724 99999585
99998566 99998564
99999505 99999457
99999704 99999588
99999324 99999285
99999332 99999363
99998976 99999091
99998704 99998762
99999717 99999626
99999235 99999250
99999956 99999999
99998832 99998903
99998982 99999088
99999875 99999786
99999812 99999808
99999931 99999914
99999358 99999355
99999712 99999571
99998748 99998772
99998683 99998737
99999231 99999173
99999007 99999014
99999991 100000000
99999841 99999775
99999389 99999369
99999195 99999194
99998549 99998587
99999519 99999439
99999600 99999456
99998986 99999094
99999352 99999316
99998844 99998978
99998678 99998776
99999560 99999458
99998689 99998738
99999980 99999901
99998545 99998639
99999036 99999101
99998823 99998944
99999693 99999579
99999514 99999398
99999965 99999969
99998725 99998776
99999024 99999112
99999723 99999566
99999175 99999214
99999912 99999970
99999170 99999188
99999846 99999813
99999746 99999630
99999522 99999416
99998549 99998607
99999176 99999179
99999029 99999108
99999732 99999601
99999029 99999015
99999141 99999263
99998810 99998951
99999978 99999913
99999176 99999182
99998961 99999043
99999520 99999456
99999853 99999748
99999693 99999607
99999374 99999355
99999782 99999827
99999510 99999423
99998612 99998615
99999795 99999738
99998849 99998913
99999727 99999620
99998873 99998903
99999575 99999473
99998987 99999065
99999177 99999247
99999215 99999261
99999196 99999245
99999394 99999338
99998673 99998765
99999212 99999249
99999182 99999217
99998739 99998719
99998841 99998924
99999743 99999601
99998841 99998911
99999741 99999589
99999028 99999053
99998723 99998712
99998698 99998796
99999760 99999617
99999340 99999279
99998723 99998790
99998824 99998930
99999590 99999395
99999327 99999343
99998887 99998974
99999763 99999556
99999509 99999456
99999565 99999400
99999010 99999101
99999226 99999261
99999225 99999183
99999523 99999410
99998869 99998912
99998889 99998941
99999388 99999325
99999990 99999974
99999571 99999400
99999174 99999213
99998708 99998785
99999963 99999947
99999805 99999735
99998610 99998649
99999944 99999930
99998567 99998627
99998855 99998916
99999002 99999065
99999048 99999047
99999316 99999316
99998987 99999109
99999005 99999065
99999796 99999775
99999903 99999969
99998747 99998732
99999866 99999828
99998530 99998648
99998695 99998801
99999583 99999433
99999791 99999748
99998827 99998915
99999504 99999409
99998533 99998571
99999733 99999626
99999352 99999369
99998872 99998976
99998682 99998775
99998711 99998723
99999362 99999349
99999152 99999261
99998608 99998586
99999174 99999223
99999046 99999097
99999681 99999566
99998993 99999048
99998831 99998906
99998654 99998747
99999380 99999310
99998615 99998618
99999984 99999972
99999415 99999303
99999831 99999758
99999226 99999240
99998671 99998713
99998528 99998597
99999360 99999341
99999728 99999621
99999158 99999222
99999874 99999784
99999372 99999357
99998751 99998719
99999867 99999795
99999844 99999780
99999831 99999789
99999045 99999082
99999165 99999171
99998959 99999093
99999908 99999974
99999581 99999452
99999563 99999428
99999508 99999416
99998869 99998930
99999556 99999404
99999376 99999349
99998723 99998755
99999968 99999995
99998620 99998637
99999908 99999934
99999158 99999187
99998694 99998733
99999046 99999038
99999551 99999423
99998531 99998655
99999516 99999396
99998741 99998734
99999744 99999601
99998865 99998908
99998738 99998782
99998822 99998956
99999700 99999618
99998726 99998744
99999839 99999794
99998957 99999091
99999174 99999236
99999994 99999910
99999549 99999421
99999010 99999066
99999820 99999741
99998592 99998582
99999036 99999022
99998678 99998743
99999031 99999035
99999584 99999454
99999812 99999796
99999014 99999045
99999710 99999566
99998576 99998596
99999553 99999475
99999035 99999109
99999792 99999826
99999410 99999325
99999591 99999398
99998656 99998778
99999949 99999920
99999817 99999775
99999025 99999078
99999229 99999177
99999965 99999907
99999507 99999454
99999849 99999754
99999807 99999799
99999990 99999901
99998853 99998928
99999983 99999927
99999333 99999351
99998877 99998919
99999221 99999197
99999846 99999758
99998974 99999031
99999733 99999600
99999956 99999926
99998555 99998629
99999202 99999206
99999747 99999624
99999778 99999738
99999933 99999951
99999186 99999176
99999926 99999998
99999037 99999100
99999812 99999789
99999571 99999443
99999562 99999432
99998614 99998615
99999183 99999256
99999671 99999546
99999820 99999813
99999230 99999174
99999710 99999578
99998797 99998989
99998974 99999044
99999535 99999445
99999359 99999290
99999009 99999072
99999940 99999990
99998660 99998771
99999866 99999798
99999367 99999354
99999920 99999999
99999725 99999551
99999935 99999989
99998809 99998974
99999686 99999541
99999508 99999390
99999965 99999975
99999921 99999978
99998705 99998732
99998742 99998710
99999546 99999418
99999521 99999405
99999570 99999469
99999574 99999464
99999385 99999276
99998966 99999056
99999390 99999303
99999723 99999554
99999769 99999575
99998578 99998643
99999216 99999219
99999338 99999283
99998892 99998904
99999321 99999364
99999197 99999170
99999870 99999736
99999820 99999739
99999937 99999903
99999531 99999389
99999834 99999762
99999346 99999360
99999320 99999335
99998621 99998629
99998876 99998957
99999957 99999986
99999929 99999994
99998612 99998570
99999527 99999465
99999939 99999970
99999197 99999186
99999184 99999197
99998567 99998644
99998871 99998965
99999586 99999475
99998551 99998595
99999823 99999797
99998558 99998649
99998982 99999036
99999853 99999757
99999398 99999273
99998985 99999096
99999580 99999439
99999554 99999387
99999532 99999404
99998967 99999036
99998546 99998619
99999864 99999789
99999510 99999382
99998738 99998712
99999804 99999822
99999384 99999346
99999833 99999782
99999819 99999779
99998529 99998559
99999996 99999943
99998586 99998596
99999864 99999762
99999822 99999812
99998529 99998580
99999871 99999809
99998965 99999098
99998552 99998600
99998608 99998610
99999386 99999354
99998534 99998581
99999570 99999400
99999380 99999273
99999356 99999289
99998553 99998628
99999507 99999397
99999905 99999939
99999503 99999376
99999579 99999438
99998538 99998606
99998817 99998953
99999919 99999928
99999373 99999354
99999378 99999312
99999193 99999239
99999718 99999627
99998876 99998938
99999753 99999552
99998660 99998724
99999790 99999762
99998722 99998790
99998892 99998931
99999360 99999306
99999154 99999206
99999593 99999427
99998842 99998966
99999516 99999412
99999340 99999281
99998659 99998711
99999826 99999790
99998998 99999055
99999872 99999805
99999540 99999379
99999386 99999306
99999181 99999185
99999365 99999277
99999749 99999558
99999355 99999335
99999924 99999969
99999813 99999811
99998741 99998716
99998750 99998771
99999998 99999945
99999787 99999740
99999208 99999248
99998566 99998589
99999326 99999363
99999521 99999474
99999690 99999538
99999406 99999314
99999599 99999424
99998987 99999100
99999228 99999226
99999728 99999607
99999699 99999563
99999832 99999786
99998800 99998952
99999319 99999356
99999159 99999242
99998737 99998723
99998618 99998594
99999743 99999561
99999851 99999744
99999755 99999600
99998875 99998923
99998536 99998638
99998599 99998562
99999743 99999635
99999963 99999941
99998654 99998735
99998710 99998729
99998987 99999099
99999685 99999583
99998663 99998733
99999218 99999205
99999907 99999999
99999139 99999179
99998749 99998742
99998579 99998650
99999807 99999792
99999732 99999594
99999531 99999453
99998553 99998569
99999337 99999352
99999007 99999036
99999997 99999947
99999502 99999384
99999824 99999765
99998607 99998582
99998581 99998588
99998975 99999092
99999749 99999571
99999745 99999537
99999991 99999922
99999147 99999253
99999561 99999414
99999694 99999624
99998585 99998560
99999830 99999786
99998818 99998945
99998838 99998927
99999836 99999747
99999050 99999100
99999928 99999952
99999385 99999293
99998851 99998959
99999692 99999622
99999964 99999911
99998717 99998704
99998821 99998918
99999152 99999208
99999717 99999632
99999902 99999960
99998734 99998802
99999862 99999806
99998690 99998735
99998557 99998621
99999750 99999623
99999184 99999254
99998837 99998895
99999924 99999963
99999048 99999092
99998679 99998796
99998827 99998898
99999545 99999455
99999401 99999358
99999940 99999936
99998877 99998903
99999946 99999918
99999008 99999109
99999594 99999403
99998614 99998621
99999220 99999172
99999561 99999383
99998555 99998609
99998839 99998962
99999942 99999926
99998883 99998992
99999678 99999581
99999527 99999404
99999922 99999936
99999583 99999469
99999355 99999331
99998525 99998566
99998848 99998899
99998746 99998734
99999202 99999176
99998702 99998769
99999392 99999286
99999415 99999275
99998959 99999102
99999582 99999446
99999579 99999437
99998800 99998967
99999800 99999805
99998542 99998655
99999982 99999935
99998970 99999080
99999994 99999945
99998592 99998569
99999718 99999585
99998872 99998977
99999527 99999453
99999672 99999612
99999913 99999919
99999414 99999322
99998825 99998964
99999707 99999633
99999167 99999219
99999337 99999359
99999784 99999740
99999963 99999987
99999016 99999085
99999196 99999173
99999039 99999061
99999231 99999169
99999392 99999304
99999670 99999626
99999186 99999252
99998682 99998776
99999185 99999211
99999757 99999579
99999967 99999930
99999218 99999180
99999012 99999030
99999832 99999800
99999032 99999075
99999033 99999083
99999840 99999804
99999521 99999447
99999670 99999635
99998975 99999104
99999924 99999947
99999918 99999918
99998850 99998914
99999797 99999760
99998557 99998626
99999697 99999632
99999919 99999970
99999948 99999994
99999366 99999307
99999778 99999769
99999009 99999078
99999507 99999398
99998962 99999055
99998623 99998556
99998543 99998578
99998590 99998615
99998603 99998651
99998574 99998563
99999969 99999946
99999741 99999603
99999177 99999223
99999535 99999463
99998743 99998726
99999158 99999235
99998546 99998575
99999379 99999305
99999228 99999211
99998686 99998759
99999331 99999350
99999049 99999092
99999844 99999774
99998575 99998574
99998614 99998609
99999589 99999449
99999525 99999469
99999797 99999777
99998816 99998986
99999743 99999633
99998699 99998749
99999554 99999428
99999211 99999172
99999974 99999972
99998676 99998704
99998525 99998635
99998563 99998644
99999351 99999306
99999793 99999824
99999938 99999966
99998868 99998969
99999144 99999172
99999990 99999939
99999384 99999358
99999842 99999735
99999967 99999927
99999225 99999189
99998888 99998934
99998974 99999066
99998595 99998579
99998824 99998965
99999714 99999584
99998800 99998961
99999530 99999474
99999933 99999979
99999145 99999206
99999329 99999273
99999685 99999634
99999537 99999443
99999808 99999738
99999749 99999537
99999501 99999451
99999337 99999305
99999349 99999337
