100
46844871 11262512
71014769 43865831
19011301 73361816
14601701 74272370
73672701 95552566
97368624 29999735
38958627 60450503
25348611 42199779
68416482 5957193
29545012 80125345
16168329 50180218
7654135 33098668
95945271 93695128
84874301 77501451
88713784 24093054
17332939 23842682
91898460 98146459
27200509 29244628
46361936 23929385
63383994 54151394
14764009 36154333
83444266 52147612
26096371 52616126
44672938 78413789
90198076 9205025
28189655 40637779
66025134 31081016
49216434 92201196
218500 47197888
93864817 72922603
43370212 6009573
32318687 22506032
79440298 68095311
22596468 73120091
13460492 28664064
50124597 36650295
18139247 1954035
9750392 76386245
55568127 3645537
51434051 98415040
87352525 86042192
94928043 7132985
93735464 3885896
49379237 66748233
37595464 46703121
20278800 94191036
19771040 42902127
40328030 41790926
66911555 94607352
65273448 96270814
24701072 70107441
91577084 49360128
77034781 74966570
77540135 90938653
4453530 80472321
6656918 64044184
43228733 61995760
68520697 79353658
81054693 44772959
90286996 54169754
90790949 73790453
86567071 81290536
22623869 65387114
18054271 37910625
88732849 54047651
81339184 28159699
14877712 76713405
68694989 8211924
27669784 24796001
76813253 4027
23028039 87439182
787713 48931714
59704170 26573303
92648517 3585679
17411159 53963487
29020258 31388137
83846779 62432848
53013385 12852112
75181271 30127091
84538059 6952653
76305139 38136303
77155885 78406741
85408050 59902602
47181378 6449571
16432069 77490354
62605321 30341964
30009129 88034552
21147535 44484510
57627297 73915177
92789780 17523878
4786838 64551422
44173459 41192309
49852161 83305839
64613167 71343270
92219847 80770201
88397807 48700706
1298307 23371595
18992941 34981079
92090348 22535661
55954967 69450101
