1000
649 99999349
672 99999202
1104 99998980
876 99999034
472 99999556
675 99999237
199 99999853
1203 99998834
1153 99998953
300 99999660
608 99999315
1280 99998807
614 99999333
172 99999821
863 99999037
1288 99998825
947 99999133
707 99999188
1392 99998691
1145 99998902
616 99999288
1249 99998763
224 99999822
511 99999538
767 99999191
1480 99998707
474 99999547
760 99999225
1151 99998987
12 99999990
465 99999549
502 99999558
1247 99998820
1288 99998823
1279 99998836
467 99999498
531 99999498
349 99999653
1442 99998726
1455 99998676
52 99999931
38 99999988
1283 99998795
360 99999682
172 99999828
1220 99998792
946 99999126
148 99999830
714 99999251
613 99999330
50 99999956
307 99999720
532 99999497
1420 99998713
720 99999191
1117 99998956
1474 99998639
726 99999204
1075 99998914
136 99999866
74 99999926
507 99999565
639 99999341
698 99999207
652 99999369
95 99999938
612 99999308
1193 99998824
9 99999985
1483 99998641
1249 99998848
383 99999720
225 99999796
43 99999904
328 99999640
644 99999304
767 99999176
203 99999827
351 99999713
618 99999327
913 99999040
1128 99998953
347 99999693
300 99999671
1444 99998655
369 99999673
1098 99998958
304 99999667
623 99999326
325 99999656
1275 99998778
1223 99998770
753 99999169
764 99999205
681 99999196
943 99999098
90 99999973
19 99999919
1447 99998691
34 99999981
696 99999179
1418 99998677
880 99999105
494 99999498
73 99999910
890 99999089
1103 99998894
953 99999063
1077 99998990
1397 99998729
539 99999482
301 99999686
707 99999212
885 99999098
320 99999669
221 99999831
33 99999913
333 99999670
491 99999521
136 99999809
321 99999703
1259 99998840
471 99999562
633 99999279
503 99999494
8 99999967
543 99999514
756 99999172
745 99999210
954 99999046
376 99999701
561 99999316
1433 99998652
227 99999851
531 99999475
903 99999062
1121 99998922
933 99999101
1472 99998638
198 99999774
1153 99998942
957 99999123
658 99999352
1138 99998989
527 99999555
46 99999913
40 99999987
526 99999549
193 99999815
619 99999347
1193 99998856
1236 99998823
727 99999256
567 99999375
1246 99998768
481 99999554
668 99999205
1152 99998936
308 99999695
867 99999093
299 99999708
641 99999281
1471 99998635
487 99999522
344 99999685
477 99999563
1 99999944
745 99999220
1394 99998685
97 99999986
526 99999535
534 99999555
562 99999278
624 99999280
62 99999941
46 99999944
477 99999515
1107 99998949
1142 99998988
1229 99998792
632 99999281
329 99999679
159 99999867
154 99999812
565 99999373
1484 99998695
1069 99998910
7 99999945
1256 99998785
1065 99998969
299 99999725
381 99999639
919 99999091
1077 99998973
77 99999952
611 99999289
1080 99998986
751 99999221
30 99999950
905 99999077
648 99999339
580 99999288
317 99999687
518 99999506
367 99999656
1469 99998718
706 99999198
1154 99998948
562 99999335
325 99999728
915 99999120
700 99999217
1471 99998639
484 99999470
203 99999861
1477 99998643
1394 99998688
1255 99998836
1153 99998982
302 99999657
1458 99998648
157 99999836
574 99999363
1435 99998667
594 99999342
326 99999730
870 99999103
32 99999942
1151 99998976
25 99999921
188 99999773
139 99999801
659 99999317
1111 99998913
197 99999857
1464 99998636
1226 99998765
623 99999311
1112 99998901
734 99999161
718 99999220
349 99999704
526 99999469
92 99999951
1219 99998843
1067 99998990
462 99999519
551 99999552
363 99999647
887 99999042
204 99999853
298 99999702
157 99999794
1081 99998915
1156 99998928
1412 99998643
703 99999211
284 99999731
734 99999241
29 99999997
1446 99998725
84 99999920
962 99999038
617 99999322
28 99999950
298 99999707
358 99999679
738 99999250
1194 99998822
1216 99998842
1423 99998718
1220 99998804
1 99999956
521 99999478
311 99999698
571 99999355
299 99999723
98 99999913
1125 99998917
740 99999196
1108 99998917
887 99999043
504 99999533
1212 99998775
672 99999175
914 99999040
170 99999826
352 99999687
1483 99998697
1203 99998799
948 99999083
348 99999707
1438 99998657
545 99999504
593 99999300
192 99999851
231 99999872
80 99999982
1139 99998944
922 99999078
1413 99998660
1087 99998915
615 99999315
191 99999786
685 99999204
1429 99998690
915 99999117
756 99999179
511 99999507
1400 99998655
179 99999786
96 99999968
748 99999167
1461 99998633
1287 99998802
896 99999077
1458 99998644
486 99999513
486 99999535
1450 99998632
1449 99998715
870 99999066
479 99999532
716 99999214
736 99999219
1074 99998916
948 99999098
154 99999837
362 99999709
1089 99998986
678 99999204
713 99999161
1096 99998946
316 99999661
378 99999722
480 99999514
1405 99998641
495 99999483
648 99999288
1243 99998797
915 99999048
1482 99998690
901 99999127
1475 99998657
1190 99998783
1137 99998970
1156 99998920
25 99999923
960 99999069
532 99999488
1240 99998817
883 99999117
499 99999524
876 99999068
1104 99998989
304 99999657
231 99999815
38 99999983
1149 99998916
61 99999911
72 99999917
87 99999995
46 100000000
362 99999672
711 99999248
366 99999661
1276 99998765
1140 99998953
1059 99998954
750 99999168
1275 99998785
615 99999345
948 99999132
231 99999843
601 99999367
375 99999682
1145 99998898
1450 99998665
878 99999118
905 99999041
311 99999666
554 99999509
636 99999362
1259 99998804
223 99999815
885 99999050
79 99999990
7 99999904
317 99999636
489 99999485
351 99999655
378 99999727
1109 99998907
694 99999218
1082 99998897
946 99999061
170 99999823
946 99999107
1226 99998809
763 99999239
1403 99998662
635 99999296
180 99999813
585 99999358
212 99999773
741 99999212
1429 99998665
751 99999188
649 99999348
1468 99998716
1091 99998899
318 99999730
1420 99998634
502 99999534
676 99999248
625 99999287
1 99999998
139 99999836
760 99999211
732 99999238
1123 99998899
379 99999648
1391 99998667
336 99999720
561 99999321
881 99999037
670 99999170
1201 99998852
219 99999796
705 99999236
686 99999179
1079 99998933
1477 99998700
1190 99998841
218 99999821
163 99999865
1253 99998771
501 99999488
519 99999502
56 99999988
1438 99998680
1280 99998784
926 99999088
1448 99998656
339 99999664
221 99999820
91 99999971
77 99999966
547 99999504
564 99999369
184 99999816
218 99999854
339 99999732
1116 99998975
880 99999095
1454 99998705
1279 99998832
735 99999215
343 99999645
1250 99998805
213 99999774
1198 99998770
1147 99998957
1461 99998643
485 99999533
905 99999054
1216 99998818
494 99999471
933 99999115
1271 99998813
584 99999316
530 99999542
546 99999490
1134 99998954
1444 99998641
1208 99998794
902 99999065
917 99999092
1439 99998671
914 99999095
873 99999055
672 99999209
1482 99998716
205 99999846
653 99999287
1429 99998632
607 99999277
352 99999696
630 99999290
491 99999567
722 99999214
191 99999802
1112 99998910
921 99999115
1442 99998725
83 99999902
1067 99998937
1137 99998967
1107 99998971
873 99999067
181 99999833
13 99999930
488 99999491
1411 99998659
25 99999918
887 99999131
668 99999218
1107 99998896
1106 99998925
715 99999232
1064 99998974
560 99999337
1214 99998853
98 99999973
523 99999504
1237 99998767
873 99999057
54 99999903
685 99999212
872 99999041
582 99999296
1087 99998901
1483 99998706
737 99999204
901 99999058
615 99999292
957 99999088
286 99999700
655 99999287
42 99999953
536 99999558
624 99999352
619 99999292
866 99999082
294 99999637
1461 99998677
1482 99998653
462 99999556
696 99999215
745 99999168
864 99999129
1286 99998831
53 99999966
187 99999865
1231 99998833
215 99999842
89 99999927
758 99999168
1427 99998686
668 99999230
38 99999956
878 99999074
924 99999120
67 99999973
173 99999847
712 99999166
1434 99998722
713 99999221
192 99999823
1229 99998800
865 99999115
469 99999550
619 99999300
513 99999520
754 99999169
186 99999838
589 99999315
56 99999927
891 99999063
156 99999855
1059 99998942
580 99999284
703 99999190
89 99999967
1271 99998802
565 99999319
492 99999560
612 99999368
936 99999089
599 99999328
1110 99998961
53 99999924
1244 99998800
897 99999044
519 99999484
689 99999189
1419 99998639
1287 99998841
568 99999360
614 99999373
1089 99998922
317 99999682
734 99999219
314 99999637
1287 99998788
80 99999945
1420 99998642
1477 99998653
227 99999860
937 99999065
725 99999160
1231 99998783
1283 99998765
11 99999920
23 99999917
1157 99998983
701 99999220
597 99999292
865 99999116
541 99999494
736 99999191
359 99999731
602 99999333
1237 99998805
606 99999319
1095 99998967
81 99999969
1148 99998968
1128 99998919
715 99999242
1075 99998985
758 99999241
601 99999295
346 99999695
900 99999108
53 99999952
953 99999044
1393 99998673
1115 99998952
1138 99998987
896 99999093
1469 99998642
99 99999967
31 99999969
705 99999205
1421 99998684
1475 99998655
142 99999799
33 99999948
880 99999117
484 99999489
547 99999551
1394 99998657
866 99999097
690 99999213
765 99999220
713 99999182
90 99999967
596 99999337
659 99999305
759 99999220
361 99999670
1395 99998664
940 99999091
1255 99998828
621 99999284
476 99999477
656 99999327
1113 99998976
598 99999278
1419 99998711
223 99999850
722 99999241
1413 99998685
1196 99998792
1145 99998928
489 99999492
1212 99998767
1144 99998911
67 99999984
348 99999724
607 99999352
875 99999104
1225 99998815
688 99999208
1211 99998764
317 99999659
1198 99998784
526 99999473
209 99999835
943 99999115
735 99999232
1148 99998991
470 99999547
78 99999956
688 99999251
14 99999954
675 99999187
916 99999085
579 99999365
1246 99998822
1460 99998639
1264 99998774
579 99999298
20 99999985
730 99999252
93 99999941
35 99999956
930 99999079
767 99999164
1256 99998769
1079 99998893
729 99999234
344 99999688
1432 99998705
326 99999716
948 99999066
598 99999277
161 99999812
902 99999037
476 99999522
207 99999802
6 99999920
1422 99998722
654 99999310
1240 99998848
584 99999371
1213 99998788
331 99999653
1260 99998822
551 99999561
368 99999718
86 99999905
1451 99998701
9 99999962
1262 99998833
1209 99998768
358 99999713
546 99999517
503 99999540
1118 99998919
627 99999278
1456 99998721
1059 99998949
496 99999505
1198 99998794
1435 99998707
311 99999661
1215 99998757
897 99999069
94 99999971
1274 99998770
935 99999069
490 99999526
645 99999335
1141 99998973
478 99999546
1154 99998901
1205 99998804
955 99999041
147 99999798
917 99999068
562 99999305
190 99999821
177 99999773
1149 99998988
341 99999731
1407 99998692
868 99999094
226 99999834
68 99999964
929 99999115
51 99999931
189 99999787
169 99999822
218 99999805
750 99999235
1112 99998942
1157 99998900
184 99999853
711 99999175
486 99999559
594 99999354
1136 99998946
1266 99998840
575 99999302
183 99999780
162 99999807
569 99999364
740 99999231
1075 99998899
141 99999783
1104 99998933
1232 99998807
1066 99998969
284 99999683
219 99999839
1480 99998730
1072 99998984
162 99999866
555 99999508
550 99999522
550 99999540
58 99999924
57 99999949
208 99999817
637 99999319
1090 99998962
1441 99998666
160 99999788
751 99999250
759 99999230
1476 99998634
759 99999237
471 99999475
285 99999713
379 99999720
731 99999211
955 99999129
623 99999342
589 99999283
545 99999497
222 99999848
950 99999065
1148 99998980
1192 99998773
1452 99998668
1423 99998730
692 99999186
623 99999310
1412 99998662
511 99999485
510 99999472
342 99999714
673 99999177
481 99999490
1243 99998771
1082 99998950
383 99999673
1097 99998913
353 99999665
559 99999484
1258 99998848
167 99999872
627 99999359
1281 99998795
167 99999815
1073 99998960
877 99999072
715 99999161
1219 99998762
1283 99998759
502 99999474
165 99999786
942 99999110
345 99999720
1420 99998714
59 99999938
234 99999803
62 99999938
316 99999650
66 99999907
339 99999719
181 99999859
84 99999996
479 99999479
1423 99998654
312 99999691
736 99999180
1411 99998660
896 99999065
728 99999172
1152 99998991
37 99999936
630 99999317
231 99999841
383 99999728
285 99999652
228 99999790
1469 99998644
345 99999656
1458 99998713
373 99999634
1268 99998846
541 99999476
1123 99998945
18 99999934
478 99999520
227 99999807
166 99999865
1192 99998768
618 99999341
83 99999977
497 99999531
59 99999996
657 99999363
383 99999675
148 99999791
614 99999326
212 99999852
584 99999358
1446 99998719
1255 99998832
557 99999563
1256 99998848
1125 99998943
1445 99998712
706 99999219
1199 99998827
18 99999927
340 99999637
1115 99998903
231 99999847
1282 99998761
27 99999951
902 99999086
1416 99998650
80 99999943
364 99999653
1472 99998700
1473 99998709
535 99999561
194 99999826
1236 99998797
694 99999167
1 99999996
151 99999826
1251 99998793
229 99999779
143 99999853
502 99999566
201 99999799
658 99999316
158 99999816
1424 99998686
344 99999704
896 99999130
596 99999347
554 99999503
200 99999804
753 99999209
358 99999722
166 99999868
871 99999061
1119 99998938
1452 99998727
936 99999042
234 99999861
205 99999795
514 99999514
11 99999955
355 99999659
23 99999913
643 99999363
625 99999321
1061 99998937
1121 99998985
360 99999650
80 99999998
355 99999634
174 99999816
507 99999498
575 99999366
568 99999349
1411 99998651
1429 99998663
1207 99998837
701 99999186
1277 99998775
1269 99998780
25 99999948
631 99999313
199 99999828
328 99999659
1221 99998795
892 99999094
165 99999842
85 99999906
918 99999038
877 99999039
1287 99998774
530 99999539
361 99999676
930 99999116
1154 99998911
524 99999554
1250 99998844
526 99999517
1404 99998660
962 99999090
476 99999504
1211 99998807
311 99999678
1082 99998977
335 99999674
873 99999103
290 99999651
580 99999277
463 99999513
1487 99998632
160 99999856
1206 99998849
866 99999099
4 99999927
1251 99998797
511 99999515
1084 99998908
297 99999722
195 99999855
20 99999909
