1000
1201 99998795
1169 99998795
193 99999848
471 99999499
660 99999365
594 99999444
22 99999914
302 99999711
776 99999334
645 99999446
37 99999977
612 99999433
921 99999203
449 99999539
504 99999565
6 99999988
1181 99998813
901 99999105
175 99999820
368 99999649
337 99999718
957 99999192
474 99999580
390 99999718
495 99999577
512 99999523
905 99999153
585 99999374
76 99999938
891 99999129
335 99999698
378 99999740
908 99999153
813 99999341
1345 99998654
1401 99998668
1195 99998823
183 99999764
634 99999355
1347 99998692
374 99999659
3 99999928
508 99999566
498 99999522
901 99999117
59 99999901
1111 99998973
792 99999296
1328 99998650
327 99999669
980 99999166
143 99999848
442 99999558
622 99999392
979 99999197
1107 99998959
314 99999712
136 99999776
1055 99999018
445 99999530
1353 99998670
923 99999151
739 99999285
1085 99999027
1207 99998761
614 99999374
1236 99998779
395 99999698
1365 99998658
1128 99998989
593 99999414
776 99999303
174 99999798
959 99999154
210 99999837
577 99999355
17 99999932
1351 99998683
1177 99998804
590 99999431
777 99999317
1348 99998680
781 99999257
1101 99998953
508 99999545
198 99999775
1083 99999033
214 99999819
63 99999910
643 99999395
18 99999916
1082 99999032
932 99999149
375 99999703
366 99999690
1356 99998699
26 99999938
176 99999831
485 99999573
658 99999381
805 99999290
921 99999117
228 99999833
655 99999413
960 99999179
364 99999709
443 99999540
806 99999301
635 99999387
160 99999762
357 99999741
147 99999804
813 99999339
356 99999712
351 99999704
910 99999124
140 99999761
62 99999923
640 99999403
1171 99998770
357 99999662
802 99999247
899 99999179
317 99999702
1062 99999019
897 99999197
975 99999142
588 99999380
70 99999985
1249 99998846
644 99999433
1188 99998840
348 99999670
1231 99998820
744 99999285
951 99999181
224 99999772
57 99999919
1185 99998844
186 99999775
494 99999493
1324 99998700
1117 99999002
1314 99998679
660 99999447
1095 99999028
758 99999309
522 99999519
887 99999152
1131 99998963
349 99999648
234 99999787
517 99999525
364 99999682
304 99999735
916 99999166
1116 99998968
307 99999718
1165 99998772
43 99999924
452 99999501
486 99999525
1067 99999005
1194 99998755
819 99999299
1126 99998986
320 99999689
463 99999524
1233 99998794
495 99999536
447 99999569
1173 99998853
1343 99998654
80 99999974
1371 99998701
484 99999586
28 100000000
499 99999504
1407 99998694
824 99999281
1186 99998817
21 99999942
447 99999521
1331 99998706
657 99999423
30 99999917
800 99999259
1133 99998966
887 99999159
798 99999261
953 99999195
473 99999497
234 99999837
3 99999954
1348 99998671
788 99999268
170 99999780
461 99999498
575 99999430
1174 99998757
20 99999961
371 99999650
372 99999678
174 99999771
1060 99998981
924 99999117
392 99999693
21 99999959
980 99999178
927 99999112
520 99999513
1172 99998846
635 99999406
1202 99998781
86 99999993
805 99999273
162 99999831
351 99999710
82 99999913
756 99999338
758 99999284
373 99999659
979 99999170
1056 99999025
90 99999942
809 99999310
613 99999429
1348 99998709
145 99999797
194 99999832
75 99999924
1068 99998982
1364 99998743
455 99999529
938 99999182
604 99999429
1098 99998979
1043 99998992
927 99999195
1339 99998670
139 99999806
212 99999754
1247 99998777
57 99999937
655 99999387
626 99999366
1082 99999030
14 99999935
198 99999817
1343 99998732
1220 99998778
373 99999729
766 99999315
57 99999907
1342 99998656
809 99999321
1240 99998759
816 99999281
327 99999678
391 99999717
773 99999282
588 99999431
1103 99999034
1104 99999032
507 99999515
442 99999521
650 99999385
507 99999556
1372 99998712
18 99999917
618 99999385
497 99999531
897 99999151
500 99999586
1129 99998960
950 99999127
188 99999838
1378 99998721
586 99999369
1239 99998806
747 99999336
223 99999842
648 99999449
1186 99998809
209 99999834
93 99999953
482 99999588
499 99999523
337 99999664
632 99999396
1139 99999008
336 99999657
359 99999740
1319 99998728
1200 99998794
79 99999988
1234 99998760
601 99999422
826 99999328
797 99999293
60 99999951
1328 99998719
67 99999993
52 99999902
383 99999651
12 99999964
1221 99998765
656 99999420
1169 99998812
197 99999846
598 99999420
43 99999917
1112 99999033
1117 99998955
572 99999431
449 99999522
768 99999250
337 99999686
1106 99998994
1132 99999023
616 99999415
891 99999201
92 99999973
1069 99999012
1239 99998845
1370 99998699
339 99999728
1397 99998670
1137 99999028
1105 99998956
350 99999715
90 99999990
354 99999669
664 99999426
205 99999767
217 99999800
1384 99998659
1162 99998828
1412 99998663
335 99999668
1352 99998712
148 99999819
620 99999361
157 99999839
1053 99999020
43 99999941
782 99999324
975 99999178
588 99999387
1134 99999033
1343 99998726
1141 99998986
1087 99999018
1165 99998832
1177 99998813
606 99999416
923 99999191
44 99999928
1348 99998681
968 99999122
1128 99998981
100 99999904
975 99999157
29 99999908
921 99999182
1382 99998657
604 99999373
1048 99999002
763 99999290
6 99999931
65 99999945
174 99999836
911 99999110
1209 99998783
1321 99998716
885 99999115
966 99999192
498 99999541
1248 99998784
329 99999731
961 99999171
1084 99998985
203 99999759
1404 99998652
1236 99998822
323 99999723
606 99999372
53 99999904
87 99999979
1105 99998988
206 99999761
1339 99998747
1044 99998964
766 99999279
754 99999336
363 99999731
821 99999338
798 99999323
225 99999794
793 99999264
46 99999925
15 99999963
227 99999759
806 99999294
597 99999358
361 99999679
448 99999510
1106 99998962
215 99999772
731 99999325
593 99999387
318 99999649
80 99999989
1409 99998679
326 99999687
141 99999820
763 99999284
814 99999302
71 99999958
1339 99998664
1172 99998801
915 99999142
1189 99998821
742 99999315
605 99999375
822 99999307
363 99999688
430 99999524
445 99999516
335 99999689
1361 99998654
389 99999711
233 99999791
185 99999844
779 99999284
1400 99998674
650 99999394
4 99999997
972 99999192
136 99999800
373 99999737
884 99999128
735 99999268
890 99999162
577 99999383
221 99999769
1339 99998706
1373 99998658
929 99999162
661 99999430
772 99999312
1136 99998993
308 99999646
1042 99998997
1222 99998821
756 99999311
193 99999805
400 99999648
1358 99998676
776 99999282
1119 99998996
981 99999180
640 99999412
139 99999848
493 99999497
42 99999918
961 99999118
977 99999119
1377 99998701
924 99999170
1088 99998954
1231 99998808
1197 99998842
1338 99998667
1179 99998779
1099 99998968
787 99999339
1070 99998982
10 99999915
1361 99998702
1085 99999005
628 99999441
451 99999513
141 99999760
1169 99998777
744 99999339
771 99999287
1241 99998842
140 99999756
359 99999745
946 99999157
781 99999246
73 99999904
570 99999447
1234 99998813
1194 99998800
508 99999556
1064 99999038
340 99999697
1243 99998821
1240 99998823
196 99999789
307 99999716
600 99999384
935 99999128
191 99999766
637 99999404
646 99999385
766 99999285
349 99999675
780 99999338
1051 99998987
1074 99998950
609 99999366
1228 99998825
379 99999728
1181 99998803
196 99999760
143 99999843
438 99999552
1086 99998992
1 99999971
1099 99998954
506 99999584
1199 99998825
36 99999950
498 99999565
508 99999582
512 99999551
913 99999118
1185 99998826
958 99999135
230 99999765
370 99999725
1212 99998789
917 99999153
439 99999509
1165 99998788
1072 99998989
793 99999342
466 99999571
1086 99999001
164 99999765
640 99999386
753 99999316
431 99999540
1357 99998686
1376 99998680
511 99999585
210 99999784
972 99999116
1102 99998980
160 99999812
1378 99998730
1383 99998656
644 99999430
1365 99998736
1259 99998833
1363 99998717
1351 99998723
1359 99998737
1168 99998817
1101 99999029
495 99999566
1225 99998806
351 99999741
1209 99998799
78 99999990
791 99999286
1099 99999029
1069 99998986
928 99999107
1390 99998655
364 99999652
1044 99998981
182 99999834
1316 99998666
659 99999351
1116 99998946
602 99999373
922 99999195
482 99999552
367 99999737
892 99999180
894 99999106
52 99999978
733 99999298
1082 99999007
748 99999269
612 99999404
526 99999505
821 99999292
593 99999404
952 99999147
450 99999588
793 99999279
316 99999730
594 99999371
1250 99998787
1105 99999028
348 99999727
193 99999814
1339 99998673
140 99999849
1105 99998963
1055 99998960
957 99999109
884 99999187
321 99999670
304 99999740
1380 99998689
170 99999812
752 99999315
436 99999549
752 99999247
207 99999839
510 99999537
1407 99998658
231 99999760
811 99999312
313 99999664
140 99999767
1165 99998776
752 99999294
1101 99999042
505 99999575
1110 99999022
469 99999554
322 99999667
1253 99998838
566 99999402
1331 99998701
476 99999582
1344 99998668
731 99999315
56 99999929
32 99999994
332 99999703
382 99999733
1161 99998850
1210 99998809
332 99999667
1322 99998704
641 99999368
360 99999711
173 99999846
41 99999939
69 99999945
633 99999403
10 99999952
641 99999396
938 99999136
498 99999529
62 99999956
64 99999980
828 99999264
1186 99998822
188 99999757
224 99999795
968 99999175
813 99999325
1165 99998825
137 99999824
1113 99999026
807 99999250
1185 99998776
1333 99998728
959 99999167
432 99999545
767 99999306
367 99999720
1202 99998812
41 99999990
307 99999706
1241 99998787
381 99999712
372 99999688
199 99999795
39 99999959
586 99999428
169 99999752
1327 99998670
179 99999827
467 99999504
1177 99998779
1384 99998676
807 99999324
466 99999512
201 99999820
70 99999926
216 99999765
205 99999754
629 99999429
87 99999943
56 99999941
442 99999586
394 99999712
205 99999812
57 99999975
907 99999182
84 99999968
731 99999324
644 99999366
201 99999844
1076 99999044
1089 99998993
1342 99998696
450 99999532
1073 99998965
753 99999282
229 99999788
614 99999440
439 99999516
950 99999188
978 99999184
1072 99998965
97 100000000
1316 99998652
487 99999524
353 99999726
757 99999290
741 99999314
173 99999778
1318 99998704
1084 99998977
1112 99999044
1126 99998969
799 99999294
904 99999127
1091 99999010
344 99999740
963 99999204
753 99999279
60 99999961
198 99999752
609 99999376
768 99999291
499 99999527
1091 99999032
1365 99998720
787 99999327
331 99999723
755 99999317
222 99999750
307 99999655
1354 99998651
1194 99998767
149 99999806
1178 99998772
900 99999122
1384 99998700
446 99999528
906 99999134
1331 99998744
7 99999996
816 99999243
792 99999302
609 99999394
1385 99998661
11 99999926
603 99999449
909 99999133
889 99999132
1164 99998782
447 99999510
1179 99998785
1366 99998721
941 99999162
335 99999713
517 99999581
1111 99998970
1217 99998762
1363 99998722
593 99999377
957 99999149
590 99999449
98 99999958
445 99999565
980 99999118
1044 99998969
1391 99998719
594 99999447
958 99999184
978 99999155
77 99999910
9 99999901
758 99999297
400 99999675
493 99999528
358 99999733
1412 99998692
1214 99998851
753 99999289
469 99999490
19 99999946
826 99999278
1333 99998695
896 99999167
579 99999441
626 99999381
485 99999570
175 99999841
1087 99998985
1097 99999039
1385 99998727
663 99999360
790 99999315
1365 99998732
1322 99998664
932 99999182
491 99999536
566 99999389
491 99999554
1114 99999000
91 99999978
1314 99998725
227 99999798
1170 99998837
1116 99999011
972 99999143
756 99999261
330 99999668
1078 99998960
1134 99998983
383 99999704
1216 99998761
1403 99998720
1236 99998774
91 99999921
1397 99998689
788 99999281
966 99999128
157 99999763
14 99999957
1107 99999022
494 99999586
1354 99998695
345 99999697
812 99999315
162 99999791
400 99999646
235 99999795
1223 99998770
491 99999500
891 99999199
748 99999297
1380 99998707
519 99999546
620 99999422
179 99999843
1234 99998852
1209 99998776
1332 99998659
1190 99998844
633 99999391
56 99999959
1 99999919
157 99999790
578 99999442
745 99999254
657 99999359
334 99999738
1198 99998782
347 99999741
583 99999415
812 99999323
497 99999541
400 99999659
1395 99998659
308 99999701
574 99999428
1050 99998977
446 99999533
1084 99999024
1235 99998765
486 99999494
955 99999117
1381 99998746
482 99999587
627 99999403
574 99999394
567 99999394
86 99999980
1085 99998955
611 99999366
1057 99998958
971 99999116
646 99999358
56 99999909
90 99999983
1246 99998768
523 99999588
467 99999560
232 99999752
1179 99998774
1130 99998980
322 99999715
1346 99998747
84 99999972
52 99999932
480 99999582
1168 99998787
942 99999200
352 99999657
1084 99998982
151 99999766
1365 99998724
908 99999145
1208 99998830
1345 99998695
1177 99998809
1169 99998847
1108 99998953
97 99999922
603 99999433
34 99999922
1228 99998809
753 99999243
626 99999448
190 99999753
773 99999281
183 99999826
1214 99998827
1221 99998822
335 99999684
1371 99998704
631 99999417
1170 99998804
646 99999379
518 99999543
317 99999651
508 99999537
61 99999979
521 99999508
137 99999835
915 99999183
738 99999261
1211 99998811
1376 99998744
649 99999447
963 99999141
1315 99998705
67 99999956
1123 99999043
1316 99998668
481 99999565
748 99999320
958 99999117
745 99999280
37 99999993
820 99999293
465 99999559
321 99999725
744 99999249
1121 99998970
739 99999320
1330 99998691
186 99999820
1075 99998948
190 99999790
972 99999115
187 99999754
912 99999197
1228 99998803
168 99999844
1354 99998682
925 99999176
579 99999415
613 99999423
170 99999770
1170 99998771
909 99999149
1215 99998806
1068 99999043
382 99999690
520 99999498
979 99999139
955 99999113
943 99999114
28 99999946
574 99999430
25 99999907
1360 99998660
1255 99998847
511 99999493
47 99999964
465 99999569
1257 99998831
964 99999157
500 99999504
439 99999584
18 99999971
315 99999742
381 99999732
136 99999816
1138 99998952
13 99999940
468 99999544
230 99999823
1321 99998718
