100
60287966 15914771
71500655 29860109
80597990 2937493
23990538 48205326
12013144 51724418
76561370 96743879
63772913 89799545
36025761 5098182
80788476 28027632
12913756 41450867
3167174 39839600
41621303 94419789
57336523 40989476
21421090 31597269
18933300 16413951
63360290 89827686
62027312 50176535
19663481 45735955
78337144 91338149
42859043 12227466
59348709 24000544
81597780 84754030
34067941 84171133
51241895 84379664
87330328 43554637
42171089 13783137
53246173 28643604
40929198 86303583
23130790 59073435
60051364 71006199
9623587 48374663
49815863 19224123
54516931 30688689
70761410 94202364
16599520 43730570
46010823 78347447
60483350 55516518
18702455 5794543
3563671 84985194
28151876 4518366
39302229 97385374
34688623 70243087
83201522 22296637
39654036 4396814
49813860 68976564
98400119 99738531
37019148 33772190
12557709 70115003
49320253 72522161
40623207 63119870
25470316 96501833
25669524 91531201
22658133 47246645
34004973 39688528
57477319 64057573
46451694 47835574
44565165 3260036
56033944 93824881
22959474 41931920
62815567 59786814
40317589 15958100
91253973 38979528
3842905 4214508
12130150 49549803
31073691 3798777
10147789 96902078
63431742 32413631
97257766 333704
22186846 28756805
7342923 32618776
66136036 13906673
41504737 41320841
7728100 59160768
48216155 76742307
27506028 54620452
73716901 81155825
54235293 67509610
98860147 46645844
70629082 33120744
23473463 78882115
29471712 47292574
37842201 32023982
81123194 39410906
58292265 47356749
49517786 56854867
96580171 12623660
81613817 7924655
65580135 26840484
60394356 47945957
50313041 57870265
19537195 18177676
66853863 70011521
95237413 32627233
95880571 9851926
39325011 74174695
7588361 40169505
96993158 17708443
8587055 42637523
26673789 53981884
47965435 45314287
