100
99998682 99998843
99995736 99996019
99997638 99997768
99996971 99997290
99998830 99998948
99997031 99997344
99997691 99997850
99997212 99997475
99996768 99997219
99999948 99999937
99999456 99999418
99997801 99997990
99995635 99995802
99998269 99998441
99996498 99996885
99996365 99996658
99999594 99999584
99999898 99999895
99996448 99996738
99999844 99999843
99997758 99997919
99999029 99999068
99996486 99996833
99995296 99995342
99998914 99998989
99995452 99995516
99996542 99996968
99996655 99997077
99996089 99996394
99995672 99995894
99997470 99997643
99999103 99999251
99998705 99998863
99997505 99997685
99995901 99996239
99996682 99997090
99998993 99999040
99995586 99995676
99995443 99995423
99995583 99995619
99999725 99999769
99996220 99996493
99995842 99996110
99996793 99997224
99998750 99998898
99995305 99995355
99999190 99999308
99996248 99996579
99999382 99999397
99996884 99997268
99996535 99996915
99998679 99998805
99996172 99996478
99995370 99995409
99997338 99997574
99996177 99996482
99996589 99997044
99997100 99997379
99996134 99996397
99997923 99998135
99998160 99998350
99995158 99995223
99997308 99997542
99995057 99995171
99995893 99996142
99997925 99998223
99999824 99999809
99995605 99995747
99998551 99998739
99995218 99995254
99996317 99996611
99998189 99998406
99995524 99995563
99999636 99999673
99997178 99997437
99995606 99995763
99999079 99999163
99999268 99999321
99997580 99997686
99998399 99998559
99997863 99998076
99998045 99998252
99998302 99998482
99997814 99998052
99995963 99996320
99999306 99999338
99997988 99998239
99996054 99996330
99996729 99997124
99995359 99995387
99999531 99999500
99997373 99997589
99998463 99998643
99998608 99998768
99995122 99995201
99995807 99996033
99996516 99996887
99997021 99997307
99995691 99995947
99998077 99998268
