103
99984908 99999769
99998956 99999797
99950272 99999695
99953773 99999704
99976210 99999750
99989144 99999779
99951935 99999698
99964506 99999726
99962363 99999722
99969754 99999738
99998332 99999795
99979583 99999756
99984797 99999768
99984007 99999767
99973277 99999745
99955792 99999708
99952116 99999700
99973118 99999743
99971658 99999741
99991335 99999782
99993803 99999787
99993612 99999786
99956414 99999710
99985146 99999771
99970802 99999740
99968694 99999733
99977476 99999752
99977839 99999753
99960951 99999720
99994856 99999790
99981196 99999761
99955750 99999707
99960609 99999719
99957473 99999713
99980493 99999759
99988002 99999777
99993075 99999785
99992320 99999784
99961908 99999721
99983183 99999765
99965438 99999727
99968882 99999736
99957897 99999714
99992315 99999783
99996534 99999792
99955057 99999706
99963398 99999724
99962943 99999723
99980325 99999758
99989983 99999780
99966676 99999730
99951119 99999697
99994126 99999788
99968017 99999732
99968792 99999735
99958683 99999716
99967541 99999731
99973934 99999746
99958554 99999715
99952672 99999701
99969436 99999737
99978701 99999754
99954257 99999705
99988294 99999778
99995851 99999791
99998699 99999796
99985963 99999772
99982001 99999762
99986648 99999774
99982675 99999764
99957305 99999712
99965730 99999729
99979690 99999757
99982440 99999763
99973158 99999744
99956822 99999711
99968755 99999734
99976973 99999751
99986881 99999775
99970389 99999739
99998200 99999794
99958989 99999717
99959638 99999718
99980926 99999760
99990785 99999781
99987037 99999776
99952040 99999699
99984911 99999770
99997480 99999793
99979225 99999755
99952832 99999702
99983903 99999766
99975694 99999749
99956039 99999709
99975353 99999748
99986477 99999773
99953692 99999703
99994492 99999789
99972291 99999742
99950660 99999696
99965470 99999728
99964139 99999725
99974741 99999747
