100
97757421 38982357
1058155 86207261
76477745 34910354
33385184 54366684
93245254 24643568
11856152 30179271
38938183 11499446
73760794 4649496
34366196 72033711
57759948 49316677
78194815 72055289
16893315 94097156
6668841 10576316
33778819 37097786
50270133 11042340
86444243 83118875
35522967 14187306
37815856 81039470
73207039 99627491
83525559 25086359
72497449 87445234
55984267 80742899
78583124 84658403
41105116 33315917
92598784 23553855
18223759 5055140
70394701 16970188
62817820 84698824
65492706 83478286
57448280 38804989
51615300 88938160
24248709 43316664
72211936 77287097
37197264 81373111
76046954 10948929
32197489 58921025
86701855 41449285
32598254 29706959
22079462 49145016
950561 75346527
38095554 34746900
29678140 18749561
18432620 58860153
14819515 94274907
21023566 47399657
37144401 66866357
36529752 95278744
73917441 66340057
44264743 67196582
41501665 93678579
66204332 84173588
6001087 79424487
91871891 21499682
12670459 20988358
63568795 62418112
74362147 74123512
73869279 13568748
82428129 77882404
70077759 14356613
61768432 56052852
70935415 41040486
80955371 5313005
89173216 92460900
68627308 7104379
47293366 2671139
33224075 11172681
70379878 49982339
36138227 40326958
18063408 52007211
33355567 6695134
27302280 78808899
78601850 7670112
66793588 3344576
32403982 7574447
96366420 54634181
35830357 11072975
70301511 4380921
16163457 45040125
73575405 96886831
18600941 64526605
17510231 1699607
85510053 11749660
7003797 62860255
95317370 13588002
43412863 68167819
55732777 59632719
94682754 36077023
65944259 54027271
68218509 32516288
86661705 69332595
58848428 52721517
15596537 82048532
11196259 49233989
69899615 2088212
17537108 92273006
8957376 53505618
56818599 51401667
19491495 42362732
70206343 80303446
76686012 65786660
