303
3429 99999796
37494 99999729
55882 99999693
61718 99999682
142819 99999515
108094 99999591
56387 99999692
114938 99999579
134942 99999532
25193 99999754
48108 99999708
134473 99999534
51823 99999702
148750 99999503
62979 99999680
65418 99999674
66765 99999666
47209 99999710
40867 99999722
51404 99999703
94175 99999616
73109 99999653
29787 99999745
20536 99999763
91565 99999620
8404 99999787
29982 99999744
10711 99999781
135559 99999531
113100 99999581
87239 99999628
26905 99999750
24808 99999755
77640 99999644
73875 99999652
13300 99999777
46366 99999712
38873 99999727
140112 99999521
22138 99999761
87680 99999627
106326 99999594
78166 99999642
110069 99999587
65659 99999671
54719 99999695
145914 99999509
146845 99999507
135906 99999530
118442 99999571
53036 99999700
137152 99999527
65905 99999670
130939 99999545
23355 99999758
35711 99999733
1496 99999799
45476 99999713
129765 99999549
49741 99999706
111468 99999584
40039 99999724
4797 99999793
132003 99999541
131327 99999542
56430 99999691
121747 99999567
84345 99999633
36509 99999730
92440 99999619
123696 99999560
94909 99999615
141283 99999518
146337 99999508
42656 99999717
58105 99999689
58876 99999688
100353 99999603
60575 99999685
97943 99999608
96874 99999610
116527 99999575
147658 99999505
90033 99999622
18734 99999767
108107 99999590
129156 99999550
117472 99999572
110637 99999585
61163 99999684
65579 99999672
80099 99999639
86434 99999629
129797 99999548
82453 99999636
148139 99999504
12324 99999778
67884 99999663
100751 99999601
89162 99999624
132938 99999537
96441 99999612
69517 99999659
27851 99999749
104607 99999596
85849 99999630
47790 99999709
75128 99999649
54280 99999696
1490 99999800
1377 99999801
132059 99999540
102869 99999598
99030 99999605
40106 99999723
14595 99999773
7116 99999790
70584 99999657
31643 99999742
130979 99999544
76950 99999645
35150 99999734
77950 99999643
107154 99999593
75240 99999648
132594 99999538
109323 99999588
145389 99999510
112523 99999582
79637 99999640
66624 99999667
16873 99999769
76206 99999646
133108 99999536
64734 99999676
128414 99999551
137360 99999526
9333 99999785
115003 99999578
23701 99999757
25335 99999753
78895 99999641
17864 99999768
72381 99999654
39203 99999726
127639 99999552
70348 99999658
32611 99999740
47012 99999711
126963 99999553
150519 99999500
141077 99999519
138198 99999525
34799 99999735
107501 99999592
114033 99999580
116789 99999574
132110 99999539
131066 99999543
65108 99999675
83736 99999634
16311 99999771
126797 99999554
30689 99999743
4692 99999794
69371 99999661
44555 99999714
39823 99999725
126614 99999555
11611 99999780
110627 99999586
144716 99999511
123935 99999559
63592 99999679
24449 99999756
115644 99999576
122497 99999564
88500 99999626
68721 99999662
74023 99999651
48776 99999707
125415 99999557
143580 99999514
89093 99999625
10065 99999783
142788 99999516
61301 99999683
9293 99999786
33754 99999738
14070 99999774
150542 99999499
2453 99999797
83152 99999635
111930 99999583
67813 99999664
62195 99999681
43862 99999715
147065 99999506
51089 99999704
123693 99999561
138769 99999524
98166 99999607
124593 99999558
130429 99999546
65539 99999673
41831 99999719
100710 99999602
13636 99999775
54264 99999697
42391 99999718
74579 99999650
120979 99999568
115517 99999577
25382 99999752
81637 99999637
36120 99999731
53953 99999698
13438 99999776
66383 99999669
137148 99999528
96561 99999611
41454 99999720
93174 99999618
57275 99999690
103847 99999597
52597 99999701
80658 99999638
16678 99999770
50599 99999705
85238 99999631
139511 99999523
117188 99999573
71373 99999656
29437 99999747
100925 99999600
33787 99999737
43030 99999716
89713 99999623
84466 99999632
20073 99999764
129955 99999547
139866 99999522
105404 99999595
22839 99999760
53195 99999699
10588 99999782
8053 99999788
144226 99999513
23237 99999759
31920 99999741
121885 99999566
20052 99999765
12293 99999779
1647 99999798
66621 99999668
134082 99999535
67019 99999665
95814 99999614
19734 99999766
38015 99999728
140980 99999520
59632 99999687
41129 99999721
34328 99999736
6492 99999791
142182 99999517
7407 99999789
33283 99999739
26289 99999751
123431 99999562
5605 99999792
96046 99999613
98633 99999606
150292 99999501
64102 99999677
28791 99999748
29710 99999746
122556 99999563
120042 99999569
21310 99999762
101892 99999599
4229 99999795
55650 99999694
126399 99999556
69484 99999660
71649 99999655
144695 99999512
64001 99999678
90867 99999621
119233 99999570
15326 99999772
121933 99999565
99951 99999604
134558 99999533
108504 99999589
136293 99999529
60078 99999686
93984 99999617
149427 99999502
35996 99999732
97362 99999609
9376 99999784
76205 99999647
