101
99998962 50313
99999022 20722
99999035 11433
99998967 48887
99998963 49320
99999051 2075
99998975 45374
99998965 49250
99999038 9064
99999031 14529
99999032 13625
99999044 5934
99999046 5019
99999012 24688
99999019 21366
99998981 41513
99999036 10618
99999007 28632
99999034 12121
99998956 54416
99999013 24046
99999026 18352
99999025 19019
99998968 48558
99999050 2845
99999030 15416
99999016 22558
99999001 31359
99998976 45058
99998992 36034
99999000 31499
99998971 47384
99999043 6258
99999006 28829
99998999 32260
99998966 48926
99998961 51264
99999023 20153
99998973 45996
99998995 34117
99999008 27767
99999002 30484
99998977 44077
99999017 22199
99998982 40734
99999039 8841
99999018 21654
99998990 37502
99998998 32352
99998953 56094
99998959 52779
99999014 23555
99998997 33349
99998972 46900
99999040 8362
99999041 8014
99999033 12781
99999047 4340
99999009 26953
99999021 20937
99999005 29693
99999024 19609
99998987 37972
99998978 43330
99998955 54958
99998984 39662
99998993 35451
99998983 40260
99999011 25672
99999004 29725
99999028 16788
99998969 48313
99998952 56585
99998991 36618
99999027 17756
99998970 48270
99998980 42446
99999042 7213
99998960 51902
99998985 39524
99998996 33429
99998986 38540
99999049 3567
99999015 23525
99998979 43210
99999029 16282
99999010 25963
99998989 37526
99998964 49266
99998994 34781
99998954 55205
99999020 21027
99999052 1529
99998988 37800
99998958 53753
99999048 3671
99999003 29961
99998957 54016
99998974 45984
99999045 5153
99999037 9920
