297
99999226 26184
99999242 18296
99999001 136536
99999276 2912
99999193 39580
99999258 11119
99999187 42239
99999211 32961
99998990 141765
99999086 95628
99999087 95169
99999141 68825
99999265 8508
99999017 128856
99999062 105681
99998998 137897
99999241 18808
99999098 89802
99999184 43439
99999251 14991
99999219 29139
99999005 134881
99999239 19445
99999096 89882
99999080 98016
99999103 87944
99999280 1278
99999043 114950
99999185 43278
99999234 21915
99999171 51118
99999250 15184
99999124 77309
99999195 38808
99999008 132840
99999034 119678
99999268 6721
99999030 121722
99999209 33981
99999094 90880
99999217 30510
99999090 93594
99999196 38725
99999225 26477
99999110 84634
99999133 72288
99999099 89784
99999177 47844
99999007 133775
99999240 19223
99999009 132312
99999063 105595
99999121 78284
99999138 70229
99999102 88827
99998996 138552
99999052 109709
99999083 96479
99999137 70997
99999033 120437
99999244 17177
99999200 37169
99999077 98928
99999072 102155
99999070 102320
99999032 120710
99999015 130205
99999145 66304
99999091 92674
99999169 51553
99999000 136663
99999132 72429
99999261 10179
99999267 6863
99999277 2106
99999085 96201
99999189 41286
99999190 40548
99999093 91400
99999142 67931
99999097 89840
99999151 61704
99999254 13694
99999176 48517
99999227 25685
99999128 75259
99999118 80315
99999108 85547
99999112 82914
99999100 89722
99999068 103465
99999101 88939
99999021 126440
99998993 140188
99999136 71377
99999260 10285
99999113 82404
99999126 75932
99999147 64974
99999058 106458
99999109 84808
99999238 19518
99999140 69138
99999027 124011
99999115 81340
99999160 55675
99999275 3394
99998986 143798
99999229 25077
99999131 72621
99999056 107480
99999011 131818
99999173 49477
99999155 59118
99999230 24434
99999197 38001
99999117 80881
99999243 18177
99999279 1417
99998997 138159
99999111 83874
99999221 28527
99999002 136351
99999092 91687
99999232 23010
99999236 20040
99999170 51135
99999153 60751
99999281 442
99999012 131438
99999026 124186
99999044 114457
99999249 15487
99999144 66533
99999023 125220
99998985 144335
99999029 122627
99999003 136143
99999053 109523
99998995 139519
99999119 79488
99999159 56387
99999248 15740
99999271 5664
99999019 127554
99999047 112635
99999178 47276
99999095 89945
99999081 97697
99999036 118357
99999269 5977
99999051 109991
99999089 94136
99998991 140983
99998992 140525
99999163 54304
99999078 98519
99999172 50143
99999198 37883
99999031 121489
99999228 25090
99999135 71575
99999035 118984
99999071 102267
99999270 5767
99998994 140017
99999206 34591
99999014 130842
99999237 19677
99999216 31477
99999202 35826
99999020 127092
99999199 37299
99999041 116638
99999188 41659
99999208 34341
99999214 31727
99999179 46538
99999231 23989
99999073 101966
99999013 131216
99999139 69566
99999255 12949
99999207 34437
99999065 104463
99999235 20997
99999212 32822
99999215 31707
99999050 110493
99999264 9055
99999037 117786
99999162 55197
99999016 129475
99999194 39218
99999257 11976
99999186 42587
99999074 101376
99999223 27711
99999203 35492
99998989 142105
99999181 45103
99999143 67520
99998987 143272
99999263 9285
99999182 44361
99999060 106437
99999252 14228
99999038 117658
99999183 44158
99999150 62601
99999191 39728
99999048 111829
99999167 52610
99999204 35069
99999055 108307
99999049 110997
99999123 78182
99999134 71874
99999130 73449
99999146 65320
99999082 96918
99999262 9995
99999154 59947
99999253 14112
99999266 7748
99999018 128021
99999180 45960
99999025 124423
99999233 22824
99999175 48760
99999259 10320
99999105 86733
99998999 137456
99999079 98214
99999125 76830
99999166 53145
99999004 135794
99998988 143024
99999107 85969
99999040 117242
99999045 113702
99999106 86263
99999064 105300
99999157 57975
99999246 16923
99999059 106442
99999076 99900
99999273 4282
99999084 96471
99999057 107377
99999010 132135
99999024 124850
99999129 74356
99999156 58618
99999205 34665
99999192 39609
99999061 105804
99999247 16453
99999006 134431
99999127 75887
99999165 53325
99999272 5248
99999116 81168
99999161 55260
99999158 57188
99999213 32240
99999164 53360
99999075 100498
99999274 3573
99999046 112899
99999220 28885
99999224 27116
99999122 78235
99999054 109151
99999152 61321
99999022 125828
99999168 52009
99999066 104249
99999104 87352
99999088 94423
99999149 63028
99999148 63988
99999069 103292
99999114 81889
99999256 12904
99999278 1938
99999210 32985
99999067 103888
99999039 117391
99999042 115694
99999201 36416
99999120 78539
99999245 16982
99999174 49401
99999218 29900
99999028 123410
99999222 28421
