100
3563 99996247
4054 99995861
534 99999276
4698 99995370
3464 99996348
4645 99995381
234 99999702
829 99999003
3751 99996016
2511 99997370
1974 99997820
559 99999226
3389 99996377
759 99999099
3634 99996096
1939 99997892
1158 99998655
3816 99996007
2615 99997251
4274 99995688
993 99998921
4635 99995425
1308 99998539
510 99999280
1599 99998208
2876 99996907
590 99999215
2239 99997641
3911 99996002
624 99999174
3211 99996598
2745 99997024
2122 99997715
4591 99995459
359 99999487
2610 99997331
4519 99995498
3226 99996511
2260 99997562
260 99999614
3712 99996046
1014 99998831
3994 99995948
1728 99998091
3303 99996492
21 99999976
3139 99996694
2688 99997121
3564 99996240
2425 99997380
1547 99998308
658 99999124
910 99998959
217 99999736
3491 99996273
76 99999863
1745 99998036
1688 99998125
3110 99996720
3364 99996415
1007 99998915
1514 99998372
4615 99995454
3017 99996721
2832 99996981
3421 99996360
1852 99997923
1544 99998364
1074 99998728
4349 99995614
1234 99998651
261 99999537
3137 99996707
1060 99998819
392 99999424
1239 99998592
4205 99995786
679 99999100
1401 99998504
1763 99997938
419 99999373
3691 99996062
3571 99996141
2148 99997665
3986 99995971
60 99999883
4110 99995829
3160 99996658
2626 99997212
1437 99998450
2415 99997417
2989 99996745
2346 99997492
4429 99995574
2056 99997806
2151 99997654
152 99999806
2448 99997371
2960 99996843
3197 99996634
