101
79100133 50000003
47165176 49999998
33308542 50000000
50000004 79338864
3840883 50000001
82115074 50000001
49999998 97789434
50000003 13515868
85091342 49999999
50000002 54998450
2911028 50000000
38753974 49999997
49999998 26564152
50000002 32846113
7401713 50000002
44303937 50000002
49999998 79402480
49999999 69552488
66002879 50000000
70787996 50000000
50000001 88997989
50000003 50507222
58780583 49999997
50000001 16617767
50000002 99249674
99130254 50000003
93562277 49999998
25522968 50000000
14984706 49999999
49999999 28850173
81167312 49999999
73336102 50000002
42388490 50000000
63746813 50000003
8218395 49999997
96090551 49999998
63529670 50000000
83139141 50000002
27733765 50000000
50000004 63131468
49999998 13636286
93103611 49999998
49999999 59440557
45715154 50000001
18751858 50000003
39948629 49999999
81896221 49999999
50000000 83252504
79055767 49999998
9553725 49999998
39320017 50000002
74659402 49999999
50000000 46977622
50663467 49999999
57890361 50000003
98076193 49999998
53299046 50000003
29425190 49999998
50000001 6700574
74410847 49999997
97744893 50000001
92866207 49999997
70128207 49999997
49383588 49999999
36916327 50000002
348710 50000000
50000002 62808137
4118599 50000003
50000001 68613842
19090206 50000000
85353644 49999998
55391079 50000002
4997211 50000000
70126069 50000002
50000001 99707312
2869849 50000000
28376278 49999997
82844322 50000000
98964520 50000000
49999999 36811397
23829659 49999998
23716755 49999998
90458078 50000000
49088678 50000001
13608374 50000001
50000002 83390894
50000000 46115801
50000003 29732488
50000004 96087363
68810595 49999998
49999998 8643003
82087237 50000001
63530257 50000000
50000004 12770507
18225161 49999997
49999998 18754477
50000000 72999666
49999999 64416423
83008707 50000003
49999998 61629235
36050738 50000000
