297
44789268 49999998
20313317 50000000
50000001 6553341
50000002 17569870
17576542 50000000
60425732 49999998
50000001 48368138
18927711 49999997
50000002 62898947
42310231 49999999
12532914 49999998
75123425 50000002
49999998 15147816
83824390 50000001
88426655 50000002
50000000 8016921
51323236 50000003
1626774 50000003
62507939 50000001
49999997 48028022
92792803 49999999
35946453 50000003
31812904 50000002
56372389 50000003
97406857 49999997
70145170 49999997
50000003 65886550
60734722 50000002
43666294 49999998
25694931 50000001
49999998 75305325
29415641 49999997
74822084 49999998
78826526 49999997
50000001 81486652
49951589 49999998
69786892 50000000
49999999 31643858
62380249 49999999
5315915 49999998
19890670 50000000
64418417 49999997
50000003 82615726
4421620 50000002
50000000 26745808
84578999 49999999
2944370 50000003
49999999 31775728
46513297 50000003
58244420 50000000
74162907 49999997
67000938 50000002
80105094 49999997
50000003 10045758
40956536 50000001
78104389 49999997
79236319 50000002
50000001 407933
73934118 50000001
97928208 50000002
81824070 50000002
50000003 39877009
49999998 22431213
27693785 50000002
50000001 5607856
49999997 40511080
14555533 50000003
39823001 50000002
96314981 50000001
10600009 50000000
49999997 89022945
51894649 49999999
49999999 63937898
49999997 59297905
29640699 49999999
10975657 50000000
59489079 49999998
68570031 49999998
24002817 50000003
50000003 57999357
51077180 49999999
46667970 50000002
50000002 29917285
49999998 93624819
87830352 50000002
50000001 79904806
36702132 49999999
98036178 50000003
99202583 50000001
92167062 50000003
32888343 50000002
56921191 50000002
50000001 98964081
51910798 49999997
19473326 49999999
42461468 50000001
50000000 72284866
29326122 50000002
2183711 50000001
50000003 97702002
30188546 49999998
50000001 51098451
49999998 24294187
96663416 50000001
49999999 63232010
49999999 35725383
50000000 64142708
46271142 49999998
24404266 50000003
72893876 49999997
50000002 49284383
50000002 12833952
50000001 31744001
50000003 11108312
23178842 49999997
50000002 55827542
50000002 51410449
82954087 50000001
81588195 49999997
30124592 49999999
3656846 49999997
72214390 50000003
31206844 50000002
67605829 50000001
72320936 50000001
30048785 50000000
9677330 50000003
50000000 74189972
64132311 50000000
14116116 50000000
49999997 71603680
65778593 50000002
30775658 49999999
9995174 49999997
17314607 50000000
66671541 49999999
16612321 50000000
95593837 50000000
32507807 49999999
13002814 49999998
55034562 49999999
49999999 72302112
79674528 49999998
91613814 49999999
50000002 79544839
74787692 50000000
8114736 49999997
49999997 48801358
6546065 49999999
14664694 50000003
53605123 49999999
50000001 38706508
50000001 15693606
50000001 81158985
86226478 50000002
71700954 49999999
49999998 63371284
63671594 49999999
49999999 32982392
96256604 50000001
50000000 35838702
14553532 49999997
34026747 50000000
49999998 95279875
8638229 50000002
61326244 49999997
50000002 23164595
45731773 50000000
68982830 50000001
7957623 49999997
49999999 89867746
49999997 32146376
2971635 49999997
44694032 50000002
50604135 50000000
54056570 49999997
51398423 49999998
50000003 66317966
49999997 96644888
54533342 50000001
72548364 50000002
3089604 50000002
24731569 50000002
98618205 49999999
49999997 6210222
23647097 49999997
8469459 50000003
50000000 72212529
50000001 53534346
50000000 62058266
73756644 50000003
49999999 90330081
38027015 50000000
29508613 50000000
34101842 49999999
81447426 49999999
72916608 49999998
38123457 50000001
50000002 91861716
29442125 50000001
16719518 49999999
49999998 36630698
96660758 49999999
1533546 49999997
49999997 36332134
79947469 50000002
50000000 24021689
49999998 30242146
50000001 24895624
9708661 50000003
49999998 84634463
99036632 49999997
50000000 69553418
74646257 49999998
79076019 49999999
49999999 85026498
72731884 49999998
80647576 50000001
64504493 50000000
85119028 49999999
60942783 50000000
37613924 50000003
37369295 49999998
42218765 50000000
50000000 86974501
93233381 49999998
51000243 49999998
19758652 49999997
1518644 49999997
49999997 16727695
8971927 50000001
50000003 11222948
79530461 49999997
84430969 49999999
9062131 50000000
50000001 19662504
20066019 49999998
25834265 50000000
15835760 49999997
70700484 50000003
49999999 75330674
20763323 49999997
91131701 50000001
53690110 50000000
46452367 50000003
23691659 50000000
49999999 58608345
87028388 50000003
86561878 49999997
50000001 62333914
86705613 49999998
9102553 50000000
95604750 49999999
81612938 50000001
50000001 20371982
50000002 67495185
50000000 32326747
9320684 49999999
61540161 49999997
11214417 49999998
53770247 50000000
50000001 12593266
50000003 55376388
64925667 49999997
49999998 29849970
50000003 44609232
50000003 22229803
24733523 50000002
50000002 16884828
36032791 50000000
49999998 88607278
49999999 17345914
49999997 77624107
99760571 50000002
48328767 50000002
90682005 50000000
80488888 50000003
90766355 50000002
86503908 49999998
85653849 50000003
49999997 85576637
27462169 49999997
50000002 93144507
49999999 71219041
11680720 49999997
54622068 50000003
41951252 50000000
50000000 21256310
76254142 50000001
49999997 74056544
17533242 49999997
50000002 40168506
50000000 25724276
37890742 49999998
50000000 12721653
97605862 49999997
36134653 49999997
