100
37544905 21353586
31272421 55457768
29686471 33359175
45730499 40147489
11925748 35281213
22249675 30143689
55975965 86596545
50567373 67360500
92106666 51583615
83911130 89967408
79228833 6082412
45676633 26429750
92799914 58119436
32303194 63440666
17188247 4918689
81597203 37328549
90931951 67772295
26847016 24793062
32767181 34821747
37863881 57238719
66932087 63478016
94955031 49690186
68467592 12662585
19037676 95684769
37602288 45479914
25185424 27877533
9323374 7798134
71309180 26522364
66098444 58912582
97846130 6620225
45681150 22455977
66121749 41097875
22574078 83205733
90964303 55190943
97526867 51212887
4272690 30093000
59731318 91124932
26108465 53834265
99481804 73134773
93150311 88355608
99813251 45350581
21595312 50614021
55641281 78874788
63858943 65203411
25311258 49439306
33413187 66637918
50154026 36784755
98364459 95716436
91980496 88757766
87467617 86935526
53630259 32877999
56610424 87082387
1131469 80290595
49707528 93519737
10689287 98874681
33706188 92861436
5574254 19804254
43248794 49584016
61805148 34562608
5991004 14301970
53450796 62964259
3793369 5903734
82074264 92504312
92548095 32276674
94977446 2261765
5304537 68869747
13017859 5461816
22917424 44524002
8439475 12130913
97799731 18878339
61160359 19879192
86409105 63289021
37922969 90341558
4393723 4117938
12143126 62854909
12753040 51429989
72329876 83512398
1584128 6617602
4752133 10907501
3625505 57560092
98050064 45785040
32563911 88226362
19526779 11434131
30247377 39719064
76741720 92224501
89993464 66674858
74256411 96310865
21084189 94732270
71575167 8377637
93274296 19281691
47180286 70694335
13610600 7970883
48308265 34001803
357274 14426316
70640752 87414277
45044216 76602565
13323991 12283021
8334822 79496836
65885584 76574649
93351218 31666011
