100
85161694 26915550
39277648 8844871
63691323 52613330
43512067 99851452
63495024 64747132
39222592 13740534
26173264 53770903
39523519 21283655
34259131 76852148
59909504 30582993
33139979 33199426
36728893 67787285
80381615 54328196
83608665 45100223
20985337 77113688
17776696 26249673
53992168 34444423
15608104 29893490
93746980 45695509
18366618 55638216
72637048 65294637
7298460 47220009
47310203 8256448
76008714 55300779
12812233 5661174
82907004 32339165
5530398 59323446
76635081 17616643
23500435 71193256
43724807 28072650
529448 98986830
37594244 98489658
28761217 71731150
97479214 33598220
92199095 7798119
82499143 96326848
38961844 58087100
29394171 40104099
89138113 89227734
10120763 37228379
33851114 57484422
25056490 91873509
27104730 87346044
12233640 21829914
17356180 60666670
71451152 61299432
87916822 96622816
37128567 30647505
18658423 61216619
84644497 90027787
35625948 44405005
62287751 6374645
72207570 37454687
41166808 67941988
37432076 71355036
26795335 7271459
32915275 42966421
71339892 2649118
78835266 9499515
67927201 75925065
17155175 73718645
52624444 30540084
93215052 1473517
52808260 69209179
21411273 24482394
79884823 67958080
16318069 99422922
61360166 26907476
13332641 58603575
93538556 14267532
36771457 85117243
20001996 54253290
63172663 86517979
85893970 18336199
38465736 86377292
27608411 29609975
36039390 11791271
38931931 56223139
11921225 19901262
40738011 57305074
26936022 94447678
76757604 45899741
42283052 75084899
99946675 476200
78516518 30238262
75834875 90345863
85294349 3463659
39203039 66555279
17790482 97732913
9573737 52258314
34168006 25779645
57681677 85664615
6548484 24359790
86418960 98361603
66797669 2575553
38997045 55247011
37518147 10528947
76741143 13593521
37812934 10613120
23267666 75143755
