100
5154817 12842356
46395377 8266495
46985975 26806663
9737028 26886496
68924419 78643883
32323896 86339817
20971072 75440051
73075664 6336111
83120080 20068064
94794861 41950544
83179892 44280517
8493833 23425384
57910041 35303603
2786803 24538271
5948210 82356901
55559536 93865472
71444573 12234581
70436737 72987891
62879876 53432973
76312339 22415394
20389758 48932337
36119938 91231959
52359100 9504020
45698783 94382534
72072388 8804034
20959398 39177781
61576302 93893635
63576255 37464425
77175025 54556138
14279799 55373209
34088533 86499654
35061980 4750292
6339532 19968119
98568841 38051526
94084737 40234812
61753848 18600059
97640818 95109578
83955574 75676088
79191097 48440492
15911196 39375431
69338518 71708172
83330370 52130737
13417870 9599753
88814409 66524704
70998238 90004069
89330405 86069344
23052439 41541212
34001876 56622193
61571558 85416890
20416484 35866623
24812972 28443269
14843752 69414352
8043347 91739678
42561283 44735375
26899145 91117528
92000018 17952047
49608815 68764377
14637263 33236485
18349775 41782592
26081853 36329393
56847257 97720490
50240249 17275082
48224489 67603936
82391065 42563024
28064884 79380671
53491747 58374661
90254842 17378980
27147056 82593046
65228430 14196426
13135302 62927230
60888473 44433206
80158632 758436
4170193 32585778
19710785 42486085
10539833 28117570
11436668 81014677
30169978 28158480
38857637 51140249
63997138 32570134
58476243 96326779
97003372 93720185
3977754 89886061
53259731 25106299
30600112 68822203
75315544 42176059
65258263 19279032
61661231 23715301
54330560 99919453
79647863 80261530
29519490 5578945
54650175 13800500
54477219 3514428
53782118 38442460
71419801 56343628
57595443 82511117
51370498 48619146
15260918 76762469
86066465 13919261
44684069 56587367
84521925 42293392
