100
99994826 4662
99999226 686
99997359 2450
99996582 3022
99998683 1261
99995338 4141
99996883 2765
99998650 1280
99999653 249
99996481 3117
99999933 27
99999383 542
99997543 2319
99994509 4805
99995971 3474
99996949 2753
99998361 1448
99997858 1976
99999504 386
99997643 2156
99998574 1380
99996670 3006
99998046 1772
99996107 3309
99995260 4217
99996783 2904
99998865 1031
99996383 3218
99995029 4364
99995718 3723
99997322 2547
99995089 4345
99999157 784
99998282 1532
99997024 2752
99995808 3622
99994995 4458
99997793 2056
99997485 2353
99999776 182
99998525 1400
99998803 1082
99998957 1001
99998766 1172
99996060 3379
99997284 2571
99994379 4845
99997171 2633
99999877 126
99997993 1814
99998429 1412
99997615 2221
99996077 3363
99995850 3558
99996557 3028
99999295 619
99996513 3063
99995443 4025
99998092 1721
99995787 3705
99997742 2091
99999262 675
99995526 3940
99995695 3788
99995464 4008
99997962 1822
99999729 215
99999087 842
99995190 4293
99999855 167
99997866 1911
99995136 4311
99999468 444
99998315 1477
99995959 3501
99998230 1584
99995599 3840
99997642 2203
99999172 739
99994897 4566
99995397 4079
99999030 923
99997494 2330
99997437 2363
99994447 4811
99996768 2992
99997201 2612
99994919 4511
99994597 4796
99996197 3231
99994683 4724
99996290 3229
99996404 3197
99995945 3531
99998142 1704
99996873 2838
99997086 2663
99994778 4706
99999570 342
99998221 1631
