100
77203085 47306051
66898134 33425112
47153458 71910810
43908964 12196104
38241609 45114361
7699164 80911522
11330199 1850687
56532162 62235186
24694295 77620634
7754739 42755461
89681625 61473575
21034919 56513493
42333089 97710310
67815906 24943370
8510051 98724894
16973267 32693125
16980548 44093720
77659178 27066308
63594319 1017588
56745388 82061321
94743816 83127583
91423734 46538423
58302034 52244250
28084758 26411622
39082781 97521077
22398996 29801101
23245289 5265299
42202886 49522746
60227513 21222112
79461030 98672629
1597861 34038103
26216312 45734255
80205215 17618241
61394962 8616183
7718717 20169053
45040325 35648642
33914332 59313636
78106592 23107051
29565156 77744995
23889092 72756409
67100837 50197665
23006978 6965148
39200327 20017520
42906403 80651780
36325299 71487443
32068625 26548790
53731543 27397226
84078534 5600023
19684913 33013851
95105274 94125414
98518994 97436363
12582615 63741941
69905267 7229793
24617238 28039064
81292943 5834303
79048987 3347255
65517397 65047448
13872367 71101480
54039461 77567980
153634 89045654
23917304 95341725
10438120 66150974
783617 67485007
3593253 87300224
19513798 4384863
61920909 76847595
3310333 68603258
23298483 62591315
33155375 89372464
86426251 80444494
6745414 14753197
86689945 78376176
12759908 2897426
28318201 79146104
47539421 93183724
94469886 25879166
13665631 96749694
10739620 16457673
23948022 14515441
79310409 28495798
50932344 33332973
69040207 99743364
53127758 51421966
28326947 61782971
13392352 11108646
28767362 93381614
88100428 86843563
35349630 2381477
2240759 98832652
41804029 12794723
18419659 36690835
83457774 3899785
19580085 33935029
58294883 19576185
42669914 26317310
70129024 11554613
9641047 75174452
85480127 30372899
29838097 20459071
44201438 60542793
