100
46901054 81839612
24175846 50494388
56344152 60258996
42702740 34800888
52349842 94856401
56407406 72845223
89218037 55809642
21558738 65720530
73001826 25331616
89530552 34750344
79991639 78197496
56568644 49545585
8302206 54892828
46591569 90210906
90785237 74808364
44226380 19112610
90083574 71996355
62715513 16051768
57153350 57267224
29711629 51599710
32050934 68126577
90365134 49543793
38141768 24835764
6992648 15857093
37141716 75866491
5034418 17912361
50474041 74473207
9606726 61838613
70926498 47525445
2842494 41710997
64529277 16587135
74293884 84550215
80593168 25221809
18781004 59724137
60892890 55725202
36416139 16811541
3754030 70969422
86325371 20162130
88822264 45794599
65557512 73632112
58993982 39492470
17829498 4000709
78086932 13891393
7662391 96972066
1019672 5084413
22784925 6039792
97998260 94375670
4398137 75210936
16880120 84898697
10173949 68079224
40312422 65167230
612952 61689320
26880687 44241010
67079522 80976904
70178688 66303734
96411120 79348121
37250887 19289928
3179355 27946875
33758766 109183
38501545 1281172
65759053 15686903
27728081 45271099
74782088 72908853
93971912 5375444
35155208 56947452
36730266 44195898
46821530 78831972
78154042 12742633
98562930 22986622
84884129 93538435
57424893 5595764
42270649 25161152
57012021 80689496
47298898 68838538
56873120 56825224
85718656 10310878
56482505 47803028
77473793 42533312
64100783 9520422
10605635 29652437
70950392 82826517
89226173 54737039
81300414 71963633
38695781 33000829
20655108 98639809
65979500 53181200
4413651 64599386
67423388 4306224
69345008 97176118
5160559 44249218
86647297 51697494
66532746 52978227
67274039 11952872
7925328 27830594
87940750 80097122
2781837 58871599
7774220 64692609
87449576 42390226
30849962 24164385
38838703 37181845
