100
99999134 815
99998837 1120
99999525 556
99999169 803
99997616 2429
99997469 2480
99999127 894
99997987 2109
99999660 345
99999170 804
99998699 1395
99997468 2479
99998339 1646
99999648 376
99998609 1413
99997839 2264
99999891 171
99998088 1993
99998431 1642
99999428 632
99998188 1695
99999381 672
99998610 1414
99999743 266
99998714 1392
99999649 377
99998087 1992
99999990 73
99997931 2188
99998713 1391
99998485 1583
99997749 2291
99999332 707
99999877 201
99998262 1658
99999427 631
99999135 816
99997988 2110
99997748 2290
99998817 1197
99998948 1022
99999239 792
99998789 1271
99998189 1696
99997567 2448
99999813 253
99999382 673
99998530 1559
99997781 2273
99997674 2344
99998021 2023
99999067 928
99999876 200
99998849 1031
99999991 74
99999659 344
99998126 1832
99999126 893
99999526 557
99997673 2343
99997782 2274
99998980 948
99997838 2263
99998338 1645
99998224 1687
99999738 340
99998554 1476
99998484 1582
99999742 265
99998555 1477
99998836 1119
99998848 1030
99998140 1732
99999737 339
99998225 1688
99998022 2024
99998735 1318
99999620 475
99999621 476
99998263 1659
99998141 1733
99998529 1558
99997932 2189
99998430 1641
99998102 1900
99999333 708
99998949 1023
99999240 793
99998734 1317
99999066 927
99998700 1396
99998981 949
99999814 254
99998788 1270
99999890 170
99998127 1833
99998101 1899
99997566 2447
99997617 2430
99998816 1196
