100
99998541 1328
99997527 2220
99997735 2018
99999094 1021
99999018 1028
99998566 1291
99997616 2176
99999307 857
99999663 530
99999843 302
99999240 899
99999017 1027
99998330 1493
99998542 1329
99997922 1828
99997637 2100
99997594 2181
99998263 1589
99997923 1829
99998348 1430
99997983 1811
99999584 617
99999338 827
99999718 432
99997791 1939
99997725 2094
99998051 1771
99998744 1221
99997736 2019
99999474 696
99998646 1285
99998182 1652
99999475 697
99998862 1093
99999389 784
99999810 363
99999635 607
99999308 858
99998052 1772
99999209 904
99999463 700
99998647 1286
99998181 1651
99998413 1368
99997638 2101
99998347 1429
99999337 826
99998510 1343
99999847 212
99998787 1179
99998005 1787
99999513 638
99999848 213
99999719 433
99998863 1094
99997617 2177
99997726 2095
99997864 1878
99999423 765
99999884 174
99999664 531
99999464 701
99999512 637
99998004 1786
99997792 1940
99997593 2180
99997849 1931
99999422 764
99998934 1037
99999842 301
99998786 1178
99999162 907
99999909 89
99998565 1290
99997982 1810
99999583 616
99999388 783
99999093 1020
99998141 1734
99999908 88
99997746 1985
99999634 606
99999809 362
99999239 898
99998509 1342
99998414 1369
99998743 1220
99997747 1986
99999208 903
99999885 175
99999098 943
99998331 1494
99997528 2221
99997850 1932
99998935 1038
99997863 1877
99999163 908
99999097 942
99998142 1735
99998264 1590
