100
776 99999083
854 99999019
2360 99997857
1730 99998306
2234 99997985
622 99999315
2038 99998139
117 99999887
503 99999381
1695 99998367
2613 99997725
2097 99998131
1507 99998562
1950 99998149
1676 99998400
1150 99998813
1401 99998647
1729 99998305
1495 99998640
1400 99998646
379 99999520
1979 99998142
775 99999082
2536 99997792
2237 99997892
2139 99998107
1876 99998154
460 99999404
1149 99998812
1951 99998150
2274 99997864
1797 99998271
838 99999022
1018 99998926
2140 99998108
1576 99998406
2612 99997724
1694 99998366
919 99998963
855 99999020
553 99999370
2039 99998140
2446 99997818
1017 99998925
2222 99998073
1571 99998498
2535 99997791
747 99999138
2096 99998130
1978 99998141
2399 99997822
2236 99997891
23 99999943
1875 99998153
237 99999688
839 99999023
2398 99997821
920 99998964
1798 99998272
1177 99998787
178 99999733
504 99999382
2445 99997817
1577 99998407
1572 99998499
703 99999227
1258 99998734
457 99999463
2644 99997663
140 99999824
1099 99998871
1506 99998561
24 99999944
1869 99998219
380 99999521
459 99999403
1259 99998735
1098 99998870
623 99999316
2273 99997863
329 99999591
704 99999228
458 99999464
1870 99998220
2359 99997856
1675 99998399
2645 99997664
1323 99998730
746 99999137
330 99999592
116 99999886
1322 99998729
177 99999732
238 99999689
552 99999369
2233 99997984
2221 99998072
139 99999823
1494 99998639
1178 99998788
