100
1150 1148
455 456
2616 2746
1415 1481
674 782
1762 1839
2687 2720
2510 2584
2159 2298
585 682
1115 1193
1680 1673
976 1023
2225 2379
1683 1681
1641 1656
2031 2125
1147 1240
1146 1234
2110 2197
1366 1385
1755 1864
1964 2005
905 879
857 884
2800 2884
2364 2409
2215 2305
206 234
2853 2876
1394 1371
1601 1667
2517 2569
2223 2332
4 1
734 784
2849 2935
2336 2464
1963 1986
41 58
220 209
1395 1400
59 96
2573 2604
905 929
2607 2751
921 919
2593 2594
1968 2001
330 382
1385 1348
1414 1499
1723 1818
1479 1507
1725 1871
2407 2438
520 664
935 1034
2067 2112
2162 2370
1190 1174
75 68
279 367
723 828
1634 1659
16 34
1441 1503
319 346
2857 2887
2044 2186
517 603
228 238
936 1070
2371 2431
712 776
912 956
1909 2031
184 218
2095 2186
2860 2841
430 424
1442 1494
266 311
486 508
1023 1049
594 665
1372 1411
2499 2632
179 240
1001 1053
1726 1806
400 504
2619 2728
732 757
559 669
438 422
2341 2448
1965 2032
2691 2755
305 362
