1852 935
21 77
50 70
78 66
41 14
79 4
23 90
58 56
18 55
15 0
19 82
76 53
11 87
6 18
28 25
63 40
14 23
8 74
11 29
8 5
18 39
78 84
31 51
94 54
98 38
71 7
93 13
43 26
14 28
52 14
58 71
67 80
97 30
67 76
25 70
71 47
53 13
20 10
43 69
6 88
34 14
19 9
88 57
7 69
28 3
76 98
30 39
96 7
47 54
8 55
96 49
87 63
15 96
44 95
78 40
35 5
90 68
75 72
94 56
16 78
91 28
72 26
66 83
32 74
42 5
61 59
75 39
50 25
14 74
82 67
5 66
91 0
40 67
99 17
15 56
36 65
74 18
84 37
11 34
80 12
57 22
70 16
10 30
23 61
94 42
55 42
62 47
79 82
87 74
25 75
43 18
44 15
86 36
49 20
7 41
86 19
60 51
99 86
77 44
82 15
64 6
27 37
81 67
50 46
52 81
19 7
49 9
61 73
10 0
56 17
51 68
70 60
27 45
56 86
11 49
41 88
16 85
46 34
94 80
31 90
96 37
4 95
86 2
6 42
61 29
48 76
79 45
59 22
34 60
69 67
66 81
0 16
59 71
75 64
14 13
45 59
82 81
61 4
64 49
48 38
58 90
50 37
88 87
68 12
76 34
57 15
92 19
60 73
51 44
16 4
89 100
73 25
42 33
98 10
91 21
36 40
78 61
79 66
65 37
63 48
69 26
25 9
93 96
71 33
78 23
64 35
78 91
40 32
71 24
41 75
98 38
73 92
81 54
0 59
84 57
32 3
11 77
4 25
39 25
69 24
7 89
7 15
1 5
3 48
84 10
92 49
97 44
46 74
20 74
27 78
5 5
86 89
30 46
16 75
82 35
87 68
62 3
87 90
52 58
46 42
67 47
91 11
61 4
21 54
35 45
28 46
51 14
3 22
6 82
72 40
69 75
15 25
34 49
19 43
18 71
49 89
1 68
39 3
0 84
84 15
77 15
59 73
65 37
49 94
95 73
44 16
28 44
6 91
26 15
73 40
45 71
70 56
23 49
74 1
31 1
11 4
15 28
36 94
80 53
38 65
100 1
47 53
14 52
91 50
42 81
25 26
73 84
5 24
92 32
36 71
26 90
54 31
90 56
73 20
48 31
28 33
99 49
52 43
57 48
53 4
98 76
0 35
16 87
45 12
63 32
8 14
92 9
18 40
45 78
35 97
95 23
61 60
71 38
55 34
3 95
11 99
18 90
77 40
60 100
65 3
9 55
69 60
87 11
66 35
33 50
22 10
49 37
76 66
12 51
32 70
16 46
10 95
79 35
34 21
8 94
36 12
50 80
24 37
73 70
87 68
25 46
3 49
57 17
5 60
45 89
2 65
58 97
51 72
47 57
0 29
52 26
9 83
89 100
43 19
34 58
48 64
1 70
50 51
0 89
14 99
51 60
53 0
59 34
99 95
81 76
51 98
29 4
71 91
26 39
29 24
70 1
7 4
48 6
83 75
31 41
23 69
72 11
54 33
98 87
47 96
72 91
36 70
2 8
45 93
78 26
19 52
60 37
89 47
76 11
13 57
61 70
53 84
54 7
3 9
98 69
59 31
86 27
66 92
0 69
68 28
18 17
85 87
67 62
61 62
85 64
88 35
89 49
23 73
83 78
70 1
92 35
89 54
81 66
35 24
78 37
77 92
6 50
27 0
16 53
48 54
53 38
31 0
28 0
53 29
22 79
75 62
23 10
18 39
52 18
96 57
64 87
10 57
25 80
48 75
50 21
26 74
87 53
72 39
11 80
54 83
12 90
9 34
93 8
44 77
45 53
21 10
82 53
98 3
56 43
58 27
50 1
42 18
60 65
47 85
1 35
42 37
43 32
79 54
20 2
98 82
35 26
20 80
80 27
20 70
67 41
24 45
31 4
46 4
35 49
70 20
15 21
86 11
98 95
82 25
37 45
92 11
98 37
51 4
23 96
6 61
58 26
56 36
75 27
32 53
89 81
27 71
7 8
33 56
88 39
86 63
43 46
29 99
93 2
44 78
97 13
28 49
10 29
76 0
61 29
61 7
17 45
38 58
79 17
79 62
41 79
73 73
88 18
71 44
55 75
12 72
83 64
44 88
73 13
41 64
28 4
98 23
68 74
41 93
46 48
7 85
32 23
77 88
8 28
37 52
1 76
10 5
94 53
65 56
98 44
99 24
81 69
59 33
44 99
50 91
77 91
59 4
48 15
69 85
33 83
1 72
97 20
67 45
67 70
82 10
63 24
42 25
56 15
30 99
92 38
3 91
15 43
70 56
87 51
96 41
34 65
89 29
14 64
24 79
96 28
81 13
24 53
34 18
83 36
69 57
71 76
79 34
17 44
57 73
18 12
67 63
26 60
2 13
44 15
32 98
78 60
91 84
7 23
37 50
98 42
95 19
72 46
64 87
22 71
45 100
71 95
75 82
52 54
9 96
61 21
97 33
23 85
71 14
70 15
15 26
87 35
73 90
87 50
89 87
53 88
18 43
76 52
24 25
8 16
28 14
63 39
45 82
56 84
34 12
83 27
22 11
66 44
25 51
84 66
89 62
54 18
84 55
39 61
45 60
33 81
3 39
74 98
39 2
44 90
86 81
23 8
78 4
64 93
61 21
0 56
50 17
85 31
79 26
77 38
45 22
51 32
31 41
48 38
79 85
82 91
85 68
13 66
54 60
43 10
34 36
53 18
70 32
49 34
72 12
89 63
69 98
85 5
62 71
86 4
50 64
99 6
17 92
92 27
75 64
23 50
82 39
94 9
70 75
59 41
61 19
81 47
15 43
62 21
93 46
72 98
28 80
86 7
6 11
52 45
24 75
98 72
9 35
63 84
78 39
60 18
20 35
30 36
15 32
47 8
70 98
20 13
98 42
24 73
10 25
46 40
71 40
45 32
1 17
1 13
22 57
59 14
64 34
3 23
39 52
94 27
96 46
14 95
1 91
1 32
84 68
18 68
100 64
47 52
50 78
51 77
40 43
33 41
73 12
61 81
77 34
38 79
98 2
42 28
86 44
44 62
59 74
100 9
87 16
76 20
57 44
52 14
38 33
92 11
53 1
28 36
83 95
44 37
36 71
23 89
36 51
3 6
22 74
62 14
88 69
28 86
100 97
16 98
92 35
27 18
11 30
99 62
74 2
83 26
62 89
86 58
28 60
44 54
87 27
11 8
15 99
86 94
65 82
44 39
39 7
73 45
0 52
77 70
16 34
90 13
60 77
67 90
83 39
37 38
29 21
96 64
48 0
98 67
9 71
96 67
14 84
23 59
87 65
4 10
91 72
15 47
98 32
92 51
0 66
41 54
55 52
78 3
70 91
85 62
24 81
50 100
58 65
52 4
89 74
55 33
7 81
83 42
10 34
6 42
13 55
53 68
86 27
45 4
68 15
68 73
82 38
87 51
93 71
96 85
0 61
94 92
74 20
12 14
73 48
47 67
68 99
84 30
65 6
20 24
89 51
99 62
7 97
74 32
19 61
32 69
34 31
88 84
53 47
12 1
71 89
81 75
64 26
63 33
54 78
1 54
84 100
90 60
50 36
32 74
50 96
4 81
19 75
40 64
51 38
89 32
13 12
53 93
13 82
42 70
76 74
40 83
77 62
0 34
15 44
79 58
46 78
10 40
21 65
34 98
13 58
97 48
46 92
4 21
12 78
67 85
15 61
36 33
65 10
4 17
36 3
41 55
83 5
79 22
75 46
53 18
12 19
45 5
71 71
72 8
56 25
52 96
51 96
95 50
21 27
6 20
36 83
58 95
37 23
91 67
36 64
10 25
48 77
78 45
32 100
78 71
84 71
91 37
65 91
35 65
85 40
66 70
82 100
68 74
95 2
59 91
93 29
84 98
81 97
47 85
96 10
26 26
39 39
18 45
100 34
85 97
20 70
80 47
19 1
39 13
72 75
92 48
1 71
44 34
39 79
20 33
42 36
82 28
16 86
1 31
100 23
49 81
82 18
16 72
5 17
31 41
17 63
50 81
6 84
42 13
14 19
73 41
28 50
97 66
4 88
7 5
67 97
7 62
28 72
86 74
37 69
54 98
36 79
72 14
0 44
3 47
5 43
74 86
39 88
15 27
59 61
28 66
77 6
42 17
41 49
94 92
51 14
75 61
17 65
57 42
79 21
7 5
49 60
95 59
3 64
67 18
63 7
23 50
33 85
41 10
66 16
58 69
52 67
40 36
66 19
46 26
80 32
84 81
71 70
53 16
52 88
67 95
6 88
45 91
97 76
46 33
41 46
94 24
42 49
7 94
3 90
22 1
41 36
30 31
25 82
35 45
42 20
30 10
34 77
51 63
45 57
22 33
65 30
61 90
81 2
85 57
100 90
84 44
19 49
66 28
55 56
91 10
8 17
70 65
40 1
87 68
87 10
64 32
12 42
20 7
68 3
34 34
15 78
15 99
92 85
94 43
49 61
29 59
39 58
78 46
70 46
70 69
41 9
14 54
53 63
61 77
32 81
78 42
87 53
37 33
51 77
89 32
69 68
73 49
57 25
10 44
33 71
59 72
60 10
91 5
22 58
100 79
32 9
61 97
80 89
84 38
85 100
85 57
70 42
10 31
17 28
0 77
91 43
66 42
28 79
94 86
43 77
93 19
66 25
97 93
50 49
22 18
81 62
33 46
100 28
7 71
22 92
36 27
33 60
87 31
8 47
41 94
89 10
29 66
97 13
83 72
77 73
66 96
25 60
57 16
27 9
25 34
86 77
85 14
83 65
21 100
18 79
47 93
33 73
96 41
39 68
67 87
44 44
68 70
68 6
31 79
12 68
83 79
7 64
65 67
71 65
27 83
36 43
36 4
56 55
64 19
98 8
11 100
83 94
45 8
18 6
96 86
39 94
22 21
61 39
52 15
54 92
82 39
37 74
60 40
42 7
85 13
67 24
11 58
10 56
65 69
32 63
97 51
49 60
52 13
8 5
22 28
43 65
6 83
11 84
67 67
24 37
31 11
33 0
81 11
40 40
53 24
22 30
5 99
70 33
48 7
99 62
41 91
17 86
69 57
17 5
20 39
5 40
25 49
59 65
95 97
75 83
48 59
27 75
29 11
66 45
30 22
50 20
24 52
15 90
9 35
75 65
12 99
5 10
91 43
0 59
80 16
8 82
69 69
57 53
84 59
67 62
43 39
5 77
87 51
42 65
38 30
80 14
58 78
32 31
27 56
35 27
33 92
62 71
30 47
62 38
76 70
40 91
58 60
89 33
14 49
47 5
72 67
100 1
30 37
45 98
51 23
39 31
49 38
40 97
1 42
100 14
89 87
66 47
63 82
67 58
84 84
75 46
79 13
21 42
5 51
64 29
79 21
16 36
74 41
66 86
43 6
68 65
27 27
7 42
11 7
77 73
78 43
100 54
70 85
0 92
20 92
6 0
24 65
74 75
65 3
54 64
86 18
5 3
18 50
77 19
41 87
44 21
31 8
62 25
32 90
98 89
64 97
44 68
12 84
72 58
39 68
82 65
77 49
95 6
64 56
84 44
27 86
86 9
15 20
86 46
18 88
13 4
29 18
73 4
98 46
38 76
48 37
45 61
13 6
33 25
76 16
91 23
31 19
61 47
89 45
58 26
95 85
1 15
45 46
100 92
33 73
91 17
81 65
0 57
25 78
97 4
59 0
97 94
37 24
42 63
84 45
32 57
87 79
38 87
50 28
18 19
70 27
49 93
74 22
82 73
73 68
85 1
3 20
79 45
42 78
87 78
39 3
3 35
78 83
53 43
40 68
23 7
3 91
39 88
91 14
22 5
32 59
100 80
74 35
85 99
98 92
1 98
40 62
47 91
5 98
56 66
15 94
74 24
72 99
93 81
32 82
52 35
63 4
31 34
47 12
90 80
39 51
36 84
81 77
19 35
83 23
88 59
42 71
31 6
44 53
24 61
5 13
74 35
16 78
82 78
36 1
3 48
70 14
4 48
68 71
74 55
96 7
49 63
71 63
11 97
26 46
44 93
37 73
30 12
17 28
56 74
50 38
95 37
72 77
19 79
38 39
92 93
74 30
1 78
7 74
72 4
96 71
90 70
94 80
54 49
75 76
6 52
32 55
24 1
64 58
20 39
75 31
91 19
74 3
60 10
33 8
71 17
81 27
53 11
32 65
34 94
20 49
86 99
61 14
4 71
68 4
88 78
81 75
19 48
47 3
98 72
0 12
8 25
24 39
72 67
42 27
98 48
25 61
76 51
98 64
55 63
14 42
25 28
39 13
84 63
43 59
94 46
86 62
7 90
37 12
45 98
85 50
90 60
79 50
48 31
87 34
54 19
16 39
69 97
26 38
39 79
73 74
61 65
34 39
81 35
26 1
44 7
62 70
66 91
85 98
96 21
31 42
76 65
77 60
61 19
74 38
55 30
77 14
44 76
64 73
4 85
13 96
17 13
61 95
80 43
98 1
23 50
92 85
98 45
76 80
27 51
42 33
97 77
96 51
17 16
69 58
73 11
29 62
42 68
27 80
65 83
36 73
51 86
54 61
42 69
50 88
38 17
24 36
26 72
66 50
98 70
98 45
45 14
81 47
38 87
98 75
22 78
92 72
82 63
19 58
36 98
92 1
46 30
86 23
39 13
11 58
71 91
4 85
30 22
9 12
97 79
31 8
95 59
98 81
25 26
70 69
79 80
100 4
94 51
9 45
8 85
55 24
34 63
82 90
43 87
3 27
52 23
0 29
52 96
45 33
28 8
4 7
18 77
47 98
75 53
89 4
71 55
99 26
90 84
24 36
45 14
69 75
2 19
91 91
65 71
85 20
87 51
2 96
94 60
95 79
20 68
40 77
15 69
13 21
40 74
11 89
50 8
72 69
50 76
6 14
73 21
100 84
34 65
8 21
71 23
72 81
4 55
21 32
6 76
23 67
26 97
29 84
35 26
21 94
93 65
19 60
39 93
48 52
48 2
50 14
31 28
48 19
51 23
80 62
20 31
29 91
59 70
85 37
61 88
60 11
29 39
96 59
71 58
77 72
21 6
25 8
31 97
55 89
61 51
94 22
94 94
13 11
85 98
63 95
37 54
59 57
15 81
12 85
78 41
37 11
3 91
57 48
12 63
55 47
28 1
96 11
80 3
22 11
19 48
57 6
15 80
97 71
95 90
53 51
39 97
13 20
72 43
53 71
64 30
30 86
42 35
46 30
70 0
91 58
29 95
30 73
99 51
64 0
51 85
87 72
97 8
82 37
53 83
7 68
67 55
31 22
100 91
44 46
81 3
5 43
99 42
37 53
8 22
61 70
95 61
21 88
82 47
32 83
68 55
79 85
18 94
9 38
11 41
5 10
82 91
84 30
77 28
22 77
41 10
19 98
27 96
3 13
73 68
56 31
77 87
75 7
38 50
93 100
27 48
47 93
52 4
76 86
38 100
10 37
11 25
19 69
5 36
94 61
97 94
42 2
17 38
49 38
8 86
58 87
57 48
100 87
30 44
61 7
4 46
16 11
64 96
95 15
98 8
25 42
79 7
28 35
100 22
45 22
16 31
44 31
19 23
29 21
53 11
20 35
54 79
57 16
63 52
37 59
52 13
30 55
5 55
79 66
33 82
17 30
7 15
44 98
97 17
61 36
26 49
84 7
86 98
68 64
71 63
69 44
91 58
86 79
66 1
88 22
81 49
2 6
17 24
41 92
63 81
21 88
2 63
34 76
74 66
69 66
73 61
49 94
7 88
48 99
59 54
32 20
10 7
45 26
48 9
34 86
72 100
17 27
16 88
15 7
0 3
31 63
50 93
3 2
35 35
88 31
38 41
32 72
91 83
35 37
5 92
18 29
54 52
47 78
90 82
23 9
90 99
29 92
44 48
96 8
47 76
10 93
2 59
41 39
13 27
76 56
77 10
34 98
37 43
88 63
13 17
0 14
11 20
83 95
79 35
2 59
97 13
93 21
0 98
49 51
66 18
77 60
96 91
18 23
14 100
36 17
81 44
81 35
73 43
25 1
13 65
26 21
8 47
32 83
47 41
38 42
96 34
69 81
75 49
61 71
2 92
95 24
21 33
88 75
44 34
16 71
84 62
97 28
26 2
46 24
53 21
3 38
47 87
76 26
52 92
36 81
16 33
99 12
51 22
54 96
97 22
10 98
87 1
30 87
59 54
75 54
78 49
13 63
41 73
12 31
37 42
24 39
100 23
29 13
80 54
89 98
27 74
9 75
80 63
30 49
83 53
76 38
38 18
95 80
89 18
19 50
1 97
56 83
68 56
63 73
37 72
85 35
16 45
45 50
53 11
47 86
34 62
6 95
