10000 10000
25 45
36 12
67 91
43 16
1 91
33 39
87 86
23 51
24 25
81 6
12 29
41 100
47 40
70 62
1 58
55 40
26 34
44 32
99 70
77 67
61 98
67 17
45 43
40 93
37 83
67 62
20 40
90 88
48 92
71 2
45 62
81 41
80 91
83 30
20 82
61 91
75 91
78 18
89 59
97 77
4 59
6 98
83 54
18 30
22 10
56 3
97 0
23 62
21 34
77 98
99 42
57 86
38 54
94 31
75 96
98 84
21 94
57 20
46 38
58 50
55 100
39 50
6 80
54 86
74 58
76 40
38 1
82 43
39 36
59 94
84 93
18 68
77 28
22 68
19 3
57 93
34 60
66 2
98 1
77 33
58 63
38 4
80 4
26 2
2 7
50 92
21 30
28 13
12 90
1 0
42 16
89 51
53 7
91 8
76 2
1 82
45 91
23 1
71 16
66 1
27 35
81 56
22 8
91 69
4 88
49 14
45 22
18 24
36 35
97 67
33 24
51 17
26 14
79 28
98 6
65 89
27 67
60 48
79 53
43 70
96 24
6 36
80 86
85 92
93 59
80 82
50 66
26 48
49 31
30 49
21 68
46 27
89 15
82 50
85 99
86 37
39 5
79 93
51 14
5 0
82 14
7 98
71 17
87 57
39 58
76 29
34 19
30 76
81 41
58 5
58 53
4 85
96 43
31 27
20 9
17 52
40 41
85 17
8 65
32 81
1 1
97 84
2 78
9 85
39 25
4 67
63 94
23 69
42 47
50 30
14 60
80 39
97 44
85 49
72 13
36 28
89 44
82 56
59 43
93 61
21 52
50 36
28 21
84 64
53 39
17 6
32 3
53 29
93 9
33 97
62 28
78 2
84 11
59 24
1 13
7 48
41 12
24 55
65 66
67 42
35 73
95 30
35 31
53 10
83 87
61 51
23 84
16 32
10 63
9 78
54 28
78 83
76 93
23 13
32 100
16 16
90 79
86 52
10 82
67 9
60 70
29 43
73 73
83 45
79 55
44 94
2 12
8 35
17 5
52 23
90 25
39 63
40 44
36 99
96 97
74 94
13 21
24 60
70 26
7 1
47 27
83 25
24 67
7 45
19 99
93 2
19 40
48 47
13 38
53 83
52 69
71 79
24 23
81 27
75 83
19 3
28 67
98 67
11 54
23 17
51 48
89 29
0 83
39 86
6 74
90 4
82 56
51 85
47 69
26 85
20 54
14 0
57 48
10 51
91 43
40 47
23 4
79 20
48 5
51 9
81 83
20 22
70 74
74 0
88 80
85 58
75 57
13 75
26 75
39 38
92 20
73 76
27 42
15 16
50 3
100 81
19 48
99 83
56 66
12 96
61 84
8 38
90 81
15 42
56 82
29 39
97 97
51 75
10 48
64 37
48 46
44 23
19 16
27 100
80 77
70 89
54 93
73 57
0 54
9 96
89 10
30 46
15 99
24 31
32 1
22 21
79 34
53 20
44 60
99 55
26 9
47 83
13 83
90 50
55 40
63 9
91 86
64 47
62 47
45 59
36 75
46 9
35 25
74 75
21 91
0 8
94 65
19 8
39 27
96 1
29 26
12 87
54 75
30 79
46 70
75 9
36 60
16 24
65 23
50 55
68 78
44 43
46 72
88 68
25 3
0 58
32 67
12 65
71 32
74 74
70 66
44 15
62 37
51 75
98 96
82 14
51 71
1 81
13 63
36 87
97 61
43 94
50 44
95 47
33 5
95 94
35 28
15 71
20 41
35 81
17 99
98 21
99 50
49 88
43 81
1 60
60 61
70 95
8 35
84 88
81 0
73 72
92 28
33 41
55 6
51 15
95 39
27 55
41 54
14 68
36 84
75 24
49 34
44 5
86 76
47 38
4 99
1 17
60 9
5 63
20 55
91 47
55 30
91 53
55 90
70 0
30 100
88 52
66 41
69 7
30 58
32 6
23 46
88 16
23 14
64 0
53 29
20 78
34 23
58 92
77 95
0 89
73 33
23 84
62 18
100 94
97 62
0 33
18 32
71 50
91 9
44 28
75 58
58 28
23 0
34 56
12 29
61 30
29 28
9 46
51 72
79 48
24 48
4 89
47 92
29 37
64 57
48 9
89 56
61 12
47 44
21 81
51 0
40 30
62 8
83 36
52 1
89 30
61 79
20 40
0 13
89 83
8 81
82 61
89 83
35 26
63 77
29 58
57 32
37 77
29 14
40 82
68 11
17 28
18 72
17 84
6 83
22 6
96 61
34 68
6 7
0 81
84 84
6 26
88 19
7 88
83 9
27 16
64 27
34 91
37 99
7 50
93 13
25 90
16 34
98 98
67 75
38 66
31 54
92 52
26 3
68 51
4 86
35 64
20 84
38 82
0 35
17 86
66 11
49 76
5 66
21 86
55 50
3 8
22 52
46 24
55 14
100 58
37 11
35 4
47 39
91 7
40 76
43 86
92 50
6 37
45 20
29 83
7 64
2 44
1 43
73 76
69 22
83 92
18 9
25 63
51 32
23 42
74 17
13 4
65 33
42 33
41 33
58 31
32 92
60 61
68 91
85 95
83 40
49 53
50 37
56 19
41 75
35 68
79 72
28 68
13 77
21 57
43 64
53 32
82 3
37 41
29 42
23 40
28 30
55 92
71 58
96 14
77 48
53 24
26 83
92 45
76 17
42 99
95 20
66 67
3 42
2 2
16 51
9 8
18 81
6 7
5 89
0 83
65 32
10 90
34 78
91 61
47 17
23 81
26 25
72 73
90 87
1 48
22 97
30 78
16 48
22 55
6 87
12 19
51 87
85 91
33 34
96 17
61 34
46 56
42 52
43 79
76 74
68 6
56 95
15 14
81 11
41 36
63 23
9 34
97 65
70 42
54 70
83 64
1 2
42 82
75 63
22 29
15 83
31 74
68 69
100 98
63 62
67 96
23 94
4 96
92 97
8 21
4 68
53 6
87 69
2 17
84 72
57 60
77 59
21 33
71 25
50 89
22 1
2 62
34 47
25 28
85 60
68 59
20 78
90 65
45 30
14 26
93 82
49 46
31 90
7 81
91 86
83 7
78 31
89 99
100 61
74 83
15 33
20 89
55 2
51 30
72 93
22 37
87 59
100 49
33 5
88 51
30 96
23 89
99 95
77 11
79 48
7 8
26 16
73 30
37 2
97 69
89 18
65 35
21 96
75 4
3 42
57 35
71 40
25 9
31 73
21 14
49 62
54 78
96 38
89 50
34 29
67 13
75 16
77 2
14 34
29 2
1 81
94 54
23 85
61 3
94 54
50 37
1 2
45 85
24 34
24 40
57 60
19 22
60 71
13 62
41 94
20 51
25 23
83 0
6 90
44 20
70 45
59 23
22 53
21 89
51 53
59 40
58 51
32 83
95 47
71 11
63 16
7 46
80 1
86 37
10 36
5 23
47 73
93 52
28 37
5 22
15 64
27 14
84 50
69 29
96 31
59 43
62 64
19 96
28 58
89 70
67 52
97 8
75 15
90 17
38 16
13 94
41 47
79 5
10 24
11 67
36 4
67 30
83 52
30 49
65 72
87 31
70 50
53 81
44 0
100 22
86 62
34 57
80 70
93 20
72 7
78 52
7 33
1 45
8 71
27 82
73 5
71 76
2 9
31 36
8 91
45 75
16 2
13 97
99 19
35 28
93 71
78 70
0 98
91 88
62 19
92 50
55 95
60 66
32 69
60 34
6 15
7 23
10 99
98 16
70 20
54 82
59 74
33 34
47 68
49 76
15 94
17 43
60 24
5 60
47 71
28 81
31 3
63 95
97 33
44 73
74 5
41 27
2 1
83 10
45 99
38 75
87 17
38 77
13 19
40 19
20 9
23 12
93 79
65 36
61 6
2 42
0 42
95 36
21 59
87 34
93 42
100 52
47 58
25 1
84 62
13 56
68 10
2 7
75 67
35 75
45 20
22 4
46 41
24 52
46 16
57 48
31 35
24 79
37 92
54 71
53 91
95 51
31 33
91 15
50 87
2 43
45 36
75 16
19 83
37 29
71 61
45 34
44 83
58 11
44 38
93 70
6 73
2 12
32 34
76 90
88 11
36 98
67 68
61 68
99 54
90 83
35 99
66 33
21 46
9 26
24 49
82 89
6 27
8 9
46 15
68 66
62 99
16 6
14 94
47 36
44 67
17 91
39 64
61 0
71 71
84 4
14 39
2 35
1 62
21 84
92 20
65 83
19 27
91 10
22 65
88 51
62 12
22 10
33 90
87 6
17 57
94 49
65 96
66 15
71 71
58 4
56 69
22 59
35 23
0 37
64 67
65 53
17 34
63 73
56 21
59 31
54 57
15 96
40 56
100 23
50 70
26 98
89 8
61 33
71 6
7 61
8 34
24 1
84 52
2 72
24 88
88 65
79 18
79 64
58 34
82 39
69 44
79 77
27 87
86 54
59 60
20 92
68 60
50 60
26 94
27 84
99 26
80 0
78 81
76 22
92 39
63 93
12 62
94 60
7 34
14 5
1 90
98 17
66 16
75 96
10 22
21 61
10 66
92 12
6 27
26 36
97 29
16 66
71 54
93 49
40 11
39 32
86 72
7 84
48 10
77 89
86 99
67 87
64 48
55 49
14 83
9 22
18 97
84 70
76 70
51 0
92 45
82 27
93 65
39 22
62 56
68 48
34 71
54 29
100 61
48 91
27 49
99 40
36 77
66 48
89 67
73 81
95 69
82 28
52 9
26 65
27 42
44 28
31 59
85 94
76 95
47 49
95 97
24 5
25 88
66 98
15 71
51 69
32 11
4 94
48 32
95 43
89 78
16 62
9 37
33 49
68 52
46 8
58 44
84 37
29 30
41 15
82 10
6 91
56 30
30 44
22 75
25 25
68 48
85 63
79 16
25 38
40 87
96 10
36 50
96 95
16 29
12 47
27 34
73 86
54 90
16 71
87 61
53 91
7 13
61 38
45 5
89 7
73 77
88 98
70 5
35 100
99 16
33 23
79 59
81 61
89 1
35 16
0 2
42 30
14 12
16 95
49 5
20 26
7 83
31 68
22 33
55 32
84 14
57 55
11 2
25 25
55 6
7 24
74 69
19 100
89 42
33 58
96 10
70 34
32 14
49 45
12 9
92 46
16 89
29 61
11 24
7 5
40 82
77 60
51 93
21 16
69 34
47 11
21 72
21 95
70 73
97 57
99 68
100 46
75 30
58 74
35 81
80 92
34 49
80 37
98 16
60 56
83 92
55 75
26 73
24 25
86 54
13 66
92 24
97 13
43 2
32 59
69 43
61 13
48 100
30 56
99 47
81 34
66 65
81 57
27 30
50 53
76 83
97 16
12 58
72 90
93 49
10 76
76 3
8 75
52 9
38 49
42 65
23 64
74 21
79 49
96 91
54 93
93 34
90 4
3 55
81 30
28 92
93 43
36 63
97 3
17 97
6 54
30 38
17 83
97 92
63 65
6 24
47 40
46 22
28 15
58 27
25 38
38 41
90 91
91 68
52 6
29 92
5 96
84 41
92 55
2 83
83 14
95 44
59 37
12 55
5 95
18 96
55 19
8 66
92 5
91 87
46 15
93 41
84 69
47 41
19 39
71 58
37 49
58 88
77 53
5 90
25 99
61 58
15 91
41 35
17 37
99 59
46 59
90 69
30 47
64 69
3 1
46 35
95 44
66 24
82 36
98 40
58 15
78 34
69 22
93 2
14 58
53 18
72 52
66 13
30 97
7 46
19 14
20 59
43 25
36 31
16 40
68 92
14 9
100 82
81 39
3 54
58 32
33 20
51 86
3 16
18 97
49 99
100 24
81 35
12 90
79 84
56 29
73 4
9 21
98 19
70 73
52 84
97 45
40 72
27 78
7 94
43 86
65 90
20 40
4 51
59 59
77 79
40 9
30 86
18 3
7 42
47 27
52 63
78 44
32 96
46 11
98 79
82 67
61 4
35 4
94 25
53 29
51 87
82 52
24 55
99 4
19 1
90 49
55 15
98 57
93 64
77 28
45 63
67 66
16 23
55 64
21 10
57 89
73 9
38 6
2 96
43 100
85 23
62 79
97 28
78 50
25 83
95 83
15 75
86 86
95 30
62 68
74 53
88 78
28 37
76 28
24 6
19 5
24 54
5 3
86 97
52 95
2 90
48 80
38 83
76 51
66 47
70 57
50 55
62 78
73 65
32 16
68 99
81 38
68 84
40 49
65 51
96 99
58 3
22 96
4 18
11 2
70 97
78 1
48 64
65 89
16 68
40 0
93 47
75 98
27 39
9 50
13 58
60 9
22 67
83 11
66 13
16 97
98 58
96 78
20 89
69 90
43 96
85 86
1 99
35 43
78 18
22 86
53 53
50 0
91 92
44 89
47 47
87 94
21 83
53 51
12 90
44 67
84 63
88 80
92 34
68 79
94 56
2 78
2 9
12 10
82 81
66 40
66 29
78 29
18 91
95 96
57 42
39 96
7 47
47 19
83 21
7 50
47 73
40 80
90 69
1 92
73 91
71 51
81 14
61 31
63 20
14 14
6 7
71 67
66 26
53 89
93 84
64 86
42 40
81 37
42 23
85 56
79 11
55 11
91 10
6 68
45 96
15 21
98 48
13 46
72 0
66 8
61 0
98 15
33 97
1 89
12 58
86 29
17 37
72 59
41 83
45 76
13 53
41 47
28 94
78 69
54 96
87 56
19 92
57 74
30 43
10 91
3 33
59 22
0 65
55 38
44 84
67 81
92 61
29 31
26 24
92 11
62 96
30 100
55 50
57 56
25 40
6 87
68 29
34 59
85 16
32 46
83 77
63 32
1 57
9 32
83 84
12 98
88 23
25 44
52 74
30 36
61 43
100 86
50 57
6 99
73 27
90 93
32 10
40 17
73 84
96 86
21 79
30 82
97 94
36 66
71 51
49 89
61 86
36 53
17 92
58 2
3 90
61 81
29 42
46 76
33 67
5 63
40 93
10 12
73 52
10 21
12 96
61 4
58 77
97 29
52 54
92 55
72 49
83 42
95 48
64 94
65 75
68 66
92 90
20 93
1 53
27 45
49 68
80 33
98 12
32 75
88 33
62 8
27 25
35 50
46 38
88 83
2 27
74 48
95 26
22 23
71 14
26 13
19 54
27 33
57 16
40 35
65 53
98 29
1 75
90 8
9 13
99 88
77 90
28 20
1 24
1 45
74 72
67 28
23 86
17 17
48 1
86 67
28 67
60 81
2 85
5 41
67 31
42 92
77 37
66 84
50 14
70 28
7 4
73 33
100 95
0 78
31 27
96 15
30 32
26 20
16 12
74 67
15 21
43 67
9 43
63 15
76 29
98 79
84 31
66 66
80 16
11 51
60 32
45 68
2 88
58 80
41 25
47 2
58 78
71 24
54 18
56 48
2 16
8 83
50 38
86 82
79 40
56 3
42 80
74 73
24 6
57 82
51 62
4 8
42 15
56 6
8 77
80 46
73 81
48 86
1 37
83 73
21 18
63 76
75 99
3 70
67 66
68 17
13 43
100 96
17 3
27 86
8 48
16 38
18 26
39 40
48 5
55 82
8 59
8 56
97 73
10 51
43 78
79 70
96 24
1 60
96 27
21 64
95 30
23 6
73 90
18 57
22 70
85 50
89 46
35 14
44 4
64 37
90 90
38 48
29 90
95 77
31 50
32 53
3 17
93 45
68 38
93 25
49 57
15 14
20 37
99 38
14 74
72 65
25 91
47 36
96 92
50 59
51 10
15 65
81 50
2 55
76 82
81 71
7 40
80 88
47 14
37 79
82 73
71 43
83 37
52 39
69 40
19 13
44 87
45 78
93 52
25 36
20 49
12 57
23 33
72 47
99 70
3 23
96 30
31 35
29 44
94 61
36 19
53 66
2 14
20 14
52 70
74 19
87 34
3 76
60 68
75 71
21 69
47 53
25 49
23 17
19 64
86 56
89 3
98 59
93 31
72 48
65 73
27 94
52 39
47 49
95 42
48 67
43 29
88 98
74 91
15 22
35 11
63 16
70 24
64 58
9 41
82 56
91 73
4 9
63 100
71 36
83 47
18 45
92 11
23 39
90 85
33 42
100 72
63 23
60 50
2 43
21 80
50 54
46 51
64 69
21 28
61 52
64 11
52 90
70 75
100 100
34 75
96 44
77 58
72 99
73 35
94 14
88 86
93 81
97 43
70 35
96 43
75 47
83 55
69 16
25 84
40 1
64 40
11 45
0 52
35 51
20 50
68 62
51 34
7 28
94 88
37 74
18 8
8 83
37 8
28 61
54 65
39 53
77 50
34 0
47 81
59 64
96 61
29 83
1 34
82 54
95 32
62 81
24 90
9 9
58 97
55 61
27 45
28 26
97 14
28 62
21 81
74 37
75 23
80 42
31 14
71 27
30 5
43 74
45 4
21 73
93 42
78 96
88 16
69 59
88 49
43 18
28 73
33 48
0 28
67 17
18 67
24 3
89 5
49 11
95 33
0 86
5 100
29 81
52 1
59 95
83 58
2 12
67 76
32 41
27 69
53 74
42 56
70 24
81 15
14 23
54 56
14 80
47 4
53 85
0 81
50 62
89 36
73 44
77 15
73 24
2 27
34 66
33 71
13 83
68 94
22 37
91 14
87 29
18 27
94 65
96 67
90 65
54 66
8 27
83 44
69 82
20 56
62 52
33 20
4 13
35 56
41 94
7 16
94 65
36 72
47 81
21 90
25 34
50 47
57 65
51 12
23 27
73 86
61 9
17 22
93 6
96 84
37 57
94 68
43 9
74 8
5 77
28 100
46 97
64 70
4 100
58 50
33 4
3 15
6 85
62 67
16 7
44 44
80 3
46 23
53 23
12 73
76 21
54 32
96 59
30 5
15 97
47 62
15 84
57 14
29 63
53 0
19 9
50 71
16 58
62 59
2 80
31 55
98 83
8 37
36 63
83 77
44 28
99 17
1 51
82 61
79 74
46 16
36 26
33 90
69 56
76 66
18 85
45 67
12 17
28 3
33 27
1 3
27 63
91 39
73 43
21 86
78 63
32 15
48 15
49 92
55 21
100 22
66 91
11 90
2 19
14 38
86 14
20 71
35 6
95 75
28 63
8 91
36 56
22 65
2 57
53 87
58 20
14 13
38 79
60 84
24 84
6 34
64 15
3 8
7 86
44 63
23 89
64 65
48 95
83 97
4 7
17 5
65 98
59 5
39 14
44 29
7 26
47 97
4 87
90 25
33 59
7 41
24 58
71 52
41 53
6 34
15 11
5 18
78 11
94 29
99 49
50 2
32 15
42 46
70 89
36 18
65 78
28 96
21 45
34 92
60 50
56 39
31 64
78 81
45 37
55 75
76 64
88 87
7 40
33 88
73 13
34 48
74 64
64 84
78 82
8 91
25 66
49 84
29 91
17 8
47 71
70 57
82 38
12 77
54 68
3 97
70 61
37 43
36 95
100 38
18 52
67 26
21 46
92 69
14 18
0 91
57 34
66 23
49 87
26 79
69 34
100 79
53 3
18 89
96 16
61 64
75 98
5 5
28 96
19 31
47 84
94 35
31 5
65 41
19 24
3 75
84 99
57 18
66 47
2 49
54 34
54 98
98 92
14 82
97 68
71 100
60 54
55 22
68 70
100 71
78 66
62 89
15 71
13 30
25 73
72 93
17 23
68 96
25 60
19 15
96 64
3 67
96 29
54 60
56 78
58 67
56 39
31 76
18 43
27 63
26 81
32 54
22 41
86 59
95 15
8 48
97 63
51 65
12 30
56 64
19 25
57 34
94 43
61 73
17 56
50 3
0 40
80 51
50 99
29 0
39 71
55 72
68 25
50 38
75 33
36 22
53 54
49 32
37 81
88 48
15 6
94 48
96 13
48 69
67 14
65 100
81 23
55 26
93 64
37 0
43 24
25 22
67 91
85 90
67 63
62 4
31 79
85 21
27 81
48 73
39 39
66 29
99 17
76 3
67 40
50 5
19 46
44 27
75 51
59 24
94 40
30 32
55 78
78 20
71 77
52 78
43 36
16 20
48 28
34 7
74 7
25 40
26 91
99 58
45 5
84 34
58 80
80 29
84 24
12 41
61 33
67 19
86 71
79 60
30 93
7 22
86 66
81 52
79 62
33 38
77 93
50 8
34 83
3 60
55 15
0 7
80 69
48 33
65 47
59 47
58 4
1 45
97 96
25 44
26 18
67 47
69 76
65 65
30 81
51 34
3 88
61 100
93 72
92 66
65 93
40 25
55 31
22 46
68 65
75 65
57 49
51 83
6 88
43 11
77 65
75 16
96 84
42 42
59 58
33 44
16 46
57 8
9 71
14 20
39 24
72 97
52 82
54 97
8 94
2 59
47 9
77 60
54 0
73 61
11 46
8 61
27 20
69 99
28 83
61 37
44 33
7 40
36 100
96 40
95 61
41 19
80 62
82 19
42 93
82 36
38 15
47 47
39 83
59 60
63 34
20 76
61 15
36 31
53 62
9 17
52 44
34 0
100 60
35 4
34 57
52 23
98 78
97 27
63 75
3 1
61 30
17 95
29 20
31 88
69 82
87 32
16 43
82 3
24 44
52 84
85 1
19 100
20 70
33 9
36 26
1 2
63 3
67 29
93 64
22 11
78 83
1 95
38 6
3 1
74 5
50 58
91 61
64 6
18 6
70 45
94 92
45 91
73 51
34 50
51 45
54 79
90 6
94 89
50 39
70 85
28 31
29 7
57 76
67 77
87 100
22 57
11 35
49 52
24 21
12 20
88 94
19 98
24 87
46 76
51 77
87 21
21 37
12 43
45 88
31 54
24 77
23 34
20 39
59 15
46 25
14 59
1 59
24 34
75 47
9 18
93 16
55 79
26 36
73 77
94 61
74 75
89 43
34 32
43 41
56 38
26 67
7 46
63 33
55 71
40 41
62 61
35 82
1 70
1 47
86 78
30 38
89 93
62 10
79 33
40 57
21 57
45 35
6 69
48 89
9 99
68 77
1 4
71 24
78 60
86 35
29 52
90 96
12 82
22 55
95 13
1 18
0 18
94 27
0 88
7 93
81 7
0 9
23 87
60 1
95 8
64 95
65 67
87 56
50 70
58 92
54 93
96 50
79 35
39 81
65 89
82 67
29 9
90 75
23 14
49 27
57 10
51 12
44 37
89 76
29 99
45 83
52 81
32 54
96 70
25 27
26 54
91 87
52 65
72 72
53 84
58 29
35 5
61 5
44 94
31 87
19 91
100 39
17 1
91 10
88 90
32 48
67 46
75 43
6 81
74 60
8 93
31 8
40 90
31 73
63 6
36 10
48 55
88 22
35 44
39 22
41 56
68 99
38 93
54 16
86 27
41 64
44 66
60 88
22 67
34 62
6 7
41 89
79 41
4 65
80 53
99 48
44 28
81 66
85 44
7 46
84 74
67 100
98 81
8 36
80 18
19 98
11 2
79 14
87 26
98 94
16 62
29 73
42 81
82 96
2 36
12 77
99 55
50 57
7 51
98 87
91 19
16 92
36 97
88 26
22 10
55 73
17 33
54 36
41 33
46 5
38 98
96 37
75 17
18 44
70 52
41 93
100 46
66 4
44 85
65 27
0 79
20 59
11 55
8 48
52 50
98 46
4 87
35 53
96 69
85 83
12 8
12 46
92 81
11 8
95 49
51 65
42 53
74 78
36 79
44 26
38 39
69 17
47 62
45 38
14 89
46 76
62 41
75 98
23 34
38 41
74 67
48 48
56 48
33 70
84 78
53 57
22 93
81 10
32 42
8 62
81 91
41 95
35 23
37 23
36 14
36 96
63 50
42 25
55 33
47 52
75 89
59 70
36 100
95 28
75 74
45 88
99 16
16 26
73 7
96 85
54 37
74 75
13 7
55 47
14 27
68 92
22 50
19 13
5 42
69 50
4 30
30 49
100 42
77 49
93 14
76 69
68 11
86 97
92 32
40 82
47 51
50 66
75 50
63 95
82 46
30 43
33 63
33 12
67 35
5 92
96 44
42 15
87 63
31 32
69 98
65 34
79 97
3 61
81 81
35 76
44 33
36 55
61 36
63 18
91 77
96 24
15 76
20 22
69 24
49 55
78 94
84 15
47 1
83 56
33 78
12 65
47 86
78 30
2 36
100 10
12 94
47 61
7 4
82 2
85 5
79 48
78 31
88 69
77 4
23 3
20 73
68 31
26 83
85 19
14 29
19 1
94 48
16 21
74 27
80 43
15 58
87 72
33 55
95 81
85 13
65 85
57 21
45 24
8 41
80 88
6 46
57 44
63 19
42 3
50 17
40 77
7 18
24 92
19 89
46 34
91 15
88 69
80 69
43 70
2 19
28 71
12 98
13 56
79 4
64 52
58 66
83 25
92 83
23 27
74 41
82 96
31 1
43 53
25 86
73 69
58 81
70 63
13 66
44 52
90 80
90 89
99 51
0 96
57 43
49 38
71 9
1 32
17 40
69 43
34 86
61 38
8 83
36 55
73 94
99 59
63 94
80 24
68 71
16 58
16 43
55 12
21 36
23 95
99 1
97 81
28 71
100 1
71 46
37 0
41 72
41 25
90 25
81 7
51 1
83 46
100 59
34 84
95 89
85 97
51 57
68 72
82 57
68 73
41 95
27 37
83 36
21 100
89 29
6 76
23 100
35 64
71 76
43 66
23 99
99 22
46 89
32 36
70 19
81 33
10 73
66 70
79 35
59 7
55 64
30 34
67 85
91 78
33 70
57 36
92 3
50 89
33 41
42 66
53 45
95 37
93 54
95 0
95 76
56 5
65 18
84 27
44 12
78 63
35 81
21 5
6 79
79 96
15 83
65 15
55 14
37 44
68 75
67 34
77 77
30 3
81 19
74 59
36 58
60 4
86 11
89 45
27 91
10 12
46 71
41 83
24 24
51 41
30 45
63 69
64 50
62 33
68 23
33 85
40 45
39 87
42 10
38 97
92 29
10 68
33 27
9 57
17 28
28 53
18 44
75 100
95 52
20 80
74 85
0 70
19 20
6 50
3 23
55 79
4 76
35 94
85 86
50 57
92 41
31 77
16 35
74 26
19 19
74 23
20 69
76 58
24 67
12 59
92 52
2 0
51 45
89 36
70 26
92 2
72 100
26 11
98 32
34 9
1 15
22 51
40 50
71 24
55 64
19 92
65 10
54 16
98 58
27 28
87 38
69 14
13 64
17 20
27 2
47 36
75 97
39 41
73 17
32 69
74 80
40 6
34 49
56 87
3 5
87 25
98 80
92 23
100 87
71 96
98 84
71 72
3 26
56 71
39 87
16 87
94 26
27 88
31 95
83 24
71 30
27 30
31 4
46 3
53 94
20 88
34 16
42 56
63 29
89 7
40 5
29 3
72 74
18 3
27 97
100 95
23 34
75 50
87 81
43 84
65 54
51 75
61 95
11 28
5 48
44 29
31 54
52 66
30 79
93 19
57 44
76 75
28 66
20 76
8 81
62 9
39 93
8 6
64 22
16 89
33 76
84 40
91 53
85 100
97 86
74 47
4 96
81 87
4 60
45 52
100 35
64 28
18 29
70 75
32 56
34 0
87 69
69 9
30 11
83 46
31 65
73 91
50 14
87 9
58 9
26 81
100 40
24 65
24 41
10 81
95 81
22 75
67 90
85 28
65 22
37 68
68 19
22 47
95 38
39 80
15 93
2 17
67 81
15 77
27 28
86 29
9 95
50 30
86 55
35 41
85 50
59 59
58 52
87 83
77 50
44 2
12 76
64 47
7 52
68 26
19 22
79 21
93 19
99 90
57 47
58 70
9 71
20 96
8 20
27 36
80 3
45 14
74 32
13 50
9 82
37 88
49 26
1 85
33 70
6 67
75 45
60 66
69 20
6 20
50 54
96 43
30 50
40 52
100 5
28 83
11 4
8 50
34 54
89 8
23 15
75 68
1 67
57 79
5 20
24 83
38 85
23 35
91 43
71 35
21 40
11 64
36 53
34 41
12 72
21 90
2 63
33 14
20 17
0 24
97 33
45 19
20 56
37 31
3 67
50 6
79 37
32 64
58 67
11 90
18 54
39 82
17 75
37 30
1 65
21 58
41 5
81 95
26 20
52 81
90 41
12 81
76 24
40 92
94 75
91 21
93 88
90 35
59 18
23 24
87 71
50 73
62 98
44 24
80 71
36 97
63 12
71 10
18 49
68 87
59 7
84 63
21 6
53 67
83 13
59 75
100 81
28 99
63 53
86 45
24 78
7 71
89 98
87 31
31 55
3 12
60 55
71 98
95 4
25 85
55 31
76 59
28 43
2 90
99 35
45 66
74 23
7 70
33 13
19 79
40 60
40 29
49 46
74 9
87 26
47 64
55 8
59 100
56 63
38 79
80 96
57 14
57 37
83 20
70 3
37 59
58 58
98 68
38 1
41 11
8 32
86 20
98 24
51 49
49 89
30 42
33 80
47 51
23 91
95 3
60 77
77 11
7 5
78 53
70 4
90 34
92 9
21 55
61 30
78 49
41 53
10 14
85 46
4 64
4 41
80 87
67 77
79 17
70 81
62 17
87 4
71 90
4 20
31 83
10 57
48 100
29 74
84 45
0 14
5 57
11 18
3 17
43 33
60 2
25 52
28 49
51 1
97 82
31 20
73 75
38 81
62 60
89 75
42 72
30 83
33 25
92 90
78 71
26 95
4 40
82 32
79 29
25 87
73 86
32 0
42 34
66 63
98 26
23 46
23 35
73 6
94 100
99 94
96 17
47 27
95 31
13 70
37 17
37 49
53 33
20 81
35 0
49 24
80 54
37 38
18 94
47 50
19 40
97 69
13 28
30 89
84 94
34 35
60 57
86 19
20 97
97 23
48 4
40 89
77 6
73 38
84 27
57 40
42 0
52 99
0 95
70 41
54 47
13 17
37 97
45 50
38 95
42 46
21 11
96 33
72 88
97 85
5 51
15 99
72 23
13 4
40 100
57 71
63 5
1 77
7 67
23 82
48 75
16 11
7 16
12 7
42 23
40 9
21 74
49 69
66 59
37 81
46 99
28 67
78 80
78 86
92 95
41 44
87 53
80 73
47 35
28 8
95 93
75 21
21 48
41 7
58 80
79 42
4 49
62 89
47 64
39 3
21 3
86 64
53 32
67 15
18 98
34 88
42 18
62 20
64 79
24 40
71 85
0 17
40 64
60 37
43 17
12 82
77 67
4 90
85 99
93 56
86 11
95 47
4 55
10 89
13 6
29 98
14 39
28 5
93 84
77 77
74 84
23 17
61 36
16 8
44 58
57 51
36 28
41 97
100 15
19 52
13 30
38 62
80 34
57 1
55 21
38 71
77 21
53 84
64 4
29 16
57 90
43 31
84 19
66 59
55 71
71 6
96 45
46 12
31 26
45 12
77 93
18 3
57 60
77 21
87 66
2 5
68 83
65 86
97 20
31 45
82 66
72 55
23 87
79 83
67 52
74 86
66 65
93 62
18 98
1 89
35 96
94 3
83 80
0 52
74 20
97 34
0 69
1 48
47 10
56 73
81 31
69 38
43 43
55 100
51 86
60 91
26 71
59 84
90 11
97 77
36 47
6 68
68 89
27 35
16 19
5 81
48 68
18 17
3 99
17 55
48 39
37 66
43 83
43 78
49 11
87 56
89 89
64 0
95 27
98 24
71 2
90 90
95 43
10 98
41 29
15 83
74 17
69 76
32 27
27 97
26 5
26 37
32 29
91 53
60 93
28 51
36 65
27 76
7 21
4 19
40 84
52 7
15 25
30 61
88 72
22 41
13 82
62 55
81 33
82 54
33 18
9 93
58 82
51 4
34 27
59 40
75 88
51 44
84 7
72 50
39 72
92 79
71 88
84 35
36 100
14 29
95 88
14 24
52 96
70 70
85 97
39 56
37 92
5 23
14 25
51 89
57 53
42 4
51 97
64 89
60 19
62 56
51 27
20 5
20 60
4 7
49 1
89 4
65 66
13 5
0 15
38 26
35 85
63 24
79 94
97 1
45 87
20 71
77 54
100 14
50 56
71 6
68 60
57 51
11 85
72 46
73 3
68 77
34 81
94 61
92 54
23 17
86 95
31 66
26 3
85 26
88 8
25 0
90 21
55 12
95 20
17 19
8 73
45 0
12 77
91 52
76 2
18 45
40 69
27 1
89 3
2 59
80 55
20 72
49 76
17 18
62 39
65 90
40 63
21 21
6 81
38 35
5 23
35 46
43 30
14 19
76 94
83 87
0 64
59 58
92 24
27 1
33 80
61 37
54 2
0 13
41 87
11 7
7 20
15 92
46 31
26 90
58 40
68 53
52 8
52 82
54 12
11 19
20 11
56 95
10 74
77 22
14 7
5 84
23 51
0 24
4 71
18 32
14 90
96 96
96 54
94 43
11 43
18 75
30 40
43 12
51 59
65 67
51 69
2 86
45 83
44 52
10 44
92 89
20 85
20 89
67 73
27 25
95 43
53 76
73 63
17 8
34 0
87 20
99 35
29 81
31 34
25 95
58 46
93 53
74 91
8 79
8 82
43 49
39 17
53 46
62 39
28 59
19 57
70 72
7 84
28 40
56 15
7 58
96 12
90 10
19 9
44 33
63 18
67 50
49 36
67 21
34 54
100 79
7 11
69 10
50 72
11 47
97 48
41 74
54 47
30 57
47 72
0 60
50 97
43 73
20 7
87 25
16 2
59 55
22 46
50 22
62 46
88 77
44 76
13 26
79 19
53 14
6 19
10 22
51 17
65 95
67 18
38 92
98 84
53 15
21 39
98 23
87 23
12 81
50 95
15 66
40 63
30 12
30 69
11 16
99 21
4 50
95 6
64 15
3 81
91 8
86 93
42 18
72 49
84 97
82 2
88 66
8 46
7 9
66 76
45 86
73 27
13 94
66 35
2 51
73 52
60 8
51 84
97 29
79 92
13 91
10 93
100 83
65 81
97 58
2 82
63 29
12 43
65 57
49 70
95 77
46 65
29 59
6 42
73 54
61 89
41 54
94 67
20 74
59 62
27 94
85 73
14 66
52 65
54 49
10 11
79 63
65 90
87 31
56 24
74 18
67 82
11 48
82 73
86 48
54 29
70 82
28 82
35 12
85 68
80 64
49 9
11 47
53 67
49 58
10 60
22 20
91 68
31 26
41 6
92 4
14 35
44 23
93 25
18 59
88 19
12 8
99 22
12 34
90 33
25 35
8 12
84 46
38 29
77 86
92 4
58 67
62 44
71 3
87 34
16 57
46 26
92 43
15 79
13 51
41 49
74 48
6 20
43 17
49 85
72 73
15 94
39 30
72 13
20 67
46 73
30 74
38 67
28 47
13 89
79 15
80 100
92 96
65 23
61 58
24 4
79 85
43 1
41 82
88 39
13 85
72 69
51 71
62 28
61 47
75 59
31 98
0 20
33 22
96 76
46 0
99 9
57 48
83 76
28 94
11 5
93 67
19 68
75 28
47 42
95 23
25 49
22 36
42 45
80 50
18 9
77 36
23 29
76 22
85 23
80 23
42 30
52 20
95 13
37 33
4 20
48 68
28 97
13 82
82 9
75 26
39 20
18 4
54 45
30 92
30 53
37 81
3 52
82 4
7 69
37 49
86 83
19 78
6 43
35 36
28 21
80 10
17 39
20 42
40 23
97 78
59 7
75 44
65 78
83 2
16 55
42 35
30 18
31 42
92 86
62 88
88 38
55 3
0 67
10 88
41 90
12 61
9 35
4 100
47 32
59 95
8 27
55 24
16 95
97 21
23 81
60 85
69 79
36 36
86 40
43 83
14 25
16 0
77 58
90 38
57 9
56 40
10 23
52 56
23 51
32 32
27 65
100 50
89 15
22 97
71 87
85 64
62 99
79 26
69 58
77 47
16 70
53 51
62 9
18 92
24 39
42 39
60 17
42 4
89 2
59 40
18 27
7 67
33 60
34 6
11 56
89 0
94 91
82 79
92 28
87 46
20 83
64 72
95 62
51 21
2 48
0 83
16 13
84 81
18 12
64 10
35 76
19 14
29 59
53 85
76 51
30 39
56 94
30 21
96 7
87 78
59 61
54 28
27 32
92 8
19 31
35 57
93 0
15 89
19 80
55 11
38 87
39 80
8 50
52 87
42 78
41 61
65 59
3 51
85 1
59 27
40 21
54 30
11 51
88 73
33 11
9 25
68 85
33 38
73 18
33 64
3 71
52 70
61 25
93 58
93 55
45 42
38 55
83 11
75 60
43 31
38 49
40 16
55 82
48 2
49 2
70 74
98 70
84 38
62 68
42 84
56 58
75 56
38 57
20 88
65 84
31 25
69 35
52 89
84 67
86 6
1 10
26 40
45 87
7 11
11 30
42 18
42 39
49 7
64 79
30 27
21 53
29 11
39 47
31 17
41 67
69 14
96 87
77 9
68 100
40 82
48 80
69 67
66 83
52 47
20 48
2 81
41 48
78 72
91 18
36 13
92 29
32 54
76 47
23 31
77 33
26 66
5 23
5 13
3 77
15 19
31 72
58 50
62 89
65 73
9 81
13 53
48 99
73 34
20 30
41 15
53 37
72 9
70 78
87 71
59 60
47 67
18 21
38 83
60 77
33 55
7 1
89 60
89 28
7 42
48 79
78 35
50 17
37 21
96 28
2 51
12 6
38 52
69 79
67 93
19 98
35 26
62 58
73 52
84 69
32 62
24 88
72 77
42 99
74 57
64 90
12 94
28 77
61 83
41 9
65 76
8 40
4 38
67 16
34 35
86 93
1 9
56 70
56 94
16 12
91 84
92 45
33 75
47 65
53 19
77 44
69 23
90 90
54 25
64 84
0 21
81 29
77 65
8 88
91 54
58 3
73 70
63 90
57 74
5 34
72 70
17 63
20 7
12 84
61 79
97 40
11 80
45 65
79 74
21 18
93 24
77 96
48 6
93 51
5 50
58 73
99 12
31 20
82 73
24 42
82 25
88 1
59 35
15 94
89 39
99 32
10 64
72 100
39 99
10 11
91 99
87 100
10 65
17 71
13 33
52 84
89 46
99 38
12 97
22 27
32 5
14 81
34 70
97 8
53 87
15 21
36 9
43 45
79 47
11 55
23 45
83 67
46 100
17 9
41 15
46 75
39 90
54 30
63 44
19 74
16 46
46 99
66 30
58 29
33 36
22 69
85 36
79 61
90 40
39 27
7 54
92 71
1 43
57 39
32 13
80 24
9 63
26 72
82 44
17 38
61 68
5 30
95 1
39 75
8 24
26 62
91 100
12 6
15 10
20 30
59 29
37 53
5 61
74 86
24 1
91 53
12 100
52 52
24 98
40 37
12 18
85 39
11 28
10 52
14 24
27 35
65 95
88 64
82 39
65 42
53 23
65 32
16 71
87 5
80 16
32 29
51 41
48 10
34 15
75 65
17 7
25 69
26 79
34 60
35 100
32 29
94 69
74 29
82 68
22 20
6 84
89 67
61 94
31 8
39 22
23 32
38 16
29 25
9 64
3 18
39 94
49 89
68 7
80 37
56 5
89 86
89 28
76 32
50 82
63 93
68 9
31 72
15 98
57 55
40 37
52 13
51 84
79 52
8 7
100 69
4 53
59 56
79 53
34 22
24 83
86 20
75 12
99 55
23 4
52 40
91 55
39 99
67 24
75 13
82 60
60 65
87 20
90 80
79 23
88 20
20 10
72 44
60 61
57 54
92 56
42 45
63 72
12 79
76 47
26 46
23 67
34 95
26 99
59 100
20 55
67 85
19 21
63 61
27 8
100 82
55 34
16 83
89 44
41 100
2 70
72 100
4 68
80 69
47 64
46 100
66 5
18 85
62 30
3 68
34 54
25 81
32 85
38 9
75 38
56 59
20 32
68 62
25 67
54 22
4 74
84 8
31 67
63 32
81 50
99 58
9 56
89 69
77 16
62 37
39 42
10 55
14 23
57 68
6 96
57 51
60 6
39 19
75 30
81 85
65 62
81 49
46 45
21 79
20 42
92 53
34 23
27 62
100 55
90 91
41 16
27 43
43 49
80 26
50 16
97 9
85 84
55 37
35 54
21 69
31 29
62 72
85 58
57 80
93 62
6 67
63 37
84 46
83 5
2 15
89 7
15 73
42 81
43 61
85 2
61 22
47 90
23 4
92 73
76 75
40 67
33 87
59 53
41 32
13 54
0 2
32 29
75 84
98 81
46 41
25 98
76 46
44 16
3 65
69 40
83 60
84 65
40 48
70 17
32 34
30 40
64 47
94 5
59 50
95 10
65 41
46 10
88 82
68 35
93 44
50 5
5 0
36 61
14 23
60 7
61 2
23 84
28 58
23 77
19 9
6 18
51 8
54 38
96 41
61 60
8 65
92 28
50 31
52 66
67 46
73 54
88 45
13 99
63 58
66 29
18 21
5 6
75 26
90 88
58 96
45 85
74 58
19 29
74 93
27 9
50 6
98 23
86 85
41 70
56 55
0 99
1 99
83 43
17 50
21 0
9 84
19 52
41 65
63 59
60 99
51 97
60 93
0 24
89 95
62 57
21 88
42 83
100 76
49 43
7 54
52 25
92 8
48 18
18 44
72 47
80 37
36 1
45 53
85 69
68 69
6 27
59 77
19 25
53 28
9 95
27 64
88 87
16 74
41 27
40 27
60 83
87 3
59 71
26 89
73 72
78 42
98 98
8 29
34 94
32 12
11 4
62 98
75 80
9 64
92 8
58 83
8 99
12 86
35 18
60 26
34 73
19 45
39 28
7 17
68 66
47 90
91 51
92 54
8 35
88 60
28 69
88 22
83 1
6 90
71 47
5 29
93 61
37 54
43 14
27 10
70 69
7 95
8 26
61 88
63 85
7 58
66 72
28 51
65 50
47 36
76 95
41 94
75 89
83 5
16 44
10 89
38 45
1 56
96 52
96 41
0 66
53 98
80 9
8 18
70 91
38 37
73 74
52 78
20 54
46 66
2 75
71 53
48 28
43 60
36 64
58 94
85 88
36 79
98 100
26 61
10 26
7 39
69 74
61 62
4 55
41 2
8 37
48 11
70 9
7 46
89 68
17 16
19 65
35 48
8 82
90 99
84 41
84 20
67 78
82 23
18 5
36 50
53 10
56 12
26 83
79 29
22 82
79 44
69 42
47 75
74 14
54 30
42 65
69 70
61 51
6 68
16 79
86 43
56 83
97 98
62 40
82 36
97 81
13 17
70 9
95 30
94 76
95 16
78 58
72 44
46 22
62 21
74 54
48 20
74 56
37 47
100 62
28 62
23 34
82 1
16 40
68 40
55 94
38 9
28 98
54 85
87 94
42 20
31 2
61 73
61 17
73 67
70 5
5 90
33 27
57 14
98 1
11 62
49 100
9 41
96 85
74 57
60 6
60 85
44 87
63 36
30 33
44 84
57 10
50 49
7 61
62 15
80 62
55 48
74 66
91 6
80 12
72 16
60 78
43 0
46 63
86 45
32 69
18 88
6 28
6 45
35 75
65 29
65 42
60 10
84 61
43 50
21 54
82 81
33 12
82 68
41 64
88 30
54 73
74 81
27 96
42 91
79 6
14 86
4 38
15 87
10 53
49 88
4 70
29 0
19 60
70 45
47 78
80 51
7 77
67 58
63 87
15 22
72 50
89 2
65 28
99 2
64 23
73 23
93 23
76 99
39 50
41 81
48 62
52 56
96 29
36 22
66 66
23 63
6 68
15 7
40 72
34 60
60 12
31 60
15 49
82 5
44 38
86 31
85 66
55 93
26 6
22 37
18 70
15 46
90 9
4 79
3 46
67 84
37 81
85 76
41 7
42 16
31 21
41 71
1 46
40 26
7 53
55 15
34 9
20 47
66 57
0 2
28 95
98 73
25 22
15 70
45 92
98 88
40 38
96 99
20 81
91 91
34 20
82 97
9 76
57 50
11 44
9 86
74 98
54 13
89 9
97 89
0 86
88 71
23 86
99 38
80 45
84 1
35 30
70 48
45 49
9 85
14 68
73 59
13 23
78 32
46 93
99 73
24 49
0 28
45 33
90 0
51 81
63 33
79 52
32 71
8 20
62 51
78 79
86 16
17 69
57 17
57 99
20 51
28 26
79 46
62 31
91 89
80 16
89 65
95 75
98 59
81 17
59 26
76 48
4 11
33 63
95 57
21 11
41 25
100 58
13 36
16 87
4 55
74 46
60 35
7 69
91 34
47 18
24 82
38 23
76 92
55 83
48 58
84 2
46 10
5 44
3 93
88 25
92 56
64 15
52 49
50 46
5 89
0 1
94 84
64 60
50 56
28 43
34 4
34 68
97 65
47 9
68 58
47 48
32 19
7 69
90 99
90 24
13 32
48 86
91 90
80 68
13 75
21 63
76 89
81 81
44 87
8 34
0 58
12 43
61 24
51 67
58 93
34 19
51 68
23 54
92 30
0 80
79 80
72 51
16 82
9 2
79 8
92 13
73 73
86 59
58 21
47 51
81 1
0 41
56 99
70 76
26 52
22 4
0 52
19 34
37 40
22 68
41 78
40 26
35 78
75 7
59 4
80 29
9 34
1 39
67 5
65 87
74 27
47 19
78 18
82 93
12 22
6 100
67 23
81 22
37 10
25 51
30 99
68 56
30 47
32 18
81 42
97 93
82 59
19 5
43 88
15 43
91 7
19 56
50 25
6 62
86 44
58 25
6 75
31 50
44 22
49 71
45 33
16 7
91 39
9 71
91 1
15 83
47 5
66 43
47 43
71 7
39 62
76 14
98 83
65 75
0 80
6 100
92 42
35 26
36 76
88 56
90 63
96 66
99 3
24 90
45 79
38 43
47 33
36 91
24 59
53 73
91 73
12 43
75 91
75 24
31 100
89 9
8 64
54 81
17 21
18 48
67 94
68 53
81 45
89 43
98 76
30 57
94 0
34 36
32 78
61 10
77 78
23 14
2 88
59 11
21 96
10 74
42 44
5 75
85 40
1 12
9 49
95 28
69 72
49 28
60 44
3 51
68 73
61 25
96 80
91 63
38 15
46 45
58 49
0 84
7 3
28 84
64 12
4 93
88 86
40 57
57 99
46 45
92 73
87 53
74 66
6 24
24 91
19 11
59 94
39 9
65 28
62 49
37 60
32 61
21 85
35 49
10 53
40 82
67 38
29 40
58 34
86 40
71 45
9 57
54 46
52 95
54 38
6 61
60 28
52 26
50 44
30 60
92 64
28 57
27 65
39 44
25 20
85 41
79 44
1 34
76 70
61 81
4 11
92 6
4 45
3 63
72 80
21 11
4 93
16 30
71 92
79 47
55 82
76 68
4 25
100 43
77 20
7 37
94 38
78 66
92 81
79 57
24 86
9 50
5 74
7 61
72 9
22 40
80 95
30 47
64 77
79 39
39 80
25 85
61 55
75 85
78 67
31 67
15 65
49 10
30 22
46 28
80 93
56 61
90 74
97 63
84 42
1 24
54 69
72 57
94 28
35 32
4 88
90 20
3 29
71 44
96 26
28 54
11 30
9 64
92 2
79 46
49 71
23 70
31 40
35 72
98 95
96 46
79 46
49 48
24 60
13 87
80 15
32 86
40 61
25 56
39 62
99 83
65 20
50 24
42 3
58 92
84 19
46 2
88 65
38 66
17 88
74 57
42 13
84 100
95 53
14 96
82 22
31 98
14 7
72 12
95 55
70 23
46 18
15 38
37 48
27 90
5 89
34 95
32 37
55 23
12 89
26 69
10 23
83 45
24 51
56 24
6 30
69 84
9 80
93 43
4 78
46 0
34 59
66 0
66 28
76 70
46 58
63 12
62 85
86 78
88 85
40 36
41 89
62 53
38 82
55 47
76 63
78 1
85 36
30 60
90 13
89 62
89 81
62 17
85 77
37 43
62 28
30 52
2 63
90 19
82 86
5 76
85 8
23 14
18 82
20 84
45 18
97 79
19 32
62 66
34 74
56 10
49 0
85 76
68 51
30 88
47 10
60 30
24 87
62 87
27 52
3 49
47 35
41 42
87 14
92 89
84 15
11 59
5 47
29 44
63 28
33 34
17 44
54 48
88 59
23 45
27 56
34 37
82 89
35 18
92 48
99 92
54 43
92 56
54 21
30 33
35 54
66 59
13 30
71 28
25 74
68 26
84 90
76 31
78 79
61 98
41 27
50 77
42 40
82 87
3 10
8 57
24 35
73 24
14 5
60 52
13 11
32 69
86 14
36 91
95 32
57 19
4 94
35 62
95 99
7 80
65 8
8 40
80 4
74 45
75 25
34 61
39 23
86 12
2 23
24 77
76 51
55 57
44 72
85 47
53 15
89 44
71 83
17 33
97 56
48 32
20 58
33 75
82 40
78 44
59 14
73 35
38 32
78 19
24 1
21 90
99 11
36 42
35 1
93 76
62 14
2 16
21 95
71 48
94 31
49 12
32 64
67 1
8 12
57 68
26 6
54 31
66 14
28 69
41 31
79 55
76 18
94 40
82 22
84 64
51 67
52 92
98 0
91 53
6 3
90 1
69 34
25 35
19 55
97 67
63 100
48 10
97 18
70 26
87 88
73 84
46 17
28 91
60 10
96 76
60 82
44 5
75 3
45 11
37 20
71 2
76 88
85 58
7 65
45 37
26 80
87 87
16 40
42 38
81 14
81 0
33 58
51 46
14 86
2 23
57 59
16 84
24 44
51 2
77 44
30 31
5 29
64 45
16 56
78 0
24 89
28 67
86 71
2 84
61 11
80 17
75 3
42 52
83 21
21 73
78 33
87 97
20 17
37 7
98 53
65 38
29 33
12 43
1 58
86 71
92 52
100 95
28 44
21 96
59 96
53 97
52 60
19 12
21 36
64 6
1 3
26 98
0 39
88 52
62 27
81 17
29 25
60 33
87 0
54 24
22 68
64 8
64 34
59 28
31 35
46 92
33 40
98 32
64 94
62 59
80 27
14 13
70 39
52 78
79 61
70 68
13 26
25 96
28 48
69 61
62 54
16 39
66 18
87 93
29 36
48 54
72 86
89 62
53 54
71 64
45 89
86 98
29 71
12 82
65 98
53 76
44 65
66 69
1 68
77 26
69 63
72 95
36 5
70 85
21 30
65 38
63 5
62 65
81 87
91 99
70 74
18 95
18 66
22 48
24 18
21 81
76 25
51 12
13 69
91 41
8 5
18 59
71 83
39 61
1 13
37 87
42 24
85 56
55 77
24 48
98 56
41 74
21 97
36 63
8 49
39 89
35 20
36 97
29 65
84 0
41 49
52 61
42 78
49 70
24 42
69 2
29 46
12 68
50 17
1 23
44 69
45 51
66 3
73 50
52 13
8 21
71 27
84 8
37 47
21 69
87 55
86 67
31 43
84 19
42 5
85 31
39 2
38 95
50 96
22 3
63 34
1 60
76 23
5 59
44 73
80 15
85 52
59 44
59 16
76 27
77 51
59 39
66 86
47 41
48 82
39 81
32 97
90 26
5 34
13 30
92 87
51 21
0 50
81 80
91 91
6 79
40 83
87 20
56 76
68 24
79 57
26 95
27 7
46 1
72 27
90 99
52 80
36 25
47 27
19 79
33 16
11 2
73 50
32 84
33 19
55 0
50 33
78 17
43 72
34 13
48 89
45 22
35 61
88 70
28 18
24 42
38 59
44 11
22 57
93 20
94 0
14 85
63 79
73 42
24 68
22 49
62 90
54 96
12 34
48 1
95 0
75 22
64 62
6 2
24 64
59 52
68 4
2 29
38 53
48 17
71 22
49 57
88 65
94 83
36 55
22 42
78 58
36 18
61 37
54 99
64 98
17 67
5 12
56 1
2 65
17 16
81 87
43 43
42 67
99 66
31 100
100 44
5 41
25 71
2 81
90 49
8 9
11 27
84 13
39 41
18 37
53 16
70 28
17 19
2 57
39 90
31 100
76 88
32 5
66 93
55 41
57 79
37 18
45 34
63 71
33 3
75 51
41 69
3 53
46 45
24 57
39 50
53 83
5 2
49 8
9 14
11 33
41 22
36 50
43 72
30 71
88 17
71 51
63 56
33 13
4 100
89 91
94 22
28 89
48 90
69 51
25 92
49 53
87 74
29 93
9 39
50 92
40 26
72 87
38 87
20 35
10 99
77 2
59 74
30 94
88 94
76 99
45 93
92 56
69 38
83 2
81 41
48 81
42 28
52 98
98 14
7 17
49 96
68 10
83 80
53 33
100 40
61 51
26 75
2 63
56 36
3 30
60 40
46 42
46 83
96 0
27 3
98 91
98 74
40 24
18 69
80 28
56 0
74 63
44 79
94 92
16 78
9 19
97 73
49 37
90 42
53 89
6 57
99 14
12 8
97 58
50 56
23 51
80 1
8 99
61 90
18 31
3 8
87 10
21 30
29 0
24 91
57 54
53 62
53 10
4 53
77 80
86 99
8 18
29 23
36 16
25 51
61 81
69 64
70 23
5 88
26 77
26 0
45 9
32 46
1 23
19 85
50 10
45 47
99 32
19 75
46 96
49 95
49 94
70 97
26 22
68 41
7 79
18 10
67 98
28 92
0 98
3 93
58 21
96 28
64 23
89 91
62 14
92 31
59 93
5 16
60 85
36 57
26 57
46 99
93 62
92 81
69 50
52 12
77 38
47 23
37 5
25 84
34 59
25 49
29 94
31 10
21 36
5 33
22 45
44 65
84 77
41 71
93 28
1 25
42 64
40 5
17 86
96 60
93 85
78 52
46 57
72 99
21 71
9 96
52 89
56 10
47 48
58 7
95 14
60 95
55 31
7 33
30 21
64 43
88 65
57 92
16 51
84 31
72 47
65 27
46 27
73 7
29 82
84 74
18 20
100 39
98 9
4 11
79 52
58 16
95 56
65 32
63 67
1 15
95 100
12 43
38 71
0 3
25 37
97 30
31 88
28 59
47 35
23 76
45 73
48 89
35 15
21 6
80 21
99 70
22 82
91 3
51 20
80 51
72 65
87 29
94 94
62 97
62 0
81 58
22 26
68 31
87 91
63 42
42 15
38 3
64 86
100 74
96 41
87 69
85 11
62 70
32 12
47 43
98 61
5 79
20 61
76 29
32 91
65 65
44 78
98 72
22 98
3 22
26 47
33 64
62 30
64 23
24 74
90 0
52 59
92 85
95 46
75 32
12 29
55 8
35 20
94 63
54 42
81 3
9 1
48 33
13 45
72 83
99 20
90 30
52 44
76 15
88 44
95 59
56 88
7 74
16 46
83 62
6 21
28 2
15 34
77 45
52 88
44 22
56 60
7 92
65 97
72 72
68 38
20 64
81 34
28 17
19 83
56 67
100 64
25 16
42 75
97 54
10 25
3 58
100 70
86 0
100 58
100 13
32 18
89 27
31 38
62 43
29 92
70 74
19 85
6 72
16 11
99 4
57 48
0 20
80 17
37 56
96 87
60 61
41 47
12 10
65 19
14 86
6 100
78 59
35 95
64 80
84 70
2 68
93 76
17 88
89 32
48 44
69 30
35 57
70 65
16 34
7 29
38 74
15 89
16 99
54 22
36 83
16 30
95 29
17 66
62 25
81 1
73 75
51 29
73 28
44 59
7 99
92 35
32 61
22 22
17 37
41 12
14 40
32 87
25 31
74 70
94 72
17 98
3 19
21 67
74 32
10 52
10 94
62 13
97 80
14 71
57 5
89 51
33 3
66 55
6 55
86 52
89 33
12 4
91 90
32 0
85 77
2 98
86 21
80 42
55 92
20 88
26 75
0 42
70 23
20 11
67 6
93 38
30 75
85 89
33 19
72 36
16 12
48 35
53 85
20 50
19 93
94 65
48 100
95 88
31 71
43 67
82 61
42 3
96 91
23 76
91 3
91 65
62 29
34 71
41 15
30 62
91 92
95 63
33 100
15 96
98 9
55 15
85 72
4 99
18 78
20 66
40 41
32 33
55 80
98 14
64 34
59 14
38 64
39 60
19 61
59 88
49 5
64 93
85 53
38 73
9 75
10 89
11 74
54 45
96 57
48 24
86 60
51 19
25 55
43 38
88 76
86 72
80 68
14 0
26 1
15 96
34 100
90 26
14 99
27 87
31 15
90 78
44 85
95 54
30 54
74 84
20 53
63 74
48 18
80 15
56 4
87 67
16 80
76 96
31 32
45 80
10 13
10 18
30 86
49 19
76 75
28 72
15 28
40 62
8 40
13 16
10 26
40 8
83 4
41 94
93 11
86 33
7 63
35 83
78 100
55 73
54 85
42 16
25 80
20 37
61 6
10 83
30 39
15 18
58 25
79 73
56 13
53 33
80 63
58 15
66 83
46 83
44 17
73 17
31 23
26 7
13 19
94 0
64 44
88 55
76 41
83 59
74 0
82 2
20 73
85 86
7 81
0 89
84 40
61 22
47 1
53 28
44 64
96 64
35 46
36 45
43 59
21 91
44 74
58 88
71 84
35 0
89 92
92 84
13 26
74 24
28 71
22 42
69 91
18 84
8 66
52 11
8 71
20 51
15 30
72 65
38 92
99 39
27 56
15 3
9 86
67 54
12 62
83 35
22 96
88 99
5 35
48 23
86 62
14 18
73 22
48 24
61 46
7 48
64 78
37 55
76 56
5 53
72 39
47 77
10 78
10 75
73 82
63 78
14 68
49 74
72 85
60 27
12 80
100 89
36 13
27 16
6 65
91 55
71 35
75 6
21 100
39 31
15 49
16 32
10 99
81 21
72 36
49 79
30 22
56 23
49 30
19 62
18 23
88 31
72 11
58 65
94 58
92 90
42 91
67 10
95 32
79 14
28 60
70 92
57 95
27 4
65 49
42 50
51 40
39 71
43 88
84 61
13 7
32 82
91 7
67 42
85 88
34 78
65 21
74 100
12 86
69 59
91 100
19 51
59 43
75 85
19 66
49 23
22 95
54 32
89 32
5 89
96 16
19 54
86 63
36 39
14 9
33 93
33 71
39 80
35 24
3 22
1 97
45 35
10 65
97 72
84 60
93 6
98 15
2 26
38 99
35 32
77 96
30 68
9 50
14 68
87 31
76 18
8 6
87 54
61 44
21 80
54 8
32 35
9 21
29 76
82 40
95 28
5 29
90 12
42 97
71 47
97 97
38 29
41 62
3 4
36 6
48 43
15 17
23 4
6 46
89 86
41 99
23 28
21 79
49 12
83 5
31 74
54 89
64 37
25 69
21 29
80 23
54 32
24 6
38 5
19 61
14 6
69 80
79 99
62 4
88 10
53 89
89 61
9 75
1 64
25 76
94 83
73 51
49 7
61 88
56 32
58 51
97 38
59 22
1 26
5 91
24 18
56 2
62 81
37 62
53 81
80 53
32 49
57 61
51 76
35 72
74 3
98 38
20 24
32 15
34 51
87 15
56 40
21 70
55 99
11 23
19 75
10 89
17 71
41 19
36 35
4 11
67 0
48 50
59 23
1 42
34 66
0 22
83 5
95 76
99 39
87 51
71 77
82 87
37 23
6 55
12 99
49 87
54 21
11 56
82 23
73 5
24 73
26 25
88 98
41 83
66 85
37 58
46 4
89 67
97 51
8 11
81 48
82 56
70 37
79 48
42 73
16 96
86 81
31 29
26 60
54 39
1 47
74 24
15 73
87 36
26 28
98 9
14 92
51 67
95 70
87 72
6 20
97 83
73 25
51 39
76 10
70 65
49 95
47 55
3 100
65 34
50 35
14 43
49 77
56 83
93 67
21 0
68 14
7 73
86 59
9 29
33 68
60 23
99 4
49 13
32 82
34 54
91 77
61 56
71 57
96 91
64 6
27 74
95 40
22 98
5 13
81 96
27 56
89 87
9 66
96 30
94 33
0 1
27 12
88 34
6 100
25 30
29 98
47 3
39 24
50 27
3 23
6 4
84 69
44 64
39 25
63 3
67 67
95 78
65 10
45 64
26 54
5 78
71 83
96 48
36 100
42 57
30 45
70 75
93 11
92 32
65 37
34 3
5 42
19 93
39 59
71 66
55 75
59 10
75 73
32 15
21 4
82 51
45 32
47 79
49 18
96 39
27 98
7 79
53 80
26 83
62 44
51 12
33 67
82 79
74 68
87 5
48 0
17 53
24 48
62 83
19 100
34 100
24 40
3 95
40 29
39 46
55 35
40 42
32 59
69 52
67 78
16 10
83 17
10 37
15 26
17 45
90 3
57 56
32 10
30 26
50 5
92 22
92 99
9 83
21 14
81 66
66 65
12 35
25 80
10 19
37 10
63 60
2 99
20 78
96 7
35 33
5 37
91 54
26 67
77 15
73 12
60 27
93 79
49 54
7 46
62 40
43 34
51 75
4 78
67 24
29 30
12 83
58 83
18 42
79 78
89 36
3 9
49 62
91 0
20 39
32 78
64 95
91 7
76 53
58 88
49 60
73 54
1 16
17 18
87 54
46 88
12 18
5 26
22 26
30 15
1 98
59 87
61 66
41 11
21 95
52 53
43 37
41 8
68 96
10 72
65 84
35 72
92 67
97 5
64 7
42 34
53 37
25 45
34 45
41 98
94 94
52 55
37 64
74 52
67 75
67 16
4 66
1 17
33 13
94 73
55 4
25 47
77 26
44 21
57 27
87 90
37 68
83 30
50 10
87 90
69 57
89 53
41 27
18 7
82 65
40 20
69 6
83 58
72 66
41 46
44 66
87 32
65 18
34 82
10 59
59 89
25 70
95 11
54 41
5 15
98 25
36 20
43 14
61 19
9 31
83 18
94 15
45 100
87 94
34 52
59 80
98 50
82 89
85 50
92 89
27 20
32 51
58 35
46 92
29 69
3 94
28 4
8 1
56 30
40 15
75 43
95 52
10 75
69 69
97 48
76 41
95 13
64 51
54 31
3 44
68 68
97 27
28 62
72 28
9 79
59 60
21 73
71 0
29 38
80 88
54 49
46 53
42 92
27 94
78 38
23 49
40 60
34 46
83 8
33 95
65 76
41 9
99 6
26 0
74 18
29 91
57 68
18 48
87 98
61 43
59 48
68 43
35 35
29 88
58 64
40 69
61 22
60 56
81 60
26 74
4 33
94 32
33 93
8 85
86 100
26 17
3 78
74 70
31 61
21 54
39 38
39 61
50 69
84 28
56 97
95 97
78 70
94 34
31 78
74 81
18 3
9 72
45 61
13 33
32 5
41 72
66 83
62 25
65 70
87 13
94 100
63 58
11 30
40 25
58 57
16 69
34 60
92 5
15 36
48 91
21 29
39 39
1 36
87 92
5 39
10 28
58 92
80 33
67 12
19 42
99 65
14 27
72 8
76 72
91 47
98 25
64 65
72 54
96 100
40 98
13 5
93 94
58 13
38 54
6 99
17 47
46 42
90 12
56 77
21 43
57 1
96 100
69 11
65 8
84 95
35 33
35 72
73 55
85 27
58 75
9 60
58 16
55 96
74 62
80 58
25 81
63 5
15 42
71 75
65 58
16 37
91 71
32 54
86 64
18 69
35 95
83 57
64 37
40 42
72 92
15 28
84 83
74 49
89 65
46 25
68 98
21 51
47 98
98 29
38 40
98 12
30 9
55 16
62 70
46 15
74 23
74 9
84 98
39 43
1 58
58 91
82 84
2 69
0 35
32 47
55 81
68 36
9 77
58 35
39 35
73 39
84 91
97 64
90 93
76 35
68 15
49 57
90 83
70 62
89 7
98 64
0 48
45 20
18 9
21 52
50 49
85 52
51 47
11 5
25 16
15 56
10 100
50 1
93 34
39 64
58 98
49 17
9 86
29 6
86 25
92 1
96 63
66 0
90 65
69 73
38 67
12 96
26 59
93 80
35 6
36 73
82 70
33 3
36 5
69 75
71 84
63 25
79 49
82 50
56 7
37 20
14 1
50 35
68 83
21 17
97 45
47 85
94 11
88 14
4 46
53 63
100 50
48 55
24 9
49 77
92 32
6 39
10 39
69 8
88 12
38 61
18 100
54 48
32 46
42 44
23 47
12 32
66 38
31 4
16 100
1 60
45 86
64 84
72 45
53 45
11 88
31 76
89 8
52 72
54 26
19 19
76 62
94 76
3 9
23 16
97 57
59 66
87 22
36 33
47 2
11 1
63 33
16 18
21 95
80 87
3 88
92 72
46 14
3 79
34 34
4 57
40 39
49 100
31 22
65 97
92 27
44 8
87 5
38 34
28 65
40 42
69 12
83 52
15 13
43 91
46 78
12 15
67 65
89 24
11 95
72 54
7 22
68 38
46 62
88 85
5 28
10 58
87 18
42 21
66 22
55 56
48 18
51 83
76 41
85 64
54 68
60 39
59 28
75 9
29 96
38 76
54 29
52 24
59 33
59 65
72 82
12 82
52 8
21 16
82 16
67 12
89 33
97 22
96 59
14 18
92 1
11 64
40 12
94 43
28 44
23 92
98 5
67 46
85 14
14 35
40 6
88 66
74 93
73 38
65 96
43 73
69 18
12 48
13 86
88 89
95 89
7 36
31 88
4 93
22 10
70 6
53 35
25 90
4 54
89 83
55 71
91 30
57 88
52 61
53 8
47 93
35 82
39 12
6 40
79 54
58 23
44 29
32 95
19 68
76 64
88 33
68 2
53 16
82 5
10 84
34 49
23 36
84 92
73 17
59 89
98 9
72 66
0 20
51 50
92 82
46 80
93 5
85 16
62 80
94 29
70 49
83 63
71 42
38 74
65 49
29 94
0 87
44 57
0 48
87 79
72 100
86 49
13 46
78 89
50 3
32 19
18 77
97 40
49 56
85 21
62 60
61 11
72 58
27 30
90 56
9 28
70 48
42 60
86 23
88 23
8 1
74 79
15 66
88 19
93 44
1 80
3 31
38 60
51 29
94 88
80 21
17 26
62 80
33 40
91 92
33 86
79 97
63 92
9 1
6 17
62 67
62 81
91 18
47 24
12 34
76 31
100 39
0 8
14 32
6 50
37 23
23 97
80 41
46 35
64 4
2 72
39 38
6 79
29 8
8 85
17 82
9 81
57 83
87 99
14 54
90 71
22 33
10 73
19 93
24 14
55 36
15 83
88 71
70 10
91 9
76 85
57 54
40 45
93 11
28 39
79 0
7 63
78 33
94 45
29 62
39 95
86 79
3 38
7 21
43 72
60 73
39 83
73 79
74 37
70 29
74 97
22 10
27 7
8 6
85 1
86 6
29 55
56 48
81 80
39 29
11 5
29 51
30 90
65 18
30 10
23 98
69 28
96 69
12 58
9 72
8 84
40 25
36 13
57 92
47 69
67 79
31 64
47 61
49 96
52 23
38 90
98 96
43 13
39 40
73 3
35 13
87 28
18 89
52 94
79 54
73 48
17 40
87 4
25 75
78 59
100 28
38 47
86 8
66 44
50 74
2 61
66 89
28 35
42 86
72 40
9 81
66 60
66 90
85 26
89 78
79 54
54 5
51 71
1 52
93 40
84 21
62 29
24 54
41 29
93 92
30 90
95 28
35 44
51 56
46 23
66 77
41 79
100 35
92 89
22 10
32 18
84 47
36 47
55 49
99 27
25 85
31 86
85 11
9 1
1 80
37 56
40 50
93 65
87 41
7 22
11 2
90 50
3 57
89 1
40 18
25 41
74 40
83 20
48 90
4 52
20 94
82 81
73 31
20 79
26 53
88 56
55 18
70 66
30 38
28 58
41 56
79 53
5 19
24 97
92 2
46 54
88 8
52 47
48 23
71 89
67 33
3 2
53 49
75 92
28 83
86 7
68 48
33 11
57 84
71 76
28 40
74 18
4 53
81 56
79 76
61 62
62 93
4 35
32 92
11 84
92 22
23 99
19 88
45 51
20 53
85 89
92 14
12 90
41 81
13 18
91 13
23 66
31 14
81 66
21 98
16 85
89 5
68 51
78 71
59 56
42 2
80 49
45 26
29 1
15 91
73 2
41 93
87 75
76 32
91 76
45 94
15 98
22 66
20 86
25 53
31 15
59 30
73 0
3 17
12 31
32 45
17 6
96 50
4 31
81 44
32 36
50 68
60 0
17 8
59 17
5 91
17 0
12 67
6 63
86 96
67 42
74 55
12 17
66 64
0 25
14 40
61 40
75 0
43 8
91 68
45 7
98 80
97 59
8 31
13 84
93 65
23 61
49 99
52 98
53 62
49 10
62 15
28 96
83 78
85 83
72 8
67 36
23 24
2 40
65 85
64 81
59 60
24 87
100 67
23 19
33 62
35 33
47 11
56 11
69 37
57 12
14 32
74 26
65 98
73 0
73 25
19 69
48 5
67 58
3 24
28 32
74 59
57 16
80 81
55 58
5 56
43 82
54 5
96 13
18 60
63 97
50 32
37 39
92 40
3 32
74 25
30 5
34 86
35 52
58 9
35 19
82 56
64 46
31 75
15 42
30 35
37 11
1 14
0 5
27 66
59 12
31 49
43 12
4 86
70 25
37 63
0 88
33 64
75 12
95 44
34 15
47 23
93 79
94 39
27 79
64 29
65 56
79 82
89 44
20 61
50 49
2 84
11 25
60 86
47 42
26 78
96 4
36 43
48 25
99 19
33 57
86 94
59 40
0 71
80 94
95 71
85 94
98 27
82 41
38 85
2 47
32 49
93 18
22 79
42 41
37 25
85 31
25 70
76 5
77 65
97 84
32 71
1 85
38 61
55 33
5 4
84 6
39 79
30 52
13 67
83 40
48 68
68 53
78 11
15 52
55 30
20 96
0 49
2 27
45 55
64 61
39 21
76 22
48 42
29 37
36 71
10 72
86 66
44 1
33 95
36 84
40 33
0 61
61 94
41 0
10 89
19 92
36 31
73 71
73 68
7 65
20 67
56 57
78 17
20 10
93 84
52 22
46 83
55 55
68 41
63 90
41 48
0 36
8 78
75 38
20 19
59 48
59 18
19 15
50 71
28 97
8 93
15 15
57 74
24 21
27 72
55 71
96 73
23 17
77 56
50 17
55 39
94 56
0 90
18 78
71 70
22 71
9 92
56 90
70 96
92 29
85 39
80 9
94 21
27 6
46 44
34 70
0 62
60 75
77 21
91 87
38 12
8 14
14 69
94 90
18 40
20 64
1 37
31 82
38 23
59 94
62 56
48 63
31 56
68 92
26 18
83 97
36 65
18 75
65 93
14 96
39 33
22 37
29 67
7 53
14 37
24 52
73 93
90 93
97 67
79 82
51 62
20 50
19 85
72 91
27 36
20 12
29 72
5 68
87 43
60 11
22 100
13 38
41 5
71 8
63 100
76 28
20 29
58 11
46 88
88 91
100 41
23 85
10 51
29 10
92 69
51 32
82 96
33 88
47 15
75 36
49 44
82 45
75 30
68 93
35 9
6 71
32 50
27 98
6 39
42 9
75 22
71 18
44 66
73 68
39 38
90 18
77 24
83 52
89 40
79 40
61 58
90 37
45 80
75 48
90 20
70 62
99 89
51 88
27 6
92 73
58 59
10 40
47 80
22 77
39 87
39 45
57 22
87 60
8 6
63 64
84 18
25 61
15 72
88 85
96 20
0 33
6 60
72 57
17 79
56 15
63 79
98 39
83 39
81 51
10 18
70 71
70 11
5 20
53 84
60 30
53 73
0 16
34 73
53 84
21 82
40 60
76 63
70 43
37 2
25 61
94 76
28 35
21 36
61 16
94 9
40 0
55 83
77 48
37 72
81 11
4 70
54 69
10 67
87 30
12 59
30 86
24 83
5 35
93 44
79 47
93 44
49 76
88 53
61 33
64 91
73 86
12 81
66 19
89 31
58 52
8 46
30 89
83 69
70 42
83 68
50 32
36 46
6 66
34 68
25 18
2 5
25 91
51 62
53 52
11 1
44 8
82 50
8 91
10 46
75 75
34 53
8 68
92 84
44 12
97 42
99 18
26 32
98 80
14 90
19 28
98 82
68 1
9 9
11 28
67 21
21 55
33 20
7 74
61 30
22 52
57 80
49 48
16 9
61 81
39 88
16 45
98 93
94 88
48 55
95 60
63 51
3 43
19 97
38 57
29 89
81 35
99 94
99 86
72 16
88 1
56 31
74 46
68 80
47 94
59 0
1 91
4 50
15 73
42 63
4 12
64 85
68 71
48 26
83 92
56 2
56 48
21 47
95 79
86 94
22 9
51 96
87 35
3 15
33 69
19 98
90 74
51 87
16 27
34 34
66 31
38 37
72 87
37 31
14 61
48 4
39 99
83 27
49 82
80 84
39 14
56 43
87 34
83 36
86 49
6 15
67 29
49 62
29 17
45 28
84 63
63 92
2 70
42 82
64 75
44 34
53 99
4 7
94 24
16 5
82 56
65 72
57 26
55 50
7 22
19 73
96 62
8 68
46 83
14 21
69 82
34 26
40 67
90 10
65 12
7 22
73 48
21 85
64 21
51 30
5 64
2 83
52 93
81 43
89 54
97 36
75 26
8 37
29 4
44 18
72 0
86 21
94 96
1 28
39 19
7 49
32 84
80 1
89 73
15 27
49 15
46 35
84 97
60 1
69 70
41 40
21 36
61 40
75 33
96 40
68 92
61 36
16 34
91 66
33 4
82 14
11 35
72 65
31 69
29 94
81 72
59 3
82 52
72 17
49 0
35 75
25 79
34 68
18 5
34 39
37 62
15 96
91 53
86 69
88 74
91 48
96 48
38 30
57 1
38 57
0 86
13 95
7 76
22 78
90 52
60 44
92 13
14 83
85 64
43 13
24 12
98 84
23 57
8 92
80 60
50 48
77 4
55 86
95 80
43 49
99 63
22 47
84 48
63 11
79 4
52 48
98 47
15 16
51 6
48 91
32 36
79 84
31 77
31 67
96 53
48 43
25 36
44 69
46 99
16 58
77 22
54 68
32 36
75 86
5 3
45 77
37 47
29 87
78 22
88 46
7 4
20 9
81 45
56 75
52 4
18 96
55 1
20 98
75 92
60 74
49 38
58 28
89 16
30 44
8 80
98 10
19 26
32 33
20 43
43 69
91 39
47 74
49 17
35 16
91 59
81 11
74 4
12 0
19 6
22 1
30 10
26 58
91 57
25 14
75 97
5 16
19 48
13 60
77 3
41 83
11 30
26 97
15 13
90 51
22 2
76 87
60 75
61 52
72 89
63 82
48 13
47 18
0 46
59 54
33 41
7 93
29 15
73 60
39 19
6 75
29 40
30 22
53 15
7 71
57 23
93 83
3 8
97 27
8 76
42 59
25 18
41 78
74 38
29 75
85 86
23 58
18 72
31 17
50 50
84 94
78 15
13 24
69 26
1 54
8 59
13 9
42 99
47 18
98 98
67 7
6 37
42 42
25 51
51 48
22 7
44 38
51 11
96 41
18 6
100 78
78 5
11 32
54 76
91 6
8 46
81 100
76 3
78 57
35 14
72 13
89 98
45 78
83 80
17 88
68 87
94 80
92 24
80 39
21 39
79 66
10 50
90 34
41 42
80 48
47 79
78 19
66 92
16 51
82 7
66 0
99 46
86 34
46 59
74 65
10 4
19 59
87 64
30 81
70 42
11 83
16 39
46 12
15 60
24 97
100 11
100 27
100 34
97 84
92 28
11 76
24 86
4 61
90 64
57 30
21 68
99 38
46 0
61 11
82 75
43 31
25 65
100 41
21 54
47 100
50 41
55 8
89 16
67 65
52 23
89 14
82 95
57 88
22 59
14 5
65 12
6 44
86 27
41 21
35 43
51 88
63 92
78 89
99 42
23 55
50 82
21 70
10 64
89 4
60 26
2 12
43 12
7 20
9 70
56 85
21 70
39 25
66 15
94 70
35 68
79 95
49 37
60 66
86 51
94 25
83 39
50 64
77 11
32 78
62 1
23 88
44 48
10 8
63 94
6 73
100 90
96 11
76 14
7 83
52 88
85 76
81 91
16 56
29 14
66 87
46 56
41 13
31 58
9 35
73 75
48 13
63 100
19 20
55 38
44 74
15 49
60 17
73 20
34 26
0 6
95 37
97 19
40 20
9 20
11 42
75 79
60 81
100 16
5 4
31 39
66 70
95 25
60 48
36 24
88 18
57 33
53 20
69 53
91 59
75 10
86 13
38 57
82 75
82 68
44 74
41 46
45 29
37 72
90 9
17 54
29 63
24 30
50 7
24 46
26 63
26 0
98 7
78 0
63 33
95 48
99 1
20 85
24 23
24 58
69 74
28 48
0 68
31 83
19 93
53 17
71 53
50 11
16 26
31 98
58 99
34 40
49 57
81 41
22 18
40 55
60 62
52 35
89 88
64 47
39 99
43 49
6 97
71 38
89 80
10 1
89 97
36 5
7 42
28 78
70 85
11 25
95 71
99 21
2 6
39 84
11 43
96 40
64 44
27 87
80 56
6 34
66 69
71 31
67 90
10 47
72 11
38 1
31 62
39 39
82 28
54 22
10 93
27 25
94 38
20 84
16 76
15 94
78 42
8 43
95 68
64 36
65 56
26 59
16 47
50 41
93 83
93 98
91 40
89 58
55 91
93 46
12 71
0 49
92 5
85 45
26 43
65 36
37 81
88 43
77 84
32 9
77 77
77 52
58 22
7 22
20 74
41 45
61 53
53 74
92 6
32 24
78 71
12 91
3 56
85 57
30 47
75 70
95 80
69 22
3 84
27 51
1 46
20 72
20 4
11 61
47 42
6 91
85 17
46 11
9 50
92 6
95 99
97 66
90 83
28 94
50 23
58 60
60 8
11 97
17 46
55 40
38 47
45 79
17 75
31 96
12 87
44 63
39 28
63 36
36 26
86 95
44 45
70 30
78 40
99 93
76 89
27 51
9 26
80 15
57 60
3 97
60 21
53 17
6 49
25 18
54 69
63 4
50 34
66 20
75 28
71 100
27 61
84 84
96 25
56 75
39 49
3 36
31 42
90 76
36 9
11 77
46 24
43 0
98 88
73 29
81 71
64 38
40 64
95 73
96 62
24 75
30 90
32 27
92 4
64 57
98 96
58 100
78 14
85 76
41 17
100 72
17 79
98 52
83 86
99 32
37 65
63 13
49 12
62 49
88 61
34 72
90 29
65 65
3 66
52 92
96 34
89 8
16 57
99 59
22 34
75 34
59 5
44 78
27 36
45 100
24 50
68 48
84 19
98 60
70 48
76 28
80 58
92 22
9 78
94 7
32 93
80 15
62 25
22 0
62 49
28 84
4 31
36 42
1 85
15 44
97 80
37 74
33 62
86 70
35 16
68 39
30 76
60 43
10 7
48 10
24 37
7 71
61 12
63 51
5 64
77 89
14 66
32 72
73 85
4 41
7 52
83 12
73 87
31 3
17 67
50 27
9 34
83 84
25 50
89 44
58 25
7 86
74 0
12 4
83 28
99 83
61 21
24 11
56 99
14 69
33 64
38 24
49 83
91 67
100 33
48 90
77 66
5 63
25 53
8 52
48 38
54 61
49 18
19 44
88 63
34 30
100 19
68 35
94 8
30 99
71 39
67 14
5 98
88 39
82 49
45 45
71 26
18 81
87 47
88 51
28 57
81 85
90 40
40 13
44 48
31 34
60 94
55 97
26 67
100 4
71 99
35 95
25 37
49 88
90 82
29 9
60 39
18 37
28 63
21 61
79 20
47 76
44 77
91 79
2 13
94 58
55 47
53 10
42 29
79 79
38 74
97 39
50 11
22 9
58 56
60 37
41 52
0 6
88 75
35 96
90 69
86 61
4 0
5 46
8 100
51 51
10 72
68 31
2 67
90 23
72 56
24 65
27 7
41 84
29 36
5 29
53 91
16 6
23 35
72 16
88 28
93 53
66 73
64 90
34 27
88 55
40 62
26 73
30 22
28 70
15 12
91 99
39 15
96 1
100 54
80 37
70 89
36 95
70 5
80 47
6 36
9 5
55 32
46 39
93 16
27 82
38 36
33 14
89 52
35 68
73 77
64 1
64 28
92 51
38 8
68 56
96 78
61 52
68 72
17 20
38 28
88 18
94 36
78 14
56 78
91 87
0 27
91 8
68 64
7 85
5 88
83 95
77 58
99 44
11 64
30 52
51 15
45 88
23 15
18 96
17 63
61 48
39 89
14 16
15 88
58 63
38 94
50 40
26 65
100 22
66 31
71 15
57 17
79 28
54 65
58 38
0 38
8 70
86 15
66 74
26 100
22 89
26 33
89 21
57 96
75 65
2 34
40 88
3 31
48 4
20 67
47 28
55 37
32 85
3 92
2 85
79 30
70 43
66 71
97 0
95 62
48 29
12 100
99 50
74 63
39 71
90 69
24 3
79 40
49 34
47 7
18 77
44 99
37 15
86 65
11 66
79 4
13 15
93 54
12 21
75 19
32 32
34 12
24 91
39 1
24 73
82 44
43 43
56 78
67 99
79 6
75 20
46 1
21 8
16 25
62 43
5 26
4 74
30 93
61 22
0 39
12 58
4 8
62 7
40 11
36 98
38 75
16 73
56 89
100 57
89 88
44 46
20 20
79 63
31 59
45 87
98 25
4 85
38 98
23 37
2 27
71 61
39 2
57 47
46 31
32 97
62 79
15 91
32 52
78 15
71 93
21 84
73 52
31 58
84 12
16 82
98 94
10 71
100 91
26 87
66 11
53 37
3 37
97 52
62 85
21 71
36 59
56 81
85 56
73 64
95 17
49 90
53 85
29 69
15 9
59 31
80 78
2 4
71 25
55 14
42 98
42 89
10 58
78 65
23 36
79 97
72 66
5 70
60 54
53 49
16 43
61 74
72 85
62 81
39 37
53 98
52 73
22 68
1 80
80 80
10 12
99 85
67 6
39 52
7 45
6 39
11 6
26 1
83 19
23 43
61 69
55 23
7 65
86 83
3 46
75 23
44 81
43 75
74 26
92 36
10 88
57 8
13 62
95 48
89 24
30 15
49 85
43 50
34 95
94 51
31 86
11 33
3 79
27 7
61 100
31 41
55 77
24 88
74 23
1 14
65 57
34 95
53 88
20 50
95 10
91 95
98 14
85 81
84 9
7 37
70 74
37 89
26 1
40 88
35 30
81 76
47 41
74 9
18 80
34 20
17 65
19 49
4 2
58 16
8 66
12 66
70 32
31 58
59 0
68 76
66 17
44 62
78 71
38 47
40 47
6 25
90 50
16 75
4 8
79 26
37 25
83 97
7 18
78 50
44 70
79 12
6 21
21 41
11 62
63 73
96 13
71 52
47 82
65 95
58 53
94 91
11 56
14 16
29 41
86 87
45 99
71 85
22 4
64 37
83 80
86 96
52 45
26 84
81 94
36 29
38 29
39 19
94 94
29 82
99 68
90 99
39 51
64 0
30 70
91 53
85 0
82 1
76 91
84 85
61 93
73 5
91 85
14 91
69 25
27 85
14 66
62 90
43 57
52 8
85 15
32 13
45 69
64 23
2 72
19 76
84 35
76 5
90 21
28 15
39 31
15 45
96 38
67 85
10 23
78 39
66 42
50 92
44 81
64 34
65 91
42 91
92 74
56 36
67 9
65 71
95 18
55 79
16 23
69 57
14 21
36 71
28 73
39 52
56 41
75 87
35 74
72 45
92 5
32 93
97 50
23 20
91 95
82 39
84 40
74 47
60 4
95 27
62 75
43 56
93 41
55 44
45 29
27 58
97 71
93 59
64 63
79 64
45 95
69 90
39 1
44 30
83 32
73 86
68 9
63 20
80 47
33 33
30 67
79 61
19 38
99 14
80 88
10 38
98 36
60 69
97 4
88 55
74 57
91 21
84 72
97 45
64 8
60 30
46 35
49 63
68 89
66 7
39 65
61 42
28 27
99 22
82 51
36 91
21 64
47 55
7 14
46 7
70 28
87 5
40 84
61 52
6 12
81 31
50 23
42 21
6 93
90 16
12 84
73 76
69 33
2 10
58 35
26 35
94 15
58 77
15 21
13 62
55 20
30 1
95 29
54 94
46 42
90 62
44 93
63 95
40 4
86 56
6 97
14 19
48 61
4 17
26 94
44 51
84 42
10 60
41 86
55 75
73 99
78 16
41 73
73 96
6 60
50 37
76 88
57 25
68 42
51 6
24 42
95 68
38 69
56 11
63 24
58 3
86 62
59 43
99 82
62 99
24 74
86 6
99 100
73 39
81 66
20 2
77 27
6 97
13 35
31 43
42 89
76 34
64 72
18 14
69 21
7 22
40 26
27 93
16 28
34 56
17 81
91 35
86 67
82 97
44 53
93 0
0 76
69 63
5 100
28 34
76 22
88 11
86 72
30 14
86 95
20 48
55 51
27 17
2 29
24 84
86 58
20 12
98 34
40 30
69 4
29 3
46 27
16 16
64 16
88 90
59 11
84 91
19 47
88 24
65 60
21 21
44 69
49 26
53 68
99 29
48 55
10 42
40 8
1 91
35 27
51 31
40 27
15 31
96 42
52 15
27 91
83 78
94 92
48 32
76 64
27 72
18 7
46 48
51 97
48 35
32 67
69 18
16 16
91 73
40 91
69 13
90 73
96 53
48 84
31 81
89 77
80 61
63 47
92 6
8 82
0 82
23 21
44 69
73 89
38 24
81 29
0 63
96 61
75 56
86 43
48 43
86 29
63 100
79 22
4 81
43 24
79 23
88 49
26 25
25 85
74 95
55 96
37 77
51 20
86 27
8 13
90 13
33 10
49 28
39 99
87 46
62 10
60 60
80 86
84 18
59 3
47 29
8 42
0 47
5 20
70 45
39 6
34 43
55 84
51 24
56 52
96 94
93 46
28 74
43 70
96 41
2 100
5 14
52 50
77 81
71 56
50 45
94 45
32 3
56 29
97 47
5 99
52 74
56 73
70 98
24 22
23 29
92 2
15 21
9 16
26 42
68 55
38 7
16 6
25 0
69 44
78 72
49 44
34 70
5 39
14 33
37 4
65 51
66 49
94 53
52 1
43 81
37 45
65 70
76 33
74 91
23 62
88 42
31 41
42 92
55 95
33 35
79 23
48 37
15 84
92 40
76 72
57 44
12 1
1 99
54 96
66 90
26 22
96 58
41 58
58 1
39 90
96 9
13 49
47 48
96 66
55 54
37 30
36 28
65 88
86 43
77 68
74 21
40 29
6 42
86 20
23 54
87 41
77 51
51 87
28 21
5 5
54 78
46 78
47 82
82 100
98 86
63 63
53 50
35 10
57 49
96 26
71 19
94 44
49 49
81 85
54 82
13 57
23 75
90 79
87 78
68 53
95 11
55 35
65 11
2 39
97 33
71 49
77 92
6 17
83 69
79 16
71 71
98 13
33 99
23 4
37 80
48 2
43 9
97 22
41 33
95 32
32 17
60 30
49 61
92 84
50 78
66 95
47 40
62 49
9 54
13 11
73 98
60 100
13 39
97 63
72 91
46 59
66 96
18 27
99 11
12 8
78 8
4 41
99 16
77 28
33 68
73 0
60 91
75 56
87 30
60 77
64 63
91 41
37 40
100 85
91 5
48 63
81 6
88 19
89 1
27 27
94 53
21 32
87 42
6 87
86 88
41 90
34 32
3 62
12 6
52 44
82 51
69 22
11 65
29 2
92 24
40 36
66 67
91 35
71 97
89 96
36 91
44 91
17 42
28 34
91 53
5 75
61 74
37 11
84 35
100 46
66 73
97 29
90 20
9 44
40 82
54 37
0 76
87 12
31 80
42 78
74 93
27 24
92 49
42 85
29 20
37 50
9 16
87 13
76 67
11 51
84 28
25 89
30 54
6 25
56 48
46 22
63 14
65 64
98 64
88 69
87 18
90 72
50 44
70 90
65 84
62 19
79 93
25 81
39 10
94 24
45 78
20 64
3 81
34 70
23 48
60 8
20 21
44 91
64 49
33 6
91 93
100 18
82 98
11 48
73 0
10 18
51 22
77 75
61 48
57 17
67 76
2 41
85 72
20 72
65 95
29 3
38 33
39 74
86 21
9 11
55 26
78 17
64 14
58 70
65 88
51 13
19 79
5 85
18 30
42 85
44 43
98 81
99 93
61 85
55 68
79 11
83 29
23 74
27 50
73 86
32 18
54 22
90 24
58 74
42 67
3 48
54 21
54 43
74 26
93 79
56 84
53 39
95 26
75 81
99 36
87 18
95 39
57 57
52 77
84 5
8 93
67 70
76 1
91 46
14 59
50 71
100 36
26 55
99 10
10 4
100 93
31 60
11 18
42 51
8 15
84 90
60 3
23 61
98 19
95 68
58 59
42 51
35 78
30 73
17 70
30 97
88 59
99 14
11 98
95 25
43 15
74 88
86 12
50 99
81 4
61 56
16 10
8 69
70 64
77 22
25 6
72 80
11 89
24 95
74 56
80 18
40 90
58 33
31 20
2 84
91 22
17 67
21 91
35 30
97 6
64 92
85 41
13 76
31 66
57 9
2 16
21 47
13 84
6 80
16 100
55 53
46 97
99 26
83 45
99 90
70 64
52 100
4 18
18 56
7 20
65 93
13 51
83 29
100 78
20 94
27 78
60 64
40 59
50 55
97 37
26 32
0 65
25 69
79 70
69 1
68 18
79 59
12 8
15 72
69 38
24 68
60 72
98 45
70 45
90 66
82 62
20 87
14 70
41 34
15 62
34 23
85 52
1 86
73 56
94 9
91 17
40 28
56 95
40 29
73 58
39 88
8 79
71 0
98 58
98 55
25 69
32 47
12 85
97 95
11 7
25 76
42 87
44 92
87 62
78 74
67 70
92 9
6 24
1 76
72 43
0 36
70 97
11 33
53 20
18 31
44 99
51 75
9 58
27 22
62 43
12 79
48 23
33 7
81 64
59 17
3 61
100 39
14 53
64 18
99 9
54 22
27 14
13 71
64 75
61 45
47 48
16 64
13 6
76 89
54 30
35 89
94 76
2 70
49 5
74 81
74 69
55 87
59 100
20 61
1 27
9 91
10 93
94 39
10 74
13 89
65 74
75 37
98 19
4 90
94 73
5 19
44 6
63 60
62 57
69 81
34 76
11 3
92 9
9 20
2 88
3 78
6 69
24 9
31 62
59 68
94 54
36 95
27 96
56 84
77 70
26 29
70 94
17 0
87 79
96 22
76 77
87 81
15 75
78 6
62 59
72 12
83 25
42 36
18 90
49 7
