10000 1000
57 57
43 67
61 40
36 94
86 75
25 55
40 49
52 24
60 78
88 93
43 83
9 65
64 19
67 47
88 58
78 1
50 57
54 26
69 45
58 83
50 56
41 79
70 98
60 63
98 54
20 35
39 0
42 44
72 68
75 85
20 13
13 63
52 43
34 88
47 60
46 19
49 25
91 41
61 33
46 72
98 54
30 83
86 4
38 67
1 46
27 89
6 89
27 69
65 35
92 85
10 100
96 36
75 37
75 65
59 80
61 18
47 42
3 11
95 24
76 48
100 22
60 47
52 76
47 38
48 2
8 79
25 93
79 50
71 97
80 58
94 65
3 19
16 72
39 60
31 24
91 47
6 10
85 16
23 37
91 39
70 86
79 98
75 94
76 87
90 14
80 74
49 14
71 29
27 23
27 9
29 70
49 19
90 21
84 63
72 3
7 27
18 54
52 23
65 99
37 38
79 12
31 49
85 55
100 19
46 23
19 39
96 43
34 56
99 42
56 89
1 45
46 80
60 12
81 51
20 69
12 88
92 16
30 37
7 86
23 28
41 3
22 29
52 3
17 82
45 86
29 78
36 8
87 13
5 19
41 89
38 14
89 23
73 88
14 29
81 71
68 6
76 58
18 25
9 41
26 5
26 81
87 2
27 18
26 9
41 82
26 49
6 50
99 15
18 71
6 66
60 6
100 85
70 10
75 74
24 30
78 7
36 99
17 29
18 83
18 17
35 38
23 20
96 58
48 29
59 64
87 8
19 95
69 40
56 43
9 85
92 14
48 66
36 11
12 42
23 66
51 21
52 45
39 27
57 27
50 24
30 11
97 37
20 53
51 7
79 63
3 56
62 30
87 65
88 84
15 80
14 8
15 2
73 32
89 64
98 52
87 16
97 25
81 23
0 72
9 99
83 26
73 52
46 78
63 84
96 26
35 22
81 49
1 32
22 74
90 9
26 45
17 77
35 63
71 2
82 10
58 18
39 50
4 27
19 55
13 24
50 37
27 12
50 62
88 11
4 39
25 35
83 54
43 82
9 79
45 99
45 68
43 67
52 96
79 44
100 65
70 26
11 86
5 43
82 79
68 19
79 44
85 17
97 46
29 65
90 34
69 33
99 63
17 59
89 21
3 52
6 50
35 77
17 7
41 96
29 90
59 84
17 62
15 37
87 93
65 28
86 68
58 49
94 100
66 23
16 65
69 59
98 7
61 24
28 8
28 71
35 10
0 0
11 98
77 12
58 0
5 89
53 27
18 57
27 95
89 64
49 25
61 29
83 69
10 24
68 23
17 4
21 72
48 63
24 46
3 78
56 21
83 21
37 60
62 24
39 0
68 85
59 25
57 20
12 9
49 28
76 26
51 67
90 9
83 65
78 11
90 41
87 15
60 91
11 23
32 90
34 19
84 78
62 18
77 0
67 99
28 98
33 35
58 40
17 32
90 45
0 95
86 48
29 60
27 41
17 73
1 82
74 26
97 39
74 80
55 59
45 20
31 41
3 56
40 36
57 32
58 9
87 55
67 97
55 69
1 62
11 67
93 96
36 51
41 5
60 49
94 28
47 99
17 23
0 16
68 61
22 41
95 40
96 94
77 44
56 10
49 62
55 9
96 33
13 9
11 88
12 88
27 100
76 7
49 100
86 30
36 38
5 88
80 90
57 82
34 96
47 55
16 19
52 64
35 43
61 19
73 52
12 74
86 13
16 57
95 52
72 89
95 46
73 11
24 18
71 31
17 6
0 55
61 96
68 26
76 86
43 28
86 79
21 12
29 62
63 1
45 0
61 14
68 14
98 77
13 16
17 10
78 28
72 13
53 80
63 54
25 37
40 5
8 58
2 75
11 67
49 74
22 58
99 91
79 81
19 94
5 3
37 32
44 80
2 56
64 97
3 6
57 71
27 99
89 93
63 90
83 56
44 48
67 36
56 96
9 75
12 81
19 79
58 81
58 46
45 55
92 82
48 53
0 79
87 100
34 82
79 86
21 38
87 30
87 78
75 58
63 9
5 38
90 66
37 10
25 63
79 62
84 96
25 2
12 46
37 100
25 57
7 40
1 6
100 88
40 14
80 98
96 10
88 91
90 25
78 12
88 92
32 98
35 37
37 68
24 12
82 80
41 34
19 66
88 78
23 87
70 70
42 24
66 57
44 49
14 86
8 91
10 98
57 6
63 21
0 43
5 44
39 53
25 81
61 36
79 4
29 16
13 16
18 50
11 75
35 38
68 79
67 48
42 28
71 91
67 85
19 5
42 70
99 18
1 99
21 35
24 83
4 56
18 97
27 10
47 90
54 76
89 8
79 35
23 62
75 5
81 12
53 8
74 82
42 7
26 2
97 29
5 94
1 79
65 51
38 95
51 14
12 39
50 3
88 33
80 71
8 39
17 64
51 47
97 58
29 90
91 22
17 76
69 54
63 88
44 97
5 87
81 88
96 19
42 12
53 28
38 94
95 99
74 84
42 27
50 7
0 56
57 55
84 62
47 36
57 57
85 95
97 71
8 51
85 41
6 93
36 35
18 10
80 71
65 6
82 60
19 1
25 22
60 62
19 51
97 11
63 18
80 16
26 16
68 66
53 67
19 34
58 20
13 51
53 29
17 59
34 19
7 45
36 86
10 33
56 5
94 85
74 50
97 92
18 28
5 6
1 89
45 35
49 82
72 33
73 70
93 13
32 6
1 10
47 63
13 4
44 94
66 39
7 74
56 6
86 77
94 50
10 25
29 8
6 69
13 59
58 81
10 43
72 85
54 62
74 100
29 14
88 40
56 2
45 92
82 57
76 78
41 58
35 99
74 16
69 48
6 78
95 32
69 57
46 42
50 85
82 93
91 78
78 24
32 14
66 82
93 26
67 42
25 96
4 72
85 64
42 91
55 49
18 73
96 81
37 8
8 67
100 81
8 25
76 54
52 26
76 51
11 44
54 3
88 45
84 51
31 5
75 20
71 35
14 18
62 20
48 53
12 0
60 68
30 10
0 50
68 82
49 75
72 91
16 19
29 46
16 69
11 74
62 7
35 1
73 91
44 99
10 64
31 64
96 72
82 74
95 3
79 26
58 78
40 33
85 36
22 99
69 68
52 85
43 38
57 18
81 38
63 33
0 11
57 87
46 57
67 40
4 45
53 24
2 87
63 67
58 1
56 63
82 35
75 14
22 59
70 44
59 88
72 49
37 89
12 50
22 29
33 69
3 3
19 41
55 60
29 54
22 50
30 8
67 97
50 26
70 89
51 95
41 96
38 79
68 73
53 51
29 83
28 65
20 80
18 23
28 41
82 100
28 68
12 10
77 31
14 78
49 57
33 25
82 88
91 36
86 99
95 94
48 34
2 55
30 92
61 34
41 0
26 25
36 39
31 7
6 31
65 42
9 24
75 87
85 43
10 38
84 48
5 52
90 93
33 48
35 54
72 29
46 52
85 89
85 19
15 62
15 76
78 40
75 50
6 97
32 24
89 100
91 65
86 73
26 73
58 48
60 49
93 14
1 77
5 25
89 43
93 27
11 60
42 26
98 9
23 18
18 43
68 73
99 9
56 88
80 43
44 26
58 37
4 66
9 77
10 71
21 3
98 99
75 56
11 82
97 46
89 35
26 94
18 65
75 65
56 23
35 58
50 56
99 68
37 42
53 1
39 35
58 36
0 27
42 43
3 60
37 100
49 38
27 76
36 82
63 45
23 81
54 21
94 90
98 22
34 57
36 10
58 70
35 66
26 45
69 14
7 56
96 3
55 64
98 50
85 66
3 45
95 63
65 93
80 20
86 96
43 63
73 5
18 72
49 26
100 52
43 92
50 97
86 11
30 30
58 1
8 32
100 85
91 46
64 55
87 21
20 37
28 1
52 2
58 93
28 83
98 95
35 32
28 66
54 22
56 69
68 70
3 23
42 39
66 12
57 56
54 18
2 90
10 31
59 76
74 95
60 11
2 97
45 36
36 96
24 59
57 45
33 17
29 40
58 3
5 14
33 64
87 79
85 10
71 52
94 99
16 54
82 7
0 65
31 69
36 28
89 46
22 13
24 22
31 45
58 23
44 75
92 9
71 57
92 16
7 28
46 10
55 23
64 32
50 67
31 10
93 53
75 28
29 51
68 96
59 56
57 53
2 1
20 65
30 37
22 87
13 44
90 21
9 59
82 62
95 32
99 62
53 16
49 31
76 2
70 37
15 5
20 77
67 55
87 89
0 100
62 48
36 68
44 61
25 9
87 79
79 39
0 35
91 81
64 54
9 4
20 28
90 94
2 51
91 31
8 47
64 66
30 18
37 71
51 23
88 85
93 89
7 17
49 24
2 50
85 79
91 63
14 62
20 29
2 26
63 9
26 100
31 69
3 83
79 6
99 10
51 66
62 89
13 42
55 51
11 41
41 27
74 48
85 55
41 7
7 49
51 73
96 37
91 53
56 50
52 93
42 16
59 50
49 76
89 60
52 32
28 76
73 53
81 17
100 50
78 69
84 72
47 67
47 11
84 12
99 74
37 30
20 51
45 45
65 49
73 59
10 49
48 57
22 98
52 2
27 79
29 100
28 21
72 37
71 2
1 35
13 13
24 37
38 59
98 34
8 60
31 27
86 81
77 36
86 80
55 29
13 97
90 25
73 27
84 59
85 84
96 48
0 89
30 20
29 66
5 6
50 18
95 42
56 3
66 72
7 82
55 57
84 53
35 24
91 71
20 83
11 85
61 18
45 1
56 13
31 42
73 68
57 14
42 62
15 59
79 94
93 67
95 90
72 45
61 57
74 85
68 50
67 11
48 45
13 54
30 34
93 21
83 35
59 62
64 8
27 18
45 41
20 41
17 8
85 66
57 70
21 6
73 12
27 74
28 74
70 65
57 24
80 24
86 76
79 20
50 17
97 73
11 86
82 11
59 0
47 34
96 7
39 52
37 58
61 13
63 80
17 37
38 55
82 54
38 74
78 8
47 95
59 34
25 7
69 22
90 81
96 40
50 85
94 45
34 70
85 78
31 12
12 3
50 60
7 11
73 50
69 48
12 45
44 20
53 10
29 67
93 10
17 90
43 20
5 36
83 85
56 53
34 82
88 9
92 1
30 84
31 50
10 74
88 18
72 15
9 15
87 32
81 64
65 95
96 67
19 35
30 40
65 94
52 76
34 31
77 80
5 100
81 55
21 87
85 18
21 13
4 57
16 86
90 81
60 60
2 53
57 43
90 58
75 16
67 4
54 10
3 55
30 60
57 65
88 41
66 2
10 22
47 32
35 77
47 66
12 8
17 68
62 3
9 92
35 84
59 23
58 48
64 48
25 41
62 63
80 33
66 1
58 8
71 55
11 62
80 56
90 85
57 31
80 63
1 31
40 33
3 62
29 100
7 29
94 8
23 11
41 43
55 57
0 75
95 57
36 83
34 83
84 86
90 25
57 64
67 23
6 88
10 84
63 48
43 0
89 57
0 15
28 96
0 34
49 62
42 69
70 54
74 39
81 68
7 89
44 20
3 18
59 68
52 57
58 43
46 45
92 28
20 39
99 56
93 3
55 83
96 61
50 3
94 12
97 76
52 14
65 98
75 30
90 69
64 8
68 25
17 12
87 3
33 86
39 89
15 80
67 63
17 51
69 11
87 40
96 15
56 14
29 73
10 92
55 68
81 56
86 84
19 14
36 90
23 60
77 78
75 52
1 99
4 98
3 37
8 98
61 21
68 84
12 2
85 98
31 7
24 7
63 70
91 22
55 43
61 30
45 19
64 32
74 99
57 32
22 12
73 5
1 95
78 70
37 76
0 70
1 0
40 79
74 38
93 76
24 26
60 6
2 85
39 53
83 28
62 93
90 100
94 33
50 68
79 93
72 4
73 25
15 96
4 48
99 33
80 0
33 17
68 11
32 95
89 44
15 90
82 63
89 57
0 31
100 12
13 26
81 29
95 83
99 55
40 14
75 45
40 98
29 27
58 25
29 91
12 28
61 15
44 64
43 40
33 14
46 91
66 94
64 34
74 9
14 64
56 53
83 98
91 19
11 46
52 67
21 46
29 16
40 26
47 45
8 16
8 39
82 29
69 16
50 44
70 1
43 33
78 90
15 28
19 11
53 27
67 59
2 49
38 8
28 24
50 31
0 55
66 59
24 23
34 60
87 49
11 35
60 6
19 9
85 72
22 31
7 54
76 55
52 82
41 91
36 92
71 62
1 22
99 80
29 86
23 10
23 79
67 13
62 15
35 84
1 89
15 92
41 13
77 73
88 92
40 75
28 8
63 15
24 87
71 73
68 41
72 65
70 54
72 16
39 31
27 43
59 64
1 14
92 5
57 43
11 78
94 15
21 7
38 49
19 86
55 71
81 9
45 30
59 15
88 23
48 28
29 90
85 12
32 49
17 22
69 47
73 37
41 50
93 50
24 68
23 59
58 96
55 46
22 79
70 32
86 12
77 35
33 72
17 65
31 1
84 96
25 38
11 29
58 22
100 73
49 92
87 45
86 76
24 41
72 83
82 10
99 21
62 12
31 65
33 61
52 63
49 44
21 92
5 72
98 55
58 8
96 38
74 30
13 61
46 99
18 48
81 83
44 87
3 82
14 69
22 27
57 64
35 58
9 57
31 42
50 50
12 4
31 48
42 31
81 89
43 54
48 99
0 2
73 26
31 71
30 68
96 15
3 39
54 83
35 63
37 6
68 74
53 64
69 18
75 28
19 25
4 10
97 83
52 38
72 46
21 78
65 42
64 98
84 89
25 96
27 48
98 29
56 42
98 21
27 13
65 51
16 59
12 46
38 21
6 10
38 57
15 39
33 76
99 58
49 62
38 95
53 64
80 98
12 86
13 74
76 23
23 93
82 74
47 47
76 60
69 24
20 79
39 94
39 99
72 13
12 55
27 40
62 20
70 82
86 2
6 93
94 19
94 100
57 99
15 90
0 0
80 15
22 93
66 67
23 80
4 53
93 79
69 91
30 24
40 5
86 53
75 27
56 17
40 69
19 58
35 8
73 4
17 61
25 81
36 33
28 13
1 68
35 72
29 4
38 68
75 46
57 32
32 38
68 94
6 35
31 41
90 39
2 62
5 51
8 10
88 46
64 20
41 39
72 15
96 34
14 89
87 98
21 86
15 4
68 13
11 53
56 50
40 49
67 27
75 61
83 44
45 81
47 29
9 72
42 69
53 73
16 46
15 11
98 39
87 36
2 75
25 100
70 69
71 81
67 95
24 20
28 92
13 46
26 80
88 27
5 47
92 79
0 83
80 47
44 65
45 37
19 46
3 79
35 65
52 70
40 56
50 24
83 27
19 43
70 8
0 18
86 89
16 2
22 52
50 25
61 63
0 37
54 27
16 57
13 48
5 46
9 72
96 43
94 50
96 69
47 64
47 22
80 64
57 69
78 55
56 84
59 41
80 20
2 97
39 31
17 77
21 73
62 40
11 56
36 66
33 99
82 50
2 68
59 52
28 50
79 56
80 27
94 27
46 80
19 91
35 6
23 58
85 90
93 46
14 20
9 61
39 82
93 77
80 64
86 100
29 22
54 65
34 81
24 23
14 62
98 12
46 69
99 59
94 50
43 97
70 95
65 73
69 53
62 62
93 17
98 17
44 15
30 13
41 5
58 97
13 100
66 62
48 54
4 58
62 78
4 47
26 0
19 20
21 49
69 7
67 45
93 56
99 88
88 33
51 87
45 75
34 30
17 20
51 78
23 85
83 96
69 44
18 24
87 64
13 54
9 19
20 40
56 17
35 51
35 47
27 53
60 60
69 45
45 69
37 30
84 29
46 71
91 31
72 81
39 57
26 69
79 33
17 86
88 35
75 32
46 57
17 78
49 41
80 3
83 37
54 82
92 42
49 7
54 40
2 73
37 63
15 93
23 80
100 81
94 54
28 12
66 20
77 67
7 13
41 4
69 77
61 39
42 20
99 80
73 62
85 84
61 56
75 9
63 90
44 81
5 72
33 73
99 41
76 23
69 56
39 87
3 30
33 71
22 90
66 22
47 32
67 37
59 74
13 45
9 22
42 62
15 46
85 32
74 24
17 60
8 65
87 54
52 21
84 0
87 94
68 58
17 90
63 59
91 5
48 93
39 78
34 40
89 56
81 87
99 39
63 28
87 79
26 12
55 2
11 44
69 8
73 15
56 19
45 5
10 8
35 62
3 41
10 84
2 53
30 85
80 66
69 8
84 40
44 51
64 74
57 39
91 2
1 46
36 99
22 14
32 42
63 90
77 45
70 0
46 56
52 3
56 13
75 30
100 14
4 41
18 45
78 59
9 100
72 5
70 51
23 49
99 31
80 7
4 42
65 34
13 75
32 92
18 43
19 95
7 84
74 43
41 98
2 22
83 97
58 16
53 61
62 26
45 50
94 1
51 66
11 37
79 68
48 42
78 80
16 59
47 35
87 98
51 92
34 7
69 28
15 41
4 7
82 2
20 44
19 42
53 50
45 9
97 17
71 90
80 75
73 7
86 3
93 27
30 5
48 14
88 27
65 10
26 43
92 14
9 23
45 2
23 22
44 62
7 65
93 20
40 35
27 79
54 92
77 62
58 66
19 78
21 62
19 61
59 99
14 26
51 81
70 75
62 2
88 88
1 91
19 42
88 76
83 35
79 12
25 10
34 60
26 61
66 0
34 15
6 29
96 26
18 8
49 78
44 90
61 68
96 14
95 17
87 55
2 13
92 27
15 96
18 80
68 65
100 23
24 24
75 45
14 28
0 67
9 50
29 36
37 57
31 80
14 56
44 57
90 75
18 92
62 59
69 76
63 67
53 22
52 17
55 34
95 24
6 47
100 80
68 13
49 29
95 46
97 52
77 30
62 70
20 65
13 7
18 86
0 13
84 24
31 17
93 45
33 68
0 15
45 99
64 45
24 20
87 13
66 67
58 63
93 95
84 94
75 5
95 84
76 42
26 35
30 70
42 76
47 85
70 94
77 100
25 5
47 81
69 25
89 14
18 15
59 44
87 28
21 54
61 99
45 52
18 84
10 48
89 63
27 72
94 43
84 8
83 88
72 49
13 69
68 79
20 82
94 65
13 75
27 30
66 82
33 39
94 70
46 32
99 63
56 69
43 15
28 18
98 46
82 38
55 40
86 95
1 61
14 12
50 28
7 9
52 89
6 96
79 48
86 34
44 18
12 91
68 19
84 46
73 73
80 20
99 13
11 56
87 49
77 56
64 80
42 78
67 13
18 38
66 27
34 14
47 34
69 61
18 73
61 92
64 13
25 65
1 80
2 4
92 66
71 23
63 48
97 29
51 38
98 5
52 33
18 23
43 98
85 62
90 9
28 67
78 89
16 78
36 95
66 14
41 44
41 30
99 100
49 37
46 45
75 12
18 95
26 16
35 25
51 42
0 66
65 21
88 63
10 45
84 25
11 6
35 27
83 48
9 98
83 7
30 59
14 17
75 92
68 25
63 85
45 39
51 53
68 87
37 34
21 75
10 47
54 51
14 71
71 17
4 61
60 5
57 84
20 14
74 56
98 63
82 27
0 78
96 86
16 43
83 22
92 8
20 41
15 8
87 69
9 62
57 61
0 24
81 71
23 65
33 2
38 76
48 74
82 86
12 68
32 84
58 89
4 84
71 29
83 98
74 8
10 8
87 19
59 50
61 78
53 17
65 5
33 8
28 81
78 34
22 65
34 32
90 75
82 75
10 25
28 31
89 2
18 4
38 1
18 38
71 8
88 44
35 28
85 71
10 10
47 71
91 79
82 67
49 77
36 12
55 34
56 27
83 36
99 61
30 51
41 16
61 35
87 84
95 77
98 100
6 35
88 40
22 75
56 34
19 67
88 8
97 97
22 68
78 30
11 62
88 53
48 2
66 21
3 95
94 91
99 37
67 69
17 46
92 44
49 86
11 64
59 16
21 91
22 79
36 5
75 23
72 32
33 9
0 65
7 22
48 2
87 73
21 54
11 7
43 15
44 20
52 40
52 18
0 9
39 47
51 36
66 27
54 99
59 50
48 22
50 72
60 80
26 15
33 93
66 8
49 30
97 88
38 51
5 80
98 46
85 73
19 6
44 94
67 70
89 7
48 81
83 53
39 66
91 91
33 87
1 92
46 31
66 99
86 16
16 15
78 50
7 21
30 73
19 87
54 11
61 36
31 3
7 68
18 76
89 23
76 83
23 22
95 73
47 44
49 92
55 27
78 95
4 52
5 82
1 67
96 88
13 42
18 68
37 82
78 87
41 5
73 63
18 73
62 12
35 36
40 52
89 8
76 13
95 39
4 42
52 8
79 3
3 83
62 41
39 82
82 27
91 46
14 60
29 9
69 5
100 88
37 39
87 89
77 80
58 11
62 25
41 42
57 86
49 45
67 18
93 98
0 65
96 37
72 98
33 3
8 26
52 21
76 76
77 98
0 70
17 60
81 59
96 4
76 88
58 21
19 76
11 12
31 14
89 91
58 83
85 3
28 35
91 46
98 80
79 7
43 99
4 53
100 78
37 98
57 91
67 16
79 23
28 48
46 35
11 3
45 27
26 41
76 59
42 39
22 78
24 31
6 36
28 27
81 11
12 26
8 79
63 38
39 87
45 26
96 15
97 93
82 28
60 20
50 78
100 98
17 10
44 30
59 91
79 92
17 97
47 81
57 55
88 17
71 88
90 47
74 30
39 66
47 56
77 56
91 43
24 83
74 34
67 20
69 95
14 22
59 55
3 85
83 78
76 62
61 19
92 83
99 64
60 44
85 32
70 11
92 64
87 88
51 66
67 49
51 4
12 40
95 68
57 70
80 34
95 41
84 99
74 76
23 32
18 71
7 6
29 61
26 88
99 58
65 9
77 63
9 63
6 8
23 18
61 13
98 21
38 38
35 64
62 84
76 29
27 98
83 44
80 49
17 70
82 89
22 35
58 70
8 43
69 82
5 16
82 71
23 81
77 41
24 81
52 43
88 26
5 82
0 47
74 61
8 50
70 94
32 23
66 88
13 22
13 10
34 73
58 94
73 90
77 44
11 18
37 7
59 21
8 70
86 78
36 63
53 43
18 70
64 52
20 83
36 17
44 81
76 44
9 31
100 27
52 16
89 20
16 32
44 83
52 87
95 62
61 65
12 29
34 34
63 92
22 49
80 70
51 44
54 15
63 58
68 65
32 66
76 30
68 69
56 45
90 81
97 99
84 29
39 39
92 34
59 18
45 19
75 64
60 100
74 14
0 70
57 94
100 84
64 2
6 5
57 8
32 22
81 92
9 82
97 56
81 20
30 8
67 44
87 50
70 60
91 0
81 97
88 24
86 97
29 22
60 60
17 54
0 72
43 88
2 16
17 73
99 94
69 78
77 80
91 52
94 52
68 44
81 18
100 36
41 34
66 92
2 23
84 17
100 34
69 86
6 95
21 49
86 70
12 19
4 15
50 96
98 15
8 44
24 94
63 18
48 50
49 70
79 62
36 75
35 52
39 65
21 74
78 4
6 54
71 70
28 83
59 2
47 46
98 79
99 29
33 33
31 41
5 47
75 85
96 71
86 96
87 63
31 91
100 69
24 72
36 70
98 16
80 17
89 16
61 68
26 86
47 89
20 61
12 69
53 34
9 100
56 57
23 39
76 19
18 96
5 32
29 59
6 74
25 63
11 13
84 78
83 96
20 23
53 13
48 42
25 22
69 33
71 39
21 66
26 6
27 63
53 26
36 9
47 68
52 60
63 19
55 78
55 17
87 49
3 71
12 62
92 6
61 76
12 95
20 82
80 21
52 86
78 41
55 79
58 45
53 81
5 56
26 100
6 63
37 69
84 68
86 46
64 55
99 61
52 63
44 32
58 84
88 8
3 26
89 76
19 79
92 20
84 35
45 41
59 85
25 71
58 38
84 62
4 84
12 59
21 29
24 82
85 33
69 43
91 41
27 95
40 91
79 67
43 92
92 45
2 1
4 53
32 6
92 61
13 73
25 22
5 23
24 84
25 49
15 96
93 39
92 30
94 68
2 60
78 85
32 47
23 5
94 0
47 57
91 96
46 12
81 35
48 71
9 20
38 39
79 63
4 70
87 22
13 16
61 100
36 59
25 41
66 52
90 61
56 23
42 79
97 7
59 43
95 86
62 31
16 60
77 24
93 50
5 95
8 51
16 0
55 37
19 19
42 37
9 3
84 69
59 36
92 41
7 42
0 40
17 32
68 4
68 18
13 77
76 18
42 79
7 81
56 48
3 68
67 71
63 33
86 51
82 63
10 54
44 68
74 66
53 26
52 63
76 57
79 46
66 49
67 41
9 51
9 44
48 74
20 95
43 71
71 4
19 42
82 86
7 59
47 68
2 41
9 34
89 44
33 70
10 2
32 40
84 53
4 28
21 20
8 61
86 68
75 94
91 66
6 5
74 37
50 11
38 54
32 24
43 26
94 0
75 20
69 61
16 93
37 79
5 71
47 89
24 28
2 0
90 16
38 56
97 20
12 52
20 24
48 78
56 72
84 29
84 45
84 11
27 31
81 75
24 94
82 86
45 32
27 81
82 49
82 45
77 63
12 3
82 70
92 37
3 40
62 98
34 24
47 94
2 45
32 94
7 27
85 77
11 4
63 3
41 41
29 69
37 72
18 73
24 90
35 61
27 72
39 17
8 5
86 59
44 47
95 85
78 64
51 54
66 21
0 75
0 80
37 74
81 32
89 28
7 34
97 24
10 88
64 69
97 11
38 54
86 29
16 24
5 75
73 54
51 74
31 89
28 30
3 10
42 98
60 10
41 60
60 72
67 71
96 72
100 57
85 92
50 30
34 18
97 33
76 2
3 47
98 46
4 55
22 91
63 62
10 14
49 88
84 26
53 26
23 95
27 28
42 51
6 71
94 37
94 87
17 41
97 22
83 15
51 32
51 17
65 70
10 85
99 35
31 79
37 86
91 77
49 3
84 39
12 3
94 5
2 83
21 19
95 8
19 77
76 40
45 71
54 92
50 5
74 75
31 1
1 32
33 76
24 28
74 31
48 71
46 30
71 87
44 67
37 24
43 91
100 85
97 59
52 20
0 82
38 22
22 27
58 34
95 7
86 8
2 61
4 72
27 75
30 47
6 2
59 96
46 58
83 79
38 21
77 98
32 51
33 58
77 45
2 32
58 34
32 97
7 89
61 18
56 43
59 60
41 58
32 55
43 42
70 0
16 91
19 48
25 0
14 31
30 40
73 57
15 15
61 40
40 94
85 97
49 84
12 88
80 69
66 84
43 34
14 71
28 56
68 1
7 49
58 33
36 26
59 99
15 91
34 39
7 15
34 95
85 97
67 24
32 20
88 72
17 41
29 59
21 92
21 0
49 11
61 72
51 16
19 48
54 59
52 90
9 13
57 100
52 83
99 39
53 25
69 65
46 7
8 43
78 96
75 8
93 25
94 89
75 6
22 31
63 14
11 27
53 33
43 97
25 39
97 56
34 98
49 78
83 70
82 35
99 52
31 44
96 12
0 53
21 20
34 12
62 32
22 2
31 28
82 29
59 99
23 28
91 29
16 77
91 86
74 62
26 34
51 51
62 79
43 36
42 8
25 55
33 0
40 21
11 22
54 22
40 12
43 47
87 58
82 5
75 38
2 80
50 47
97 69
92 28
89 57
81 9
42 69
73 87
39 60
18 100
11 46
15 85
29 11
12 5
75 38
55 88
89 47
47 0
11 40
59 98
70 96
75 23
50 1
42 91
64 32
8 69
36 30
28 67
29 73
95 48
21 87
11 82
14 89
5 82
38 69
94 9
15 57
70 53
21 49
39 25
92 83
42 34
47 6
72 29
74 0
45 40
49 38
86 79
16 36
90 34
50 6
93 71
21 7
83 46
77 6
42 88
64 96
18 91
44 34
39 3
30 61
45 18
58 20
74 13
27 77
70 4
62 90
18 63
29 24
12 42
73 46
46 4
10 92
95 60
58 26
50 24
36 33
69 76
53 3
9 35
77 48
5 23
8 55
31 30
88 30
42 24
79 30
67 32
32 18
4 1
86 89
57 84
47 50
74 29
11 42
64 92
85 9
11 52
100 90
13 67
87 3
82 52
20 15
40 29
81 17
73 51
82 70
90 17
55 38
45 52
34 98
14 60
82 3
5 59
97 1
33 4
99 83
39 75
75 73
64 25
15 63
39 69
17 98
86 13
57 14
43 5
75 41
26 96
9 72
52 30
71 52
48 81
70 23
34 28
55 46
15 21
90 28
61 44
74 69
1 42
98 48
19 54
52 99
2 68
83 35
89 53
90 60
2 56
72 29
87 41
46 39
95 77
58 48
42 100
58 79
13 39
87 43
13 49
46 84
5 14
88 36
4 22
61 0
72 48
40 78
10 10
18 34
75 29
33 80
93 6
65 74
3 94
58 4
15 79
4 47
12 39
83 30
21 46
70 100
24 31
66 69
32 94
72 66
44 10
37 83
43 96
39 5
6 29
93 3
83 59
76 60
69 80
66 5
65 43
43 68
73 19
35 64
39 73
40 21
28 16
55 22
77 71
58 54
81 72
88 72
2 2
97 19
18 94
63 13
80 89
19 29
10 36
63 4
66 36
23 36
13 72
96 6
6 66
81 53
49 1
51 68
32 29
67 11
23 18
60 17
9 0
53 74
25 19
77 26
88 51
32 66
75 57
69 17
60 69
90 54
71 77
68 51
67 99
45 34
24 81
66 33
21 70
43 14
79 6
98 0
26 19
96 38
64 12
55 16
58 33
56 8
58 43
41 43
75 58
78 31
32 83
60 80
21 94
87 9
8 78
23 47
46 77
90 43
47 5
42 67
13 42
97 79
28 73
70 8
91 69
87 55
63 23
11 67
63 17
34 30
99 73
85 38
27 95
70 100
26 94
3 71
65 100
52 81
65 20
46 34
81 46
33 46
33 11
21 74
30 50
74 99
65 100
59 45
87 64
34 28
30 25
73 28
73 13
46 52
29 71
37 78
63 75
68 82
8 73
71 3
22 10
27 8
68 37
41 28
3 61
69 33
63 90
38 9
34 86
100 95
57 62
30 2
9 33
63 70
20 33
8 17
38 81
83 8
18 92
25 76
41 79
79 41
14 29
66 81
46 62
88 6
66 79
71 56
14 53
6 54
50 87
22 41
98 35
90 54
9 86
96 75
71 36
29 9
94 78
86 86
30 82
8 96
36 74
77 12
35 45
46 89
1 91
90 95
61 1
58 65
4 37
9 0
17 41
67 59
6 39
29 91
63 23
74 40
46 78
73 1
65 14
74 73
65 44
47 69
98 95
66 11
45 18
26 58
94 61
30 30
43 66
87 79
55 39
63 81
84 69
91 15
4 49
98 35
14 2
0 15
59 4
19 0
58 90
8 18
37 23
11 97
54 47
7 67
57 15
67 12
62 32
24 50
71 88
100 96
54 43
20 55
52 9
6 41
61 90
78 60
47 75
63 36
51 48
83 64
57 1
95 0
46 47
41 89
60 57
7 13
3 43
39 38
45 79
70 45
5 27
88 43
99 15
10 15
11 52
63 71
68 69
50 46
58 95
78 38
47 93
53 35
59 85
18 30
31 51
6 63
56 41
96 41
22 97
72 100
45 28
50 61
69 71
33 93
55 17
11 63
42 91
49 4
66 25
60 3
60 6
91 79
57 45
55 27
94 43
71 52
43 77
21 84
67 66
88 31
16 0
66 24
22 5
100 64
91 12
8 46
26 31
43 87
6 100
78 23
67 90
42 86
20 52
16 5
10 7
96 74
80 3
41 21
6 45
80 11
6 76
16 14
57 100
44 66
10 48
94 69
22 53
17 79
12 79
86 34
30 40
67 23
97 11
29 41
42 57
25 9
52 83
42 70
44 62
40 15
42 2
55 25
88 19
78 17
78 79
8 20
100 57
78 52
87 58
46 12
9 0
100 28
53 53
57 83
41 81
63 30
89 31
25 79
71 26
15 53
34 63
27 99
63 52
0 58
20 47
52 50
53 52
87 35
79 100
76 44
19 68
90 84
97 66
34 68
83 87
75 42
42 98
45 82
40 86
93 82
49 80
8 24
88 21
82 74
23 83
0 49
94 91
43 29
87 39
43 36
11 0
48 46
29 80
34 80
0 32
12 25
33 3
43 35
37 67
73 19
21 88
27 90
86 39
29 46
60 80
62 67
19 92
72 61
60 78
24 63
60 41
49 49
32 27
93 77
16 11
48 21
66 15
75 97
47 29
99 42
51 48
21 22
69 54
88 69
98 53
94 39
82 86
2 20
23 26
59 36
89 58
42 58
10 92
32 9
86 52
89 84
88 81
46 53
50 75
11 43
14 81
56 10
26 91
52 75
32 85
73 54
33 5
46 50
97 51
17 2
41 56
15 68
8 49
61 5
11 20
52 97
67 83
70 95
20 76
66 14
91 99
36 5
63 90
46 55
19 46
30 32
99 4
71 17
4 58
31 72
92 25
64 21
1 4
34 31
48 19
9 5
69 23
39 62
8 56
19 21
68 88
30 68
83 100
55 37
44 53
14 64
34 96
45 87
65 38
11 73
67 68
34 20
46 58
86 8
73 82
58 90
51 0
91 3
10 70
36 88
42 58
42 76
38 52
86 41
22 23
9 64
17 97
23 79
81 94
14 3
6 26
33 37
81 80
74 61
100 87
46 95
29 35
0 57
0 58
12 87
33 88
44 89
10 74
23 94
40 10
70 15
6 9
87 16
14 58
64 51
86 17
3 60
96 14
81 58
44 52
69 65
80 63
45 3
96 69
24 67
12 22
57 43
88 73
95 88
58 40
83 57
77 39
7 26
85 87
30 74
61 12
75 26
51 70
9 79
38 17
39 88
59 5
80 31
82 18
54 77
38 71
100 3
52 23
97 25
35 3
84 36
8 94
43 80
6 9
73 19
63 88
84 58
30 6
99 95
98 40
2 76
82 90
89 62
13 94
69 65
29 20
65 27
100 61
6 11
35 80
100 71
4 63
98 76
84 36
94 43
89 7
10 75
92 59
21 3
30 8
100 48
44 53
48 93
3 88
89 30
91 65
33 55
60 71
12 8
29 100
58 94
100 46
72 96
28 7
46 97
31 71
88 26
37 46
100 30
92 21
87 73
31 33
77 74
99 60
49 6
93 52
35 9
52 81
75 32
67 95
50 88
42 90
39 49
61 60
31 36
49 30
4 14
2 41
86 17
96 59
42 51
40 29
51 4
3 30
13 59
59 14
70 73
24 74
8 45
76 51
20 65
58 26
74 60
33 62
84 42
29 17
62 33
47 52
50 27
29 56
96 4
88 95
88 100
85 22
77 73
96 85
69 49
15 15
33 76
82 91
58 12
66 36
9 96
4 44
44 66
33 26
62 15
84 24
66 14
86 26
4 99
0 16
99 50
98 19
96 3
62 95
29 10
80 87
97 11
35 49
43 85
56 67
91 100
42 100
70 56
98 99
67 89
61 21
99 97
46 38
37 90
4 31
32 80
70 80
26 90
44 97
6 21
70 46
84 42
43 11
57 96
88 41
35 21
24 49
79 25
48 12
71 64
39 95
36 83
10 21
85 39
19 15
17 87
24 6
23 89
20 91
4 43
22 16
17 3
10 82
12 92
84 24
89 81
64 96
1 72
54 72
30 54
21 71
70 54
18 15
42 25
3 4
88 33
3 33
75 32
35 70
43 11
41 13
77 6
56 5
36 90
50 5
36 95
39 62
51 36
99 32
27 45
69 60
88 63
36 52
47 16
74 87
56 40
72 100
67 23
69 94
39 9
87 27
96 51
42 7
46 88
70 72
28 15
49 13
39 6
46 27
67 25
100 69
21 87
17 33
42 0
13 100
25 83
95 12
94 95
19 77
94 7
48 67
11 76
29 4
99 47
20 32
28 67
53 90
29 54
99 1
87 92
8 46
32 49
98 36
91 86
72 27
47 47
61 80
5 62
26 46
38 45
43 19
28 87
95 4
44 17
12 67
88 0
49 73
76 72
31 15
23 57
13 52
62 14
97 91
19 73
42 19
61 80
79 89
11 36
57 54
60 15
18 49
19 83
58 76
33 5
86 94
16 90
13 66
83 96
61 39
31 86
32 43
18 51
96 91
97 39
51 69
3 70
55 46
91 89
29 71
88 94
8 14
38 49
10 85
48 25
81 73
33 8
19 36
61 80
20 22
64 75
24 78
8 35
64 21
31 49
39 39
35 21
69 17
28 12
47 84
37 32
81 64
40 45
53 86
49 97
8 15
22 84
90 55
91 25
15 94
42 72
47 2
77 100
79 32
88 36
85 26
8 19
40 21
14 40
92 51
19 41
41 51
49 23
34 96
19 28
98 93
38 92
22 74
25 29
90 49
41 99
60 71
1 2
65 1
40 14
5 53
25 75
60 54
67 79
58 28
30 98
24 69
68 10
78 52
58 35
14 15
56 0
69 7
95 100
73 51
64 84
87 35
19 98
100 95
40 86
99 51
23 66
64 87
54 96
53 81
7 67
42 96
17 94
94 85
22 39
54 67
64 86
21 5
55 29
85 62
44 70
55 65
84 95
20 76
2 51
73 70
21 51
71 65
64 33
15 97
74 59
95 31
22 16
83 39
63 92
72 84
78 22
19 2
59 41
58 23
5 47
58 0
40 80
13 87
4 56
41 49
4 6
50 62
36 94
85 67
55 76
7 22
85 66
85 97
65 41
68 96
95 49
16 90
18 65
12 5
57 83
82 12
2 93
20 52
73 69
36 92
52 69
18 38
27 31
16 44
63 76
35 25
6 95
56 58
42 42
3 86
78 58
51 73
69 74
79 0
50 10
24 27
62 50
62 35
60 31
90 55
21 58
30 70
97 19
64 71
28 50
50 69
56 8
28 17
27 95
37 100
53 49
73 81
23 51
3 32
39 97
20 41
49 9
49 2
47 99
60 30
32 42
73 74
91 36
15 78
11 35
4 16
95 85
23 15
67 65
16 30
88 22
19 51
56 33
1 73
46 77
100 50
64 14
8 23
62 28
34 46
70 73
7 76
5 72
81 38
46 66
99 26
37 34
36 94
36 57
61 63
98 86
81 96
3 1
26 75
75 42
28 43
27 65
35 47
15 56
75 25
87 70
53 28
34 68
80 74
98 12
56 29
37 23
79 46
69 14
87 39
87 73
64 39
60 55
37 22
55 8
75 1
21 15
81 54
39 50
66 12
86 30
32 14
19 11
60 96
81 86
32 95
27 65
84 42
20 66
93 60
97 72
97 55
29 45
92 65
34 87
4 100
35 73
28 88
55 91
55 72
73 28
61 56
94 2
33 76
38 14
5 89
12 43
1 40
1 57
92 12
100 81
38 70
96 19
51 81
53 53
62 21
40 100
15 42
27 35
100 32
38 12
75 11
69 34
44 88
40 51
53 21
18 16
5 25
42 81
23 12
57 44
12 56
14 54
52 18
89 50
29 34
15 15
48 9
98 54
68 81
42 81
52 81
80 46
83 10
43 100
16 55
92 38
43 45
77 82
82 76
86 28
30 23
46 7
100 51
49 45
79 88
57 2
39 91
79 2
99 99
66 60
6 51
12 11
32 24
66 80
80 88
45 51
38 75
45 83
66 7
92 20
89 51
71 73
13 83
46 31
33 93
62 80
52 95
17 99
53 8
17 63
57 34
62 58
65 40
80 53
47 60
76 56
16 96
39 33
62 97
64 16
67 72
100 90
21 95
7 59
35 94
70 42
37 4
34 50
45 100
12 91
98 75
25 58
64 80
98 57
12 96
61 61
75 52
90 16
63 2
0 47
4 75
89 65
46 29
20 14
39 66
92 86
14 62
25 45
15 59
97 10
19 29
99 17
37 90
9 80
88 73
83 48
11 21
35 47
16 46
65 87
60 25
68 21
92 97
44 74
70 68
80 3
9 78
70 22
30 23
36 32
78 67
52 59
60 52
41 78
3 6
83 74
50 99
65 1
16 79
40 61
99 88
5 16
83 36
44 35
17 24
22 39
86 71
38 81
3 39
30 73
99 97
42 74
55 53
94 98
36 55
98 94
26 53
0 65
93 22
79 67
45 7
36 21
51 10
7 45
26 75
96 82
72 36
29 25
59 93
10 56
14 35
22 61
76 82
4 43
72 44
100 49
34 42
17 81
11 47
31 48
83 48
64 22
81 81
0 12
3 70
90 64
17 27
29 60
16 22
83 74
65 39
58 36
45 91
5 42
99 99
24 28
18 11
27 80
35 79
71 100
68 87
77 67
96 49
48 75
88 41
35 96
69 34
52 67
20 23
5 47
78 30
49 46
14 39
36 45
54 17
14 96
21 37
31 41
13 36
27 54
36 92
100 89
16 54
79 19
62 35
17 97
0 41
87 64
9 18
41 12
7 93
47 57
21 52
29 37
55 18
40 3
43 61
28 22
34 51
32 74
45 86
86 34
73 31
99 18
5 82
57 16
30 46
0 79
9 77
24 91
16 2
18 90
20 24
29 75
22 22
51 22
40 46
61 52
24 28
62 25
0 39
84 95
93 12
35 72
85 34
92 1
88 40
4 33
44 65
40 57
14 90
32 64
4 95
7 3
88 87
81 78
97 30
96 69
36 41
9 65
12 49
37 100
42 15
64 97
1 46
67 28
43 16
38 4
8 30
59 44
12 49
82 44
70 66
16 69
26 10
58 62
1 91
47 46
64 22
37 90
24 41
53 74
69 57
33 64
67 23
47 13
16 71
5 40
60 58
31 25
1 82
92 80
67 69
23 19
31 36
11 68
64 59
11 52
29 12
36 33
28 28
97 19
63 84
77 70
62 26
78 19
74 6
83 44
92 91
51 0
18 85
89 12
19 89
89 15
77 74
20 53
49 65
84 9
47 72
35 97
2 27
70 39
100 52
34 84
86 97
71 92
68 26
4 75
36 90
96 42
39 92
5 58
20 12
81 30
86 30
56 50
45 65
84 29
85 11
34 73
18 55
68 6
99 44
7 97
80 18
36 21
45 2
53 90
65 34
79 81
72 96
99 60
29 63
18 19
45 54
50 69
86 42
92 74
13 95
75 33
23 44
22 25
68 34
86 27
19 62
6 40
39 64
63 97
44 76
100 7
97 64
77 34
12 17
72 19
33 11
87 34
82 47
67 5
19 91
77 64
66 59
16 8
86 23
99 68
4 26
20 50
20 73
39 32
25 100
78 43
24 35
33 53
67 78
6 11
16 47
5 100
28 92
1 72
94 2
27 97
27 34
21 63
52 29
82 44
33 75
19 36
81 88
76 86
58 7
11 23
86 67
74 99
22 70
78 44
58 20
9 51
50 53
24 59
67 59
95 71
91 70
6 28
5 42
68 5
15 77
56 70
58 53
76 60
32 66
94 45
60 1
0 89
13 45
66 35
74 34
13 8
84 16
4 70
14 87
63 48
86 57
26 38
80 61
42 1
34 29
32 65
76 46
15 38
68 3
52 8
59 28
9 90
20 54
25 21
56 78
74 75
98 78
70 88
13 26
11 76
92 99
79 54
22 10
5 65
89 65
84 38
41 20
4 87
72 41
87 55
70 6
55 23
96 95
98 53
36 89
23 64
72 98
62 82
30 6
81 49
18 75
29 95
0 66
90 58
62 68
58 68
80 36
31 85
66 40
48 99
56 88
8 24
86 73
81 47
100 7
93 24
44 26
32 32
42 45
91 27
15 20
16 6
60 30
77 91
20 33
75 58
51 55
74 89
11 0
85 54
8 36
23 9
40 6
28 73
80 43
21 65
8 94
100 6
8 45
92 25
53 41
5 99
74 51
100 84
33 21
74 78
88 31
65 38
85 56
57 17
44 37
24 38
96 84
11 32
7 85
15 42
35 5
71 94
24 59
64 91
85 62
26 77
92 26
29 22
85 87
32 97
20 49
40 33
21 10
59 49
28 59
54 50
48 84
87 34
19 67
89 70
92 26
46 85
57 31
39 72
71 64
88 7
46 53
55 67
68 70
11 74
30 70
72 38
62 45
62 43
13 35
42 55
45 74
50 58
95 19
22 50
86 12
83 7
41 22
90 53
36 84
39 44
80 75
63 65
44 44
42 58
81 53
3 57
67 48
91 16
58 28
15 3
56 80
64 52
60 36
21 14
92 53
83 66
32 10
49 100
40 69
47 65
15 62
88 65
85 87
61 21
22 95
47 29
18 30
71 82
56 51
87 6
59 3
91 45
29 42
69 19
59 53
39 41
50 66
82 37
14 63
35 13
80 44
65 79
4 3
37 37
93 61
24 74
36 77
80 66
0 97
95 69
55 71
62 97
47 98
45 98
80 18
91 89
49 100
2 13
74 4
81 57
27 3
84 69
29 83
62 41
95 77
59 56
17 3
24 61
66 64
33 21
1 81
86 35
73 64
66 44
55 74
89 77
78 28
23 26
22 9
79 28
38 1
11 56
42 37
32 21
3 80
81 27
93 8
82 9
35 78
33 22
89 24
49 49
98 17
15 84
11 79
81 4
47 77
99 53
56 94
45 31
7 17
6 70
37 1
69 46
78 67
59 24
50 63
2 81
97 80
41 2
24 13
60 34
19 60
66 0
45 92
69 20
70 54
77 68
76 34
0 68
58 98
54 53
1 31
19 75
59 13
36 76
50 82
67 86
43 60
12 21
18 34
89 59
38 88
0 11
37 36
27 20
53 64
39 41
88 32
92 54
40 38
64 69
57 28
50 96
91 3
69 25
97 80
82 64
78 17
96 1
12 38
71 78
18 33
54 16
29 19
30 61
83 0
81 21
100 0
6 27
44 45
77 64
88 28
28 91
71 69
27 53
87 37
27 86
74 69
100 30
100 5
97 70
38 11
61 57
96 99
11 77
1 9
54 8
38 92
97 86
22 31
46 90
39 1
38 56
1 13
51 48
93 34
44 36
5 88
27 64
57 100
98 18
56 95
44 73
16 39
61 85
50 80
47 6
0 97
70 80
33 85
7 39
84 79
58 87
60 17
45 13
58 36
85 54
85 68
67 41
96 18
84 79
38 9
87 94
82 53
24 48
29 21
100 99
73 32
1 26
64 19
40 56
1 38
24 60
49 93
77 59
41 41
87 57
69 76
50 27
100 59
23 37
70 42
72 15
93 22
3 43
81 82
15 2
10 83
81 70
7 30
92 10
39 84
38 26
37 39
54 47
21 74
19 10
3 95
19 28
10 6
84 30
28 8
28 93
41 85
63 10
12 42
46 39
17 69
8 20
62 73
68 79
62 29
15 57
81 11
82 2
42 11
82 98
89 75
42 59
94 96
54 72
54 33
54 11
8 58
15 20
100 29
33 54
57 12
51 80
93 77
47 31
96 29
8 35
61 98
98 74
33 95
75 85
55 11
96 74
26 2
35 74
94 50
85 62
15 30
10 43
1 14
24 70
94 49
28 41
51 18
18 14
17 42
46 15
88 0
24 28
2 30
70 42
90 97
94 39
34 2
36 28
67 92
18 99
15 39
25 63
85 74
64 72
53 9
96 37
1 75
19 20
40 19
55 96
58 65
55 40
25 36
62 49
78 8
37 79
11 62
0 67
66 30
75 27
86 27
46 3
48 85
49 10
41 71
77 65
35 63
15 64
60 22
19 59
100 12
51 14
28 92
41 32
41 4
88 5
62 26
94 43
63 72
88 51
47 48
76 16
73 10
5 97
64 81
21 60
1 12
18 71
37 3
82 30
28 42
67 33
71 97
71 90
7 75
42 38
23 46
62 70
97 16
82 14
67 93
46 96
43 62
21 84
49 50
6 46
33 6
91 99
77 77
67 6
56 43
54 67
8 20
92 16
73 27
40 66
41 69
98 55
11 21
56 37
98 99
96 22
21 88
74 59
3 43
73 86
23 43
89 46
91 16
19 6
43 43
58 49
39 34
49 83
21 47
78 82
72 5
26 75
14 52
84 42
96 52
79 42
36 81
72 61
52 74
80 12
75 83
93 88
72 33
21 30
86 38
78 98
97 41
28 27
16 88
64 68
9 59
58 86
87 5
45 47
37 95
85 96
3 63
61 47
98 68
91 89
36 55
81 93
91 78
15 88
68 42
100 30
33 6
50 3
52 45
32 77
56 46
32 8
4 33
63 14
66 2
60 62
43 15
51 62
50 1
8 75
11 68
80 42
42 86
20 89
38 79
98 52
59 20
73 36
12 32
69 8
67 45
24 84
99 79
71 60
51 81
82 2
2 18
48 87
15 50
30 2
77 14
76 16
95 82
95 35
69 44
66 41
38 70
94 61
62 100
67 52
36 88
64 36
70 96
43 39
83 38
9 68
37 37
41 75
54 33
17 89
53 21
91 2
4 68
52 14
14 92
1 41
87 47
67 94
19 15
4 71
33 1
6 70
88 47
99 62
16 58
91 40
85 66
65 33
43 92
74 69
76 23
3 14
56 24
85 78
51 66
8 96
20 50
59 50
28 34
56 60
82 73
27 16
26 98
76 42
28 0
99 58
78 6
80 22
11 36
5 76
14 30
55 98
58 22
59 78
95 26
36 64
78 46
82 100
66 74
78 64
2 69
28 33
41 49
85 36
15 82
42 60
17 51
45 51
33 10
66 65
77 67
23 20
78 37
62 6
28 41
50 11
56 22
21 0
96 98
92 70
37 24
19 28
30 55
43 13
6 24
93 37
75 68
82 32
5 34
34 30
16 31
47 86
34 31
15 82
49 88
5 73
41 94
48 92
27 53
23 3
58 34
87 74
9 2
34 8
25 34
45 5
62 49
5 66
49 88
99 90
91 92
20 86
6 52
69 33
92 4
79 75
91 47
2 27
85 86
99 50
19 56
53 91
100 58
87 4
33 37
52 30
91 48
59 100
36 46
96 70
94 1
49 5
70 96
1 7
76 42
16 52
28 28
83 71
95 38
22 30
23 10
26 14
86 74
98 42
67 16
3 56
1 42
21 97
59 89
73 18
51 17
40 84
35 13
78 41
26 46
23 71
99 89
19 63
22 74
7 77
84 45
45 7
50 54
51 44
43 59
77 20
24 56
16 58
46 78
4 81
49 1
20 4
55 54
34 55
32 18
99 16
79 82
69 40
79 48
43 73
84 10
0 81
77 51
71 13
43 84
33 44
43 42
79 14
4 31
1 24
21 98
97 29
39 78
74 72
86 41
77 46
95 99
9 75
71 58
15 62
69 67
9 89
2 98
61 92
0 2
61 47
38 80
82 53
43 35
71 59
16 66
7 82
53 63
65 59
69 38
31 80
51 98
22 69
9 23
13 61
57 10
61 70
95 97
28 89
26 1
29 10
77 7
40 54
36 97
33 14
86 51
22 50
12 54
38 11
67 37
13 21
15 61
77 48
90 4
78 21
12 79
74 66
72 22
31 100
89 1
9 6
65 33
52 91
62 82
63 16
81 98
39 13
98 99
91 70
52 88
1 69
26 8
80 57
89 47
14 42
29 83
78 67
45 72
20 31
78 43
86 89
53 28
25 88
13 86
42 84
85 80
2 17
59 73
39 75
58 72
99 14
46 76
46 69
15 5
97 73
4 21
77 60
56 11
94 79
16 7
55 69
11 14
2 99
27 55
42 18
14 93
47 98
97 83
70 7
96 23
53 87
61 83
92 12
95 65
73 57
43 60
74 54
43 47
71 43
77 20
64 47
58 61
5 52
3 28
51 60
19 65
6 5
91 61
19 59
41 55
19 87
4 96
18 10
29 71
84 79
91 10
37 15
94 66
74 19
98 82
6 70
8 60
97 16
77 49
72 33
14 55
92 7
91 16
29 6
13 64
48 13
75 40
65 82
63 61
1 9
46 16
58 37
3 48
56 28
37 74
94 69
49 57
23 97
39 18
98 83
9 44
68 96
97 55
27 96
63 21
73 72
48 88
24 25
65 92
59 35
52 29
1 65
15 37
34 0
25 87
47 97
4 5
3 31
56 49
43 62
54 34
88 96
29 65
80 34
32 83
23 25
46 60
86 42
54 93
93 36
1 68
20 10
84 96
2 38
52 93
77 77
38 5
91 14
31 1
25 82
33 41
90 6
50 54
27 51
8 12
27 14
8 57
89 10
3 32
89 12
30 11
74 39
18 40
64 87
79 99
53 54
5 39
86 20
26 14
45 92
4 46
7 8
40 56
88 25
75 74
71 5
20 50
13 90
23 43
78 44
98 4
2 40
84 90
49 56
92 50
25 91
40 96
61 98
67 0
67 67
18 49
12 49
10 58
32 83
41 5
15 17
42 56
20 56
42 93
32 99
96 60
40 95
87 65
61 90
23 84
78 65
1 33
100 56
100 7
40 9
53 82
88 79
61 34
14 82
81 89
33 86
4 41
30 97
33 86
96 41
28 45
50 91
77 63
54 24
67 68
7 7
21 4
93 30
1 12
98 12
92 95
12 26
30 42
71 6
48 62
41 27
51 95
25 2
14 37
7 85
41 29
7 72
93 5
18 48
55 12
65 54
75 78
5 87
59 89
72 27
55 90
32 4
95 24
93 88
34 67
29 68
26 88
10 69
89 65
25 89
55 54
74 90
31 89
29 75
53 67
90 25
3 63
16 73
26 81
66 17
13 48
50 49
32 60
94 95
22 4
43 32
29 53
53 36
69 35
100 67
81 64
55 0
25 53
63 66
92 77
90 71
40 40
64 89
80 69
75 21
76 2
80 27
8 98
16 26
82 47
2 51
39 33
68 76
36 62
84 53
99 11
78 66
97 59
70 90
84 84
68 54
62 63
93 35
98 31
73 56
47 26
60 71
21 73
37 36
28 20
51 57
4 9
54 0
27 85
0 77
34 78
44 63
95 7
93 36
57 99
88 0
63 28
7 31
12 93
32 70
16 39
54 12
1 27
99 42
65 60
26 31
92 36
53 93
63 88
99 40
35 97
80 11
83 94
43 37
70 98
30 65
36 60
96 26
95 26
9 7
32 67
50 38
18 76
48 25
76 78
76 15
50 89
71 94
80 26
71 27
12 61
14 80
24 79
0 99
4 67
64 25
79 56
61 39
42 14
73 93
83 82
29 30
17 18
51 0
98 34
11 65
0 42
37 8
84 46
9 33
60 18
47 60
30 20
66 62
91 0
51 78
20 37
80 65
86 14
2 37
32 91
68 85
59 30
25 6
14 40
11 21
21 38
27 11
7 74
12 77
32 49
29 54
5 12
12 80
11 24
82 35
97 1
52 76
26 0
53 49
38 31
80 19
100 98
68 83
98 94
64 4
100 49
0 63
31 2
28 0
80 69
42 43
95 65
99 68
21 26
95 2
15 10
43 61
82 59
83 9
15 89
69 52
26 47
28 11
10 9
1 19
33 57
90 0
67 93
48 71
78 90
41 94
78 29
18 41
53 22
22 35
90 81
75 57
35 14
79 9
4 22
75 18
75 24
64 95
89 77
20 87
70 95
85 86
99 97
100 37
55 16
54 75
41 28
63 73
43 6
33 76
18 94
65 60
68 41
93 38
60 58
90 77
73 92
89 85
30 8
66 83
90 2
41 86
82 82
38 47
2 22
30 41
70 22
96 16
24 37
4 47
47 87
28 5
99 89
86 11
100 11
54 54
5 18
56 77
59 65
29 100
32 37
88 81
57 24
95 49
58 11
0 17
28 79
19 0
35 70
99 70
62 72
38 73
38 55
33 18
77 33
34 54
31 78
87 67
6 36
26 97
19 9
86 93
79 59
39 94
34 44
62 24
78 79
21 74
32 74
32 8
79 81
79 49
89 13
66 9
13 72
78 97
62 66
90 82
13 24
80 11
88 78
10 83
69 6
44 19
4 86
43 33
77 27
41 20
44 79
45 0
89 8
85 95
77 85
57 62
58 36
87 72
45 45
98 86
14 98
49 40
45 84
74 64
48 19
17 73
70 57
83 21
60 17
67 12
23 87
78 35
18 21
80 45
12 24
71 39
9 61
35 98
9 27
85 92
70 52
72 57
95 70
13 95
14 67
37 88
70 41
29 95
43 3
14 95
66 5
27 57
99 88
27 63
27 54
29 16
96 47
80 32
89 64
80 51
40 94
18 38
46 59
53 27
66 11
33 77
49 95
67 88
71 45
39 16
92 69
25 46
91 59
44 38
0 30
15 28
63 20
12 45
21 77
42 71
7 37
63 12
59 93
55 30
63 9
67 63
57 50
70 64
98 97
86 24
41 17
24 71
53 48
20 70
28 86
47 68
92 50
61 96
79 2
42 50
17 76
57 5
74 88
49 35
60 45
9 71
31 39
92 43
96 7
53 94
15 82
68 35
20 93
29 64
1 28
65 41
38 99
49 10
46 19
67 85
96 100
35 0
36 21
10 58
26 40
33 54
10 97
82 20
25 44
34 9
13 10
67 17
11 77
93 21
94 64
94 81
86 32
29 56
30 12
51 85
15 77
74 77
53 44
58 6
96 54
7 92
91 61
52 22
15 52
100 60
98 72
19 61
100 40
23 30
4 41
81 80
33 48
6 66
4 44
92 28
41 57
23 63
78 44
97 29
25 60
79 68
21 51
23 82
48 47
13 44
21 55
19 50
1 91
75 45
94 23
68 1
19 37
40 43
38 13
43 23
90 53
20 64
59 89
10 11
29 100
71 52
19 73
83 69
21 91
90 24
45 65
71 85
93 22
25 26
14 82
23 87
14 17
4 88
83 44
6 72
34 26
10 31
26 23
14 10
60 51
8 94
57 77
86 36
100 100
99 73
59 93
43 60
99 19
63 80
2 18
31 60
26 90
79 9
20 65
24 3
95 43
35 22
69 90
31 9
73 67
100 68
30 29
30 67
76 54
84 84
88 31
75 4
81 25
37 82
17 76
71 82
39 74
31 96
32 88
9 56
30 17
67 91
13 53
23 23
4 75
29 8
93 29
8 70
16 78
40 49
65 80
45 21
23 80
10 15
31 87
64 84
3 9
29 43
88 89
97 32
86 80
54 9
7 85
67 43
39 0
57 91
24 51
51 50
61 17
99 37
13 35
90 54
75 62
2 19
11 72
6 100
54 91
83 30
30 1
30 69
44 67
98 87
17 90
77 82
54 33
61 37
2 31
63 7
90 31
41 58
24 41
1 52
45 8
91 16
99 58
81 36
49 61
49 8
53 16
23 23
22 15
5 26
24 100
46 51
40 15
67 100
56 77
64 47
80 78
69 5
66 55
71 49
4 42
44 8
46 4
20 29
65 52
80 99
18 95
8 62
12 7
21 73
99 52
35 97
1 19
33 74
80 78
48 59
36 22
38 38
33 80
78 6
1 58
49 95
83 42
65 31
56 30
99 89
13 40
88 15
11 1
87 24
89 23
10 32
58 39
38 42
88 36
49 96
59 99
64 15
94 50
32 2
30 38
30 65
49 10
22 47
37 44
1 98
24 77
19 22
25 16
84 40
18 84
13 40
4 80
37 45
16 7
48 38
30 49
86 89
0 91
95 4
64 45
0 38
28 64
44 47
89 23
36 26
68 24
63 51
49 99
22 21
0 58
77 8
31 70
5 2
95 60
73 76
50 69
48 13
76 54
72 92
38 0
69 74
9 100
41 68
77 25
47 85
45 50
20 77
8 9
92 29
52 67
29 62
42 58
94 27
48 39
91 39
2 4
56 25
73 74
13 52
69 71
49 49
77 84
98 79
68 59
2 39
75 11
27 45
57 19
84 86
86 90
75 87
44 17
32 38
80 0
4 47
84 89
74 18
91 70
46 91
89 67
80 82
82 61
78 56
96 45
86 80
39 66
50 63
51 7
32 90
75 74
21 35
58 61
57 18
11 81
70 59
26 54
71 12
37 31
19 36
60 80
24 98
100 29
86 78
76 17
33 74
64 59
99 82
98 57
8 26
43 19
78 56
81 31
19 55
77 28
33 90
80 40
5 78
17 76
45 81
57 6
16 81
20 63
84 14
80 6
99 48
24 78
11 39
86 89
90 94
46 37
38 30
9 62
61 94
59 58
93 75
74 56
63 67
77 23
64 27
52 77
67 69
77 55
28 83
24 19
53 25
23 87
9 10
86 24
73 85
75 73
98 3
89 8
63 29
23 60
30 39
4 27
62 75
72 75
20 89
28 33
24 3
6 10
80 31
58 36
9 100
39 77
0 98
85 78
63 61
38 89
24 87
89 98
20 91
85 95
40 66
36 99
76 28
54 16
16 70
6 76
4 42
79 32
19 18
80 3
37 64
21 40
89 98
37 64
26 16
28 58
11 39
16 10
81 20
71 44
59 81
25 27
42 32
31 82
70 97
53 16
13 27
18 74
49 60
31 86
10 20
6 90
2 83
10 73
42 100
93 86
16 28
26 22
59 31
21 2
97 86
99 42
7 22
36 47
52 6
85 23
52 56
78 87
72 94
27 34
89 96
84 31
62 2
6 37
28 52
91 45
17 21
32 11
9 27
61 92
28 23
53 62
95 14
76 65
2 40
92 87
68 40
24 75
62 20
33 83
48 33
57 55
60 69
41 55
4 27
56 28
86 80
39 15
85 66
78 53
14 21
37 36
88 89
54 51
61 75
2 5
5 82
4 59
95 69
26 22
61 21
5 45
18 11
10 61
65 36
66 12
40 72
85 14
97 39
15 98
36 60
51 66
17 46
47 54
3 21
68 15
28 80
67 51
17 23
29 22
39 45
50 36
100 32
81 65
92 3
93 46
64 85
54 96
30 2
56 82
27 63
12 29
41 82
28 5
22 65
9 26
64 40
86 90
52 61
35 69
0 85
50 36
1 80
87 12
54 55
33 20
87 94
41 97
44 12
22 90
40 12
47 96
86 53
30 53
51 21
86 62
58 7
76 29
27 43
24 60
1 88
69 43
23 69
85 60
57 42
49 32
43 20
88 17
58 7
82 45
45 18
90 87
73 12
52 32
95 95
33 59
75 66
32 73
8 60
61 65
21 1
20 65
75 97
5 83
23 72
81 76
37 4
71 66
14 55
76 95
89 48
91 16
61 43
6 9
30 20
26 93
1 38
12 100
56 30
30 26
33 63
34 92
9 67
65 92
50 53
27 97
33 94
71 56
10 51
7 58
30 12
85 4
56 4
48 3
37 75
56 85
59 27
19 40
42 82
34 42
87 96
10 36
86 45
77 70
12 63
23 15
79 47
86 64
59 7
44 36
0 96
81 14
71 95
93 11
4 90
63 73
91 23
38 0
10 3
66 53
92 36
90 93
5 88
14 69
44 73
13 46
88 37
62 37
63 11
86 44
30 3
67 51
23 18
63 39
46 82
83 72
86 81
77 46
8 15
66 36
31 6
7 66
92 62
73 64
54 60
24 89
88 73
39 31
72 28
83 56
43 62
27 6
41 46
25 57
76 86
16 94
0 36
36 28
45 15
72 88
77 21
3 92
96 96
80 58
52 56
4 65
16 34
49 11
21 76
22 86
79 45
72 70
50 98
94 12
89 55
52 88
27 43
96 72
20 18
57 21
44 88
39 80
42 42
30 90
9 80
50 54
58 17
14 87
21 18
12 42
83 80
30 67
48 96
26 23
29 83
29 59
98 26
45 78
70 95
71 64
4 63
71 70
61 1
63 61
60 17
65 62
12 91
86 24
47 16
60 11
63 18
84 41
89 65
78 41
47 18
3 50
25 66
23 50
35 98
55 29
98 54
48 100
5 32
44 66
21 73
93 88
0 30
35 68
15 17
89 7
95 20
73 22
18 81
76 58
61 14
24 48
35 10
21 7
91 55
28 15
18 39
28 46
38 93
55 88
4 2
46 76
54 58
79 60
12 79
50 66
16 61
25 50
27 57
86 19
8 50
96 59
42 90
3 56
57 48
12 97
47 99
52 56
95 38
24 51
35 23
74 99
6 67
14 68
91 68
24 49
88 75
98 48
49 95
87 60
88 47
37 59
22 82
36 21
79 56
39 44
55 67
45 50
34 41
39 62
60 51
48 70
100 44
54 100
65 11
75 47
56 46
26 81
65 0
54 3
87 0
75 79
92 86
64 42
70 99
61 35
70 72
40 98
36 30
52 26
37 36
57 95
85 65
84 82
71 89
86 39
59 29
91 29
90 43
5 25
81 50
10 61
68 33
22 46
15 68
72 98
55 8
10 62
51 66
54 45
25 88
42 25
6 82
56 84
86 97
37 6
31 34
16 92
29 4
22 81
1 28
94 44
71 70
38 81
76 36
41 62
35 71
25 86
95 30
4 75
98 59
68 36
34 31
49 74
12 25
37 36
9 26
23 99
27 25
93 48
66 15
20 90
17 89
6 21
93 41
31 33
13 43
51 40
95 61
94 81
23 72
37 75
67 28
65 77
72 53
21 27
82 99
21 82
42 63
1 95
33 90
39 64
38 53
75 37
12 17
90 17
86 73
3 11
57 56
83 97
60 94
5 94
60 75
0 31
99 94
52 80
78 11
19 33
27 32
22 57
81 71
37 20
8 44
20 66
82 56
78 65
52 18
34 50
94 6
42 51
3 23
43 15
43 64
15 47
95 46
70 59
10 52
28 56
50 91
33 3
80 79
55 41
96 76
66 78
98 16
68 16
98 65
13 49
44 90
50 9
76 75
90 78
65 93
62 3
13 13
100 100
80 3
85 24
70 75
53 72
67 87
38 1
98 96
78 13
24 98
77 55
20 98
48 69
100 43
83 100
62 75
29 15
24 39
24 96
67 99
6 86
75 71
22 4
16 66
25 11
14 75
60 24
14 61
65 9
1 39
9 35
48 89
24 51
89 59
20 90
17 69
58 59
38 11
92 99
40 48
36 85
96 75
62 42
29 51
9 20
46 14
39 81
51 39
12 7
57 3
41 77
46 29
90 36
69 2
47 92
77 77
67 46
27 36
12 90
42 3
25 49
57 23
59 16
85 52
44 2
0 14
25 44
99 88
63 14
38 93
6 27
21 88
52 1
63 37
42 16
14 10
47 93
49 80
74 64
16 41
67 5
78 82
31 72
12 25
14 16
92 51
71 22
51 80
65 3
83 76
44 34
75 0
59 86
42 46
51 30
49 47
7 21
40 6
32 86
57 47
29 23
53 89
56 18
4 7
86 72
65 30
88 60
31 13
31 49
88 99
24 9
67 72
50 64
20 91
87 5
60 13
65 76
18 74
67 82
80 10
58 72
87 12
89 95
21 69
9 59
13 39
80 24
4 79
66 7
25 32
86 44
20 59
3 65
72 79
25 57
98 57
48 92
34 97
97 80
68 96
56 4
29 64
12 15
62 38
87 80
14 79
55 85
28 76
60 28
96 68
6 22
88 5
65 53
76 99
86 69
31 53
99 46
94 17
65 29
43 61
89 11
56 60
75 75
85 15
46 25
23 68
21 77
10 36
91 94
53 77
49 6
43 0
21 9
1 57
64 79
72 93
23 26
62 43
29 54
99 53
32 51
96 89
28 90
93 26
48 38
69 70
93 56
88 17
28 18
8 92
21 95
42 84
41 72
86 79
62 7
89 31
100 52
31 48
66 46
96 41
3 55
18 58
11 63
10 84
4 100
56 40
28 69
63 65
65 34
29 56
2 55
99 34
99 81
89 81
44 35
3 72
53 40
13 19
63 39
89 39
34 95
18 92
54 54
74 27
44 30
88 16
78 17
82 42
38 11
18 43
37 34
70 11
36 67
89 24
97 75
64 49
53 85
81 4
46 2
40 98
8 52
94 54
25 59
19 70
74 98
61 55
72 73
47 62
80 84
63 43
44 1
83 45
28 56
43 66
20 9
22 46
8 67
12 31
69 73
22 35
7 29
3 81
16 75
1 14
44 13
31 66
72 71
22 2
64 8
72 21
69 44
2 66
100 97
13 20
37 64
81 16
30 69
49 14
28 36
42 74
88 30
17 21
88 45
17 13
4 53
41 9
16 49
40 62
39 80
73 91
91 8
13 91
29 61
30 34
38 39
25 30
98 35
40 100
66 73
22 53
78 36
72 50
70 58
34 48
49 80
49 16
26 1
2 65
13 63
8 1
49 32
86 83
91 56
89 32
24 16
16 7
88 5
15 41
93 98
16 67
14 92
50 100
83 25
29 98
35 84
12 37
13 86
99 70
1 49
91 86
33 15
24 59
53 47
27 72
60 9
6 27
33 21
50 40
96 76
66 6
8 59
97 59
17 27
36 19
69 53
89 19
11 59
93 89
40 70
65 2
80 15
68 52
19 32
5 76
59 35
34 28
59 14
40 21
74 77
72 86
11 46
49 20
57 41
81 16
76 60
26 68
56 38
98 92
34 11
56 76
6 59
34 54
73 74
46 76
14 34
45 92
24 65
77 87
53 21
15 72
100 78
51 4
25 83
28 8
94 41
5 90
6 67
2 76
80 1
88 75
38 3
30 64
41 5
7 50
63 23
22 20
34 95
37 23
10 17
76 92
31 84
46 7
93 90
77 54
60 44
46 8
40 49
61 86
92 71
85 68
68 42
6 97
83 77
66 85
93 9
72 7
77 96
40 78
82 13
79 2
32 5
28 17
82 7
19 64
53 22
5 24
41 93
79 67
62 82
28 87
77 58
56 33
89 54
79 40
12 51
8 16
1 35
32 56
39 84
67 59
67 53
79 24
6 61
0 32
23 44
30 84
8 9
29 12
20 68
40 20
46 20
21 11
95 15
94 92
82 92
31 64
30 72
80 28
84 58
98 61
35 85
34 29
43 69
84 34
4 57
54 43
90 11
100 50
79 60
79 20
78 93
85 51
55 33
5 66
63 19
9 13
37 35
71 59
26 0
90 59
33 35
36 47
13 62
26 93
85 8
94 72
54 86
28 73
34 74
88 86
35 13
48 56
3 1
35 96
49 24
67 18
20 58
18 5
24 86
64 62
86 60
100 5
35 48
7 63
87 99
33 22
11 27
54 20
52 52
77 81
20 44
57 51
93 77
35 10
29 53
60 17
42 19
50 22
33 70
57 77
95 31
11 50
8 1
61 21
32 11
91 78
86 77
62 9
65 57
51 54
90 22
69 9
29 33
17 68
89 59
2 62
31 12
74 14
84 45
20 3
9 16
21 87
84 45
84 91
94 8
90 90
82 49
83 51
65 86
15 53
82 56
52 72
58 3
23 63
32 17
81 74
62 88
18 57
96 80
21 18
23 8
31 15
71 49
92 73
93 5
72 2
7 51
60 26
6 43
24 55
64 18
15 1
15 54
38 25
10 49
33 3
100 77
19 97
37 59
14 63
66 82
45 100
46 67
43 34
23 4
22 46
86 5
81 62
57 57
86 33
66 9
28 38
22 34
71 72
78 24
78 4
99 70
67 71
77 47
34 15
66 57
63 84
0 86
40 47
1 90
85 97
85 47
43 90
40 61
4 74
24 60
24 51
77 1
23 15
68 1
62 17
39 38
55 27
66 17
56 68
36 60
98 50
64 44
17 2
98 92
25 40
15 33
96 76
48 42
11 28
12 43
5 25
64 5
72 77
56 84
7 62
61 26
16 38
52 4
28 50
77 4
92 41
44 87
18 75
60 55
23 80
18 72
70 100
41 63
70 71
57 24
27 44
15 17
68 28
85 66
31 21
99 93
45 86
26 83
66 34
45 69
97 88
19 49
38 36
46 13
86 44
26 9
49 70
81 81
27 28
23 46
100 32
65 34
99 27
38 73
21 64
40 88
59 67
11 33
84 44
4 44
59 58
27 23
22 1
69 10
10 73
98 23
19 28
88 91
12 23
32 80
1 6
38 63
15 34
35 90
17 13
41 85
38 67
29 19
72 50
8 0
45 98
83 36
95 72
47 45
18 61
97 68
14 28
83 18
9 19
88 48
74 37
69 17
91 20
64 38
69 74
82 37
5 50
67 86
32 36
8 87
11 15
16 27
74 74
100 74
70 45
8 7
25 49
86 57
51 86
81 22
13 26
81 72
81 87
8 10
4 91
12 43
11 24
61 33
22 27
100 34
19 23
17 14
36 52
18 18
27 37
45 3
32 99
18 99
44 87
28 60
39 90
13 31
36 73
15 83
9 93
99 76
29 98
28 81
70 9
15 4
75 46
63 61
8 14
36 44
51 92
28 11
44 35
48 11
15 25
3 51
6 20
12 37
81 31
59 69
83 97
3 24
66 46
44 41
23 100
62 97
38 74
47 65
41 59
46 100
21 90
98 79
7 23
1 77
48 69
97 41
18 83
48 55
64 94
54 21
92 94
16 47
43 50
0 46
26 89
27 93
56 9
72 12
34 66
48 46
46 90
48 98
46 35
13 30
31 86
76 96
93 7
19 1
62 26
76 41
53 73
10 78
100 44
70 35
77 13
10 23
85 13
47 91
92 45
15 68
59 19
54 96
32 51
62 31
0 29
2 4
29 27
21 32
50 54
91 51
51 1
39 63
2 15
90 29
15 19
95 96
2 52
51 26
11 90
2 82
20 66
69 97
38 29
64 66
7 28
98 13
50 60
23 94
65 88
91 45
34 42
96 23
30 16
67 26
83 23
97 77
20 77
50 94
56 94
88 0
34 36
58 91
17 19
76 17
70 55
80 26
46 68
61 57
66 53
69 33
3 29
39 60
58 80
37 0
23 30
50 89
11 14
11 58
8 61
85 25
77 72
0 21
61 1
13 95
58 2
43 64
81 15
58 85
98 14
92 9
78 40
91 51
68 43
10 79
51 1
29 82
10 29
82 38
62 53
69 66
5 76
41 7
55 8
34 75
36 48
61 15
53 35
68 20
71 19
89 57
38 62
59 82
59 33
30 26
26 33
62 12
21 15
61 15
27 29
77 80
46 23
73 79
61 30
85 37
10 72
90 70
49 58
4 36
55 29
50 10
7 49
99 48
79 78
18 20
55 8
83 87
11 25
88 57
74 97
15 97
64 8
64 8
9 55
56 96
60 40
50 100
87 19
14 10
73 28
53 16
100 47
6 36
44 46
95 96
39 6
36 32
11 17
97 17
35 13
45 5
39 16
33 71
17 37
65 85
4 40
8 78
85 100
32 73
84 76
82 88
45 87
30 86
35 40
38 11
11 1
98 65
81 26
6 78
94 26
98 46
33 4
45 43
25 55
69 62
87 48
26 89
30 91
71 28
21 28
18 11
53 51
31 33
66 54
47 76
8 99
87 33
58 39
90 3
94 13
38 55
40 62
8 41
66 100
39 20
33 76
84 85
55 63
46 48
74 16
32 71
83 61
36 46
3 100
37 34
6 11
94 33
43 68
88 82
84 66
92 85
29 79
93 43
13 23
33 26
52 40
39 63
53 97
68 47
95 4
46 39
100 27
89 18
60 70
58 51
40 62
76 27
54 70
86 70
63 81
25 96
15 43
32 38
51 0
46 69
86 57
13 86
28 79
90 83
49 93
29 36
39 30
29 48
2 89
76 40
10 17
75 54
84 38
9 21
25 70
53 84
44 95
7 16
74 73
58 70
33 35
36 94
96 86
72 49
67 92
45 25
94 80
30 52
87 91
64 28
81 46
57 10
73 97
63 86
6 2
6 46
46 24
31 9
18 41
48 87
96 75
3 1
60 82
41 96
75 90
60 33
25 33
32 5
60 100
33 77
93 81
33 52
13 49
86 93
90 47
97 7
98 67
22 32
26 76
45 50
54 53
71 14
47 19
25 35
82 71
82 0
60 56
2 85
73 5
9 22
14 96
32 95
24 35
96 33
39 37
84 59
12 34
19 51
51 9
10 68
21 32
86 45
18 66
53 66
11 40
37 48
82 78
23 70
58 3
26 98
65 63
2 80
79 77
31 4
86 21
40 93
51 72
12 56
80 78
14 51
1 95
74 38
94 29
55 37
0 49
32 82
58 71
81 43
65 87
48 95
63 36
64 58
51 84
25 41
11 69
99 4
2 30
58 30
1 47
52 73
73 46
57 81
86 100
25 66
43 45
24 64
45 23
95 44
72 14
1 51
91 91
61 0
97 23
91 5
9 10
43 68
37 16
11 17
61 67
79 74
70 96
21 34
39 71
44 2
44 70
85 69
16 38
80 69
33 19
80 67
10 82
89 70
45 44
7 89
17 70
41 68
56 51
97 10
30 60
30 59
19 1
21 74
80 26
55 11
100 36
72 99
90 53
44 13
43 33
86 11
98 6
50 76
45 64
13 43
59 58
18 60
50 100
49 0
37 82
51 85
44 3
18 62
88 93
33 28
85 11
85 33
21 92
16 6
60 59
70 32
5 6
53 39
64 38
65 79
82 92
54 70
94 49
58 45
89 91
2 44
49 6
7 91
12 15
78 77
63 71
37 54
0 31
88 86
84 91
8 13
40 1
79 11
50 96
76 33
29 37
34 44
66 100
12 66
10 3
98 71
36 30
15 96
17 74
74 64
6 87
22 100
8 91
25 96
6 76
87 0
48 65
22 14
29 20
3 86
20 51
28 89
7 24
35 96
45 61
71 60
96 5
51 78
96 28
61 35
76 74
30 59
79 59
97 45
95 14
42 48
78 8
80 81
22 99
28 3
23 95
89 62
68 22
96 86
69 91
96 7
71 6
1 60
80 73
80 44
54 88
72 62
54 3
37 46
76 9
91 9
32 26
99 52
32 70
14 29
65 13
24 81
98 99
21 78
69 99
66 30
95 38
20 88
67 94
6 25
42 90
57 89
18 40
50 62
4 60
11 40
64 72
57 52
76 39
27 3
38 44
55 71
99 9
42 18
83 100
12 25
9 82
68 19
100 55
7 18
23 86
21 50
10 4
38 46
6 60
64 25
100 97
52 52
38 11
70 20
67 44
45 56
22 82
1 94
34 66
51 36
61 40
87 26
10 16
2 91
46 1
78 41
48 37
17 35
72 22
57 42
52 63
91 78
60 75
11 61
54 8
81 71
20 9
96 14
28 49
59 19
26 23
74 44
19 38
53 100
82 12
98 69
4 26
64 15
73 32
41 49
85 21
51 89
83 39
61 95
49 91
83 94
85 43
32 31
91 64
45 94
88 84
75 53
34 33
67 88
31 37
41 46
9 2
88 27
88 50
52 64
65 22
23 32
92 4
89 59
70 48
61 57
29 43
85 52
98 27
22 51
14 19
35 83
3 83
51 62
53 45
17 100
32 23
54 99
66 23
3 9
13 57
26 5
93 87
55 42
5 48
92 14
4 75
82 6
39 5
32 8
76 1
41 25
20 25
25 30
42 12
84 17
73 44
8 77
92 23
35 95
53 98
78 34
70 81
72 16
26 82
23 28
3 1
71 24
5 87
46 85
77 2
66 66
51 69
7 12
43 28
58 11
88 44
30 37
85 14
36 71
87 38
82 11
33 17
94 74
61 26
16 50
66 35
20 56
25 40
7 0
27 10
1 68
26 10
86 12
11 29
23 2
94 38
89 2
23 23
75 87
41 45
52 16
14 100
67 62
22 22
52 95
67 96
73 42
97 66
21 35
44 68
30 20
12 67
8 69
54 5
47 75
19 8
23 3
79 66
34 63
2 39
81 9
80 60
65 39
0 31
20 22
33 21
79 99
49 65
18 7
51 44
10 49
82 30
87 97
50 92
74 73
17 11
26 66
18 85
57 28
26 40
21 11
35 1
45 91
98 13
94 45
30 24
87 36
96 85
7 4
55 40
98 24
85 73
28 12
14 85
97 56
57 25
26 12
45 76
62 70
61 69
96 47
64 62
12 69
58 57
64 50
88 13
7 25
62 43
32 90
43 91
72 57
24 95
61 84
19 2
48 18
90 74
70 67
80 50
44 46
85 43
24 12
56 94
18 42
89 74
7 19
51 79
16 10
50 49
55 81
91 14
50 53
79 27
3 64
13 56
96 20
39 58
24 69
26 8
99 0
46 90
27 26
27 62
49 43
61 28
31 50
25 27
40 30
11 66
53 72
40 81
45 89
5 7
32 88
30 13
90 65
23 12
26 23
99 86
20 9
74 92
61 26
84 93
84 90
44 53
61 77
50 1
71 56
51 41
3 47
95 14
66 43
15 26
35 62
50 64
34 89
29 47
20 42
8 29
35 18
73 26
73 52
17 64
29 6
98 86
42 83
27 31
59 100
41 74
28 99
69 24
61 12
47 13
74 64
92 10
78 38
98 85
30 59
5 44
4 36
20 10
16 90
15 26
36 6
14 77
32 17
4 86
40 81
3 83
68 43
76 86
27 22
61 41
52 19
26 13
76 30
32 69
98 97
70 60
13 70
19 34
38 65
96 7
42 30
61 36
33 36
36 43
25 55
40 0
56 61
43 81
34 31
43 17
54 82
81 43
38 92
35 72
31 44
81 38
16 94
62 32
13 33
47 72
30 60
93 40
79 10
72 21
79 42
65 93
100 46
60 86
52 90
34 97
26 43
92 33
74 77
68 21
19 19
53 83
89 13
3 16
58 76
49 21
23 65
40 58
80 100
60 78
35 37
59 57
41 44
83 53
85 81
20 19
38 15
68 77
9 27
54 45
1 8
3 9
64 32
97 41
90 34
77 14
23 32
97 50
81 79
90 36
5 98
80 66
52 71
81 55
48 41
7 48
11 72
98 90
86 4
48 59
12 30
64 42
93 30
63 55
4 20
27 91
67 2
62 72
5 45
74 72
66 63
25 58
70 0
59 89
79 100
82 28
95 94
27 27
18 63
7 78
97 94
63 73
60 76
3 85
30 24
90 4
30 68
64 77
39 99
14 27
4 85
40 33
56 1
22 39
67 33
28 95
55 94
97 71
77 79
39 65
59 92
16 59
0 53
18 56
29 23
47 58
75 15
30 72
64 47
84 81
23 79
70 11
47 74
99 16
20 96
92 98
91 13
87 64
99 35
9 15
41 62
75 41
54 97
24 82
12 44
56 25
29 47
67 58
70 92
47 86
77 18
96 94
12 85
22 26
32 75
90 99
17 46
59 50
45 70
15 22
44 18
34 42
15 45
85 2
48 20
30 75
3 68
30 99
58 30
20 78
15 68
5 92
62 18
96 78
18 78
36 57
59 53
32 85
45 81
55 21
17 74
79 97
48 7
66 87
79 96
30 91
94 67
95 31
43 23
39 38
73 55
91 5
70 59
47 17
19 59
41 20
76 76
58 85
17 54
41 39
63 75
47 88
12 24
34 40
24 62
79 95
18 74
32 98
55 62
29 74
38 18
38 51
78 47
13 29
5 14
60 30
65 54
82 38
67 36
93 93
41 95
90 59
75 37
45 19
87 69
35 54
83 18
16 51
41 96
97 94
5 99
57 76
51 48
20 86
4 31
48 91
49 90
30 11
38 33
93 59
14 66
50 2
37 22
84 51
21 64
24 92
44 49
87 35
38 82
90 91
3 19
27 92
94 63
38 86
18 55
2 81
75 15
90 92
58 68
4 81
36 74
72 36
27 11
50 1
69 95
29 49
50 66
96 55
31 52
35 80
60 55
34 82
43 86
51 17
36 87
60 6
67 8
89 82
60 12
67 86
91 54
7 30
11 42
89 50
39 84
22 85
54 94
30 1
99 100
53 97
26 9
92 19
37 34
68 67
32 65
25 23
9 49
78 27
44 29
81 57
64 56
54 55
5 57
87 2
28 11
32 83
72 37
21 47
33 27
59 80
93 23
22 22
41 44
16 5
70 78
63 77
88 4
42 50
31 36
66 57
78 50
76 70
74 74
24 61
8 6
82 33
26 75
72 35
38 59
41 30
35 72
66 73
41 10
5 90
74 33
72 69
9 92
90 70
83 7
22 51
34 2
2 23
9 43
2 26
87 41
20 89
26 97
98 50
39 48
96 48
42 46
9 52
98 87
71 20
41 82
88 2
88 75
34 75
32 8
70 39
35 83
74 56
40 15
1 63
48 99
31 21
40 1
44 99
16 42
76 97
88 76
92 7
86 40
75 42
47 11
71 63
43 99
84 99
74 3
32 71
26 67
41 28
30 58
21 16
62 38
4 39
48 74
59 37
12 69
78 14
41 94
60 53
53 82
32 42
15 96
63 95
33 72
99 92
63 10
9 100
81 88
60 79
60 19
15 85
56 17
52 41
19 71
59 24
73 55
67 64
56 50
98 72
82 22
40 73
96 8
36 52
49 90
94 58
57 30
70 24
31 67
40 27
62 62
96 52
74 34
89 96
10 62
98 51
5 38
92 44
79 22
53 90
49 85
55 55
68 87
41 56
11 63
50 93
83 1
96 95
75 51
96 99
9 62
8 31
88 84
44 42
15 19
100 5
52 61
89 79
43 4
89 72
87 42
83 95
46 20
30 34
100 10
52 46
16 97
10 38
37 96
4 49
71 55
27 93
13 15
34 63
62 73
57 70
33 26
66 42
43 87
22 94
17 87
81 87
24 23
58 0
23 57
30 92
92 15
57 4
69 89
2 90
80 7
69 49
91 9
12 54
44 11
65 77
68 91
74 14
73 6
49 92
0 100
54 68
15 32
78 39
34 50
96 58
8 12
50 17
65 80
51 52
11 45
26 26
40 25
79 64
32 66
22 98
89 71
88 32
66 85
57 70
81 11
91 93
81 96
92 8
62 9
12 34
96 3
46 64
88 3
75 11
96 5
32 53
28 74
0 88
88 41
51 74
4 72
52 29
7 83
62 47
25 28
68 7
1 34
4 78
88 1
65 32
52 79
82 50
75 81
26 94
60 49
10 5
32 91
51 63
76 8
99 58
44 90
94 80
12 81
64 91
98 82
64 41
56 24
86 98
92 22
64 47
59 74
60 39
91 65
61 96
7 40
88 61
13 68
11 72
100 1
34 85
56 70
81 76
59 67
68 73
43 12
31 83
8 63
22 98
1 36
24 11
11 43
88 6
83 38
5 45
11 94
58 8
76 99
55 24
69 67
93 63
95 80
88 87
6 17
7 98
61 5
84 50
38 87
86 2
57 52
54 97
30 17
65 11
81 48
7 94
97 47
40 87
82 31
65 46
71 65
58 82
5 21
5 30
44 80
80 59
14 46
72 19
4 21
54 93
31 80
12 90
57 72
2 91
92 84
28 57
17 31
56 70
61 98
26 39
7 60
37 10
33 83
71 54
81 49
41 52
97 98
62 78
49 62
55 95
67 72
7 86
58 78
17 72
44 32
44 57
61 97
64 95
7 49
33 41
73 79
42 69
8 98
88 30
19 92
90 78
79 24
21 8
19 73
69 32
38 44
52 14
35 72
24 41
45 62
62 4
38 23
53 52
8 54
42 70
72 31
93 5
86 59
1 12
23 92
28 85
20 70
39 50
71 57
43 85
1 82
11 83
19 32
94 42
1 61
43 46
30 3
89 65
41 35
55 14
57 62
32 60
94 98
70 12
84 18
25 10
67 25
65 60
0 84
27 22
29 28
98 24
50 33
50 1
44 8
87 12
40 12
4 36
66 96
70 94
80 22
32 16
40 5
95 78
46 76
64 11
23 75
9 66
42 67
35 2
99 100
29 9
2 89
75 32
76 51
0 10
51 54
78 7
20 46
99 24
32 99
17 68
45 8
1 71
14 38
5 80
56 37
38 14
13 65
9 88
65 55
3 82
39 3
94 53
99 73
32 84
29 79
15 9
87 24
46 34
65 33
90 98
28 21
26 78
37 19
5 94
51 69
21 54
52 40
96 26
46 35
46 19
9 86
96 71
39 5
0 19
79 35
72 73
56 41
37 90
34 42
0 68
47 66
57 19
74 4
98 22
46 56
0 24
93 2
14 92
83 71
91 86
24 85
63 17
7 13
61 52
60 1
70 51
53 37
75 11
85 0
20 4
77 58
68 29
33 37
100 26
87 8
74 79
23 91
42 10
71 31
76 59
4 98
14 1
69 18
99 38
55 70
26 86
82 13
14 22
96 80
90 81
11 26
25 84
78 0
19 14
95 11
84 18
40 41
52 81
44 88
3 96
87 68
28 82
29 79
85 86
18 73
79 73
29 11
82 58
77 33
3 95
95 69
86 69
28 83
96 60
62 74
38 20
82 19
65 31
99 48
31 97
28 45
35 4
13 43
7 15
36 38
47 45
78 48
91 22
52 70
88 76
32 64
80 62
28 26
51 8
0 91
98 57
10 22
77 13
76 51
95 79
71 27
82 0
68 90
68 21
54 51
70 93
61 6
93 91
31 33
69 14
98 51
98 30
37 84
61 28
22 71
60 73
63 89
89 92
15 32
80 66
94 13
22 88
41 42
30 18
24 20
28 51
97 29
83 94
83 46
2 53
52 56
37 73
97 91
27 22
53 4
35 14
55 62
4 33
63 75
46 29
1 24
53 38
3 19
55 59
94 14
97 91
16 40
83 37
7 49
87 33
6 42
3 66
94 59
89 96
89 77
41 50
59 9
72 35
37 89
60 36
82 27
18 22
13 28
43 7
34 65
75 31
37 92
47 46
5 93
40 49
81 50
50 3
28 38
54 67
74 7
88 22
84 45
49 84
58 53
35 23
24 22
43 57
43 18
78 78
98 13
45 62
36 46
82 38
51 80
23 77
55 11
29 26
78 84
89 30
35 35
43 81
5 18
67 46
53 71
19 10
63 45
22 100
17 35
48 55
91 21
68 30
9 95
36 32
78 48
45 100
17 37
62 58
91 26
1 55
59 91
96 94
26 35
2 78
84 77
100 20
14 30
61 90
22 98
29 87
97 65
65 11
5 18
18 82
51 8
37 88
89 16
13 92
9 24
56 14
17 47
77 88
21 76
40 95
16 72
1 65
92 9
70 30
86 24
21 31
18 65
30 81
33 55
8 62
16 41
32 5
100 83
97 15
22 28
87 20
18 15
69 41
8 70
55 66
75 47
18 27
14 91
29 96
53 93
16 40
91 65
4 49
5 89
37 47
98 94
39 64
92 47
28 21
85 84
33 74
32 73
64 97
82 76
4 85
20 19
83 7
50 53
11 70
100 4
7 16
46 61
45 32
76 45
28 85
28 70
42 36
75 74
73 24
93 88
95 90
54 83
6 14
82 95
49 98
0 18
80 70
96 4
5 27
18 48
68 41
31 82
99 41
76 1
68 56
51 7
49 16
24 32
10 71
99 3
11 58
24 4
17 11
24 96
50 75
82 29
83 21
75 98
31 9
60 29
35 58
60 75
55 60
55 86
16 86
88 30
100 95
0 93
1 80
79 50
98 92
38 94
20 97
50 76
35 29
10 64
65 92
57 74
25 45
4 21
74 17
