10000 500000
55 79
23 83
17 77
35 29
9 43
10 48
56 24
28 34
90 72
23 6
22 68
82 37
65 81
93 51
82 96
76 94
16 74
22 75
83 76
70 46
4 82
16 51
85 66
68 52
41 63
98 65
40 39
10 90
44 41
73 54
39 40
30 22
39 6
67 40
43 58
3 50
78 37
100 93
6 51
40 13
37 55
4 90
7 48
85 55
6 38
55 47
27 32
97 13
17 22
55 25
97 49
73 7
49 7
88 68
42 8
88 89
23 89
38 44
71 25
44 0
66 39
41 29
51 99
22 55
19 86
20 48
98 46
18 48
28 10
68 71
61 72
95 62
24 94
85 99
34 96
37 4
32 28
19 6
1 4
74 79
14 46
78 37
59 57
61 99
74 32
41 70
83 66
45 57
17 44
55 58
9 84
22 38
58 8
40 100
9 62
26 19
2 11
59 55
43 89
83 34
30 76
74 25
61 25
0 76
8 88
32 39
99 30
52 85
48 82
60 40
38 56
12 97
88 50
87 84
47 23
100 95
95 15
35 7
16 82
57 100
19 32
70 75
16 47
37 44
30 31
60 15
70 41
61 77
41 68
100 80
80 41
34 78
47 66
100 12
94 41
33 56
85 32
15 44
97 82
4 76
17 85
71 87
89 21
9 17
64 78
97 55
43 64
10 42
8 74
79 67
70 17
4 93
28 82
79 34
33 4
79 21
2 82
25 49
68 46
44 43
63 71
89 17
25 12
4 96
8 18
9 23
9 31
98 2
60 93
60 65
22 42
63 20
16 84
49 98
88 93
34 36
41 49
100 36
80 10
47 3
95 85
44 33
16 43
64 52
44 59
39 5
25 100
12 61
93 30
0 42
29 27
83 37
83 19
15 28
52 22
86 97
42 7
12 3
52 91
35 34
58 83
51 34
46 80
45 10
64 61
9 39
6 85
61 76
29 20
40 15
80 34
30 93
92 83
12 19
2 55
61 54
15 72
30 39
14 77
15 0
10 94
53 92
76 15
45 7
46 77
2 78
88 0
32 68
1 73
18 81
40 76
75 96
42 76
21 5
77 37
86 61
79 84
73 7
8 59
21 9
50 4
84 74
29 83
92 8
81 5
46 81
86 35
36 21
18 75
67 1
88 11
15 49
68 32
92 54
56 37
70 29
8 21
65 63
79 81
35 9
28 87
91 27
96 9
80 99
60 46
96 48
40 42
77 81
86 65
55 4
10 17
40 54
95 46
14 41
41 0
62 90
84 53
90 53
48 58
57 1
75 67
77 8
36 47
46 73
62 15
2 13
17 31
55 48
29 62
64 74
81 10
30 100
38 51
99 90
28 47
99 94
24 24
9 84
65 72
37 75
76 71
49 45
43 51
60 63
3 79
29 34
74 16
24 31
26 49
79 77
58 79
100 82
63 6
79 21
8 21
18 40
0 34
68 87
68 95
83 5
83 69
21 76
69 7
27 96
57 26
48 14
5 18
61 58
21 92
10 42
10 24
96 76
96 18
77 12
10 55
50 62
4 85
66 88
91 19
67 38
4 19
51 99
1 34
20 24
84 79
38 54
25 20
98 33
29 14
34 7
90 54
64 2
38 55
72 90
29 62
37 75
60 13
53 42
80 74
9 79
5 92
98 4
3 38
11 32
67 93
30 44
47 57
78 50
39 99
18 4
14 59
52 41
41 45
66 55
17 77
6 53
54 47
68 83
55 38
72 23
33 39
26 93
45 31
50 81
17 56
18 79
49 50
70 71
12 13
57 54
87 35
100 81
89 28
87 54
66 36
62 95
61 22
76 99
68 63
98 100
29 65
93 57
72 67
20 48
33 46
90 40
7 16
21 6
7 59
75 74
20 54
89 25
24 13
62 28
44 66
69 53
97 18
71 94
29 7
39 97
82 43
70 66
61 87
42 100
59 44
30 69
46 95
55 1
99 11
53 77
71 91
36 43
75 37
4 94
78 36
27 73
91 94
95 39
33 23
66 69
5 5
64 44
78 68
94 80
70 86
23 45
80 76
28 58
16 9
7 99
28 99
48 31
12 28
39 87
10 71
5 18
59 24
99 52
6 19
74 93
94 70
87 9
81 94
80 56
55 25
47 79
89 33
62 75
35 90
95 71
12 13
32 13
21 68
72 28
10 68
28 24
97 89
33 13
78 28
60 22
37 13
68 2
69 91
26 69
0 66
69 53
32 47
40 4
11 23
47 63
87 7
54 9
14 67
73 36
61 80
44 70
4 77
8 54
63 22
75 65
62 35
60 42
36 60
26 99
67 75
16 90
81 23
8 17
43 51
95 87
91 42
84 51
74 9
13 17
36 59
13 23
66 32
53 66
43 57
11 89
43 22
93 36
78 32
92 63
19 6
85 69
89 33
79 83
97 20
88 47
36 44
82 43
89 39
87 57
21 43
81 11
95 49
38 60
43 40
99 53
78 39
30 55
67 84
24 11
3 53
10 37
1 26
45 66
20 12
90 56
90 100
4 52
0 67
58 68
8 55
21 41
27 100
86 89
7 48
87 48
4 75
90 2
52 94
87 71
67 36
4 74
44 82
2 51
12 94
48 9
30 57
82 66
68 46
91 97
69 85
19 63
61 25
51 47
42 81
56 63
43 90
94 24
35 71
26 16
67 94
7 55
42 68
64 39
61 85
19 62
100 68
80 62
48 96
90 82
63 13
24 66
48 80
26 45
15 92
91 87
2 62
53 99
12 82
7 46
70 76
89 30
79 7
22 50
57 17
61 13
87 60
14 20
79 97
49 20
85 47
89 9
52 88
11 74
94 52
72 99
75 69
39 50
56 2
87 44
98 12
36 7
69 35
64 74
57 3
49 33
48 83
55 98
76 25
26 88
50 33
75 75
67 25
66 9
14 77
17 64
92 32
30 0
99 6
43 95
98 4
18 90
52 26
98 71
21 16
32 35
86 65
25 9
77 70
44 13
18 12
92 48
48 19
30 22
2 35
18 3
15 52
54 85
70 92
34 80
20 54
27 74
87 100
66 56
73 60
78 8
83 88
57 3
71 79
45 40
79 28
81 18
79 50
97 56
60 80
73 75
46 57
4 34
89 42
35 77
31 78
38 94
52 18
47 37
75 42
18 79
44 43
4 81
46 22
19 26
45 97
4 50
60 20
97 62
73 57
84 70
96 37
67 43
8 17
52 14
83 32
100 73
10 97
75 64
1 7
73 48
31 46
72 17
16 35
52 42
44 10
55 12
60 65
67 43
83 44
43 83
16 73
41 43
9 29
7 44
85 22
90 83
22 86
98 94
58 72
41 9
26 71
83 69
15 69
43 72
97 56
27 37
72 62
38 30
91 42
58 24
36 91
18 34
51 73
40 41
72 4
61 98
29 20
32 34
77 46
34 31
76 49
8 43
96 42
71 2
0 72
89 18
32 86
73 88
90 21
28 7
77 26
60 32
16 60
84 1
75 81
74 64
26 50
7 46
9 79
48 93
87 99
18 60
92 5
9 94
66 76
24 18
83 18
87 17
85 26
9 75
93 59
71 88
41 96
9 35
90 9
8 24
49 30
45 57
13 52
8 67
33 21
60 0
16 65
67 34
79 15
4 73
41 37
57 84
14 29
41 24
61 44
46 35
47 66
67 67
64 75
30 74
11 0
25 33
92 57
89 99
15 100
84 17
47 77
55 53
89 52
42 67
48 79
57 42
22 26
55 5
95 26
43 26
51 51
38 62
91 6
90 99
92 88
96 93
72 34
28 11
88 36
63 20
56 13
74 87
90 17
51 61
16 78
60 4
15 54
64 36
95 84
69 62
43 64
72 61
18 55
46 58
61 79
42 70
88 28
32 24
46 21
88 19
1 1
2 76
81 66
60 82
6 6
94 68
47 89
95 45
96 77
48 66
1 78
20 45
30 5
18 45
47 62
49 69
87 39
67 15
70 51
49 82
31 41
49 69
51 8
87 6
40 62
25 62
44 44
87 59
62 60
36 62
70 89
90 5
41 88
63 4
16 43
34 93
56 67
24 55
47 49
97 51
52 88
52 8
62 53
95 20
37 72
27 88
47 15
17 40
67 66
87 98
99 80
1 32
49 88
75 27
65 65
37 9
54 45
81 8
90 65
45 95
45 19
34 3
56 77
7 24
51 29
21 25
41 91
4 32
31 58
14 11
37 45
26 39
3 81
63 68
31 75
38 77
56 64
29 12
20 89
12 91
24 51
56 29
56 76
83 46
38 3
84 67
97 19
58 87
64 16
29 92
93 51
60 57
84 69
10 69
46 5
98 7
89 76
26 29
56 60
38 59
63 41
82 66
95 16
36 80
90 30
92 24
69 4
63 3
12 90
58 5
4 17
68 21
12 74
58 42
60 43
60 2
74 9
77 54
21 1
28 71
97 69
97 2
16 66
2 39
45 93
38 23
22 19
81 88
99 5
99 33
100 67
68 19
8 44
92 13
57 51
36 35
81 35
50 33
47 51
18 29
100 79
24 14
33 76
40 59
11 90
64 58
95 84
53 58
84 63
70 61
89 56
24 17
28 41
49 98
62 80
58 63
26 7
36 95
10 44
64 71
61 22
86 76
46 55
80 25
11 98
84 28
88 86
53 66
27 52
76 84
27 73
97 78
0 76
48 64
14 2
45 89
90 21
36 78
4 32
40 53
41 41
53 53
9 48
58 47
99 58
73 40
79 53
45 0
75 48
32 41
5 33
19 7
92 7
96 85
68 16
76 0
76 24
30 3
44 12
60 51
10 51
11 37
80 68
56 5
29 4
47 49
96 53
18 68
6 94
32 50
43 4
25 55
13 16
91 61
19 83
62 30
0 39
98 17
23 36
11 48
84 94
88 92
63 74
77 81
96 6
14 6
24 70
16 91
85 72
84 1
82 34
86 84
34 42
40 95
55 56
62 59
21 83
100 46
77 52
51 91
54 91
40 26
57 84
55 83
96 44
93 15
68 1
88 10
90 63
48 99
74 80
37 35
69 66
39 86
68 19
53 36
36 77
4 18
46 4
28 52
12 92
1 42
31 44
99 47
21 57
74 100
23 22
47 42
17 0
21 30
91 65
99 96
8 16
53 43
44 34
33 0
6 61
100 10
94 52
7 80
11 39
11 1
83 10
15 27
91 57
34 37
41 13
83 96
52 59
17 52
18 46
44 26
78 38
28 98
7 34
25 97
3 9
37 55
100 78
18 18
91 36
64 12
3 55
63 25
26 89
30 24
46 10
4 64
69 24
7 56
0 9
4 80
35 19
14 85
88 12
2 54
29 83
29 36
14 21
73 50
77 13
37 91
70 31
80 12
4 27
61 80
38 38
48 75
37 46
9 55
58 77
32 0
11 13
97 21
55 15
75 63
75 51
42 5
25 13
72 83
17 9
73 55
60 42
38 50
32 91
59 5
19 91
13 87
70 78
60 49
100 64
6 91
71 55
24 70
100 45
10 82
58 69
69 88
0 52
94 44
80 41
39 73
17 42
92 50
2 79
3 19
53 66
2 52
87 25
78 64
66 96
50 97
79 35
50 53
26 19
22 52
77 43
15 91
64 75
20 98
5 49
95 10
63 74
79 78
75 90
58 63
79 17
61 7
84 17
35 71
1 63
28 85
70 75
81 40
20 43
12 67
66 63
58 23
7 37
75 12
6 9
30 93
32 85
96 68
66 45
96 14
26 49
51 70
90 8
59 38
55 1
99 79
5 67
2 98
81 94
2 4
96 23
39 99
46 82
55 9
31 46
2 73
5 66
64 83
58 19
5 56
3 60
14 68
3 36
2 6
62 79
23 15
97 55
32 47
90 24
28 66
5 86
63 71
17 22
100 13
0 25
46 59
24 58
17 48
47 45
71 14
16 47
18 2
73 81
65 41
38 41
5 68
99 98
75 86
59 19
62 34
73 77
0 98
96 55
37 36
98 82
76 78
11 15
92 69
25 78
96 24
69 29
25 39
92 55
28 94
8 83
52 76
49 51
2 80
76 2
61 77
2 91
79 72
18 60
88 100
67 30
37 81
15 27
15 79
86 54
63 62
81 31
79 14
42 75
96 21
30 1
22 51
96 27
49 19
45 20
45 17
86 60
15 17
62 66
49 29
62 56
82 11
41 69
20 95
85 40
98 87
43 74
29 5
90 72
46 86
54 19
79 86
33 5
92 27
6 64
98 95
88 60
100 10
29 25
57 65
42 43
89 39
23 24
62 46
63 66
15 66
31 52
64 3
23 28
51 97
58 73
63 33
61 30
35 59
88 12
11 79
33 78
92 71
73 22
58 23
31 55
88 96
80 30
86 71
23 58
56 42
5 49
67 53
71 46
8 87
7 15
79 10
42 94
24 9
53 19
94 57
10 7
60 66
31 8
35 59
94 16
65 32
49 47
11 27
5 99
83 48
61 78
5 11
47 70
62 88
82 71
33 55
55 79
87 26
70 19
76 97
60 30
8 28
33 11
24 1
77 94
32 60
89 65
13 92
9 65
92 52
83 78
48 50
66 34
43 75
10 29
43 56
10 82
84 14
72 47
0 2
66 0
49 38
34 11
24 59
35 77
84 55
28 0
17 63
59 13
45 93
10 8
21 77
87 93
86 84
100 72
89 67
24 47
75 95
75 5
79 80
66 48
45 64
8 80
75 4
98 93
95 79
21 7
97 97
3 49
35 24
70 0
87 17
48 35
48 21
43 85
19 73
8 60
13 82
56 7
91 50
33 50
55 98
1 31
11 85
1 74
20 46
74 73
32 32
13 0
87 7
95 79
90 13
23 76
49 98
98 91
34 28
54 17
40 21
87 40
71 30
35 5
25 39
30 68
13 11
67 73
35 1
96 7
92 61
37 17
64 51
47 35
90 24
86 28
13 60
57 93
75 30
64 8
98 71
39 65
45 89
51 0
3 62
2 12
0 89
9 50
34 2
56 88
68 40
44 9
23 29
42 37
13 3
65 58
79 53
17 77
12 68
44 26
80 6
78 33
93 83
46 62
87 41
43 27
11 63
5 99
3 43
91 52
19 39
81 30
5 57
74 30
86 71
41 42
41 37
92 90
31 12
91 28
95 74
99 27
50 49
78 55
47 18
7 4
71 68
97 15
73 66
39 23
46 35
54 17
50 52
99 61
38 0
97 14
74 22
94 14
39 55
14 45
25 80
89 80
95 54
80 81
65 69
98 91
95 69
62 67
86 23
61 44
7 12
83 14
67 38
95 48
80 36
34 30
9 31
30 15
47 62
69 22
73 32
29 23
66 72
77 17
39 13
98 44
52 51
98 23
56 9
98 68
9 39
66 53
17 5
14 25
39 51
24 84
56 24
80 45
14 72
56 54
93 66
78 96
41 81
43 40
89 68
62 65
76 10
80 71
52 15
11 71
32 97
0 32
10 85
14 54
55 43
79 79
22 57
92 59
51 1
100 81
12 93
31 57
41 28
92 89
50 38
70 87
84 17
18 100
38 60
71 4
35 56
3 14
32 65
45 44
75 92
56 58
6 11
91 69
23 4
12 39
70 50
55 1
3 98
96 95
82 50
33 27
35 60
91 11
48 43
32 86
40 4
79 41
29 43
15 89
93 89
74 88
49 37
36 13
65 100
47 82
62 57
31 84
30 83
11 58
2 82
59 44
22 73
57 15
81 59
71 78
47 93
98 59
56 11
86 73
45 2
90 54
62 10
86 82
79 23
8 37
65 100
35 94
98 36
71 76
21 58
71 6
79 14
45 75
15 98
41 79
64 53
34 100
23 60
41 100
43 96
52 81
68 25
82 23
31 93
77 54
24 33
6 72
45 80
42 23
87 75
54 23
59 40
85 74
32 45
81 2
42 93
91 77
8 88
14 69
99 79
61 27
100 92
89 45
6 47
94 97
65 0
48 65
96 25
38 90
93 7
21 15
67 18
77 65
62 12
42 58
96 41
53 33
41 25
13 25
14 9
40 53
35 49
95 85
77 84
58 84
20 42
0 92
87 18
50 3
46 31
16 20
88 61
2 98
3 79
36 52
90 0
64 96
38 55
94 66
66 100
9 65
30 12
52 54
24 65
30 5
18 87
12 85
81 79
48 5
25 11
84 21
60 82
61 53
79 19
25 31
77 66
97 93
56 10
53 15
58 92
77 30
60 30
3 63
93 45
33 90
94 6
49 5
82 67
67 67
34 5
94 79
59 31
76 84
55 56
21 85
40 64
96 56
56 81
68 71
40 70
55 21
84 96
16 54
3 77
0 17
33 20
98 78
76 84
39 71
94 56
87 36
22 62
51 77
15 19
37 100
6 52
87 44
6 83
18 45
31 98
22 80
93 48
58 9
77 34
24 3
94 82
71 87
94 85
38 75
29 19
40 1
48 21
3 8
79 44
63 45
3 72
43 53
61 79
88 26
98 58
17 83
0 76
12 95
74 45
95 5
27 18
89 40
16 27
59 53
17 23
77 98
33 18
93 76
45 12
19 11
66 62
100 14
25 28
26 40
59 52
39 80
96 83
66 41
2 98
66 54
39 35
17 7
32 12
52 65
41 40
4 9
45 37
72 25
64 3
87 38
71 4
62 11
26 16
97 74
56 61
98 46
5 83
25 15
35 13
36 33
6 6
40 74
82 47
7 8
88 67
63 79
52 96
24 42
49 80
34 18
37 93
44 73
61 43
21 79
6 80
4 17
53 100
44 95
82 94
81 14
78 21
31 44
11 97
15 36
4 63
10 32
44 29
99 96
8 10
71 66
17 55
30 75
70 30
60 19
51 81
96 21
100 75
29 61
65 42
93 0
95 0
99 99
23 35
84 88
53 33
84 25
11 78
13 40
52 89
35 56
80 68
33 81
76 46
70 19
46 69
75 75
64 29
40 3
72 71
53 60
64 49
81 89
91 4
47 17
37 93
79 59
70 91
55 93
42 49
83 54
61 94
31 34
67 21
99 63
79 86
49 77
52 12
47 60
68 28
33 18
41 93
44 53
70 28
38 87
1 87
33 19
41 6
95 75
29 66
53 22
94 83
24 21
45 73
10 76
74 88
68 46
79 77
13 6
95 48
42 83
13 25
53 49
8 15
26 75
53 21
2 26
63 56
46 69
80 44
7 65
42 72
89 7
33 32
28 83
47 100
81 72
76 44
55 81
31 33
3 46
59 75
93 56
43 33
49 67
47 86
55 75
96 22
64 94
77 39
13 31
53 49
82 79
42 6
53 84
7 68
8 2
52 14
33 73
97 72
9 76
50 81
27 26
7 98
62 2
88 0
16 36
56 91
99 10
100 23
65 88
23 50
88 67
23 40
27 8
85 67
100 34
1 58
69 55
34 20
94 100
98 26
26 15
90 57
28 25
72 64
92 78
27 0
11 34
79 19
98 86
33 36
50 71
93 3
56 14
36 83
73 46
7 57
62 57
28 24
20 65
7 16
34 32
69 33
51 8
9 24
22 63
88 58
13 100
67 79
99 88
83 64
72 19
9 65
80 4
95 78
91 17
49 0
76 21
26 8
50 88
34 45
73 28
34 11
98 70
63 26
88 95
44 93
34 13
67 15
21 74
100 96
19 18
6 25
91 97
81 50
6 53
63 67
88 23
18 9
68 68
88 92
100 30
28 10
28 14
61 40
86 51
85 3
64 70
44 75
49 11
23 77
3 28
22 30
50 72
58 22
75 77
74 71
67 19
51 88
30 77
68 5
53 92
46 93
11 58
79 92
89 58
3 7
88 20
69 27
57 25
8 51
27 29
66 51
77 51
89 76
57 65
82 18
78 54
70 82
83 12
65 52
16 14
2 77
42 6
75 93
10 33
20 14
99 44
9 27
62 2
22 19
46 56
92 49
62 38
71 46
13 35
17 33
22 14
4 25
55 56
72 71
81 74
12 15
62 67
17 7
18 19
67 34
70 49
21 71
30 31
41 29
49 48
68 60
86 54
18 4
80 69
17 77
92 43
47 68
95 80
60 66
88 89
90 79
44 25
87 65
98 98
64 96
25 15
16 81
69 54
36 62
6 4
11 14
54 1
68 58
64 56
92 83
66 82
53 63
12 92
56 74
42 85
24 77
46 95
32 13
72 64
3 96
55 65
57 62
30 46
66 34
86 47
78 47
92 39
74 78
98 4
58 33
42 7
34 20
57 54
63 76
26 86
27 29
82 78
39 11
64 97
54 0
11 73
36 75
23 98
13 100
75 80
55 51
88 5
20 9
49 79
89 55
20 89
49 30
5 54
24 92
68 97
85 88
78 75
22 75
44 58
93 79
96 93
61 23
13 27
40 92
74 85
6 43
63 60
80 1
8 4
68 84
97 94
69 55
100 20
59 11
65 54
4 11
11 12
20 89
99 69
100 58
64 32
92 92
29 16
25 94
19 57
43 6
40 13
98 13
60 93
72 24
74 97
4 27
9 30
11 36
92 7
17 2
71 100
49 38
80 99
27 90
24 35
73 88
27 48
62 66
62 38
54 98
71 87
75 51
26 77
56 90
50 68
47 64
9 5
54 30
71 60
36 71
62 10
55 90
87 79
58 79
64 92
21 11
90 31
6 84
59 29
79 4
46 73
92 22
77 100
70 16
98 27
68 63
63 58
87 59
54 43
7 30
2 7
52 32
25 76
76 56
91 79
68 5
85 51
9 62
14 18
79 69
50 13
13 14
59 3
26 57
3 53
73 49
3 73
80 66
69 63
97 61
52 55
28 52
63 10
15 55
92 38
34 56
9 19
55 65
52 52
48 18
95 31
73 51
55 42
62 47
59 19
80 46
52 80
68 17
75 73
12 92
65 70
100 29
6 58
41 36
6 9
100 19
73 0
14 2
55 53
36 7
67 59
66 35
36 5
49 71
11 7
29 16
95 32
77 76
83 23
5 29
82 55
3 57
84 11
15 75
10 15
57 73
67 90
58 3
47 0
67 30
97 24
40 58
12 48
99 40
26 77
82 8
17 96
10 36
52 54
38 94
0 47
55 56
94 72
25 79
12 66
77 60
28 83
96 46
20 69
22 41
69 20
44 20
79 83
31 2
73 95
88 93
93 36
53 7
20 6
23 15
35 8
4 46
90 6
43 60
13 2
92 81
8 18
51 78
52 7
29 53
36 33
20 63
23 1
6 50
90 43
36 89
43 6
65 62
31 95
69 58
43 94
64 97
65 41
30 91
76 49
72 61
38 47
84 52
56 21
66 63
16 17
27 82
14 41
66 50
40 86
33 94
72 38
44 14
2 36
63 73
26 67
68 23
66 35
85 96
12 93
52 48
64 65
39 83
31 72
69 31
1 57
64 51
76 75
100 42
75 29
7 92
62 26
64 22
20 8
89 74
56 20
98 98
80 88
61 80
92 63
41 31
29 48
35 84
11 53
100 10
0 7
19 22
90 61
0 18
64 12
47 35
0 71
14 11
49 94
23 47
23 4
80 21
1 63
48 99
94 60
64 99
47 59
47 54
34 38
86 26
8 20
38 86
99 57
82 51
96 2
100 55
77 28
21 75
49 93
54 63
79 76
49 78
34 0
12 16
12 84
77 100
99 14
60 45
15 1
52 61
94 36
61 52
59 71
13 3
19 3
32 61
32 98
66 12
81 4
62 19
66 94
18 84
68 25
76 10
30 65
90 19
12 45
40 65
15 8
14 68
90 64
97 1
4 43
57 42
26 83
25 5
71 87
89 79
48 53
60 73
91 55
46 30
1 46
95 53
59 26
60 59
56 89
64 93
14 87
3 100
92 21
55 53
26 42
74 57
16 85
86 33
11 94
78 89
39 43
87 49
95 26
87 56
24 74
91 15
40 39
5 45
87 20
61 93
71 67
37 80
48 48
9 69
21 49
70 50
24 21
89 38
74 93
35 53
44 2
68 19
58 97
53 45
43 6
81 51
40 79
39 74
43 78
1 100
86 4
68 37
32 9
43 32
64 69
24 23
72 73
40 40
64 95
40 79
28 39
72 29
46 50
45 57
49 82
24 47
79 12
17 52
29 88
63 80
28 67
78 38
93 77
63 60
53 61
39 37
75 19
24 83
6 19
74 94
28 86
4 28
69 14
26 18
51 17
73 91
6 21
86 68
82 45
70 87
32 31
22 11
93 59
42 65
40 58
30 9
13 93
5 42
99 70
72 99
97 2
68 16
75 2
19 99
52 28
85 57
25 42
25 90
23 30
30 70
9 25
88 12
100 35
98 64
38 10
81 85
88 12
70 4
73 17
29 55
40 53
24 61
54 10
12 96
23 10
72 50
19 40
25 71
30 39
9 63
19 53
67 17
55 40
66 56
20 8
79 4
98 5
23 73
6 76
14 71
20 92
46 71
7 11
27 12
52 90
48 95
9 13
94 63
60 11
30 92
81 79
20 22
28 98
62 34
79 65
30 17
7 98
40 100
41 42
43 41
97 80
11 35
35 20
22 18
92 22
96 3
36 37
29 90
33 94
59 70
76 85
83 86
45 70
84 1
70 50
59 73
37 57
32 18
56 5
99 60
1 41
80 2
68 32
34 94
77 31
48 26
91 87
91 83
77 92
69 14
19 37
39 84
10 74
8 46
72 50
84 63
60 76
100 22
7 10
86 7
76 0
13 52
88 20
38 60
29 26
56 81
88 38
3 89
65 49
50 25
36 73
64 48
78 97
93 62
0 91
49 72
96 92
48 50
51 66
86 62
47 55
83 51
35 3
69 69
1 46
5 67
81 20
36 7
2 18
78 48
52 2
51 35
25 15
6 32
59 30
52 41
55 43
95 85
30 0
33 6
7 15
71 48
63 4
63 39
24 5
51 10
100 26
100 89
45 82
41 8
33 78
86 5
45 8
45 9
82 56
92 92
65 6
29 88
65 4
75 33
47 61
87 59
25 17
57 49
6 25
59 14
76 96
63 75
95 9
44 7
56 8
24 93
31 76
61 24
18 30
76 67
67 43
94 26
41 52
42 62
59 45
91 66
61 66
80 24
86 60
96 31
17 30
95 15
48 64
73 100
46 61
80 31
79 23
18 56
37 53
3 11
38 69
61 50
37 98
87 56
57 33
79 15
30 79
0 44
45 96
26 49
81 31
98 45
32 19
22 66
73 79
80 18
2 12
5 29
57 34
18 32
32 17
56 73
9 92
23 42
3 55
71 58
75 60
67 91
0 81
69 27
7 88
23 81
32 11
39 9
42 56
78 92
87 71
81 21
11 88
27 28
94 68
39 48
55 41
68 90
0 12
27 52
93 62
28 83
51 44
79 25
28 8
45 96
26 64
84 88
50 8
43 80
86 7
51 62
1 36
32 21
32 69
60 93
31 55
21 100
58 79
38 77
78 72
49 36
27 8
66 13
28 60
97 12
90 65
52 48
10 85
42 9
58 30
9 56
64 83
90 20
50 18
33 25
3 16
19 72
10 11
21 75
89 1
56 87
61 30
71 77
84 47
63 4
87 74
74 85
82 73
41 89
94 9
76 4
57 42
14 98
74 84
86 2
46 77
87 100
13 74
47 99
37 37
70 89
77 64
7 0
51 60
49 98
77 56
68 82
88 98
5 78
41 54
95 81
55 46
55 3
59 55
35 11
11 68
68 12
57 90
96 26
72 26
56 83
15 43
97 100
77 2
28 24
49 49
43 20
68 6
100 59
68 44
33 32
5 64
65 93
44 1
62 31
44 4
1 20
93 30
50 100
52 14
87 50
55 39
22 97
24 63
63 88
75 90
12 57
5 61
2 80
71 74
36 7
9 56
94 54
1 75
87 82
10 12
49 12
100 65
22 17
34 78
68 46
17 73
85 75
99 85
8 27
53 35
53 54
29 54
86 86
78 2
32 56
47 72
95 87
90 13
95 100
65 94
41 61
100 69
55 100
66 21
81 3
37 55
60 59
78 21
12 56
21 43
10 28
95 52
37 16
10 52
95 76
66 18
77 7
63 47
81 93
27 55
26 94
88 12
9 13
88 35
80 23
42 52
11 68
6 1
10 21
21 89
82 4
26 1
35 79
47 73
0 75
35 63
6 87
74 3
16 8
1 4
94 56
72 12
87 41
63 70
61 84
42 10
80 77
70 70
58 75
29 58
21 79
94 77
21 82
29 32
47 41
54 13
33 81
54 89
43 59
50 33
83 56
79 48
60 46
20 84
22 14
63 96
13 69
86 92
78 77
86 64
97 17
8 81
71 44
45 65
77 3
100 43
92 20
89 35
9 100
53 86
81 72
72 0
22 20
30 47
99 55
24 73
99 89
80 74
86 81
4 2
80 46
28 1
76 83
89 65
7 51
52 66
51 58
80 47
25 87
71 62
15 21
89 20
57 16
77 60
12 58
16 32
42 6
83 97
78 71
16 86
83 21
32 47
54 88
12 34
4 46
89 29
97 48
8 59
15 53
91 66
26 85
86 20
38 7
21 67
48 0
100 38
15 95
24 22
45 63
79 8
1 69
92 19
42 63
38 43
4 83
66 69
16 64
54 17
83 97
79 17
59 36
55 82
58 79
51 57
34 38
32 87
44 87
83 58
39 95
65 27
2 57
8 61
33 48
12 94
41 66
82 56
73 30
91 80
100 37
33 87
98 29
91 50
69 9
17 50
83 52
57 94
39 84
74 10
94 55
17 29
43 22
31 4
29 40
88 99
97 55
6 71
3 47
4 11
18 85
60 36
84 33
21 68
46 30
27 8
98 2
90 20
74 48
97 13
48 12
15 2
53 56
58 21
90 70
100 84
51 23
57 18
86 57
30 42
22 49
89 73
99 54
23 2
60 85
100 68
77 38
52 0
56 40
72 95
83 67
76 67
49 55
88 37
53 8
91 12
41 25
62 76
48 83
28 49
4 11
51 65
46 69
73 26
62 35
67 8
60 6
93 59
100 42
88 61
14 16
2 63
18 42
100 62
8 75
95 11
33 44
42 33
96 48
48 6
24 51
0 88
77 82
95 19
92 57
43 70
0 26
83 55
34 92
17 68
8 4
15 90
76 62
79 79
82 46
54 90
43 58
66 84
70 51
89 55
34 62
92 42
100 63
57 15
74 5
54 58
58 10
65 48
62 99
82 87
28 11
86 52
91 61
71 1
45 2
99 27
32 33
43 73
83 81
82 57
63 3
78 27
56 41
7 98
3 18
95 9
44 73
89 58
99 30
28 3
78 93
93 50
27 70
93 4
34 39
95 72
27 10
24 37
82 86
20 67
36 98
9 93
5 47
35 42
89 69
75 89
30 70
23 45
51 30
59 44
31 18
22 53
88 93
22 24
90 14
87 85
29 37
2 68
39 54
91 75
28 38
56 28
28 15
26 30
64 11
99 29
34 64
38 51
69 59
89 86
60 47
36 23
36 27
53 12
22 78
23 39
34 96
39 68
12 40
80 42
47 58
48 14
51 99
62 8
61 91
8 41
70 90
24 94
68 4
36 99
91 11
69 8
70 75
62 96
40 85
97 76
39 89
2 16
24 82
32 54
0 68
75 20
30 56
30 79
40 20
64 52
28 28
73 58
12 6
32 50
21 99
35 76
34 81
24 55
28 50
77 66
80 98
42 42
20 43
85 20
3 28
47 11
85 39
46 86
31 85
13 3
35 94
50 10
20 53
0 24
94 91
24 40
38 96
33 69
48 25
19 42
54 8
51 92
23 52
44 60
46 65
39 60
65 41
87 87
8 33
32 69
38 1
0 13
94 2
26 39
8 13
58 57
69 26
42 65
81 91
13 40
89 84
20 39
5 19
61 41
66 13
81 93
79 97
69 55
0 11
16 22
22 62
81 58
73 58
44 40
18 68
9 55
94 89
71 32
1 68
93 23
55 33
63 97
41 19
76 70
18 11
46 58
88 2
53 4
80 55
36 72
8 8
90 13
78 80
50 80
39 73
38 98
38 72
69 4
61 15
91 95
3 71
89 86
100 8
57 80
89 68
2 40
52 85
9 5
35 70
44 67
5 22
43 16
13 34
87 98
1 93
61 27
32 89
84 35
39 50
86 34
64 94
22 13
77 26
63 44
95 69
50 40
1 11
24 4
38 17
97 25
25 97
3 78
34 42
43 48
99 18
92 81
20 21
85 9
54 97
27 53
95 98
51 39
15 45
60 59
68 41
19 79
82 71
3 18
43 80
19 23
39 85
19 33
0 30
92 38
18 61
27 52
1 37
67 22
87 67
29 69
7 91
59 88
100 0
50 33
22 2
53 22
8 61
58 88
47 8
18 81
27 14
63 58
40 18
67 48
24 71
98 32
99 51
76 74
17 48
40 56
65 1
32 52
93 41
75 32
14 98
100 5
25 78
76 99
78 2
38 63
42 28
8 51
37 99
14 24
51 78
4 24
11 32
73 96
42 98
40 60
45 92
42 81
82 10
79 5
31 95
6 56
86 33
90 26
46 63
38 87
90 95
89 66
47 99
16 43
62 61
33 48
58 52
23 10
74 94
66 100
64 4
61 61
99 29
32 5
17 63
81 2
12 66
56 58
37 45
87 77
87 8
13 63
67 55
76 31
0 87
62 71
21 97
62 69
3 84
90 18
14 95
27 86
13 59
40 82
49 87
53 64
49 64
37 42
66 43
41 82
55 15
55 33
87 2
15 81
3 86
18 30
89 60
92 90
95 56
29 5
18 39
86 85
68 5
30 62
19 68
88 39
85 18
78 26
88 40
37 90
57 45
34 77
47 60
52 44
2 74
21 52
41 14
39 67
12 6
74 3
78 56
4 54
30 25
28 81
74 1
97 61
55 53
59 12
14 2
20 91
70 54
78 17
79 54
83 47
26 83
99 80
16 26
24 8
17 24
11 4
70 94
66 49
96 59
20 55
75 72
39 73
56 50
55 3
77 2
14 69
29 84
20 91
73 100
1 34
36 66
21 94
100 91
2 20
39 94
39 85
87 63
5 74
61 55
91 21
49 33
62 19
15 28
9 78
43 95
6 49
3 88
54 5
17 78
53 99
40 69
25 89
64 79
7 39
86 17
17 22
55 33
11 24
50 35
25 41
63 89
31 8
25 84
44 100
23 93
6 87
83 19
52 17
36 35
3 6
2 7
62 61
89 31
35 1
8 1
7 55
8 76
19 45
99 51
19 85
16 72
57 18
33 20
45 24
38 74
43 7
31 8
22 62
83 36
39 36
45 61
99 71
41 13
94 24
42 66
16 84
32 43
84 16
16 51
28 28
82 92
40 37
44 36
97 22
2 20
78 82
39 76
51 17
17 70
42 67
16 90
76 25
29 2
80 91
30 58
7 29
15 31
46 36
97 64
60 19
65 34
78 94
63 45
24 9
68 90
35 5
88 8
36 19
50 35
84 80
95 95
33 52
45 27
53 97
30 88
89 20
23 46
80 100
44 2
63 66
62 4
37 21
17 21
41 61
100 37
48 50
63 81
61 46
65 49
49 89
74 94
73 95
46 96
100 1
90 11
68 67
50 28
32 54
55 5
3 3
95 41
33 1
69 91
78 87
31 9
95 69
86 33
95 50
21 24
62 68
23 49
4 74
32 36
86 47
3 82
97 58
16 64
46 45
10 98
73 95
88 87
99 15
14 100
3 93
45 43
27 22
87 11
35 0
48 36
41 34
5 30
3 67
37 40
13 92
74 71
80 32
81 87
58 54
70 97
20 46
74 61
61 31
32 21
94 26
92 25
26 11
94 9
16 51
92 70
37 66
86 55
43 15
14 44
45 33
2 33
55 5
42 40
86 39
98 77
100 85
53 48
5 45
48 71
36 10
60 80
29 41
63 86
50 65
97 13
78 94
4 46
10 56
2 83
26 56
14 65
82 50
39 47
74 24
59 85
81 22
83 92
53 52
90 19
63 71
19 5
82 94
68 9
94 79
38 75
51 51
51 62
91 67
73 67
59 7
87 25
1 27
19 95
62 13
9 27
56 33
56 61
11 4
90 71
33 10
55 16
25 21
93 47
6 19
86 41
88 3
34 57
35 97
84 1
46 48
20 85
25 33
28 48
97 86
1 1
79 92
24 74
57 1
7 72
78 93
47 44
60 17
100 43
69 45
76 59
98 81
82 72
77 4
84 18
91 19
9 35
95 61
15 54
33 61
17 36
3 94
81 61
84 98
29 91
36 73
80 77
80 13
76 0
27 29
74 92
50 8
35 73
83 83
51 96
65 28
50 13
84 13
3 88
29 49
41 75
5 74
85 18
86 83
28 32
40 76
29 96
8 76
18 12
78 24
58 90
8 8
44 79
71 91
94 36
31 89
86 100
46 7
94 94
85 79
70 4
21 0
40 16
79 97
86 94
39 91
59 78
52 13
74 48
88 25
22 63
14 36
94 29
80 42
57 52
28 63
74 99
82 72
56 17
77 66
75 67
96 16
93 3
58 35
55 70
14 24
10 28
21 19
26 7
6 22
78 40
65 79
85 80
100 6
4 56
67 5
17 89
18 4
58 46
66 88
24 64
94 20
30 9
48 55
0 71
5 5
99 76
86 25
37 50
9 69
15 35
82 78
74 78
40 7
35 81
95 31
26 63
39 61
58 77
48 12
71 98
35 58
77 64
66 86
4 33
57 11
25 41
22 0
41 85
47 8
1 13
63 8
55 44
91 88
63 23
99 89
43 23
66 73
80 78
15 1
19 85
9 92
38 35
77 65
78 25
1 59
75 96
61 57
97 60
1 5
80 61
16 38
65 26
79 69
17 66
14 90
59 16
38 13
17 26
49 84
20 99
66 36
9 71
73 44
80 13
96 5
0 85
5 82
45 9
24 29
63 98
14 79
27 58
9 70
73 4
3 69
32 93
48 64
16 62
46 41
0 20
12 68
39 78
18 67
12 1
0 15
84 76
7 61
61 96
22 23
39 28
48 88
58 71
11 53
1 1
51 79
2 47
42 94
11 20
48 25
86 94
25 14
57 23
16 29
5 70
49 69
42 61
71 97
90 28
55 31
49 75
94 87
26 48
21 68
11 19
2 69
80 17
27 0
62 21
67 4
39 22
48 49
96 56
68 4
17 96
87 18
43 41
55 13
58 10
99 60
31 89
4 51
5 1
20 86
38 67
18 73
82 46
14 55
71 57
95 60
97 97
51 95
52 83
0 26
90 14
36 41
1 95
85 37
62 74
24 94
74 41
14 19
36 0
92 9
64 75
80 10
79 94
89 27
89 29
70 45
96 63
87 53
24 7
4 65
5 36
25 44
65 26
38 90
58 77
11 26
88 65
98 3
83 85
11 16
1 55
83 5
16 59
100 33
60 93
53 20
94 18
77 22
49 46
51 93
21 98
64 73
76 63
26 28
65 83
15 44
35 60
37 52
31 69
42 3
4 35
31 78
24 90
83 43
53 11
26 92
11 25
52 75
13 14
80 84
23 42
100 42
42 25
23 57
85 74
40 38
17 42
13 27
88 51
11 95
6 17
13 26
24 89
92 36
59 89
47 62
7 80
63 75
77 33
48 4
8 84
50 67
67 48
43 21
0 44
36 62
57 54
84 4
80 77
56 92
70 40
79 88
50 57
8 3
40 59
22 15
61 67
56 25
50 32
56 23
44 46
16 54
79 39
12 68
2 96
7 20
15 75
39 90
61 72
60 23
21 4
27 17
37 18
85 99
18 41
19 44
55 1
85 92
48 54
12 40
22 9
0 13
2 34
80 37
21 12
55 10
22 78
79 33
86 40
44 41
96 90
12 98
4 85
68 68
48 86
8 43
84 12
6 21
17 43
10 0
57 84
8 2
91 45
83 56
38 60
60 32
18 39
52 40
14 5
99 27
32 77
38 9
58 51
82 34
98 55
9 67
24 62
98 75
91 80
8 12
16 42
47 48
30 69
14 71
63 63
60 84
84 36
41 78
72 5
40 24
11 68
34 6
18 65
54 97
79 88
31 12
40 71
48 7
73 54
99 84
26 21
72 88
87 66
72 60
85 79
9 18
68 27
43 57
60 58
57 57
62 25
54 99
22 76
100 37
37 41
79 28
37 57
76 75
8 89
2 36
90 40
32 16
80 23
1 35
25 89
17 18
1 78
68 97
5 25
6 51
37 24
57 79
12 17
79 94
41 75
11 18
73 56
46 31
69 50
64 21
48 85
4 47
78 57
75 59
11 75
58 39
25 70
65 33
56 36
1 26
54 94
86 84
82 55
27 89
84 82
44 41
89 75
14 61
63 15
43 88
83 5
55 9
53 1
67 55
50 89
48 15
39 45
53 77
57 15
76 27
48 66
8 54
37 0
27 12
28 0
60 81
36 54
74 45
98 31
0 17
0 44
47 96
10 5
82 39
32 27
71 59
20 98
66 73
87 28
53 35
9 57
66 13
49 80
78 23
24 72
20 32
92 55
49 50
24 74
95 86
26 87
54 39
67 0
4 68
3 63
51 22
33 45
44 64
100 37
6 2
34 3
61 6
80 2
11 66
71 62
45 97
38 38
86 69
44 97
26 26
57 29
73 60
31 50
47 87
60 30
53 23
34 23
34 79
24 57
25 28
98 73
26 47
79 9
29 11
54 2
33 85
26 74
38 18
17 19
93 56
91 21
39 36
86 45
71 78
83 79
88 46
16 88
32 91
63 72
14 76
91 34
92 44
14 9
62 15
59 47
4 79
48 12
30 32
49 14
93 100
45 29
49 25
94 71
72 67
60 71
51 58
16 45
79 61
73 8
73 92
39 100
2 54
83 30
13 61
39 53
91 47
68 16
73 27
38 20
52 63
33 67
80 96
100 15
68 15
32 76
35 27
7 99
34 8
3 63
86 67
74 91
87 55
27 15
29 65
37 68
47 36
47 36
99 5
72 10
69 24
43 50
81 55
61 24
19 73
85 49
76 58
21 83
74 65
93 93
92 91
18 33
26 19
62 9
25 99
36 92
4 12
97 0
13 50
48 82
69 77
51 1
63 54
5 94
47 47
56 12
11 54
42 34
88 97
26 83
28 96
36 94
58 21
9 31
47 48
41 46
45 76
67 58
98 56
12 61
72 14
83 70
43 46
13 72
60 70
25 41
72 69
7 37
91 28
84 33
81 24
50 11
6 71
60 89
3 73
13 91
43 62
21 21
79 85
40 62
2 13
85 37
34 69
36 82
48 13
29 57
63 61
88 53
14 34
70 70
45 95
86 76
85 83
85 53
89 70
11 46
96 48
1 65
94 85
37 51
48 7
81 78
86 64
32 72
73 52
54 68
11 13
65 63
30 55
95 49
44 53
42 64
71 66
63 53
29 75
2 5
98 22
97 25
59 97
33 72
61 95
85 92
57 60
71 92
27 49
32 46
47 66
20 68
10 71
8 17
51 13
53 22
39 18
18 22
35 70
94 68
75 12
12 32
90 86
13 63
61 27
6 1
92 74
3 18
22 12
21 98
58 25
82 10
3 22
62 19
79 90
69 56
52 3
47 76
87 47
94 13
43 46
91 6
36 71
31 8
81 94
37 74
87 12
19 30
22 82
20 43
90 90
38 38
81 51
3 30
94 70
20 24
94 70
51 86
16 83
95 28
13 16
48 5
89 54
67 13
46 79
61 100
63 57
33 43
95 36
89 73
11 47
58 61
93 9
99 29
0 56
55 99
6 1
42 0
99 100
86 85
77 23
51 42
72 100
83 82
69 15
14 39
86 92
8 73
15 18
40 41
68 51
36 29
86 100
76 81
58 66
14 100
71 50
14 17
31 86
16 33
45 9
95 31
61 6
10 80
38 65
11 62
78 25
33 8
7 99
80 42
50 0
18 8
15 65
19 100
46 3
90 45
13 35
25 13
71 16
81 6
99 69
30 6
19 26
4 90
87 100
49 14
99 47
14 82
26 2
67 54
16 71
37 74
13 52
22 85
59 57
85 55
38 26
10 7
92 55
97 73
73 25
35 19
70 19
96 81
82 88
86 25
47 86
8 92
9 40
44 16
18 61
18 89
89 80
75 95
48 56
5 96
46 26
19 72
4 90
22 87
58 15
98 35
7 68
75 89
31 58
64 93
12 74
10 34
4 4
88 8
73 19
18 46
64 28
98 63
78 67
70 39
78 49
95 18
57 84
55 86
36 90
7 47
71 99
44 49
94 33
7 94
22 48
69 21
44 63
91 57
68 2
78 50
4 2
43 70
64 25
77 31
18 5
96 79
54 55
21 38
40 14
96 94
95 82
42 97
24 11
93 66
22 12
99 98
88 86
65 96
4 34
47 48
65 13
39 93
3 84
83 11
23 45
30 71
1 62
28 68
13 71
6 11
37 34
25 84
21 60
13 26
64 58
13 35
66 27
78 30
42 12
99 66
8 80
25 90
66 49
40 22
93 65
45 77
24 87
19 60
48 60
48 83
2 90
27 1
9 50
17 0
26 75
12 22
60 73
39 75
88 90
57 55
99 4
31 12
31 36
100 4
95 32
5 28
10 85
66 48
66 80
19 22
5 24
61 83
95 75
50 11
79 51
25 89
55 92
50 84
30 36
59 73
31 66
41 89
73 7
28 60
15 5
91 88
72 18
25 90
73 28
5 100
38 83
77 8
90 44
47 52
46 38
31 68
68 3
56 63
69 98
10 90
78 23
20 60
44 69
8 46
15 41
20 77
23 47
50 6
45 80
95 50
38 1
41 13
34 46
4 35
99 67
25 20
76 26
78 44
4 94
71 40
43 23
22 54
52 44
35 65
0 51
10 12
87 10
53 99
77 0
12 10
14 51
68 82
82 8
68 38
75 62
32 41
27 92
56 35
98 3
34 0
93 45
81 10
100 66
66 74
88 71
0 90
57 44
99 79
81 77
25 60
90 81
14 8
58 26
83 26
75 44
91 25
39 42
32 54
95 88
31 13
94 92
8 38
15 17
80 97
63 96
20 98
79 92
93 6
70 68
73 49
86 5
84 36
71 2
94 10
59 54
13 92
57 71
93 6
88 44
75 62
30 24
31 51
40 6
59 74
43 35
46 39
6 24
91 2
6 33
84 8
92 5
46 30
64 6
12 20
91 50
6 39
80 69
75 2
48 90
78 86
33 29
52 39
32 95
100 94
11 95
55 59
69 12
46 20
70 27
35 3
54 8
98 76
77 5
51 43
42 68
13 28
84 14
0 42
39 42
17 36
86 72
34 70
21 17
23 48
73 25
1 81
27 74
70 16
0 85
10 58
59 82
18 32
20 64
43 17
66 49
52 39
53 90
36 98
38 15
30 71
85 3
14 31
18 35
52 20
5 41
89 27
25 36
63 67
88 22
58 80
20 53
56 15
63 71
45 82
52 79
49 76
20 40
17 91
23 50
75 89
79 81
44 57
8 12
89 44
21 46
9 55
26 20
42 46
94 83
92 74
69 36
60 0
79 69
10 15
91 23
100 58
99 23
91 59
68 42
87 53
22 0
0 33
52 3
26 99
26 46
29 72
99 32
28 59
68 62
1 98
1 60
2 15
81 8
10 64
92 76
66 80
96 8
14 56
33 73
42 79
74 47
37 40
72 97
25 13
45 49
74 15
13 4
52 14
59 78
88 76
82 78
67 98
25 41
83 41
38 31
62 79
31 59
11 73
28 14
69 11
5 90
99 36
35 54
22 86
18 6
58 49
21 39
11 28
76 95
1 20
76 3
33 39
10 76
55 48
93 52
70 20
55 76
41 3
6 9
2 21
80 11
12 73
8 73
67 7
7 39
92 54
89 52
0 60
41 32
61 62
63 70
48 29
28 50
25 88
17 33
8 21
80 33
27 80
79 80
89 41
11 14
57 70
9 3
15 8
66 75
99 27
99 86
8 8
11 22
76 98
88 54
53 14
91 86
76 55
60 5
93 91
73 4
87 20
15 89
58 32
10 28
58 57
62 94
65 64
57 56
3 7
66 74
79 96
17 64
18 41
0 84
64 6
53 81
92 12
35 39
74 46
40 3
5 28
64 40
0 39
56 17
28 53
81 54
21 90
84 31
46 76
82 22
40 65
4 34
16 90
98 43
57 16
43 85
31 80
20 74
17 23
62 83
77 71
88 7
86 86
88 49
33 69
93 92
10 34
78 35
51 53
31 15
63 48
86 75
86 89
100 45
25 86
82 1
96 79
76 73
88 36
100 20
51 39
4 32
4 34
80 99
63 12
34 91
84 55
34 60
21 30
45 33
72 27
19 88
72 85
100 18
18 91
44 63
96 11
29 79
7 12
8 56
90 82
42 32
13 57
20 19
24 55
46 21
54 83
30 32
52 9
98 36
93 18
37 6
67 25
17 32
33 85
50 50
4 10
19 34
80 57
20 43
34 4
82 93
94 27
80 51
72 15
31 32
85 66
42 31
6 47
97 97
39 6
38 6
31 88
36 18
76 25
88 3
22 38
0 17
99 75
41 61
85 5
47 33
30 38
7 95
78 28
7 3
30 56
12 93
61 97
70 91
93 60
67 35
73 34
8 34
24 26
58 19
31 95
63 52
36 24
44 17
72 4
81 55
97 40
21 52
85 33
64 41
66 43
46 92
50 8
51 94
69 96
38 47
91 59
95 52
68 83
53 62
63 65
31 95
26 99
69 9
22 5
33 35
10 94
29 0
54 94
49 47
15 67
33 2
1 84
97 6
5 86
6 38
10 81
3 46
100 50
77 2
54 45
95 18
47 100
75 26
27 92
43 74
19 40
98 80
25 77
43 84
38 67
26 72
76 69
30 95
92 17
93 97
19 22
28 27
52 3
61 95
92 29
84 12
79 24
81 70
60 58
8 10
3 27
88 12
31 10
16 99
99 23
4 3
57 13
0 61
94 39
84 2
58 68
14 8
75 26
59 50
94 78
6 37
41 82
18 58
83 0
86 97
57 48
73 87
20 6
59 12
20 46
100 91
58 85
26 55
82 56
27 64
52 25
78 0
100 45
73 32
24 99
46 84
36 82
79 35
79 99
87 52
72 86
52 3
83 63
43 4
10 68
22 69
36 71
53 94
75 77
0 2
22 71
29 86
35 34
87 22
21 98
59 96
36 21
97 64
8 86
13 4
35 5
78 88
71 60
65 36
54 22
55 19
23 98
76 65
33 62
89 78
76 7
49 4
98 91
2 36
35 66
76 76
26 47
88 79
9 74
28 72
95 41
73 30
13 86
56 3
8 20
82 96
73 34
13 77
57 81
53 49
15 31
37 86
93 77
49 85
7 55
25 45
43 6
8 64
9 96
61 37
76 37
85 30
10 65
35 20
88 72
5 40
97 49
64 78
28 97
10 95
17 22
57 61
18 41
38 29
91 85
46 16
1 83
88 11
58 56
18 12
37 71
47 64
96 73
76 28
30 69
9 100
47 59
92 97
2 49
15 70
11 86
28 57
40 60
81 24
23 46
31 25
55 52
40 64
71 97
24 68
10 33
29 65
16 4
46 34
18 88
83 41
41 71
61 16
86 26
54 98
88 92
13 41
74 2
88 27
98 17
20 86
7 41
39 63
0 72
72 97
32 55
46 88
56 72
47 41
63 92
83 58
70 19
39 52
94 54
91 81
38 10
6 28
42 53
17 97
61 81
59 44
25 88
97 70
34 29
76 14
4 80
66 76
49 62
63 6
17 57
19 48
94 100
69 20
88 31
83 34
55 75
33 23
43 24
82 94
88 5
47 42
84 0
21 8
76 64
80 51
24 23
33 20
26 48
12 6
47 19
95 10
80 68
4 41
80 98
60 15
95 63
61 57
79 56
90 84
28 65
84 59
85 50
82 0
11 40
74 38
35 77
64 30
99 94
49 29
44 48
57 36
4 2
90 35
49 77
84 67
21 56
30 21
27 40
99 68
67 70
37 14
79 53
13 12
81 36
84 88
42 51
99 23
46 66
37 69
82 22
46 57
12 71
43 76
72 14
27 91
76 12
45 70
1 41
33 35
51 57
26 93
7 70
19 4
31 29
29 66
75 65
11 29
31 39
13 38
82 75
38 69
8 9
88 74
84 94
40 17
57 16
36 88
12 12
13 10
56 86
11 75
63 44
82 25
50 43
49 90
45 88
45 63
19 57
34 40
95 100
27 13
58 100
13 6
0 77
40 12
4 57
67 17
29 60
1 64
74 65
32 71
99 18
30 31
15 85
10 97
43 20
84 46
63 100
70 12
43 41
60 37
98 58
27 53
44 2
2 38
28 41
34 96
24 0
94 16
93 16
47 8
13 88
34 39
94 38
99 46
39 76
51 85
48 60
1 44
78 23
77 42
63 13
68 81
32 43
92 76
76 68
46 35
0 88
65 23
50 38
37 13
22 20
18 85
96 68
92 64
64 68
65 60
20 10
50 25
12 90
76 100
61 19
65 89
55 78
82 25
62 35
68 94
73 85
49 89
10 91
69 25
67 13
90 14
57 68
7 45
89 7
7 31
75 35
56 31
79 46
24 52
18 89
72 17
65 53
84 47
5 25
41 26
7 100
29 72
60 94
21 50
1 83
42 70
15 66
25 3
100 99
35 3
41 91
90 48
91 82
13 93
11 70
75 44
66 60
3 74
5 23
86 10
1 96
20 42
65 8
28 67
10 36
69 52
7 62
80 98
15 70
42 78
96 9
26 36
14 75
38 77
76 61
10 23
78 21
16 2
85 42
53 75
57 69
66 35
66 12
17 73
34 42
5 70
61 44
5 100
29 58
97 52
72 28
49 69
41 38
94 92
76 62
81 75
15 95
58 89
68 17
45 0
73 2
98 38
61 36
85 75
41 63
94 48
37 96
96 19
49 74
9 4
36 14
20 50
31 11
28 84
26 5
12 43
81 62
51 54
77 5
12 28
67 60
2 64
51 98
61 72
47 37
14 23
46 49
48 17
66 66
76 56
34 78
36 4
53 97
52 30
43 87
10 9
67 96
28 67
77 96
49 66
82 95
72 16
65 5
60 3
78 27
9 7
58 76
73 88
47 50
24 10
100 67
42 13
42 87
81 27
79 95
71 68
98 14
43 15
76 87
24 47
50 70
24 47
20 89
41 89
59 25
5 47
15 79
45 10
78 61
5 42
42 33
100 57
63 52
47 66
11 47
21 48
33 13
58 88
6 64
37 78
87 73
100 89
65 64
69 46
51 84
35 76
31 12
21 61
41 73
42 44
99 60
48 58
9 9
14 74
30 80
84 5
7 72
65 69
41 31
4 71
96 68
83 60
29 65
32 10
55 2
14 84
35 1
91 74
72 100
33 30
31 63
96 17
64 94
98 79
91 9
83 63
4 74
10 8
56 82
56 46
92 83
15 45
33 9
65 82
17 76
11 84
90 24
46 37
36 96
60 100
43 25
61 12
77 87
75 9
44 47
46 47
65 11
63 87
25 53
52 14
88 61
85 98
46 3
93 61
3 48
40 80
34 45
91 46
2 4
52 26
23 10
12 20
86 4
63 24
66 29
62 26
29 4
86 47
13 82
14 82
82 34
12 54
16 19
77 80
30 98
71 21
94 8
25 0
76 4
88 77
56 87
70 88
33 77
86 8
36 39
65 17
5 88
68 29
25 47
78 63
26 69
28 28
5 45
80 79
12 12
57 11
30 9
16 99
15 42
60 43
18 56
73 51
6 67
83 34
31 1
62 91
18 92
74 44
60 17
68 96
35 77
19 11
59 95
56 73
1 39
97 49
61 88
88 92
46 12
5 1
35 9
33 37
32 29
32 4
63 0
70 89
62 59
70 68
88 18
24 69
62 22
87 71
37 66
63 37
38 35
78 0
1 78
52 9
65 95
3 58
59 64
37 41
30 0
70 89
84 9
92 65
12 33
81 22
66 18
80 99
14 34
75 97
18 14
96 1
92 8
58 55
74 65
19 25
4 95
18 81
19 59
93 55
76 0
3 86
49 38
60 42
74 66
33 72
40 53
79 3
23 5
2 39
32 49
58 1
8 41
92 61
80 53
7 86
53 83
8 8
39 34
72 90
18 54
91 83
2 26
7 12
14 29
9 42
16 95
24 55
4 42
85 78
80 8
73 89
45 88
13 87
55 13
71 81
18 51
46 58
24 12
58 48
43 99
88 45
64 47
55 46
57 0
28 79
7 16
21 28
2 2
94 80
46 72
25 100
87 99
50 9
60 92
0 44
14 18
18 17
4 99
24 84
48 5
91 90
17 37
34 67
8 71
17 47
47 41
15 64
74 36
19 36
29 57
21 0
82 34
41 19
67 34
26 23
37 44
58 46
72 55
35 95
73 98
63 97
57 6
19 7
39 34
80 66
18 68
42 76
97 63
49 24
67 30
90 81
86 34
83 34
43 43
40 19
54 19
51 78
53 40
67 63
58 45
37 14
27 84
88 81
3 32
46 81
5 47
44 11
17 41
67 37
50 32
98 35
15 31
99 56
58 93
27 74
98 13
94 88
27 18
27 20
68 70
19 76
78 57
54 25
30 97
98 36
68 57
93 21
76 26
67 17
66 36
50 12
19 9
29 11
4 40
94 89
35 57
81 58
35 51
86 51
22 38
13 14
58 40
44 79
46 100
59 11
74 41
77 95
82 75
74 89
49 32
8 38
25 95
31 40
47 7
57 11
76 70
26 69
87 18
93 37
26 10
85 0
62 89
58 50
3 90
99 48
75 26
6 50
31 66
10 88
76 69
21 54
5 83
76 77
63 63
76 38
100 26
91 22
36 62
31 0
99 13
92 87
12 50
5 66
42 76
73 17
27 28
42 7
1 71
33 85
36 26
94 40
78 85
83 57
17 25
22 91
20 48
94 2
26 85
29 72
80 98
96 26
8 8
8 31
17 57
29 95
62 76
60 31
5 97
16 38
49 83
92 16
55 78
48 74
97 60
76 96
3 97
3 78
14 88
93 62
19 51
36 40
60 57
41 31
96 27
93 8
17 37
30 73
77 61
20 45
85 70
13 35
82 17
74 24
85 34
55 51
63 57
89 32
52 26
15 9
96 26
11 96
30 32
19 96
7 16
68 42
52 59
21 85
14 96
58 7
95 42
56 22
100 74
39 41
52 72
50 2
91 58
3 98
14 14
45 62
64 14
78 30
9 80
71 40
24 88
18 68
82 5
26 62
43 40
89 74
24 22
51 70
73 20
3 20
48 98
30 15
95 38
72 71
68 22
82 57
92 3
40 55
50 74
63 10
97 75
32 100
73 11
2 69
52 7
37 6
16 21
94 97
70 7
80 87
36 99
37 88
57 65
36 13
64 56
84 38
40 60
37 86
48 25
10 50
35 88
45 80
51 67
97 5
66 20
13 61
62 36
39 34
77 54
31 48
39 73
84 52
15 24
15 41
35 56
62 65
78 69
34 95
92 22
14 69
68 62
37 32
92 16
98 94
5 32
53 65
4 60
39 18
73 55
72 58
53 22
35 18
86 10
27 16
40 60
75 83
60 52
9 37
58 9
26 40
97 89
78 27
12 74
74 80
36 0
75 39
24 2
4 69
25 58
62 30
53 96
40 86
71 4
80 60
3 54
29 61
83 97
6 12
55 70
48 91
100 51
0 82
2 86
24 6
35 63
53 26
72 84
12 31
39 26
59 55
60 4
21 10
68 59
10 26
79 24
48 2
92 85
75 54
26 38
42 22
60 91
7 45
74 94
28 20
90 89
18 37
1 60
26 55
44 85
55 55
12 73
13 13
7 40
35 34
72 99
100 67
5 90
56 0
60 99
100 50
6 58
72 32
77 31
75 36
24 81
100 70
1 38
85 70
92 18
35 48
56 37
34 48
65 4
63 48
59 19
90 67
87 66
58 57
33 61
34 56
49 70
91 3
11 85
47 77
85 31
98 10
8 83
90 21
90 64
67 36
2 64
63 33
96 19
58 100
51 70
96 96
86 40
91 9
0 4
59 2
95 56
67 13
50 37
26 42
44 52
21 95
48 68
91 54
9 71
90 20
31 32
36 21
37 40
62 20
96 74
17 71
76 56
85 82
77 3
22 47
9 96
89 43
35 9
19 78
99 16
83 71
28 74
83 60
69 92
99 21
85 32
49 52
3 67
76 15
93 8
14 20
60 9
37 68
62 64
96 17
54 11
62 90
92 99
62 71
17 11
67 98
10 98
37 72
57 0
58 30
41 41
88 14
84 69
81 55
27 19
0 46
57 63
5 16
82 37
79 56
53 96
30 65
66 90
25 47
67 15
97 61
33 24
59 6
0 30
32 93
99 47
10 52
26 28
29 93
56 91
12 41
59 96
77 88
32 42
85 40
60 88
30 60
1 16
41 70
81 20
88 42
46 28
85 60
65 23
61 5
1 50
94 35
64 83
57 29
65 24
38 69
46 10
68 100
13 56
31 20
94 74
85 0
44 17
60 46
52 21
95 2
0 58
52 31
40 43
12 33
77 75
28 7
10 88
85 82
32 81
9 98
6 15
8 98
99 23
2 42
9 44
16 5
1 44
72 29
41 75
41 49
75 41
36 84
97 4
55 67
93 3
4 44
11 1
88 57
89 39
24 37
30 8
19 19
24 15
40 37
54 6
26 12
89 93
55 79
41 2
17 67
87 21
21 23
48 34
3 44
65 60
99 97
18 17
71 54
98 4
24 33
93 27
29 0
6 72
11 84
73 24
99 91
7 47
42 14
73 17
22 23
59 60
40 8
42 69
33 100
43 74
15 54
27 84
39 13
22 24
33 91
37 42
94 24
16 70
6 81
87 92
14 74
76 70
90 22
64 93
1 47
98 75
13 21
63 73
16 93
95 17
46 18
80 72
43 93
21 47
27 99
17 13
15 15
64 100
75 70
3 7
100 19
23 19
24 66
42 100
19 63
23 50
27 62
20 53
16 67
70 0
53 0
76 19
3 27
93 33
59 22
73 98
24 98
81 27
60 7
48 2
28 7
73 19
39 23
67 3
14 5
23 45
56 18
40 48
34 87
25 4
56 89
16 40
52 24
77 27
96 40
28 57
61 48
28 42
48 26
56 40
46 50
3 38
65 6
46 19
40 60
23 3
5 73
6 78
58 89
23 23
22 33
58 84
33 85
52 92
49 99
4 60
88 88
35 76
97 21
48 91
45 56
94 69
68 90
18 23
36 45
92 44
47 42
23 93
39 90
5 25
3 93
91 49
7 59
17 64
70 45
94 80
1 42
58 55
42 66
13 11
46 96
19 14
44 95
24 16
51 52
19 5
14 60
95 67
29 55
50 0
96 49
9 4
82 74
19 85
57 80
60 42
90 95
29 5
48 52
7 23
97 70
64 94
51 1
82 97
14 42
79 81
44 8
56 1
8 99
31 62
72 5
56 11
31 30
4 40
70 28
14 14
6 1
16 91
85 96
40 7
2 92
52 85
4 29
63 50
91 17
29 13
37 99
72 22
29 29
74 80
13 66
88 92
1 4
47 53
49 26
94 70
61 16
40 59
47 72
32 23
85 6
1 29
33 26
34 98
28 63
60 100
42 48
93 98
18 57
10 91
76 98
44 95
36 49
92 91
14 12
21 71
78 62
86 54
39 29
85 13
41 74
76 51
3 10
59 57
22 77
36 25
90 75
24 59
12 45
36 10
32 40
17 70
29 0
99 36
49 22
0 41
69 11
87 36
82 80
60 0
84 93
57 63
19 52
22 72
57 71
83 58
75 7
9 6
84 26
23 13
11 48
10 75
35 78
47 0
74 81
42 57
78 41
36 16
93 1
45 68
78 27
55 8
37 45
11 44
51 39
33 25
22 85
100 9
42 41
53 72
75 94
66 0
91 16
42 4
55 84
33 80
96 83
33 21
18 9
65 97
75 21
80 28
78 56
33 20
6 95
78 3
48 10
5 23
55 73
69 69
30 63
21 41
100 37
51 14
90 8
39 96
10 42
7 85
75 8
47 92
29 28
100 67
24 61
70 53
54 77
19 51
81 97
24 94
53 50
21 74
36 63
95 77
57 79
61 66
71 6
37 3
29 35
7 52
35 24
20 92
4 94
14 69
97 54
80 83
53 46
64 10
79 69
81 42
90 42
41 8
11 50
43 0
28 69
28 96
64 79
92 65
63 55
20 93
6 15
62 90
0 97
21 29
17 30
21 45
68 44
3 23
10 97
59 16
18 45
33 30
76 26
33 80
72 0
23 10
0 79
68 79
71 2
1 87
67 18
83 59
28 29
45 58
94 27
56 21
45 51
38 92
10 67
38 71
58 99
35 72
65 84
71 37
14 56
86 63
81 5
62 33
40 64
88 89
14 61
72 47
23 81
68 6
29 29
80 12
77 61
46 75
96 61
21 81
94 92
1 21
20 10
75 43
0 4
49 3
42 6
24 16
18 69
95 0
36 9
64 58
63 95
10 8
39 61
4 87
14 39
39 15
100 30
83 76
5 24
4 44
22 23
29 49
31 86
70 6
28 7
83 13
17 32
56 76
41 40
74 25
70 53
100 70
70 69
61 31
1 60
73 91
84 27
87 73
81 24
77 88
31 81
63 51
7 35
70 56
15 22
76 92
78 95
93 36
34 8
8 61
77 51
2 9
62 39
32 86
39 0
75 43
19 28
30 54
92 51
96 25
55 63
79 72
6 26
22 94
60 29
67 54
51 58
44 97
64 38
52 88
53 61
51 21
13 61
5 69
47 67
40 62
80 18
96 88
98 15
31 82
6 11
49 85
37 81
51 49
59 61
50 93
50 4
81 63
79 20
12 94
89 60
5 39
84 45
86 3
92 12
16 65
46 21
17 53
29 0
35 45
89 27
27 58
19 86
8 40
33 29
32 31
0 57
76 65
57 49
28 96
84 9
43 41
2 100
66 8
29 100
91 51
34 81
65 52
10 31
91 89
76 14
38 78
21 56
1 7
4 20
12 50
33 25
62 19
54 53
52 29
10 97
62 71
85 16
19 73
78 16
72 24
10 7
69 0
43 71
89 64
76 58
77 78
84 63
57 38
9 85
30 87
44 22
74 73
63 17
61 68
13 8
81 76
51 24
51 34
52 41
31 93
42 44
64 100
20 8
42 80
18 89
8 4
96 6
25 2
98 13
29 21
61 63
79 89
97 19
76 22
14 75
89 78
81 79
69 39
12 80
94 24
58 32
39 81
68 98
47 3
8 94
52 14
64 40
10 66
74 69
29 4
65 3
31 37
25 89
64 96
10 63
20 3
97 37
13 85
46 61
12 27
74 10
84 34
67 0
55 38
91 19
0 28
81 29
11 7
40 46
63 15
22 75
34 38
99 28
60 29
14 74
0 56
48 69
44 86
72 40
57 44
96 3
59 89
33 86
45 34
68 67
16 1
43 42
45 71
17 24
21 91
16 44
84 99
60 97
34 38
80 43
84 82
97 99
35 14
31 41
3 6
59 41
43 66
55 60
33 4
17 16
85 68
66 85
74 45
9 66
68 18
4 59
17 19
77 21
93 78
98 89
84 1
35 48
21 86
47 97
64 41
7 20
8 37
4 48
75 14
17 14
6 65
67 35
73 58
42 78
6 20
56 85
96 20
26 40
40 81
12 37
95 4
19 59
34 65
54 94
66 12
91 23
92 38
81 29
97 3
34 73
51 8
23 16
93 70
1 32
27 29
80 44
30 43
2 88
49 25
11 33
30 18
27 74
11 79
2 9
62 47
99 79
9 10
30 65
33 29
57 18
53 18
9 29
63 31
100 18
37 81
69 82
98 48
36 94
55 64
78 45
61 18
82 48
65 5
73 88
38 53
41 89
88 35
62 76
3 85
52 36
88 34
18 22
26 33
7 99
37 96
22 48
58 27
6 58
59 58
74 38
10 59
5 38
39 42
80 85
57 48
100 48
51 86
74 26
30 21
61 32
75 74
1 10
2 93
38 72
88 12
24 19
42 18
48 2
0 81
11 77
25 37
58 88
98 55
74 68
53 92
55 70
99 59
31 14
50 73
40 62
62 55
98 44
20 13
41 74
30 79
49 42
19 13
41 66
99 25
91 14
53 63
43 36
20 80
79 53
76 20
17 23
13 60
44 35
69 28
0 36
58 75
1 10
6 26
14 7
2 63
58 54
54 52
27 63
90 51
95 7
54 18
91 44
88 58
5 67
60 23
81 97
87 12
77 68
23 96
50 41
85 27
40 46
26 58
0 77
53 50
19 58
3 28
28 36
9 10
2 84
61 12
43 59
97 42
22 32
36 67
74 82
8 1
20 20
85 32
15 86
53 80
49 12
57 86
65 84
68 13
13 83
29 65
1 34
8 21
78 63
95 87
39 87
21 75
66 49
85 46
47 41
91 12
45 43
92 7
9 10
70 46
93 87
8 3
68 93
77 74
53 55
51 4
75 1
18 0
86 87
98 65
51 75
77 10
30 40
19 16
45 27
38 73
75 35
47 68
41 97
82 14
35 80
29 45
5 94
100 63
14 58
34 46
46 5
35 19
17 52
42 15
39 28
53 85
76 32
84 44
99 38
12 32
77 6
44 87
8 92
70 22
68 18
10 57
8 36
3 63
24 69
23 63
36 84
20 69
83 7
52 33
35 49
67 94
14 13
68 50
27 7
13 76
55 98
30 76
69 94
75 61
28 89
55 41
40 53
70 66
47 27
49 9
0 55
44 39
23 62
44 51
53 95
12 32
41 57
51 90
39 100
74 53
82 23
88 77
38 72
97 72
45 44
31 80
91 79
33 100
48 61
35 13
51 75
80 37
41 82
39 19
14 87
73 84
52 56
74 8
60 42
93 7
76 32
51 8
98 1
99 42
27 59
71 33
95 90
41 10
31 2
92 58
90 56
57 30
5 32
81 43
100 45
8 68
47 9
74 34
10 43
65 2
93 98
64 30
11 1
79 99
3 48
67 18
63 67
25 77
32 96
57 80
41 26
98 18
13 91
85 96
78 100
99 89
97 82
96 5
34 13
72 39
22 88
22 37
86 29
19 44
98 33
74 64
85 53
41 61
59 99
76 66
46 88
38 64
5 35
47 28
85 97
14 23
17 5
8 42
89 81
39 39
31 53
64 32
81 15
15 42
14 39
11 23
81 51
36 57
56 54
45 13
98 73
93 92
76 90
49 6
46 49
60 69
13 55
4 37
23 85
96 88
60 56
48 63
42 3
33 70
25 66
75 90
100 93
80 25
57 46
68 56
66 91
69 12
73 21
1 50
57 41
64 79
60 22
34 29
100 23
53 29
34 29
79 7
75 8
61 79
93 7
100 34
55 80
48 48
12 83
93 97
41 99
3 100
75 2
5 92
48 18
17 71
98 57
54 22
52 76
67 59
2 19
8 29
54 97
64 10
76 100
40 24
56 76
9 7
52 75
34 45
17 47
73 4
20 30
34 13
40 38
84 71
83 67
31 64
80 75
99 97
31 76
95 12
57 68
49 81
69 70
10 82
31 5
50 18
80 54
52 51
89 100
53 22
11 98
70 41
34 27
29 57
4 7
65 1
81 11
34 59
87 59
39 79
55 93
20 39
11 1
67 81
58 83
23 26
38 80
68 80
27 58
73 98
43 89
5 85
54 48
50 98
21 81
86 45
7 59
64 5
62 81
54 60
28 83
48 86
71 5
50 80
80 9
23 24
71 70
69 70
85 8
93 67
92 55
87 85
52 27
0 98
52 81
66 63
45 1
81 33
66 35
7 64
75 35
35 35
8 65
82 75
83 66
7 60
68 35
93 71
33 26
47 13
74 65
85 52
28 81
58 39
91 20
43 64
71 52
22 9
71 94
26 46
63 35
89 27
78 64
85 68
4 38
48 36
22 31
86 47
88 2
34 1
32 15
43 21
6 44
32 33
69 54
80 58
6 53
87 20
68 21
35 59
57 44
42 34
13 11
49 88
36 54
12 77
71 1
67 58
37 60
62 83
51 95
5 72
52 20
85 92
18 32
79 18
11 18
74 8
73 15
19 44
92 33
40 16
0 69
36 72
8 21
19 59
74 21
37 22
35 49
96 20
48 73
48 52
94 29
48 92
22 43
97 1
78 80
99 87
86 42
23 16
76 93
49 36
9 81
5 82
82 40
97 4
79 97
19 48
79 22
43 78
79 78
81 17
36 44
58 0
20 52
91 55
39 27
88 54
52 65
9 15
92 99
8 19
75 84
42 22
42 2
32 9
75 15
8 24
61 30
75 48
40 70
92 24
91 30
69 48
46 9
93 77
5 72
3 29
31 1
92 82
99 31
98 44
34 68
100 28
91 4
0 65
84 82
46 23
94 5
23 53
51 83
61 6
63 87
43 81
79 46
68 37
49 66
26 57
94 75
42 74
48 6
20 78
93 79
33 71
15 90
79 14
10 2
8 9
70 55
1 29
63 42
62 38
18 85
58 43
94 53
84 73
65 68
76 82
24 93
68 60
81 32
39 12
94 61
79 82
19 50
43 24
5 48
39 5
98 80
72 84
36 80
8 46
48 77
84 61
18 75
74 85
38 10
66 99
90 11
0 85
83 75
45 30
34 91
55 77
80 27
45 34
12 91
79 39
71 97
25 46
79 97
95 52
98 86
1 39
27 46
73 52
80 74
54 99
8 24
40 60
17 32
85 41
23 67
49 17
4 69
34 58
10 97
3 84
87 18
35 9
98 93
62 44
39 95
19 81
85 48
63 1
1 97
8 56
33 60
47 70
98 92
7 18
79 96
92 36
59 65
91 25
64 4
90 18
85 31
38 93
24 81
85 98
86 41
58 65
41 37
38 75
9 1
19 26
51 39
44 91
72 30
98 84
95 38
75 32
53 66
94 1
30 44
87 55
23 67
67 0
76 22
22 89
56 5
64 35
43 66
69 77
78 66
52 55
44 86
96 19
72 51
32 61
63 73
65 95
81 40
76 42
51 4
27 25
99 12
37 19
65 27
53 38
65 79
87 91
72 96
3 83
38 4
65 34
17 6
67 21
73 76
14 54
1 52
41 5
73 20
82 95
69 10
9 25
10 11
94 26
34 95
85 36
23 20
96 39
94 62
27 20
33 13
99 75
12 6
92 17
93 60
14 87
27 61
76 98
67 14
83 77
14 7
46 63
14 65
41 9
41 71
20 86
32 43
99 15
72 6
67 56
39 16
0 50
27 76
26 57
33 71
40 55
82 23
23 66
64 48
43 89
92 82
82 11
67 56
10 45
100 48
51 90
72 10
36 52
76 30
11 9
29 24
28 13
99 99
68 87
11 80
56 8
38 69
70 89
100 77
99 31
86 58
42 31
54 99
77 77
49 33
15 14
16 6
86 35
55 50
49 20
37 86
90 13
40 60
8 36
1 19
95 82
9 74
51 18
64 34
10 100
68 32
61 33
49 28
66 17
81 90
28 94
90 87
14 15
76 47
12 26
51 45
39 56
26 10
6 58
28 4
68 20
31 51
69 27
14 47
32 39
46 78
96 16
32 32
32 5
11 36
80 62
52 65
64 38
76 21
49 55
60 44
29 40
59 72
81 85
54 13
37 54
81 58
80 47
63 17
9 75
60 99
15 84
21 34
47 71
93 15
61 81
16 51
2 97
53 71
59 46
24 34
54 0
72 100
48 21
18 80
26 28
76 0
53 26
35 54
4 88
89 40
31 30
49 85
78 97
9 47
91 30
31 54
94 31
4 41
64 64
12 41
9 93
51 87
49 52
28 25
52 42
21 55
65 0
48 64
2 18
69 16
70 74
52 85
65 18
35 0
24 2
81 91
90 80
75 98
11 26
5 32
27 18
72 72
86 94
20 54
37 1
1 27
21 83
28 3
58 57
5 10
71 58
61 57
100 30
32 5
86 79
38 58
93 100
67 23
25 41
26 62
13 99
73 85
45 66
88 95
0 70
85 78
74 35
64 72
64 1
68 46
37 70
62 21
41 28
38 36
14 6
100 94
82 91
62 38
1 77
81 69
8 88
91 21
95 18
4 43
69 53
6 16
34 37
90 35
49 99
98 86
13 74
48 21
26 68
99 15
61 81
90 38
11 74
52 97
32 70
64 29
10 40
51 59
39 41
74 70
79 83
40 83
92 33
13 29
50 81
25 3
64 36
83 97
98 96
48 82
99 99
26 15
88 43
33 80
38 77
21 30
24 69
80 18
36 76
16 6
91 72
45 36
39 93
64 62
26 40
0 64
25 84
94 44
97 70
38 29
2 19
87 87
33 8
64 90
74 68
63 9
81 72
99 4
77 56
69 68
35 86
18 42
19 71
80 6
17 16
93 44
63 86
13 80
93 12
62 97
46 26
32 6
10 7
77 54
74 48
13 64
15 44
16 71
44 58
73 55
48 30
88 50
20 6
66 82
26 15
57 31
39 19
59 92
8 83
40 76
16 87
28 8
4 60
50 15
66 9
34 71
46 78
43 59
64 79
50 80
80 77
39 25
11 64
52 28
6 4
49 63
23 54
45 15
60 30
31 35
12 29
8 31
69 60
46 63
5 58
37 80
0 17
50 96
1 42
69 93
35 92
43 71
29 35
49 67
91 20
66 34
8 16
10 92
18 100
68 32
45 11
6 96
33 53
62 99
37 2
85 56
15 43
86 5
89 6
90 62
40 8
85 94
96 85
91 60
77 52
43 49
41 58
73 45
76 11
65 21
59 90
34 40
53 31
22 76
2 89
86 53
50 7
79 79
40 46
67 1
14 77
33 73
1 73
3 98
41 68
42 52
38 38
69 74
53 67
85 79
80 88
16 94
49 63
30 13
25 16
80 23
17 24
80 65
65 69
98 1
17 33
69 46
79 47
82 88
17 100
34 42
35 64
26 21
35 62
31 3
85 74
98 68
95 46
11 86
76 20
55 87
68 3
68 69
19 17
71 85
39 35
68 21
69 6
24 47
2 95
83 62
15 29
27 47
42 18
44 33
25 33
47 25
98 8
89 37
60 95
16 50
28 65
87 22
69 49
69 9
9 61
9 62
70 2
70 21
1 16
68 36
100 35
87 91
23 95
80 96
10 76
39 96
31 16
4 54
91 77
62 99
38 24
78 1
5 57
98 48
39 83
7 68
58 4
7 91
14 2
40 63
54 44
34 68
65 35
83 30
24 78
89 94
30 15
36 39
10 7
17 30
51 71
94 90
4 38
35 58
37 26
1 35
28 48
3 87
62 79
86 62
47 71
98 4
59 85
98 72
27 85
88 86
91 51
0 64
79 55
78 94
7 97
100 44
44 49
52 12
94 75
12 23
92 12
87 29
21 66
35 64
20 100
76 37
73 47
14 58
45 93
46 10
33 15
1 91
23 32
22 8
22 65
22 14
13 93
69 51
92 20
27 39
11 86
89 10
93 86
38 36
75 5
91 61
31 1
69 27
28 44
18 46
34 63
58 84
31 33
29 43
58 68
17 83
75 68
6 70
56 79
5 56
27 49
16 6
61 50
94 46
54 5
21 68
38 63
64 60
78 59
35 95
39 65
60 98
53 45
88 28
62 93
54 60
69 22
31 59
30 77
2 76
49 63
34 49
18 4
43 32
6 70
13 75
56 36
86 91
41 25
89 13
2 7
76 32
11 46
51 47
57 23
34 76
73 57
80 64
22 20
68 79
45 22
94 50
14 77
69 16
35 9
31 84
40 76
25 53
77 85
3 8
84 80
29 40
59 48
100 48
31 97
39 0
59 84
76 2
54 67
80 76
64 20
67 1
94 58
20 53
75 6
62 94
44 65
12 6
91 70
57 86
74 28
7 7
7 94
82 42
21 81
16 95
69 23
34 69
54 76
36 83
1 5
41 6
25 75
1 53
25 32
5 90
35 43
60 87
39 89
18 29
1 38
57 24
10 57
1 24
27 82
77 88
18 86
5 81
43 24
89 15
86 90
10 59
66 66
4 69
28 2
13 42
50 29
24 48
14 17
56 70
4 30
61 74
41 38
43 14
76 24
54 73
21 41
89 2
59 93
45 27
99 17
36 40
82 57
73 29
24 5
34 68
64 34
73 81
93 77
67 25
8 79
47 100
45 15
29 1
99 59
88 27
22 19
42 34
65 4
50 74
36 66
94 35
72 79
74 12
92 27
93 45
54 99
22 94
68 76
35 44
90 16
50 21
86 12
9 39
97 23
3 13
59 52
24 73
42 1
63 14
86 85
71 96
11 41
48 34
7 43
84 99
70 98
18 14
72 2
79 14
18 84
42 31
45 60
90 95
11 97
22 87
13 93
29 80
25 8
85 51
84 96
86 30
39 31
63 27
70 41
10 32
48 63
12 34
15 73
82 60
7 15
41 22
90 53
44 53
19 89
42 52
48 71
71 2
39 13
74 34
14 71
61 22
56 43
71 5
57 84
17 42
23 80
60 70
37 39
84 35
4 44
63 82
9 89
23 97
17 17
80 25
65 17
3 77
22 27
1 19
57 5
63 38
83 52
12 96
42 81
42 54
45 36
6 72
97 10
4 56
15 3
70 25
79 66
34 18
79 25
91 95
1 12
28 78
38 36
72 39
64 14
48 40
92 32
3 29
55 10
4 98
86 55
62 64
96 19
99 84
59 87
24 77
8 15
29 33
19 32
43 60
4 19
96 3
83 65
67 61
98 22
8 29
85 90
100 69
46 22
50 3
46 55
10 3
81 61
94 74
54 74
36 49
71 11
90 93
65 18
17 61
85 92
98 70
3 2
95 84
77 9
67 47
82 75
49 69
53 42
61 62
29 56
52 23
53 58
8 12
58 85
18 42
97 82
1 24
74 20
100 87
13 78
53 8
83 69
97 1
71 81
17 20
17 2
3 32
55 48
93 70
100 0
65 3
39 51
37 78
0 76
33 55
42 1
46 78
32 88
9 25
72 79
10 56
94 87
95 85
75 91
26 54
75 79
93 41
38 76
88 2
2 55
58 49
61 43
53 1
34 91
31 47
85 31
21 94
52 59
51 41
51 61
94 33
92 77
13 63
11 47
20 86
48 13
34 64
98 49
24 8
22 67
24 66
68 69
55 57
35 4
54 98
29 90
95 79
26 19
96 22
29 46
69 32
81 96
48 77
86 80
100 9
63 25
78 67
91 85
67 25
26 58
100 77
13 3
67 22
86 14
72 51
32 14
50 62
69 34
68 76
28 70
43 47
21 24
84 66
48 6
31 42
91 14
50 54
59 39
22 32
2 81
34 61
63 55
41 14
37 100
68 30
38 36
56 9
94 93
9 46
96 49
14 54
78 93
74 64
65 8
21 0
80 83
9 28
24 100
9 11
70 48
91 99
97 77
7 52
98 89
58 86
75 66
89 90
65 87
36 86
85 27
18 100
24 45
48 54
48 53
53 34
0 42
12 90
17 41
86 62
61 19
25 30
93 9
90 2
74 91
92 40
23 62
4 32
8 10
57 84
74 68
65 52
61 28
53 48
73 78
56 95
31 27
92 41
67 1
82 89
82 33
39 40
45 76
14 98
32 2
78 26
87 88
5 8
25 50
78 16
22 48
57 11
35 18
43 38
41 44
13 91
89 46
57 78
61 15
81 21
78 57
84 53
57 58
92 12
55 40
69 35
70 37
41 33
69 22
83 35
40 29
35 77
99 97
3 100
99 88
69 69
16 81
66 53
10 88
51 48
60 36
54 14
28 86
1 85
57 41
82 12
56 8
85 75
3 18
80 65
52 21
39 30
20 56
2 97
40 97
39 55
51 95
31 84
89 20
88 82
17 34
75 90
28 57
48 10
22 36
20 44
20 79
15 11
14 57
62 30
62 75
43 45
19 34
9 33
1 10
20 12
7 6
27 17
53 10
70 89
21 21
61 44
85 37
81 35
9 67
98 43
71 63
80 95
85 87
74 57
30 65
33 21
36 87
94 84
50 36
41 89
47 47
98 67
45 7
19 62
8 12
45 79
17 75
10 19
93 19
92 31
94 54
92 83
80 96
55 18
40 3
52 77
32 46
98 62
31 28
93 49
28 59
61 90
13 24
29 13
71 50
17 27
64 11
99 79
22 51
68 53
99 57
28 26
92 34
30 81
15 30
58 94
14 9
97 38
64 98
37 36
10 67
100 21
23 60
66 12
80 59
95 70
93 52
43 54
12 97
60 92
21 62
88 54
15 81
75 90
6 88
89 46
100 63
19 81
52 26
68 9
98 91
88 80
45 79
3 32
97 94
72 98
91 25
98 34
0 14
26 71
44 58
50 72
42 98
33 38
70 6
2 34
43 27
97 52
17 40
10 4
32 94
98 16
50 35
54 5
33 40
66 54
32 76
81 97
84 96
53 80
19 87
92 44
44 34
78 98
52 46
5 75
87 87
65 91
84 56
84 29
74 67
29 40
20 33
3 93
29 11
8 60
37 73
91 61
51 62
95 1
35 50
31 3
58 0
22 23
75 46
10 59
26 10
1 21
99 22
92 7
60 92
49 1
25 57
96 85
14 85
38 39
2 33
88 42
91 18
36 72
89 13
96 81
27 96
83 58
54 68
29 35
100 63
38 84
0 32
39 17
54 9
38 30
48 51
9 93
90 82
29 87
69 40
27 29
52 77
23 42
7 40
43 46
7 66
71 66
43 79
19 44
15 71
16 91
18 39
63 65
24 16
82 8
54 16
85 72
67 92
6 33
63 49
77 47
92 5
55 59
12 65
89 38
8 45
85 15
86 1
79 0
23 28
58 18
15 51
30 93
34 7
38 95
65 62
72 63
67 2
69 1
29 77
40 61
27 30
61 20
50 85
16 38
55 11
94 34
2 89
9 58
7 39
63 88
51 98
76 16
13 81
48 88
3 36
54 87
78 74
4 6
94 65
47 32
97 44
90 45
20 60
41 67
12 18
88 72
19 25
91 19
48 58
9 23
88 99
8 16
69 56
25 57
75 21
14 69
61 9
68 72
18 36
79 48
57 54
66 30
52 48
14 94
62 92
40 19
44 96
81 59
82 88
27 94
33 97
92 17
87 23
60 79
100 34
88 83
100 45
10 96
60 85
20 24
77 72
15 50
16 7
61 69
56 92
5 89
95 78
38 54
66 56
2 5
100 15
70 82
96 95
15 78
72 66
12 33
29 73
55 29
0 22
52 55
60 26
39 33
0 49
59 46
61 66
82 2
28 55
87 65
100 100
57 73
23 78
97 30
35 68
42 93
99 97
63 93
47 72
57 37
27 4
36 67
93 62
7 21
65 86
35 80
41 78
95 3
84 24
18 93
40 58
6 70
45 42
89 23
59 95
70 58
22 94
73 16
17 60
95 33
67 21
89 76
15 77
54 69
93 97
10 3
98 22
85 44
33 24
76 29
77 39
5 92
83 23
51 77
9 12
19 38
87 46
4 48
92 11
45 50
65 82
86 28
89 1
100 98
60 82
88 83
84 97
93 42
92 24
31 58
53 68
48 8
96 1
41 60
71 79
22 76
4 30
100 81
85 39
24 57
55 45
16 75
7 82
89 26
28 75
14 64
66 72
72 16
20 39
86 38
89 73
46 77
99 79
47 16
22 56
74 99
45 9
63 27
98 13
45 66
97 18
50 49
0 93
33 40
30 30
45 59
37 67
91 72
84 59
47 41
76 78
9 44
61 64
32 9
71 85
2 35
44 97
79 31
52 7
29 36
13 82
61 35
78 44
11 20
70 70
56 25
34 82
95 71
66 39
8 26
9 63
20 19
69 37
62 63
2 26
15 40
89 23
69 84
79 3
64 29
39 5
52 84
47 33
24 15
49 79
57 0
46 4
85 66
26 39
87 1
76 60
62 75
34 4
2 81
23 43
35 0
46 92
99 18
36 24
20 45
22 24
35 93
62 72
66 29
62 7
59 3
7 4
62 36
57 22
49 5
97 48
51 38
17 49
97 80
1 46
69 76
7 6
89 69
68 92
16 45
100 13
30 32
56 43
95 58
61 47
55 15
0 12
1 26
95 98
18 98
83 52
2 47
64 5
20 85
73 76
48 91
76 21
84 82
45 62
7 32
33 40
24 86
34 7
93 89
72 86
6 40
69 95
67 78
24 92
6 11
88 26
84 65
32 90
65 66
35 35
6 80
54 12
90 68
5 83
78 53
39 24
15 49
65 97
85 97
89 81
22 78
52 4
9 2
90 28
54 29
64 77
13 8
52 74
99 76
56 97
98 0
3 61
56 73
7 57
67 40
85 5
24 76
1 72
38 55
91 47
95 28
38 49
41 15
77 22
74 42
6 30
31 64
64 7
87 3
46 83
68 98
78 80
64 36
56 35
0 85
72 1
13 40
39 23
37 22
2 39
36 33
21 92
3 36
75 50
85 80
88 51
12 25
1 79
49 75
23 38
18 56
81 37
92 30
27 45
34 69
22 94
52 25
20 16
12 73
83 42
49 42
90 25
64 58
24 45
57 69
88 47
15 21
69 34
37 79
45 20
84 57
88 25
91 25
72 61
72 70
52 58
74 74
0 27
35 48
38 95
24 3
6 14
63 53
52 31
42 50
42 58
62 83
53 46
22 33
40 32
73 71
3 36
8 87
94 18
1 90
95 21
79 8
54 85
90 65
3 99
17 51
89 76
98 47
8 17
14 37
57 57
5 18
40 6
46 22
55 15
78 94
12 4
83 81
42 59
48 79
23 79
28 100
51 43
35 19
82 20
59 48
48 76
39 62
87 93
18 9
51 44
38 54
76 65
31 67
63 77
76 2
68 40
33 29
92 13
37 60
15 7
84 3
74 52
18 91
56 69
14 79
6 93
11 93
43 72
65 21
80 90
15 31
66 54
26 77
64 64
50 94
35 46
67 14
25 17
57 3
10 39
47 88
86 35
35 28
59 55
94 51
53 12
50 55
34 43
2 48
76 70
88 55
91 72
96 36
18 78
21 89
68 31
21 34
92 83
98 3
54 22
78 0
84 91
50 95
10 35
15 27
57 2
18 37
74 29
29 94
98 36
59 27
56 58
29 82
6 54
42 38
20 75
59 44
55 11
26 22
91 86
98 50
66 91
2 50
79 35
86 91
36 83
49 27
20 4
68 62
9 98
97 3
71 87
18 63
83 0
66 10
70 46
74 83
36 66
99 34
50 21
5 68
68 25
99 59
29 22
74 100
34 11
22 38
24 6
86 35
30 69
1 93
51 97
10 90
98 15
6 80
75 61
11 83
71 64
78 15
67 88
16 44
14 48
48 46
68 66
59 41
91 90
16 73
55 61
26 53
37 18
6 98
76 78
86 77
14 76
83 7
79 89
48 100
16 94
3 96
86 0
0 5
92 99
91 7
64 69
71 32
6 31
98 41
67 38
24 37
59 87
29 41
36 92
43 92
24 80
16 63
100 4
8 55
95 9
