1000 100000
2 31
98 63
97 12
34 6
26 94
100 98
32 28
9 4
18 35
19 59
28 81
82 3
10 86
81 77
87 100
17 69
65 0
54 15
60 51
86 98
30 98
17 23
9 75
73 26
4 18
94 69
18 2
34 80
92 86
84 19
45 26
71 98
74 8
26 72
61 57
20 29
50 75
82 77
90 47
76 46
24 39
92 41
59 11
52 98
92 44
85 52
80 63
29 86
27 21
54 99
74 19
82 37
44 28
87 80
75 15
7 89
95 94
47 2
23 5
72 41
17 36
30 1
31 99
6 60
81 16
33 83
53 25
31 41
99 42
62 74
89 100
44 41
55 94
8 95
9 63
93 67
61 63
64 79
31 67
72 96
3 64
39 63
14 9
7 9
21 20
76 0
57 98
28 90
39 17
53 68
13 28
29 52
60 10
89 9
80 58
50 79
40 55
90 76
79 2
68 24
86 15
6 60
70 45
83 19
8 63
85 93
45 86
93 95
3 11
28 54
88 84
52 1
48 60
53 96
74 24
40 19
67 84
76 55
36 63
34 10
21 49
25 3
39 73
34 71
29 86
88 50
39 64
35 26
100 87
1 94
76 5
38 45
27 38
58 26
5 1
100 100
27 18
53 81
86 7
6 74
12 53
34 17
23 78
74 19
45 89
37 36
62 100
86 66
63 86
73 2
47 82
72 46
57 64
97 68
76 52
86 27
45 81
77 42
75 36
11 54
66 92
77 50
81 71
37 47
63 17
31 8
23 36
7 12
33 30
89 19
60 30
9 57
64 43
67 1
7 8
17 61
95 6
32 78
42 0
45 5
99 74
59 15
70 13
71 21
9 67
45 53
36 36
79 66
54 48
36 88
94 56
16 79
72 100
93 38
26 70
97 57
84 72
65 44
79 57
76 85
26 100
92 61
77 48
100 23
30 17
6 77
43 41
10 86
67 78
16 90
43 32
24 39
62 15
18 75
66 100
69 52
79 66
46 68
74 29
59 94
9 22
30 95
70 60
39 37
58 92
28 48
78 91
42 94
15 90
9 87
94 11
49 44
32 4
99 80
30 35
84 8
25 52
28 54
23 76
63 87
45 22
1 28
99 9
51 51
93 52
80 19
15 98
29 52
20 62
48 54
28 55
30 23
6 30
47 93
41 45
96 45
25 79
1 85
14 75
12 49
0 56
61 58
53 57
3 55
93 56
66 56
78 16
75 3
17 38
96 24
98 60
88 68
38 26
39 64
28 35
75 35
86 71
80 34
95 34
8 33
82 22
44 46
30 3
72 11
45 0
0 6
94 21
1 39
84 90
52 12
6 87
16 28
48 23
100 53
85 15
62 5
19 26
38 40
45 66
85 60
55 15
46 80
88 61
17 66
2 24
5 9
71 94
51 90
13 72
21 18
37 91
33 6
100 83
57 55
59 94
24 39
19 15
97 60
9 54
61 34
21 22
95 78
21 24
79 46
83 3
48 6
89 11
75 77
14 97
82 75
11 86
44 21
56 41
71 14
79 86
14 21
62 67
18 81
92 25
93 83
99 87
77 91
19 96
69 60
32 81
68 19
91 36
87 47
47 89
78 7
75 27
5 86
82 45
15 55
17 34
59 79
59 85
4 75
38 28
89 28
11 37
38 95
68 34
65 97
68 53
31 31
36 98
89 37
37 31
93 80
30 81
88 44
68 43
27 1
25 71
46 12
39 46
28 73
85 1
39 87
45 94
27 44
95 82
4 84
5 92
56 9
64 78
35 61
25 94
8 66
80 18
89 48
58 34
65 70
29 64
16 61
62 43
81 68
12 11
71 90
11 74
95 76
93 66
64 21
46 33
0 11
78 86
17 45
5 37
40 11
11 15
84 29
52 68
66 55
9 85
28 82
52 18
100 11
95 26
50 43
17 30
39 1
33 80
54 50
29 96
22 92
97 25
60 88
44 70
29 46
79 56
59 36
96 66
7 28
84 66
39 97
7 58
70 17
55 73
13 66
85 22
68 98
44 69
49 45
70 18
59 17
15 16
35 95
72 69
71 74
24 71
0 89
40 31
84 91
83 40
59 78
37 46
40 15
58 36
64 99
72 97
19 68
56 52
7 41
0 15
83 71
35 33
18 61
97 62
75 48
23 62
69 73
60 5
8 76
28 81
8 14
93 11
3 35
51 51
47 13
80 60
73 83
44 58
99 46
28 96
82 74
19 94
69 9
59 96
30 79
78 72
38 37
18 62
96 41
73 26
74 51
66 90
83 56
50 66
11 34
33 96
72 21
8 64
90 89
29 45
26 88
70 70
87 70
43 51
19 37
38 93
66 13
12 15
16 66
29 98
44 23
93 30
37 9
50 100
43 62
26 14
20 46
98 61
87 86
31 62
33 21
83 62
92 50
29 72
73 79
18 99
49 82
27 13
55 8
52 91
96 55
55 9
43 91
63 94
20 13
4 70
51 4
36 54
87 55
75 80
51 87
22 15
4 83
94 57
20 48
22 71
65 68
18 28
19 57
3 30
25 28
20 8
58 32
39 66
4 73
95 98
33 47
43 22
24 63
28 30
37 95
100 97
15 65
62 3
15 98
80 57
40 38
0 85
22 83
98 16
0 10
66 28
92 82
7 77
83 46
47 10
67 64
36 66
46 18
50 11
96 3
0 34
37 61
43 78
89 76
71 32
42 61
67 65
83 24
96 77
87 86
72 29
20 13
81 46
5 58
1 55
37 86
84 48
16 57
43 75
6 7
69 43
11 24
25 44
78 63
96 77
92 54
75 46
93 59
34 39
7 13
20 76
92 84
18 34
70 92
69 34
22 90
94 57
77 6
58 70
85 42
76 65
10 44
77 50
10 38
40 59
50 18
75 35
98 46
50 34
8 79
98 31
89 19
54 34
52 20
17 74
82 41
32 88
59 13
35 3
71 60
37 60
11 71
13 100
65 51
11 50
24 91
28 42
66 23
34 27
13 2
5 18
60 96
9 70
1 29
71 60
48 23
76 12
38 1
99 93
99 37
28 95
99 91
76 40
64 59
62 79
26 34
57 36
50 75
1 54
20 94
71 2
43 87
41 62
19 64
40 11
8 64
36 64
51 86
30 58
61 35
36 66
1 98
53 40
51 99
44 13
75 74
98 72
49 78
91 26
42 26
27 8
29 72
53 87
89 48
91 90
55 48
21 92
52 77
77 15
12 7
17 60
13 77
53 49
77 69
3 6
31 99
41 17
96 22
56 99
25 100
69 94
15 40
78 89
52 4
90 12
66 60
63 36
13 83
98 54
5 19
26 73
70 53
32 15
42 5
100 58
96 33
36 47
15 14
99 95
1 90
12 32
27 1
30 56
51 31
37 77
14 8
58 32
30 33
28 70
23 90
40 61
57 66
43 91
23 21
7 44
95 70
68 30
29 62
95 57
72 65
68 79
33 88
63 88
65 17
76 48
6 12
60 80
17 83
90 36
25 51
21 45
9 53
45 20
37 29
5 53
92 64
68 91
61 97
78 26
17 54
67 13
95 71
66 33
59 31
23 83
36 30
92 11
8 79
18 94
54 39
83 50
94 75
10 57
3 84
31 3
100 95
71 61
14 61
22 61
33 46
77 100
74 84
79 85
58 57
74 35
93 68
37 41
36 81
77 62
60 3
52 3
61 1
63 90
100 38
79 22
23 92
59 49
50 51
47 64
47 52
74 75
42 32
31 40
40 18
52 79
40 38
93 2
39 55
13 28
62 100
35 49
22 26
35 69
75 14
5 50
67 19
85 48
6 17
34 7
64 80
42 66
74 45
10 5
74 25
43 85
52 96
8 90
9 61
78 41
33 1
54 70
55 83
35 17
11 16
31 10
36 76
58 10
28 86
32 66
62 82
95 17
83 95
22 37
91 78
23 18
16 1
54 21
33 82
99 38
69 68
69 31
9 17
80 33
58 7
19 69
65 75
9 69
75 9
91 43
68 88
98 87
87 49
32 29
16 28
29 92
69 13
35 86
14 30
33 63
83 18
73 66
100 29
43 38
74 9
2 55
97 79
71 78
4 98
10 68
46 40
92 7
29 71
43 25
94 9
54 11
70 90
14 92
87 45
97 34
41 66
23 3
75 72
64 43
91 76
41 100
66 55
91 31
49 88
83 9
72 79
16 9
27 61
100 81
11 71
77 50
67 72
10 66
38 12
24 87
52 93
38 10
20 99
22 67
45 22
59 69
38 96
93 98
55 90
1 2
57 33
61 76
75 57
46 37
26 91
17 46
16 69
76 29
39 75
22 28
99 60
34 33
28 56
56 94
37 67
22 65
58 21
70 38
97 69
81 69
64 42
87 25
44 42
13 92
78 78
67 57
21 13
49 6
79 46
100 50
44 1
9 33
30 92
27 87
64 26
9 25
79 65
98 88
82 25
16 100
75 10
74 89
79 58
50 23
11 4
7 63
96 53
100 46
21 30
56 91
31 42
32 90
74 55
38 92
12 36
54 31
59 6
10 48
86 1
41 15
74 59
5 35
43 21
68 95
78 34
