10000 1000
82 33
27 79
18 5
28 62
77 87
53 65
25 75
74 4
40 27
22 36
58 61
38 43
62 48
41 53
31 48
3 64
35 71
96 5
21 36
9 18
5 9
74 88
90 79
60 72
71 40
65 41
49 27
45 61
100 87
13 77
40 81
94 3
68 49
15 40
39 37
79 73
72 56
33 49
39 81
46 0
69 60
72 68
46 6
6 20
13 47
99 24
71 40
47 59
90 97
100 10
80 87
46 15
85 26
24 13
74 86
85 87
53 83
82 96
35 97
31 33
70 73
0 32
71 98
78 34
30 49
45 99
24 24
38 97
36 77
1 20
45 63
82 32
31 82
48 7
55 59
17 21
48 54
31 4
78 73
86 64
64 54
82 89
20 17
44 49
50 54
68 58
35 10
97 35
2 0
100 71
27 45
41 4
90 73
72 64
91 81
53 42
99 45
85 65
44 90
21 65
85 96
61 99
100 19
16 43
32 12
31 26
94 35
5 13
76 48
11 21
0 33
40 64
97 88
18 39
25 53
44 28
51 13
19 3
51 6
33 20
8 95
27 6
86 70
9 80
77 69
70 10
37 14
14 99
93 6
36 30
8 49
57 19
65 63
3 65
89 86
45 62
88 76
100 25
50 22
14 3
77 18
75 59
52 58
39 56
88 60
1 4
82 81
85 94
69 24
90 10
81 32
1 83
19 44
99 54
44 93
66 11
0 21
42 80
88 7
94 73
100 10
88 0
55 84
85 83
99 21
73 22
32 43
66 29
95 81
90 90
78 36
45 38
22 19
79 88
57 81
21 82
90 70
81 95
3 36
62 30
82 36
64 16
99 55
55 13
98 55
90 61
55 82
3 38
90 27
72 79
93 17
42 73
96 2
94 32
100 17
22 72
96 41
19 47
37 40
64 69
3 94
92 86
86 17
55 62
78 47
47 22
3 51
70 88
94 70
52 46
90 75
27 9
90 8
60 36
99 5
78 78
13 85
31 66
29 33
58 53
49 14
55 5
12 85
4 86
89 39
3 41
14 98
50 37
71 78
8 89
6 70
76 20
77 72
71 45
89 91
12 22
10 38
24 14
22 19
27 55
54 15
25 1
7 32
46 73
37 42
83 26
58 34
34 85
73 68
95 97
3 5
83 56
93 8
96 19
0 74
10 96
58 2
93 42
37 75
34 79
52 42
74 76
3 53
45 57
56 8
12 54
27 18
1 70
49 69
62 52
64 64
72 52
69 20
43 61
99 42
99 24
33 3
91 99
27 56
54 43
69 59
19 82
89 93
57 92
54 57
97 61
10 74
40 87
83 13
31 34
86 63
33 60
49 33
33 3
0 45
43 97
73 56
41 57
88 89
50 8
23 91
96 55
52 80
16 7
89 77
25 23
50 65
25 6
16 19
34 15
32 66
77 19
86 41
63 76
67 32
7 38
94 40
65 61
91 94
29 19
40 48
84 20
32 93
22 24
14 12
79 17
32 48
54 33
29 65
0 21
35 20
6 47
46 49
31 16
44 95
86 13
34 66
61 2
8 34
56 49
56 31
46 77
70 46
15 3
54 26
58 4
100 76
4 95
19 5
53 69
31 96
77 55
74 66
78 55
0 32
11 49
34 66
90 91
42 10
30 48
90 16
56 96
66 91
23 45
10 58
37 0
18 78
59 82
44 99
86 60
91 72
84 13
98 84
69 15
39 64
80 4
36 69
48 11
96 90
99 51
75 13
85 82
7 17
60 97
11 98
83 78
16 0
12 98
13 99
97 91
52 53
56 74
60 98
27 77
5 3
85 11
2 38
52 55
33 50
75 41
57 85
56 48
61 44
36 11
83 77
14 40
6 31
35 86
94 42
60 93
7 89
7 10
59 4
64 85
43 78
21 57
28 32
55 35
88 86
63 28
18 76
13 67
78 31
60 88
18 65
28 73
44 66
92 21
27 31
3 23
33 56
75 62
38 48
47 46
68 97
0 74
75 63
19 35
4 38
97 79
70 49
93 96
57 79
100 95
99 82
36 61
36 86
19 67
16 70
77 70
91 85
25 12
65 1
23 43
76 77
60 25
77 41
66 66
25 43
58 12
14 30
98 99
50 95
8 34
79 97
82 23
93 43
3 41
69 88
78 100
49 46
41 78
68 14
46 2
38 85
88 10
41 45
53 33
38 53
43 92
3 73
11 50
34 58
13 54
62 84
56 74
93 37
92 30
0 23
33 90
33 43
83 63
47 73
31 52
7 31
8 50
90 69
3 37
2 30
8 45
6 67
24 10
19 27
17 60
28 90
55 45
14 74
44 52
36 60
5 79
38 61
28 34
81 71
17 79
42 24
42 54
1 86
65 71
94 42
40 75
48 12
82 29
2 93
60 83
63 36
79 15
64 44
30 59
6 44
42 20
37 70
49 91
47 99
74 29
90 84
77 88
2 78
71 42
43 46
65 12
34 88
13 29
8 82
66 68
94 87
43 13
94 85
20 18
25 80
39 98
30 22
95 48
4 53
44 71
11 97
30 12
38 58
5 3
42 76
0 51
14 76
97 42
34 16
9 95
89 66
28 79
61 100
18 8
27 92
71 27
77 59
67 41
30 93
71 93
93 62
65 72
79 6
71 31
5 70
95 17
7 87
90 27
8 93
17 15
45 31
54 41
7 62
29 38
31 54
76 64
41 31
32 7
96 18
94 45
72 26
77 16
68 25
97 13
86 54
37 9
94 26
99 61
22 33
31 77
2 17
16 86
68 78
34 83
85 99
22 25
11 40
72 90
70 41
74 14
28 5
66 36
96 91
40 89
43 63
41 47
23 6
44 13
7 90
3 30
4 92
8 27
30 80
8 53
59 67
5 33
0 78
76 2
27 63
22 25
73 87
60 86
69 19
63 37
40 76
69 59
24 88
80 3
30 70
50 90
84 97
96 96
5 7
73 2
34 5
34 30
88 97
85 32
89 49
8 24
38 9
74 0
19 62
79 15
26 52
44 81
98 92
68 12
91 1
24 89
8 61
56 62
28 36
47 55
45 52
58 56
76 77
71 87
57 58
86 65
46 84
58 41
79 23
95 80
87 46
31 89
24 42
89 65
19 38
40 97
79 89
29 22
44 6
46 20
44 82
32 71
13 31
12 46
56 69
26 91
98 70
29 13
18 29
80 39
70 79
6 81
6 71
21 57
90 33
68 85
63 60
69 56
47 79
63 48
64 54
92 4
38 38
28 11
2 36
25 41
87 79
76 85
75 90
47 20
38 26
88 23
36 18
11 69
36 50
48 29
82 0
68 52
87 30
40 40
26 83
11 98
58 69
7 96
89 14
47 65
28 99
60 30
48 28
26 81
4 77
63 23
40 23
2 16
44 24
9 83
2 98
87 90
45 86
49 72
67 56
58 63
92 96
64 32
74 45
50 35
26 35
26 91
73 15
3 72
50 94
70 94
40 26
49 6
59 3
28 93
90 77
54 40
25 32
68 98
89 73
46 60
54 8
39 97
51 62
57 61
96 71
6 21
61 76
41 50
66 4
37 11
33 35
22 23
71 42
70 30
46 64
34 99
33 79
60 47
14 62
97 34
77 50
21 40
34 20
67 92
31 55
77 78
63 21
88 38
50 30
37 11
88 86
11 78
30 90
13 79
67 27
83 87
52 59
89 2
96 87
36 38
2 60
85 40
31 85
93 8
92 2
84 72
94 39
56 93
9 65
58 35
64 90
10 78
98 72
64 2
24 17
63 27
16 19
17 50
77 74
72 6
42 65
56 6
48 57
22 88
95 55
21 12
61 5
56 29
79 38
5 25
75 54
100 58
69 7
81 35
93 38
90 83
86 29
58 39
15 95
73 18
60 22
84 40
96 54
18 52
32 84
5 58
83 90
17 46
100 42
48 10
49 94
76 92
50 89
53 78
64 19
25 60
18 39
69 44
33 17
87 14
77 67
11 98
94 8
28 49
57 50
99 52
90 83
10 96
93 31
38 22
89 95
96 45
12 34
82 21
84 24
31 67
56 28
73 10
21 89
18 85
45 4
12 59
43 14
56 24
20 37
98 48
23 65
21 2
47 80
56 67
64 71
92 75
20 30
20 69
75 79
25 38
56 14
43 12
58 15
86 83
83 87
39 88
66 73
34 28
1 90
39 75
11 89
42 66
47 84
90 24
23 82
66 60
64 54
25 69
93 20
21 80
49 88
24 77
52 9
57 89
7 48
77 99
58 45
47 65
31 74
17 56
62 65
31 12
13 74
80 96
15 88
38 13
58 47
14 66
82 40
30 77
66 5
94 7
24 99
38 50
45 99
81 17
46 55
92 32
40 3
72 79
87 88
25 21
31 18
80 54
13 27
46 75
18 89
72 2
92 17
0 57
51 62
32 51
51 53
33 42
61 40
65 46
79 75
75 82
98 74
68 74
82 70
70 46
77 68
58 30
75 16
27 99
16 58
15 74
61 67
13 40
4 4
8 57
8 58
99 2
56 82
28 29
2 19
40 35
35 92
6 64
7 36
44 27
25 64
79 57
62 39
61 67
92 26
92 77
88 8
7 50
12 58
22 82
76 43
16 47
52 73
61 40
9 97
87 12
64 47
48 97
51 36
88 100
87 81
94 25
89 10
29 5
65 7
68 5
29 63
24 58
4 49
82 81
13 64
41 63
19 40
78 45
52 22
49 62
63 100
93 92
19 88
74 81
47 40
85 56
88 44
85 77
40 86
56 5
7 4
90 100
92 3
32 27
6 44
14 59
82 17
49 21
23 46
15 85
2 35
72 72
3 96
74 65
54 19
22 87
94 9
67 67
72 10
26 88
87 57
95 44
31 47
90 22
94 41
22 60
91 39
9 63
84 83
22 49
86 98
72 49
29 20
29 77
88 78
32 48
4 7
75 91
45 8
27 75
53 49
13 21
68 67
13 27
73 81
81 38
80 91
79 34
34 30
55 29
86 40
71 84
11 9
24 69
41 56
18 9
7 18
29 92
35 38
61 45
44 44
93 17
65 58
95 73
42 16
91 62
32 62
68 91
5 76
76 29
94 100
64 70
11 100
10 54
47 59
63 79
26 83
42 52
41 17
9 48
94 67
82 84
28 9
84 60
22 47
82 87
6 93
57 41
72 65
8 17
79 18
40 47
76 6
4 13
36 59
17 35
76 39
5 3
41 41
13 34
48 73
23 1
72 43
0 71
14 82
48 23
55 84
91 3
90 14
5 30
90 54
61 11
24 90
92 7
31 43
5 67
67 12
26 94
62 45
86 86
14 46
38 19
7 75
62 13
17 81
75 80
18 45
17 30
90 88
22 64
17 32
24 10
51 66
24 61
54 81
7 71
88 45
93 56
59 6
34 4
21 78
35 33
23 33
14 8
2 100
95 61
74 70
70 69
61 76
93 29
41 33
28 28
87 68
71 16
57 87
11 80
30 93
23 9
13 82
11 16
91 98
30 29
64 35
40 63
67 36
96 33
61 76
98 34
75 84
45 70
75 3
70 33
27 74
45 90
0 100
42 19
68 23
79 8
99 23
36 83
84 50
57 81
93 34
63 48
54 74
31 23
68 92
7 67
23 55
73 9
94 31
47 34
21 40
6 67
18 58
85 99
81 46
15 41
46 8
63 4
92 26
49 68
82 6
48 2
42 10
70 26
26 46
66 54
56 81
66 95
91 14
9 95
55 62
11 49
94 13
14 45
35 41
78 7
13 20
5 57
37 88
69 1
51 60
24 97
82 94
38 99
12 74
88 64
9 25
30 3
43 31
18 50
19 57
79 32
91 11
99 14
91 31
86 14
52 88
13 91
28 6
97 20
34 49
50 56
30 20
8 35
44 47
72 42
45 88
71 47
67 49
17 59
26 16
39 81
24 11
60 82
35 96
15 41
51 42
6 70
34 85
34 68
91 48
61 26
49 61
94 79
49 18
79 23
56 91
95 82
14 34
16 28
5 40
32 79
26 53
21 25
82 52
86 100
8 82
60 64
86 85
83 48
60 28
98 45
48 79
100 96
4 17
72 85
99 80
91 94
99 86
30 44
74 29
59 40
95 50
51 27
54 16
76 29
30 100
48 56
68 25
22 46
35 46
37 81
38 66
89 15
3 63
80 17
35 91
67 62
68 100
96 35
7 54
81 17
13 45
38 36
65 37
82 58
53 45
86 82
5 94
66 59
56 4
55 8
90 82
68 20
63 89
13 9
13 21
48 17
97 80
40 92
81 3
67 28
93 65
40 47
67 98
84 83
62 32
24 81
72 93
20 68
34 26
61 74
19 66
8 42
24 91
37 49
74 71
81 35
55 74
4 73
3 8
47 9
54 84
83 67
69 62
34 87
50 62
47 19
21 54
24 12
33 28
96 64
73 61
97 72
36 13
46 3
62 59
49 70
55 98
34 60
23 50
99 90
85 67
57 55
10 23
9 9
26 94
15 15
51 12
89 30
54 2
51 24
97 82
47 37
85 56
11 12
36 61
8 61
74 51
22 47
91 70
61 66
69 71
76 41
98 38
4 17
21 67
19 15
59 14
80 2
75 51
72 38
14 16
82 66
76 45
74 97
18 2
75 30
87 32
21 99
19 89
39 35
21 99
17 32
95 19
68 10
67 10
81 39
59 69
27 36
88 24
99 53
10 81
85 8
11 77
88 2
1 23
69 11
9 59
52 84
75 77
13 80
56 86
59 18
80 22
77 23
68 78
26 57
69 70
20 30
10 31
49 82
66 81
27 90
61 74
92 56
3 38
3 88
4 96
34 49
71 52
88 54
32 92
11 26
89 89
30 50
67 52
79 40
65 58
81 31
18 37
74 42
22 7
17 2
22 1
92 58
26 73
80 88
51 67
11 0
75 13
81 9
1 41
90 98
36 60
17 38
83 67
81 60
24 27
86 39
56 10
69 86
42 47
76 46
59 9
14 46
83 85
44 59
58 43
50 65
5 80
44 56
52 1
77 85
6 16
55 66
14 80
88 13
89 8
98 56
69 19
63 74
25 53
14 19
19 42
100 52
71 56
19 58
27 70
57 62
15 60
6 54
58 21
64 17
21 93
19 56
19 91
17 31
99 87
9 68
95 18
28 12
31 69
26 75
67 3
74 9
25 89
76 15
98 1
58 66
92 34
43 47
10 87
34 64
20 73
38 48
96 75
38 50
71 56
39 72
2 20
24 15
4 63
83 13
19 98
59 0
32 28
44 99
17 54
31 56
50 30
43 46
87 19
30 74
83 50
56 59
6 75
89 38
75 20
49 85
75 90
67 17
42 5
37 47
23 81
11 1
13 27
54 66
6 43
57 30
70 39
49 60
33 77
54 86
12 84
85 95
69 33
70 59
83 45
0 67
13 51
95 56
74 6
0 86
82 58
44 72
87 55
81 13
18 77
19 25
37 16
30 64
36 86
90 22
16 42
80 48
12 16
50 67
75 48
22 89
34 57
14 43
29 11
19 48
66 11
65 10
2 32
37 87
22 34
27 3
52 48
40 41
76 85
83 4
5 96
98 74
77 7
16 46
11 72
34 32
17 62
9 85
24 96
41 76
81 38
4 70
13 67
46 60
28 35
57 13
52 94
63 75
48 30
35 84
16 21
23 55
1 49
32 42
87 67
56 18
7 59
57 88
56 40
37 98
28 98
33 49
79 2
88 75
38 70
42 86
8 31
37 84
41 90
76 68
51 90
100 18
30 88
38 99
76 69
68 36
3 70
64 73
25 22
55 68
81 18
1 83
72 57
23 65
19 19
89 33
42 73
6 16
72 36
12 21
43 83
26 62
89 15
50 38
99 43
66 28
36 18
16 72
11 5
76 12
82 66
55 44
62 59
18 59
90 19
16 16
99 87
58 48
4 93
13 55
76 6
71 52
14 21
47 7
31 98
62 27
1 60
50 59
3 96
3 24
27 7
49 22
8 28
90 43
63 15
77 26
52 71
73 1
16 69
20 62
35 18
83 28
31 97
51 80
6 65
68 89
65 52
75 71
49 62
94 72
31 68
93 14
93 43
43 52
98 57
51 25
43 5
71 60
42 0
70 72
72 80
94 68
3 90
24 29
0 78
70 23
83 55
87 89
53 61
19 13
12 79
56 11
96 9
49 92
94 35
94 56
0 0
27 20
92 22
50 96
30 6
66 43
66 38
66 90
23 62
31 96
74 49
41 72
28 0
75 37
32 39
20 71
74 85
65 57
49 47
92 28
21 80
16 46
39 26
57 64
27 95
81 81
53 40
46 48
66 3
23 93
60 75
58 84
1 88
11 55
44 10
81 82
78 78
80 100
76 58
4 77
89 2
87 14
58 72
86 27
83 30
31 18
75 40
39 95
8 93
64 64
11 99
14 35
80 86
24 97
44 52
69 43
39 73
23 77
31 93
18 63
75 69
75 51
68 89
3 25
75 7
35 4
8 50
26 78
52 0
5 9
8 0
100 36
11 46
80 32
79 2
73 27
56 70
27 21
44 53
69 61
62 76
54 33
33 78
44 36
15 40
42 15
70 47
5 99
65 84
73 86
95 93
50 17
23 76
48 5
50 23
86 81
50 96
87 9
58 53
52 98
36 61
86 24
53 44
30 27
72 29
57 86
96 59
88 22
70 26
62 52
85 1
46 43
12 22
6 89
49 32
89 89
39 8
92 68
36 99
96 57
39 84
95 48
87 78
98 9
66 6
69 98
51 74
62 76
98 46
51 84
21 7
30 16
20 17
18 23
2 58
33 31
25 78
100 4
31 36
64 94
44 91
62 57
76 83
22 84
59 65
69 41
70 34
15 12
20 9
92 52
88 10
7 4
88 94
48 56
69 52
18 19
2 59
59 72
52 86
49 3
24 34
75 49
63 13
33 83
72 85
77 36
3 36
61 8
81 30
49 62
19 77
86 67
53 84
75 43
86 50
44 97
18 87
29 18
90 93
26 76
15 78
11 86
59 18
16 23
51 40
25 97
10 3
45 37
19 5
73 70
100 27
3 85
42 60
22 14
73 14
27 61
12 27
81 35
32 43
40 95
32 92
60 3
53 62
37 5
49 78
16 7
18 92
65 6
71 56
89 68
43 84
60 23
79 40
33 31
56 88
98 75
40 10
88 68
67 47
89 87
63 2
41 19
69 77
52 95
23 30
46 26
41 42
86 67
56 87
34 77
5 38
7 33
55 42
1 62
30 64
4 56
41 38
34 20
84 43
49 45
76 80
85 25
92 74
47 10
53 60
94 62
86 95
85 98
93 8
51 60
42 26
42 48
84 33
18 84
88 36
83 7
65 84
9 62
8 3
35 74
12 15
43 89
55 26
51 13
40 1
28 19
30 89
95 4
68 19
10 5
5 28
84 98
9 79
11 84
37 28
47 83
38 35
75 9
53 57
79 38
98 27
34 34
25 1
30 11
83 47
29 4
28 7
53 97
4 24
10 19
98 49
0 81
100 21
21 1
43 29
84 81
3 16
64 23
91 77
20 76
24 18
98 61
64 62
17 5
94 38
46 76
67 78
88 61
44 55
47 41
46 34
39 9
46 54
2 77
95 63
90 53
96 23
14 74
43 36
85 82
94 59
3 66
35 68
58 86
1 14
13 89
8 16
76 68
55 55
10 12
65 64
30 52
20 16
92 91
33 92
70 47
44 15
77 62
70 18
67 11
10 75
13 35
70 57
76 73
89 54
52 25
50 70
88 86
69 2
34 27
31 28
50 87
99 96
21 28
71 28
74 90
20 53
40 72
25 1
61 61
21 46
6 39
42 96
7 3
45 0
29 33
17 94
82 6
18 65
96 35
7 17
49 80
15 27
93 74
92 47
26 46
62 55
81 46
68 49
49 60
45 83
92 74
8 87
79 61
85 32
15 72
38 56
99 31
12 56
66 79
49 9
98 88
96 3
38 91
35 49
26 58
78 36
62 6
2 0
71 33
40 84
82 88
42 13
27 11
64 71
46 42
63 94
90 90
52 33
94 85
30 88
74 5
94 69
99 7
32 28
72 3
80 25
93 57
37 95
1 6
40 84
17 43
10 64
32 35
48 58
34 25
60 33
15 6
30 66
75 98
52 19
24 21
7 86
68 68
71 51
54 53
100 42
19 20
11 3
2 36
24 52
42 69
10 29
37 19
61 75
1 83
7 79
77 85
60 87
62 21
63 95
29 74
51 44
14 16
78 13
14 70
21 64
24 19
0 61
64 56
99 41
30 96
3 80
65 31
38 68
36 59
1 30
26 86
82 13
66 92
40 26
85 4
27 95
4 72
85 11
77 56
26 64
54 41
46 86
69 22
54 81
3 62
18 39
85 80
3 30
93 83
50 88
32 43
31 91
96 59
95 47
53 29
59 92
12 33
88 55
6 1
39 27
74 82
17 35
91 65
96 8
32 87
60 43
55 57
9 23
33 25
82 16
92 54
5 90
72 15
6 79
7 70
42 41
58 25
5 69
59 82
23 75
40 45
60 84
25 16
32 36
73 7
16 91
7 30
47 69
97 33
1 100
20 50
67 29
42 96
67 67
43 6
4 28
78 24
67 93
37 25
71 51
23 11
58 32
63 96
3 85
77 69
55 48
59 96
60 82
99 91
10 10
74 75
78 90
15 8
48 63
14 1
25 66
25 93
64 72
26 22
96 9
68 55
60 9
10 11
93 96
24 42
33 91
82 34
52 88
75 93
90 89
63 87
11 81
69 80
45 13
96 84
41 47
47 91
33 76
48 93
57 50
42 58
29 40
13 36
72 4
34 76
0 18
51 18
3 70
60 99
98 34
12 0
96 13
56 54
73 43
4 93
64 62
75 16
73 100
36 81
25 2
23 15
43 79
67 10
23 24
18 26
28 65
83 94
24 20
69 73
23 35
11 51
66 33
13 88
10 43
54 6
30 80
50 5
34 79
25 98
31 16
49 44
54 40
80 43
91 45
64 29
78 14
16 32
6 90
72 20
16 2
10 79
66 55
20 70
45 84
77 28
40 75
57 30
19 10
66 21
26 6
12 60
81 44
29 33
56 10
34 47
93 53
38 47
92 1
74 17
65 32
31 5
53 86
92 47
83 59
30 52
0 7
32 11
11 29
92 60
36 13
12 33
97 97
62 26
56 65
35 24
98 100
87 39
54 10
32 72
96 88
100 57
27 24
92 83
49 98
27 31
50 8
9 70
97 0
12 43
14 13
71 44
98 16
8 11
63 13
52 67
67 100
13 61
3 22
54 70
63 64
59 31
66 80
49 26
2 4
32 2
27 22
21 19
98 100
22 58
24 12
34 80
32 47
65 67
3 35
24 41
34 3
55 80
49 31
85 54
35 70
10 47
2 22
79 22
95 39
67 8
31 70
61 11
69 63
85 81
93 70
54 92
46 14
74 65
91 58
16 87
62 52
99 71
100 60
3 76
31 100
87 33
5 90
57 77
45 17
73 65
34 51
50 7
87 63
22 30
34 13
55 57
46 39
2 99
16 78
91 14
1 14
9 24
32 55
70 50
1 75
39 16
56 40
94 60
82 25
59 46
23 47
11 2
26 3
70 13
46 79
58 37
73 68
37 33
67 97
92 72
32 64
50 93
100 41
82 86
91 7
77 16
79 86
78 7
89 32
87 25
5 38
36 18
92 68
89 6
46 86
88 52
9 83
65 5
61 87
60 79
96 50
10 68
36 1
6 69
16 1
40 88
56 76
41 29
30 56
90 52
5 54
0 27
55 75
77 3
31 52
47 5
64 35
6 45
18 62
48 74
32 99
2 80
75 24
60 32
30 18
69 0
85 31
21 22
59 2
33 1
62 34
27 53
21 2
81 17
98 3
12 98
7 44
78 85
53 52
6 20
82 30
23 45
74 58
19 71
90 28
54 32
95 82
15 87
11 1
74 88
10 80
26 36
35 84
1 94
80 27
49 97
55 1
33 62
89 53
100 32
75 51
81 30
47 91
62 16
25 47
55 24
86 64
94 82
20 28
56 16
45 54
25 95
39 80
92 68
61 69
88 82
65 14
21 8
70 95
92 32
82 28
71 15
97 79
58 79
97 48
3 97
96 93
8 81
40 33
89 75
6 74
18 84
28 72
83 31
65 63
47 22
6 37
60 72
1 91
4 71
5 23
41 52
86 98
80 47
100 91
38 12
22 76
44 50
45 46
82 80
54 2
3 74
23 76
47 83
97 42
41 8
7 30
33 15
4 12
37 11
28 34
16 34
17 14
63 18
85 0
74 89
88 70
50 81
49 71
86 58
84 86
8 33
46 40
68 27
46 83
16 36
32 14
26 67
41 57
49 64
69 44
31 73
75 20
49 8
6 62
55 80
8 47
67 21
97 74
73 10
97 90
99 68
19 20
85 19
28 77
4 51
77 88
58 47
11 92
22 2
29 38
48 15
40 87
40 78
98 55
5 0
91 37
66 100
31 58
7 27
99 68
21 26
36 33
78 26
94 71
68 1
85 26
38 86
65 62
32 72
53 65
66 62
73 20
46 47
84 83
38 5
27 9
49 83
61 86
87 90
88 53
80 23
57 42
86 1
82 89
4 3
3 78
67 72
16 31
79 29
73 40
78 59
45 26
26 93
68 31
58 50
57 18
27 26
78 53
17 85
74 92
72 60
32 69
23 30
100 14
81 75
55 73
2 98
93 35
6 61
98 12
47 70
61 61
10 84
71 100
46 51
9 25
43 84
96 29
12 65
2 57
61 99
62 82
88 98
15 0
14 75
27 76
87 13
94 92
29 20
49 19
83 59
57 79
9 65
9 41
2 46
74 62
88 69
67 72
81 13
51 28
86 4
10 55
42 26
100 6
41 68
0 30
80 7
40 78
24 58
33 53
38 24
11 32
39 6
34 86
72 54
25 10
14 39
8 77
71 18
23 58
71 85
64 54
69 33
9 22
46 75
99 6
15 46
13 49
94 13
66 47
28 84
0 36
53 26
23 72
4 81
28 37
95 16
7 33
98 21
86 51
78 23
0 32
36 82
77 1
47 72
83 28
21 86
23 24
3 16
64 22
13 76
52 60
90 69
63 13
30 29
5 76
5 33
87 84
74 95
51 94
97 43
78 8
21 84
86 17
50 36
83 79
23 94
16 63
80 39
41 69
89 82
0 12
80 57
72 52
88 52
54 11
0 83
29 65
50 13
84 14
39 40
56 65
78 42
59 78
90 66
58 83
69 83
38 11
55 70
10 52
84 40
75 12
8 29
28 38
51 43
82 23
86 92
32 63
13 7
16 73
90 82
66 10
93 53
92 1
60 58
4 69
18 18
93 13
42 76
31 52
52 0
89 52
15 70
33 69
12 96
41 94
16 99
54 45
60 82
24 20
10 12
85 43
24 100
27 28
29 36
41 86
21 24
37 88
12 85
98 97
87 81
19 64
40 72
94 61
24 6
15 8
22 98
59 19
64 45
0 6
40 24
5 40
66 0
92 5
27 62
69 70
79 71
82 81
68 44
69 4
11 17
41 85
29 30
6 9
26 54
10 26
49 98
74 31
38 59
15 37
13 93
71 92
12 7
35 9
87 10
100 8
35 39
99 1
58 55
69 60
82 70
92 100
89 38
46 83
3 56
36 45
38 67
54 90
46 63
60 3
7 27
89 19
65 64
16 54
50 87
56 51
10 95
34 48
80 2
79 95
90 2
22 73
26 18
65 90
75 60
5 66
61 24
30 17
48 18
90 63
21 98
26 49
12 26
28 54
7 35
71 42
13 28
90 39
33 57
50 65
40 7
78 22
44 43
15 28
31 65
32 24
31 85
33 22
79 63
35 83
16 14
72 29
10 69
21 93
89 58
4 78
8 14
45 81
31 22
18 17
10 95
96 3
77 34
46 63
6 22
45 58
41 86
14 74
96 9
12 3
74 58
57 33
76 96
13 22
17 80
26 46
67 78
2 60
15 42
70 98
39 50
8 84
2 38
51 94
12 46
33 82
95 53
77 0
52 21
17 63
58 30
0 4
84 8
8 96
82 91
87 7
94 27
58 98
45 89
57 52
17 98
20 16
79 15
24 21
0 8
49 52
16 25
48 27
22 77
10 74
6 40
70 86
51 1
12 16
90 48
87 81
24 23
88 3
58 66
32 9
85 60
41 82
77 28
44 93
32 50
90 87
45 53
69 32
82 13
59 39
66 44
6 81
88 82
97 61
96 79
40 91
39 2
12 70
91 91
91 44
27 67
58 65
91 49
35 48
95 11
27 47
33 63
27 76
49 57
56 9
4 90
59 100
31 2
81 77
80 29
56 42
98 97
44 3
76 16
85 39
21 80
77 50
91 36
9 45
100 7
55 15
31 91
34 31
15 16
30 85
16 94
47 76
19 3
26 16
89 35
26 24
82 4
64 16
36 36
83 15
52 60
82 0
68 6
24 2
19 54
10 19
68 17
71 65
81 73
54 51
67 86
72 74
30 34
15 77
64 48
9 55
91 75
40 77
82 44
6 22
72 97
12 65
3 93
17 45
88 6
38 28
85 12
16 8
13 72
25 6
1 98
1 98
36 66
11 29
23 29
57 99
89 9
89 15
84 30
13 34
60 69
37 96
16 64
55 94
68 67
78 20
19 32
27 53
1 0
88 34
73 41
52 67
39 84
11 55
84 31
25 88
67 40
100 35
55 32
19 92
56 0
79 95
58 88
76 78
27 79
53 20
2 74
14 5
66 81
11 43
5 63
83 21
6 5
21 56
45 67
42 37
2 29
57 86
79 54
65 94
44 98
2 57
19 32
48 82
49 31
28 39
12 90
16 90
63 38
11 43
67 66
48 16
85 17
60 29
84 5
21 40
96 80
36 66
4 0
65 8
98 90
47 44
61 28
22 30
80 46
57 100
83 60
72 81
17 73
66 80
44 33
43 54
11 10
25 15
3 64
55 10
70 24
64 69
92 91
18 60
12 35
35 84
7 56
60 74
46 4
34 33
17 98
90 41
70 4
30 28
66 52
82 96
77 9
42 77
100 71
99 20
82 56
1 86
98 47
5 80
3 48
52 84
87 40
28 56
90 71
85 86
26 23
24 1
16 1
30 42
9 7
6 0
67 73
65 15
83 66
37 89
61 89
56 49
58 41
64 77
63 59
2 45
22 87
100 27
29 2
74 65
94 14
54 58
67 43
20 94
43 48
80 71
19 20
31 64
62 85
5 70
56 43
79 38
10 77
87 10
51 60
26 89
4 27
30 54
55 34
80 21
51 77
95 32
29 73
42 78
18 76
91 75
79 23
28 55
51 87
19 72
25 53
100 40
63 44
60 56
16 28
17 44
53 28
22 4
44 83
96 67
86 44
79 86
92 56
6 87
24 65
0 46
30 62
11 36
51 16
19 2
94 99
100 23
42 74
32 37
3 47
12 75
37 93
5 89
2 47
65 96
10 19
18 32
6 63
97 78
46 12
99 48
83 62
99 43
60 57
52 67
32 83
24 17
71 44
69 4
88 26
16 91
88 92
38 70
15 13
94 42
72 67
89 89
100 36
95 40
12 1
64 76
89 49
50 97
62 11
23 12
49 75
53 71
15 4
54 66
73 89
79 29
41 82
61 55
14 62
16 85
32 39
54 52
80 77
94 72
72 68
59 77
92 76
55 94
16 26
37 62
55 49
36 27
19 44
42 66
58 22
38 1
14 18
81 63
4 41
32 53
45 10
58 17
15 8
24 71
90 91
72 49
47 74
39 28
59 52
2 25
87 65
48 96
89 72
74 82
69 15
20 14
62 59
13 29
23 87
13 59
49 92
75 41
14 92
50 67
11 86
1 71
98 13
85 18
56 68
20 76
17 73
84 4
98 17
91 44
69 12
97 63
33 40
3 5
63 83
56 92
69 45
58 2
96 3
12 33
28 35
24 77
70 89
39 73
69 48
69 77
89 8
81 58
86 75
32 15
2 16
75 97
40 38
48 20
54 39
66 99
3 4
63 33
37 67
27 75
86 98
26 27
54 81
55 75
25 68
17 82
99 91
15 42
67 64
82 82
38 74
5 8
35 41
24 55
94 39
67 69
91 55
85 47
0 43
99 20
67 87
74 8
61 50
56 61
79 58
99 89
90 63
16 92
93 65
92 74
17 99
39 82
8 25
17 16
50 37
33 68
84 11
21 11
93 48
30 56
57 66
27 14
88 95
25 22
61 11
69 41
84 52
1 36
96 56
47 33
28 24
96 73
4 49
14 64
62 53
28 42
35 17
54 55
82 78
97 43
86 30
35 61
56 3
75 85
57 91
54 98
13 81
86 20
1 33
4 74
19 99
35 65
44 76
31 66
56 99
54 23
3 14
20 12
6 2
51 61
37 16
33 15
42 88
2 47
19 16
22 11
46 7
36 70
98 25
15 80
46 93
91 63
5 83
11 23
76 14
50 42
40 91
50 14
94 84
20 18
84 65
4 19
54 3
84 86
98 2
76 57
95 56
50 44
62 86
84 72
11 80
63 62
57 45
70 36
76 15
91 23
35 29
23 7
7 13
57 35
87 50
35 53
49 23
1 0
82 5
2 53
68 42
52 50
71 40
51 81
75 96
40 44
9 100
41 58
85 2
29 9
79 96
23 83
46 44
36 6
71 47
26 31
76 90
87 23
46 85
8 32
12 95
2 78
75 21
37 24
89 78
13 81
6 78
13 11
51 0
27 37
77 1
53 34
5 39
14 15
7 22
3 14
26 59
97 47
69 68
33 51
77 95
55 63
79 38
52 97
34 86
86 50
37 90
11 0
53 98
99 46
71 74
64 98
94 25
8 88
83 44
35 79
64 95
0 89
78 72
23 86
44 0
12 30
42 77
74 50
77 46
11 97
61 17
56 3
47 38
70 45
44 82
3 60
99 14
60 96
36 74
92 43
16 22
14 56
73 3
88 14
87 67
87 18
14 80
54 69
97 6
41 82
96 33
59 13
85 44
27 94
40 30
36 26
37 14
39 80
98 57
48 28
61 50
23 81
32 37
39 35
62 26
51 3
26 58
30 9
96 78
27 28
68 86
25 53
1 3
44 70
3 58
85 23
83 80
34 64
12 43
46 48
85 34
92 21
67 43
53 19
78 86
9 79
67 58
10 75
58 61
42 57
16 99
80 50
56 45
73 17
49 62
95 28
36 27
54 92
58 27
24 78
67 39
15 16
83 18
18 41
1 62
79 67
47 5
1 37
35 19
1 54
61 17
79 9
91 14
97 55
74 56
67 50
66 78
73 89
27 60
95 28
49 82
5 38
45 91
55 4
70 14
35 82
55 69
25 51
25 0
6 28
11 46
92 4
3 31
13 21
52 24
77 21
58 94
38 63
58 28
51 37
24 87
94 66
3 32
28 69
98 76
48 0
48 92
36 81
13 21
8 0
65 34
47 76
14 28
26 82
29 85
69 59
93 79
60 55
57 87
59 67
54 84
31 28
72 19
69 44
0 44
18 86
34 70
42 46
22 27
67 79
13 68
51 51
60 43
87 90
2 22
53 90
79 51
72 85
38 33
40 67
14 90
7 19
12 5
22 9
39 48
15 77
82 60
64 93
43 65
5 47
13 13
9 11
24 58
80 27
5 4
86 88
6 7
1 12
45 14
30 8
97 19
31 73
62 21
16 60
18 8
5 73
39 87
46 89
72 40
4 69
76 88
53 99
47 34
63 69
52 98
100 71
24 29
37 1
20 28
15 60
66 82
26 17
53 0
28 100
49 100
58 36
51 70
16 21
83 74
6 15
69 2
39 76
52 65
32 93
89 23
86 56
23 84
8 72
85 7
65 10
75 40
80 62
94 43
61 84
59 74
85 47
54 20
56 99
97 20
5 16
55 73
41 3
99 95
77 62
75 61
57 77
5 82
15 79
21 40
53 5
10 65
51 43
16 76
68 89
31 94
100 61
15 70
28 78
18 25
21 88
64 13
23 27
60 9
73 75
18 6
70 26
88 72
82 93
46 29
0 85
8 20
13 57
11 85
23 57
8 96
41 0
61 92
49 72
69 88
28 5
2 73
69 80
11 71
100 100
36 9
54 6
18 47
6 7
66 37
71 18
51 34
44 58
78 7
12 59
8 51
93 57
68 90
63 34
53 84
36 52
77 12
10 25
34 55
68 45
33 54
71 32
94 97
57 85
62 34
24 94
68 42
4 15
68 58
64 34
62 44
98 70
65 37
20 60
61 6
40 76
47 65
96 77
27 23
1 14
2 11
81 67
24 32
64 52
74 80
50 76
56 28
10 34
43 16
36 31
16 47
71 13
78 54
83 41
83 28
19 23
2 1
65 3
59 67
58 20
21 38
12 78
67 6
27 9
15 71
5 86
63 79
49 19
80 16
55 80
53 68
93 68
5 17
53 92
27 38
78 14
34 44
65 42
68 48
48 29
81 47
35 48
50 42
47 58
96 79
85 27
88 81
46 96
0 68
92 70
4 25
97 18
92 42
72 93
78 73
79 84
45 18
66 40
54 98
59 26
16 59
18 45
6 46
47 69
53 80
52 65
65 99
47 70
68 71
47 55
56 50
23 89
29 31
74 65
28 87
62 18
56 18
47 23
85 19
71 3
5 57
20 45
85 4
47 64
11 13
39 1
10 76
74 89
4 65
81 79
35 100
34 95
66 4
2 43
5 73
87 89
77 24
64 62
93 95
64 2
10 14
46 80
22 75
73 48
23 12
62 20
70 79
12 98
17 35
91 49
2 83
0 11
34 9
99 43
57 27
60 26
6 85
51 79
47 67
35 30
34 73
3 86
80 99
72 44
44 85
50 1
73 7
24 86
82 82
40 88
0 52
51 90
63 38
9 25
88 50
59 44
87 24
38 70
6 7
36 18
27 37
63 6
11 28
37 75
53 34
29 94
86 83
55 59
99 33
45 28
72 29
3 39
20 81
29 45
16 86
48 95
100 57
15 97
31 51
77 94
23 89
7 51
32 11
2 2
92 5
79 87
76 16
93 33
71 44
81 38
5 30
93 20
97 18
81 63
55 34
46 75
24 61
51 40
0 66
95 84
0 99
70 92
23 79
32 45
29 78
18 93
72 20
100 82
99 24
85 46
22 69
40 65
53 8
99 76
36 77
5 70
85 15
39 22
13 26
62 77
0 54
80 12
23 99
99 61
98 14
29 20
30 39
2 54
66 64
42 79
55 75
41 4
58 36
17 1
33 85
99 17
87 37
8 87
38 5
85 8
17 46
73 71
34 6
45 86
77 52
37 44
19 96
63 45
97 43
90 55
22 86
86 75
12 38
92 91
62 0
83 80
69 77
59 79
76 29
31 70
85 47
54 28
47 24
64 89
31 81
77 1
98 30
32 37
29 94
29 3
82 36
61 48
63 33
49 65
3 48
57 13
63 65
77 36
37 10
76 6
25 7
4 4
37 9
1 50
81 26
55 22
50 1
78 9
97 11
57 84
19 29
75 30
99 38
68 1
52 62
81 17
97 33
87 89
34 62
52 22
45 41
20 55
69 16
77 87
25 84
62 57
33 29
50 7
24 84
55 54
54 1
82 2
57 76
74 61
87 4
23 76
63 40
93 20
25 20
80 61
38 13
63 66
64 50
86 70
59 60
14 95
89 31
7 3
43 48
37 41
64 61
65 11
100 16
86 100
67 45
98 59
97 72
97 28
54 79
13 85
92 61
16 97
20 75
47 75
95 70
79 50
74 69
28 92
70 31
80 47
1 77
48 57
9 76
95 43
6 57
78 61
42 30
95 13
74 24
2 4
64 51
73 43
50 54
26 21
45 98
47 45
21 77
31 15
70 48
18 37
80 46
74 20
12 80
29 61
97 66
60 27
37 2
100 73
31 37
11 44
94 50
0 97
79 54
28 82
14 73
89 39
34 43
71 62
21 67
27 14
72 58
71 68
26 28
34 89
49 24
32 45
11 6
15 96
94 82
89 65
61 70
92 53
58 65
51 63
36 17
12 88
68 91
68 20
94 18
62 38
76 78
36 94
96 19
25 41
18 30
32 49
22 2
13 7
35 69
26 36
23 66
99 71
85 97
71 34
6 41
31 76
71 2
92 68
1 56
57 83
73 27
11 35
28 29
82 96
42 73
24 45
11 44
6 17
7 97
12 20
77 33
95 100
58 54
95 51
55 54
16 46
46 0
59 17
82 55
45 42
87 52
51 81
48 8
52 74
44 28
69 40
75 7
37 83
0 49
46 49
100 53
32 99
62 27
85 4
57 53
55 4
46 17
56 55
10 47
99 75
4 68
87 5
60 73
97 46
77 80
16 30
10 17
39 73
60 9
87 75
64 97
71 47
54 34
42 11
28 100
95 14
90 50
96 67
93 2
17 6
80 43
11 77
39 27
97 79
85 34
29 79
79 99
6 9
17 84
34 69
66 92
65 29
60 69
16 55
62 72
70 81
62 35
62 6
87 57
50 1
57 47
18 52
71 92
17 55
20 27
18 80
7 25
83 86
55 36
59 97
68 24
30 74
20 67
43 40
93 87
11 71
34 96
48 57
79 92
2 87
72 64
36 38
97 100
87 79
71 49
15 50
11 80
43 60
54 17
31 40
15 60
81 54
22 37
84 30
83 48
37 92
27 62
54 74
1 83
44 67
30 97
34 24
79 24
42 92
59 39
83 60
15 16
1 63
22 51
64 83
22 31
87 39
2 88
51 84
18 55
38 89
66 37
60 23
0 33
86 56
32 97
14 52
28 28
55 87
56 81
58 46
34 51
80 3
21 52
38 41
32 67
47 99
72 35
24 72
25 100
22 53
37 42
29 11
53 15
43 7
65 57
9 87
2 100
23 17
87 89
50 12
15 37
9 71
45 42
94 58
69 6
44 94
43 31
61 23
82 82
88 72
40 5
36 8
70 95
71 42
61 64
45 25
68 80
23 62
23 73
46 90
9 61
61 45
77 7
49 57
17 31
10 64
10 43
47 57
62 81
63 20
94 73
17 84
47 82
93 33
46 29
90 71
7 48
10 44
31 90
4 17
8 85
79 78
92 81
97 70
39 95
36 80
40 69
69 23
75 91
11 48
41 56
46 94
70 6
22 97
42 39
66 55
42 14
20 61
43 43
75 56
8 80
24 50
1 39
49 17
26 60
65 99
55 86
49 18
37 65
60 16
35 92
96 87
18 82
14 62
41 61
15 39
4 61
69 5
81 100
83 55
9 54
58 94
84 38
60 70
48 69
20 83
20 62
45 20
11 23
20 70
28 97
65 36
62 33
77 86
44 80
40 88
91 42
90 81
55 89
31 51
9 71
83 73
71 59
62 90
79 12
91 66
24 91
93 18
51 99
10 69
24 80
57 65
40 55
16 89
25 22
83 26
74 71
82 81
22 47
25 95
30 38
68 7
40 41
82 58
99 44
95 47
55 71
80 14
7 23
64 94
69 90
77 100
80 32
56 22
72 12
9 8
49 33
88 30
30 37
98 62
82 56
37 52
21 92
33 45
40 1
41 23
71 23
91 38
22 32
97 52
78 79
38 31
60 84
45 92
97 25
2 18
69 68
21 29
28 3
59 19
88 82
93 2
56 93
84 71
77 19
55 26
33 19
39 20
91 5
0 43
78 19
17 81
94 8
57 55
30 98
56 83
99 57
60 33
55 53
49 6
35 2
84 33
71 94
11 22
16 18
16 68
76 98
8 92
60 69
22 33
58 19
47 81
10 85
58 96
46 58
43 70
68 45
78 14
63 56
43 65
95 9
55 29
4 71
96 53
31 57
19 100
99 65
41 62
62 36
75 34
97 20
58 75
62 47
24 85
10 77
9 82
86 80
8 18
67 7
90 57
97 53
34 2
74 90
64 80
30 2
24 32
6 90
81 59
81 64
27 25
61 76
78 93
87 67
79 79
47 95
11 40
77 69
17 46
4 19
100 44
79 59
72 84
99 77
52 27
68 23
89 61
2 5
31 3
12 69
5 72
79 96
73 87
71 29
96 65
2 79
19 58
83 27
12 36
38 10
92 66
36 50
93 65
58 63
8 32
64 7
72 7
95 74
46 15
78 67
28 66
55 72
78 48
24 27
61 34
96 18
63 59
58 16
36 96
93 59
74 37
52 60
78 60
10 4
10 87
87 36
74 86
24 56
95 51
74 89
45 51
74 72
12 7
39 99
0 25
86 95
19 82
0 99
91 61
60 73
25 82
18 59
27 59
91 91
58 21
2 20
53 58
75 98
88 49
65 26
57 35
58 43
82 28
79 0
85 31
36 10
78 61
56 92
46 98
49 30
93 54
92 9
43 32
5 63
37 100
99 66
2 93
31 70
12 24
92 30
6 9
18 8
9 52
56 34
17 32
74 45
31 43
42 48
21 47
20 41
75 86
12 52
10 49
12 36
92 76
24 58
42 38
94 4
37 59
58 25
72 5
7 18
44 86
61 36
11 84
90 70
62 82
7 15
49 9
50 24
51 62
3 19
86 8
80 36
33 91
56 53
94 44
30 64
81 96
44 39
90 54
45 27
61 74
23 84
84 26
90 74
63 2
23 43
90 24
32 13
32 54
16 65
13 63
9 1
42 86
14 99
15 51
43 27
13 48
85 89
9 53
6 65
35 87
25 25
28 2
83 93
24 57
47 38
44 10
95 52
73 21
69 2
7 12
70 78
69 9
93 23
7 7
3 5
35 8
80 84
79 92
16 100
5 60
40 85
76 79
85 35
44 89
9 63
42 99
87 53
50 19
92 57
70 41
9 29
7 83
21 23
12 27
44 12
75 12
62 46
41 76
23 33
28 32
7 65
25 89
94 9
68 84
97 51
40 34
65 98
16 83
50 48
6 83
0 10
5 32
12 92
48 82
77 13
93 25
49 45
34 84
32 70
44 32
86 96
44 27
41 76
42 91
53 16
94 18
58 83
14 27
96 67
16 43
47 61
27 32
30 21
30 26
62 7
58 66
36 74
99 39
43 34
28 45
17 79
69 11
65 100
48 76
84 27
74 91
14 36
46 61
97 84
8 61
66 14
68 33
79 85
73 17
74 30
24 58
45 38
11 83
60 34
9 74
31 86
71 74
45 95
73 82
23 70
0 2
59 32
36 57
48 66
22 11
28 39
73 3
58 99
59 31
96 21
59 34
70 55
75 99
2 75
31 26
10 54
91 82
97 42
23 59
43 97
34 34
84 93
96 65
3 66
92 90
2 15
8 82
61 89
79 38
100 61
47 51
34 0
21 49
68 64
90 38
32 92
85 62
43 64
49 68
27 67
87 41
3 67
67 90
22 59
81 44
46 16
33 82
100 77
76 95
22 90
21 93
46 48
92 71
66 99
88 36
9 84
57 92
87 80
85 5
22 94
45 58
8 32
41 100
57 88
19 15
31 86
33 35
70 0
45 12
29 10
4 9
46 48
29 72
77 59
8 88
48 65
98 7
24 96
36 0
18 82
68 29
39 65
32 85
49 47
28 86
76 83
18 41
68 22
45 5
53 99
65 76
8 79
38 66
16 34
24 78
82 15
73 78
2 69
65 68
78 84
7 46
42 20
52 20
28 76
34 85
93 21
77 69
34 49
18 75
90 19
7 3
86 84
9 48
15 82
52 92
22 32
66 35
36 17
34 62
3 90
12 54
54 50
43 92
89 16
39 59
64 70
17 15
76 11
87 78
77 57
63 36
67 60
39 64
99 26
16 94
84 63
41 28
26 65
10 63
16 87
5 28
88 47
96 71
97 48
30 85
67 28
80 19
77 14
20 44
43 5
52 4
1 41
56 56
34 79
5 17
89 87
70 38
10 76
68 87
83 77
44 80
9 88
59 26
68 8
80 22
37 64
28 31
99 58
87 51
97 22
2 54
90 89
78 62
33 87
4 73
31 68
42 100
23 10
81 69
85 36
6 38
27 37
86 9
78 69
83 48
35 66
11 62
68 3
72 55
32 35
34 91
48 52
59 100
7 38
30 40
94 24
46 97
79 33
10 98
11 85
7 18
43 82
34 86
79 32
51 50
79 8
0 95
31 67
89 86
23 70
66 29
55 94
13 15
13 11
28 44
24 100
64 51
47 63
57 76
38 18
15 52
34 71
32 8
11 65
32 0
9 74
88 28
57 69
11 99
11 54
40 34
87 76
4 96
56 64
2 2
15 9
62 33
59 87
85 48
47 5
91 80
67 67
84 17
88 95
23 60
64 14
22 68
6 17
47 62
73 48
29 1
13 91
3 77
42 79
10 9
33 84
80 26
4 56
5 51
96 34
12 27
12 93
6 5
23 27
32 1
21 44
54 68
36 57
62 57
24 92
38 52
22 41
34 47
67 70
62 40
60 48
38 55
64 53
96 85
40 61
74 35
53 68
89 86
5 24
67 2
73 42
64 57
30 87
34 15
94 71
58 89
47 28
63 27
30 23
10 18
48 74
76 20
24 66
46 68
44 15
45 64
65 21
45 4
29 76
25 5
62 63
37 35
18 96
42 24
14 33
19 75
25 64
95 38
60 33
89 31
99 49
25 84
16 76
77 54
84 59
14 84
76 24
21 82
20 39
57 49
42 76
7 74
37 14
59 42
87 84
40 11
19 83
50 83
19 58
16 28
54 49
1 13
89 34
82 29
12 60
21 19
50 84
1 32
38 69
50 54
68 72
33 90
28 40
10 93
39 88
46 70
17 98
19 11
2 61
17 9
25 16
66 74
40 35
95 16
26 60
57 54
24 83
5 49
16 44
61 61
22 34
8 12
63 2
76 12
51 58
83 45
17 36
57 94
21 11
99 66
81 98
64 58
85 55
81 46
45 47
3 26
98 48
80 45
10 9
7 53
35 7
8 13
21 58
48 42
65 98
26 82
73 5
65 69
97 43
1 13
86 18
72 8
66 10
11 43
72 96
60 82
33 37
55 0
5 9
21 91
38 63
51 27
40 30
76 51
52 98
46 36
95 6
61 61
71 99
7 62
15 17
65 43
11 6
38 5
2 39
84 16
85 64
19 43
82 7
64 56
44 74
45 18
66 88
4 37
77 97
21 75
88 69
50 45
7 43
37 72
81 50
29 14
36 21
84 33
4 68
60 73
52 63
17 91
39 69
93 75
71 33
1 99
98 92
36 32
7 52
58 47
34 91
86 26
60 0
20 23
39 40
33 3
68 57
75 71
55 64
85 39
81 9
53 5
22 8
46 67
34 41
1 94
57 52
7 57
54 7
36 11
48 34
3 12
4 77
5 93
69 23
18 39
54 29
77 17
10 72
0 58
59 84
98 33
18 16
5 65
81 83
58 32
93 76
34 89
21 1
2 74
81 91
72 56
85 86
59 31
46 46
51 37
33 8
72 4
100 75
56 15
44 5
14 19
98 81
9 50
11 30
98 62
75 22
80 85
82 68
80 36
83 9
41 5
86 34
9 77
52 36
16 96
73 20
55 85
12 2
3 91
34 34
28 8
34 100
94 81
91 72
41 66
41 89
19 84
64 13
52 64
78 37
80 7
35 2
82 29
66 100
52 27
99 22
88 96
83 86
0 8
52 6
87 26
16 100
59 15
35 70
11 53
54 61
23 58
27 96
26 60
2 79
80 50
98 88
85 56
98 35
74 11
60 49
36 5
14 78
90 7
7 77
34 24
26 46
45 11
93 64
75 18
82 21
29 50
95 78
16 18
36 44
65 78
80 35
65 17
32 44
90 95
80 68
78 37
45 79
60 57
74 35
90 39
10 2
25 65
87 22
22 63
98 59
58 11
68 72
6 8
95 90
54 1
63 50
84 43
10 55
88 31
56 36
5 4
6 71
33 61
57 2
99 23
74 91
41 63
60 15
47 53
13 73
37 93
9 33
85 77
44 47
63 21
49 91
52 76
9 25
44 48
56 52
62 12
2 64
45 2
16 78
95 80
10 60
48 21
91 39
84 53
12 50
66 43
79 66
54 36
84 24
39 40
8 31
29 38
35 94
17 100
0 49
33 54
51 10
48 3
93 28
29 86
42 37
44 76
68 54
7 63
45 25
32 0
7 11
28 96
53 81
47 100
75 96
68 55
43 0
81 54
20 82
56 49
88 96
16 8
0 76
34 82
75 19
12 78
3 77
15 81
31 21
45 19
77 75
82 59
32 72
7 3
20 25
18 24
51 32
83 99
44 78
32 89
26 25
67 24
69 83
15 7
26 62
84 8
57 62
92 49
99 79
72 8
45 17
92 95
87 25
44 92
51 14
36 47
51 25
62 19
27 35
58 92
83 93
88 34
40 20
60 67
17 68
57 48
22 58
7 89
98 22
36 5
64 75
12 81
12 67
96 19
18 80
15 85
10 4
53 62
31 44
90 54
2 38
32 77
50 26
32 57
81 38
59 52
33 87
82 87
39 94
0 85
96 66
85 69
64 4
89 74
74 13
48 74
86 79
32 84
34 6
79 59
77 78
13 52
49 24
65 94
10 65
67 80
62 57
56 25
43 97
9 6
53 80
45 25
86 51
41 96
80 68
3 68
51 47
9 22
24 50
80 48
99 28
12 75
55 0
80 20
58 61
59 87
37 27
47 45
74 54
65 89
16 78
21 28
96 19
63 66
79 67
55 72
98 76
89 14
30 97
0 38
71 15
32 62
47 100
96 75
26 44
23 32
52 9
4 90
96 67
65 11
69 71
54 10
24 0
48 77
56 33
50 35
75 77
65 8
30 57
55 98
49 17
13 26
100 72
10 0
23 59
6 12
64 79
85 13
94 98
7 84
12 15
13 34
64 30
77 96
6 90
3 17
93 85
76 27
74 10
72 23
29 35
87 71
12 83
19 86
4 71
57 80
14 80
100 63
15 19
20 94
31 88
37 83
5 33
86 53
36 75
90 94
38 33
66 17
81 20
37 99
75 77
6 47
0 77
40 93
16 81
14 85
14 44
72 36
5 20
31 89
68 29
72 62
88 90
58 83
25 65
74 87
77 46
57 23
45 55
52 83
58 39
92 24
47 56
88 4
75 50
10 70
79 33
21 92
2 27
43 44
96 99
79 30
26 85
0 82
97 72
76 2
33 84
83 87
53 52
54 46
68 95
26 18
14 73
21 92
64 85
24 35
0 70
95 95
62 76
14 35
6 23
7 15
12 95
99 9
71 56
1 9
7 40
80 31
75 45
21 42
90 32
75 96
5 47
9 35
43 71
50 77
65 8
99 79
87 66
69 2
29 21
20 28
49 8
62 9
34 71
52 43
61 16
56 68
79 32
7 76
78 18
36 15
59 7
14 43
11 32
25 49
59 68
99 38
36 100
46 52
53 13
60 19
24 80
89 96
17 96
92 86
17 47
90 28
64 65
25 98
37 68
8 45
28 74
18 74
51 89
95 17
63 59
39 55
6 99
25 45
14 70
76 88
17 20
55 67
98 92
49 29
87 88
0 14
0 72
36 12
83 61
5 82
23 94
5 85
70 13
21 2
87 30
27 33
47 24
71 91
33 96
6 10
84 73
20 57
28 19
25 100
67 7
19 58
55 59
68 44
50 27
41 62
80 9
74 23
25 77
88 19
82 8
70 68
79 23
41 43
71 81
86 63
22 45
58 71
62 44
91 31
13 59
20 34
26 42
35 44
79 91
99 20
46 86
27 72
2 96
58 28
60 66
86 13
9 89
76 85
45 56
92 32
19 59
90 79
34 41
61 38
3 84
64 32
41 87
49 10
44 70
31 28
62 20
2 86
69 23
11 46
82 61
54 29
60 2
71 12
17 20
50 11
21 39
67 41
80 73
13 40
21 52
26 71
92 30
56 40
79 74
85 90
95 15
87 24
19 69
46 43
10 14
78 67
88 45
13 43
58 74
94 75
38 45
17 26
0 21
24 65
89 7
72 88
0 51
25 5
29 26
87 92
57 31
6 6
9 50
91 6
27 3
9 52
39 25
16 26
31 94
49 64
63 52
57 65
17 55
66 53
50 10
63 50
88 38
74 5
63 16
61 1
93 88
55 97
84 13
30 35
63 11
96 96
81 46
62 90
19 90
62 0
0 19
97 39
12 54
7 27
56 44
32 59
88 11
61 47
15 47
68 37
12 9
33 82
8 35
90 83
30 36
10 74
67 50
60 24
9 88
98 44
98 98
5 80
9 95
86 75
58 74
66 17
9 32
85 38
26 43
78 25
2 39
40 26
26 13
43 85
30 23
84 64
15 49
95 0
68 52
56 32
75 26
21 86
81 96
23 51
60 17
89 9
12 15
40 70
41 44
56 90
35 43
27 98
60 99
25 36
67 21
79 64
65 73
13 23
71 86
74 60
80 99
51 4
3 28
56 25
2 28
74 73
78 33
87 63
69 8
17 53
52 1
11 83
26 78
40 50
87 16
80 85
72 35
97 4
90 20
24 47
14 93
79 2
25 7
79 57
69 73
86 58
17 16
67 21
15 1
91 34
50 69
90 12
61 33
51 42
39 96
90 24
50 54
97 12
47 99
69 29
75 100
3 8
27 94
60 54
47 74
43 97
88 87
66 94
13 96
18 47
78 84
4 37
79 45
47 98
32 10
97 79
3 49
83 43
39 6
38 97
45 99
74 19
61 42
86 44
35 98
72 58
7 22
19 70
2 71
66 38
82 64
4 78
4 29
57 71
80 12
85 71
94 86
97 31
61 98
37 30
68 73
65 45
0 77
79 8
73 47
18 42
59 33
66 29
67 83
71 37
22 69
70 86
87 5
78 47
76 54
45 3
37 57
58 17
22 4
66 90
94 92
40 51
32 6
91 80
71 38
70 26
75 23
28 20
86 34
51 2
21 26
8 40
76 8
83 75
70 43
49 61
76 57
92 36
85 87
83 88
91 57
11 4
25 37
17 93
28 3
75 41
100 49
1 92
4 67
11 46
74 32
77 66
71 87
7 59
48 48
58 60
91 11
15 35
93 64
15 76
16 88
25 89
20 99
13 60
67 94
96 87
5 61
64 98
70 1
95 91
35 79
41 92
30 43
77 45
26 86
4 70
34 86
48 74
62 50
77 43
78 28
84 44
92 30
42 12
20 5
1 46
100 87
73 86
70 24
75 19
41 12
48 88
29 65
87 16
34 12
90 97
94 44
92 68
29 6
87 68
78 36
31 47
39 99
85 98
67 34
92 37
15 26
0 43
69 2
44 76
84 18
83 80
82 79
30 55
71 57
33 73
63 89
79 46
91 60
87 76
84 1
98 8
7 78
34 8
86 31
6 56
54 43
49 74
85 43
32 38
7 70
11 41
38 59
90 50
53 64
3 68
28 34
18 33
79 67
66 47
43 22
54 99
41 54
39 38
56 87
10 68
100 62
16 14
80 15
26 66
15 41
77 15
8 4
5 80
41 14
4 26
62 97
3 27
37 96
40 50
61 99
0 98
30 61
35 3
21 63
80 57
8 12
69 27
9 1
43 45
99 91
8 8
15 53
6 49
19 78
12 81
26 29
81 75
11 95
78 25
68 6
87 8
73 76
49 27
0 86
28 79
72 56
12 34
68 100
55 0
18 73
60 69
59 58
5 91
10 94
44 76
62 20
37 68
88 28
7 35
87 35
99 53
29 38
75 95
57 32
8 11
6 25
18 72
19 69
78 29
17 39
30 0
75 13
2 86
92 73
95 3
8 92
1 21
9 59
29 88
24 13
40 80
58 68
30 71
47 35
23 98
0 12
13 60
42 69
76 16
49 71
61 42
76 57
7 89
15 58
91 35
89 78
7 90
71 75
55 98
81 27
67 4
20 22
24 34
27 10
66 18
86 46
11 63
26 58
13 83
73 70
95 96
51 27
89 97
75 50
68 69
28 79
33 75
24 33
83 97
71 61
100 100
24 62
82 89
25 15
39 68
20 46
66 43
57 90
93 52
52 95
80 18
24 72
21 66
10 9
49 67
88 84
1 2
72 81
76 35
78 45
35 58
5 69
75 53
34 51
72 54
25 35
78 14
32 16
37 47
48 13
75 65
74 2
83 43
24 86
85 69
12 86
66 98
88 87
32 58
89 43
46 40
59 96
26 75
34 79
11 4
42 86
42 99
79 80
79 24
79 67
72 80
71 95
86 29
77 35
5 14
27 42
25 68
10 18
50 76
84 10
18 30
43 4
27 44
24 6
52 8
41 0
35 3
72 85
32 57
49 39
85 56
63 20
60 20
95 64
22 43
64 76
13 83
3 24
85 0
86 98
42 53
16 57
2 67
47 2
6 7
13 61
24 69
19 38
18 57
3 35
15 79
57 10
3 94
97 69
9 17
91 94
73 18
1 36
69 20
47 75
54 26
18 91
81 37
53 13
20 32
40 20
28 69
43 40
21 78
70 2
92 93
4 60
83 67
99 80
58 71
2 52
16 37
96 81
20 8
82 53
25 53
88 26
12 49
87 38
21 62
25 100
69 31
14 10
38 97
47 5
4 37
74 24
74 85
39 8
70 37
56 42
12 29
26 86
41 1
56 73
77 75
54 31
53 78
33 20
87 84
35 91
40 61
3 55
46 41
4 11
32 38
21 58
92 64
89 98
5 62
71 66
74 79
74 16
30 90
33 1
30 97
45 40
6 48
54 100
47 52
40 7
35 98
40 94
93 65
68 85
34 8
99 99
8 52
79 8
18 33
7 67
3 78
85 6
21 3
5 5
69 64
6 38
79 0
37 24
87 3
24 83
33 64
82 25
10 68
89 86
41 32
15 79
31 87
56 57
5 25
12 25
70 38
40 7
27 66
18 100
44 14
91 0
63 36
3 4
9 29
28 39
38 19
55 53
14 95
39 51
47 73
32 37
47 84
0 67
66 80
60 36
52 97
68 97
81 92
20 99
8 76
70 12
56 82
21 37
17 77
45 40
40 13
82 73
24 47
80 4
6 13
93 21
23 72
75 92
55 74
57 10
82 77
48 29
27 14
7 94
73 87
48 39
98 58
37 80
19 26
19 10
36 11
9 51
47 49
4 4
4 31
55 90
63 66
37 90
7 91
38 39
49 49
37 17
75 59
75 33
5 39
11 65
0 73
44 51
59 90
74 85
33 60
77 74
38 11
48 97
86 62
74 1
49 9
61 78
90 95
30 98
78 2
45 89
96 55
76 86
76 4
5 74
98 80
91 46
52 22
51 39
22 17
1 57
44 57
36 91
66 91
45 47
24 89
14 40
68 16
13 32
20 40
20 41
97 4
57 32
1 70
26 1
72 70
60 18
1 86
40 11
14 2
79 56
45 56
29 69
35 90
39 68
98 56
32 59
92 19
62 74
23 62
22 78
43 0
21 3
59 28
1 27
53 11
47 42
10 65
90 57
30 84
29 41
53 55
83 42
19 49
15 47
25 2
75 99
35 9
95 19
38 40
50 72
63 34
21 43
15 18
36 99
7 47
72 100
72 20
12 12
66 14
75 90
37 27
11 31
60 49
3 82
94 55
79 92
79 55
49 11
20 4
54 56
81 51
5 98
69 2
60 69
31 90
43 1
19 61
68 53
38 28
46 50
51 98
1 75
3 17
50 14
37 9
71 57
24 13
48 55
9 81
4 55
44 27
22 28
44 6
78 34
33 55
52 79
5 72
9 78
40 84
37 29
65 72
92 45
6 22
33 36
15 15
41 3
82 78
88 7
37 77
79 47
81 47
0 62
36 100
95 23
100 1
23 9
56 98
38 98
12 24
99 73
82 81
99 92
10 90
94 45
83 59
32 31
79 95
26 45
79 64
35 70
20 3
92 53
7 88
25 31
49 44
16 12
54 41
71 93
20 41
98 30
11 96
37 12
48 17
98 37
72 69
31 0
36 34
81 82
24 48
31 78
91 71
39 35
34 68
0 13
20 70
6 73
59 72
55 86
74 90
50 55
89 82
92 93
14 89
55 55
76 90
75 75
54 12
54 83
40 90
63 84
59 77
94 2
55 11
25 57
16 56
98 11
34 14
70 83
77 44
24 70
47 33
68 11
1 59
22 78
45 40
53 75
15 70
51 27
90 31
77 41
85 19
4 68
42 55
11 80
46 20
99 76
5 86
88 51
30 50
80 96
13 98
34 1
28 88
98 7
83 67
15 68
5 18
86 67
41 7
50 49
96 79
1 14
65 2
7 42
76 92
80 70
1 21
84 56
40 14
69 39
94 38
88 85
99 81
45 51
11 17
45 61
16 79
38 28
53 86
48 39
87 39
41 14
2 19
49 52
68 85
12 96
50 61
31 36
64 62
74 39
15 28
55 81
45 30
79 9
34 96
21 85
41 49
76 41
58 100
48 89
8 80
82 80
9 97
6 90
22 25
2 56
48 34
68 9
63 68
26 22
25 89
23 53
25 22
83 86
33 49
1 45
44 97
98 89
78 71
41 8
79 84
88 83
24 11
17 100
35 71
19 29
28 78
77 11
21 25
68 14
33 6
82 26
70 0
76 99
78 10
20 71
93 98
2 11
25 83
80 9
62 31
62 12
83 96
87 1
41 43
28 61
62 9
8 41
85 93
2 90
19 100
45 91
50 68
21 76
7 83
48 43
91 13
62 100
58 41
98 68
83 81
55 94
80 76
32 76
41 74
79 4
15 35
42 92
20 14
28 14
32 99
100 59
10 86
14 4
32 0
35 12
71 11
53 76
52 86
45 51
80 31
43 53
38 72
60 13
81 95
5 97
74 58
19 82
99 45
83 16
34 62
97 61
7 93
44 22
22 12
41 62
38 28
70 91
60 20
78 22
28 94
39 88
64 12
54 6
75 52
47 83
99 87
0 62
88 24
87 84
0 14
85 35
24 69
76 12
20 50
3 91
5 39
32 61
69 16
23 64
38 94
45 75
70 31
91 82
76 96
55 93
8 77
68 46
74 10
22 7
27 54
95 70
68 90
91 30
23 24
17 25
23 32
0 2
89 31
100 80
3 81
51 2
16 52
44 20
58 9
46 82
9 49
67 57
90 46
35 53
18 34
36 61
45 58
91 28
68 74
44 18
93 88
51 53
62 64
92 46
99 77
92 18
31 95
2 82
7 27
34 63
53 85
85 93
21 61
35 0
67 18
78 14
18 17
15 20
10 100
14 97
76 1
18 15
64 8
75 2
90 32
90 90
5 91
57 20
54 100
53 97
72 72
21 42
10 78
47 14
65 100
49 38
93 3
12 28
79 33
21 13
89 49
9 81
40 54
16 83
66 11
0 99
4 80
80 53
65 21
13 53
19 84
55 46
69 47
56 64
45 38
84 35
63 89
47 76
77 82
100 31
48 70
66 60
56 3
37 28
32 65
11 50
82 13
59 21
68 70
20 62
21 85
82 38
81 35
24 17
87 18
67 86
35 2
86 4
75 11
88 79
92 92
14 54
48 92
53 13
75 79
50 25
72 27
12 89
63 95
0 26
0 63
61 22
87 15
17 72
55 92
3 100
23 65
65 76
67 98
43 48
4 20
99 82
54 73
30 6
6 61
76 22
63 65
22 45
41 53
91 8
82 99
20 72
85 19
27 100
26 25
34 35
41 84
98 100
89 47
2 50
53 64
37 84
35 79
54 23
33 3
87 69
65 7
90 96
33 45
72 36
58 20
68 25
36 32
47 70
47 39
11 58
94 18
67 44
27 30
41 74
90 38
35 91
83 39
99 63
28 60
27 67
51 63
38 39
27 22
57 87
0 13
61 30
77 13
42 2
14 40
47 36
38 30
36 73
5 65
33 76
54 94
82 10
50 82
58 34
11 32
93 23
36 87
99 12
16 39
11 60
55 77
89 7
25 57
74 49
0 96
68 86
68 25
28 81
41 62
28 26
20 70
81 31
94 72
67 8
86 61
77 90
65 20
58 46
83 39
85 53
64 54
17 80
54 15
58 54
9 0
15 80
58 70
46 78
48 3
79 93
78 92
86 19
30 39
39 84
47 27
25 77
58 90
48 90
42 58
21 5
43 98
10 4
27 93
25 1
68 6
56 97
68 67
11 38
4 94
31 91
63 55
34 51
46 59
6 32
17 12
8 17
6 92
100 6
100 61
58 48
22 81
67 1
55 85
29 34
65 19
28 24
40 15
9 85
97 91
83 32
56 12
64 49
42 1
21 78
23 41
35 67
52 73
49 83
56 90
21 51
79 7
91 21
12 15
40 54
18 21
25 100
63 5
73 63
40 5
8 56
96 0
77 87
81 73
73 4
2 89
75 43
61 30
25 85
21 79
60 80
68 57
76 34
68 18
34 86
62 28
58 26
4 84
43 70
63 9
72 6
42 72
76 1
39 20
87 87
14 59
22 14
38 2
13 43
69 53
34 83
81 21
68 66
3 29
9 24
72 33
94 9
75 40
9 70
22 72
69 56
61 59
82 44
30 58
99 54
53 19
20 38
59 84
99 31
96 44
10 36
33 14
64 99
6 46
47 36
72 17
60 17
45 83
47 24
91 60
92 10
24 15
43 4
32 26
26 6
18 27
48 91
48 13
66 72
4 58
49 55
15 75
78 97
52 63
45 17
17 77
52 62
87 86
53 2
40 20
29 3
95 36
36 89
49 41
30 22
39 32
33 45
85 3
92 7
36 32
77 41
23 32
15 98
39 50
5 92
20 98
42 46
49 95
2 61
70 19
25 31
79 43
38 54
26 23
75 4
36 93
54 37
67 27
50 68
18 83
51 21
42 96
68 97
65 16
57 6
74 60
1 67
47 32
36 36
14 11
9 42
36 65
45 81
46 46
47 29
76 5
30 86
53 67
57 64
10 93
43 41
62 48
33 60
57 31
35 17
67 67
61 26
97 45
98 58
64 51
94 63
62 73
65 84
14 66
52 55
60 88
67 29
42 13
28 57
28 23
69 64
29 72
42 42
39 50
88 30
71 13
87 43
22 15
83 87
30 57
64 74
8 93
41 8
25 32
84 94
58 86
3 90
7 35
86 41
0 40
68 43
37 54
97 83
43 49
46 23
80 15
25 18
22 95
73 92
65 60
52 85
63 88
68 45
60 59
46 62
24 33
83 42
20 7
51 77
31 38
43 0
61 72
12 0
55 68
86 50
38 94
45 94
3 93
44 94
95 25
65 14
45 26
64 16
21 14
61 56
58 21
11 6
32 39
40 99
11 27
78 93
40 46
39 59
41 41
3 38
83 93
95 62
91 32
1 65
78 80
41 38
1 19
92 92
76 4
8 62
24 16
7 38
31 58
62 85
55 25
23 51
92 48
41 75
17 24
20 2
91 97
2 50
58 45
86 10
24 25
31 41
0 63
13 89
68 9
9 37
58 1
92 0
18 14
41 47
18 39
49 2
83 31
2 60
75 49
4 70
58 67
92 77
22 29
87 68
76 45
79 34
75 85
75 55
30 53
29 80
24 57
32 69
11 88
32 95
32 93
17 57
20 82
57 8
42 11
24 35
100 83
93 8
86 42
69 100
5 16
66 37
54 98
12 80
55 13
52 41
32 77
32 38
66 44
72 100
22 41
63 77
54 27
34 64
30 1
82 14
76 94
66 14
26 68
2 47
3 36
68 88
3 72
44 72
37 50
92 73
25 57
62 6
58 37
69 7
94 61
71 90
62 3
46 34
20 96
82 27
16 84
1 88
7 90
33 44
26 5
54 83
17 71
96 83
60 50
34 6
92 10
23 29
100 83
42 15
46 5
54 1
70 48
53 7
79 85
60 11
37 30
59 61
25 99
14 59
89 58
18 44
15 45
55 61
50 87
25 79
2 21
40 3
61 37
99 49
18 67
96 68
29 87
2 11
30 11
66 11
35 67
58 78
52 99
61 66
65 53
73 17
85 66
77 16
26 2
75 7
10 0
40 66
82 29
75 59
25 7
72 81
74 60
61 6
98 54
18 95
7 28
98 19
49 37
4 66
36 43
82 13
36 78
58 54
82 81
62 93
69 6
3 89
0 48
21 87
78 43
19 50
45 77
96 66
24 35
97 61
42 22
26 38
43 50
27 97
79 40
92 2
45 40
97 57
65 2
64 64
57 16
10 48
52 83
46 15
79 87
29 28
85 48
38 88
11 67
90 96
95 44
87 80
89 83
68 50
74 41
0 89
42 51
100 82
87 85
31 86
19 53
90 62
100 80
53 10
0 30
0 28
34 17
76 1
99 78
80 1
30 54
67 64
51 42
54 67
84 74
100 99
28 96
92 38
86 15
41 12
57 56
92 42
55 16
13 34
75 38
16 2
65 6
67 6
74 70
50 51
94 32
96 85
73 29
51 48
20 84
21 35
23 14
47 26
89 99
38 46
4 8
93 95
91 70
86 72
22 16
65 12
47 21
71 30
52 17
29 73
100 17
61 4
13 66
10 85
84 49
48 54
16 61
20 20
3 35
82 2
96 66
74 61
24 18
60 21
52 24
6 34
73 23
2 37
82 86
35 4
43 0
57 38
33 94
83 68
18 90
52 14
5 67
42 42
20 69
75 78
70 42
71 29
45 81
33 83
66 36
90 99
52 27
17 58
9 86
46 26
39 91
7 98
80 72
87 94
72 13
15 0
98 15
22 16
56 65
47 67
97 45
90 27
36 98
3 53
4 61
33 37
0 97
87 49
34 21
72 67
87 68
85 48
48 3
49 38
34 1
75 96
18 52
68 83
36 53
3 53
25 4
0 23
45 16
72 41
25 80
38 22
87 94
96 83
60 55
33 30
25 71
33 28
89 4
32 13
90 45
33 36
98 96
97 11
14 86
85 59
11 26
76 16
92 6
18 9
16 22
2 78
46 19
8 39
29 62
94 42
49 91
89 39
43 24
8 38
52 9
82 29
57 73
52 44
78 31
43 54
93 96
56 51
54 5
67 66
84 29
11 82
64 5
4 81
58 74
97 44
9 59
80 63
64 6
10 63
2 30
56 60
50 51
100 56
63 22
63 100
2 0
49 51
97 1
68 49
11 15
6 94
81 19
22 9
26 34
65 55
32 95
32 34
69 81
78 51
77 71
68 35
11 2
43 74
54 72
32 59
6 79
5 79
27 3
35 55
94 50
42 22
87 49
56 71
43 76
6 27
71 29
22 25
36 54
86 93
0 85
6 10
36 1
15 37
24 7
47 32
81 80
24 91
83 19
78 59
41 96
31 77
89 18
29 94
14 36
100 38
29 7
68 94
20 96
35 0
66 71
36 80
54 7
80 67
42 25
98 65
69 36
54 40
51 89
55 43
3 59
98 10
42 14
20 37
6 97
88 39
20 90
62 94
9 12
49 88
31 43
12 84
14 75
59 22
73 54
33 98
75 17
53 70
97 0
6 95
34 40
1 55
96 33
89 83
49 45
66 83
43 64
17 66
83 56
71 9
42 72
52 17
19 28
57 34
53 18
23 51
12 4
94 61
5 35
68 91
40 28
6 84
90 22
91 3
33 70
1 10
2 63
74 78
46 16
37 95
25 37
20 70
42 89
27 46
46 34
61 73
6 68
95 48
81 2
89 26
62 66
20 5
83 23
64 6
25 95
71 85
100 5
16 43
97 52
19 7
88 7
94 79
66 81
45 79
32 22
33 81
19 90
24 95
2 72
61 66
48 14
43 28
99 49
39 16
83 66
1 36
28 18
30 10
28 32
13 54
4 32
39 81
67 58
37 0
22 97
28 67
71 15
15 36
75 31
77 55
21 75
20 90
67 91
77 77
61 58
40 83
30 4
53 81
41 100
50 61
36 43
87 87
1 65
44 1
45 22
20 4
4 55
34 27
57 75
51 0
88 64
64 39
39 73
92 8
92 16
16 7
24 47
26 52
11 26
32 64
28 82
23 33
84 7
58 86
37 16
19 64
29 75
41 94
42 83
24 75
15 21
73 39
55 41
1 98
75 54
99 22
65 11
66 43
75 6
35 39
57 98
13 7
81 64
6 38
48 8
94 63
55 41
25 68
34 46
8 44
91 29
90 28
98 68
78 41
60 53
84 63
2 42
35 26
8 100
96 66
30 32
3 38
24 86
40 55
67 36
71 86
58 61
23 100
89 80
98 66
20 26
33 88
1 48
59 46
58 84
9 38
7 99
84 82
4 54
72 24
2 78
93 0
72 71
3 25
24 46
95 52
99 20
14 25
10 72
31 9
28 0
79 90
86 49
29 35
50 39
74 59
96 30
13 98
36 3
30 70
79 5
15 48
94 38
0 80
4 31
84 52
78 65
43 65
71 0
80 89
97 49
85 9
76 82
60 40
8 17
76 41
51 19
47 88
64 82
43 55
19 1
69 55
73 6
38 9
59 18
40 38
80 8
62 73
48 27
38 49
60 63
81 99
2 98
37 56
8 38
11 84
33 27
17 19
84 63
19 34
60 91
63 78
61 53
97 44
4 56
33 34
97 11
90 38
80 27
45 53
23 41
34 0
88 64
57 52
100 32
19 24
61 84
11 26
3 90
63 62
89 66
38 80
57 29
31 7
31 31
74 48
20 16
78 28
80 85
53 99
4 66
63 6
86 95
3 87
78 20
100 84
25 29
15 3
82 48
13 30
43 93
93 25
70 76
81 78
83 91
65 1
14 72
55 43
98 59
54 68
36 47
76 70
93 65
49 21
96 26
83 94
20 6
44 66
30 22
35 31
51 73
62 33
100 18
57 11
0 54
22 46
93 75
80 23
19 28
30 7
64 15
88 57
24 97
95 52
71 19
14 76
43 56
90 31
80 15
55 7
8 28
93 55
79 30
14 83
54 68
52 4
74 47
87 4
79 57
27 5
85 57
46 76
7 88
94 71
28 65
7 29
95 99
10 56
26 72
92 13
18 17
30 78
69 16
97 66
86 100
86 70
64 62
16 80
66 79
69 1
17 9
60 64
1 42
94 7
21 21
16 70
46 63
24 82
43 87
73 65
90 69
59 15
65 75
35 18
82 40
34 62
81 62
44 68
35 80
15 39
16 41
32 25
6 98
50 85
17 30
42 82
4 82
84 90
48 54
84 11
96 78
85 75
79 23
60 36
48 40
19 10
16 84
40 35
9 54
34 35
83 55
82 87
54 37
73 44
36 64
26 39
66 11
36 8
67 12
14 12
53 89
67 19
71 44
75 79
11 2
19 73
34 62
14 66
73 92
78 81
45 31
81 81
30 76
87 95
75 41
10 30
72 90
35 65
35 74
16 60
25 58
5 13
29 3
39 41
32 77
6 56
65 57
1 49
47 69
11 71
22 58
85 30
38 85
29 42
14 100
40 98
5 52
71 70
35 45
88 85
0 44
47 65
84 84
52 20
58 13
66 60
33 76
38 93
64 21
95 87
35 93
98 12
51 53
40 60
67 63
14 13
11 3
7 85
100 9
0 23
30 62
77 50
44 87
32 100
97 54
44 86
67 71
67 94
39 39
1 61
18 17
3 87
35 18
49 66
48 26
81 43
95 40
12 96
96 13
83 79
71 10
81 23
23 41
73 81
86 71
39 62
16 96
50 43
64 69
28 52
27 5
43 13
71 40
91 64
2 57
33 62
19 38
66 77
98 76
26 59
51 82
37 33
23 27
2 34
5 23
26 92
74 91
45 8
87 93
48 34
78 0
56 62
84 8
58 82
43 78
38 62
99 51
86 59
100 92
12 40
99 26
82 46
97 32
28 84
53 63
78 80
79 70
38 85
15 58
93 75
34 94
75 69
22 38
29 79
44 80
65 40
70 80
22 3
84 93
59 60
21 68
87 85
42 51
0 1
49 54
82 89
59 50
61 18
63 31
83 48
88 65
66 29
20 69
52 18
86 94
25 76
10 8
77 1
51 76
86 90
76 85
85 4
99 80
50 49
50 50
12 28
6 99
23 43
77 95
27 63
61 28
40 66
20 86
14 39
5 44
47 5
19 34
52 85
72 90
13 41
78 18
24 40
60 31
92 60
11 40
11 88
73 99
23 6
39 11
73 42
7 86
75 70
58 6
87 22
84 91
38 56
23 29
55 41
83 54
93 60
22 6
7 85
55 85
62 60
21 95
84 94
10 15
98 77
23 44
9 84
78 21
80 58
60 93
43 93
98 33
99 13
86 77
78 50
71 45
30 27
55 62
44 95
38 39
75 92
98 8
14 59
28 5
12 25
48 35
69 55
8 28
24 48
49 15
28 38
28 90
57 98
66 43
79 79
32 53
42 51
82 37
5 60
38 61
99 75
63 96
67 66
15 57
33 9
64 55
82 15
45 42
10 39
3 63
9 1
33 67
60 85
56 73
88 66
58 33
82 64
5 44
30 93
37 48
28 45
79 96
55 42
59 40
87 68
79 89
85 10
76 31
33 17
3 20
15 67
84 34
58 0
52 94
36 27
6 4
2 96
69 58
50 100
70 46
14 36
23 29
7 95
15 72
69 63
12 56
24 21
87 95
92 9
57 26
34 85
62 32
16 60
98 57
58 39
61 48
64 40
50 93
95 94
23 27
23 23
22 17
84 24
67 61
93 64
59 25
41 50
99 36
46 80
49 56
7 45
27 76
74 71
21 15
4 90
76 70
22 47
24 93
80 88
49 56
95 94
86 84
81 50
74 94
0 10
53 7
15 85
62 83
75 28
59 26
21 70
81 83
0 48
7 36
25 65
65 84
59 38
20 18
50 75
35 34
14 87
60 85
89 11
35 88
97 71
44 73
51 51
36 0
32 78
58 46
33 62
9 60
96 99
29 59
45 60
4 21
100 70
27 78
95 14
4 37
38 38
35 50
4 73
41 79
34 13
40 87
92 42
15 21
63 87
74 90
46 31
0 7
79 47
5 32
70 12
89 49
50 87
26 62
19 6
31 20
79 81
48 38
78 58
78 35
28 74
92 47
53 31
63 84
14 58
87 21
5 94
34 21
55 69
43 49
20 82
23 15
13 22
62 57
93 65
8 70
59 94
75 2
81 36
42 94
58 15
76 20
22 22
71 7
39 92
33 49
71 11
47 21
14 96
22 96
68 5
92 67
37 62
6 98
53 72
16 4
14 26
71 7
57 38
83 8
41 39
84 34
52 5
22 9
56 2
91 28
36 91
2 76
60 98
90 35
81 48
69 93
65 56
56 74
5 33
94 5
94 56
6 95
15 84
77 5
96 41
29 84
39 59
2 93
85 70
58 22
67 32
91 42
11 30
3 61
69 36
84 58
37 9
16 75
26 39
27 13
44 16
88 62
38 85
27 0
54 77
13 10
28 29
90 50
19 80
87 73
26 17
91 58
55 35
27 58
31 96
15 41
6 4
57 43
43 57
51 79
65 19
53 39
62 38
68 63
84 82
62 92
29 43
70 49
29 9
89 53
79 62
35 57
60 15
12 39
99 9
69 81
8 97
38 73
74 98
17 52
60 21
41 49
73 12
31 98
54 97
47 77
23 5
79 67
93 37
70 37
81 32
41 41
59 91
90 45
16 70
63 25
45 90
95 99
3 61
90 7
32 0
89 3
51 32
37 70
43 73
21 93
49 72
10 77
99 95
9 34
31 19
55 81
32 28
46 6
54 77
14 27
44 34
30 89
93 80
61 100
2 2
28 58
0 27
43 57
91 6
50 51
98 77
49 14
9 62
48 68
89 28
60 42
83 10
36 25
17 26
48 80
68 94
71 65
3 14
93 4
76 96
44 99
19 57
97 82
54 40
93 49
73 31
33 95
47 14
72 88
20 52
42 83
18 91
47 71
57 32
79 57
42 36
46 56
10 12
53 100
95 60
36 6
75 55
17 75
25 99
45 56
33 87
63 19
39 21
40 48
26 95
86 40
0 47
54 23
44 37
81 55
55 17
43 16
67 98
3 23
93 52
21 11
6 71
42 28
17 85
96 26
64 64
77 19
67 92
41 89
90 89
34 96
39 22
80 5
51 34
76 31
15 93
37 49
29 39
11 80
28 30
80 63
0 21
27 93
27 29
78 70
23 31
53 75
60 78
26 29
100 10
27 52
90 67
83 69
100 77
18 47
18 38
30 66
8 42
98 64
97 8
24 16
68 29
83 61
61 54
18 86
41 2
74 90
64 37
35 85
94 61
90 87
67 87
87 73
6 79
92 65
9 79
31 53
4 54
17 76
27 14
20 45
15 18
71 44
56 94
57 94
8 24
75 58
92 54
69 29
91 83
22 76
39 2
14 5
73 72
35 97
79 62
36 49
2 83
50 98
81 0
99 79
49 68
49 69
99 72
82 64
25 54
5 62
55 99
65 5
30 96
14 77
87 80
98 63
48 64
32 51
54 13
92 2
49 61
87 25
73 35
61 62
90 77
83 37
43 71
92 89
12 62
77 7
10 57
56 52
30 90
47 57
21 6
63 93
14 64
93 30
71 18
64 38
86 90
56 16
100 23
100 67
30 91
58 36
9 1
75 5
17 6
33 63
78 52
61 6
50 24
64 13
65 34
20 31
92 74
37 9
47 92
29 26
67 37
1 93
86 27
75 30
7 59
38 31
75 90
63 41
44 59
23 54
40 9
84 24
94 36
11 59
13 65
47 42
50 80
23 77
69 64
51 85
54 9
67 51
67 96
27 57
82 65
7 74
7 70
29 66
49 12
79 84
32 28
81 99
93 73
54 89
95 25
8 18
8 47
64 28
48 18
24 66
68 85
94 66
0 49
62 37
33 99
76 27
97 94
21 50
32 48
65 51
35 59
13 35
39 26
52 3
3 78
18 89
37 87
23 95
26 37
29 3
33 9
20 29
16 15
4 11
39 90
87 16
34 85
91 13
86 82
64 48
15 86
32 53
9 94
33 51
9 65
68 38
83 87
91 30
58 38
0 97
3 56
23 44
23 93
12 73
13 60
71 57
58 10
28 94
50 60
92 53
5 17
27 65
28 31
78 8
40 15
76 42
52 36
11 32
31 17
66 69
56 56
32 8
8 64
44 31
97 34
51 55
86 50
80 36
63 29
42 30
87 19
72 34
45 14
36 46
42 2
87 95
45 25
90 87
29 59
42 52
57 67
17 16
99 62
86 82
8 83
94 82
67 91
25 15
48 43
27 83
63 30
13 19
70 42
67 44
94 57
79 70
24 87
100 35
57 81
96 86
64 98
79 30
57 38
18 40
45 59
49 77
17 12
89 22
2 41
65 64
14 57
23 28
18 40
56 35
7 45
43 7
36 24
90 31
49 72
80 40
68 78
53 18
46 78
3 73
78 68
67 25
7 26
83 23
84 44
6 79
16 2
22 24
1 20
36 37
41 99
0 45
54 5
32 44
2 13
51 59
30 67
88 59
14 95
80 96
95 18
24 84
19 63
98 96
8 90
63 32
77 14
5 55
10 91
74 15
94 51
33 92
93 5
5 23
52 5
57 85
32 25
29 80
57 78
75 58
12 13
55 22
96 97
27 71
95 95
35 46
40 84
50 85
85 99
67 28
12 19
1 73
78 66
92 40
10 32
39 36
30 67
78 68
45 89
96 8
74 59
98 27
72 24
89 81
60 36
27 20
84 18
62 36
92 91
91 21
51 97
95 41
43 90
61 62
19 6
10 21
76 18
97 61
85 10
14 98
97 48
63 44
22 16
59 54
49 13
17 17
31 7
31 76
85 50
93 58
85 56
26 74
29 38
23 86
56 10
55 30
93 39
38 62
56 30
20 79
50 35
68 45
68 93
84 84
7 41
92 95
65 50
68 74
29 22
78 28
83 69
87 49
2 12
47 87
50 25
50 80
0 67
100 73
90 45
85 90
19 50
76 44
28 87
21 37
16 62
42 51
63 5
4 30
36 43
18 97
41 39
89 18
59 21
100 77
82 66
38 23
53 40
84 39
70 40
32 77
23 1
81 42
57 18
72 93
85 74
70 0
7 1
53 2
86 99
81 68
47 28
77 52
34 31
49 62
42 27
92 44
18 6
36 38
80 34
28 19
96 26
81 56
35 63
30 41
95 94
83 15
17 83
55 3
52 98
27 19
62 69
90 56
43 66
97 43
81 24
88 81
96 0
2 3
71 87
2 19
77 5
42 8
2 84
2 95
15 53
1 25
99 99
78 39
87 100
18 60
42 43
91 33
34 7
67 63
66 56
79 4
79 72
17 12
70 48
26 59
82 86
60 84
58 22
95 59
32 79
63 56
66 86
13 20
36 4
37 37
36 63
52 92
16 75
30 56
42 85
51 32
51 74
8 15
68 20
44 38
100 45
62 94
58 99
26 98
54 92
93 17
79 27
61 32
53 78
79 50
21 79
26 81
59 1
87 66
54 89
82 97
25 10
55 70
10 30
19 94
62 95
87 83
45 72
27 76
18 8
24 63
85 65
63 43
36 7
83 16
62 86
2 54
35 94
52 8
93 81
60 19
19 93
34 39
43 2
53 25
49 20
41 76
23 28
7 24
99 10
6 29
62 14
6 73
91 9
36 9
80 73
67 3
55 98
65 98
74 98
19 21
36 100
92 56
29 81
11 27
74 39
85 67
64 98
47 84
17 42
21 95
22 28
76 63
11 94
81 8
81 94
85 52
17 70
85 82
27 29
79 31
15 10
5 17
18 16
29 81
16 5
72 27
93 0
11 45
57 1
12 7
45 29
23 73
14 90
38 100
35 87
90 43
70 99
80 21
3 72
69 6
18 35
94 100
68 58
98 88
92 67
19 78
7 76
45 63
87 51
72 82
87 77
7 0
1 69
94 24
54 37
97 61
57 77
47 95
37 96
50 69
59 76
97 23
40 98
1 70
46 87
4 6
80 40
99 5
96 9
61 31
36 0
65 81
64 75
83 92
47 63
10 13
53 83
26 58
0 75
100 5
80 99
31 10
41 10
34 69
53 6
98 21
50 16
31 86
52 64
44 65
47 98
60 34
43 83
86 90
26 12
17 99
3 90
50 66
84 17
34 66
49 79
97 6
83 9
24 77
73 29
14 66
28 97
59 80
53 76
22 6
47 47
24 87
24 2
29 66
36 13
28 64
69 98
99 99
48 62
47 2
10 62
55 83
24 34
62 92
40 87
16 100
17 47
57 10
10 21
50 76
26 42
55 10
92 48
59 25
70 48
45 90
43 36
11 16
82 37
23 61
23 21
24 70
33 67
91 22
76 45
2 60
60 100
52 77
68 69
25 22
95 97
8 18
90 62
2 6
0 6
5 62
37 43
65 0
9 6
69 98
0 29
53 48
99 33
59 54
0 96
37 51
100 21
14 27
81 68
99 76
11 18
9 54
10 99
77 46
36 50
0 2
75 24
96 33
56 44
28 27
86 42
84 40
75 35
33 76
14 10
26 60
58 65
88 89
27 76
76 90
2 100
62 57
76 54
46 0
10 26
35 0
24 54
