10000 1000000
80 96
12 97
94 34
48 40
25 18
77 63
85 97
40 86
0 76
4 71
77 61
11 74
91 31
25 39
55 10
38 43
26 58
57 4
26 50
86 72
85 48
65 13
67 65
17 77
86 24
37 97
29 2
41 45
77 78
55 93
93 95
76 17
27 67
15 71
89 11
36 94
25 64
85 48
48 49
61 16
23 45
18 16
29 12
30 27
2 79
49 60
61 44
91 6
33 90
3 21
81 45
4 32
59 16
90 95
59 27
19 22
56 44
19 9
17 98
34 68
34 0
27 10
28 43
40 67
22 74
93 68
23 33
68 62
95 74
91 1
99 1
61 30
40 69
47 8
27 33
48 82
68 82
66 85
88 34
53 24
23 59
95 85
36 57
43 33
72 40
12 57
3 64
2 56
85 65
57 36
83 64
52 5
86 29
85 39
37 51
32 17
54 61
44 84
60 60
80 99
83 10
87 14
40 53
1 74
97 16
65 38
56 39
46 29
62 12
87 33
71 92
37 25
53 75
36 54
83 5
27 85
10 52
23 56
34 45
61 33
11 0
69 94
95 17
92 28
81 10
90 100
68 94
31 7
14 76
31 9
45 88
28 82
28 10
65 73
57 23
59 4
4 91
84 96
13 52
25 85
69 55
27 15
85 16
25 1
51 97
19 82
30 57
53 76
78 44
91 64
92 45
98 73
29 68
88 61
38 83
38 0
59 11
78 74
84 14
29 32
59 46
13 64
69 94
37 95
88 76
46 83
53 64
60 64
9 24
63 71
78 7
67 0
97 15
73 8
19 55
11 95
79 50
95 12
29 4
20 1
100 23
23 38
26 46
48 80
7 33
88 77
6 42
60 38
79 99
13 96
65 59
88 68
4 91
93 99
88 46
67 24
2 39
52 94
92 69
74 43
55 1
24 67
80 98
76 81
41 90
59 48
0 69
31 10
21 99
40 83
91 79
72 13
76 12
75 74
27 80
53 93
76 78
79 61
76 89
48 64
82 47
72 24
11 90
21 34
40 56
88 0
70 49
52 74
15 46
50 30
96 0
48 91
31 8
62 18
31 30
14 4
4 60
93 99
70 1
33 30
38 27
80 94
20 89
88 17
36 24
37 58
42 93
29 100
78 15
92 66
81 87
88 42
100 36
78 48
90 93
72 34
88 78
86 82
39 96
41 46
55 59
50 87
15 60
23 41
1 15
6 26
68 95
33 55
84 82
41 91
41 57
39 83
39 56
98 57
91 51
66 73
96 74
42 20
94 61
4 66
35 78
79 96
54 52
4 20
32 45
88 61
73 83
23 15
13 18
16 98
77 10
78 100
36 69
9 72
38 19
82 44
40 25
56 6
69 13
17 23
6 49
12 61
88 84
47 72
93 18
58 89
58 35
93 21
60 19
47 28
3 46
70 17
53 95
24 67
8 51
23 34
45 25
45 42
73 72
87 9
13 8
70 56
12 57
93 79
58 76
84 21
47 44
92 45
83 92
56 3
28 25
9 52
94 50
33 32
4 84
1 85
34 59
88 70
59 52
22 38
50 15
8 45
79 57
18 98
58 76
68 61
98 23
45 41
80 55
25 38
15 11
77 64
39 28
44 89
19 50
4 50
62 75
19 19
56 66
40 99
81 92
81 56
41 75
68 58
68 96
55 47
1 31
33 93
26 32
34 13
66 10
80 19
93 3
59 48
58 59
61 94
99 48
31 11
58 59
5 11
28 67
36 8
23 54
2 17
51 38
26 19
31 49
2 89
10 37
44 23
46 27
22 29
100 86
17 33
86 32
56 66
97 76
68 10
98 29
91 100
45 37
59 69
68 2
41 13
23 100
48 63
1 33
43 21
31 83
50 79
44 52
2 49
23 33
0 48
0 60
1 43
88 33
35 0
34 10
66 95
83 91
92 43
78 55
19 75
52 50
13 4
47 46
67 48
25 54
22 32
2 43
96 36
97 22
72 26
84 70
87 14
24 80
34 4
66 39
46 3
28 61
58 94
8 77
42 98
97 85
60 16
67 5
64 76
48 80
75 87
58 1
57 51
10 89
93 2
14 46
81 20
65 47
80 97
26 20
78 14
76 31
68 91
72 20
36 67
8 35
18 86
58 96
55 45
26 46
42 55
55 60
51 22
27 34
33 45
95 71
56 0
9 53
99 48
11 52
32 66
25 50
100 45
18 88
60 34
42 16
8 94
56 49
77 96
48 17
53 42
44 49
71 29
31 29
40 24
84 76
81 4
41 87
40 25
11 90
10 63
98 46
60 63
50 31
20 63
46 76
16 1
57 13
83 22
24 45
52 38
100 36
58 46
65 9
59 95
76 7
9 59
10 68
38 51
60 82
47 50
11 26
37 55
68 46
11 43
25 60
25 73
57 11
100 53
81 12
19 55
36 13
83 0
42 94
79 46
51 75
12 72
89 62
13 65
99 90
23 9
23 3
48 70
35 95
81 8
1 58
45 61
62 1
27 81
60 85
29 85
7 83
1 36
62 27
28 26
10 51
13 44
28 0
42 26
39 100
98 92
10 27
74 65
15 75
61 0
20 26
35 12
84 18
41 78
74 66
85 90
40 43
64 65
21 9
51 100
38 62
92 6
84 26
69 5
76 4
24 25
44 24
98 39
27 64
6 61
66 37
14 49
63 75
40 80
66 54
24 95
2 91
31 28
26 86
67 14
11 3
65 57
96 8
87 54
66 42
21 87
91 49
13 77
70 0
80 52
66 8
51 54
54 81
97 98
53 34
62 2
22 21
51 58
26 46
32 79
54 62
7 18
88 38
79 13
2 63
47 58
78 92
100 42
4 39
51 66
34 38
35 41
57 97
51 28
34 13
97 10
11 41
53 60
2 48
17 57
8 90
8 64
47 46
59 22
15 13
30 10
71 70
76 13
56 29
18 42
77 55
86 38
20 86
99 53
33 96
54 97
35 84
63 6
11 78
48 54
22 23
87 94
21 60
87 44
10 56
8 76
52 87
73 28
3 21
81 63
17 24
34 68
17 65
34 49
46 29
4 2
7 85
14 70
21 27
47 60
79 66
39 11
67 54
48 68
19 48
2 86
85 10
51 20
29 97
35 14
66 34
76 57
72 70
86 27
6 95
28 22
14 44
93 18
30 84
61 91
2 24
98 36
18 51
66 91
60 94
86 31
8 28
37 56
19 54
13 77
35 41
21 94
92 4
59 82
1 0
35 51
57 11
32 94
75 14
46 87
43 4
82 35
59 67
33 92
44 43
72 5
51 66
15 33
49 12
4 47
26 74
53 79
5 24
54 25
5 58
35 7
9 89
66 36
71 53
7 85
38 66
30 38
5 32
1 42
64 33
52 94
39 24
65 41
90 93
63 31
88 81
92 49
95 54
64 50
43 52
60 77
3 13
86 8
77 80
37 92
61 84
33 99
96 14
62 94
58 51
56 16
80 94
47 77
53 55
94 45
24 50
80 24
47 0
4 5
84 48
89 92
48 95
34 39
97 8
38 54
63 25
56 26
50 13
90 82
52 11
60 73
98 46
6 17
40 19
68 91
30 16
85 78
41 26
3 61
77 10
11 91
89 91
41 69
4 73
33 78
86 17
77 96
82 4
22 46
3 12
96 78
18 6
57 18
86 34
62 62
2 0
11 9
90 51
12 66
18 71
89 42
38 27
9 47
65 57
51 2
63 78
97 80
88 34
39 9
87 92
5 49
70 4
73 19
51 68
12 80
8 80
90 88
90 78
27 73
85 85
86 75
2 56
80 100
96 29
78 67
31 74
30 14
2 37
43 20
51 60
72 92
51 9
60 20
75 43
0 22
4 8
69 46
84 26
48 24
26 39
85 66
90 78
3 70
68 7
65 34
90 97
48 66
43 38
77 34
63 84
3 17
71 53
88 51
8 17
35 65
88 84
90 33
56 30
78 68
94 100
86 93
14 46
92 17
97 87
12 55
78 1
5 65
97 28
98 79
28 40
9 28
50 93
67 100
57 62
48 42
27 49
42 44
64 5
18 42
31 45
8 12
83 84
97 94
19 70
10 82
0 88
87 55
69 76
18 80
93 57
59 9
38 92
60 86
13 93
48 28
35 15
74 69
85 15
87 73
67 85
97 24
5 9
32 9
39 89
65 41
12 81
68 54
29 96
16 0
82 83
34 14
35 35
64 96
67 14
85 87
87 80
93 54
59 14
23 21
52 17
99 49
93 21
28 75
29 13
44 92
11 74
62 2
98 43
0 32
60 34
0 92
62 93
29 34
45 27
49 29
15 83
74 62
61 92
8 14
25 45
86 69
87 41
39 48
72 50
96 100
65 64
73 36
53 22
28 68
59 62
88 47
17 24
43 51
66 94
62 94
14 5
77 14
66 83
73 8
79 1
91 42
25 29
48 12
92 64
27 27
73 65
64 58
73 75
87 5
52 24
65 83
65 53
24 70
58 79
67 63
21 59
34 90
13 9
70 79
79 43
52 43
59 19
21 56
80 31
29 3
69 58
51 10
33 37
6 24
38 87
55 53
88 70
66 60
94 60
78 50
14 59
47 99
85 26
14 39
0 41
47 37
94 2
28 27
67 7
80 72
4 24
81 13
73 51
78 89
54 19
4 20
64 79
73 38
19 82
92 33
32 36
13 96
98 89
87 99
95 52
42 95
15 85
83 6
23 33
42 36
41 0
34 91
32 29
67 73
77 69
81 74
49 49
3 64
51 33
15 38
24 12
39 83
21 36
12 28
28 22
10 10
55 73
97 59
51 43
55 45
38 91
20 64
19 4
45 72
14 79
24 88
60 90
39 43
49 40
85 74
63 73
92 42
99 55
56 12
32 41
16 45
73 41
36 4
24 17
70 45
40 83
26 66
97 29
26 53
3 85
53 74
67 3
92 69
11 8
66 19
69 72
11 2
92 1
47 7
69 44
48 30
60 93
19 95
28 40
20 79
67 85
84 66
4 26
34 18
68 41
58 92
20 88
32 98
35 40
51 54
93 94
81 0
59 69
87 46
41 79
37 85
17 71
66 48
59 27
80 56
98 15
87 29
91 12
44 4
36 68
91 6
84 70
10 39
7 79
39 63
23 33
54 84
60 11
24 1
55 19
67 64
32 15
50 2
70 0
79 71
1 87
40 71
46 87
79 72
93 78
1 67
3 39
75 48
46 81
71 100
11 92
98 98
33 92
17 51
99 38
65 59
5 75
61 75
92 30
41 34
7 68
6 97
56 23
86 26
28 54
93 22
76 65
45 26
92 22
43 45
97 48
43 67
19 55
47 93
5 85
0 25
54 53
97 19
94 25
91 2
79 65
6 34
80 9
99 26
30 6
44 36
65 40
14 78
89 56
74 59
60 32
30 48
15 83
30 40
7 66
30 54
5 46
4 66
21 4
9 55
23 6
51 18
50 53
32 58
74 30
47 84
74 16
59 45
57 93
52 57
8 11
45 24
96 21
6 32
45 43
3 39
57 17
28 39
3 16
42 5
53 60
32 29
16 82
56 35
79 18
54 58
74 70
2 40
7 34
92 26
99 51
91 8
14 86
78 92
61 73
47 33
35 31
56 53
19 90
7 33
38 17
91 97
40 85
77 36
60 51
21 62
89 67
41 0
82 62
60 59
66 10
32 14
98 49
65 52
82 90
40 85
56 5
40 8
23 7
81 87
40 74
50 58
27 31
5 95
1 72
70 51
55 11
45 52
76 48
6 46
60 32
68 55
42 27
10 68
51 6
15 79
28 34
51 9
65 25
17 60
36 18
50 75
17 84
10 5
37 40
89 11
55 50
57 100
17 81
31 47
60 4
17 100
69 80
31 56
23 33
14 82
24 74
0 23
81 51
83 98
18 67
16 80
77 68
76 84
18 81
31 93
69 2
7 85
80 75
14 57
84 48
81 32
51 70
10 47
73 64
24 59
35 65
68 85
44 15
44 57
67 72
79 49
15 84
58 81
24 37
97 42
62 22
57 3
18 48
44 70
82 74
12 88
58 8
85 75
6 50
55 67
70 3
56 30
48 100
60 33
3 0
3 92
50 76
24 0
12 53
55 0
42 66
65 7
6 85
25 64
72 86
69 15
42 28
49 96
69 56
3 42
28 38
60 44
37 59
44 5
24 82
83 6
67 89
57 89
43 12
38 54
89 8
24 59
37 32
56 53
22 99
24 15
42 97
7 77
53 64
87 86
81 23
46 97
58 42
16 70
48 45
59 21
75 4
4 47
16 80
89 60
82 50
99 35
85 6
70 47
87 65
62 8
5 5
17 92
50 79
22 17
82 15
23 68
54 26
25 72
13 10
76 32
88 41
53 56
63 99
15 44
26 28
8 42
59 50
55 59
42 55
85 36
13 37
18 95
61 21
61 16
77 88
1 48
30 31
48 25
27 40
77 0
58 46
14 5
94 22
43 52
56 30
90 18
31 31
98 85
99 98
22 3
46 65
75 48
48 1
71 82
9 50
30 58
54 30
27 39
87 91
57 49
66 7
13 66
39 56
88 74
65 17
40 21
18 84
62 77
27 73
79 86
36 7
56 48
26 85
62 48
71 0
71 13
50 2
60 1
69 14
52 5
74 36
26 88
12 67
45 65
91 17
24 68
39 92
37 86
22 55
42 24
68 39
15 91
74 57
92 70
43 95
23 7
80 43
80 32
62 91
94 0
69 29
48 21
86 47
44 71
23 4
89 2
99 52
39 46
40 44
95 54
40 61
100 34
72 16
86 57
60 47
79 34
97 85
59 61
20 18
31 63
33 95
15 63
24 24
60 8
85 17
8 91
76 21
100 36
61 80
94 24
80 77
68 92
42 29
14 100
62 93
62 11
23 35
63 90
3 47
23 95
34 65
89 68
69 59
84 61
73 15
35 73
75 70
10 88
25 32
51 95
32 39
51 88
91 56
74 17
10 5
16 91
25 77
18 12
74 36
98 65
84 43
10 86
46 54
87 46
49 39
75 88
5 82
23 87
53 13
76 59
45 99
94 12
14 85
92 63
12 20
71 92
4 14
8 58
66 65
62 9
72 91
60 44
32 69
95 100
57 7
46 7
56 61
51 24
5 56
4 37
90 25
72 15
54 65
25 41
41 16
73 87
84 16
33 98
70 92
75 64
92 13
55 45
26 48
2 25
91 74
89 76
16 50
75 63
40 73
77 61
26 10
6 89
92 11
6 100
5 47
24 4
70 35
61 16
69 91
12 22
77 92
69 61
59 71
88 49
2 70
66 68
25 8
55 64
58 66
28 13
68 76
84 33
29 95
5 13
36 17
75 47
15 81
70 26
93 21
26 77
95 48
73 22
79 50
75 47
90 24
32 6
96 87
52 91
2 76
50 8
17 30
81 80
79 80
64 61
49 65
60 43
44 4
83 51
81 99
32 46
50 84
94 14
43 56
49 62
34 64
66 15
46 35
9 11
18 75
93 98
63 13
63 92
25 29
22 32
27 31
65 14
20 39
40 74
74 30
66 46
55 97
12 71
17 54
46 20
78 34
34 10
11 0
97 21
18 43
71 15
73 43
88 49
15 40
69 3
47 97
43 11
68 60
90 78
74 18
26 37
68 31
65 54
93 39
22 69
19 90
6 16
50 51
59 42
31 20
16 19
91 47
81 60
21 73
55 69
26 60
5 25
31 8
10 27
32 50
63 86
21 65
65 33
7 60
24 29
8 67
42 76
10 46
8 70
94 76
66 11
1 46
21 15
57 3
12 38
99 20
33 17
3 3
55 13
81 14
86 100
43 51
31 40
38 80
27 59
8 70
49 60
7 91
9 57
18 83
8 44
24 6
41 25
83 71
26 22
44 20
36 31
4 20
39 50
62 19
44 17
95 2
94 85
16 28
64 76
47 35
20 6
49 78
18 79
77 26
58 18
77 39
26 87
73 91
67 53
97 67
70 66
96 96
75 90
16 96
24 45
28 5
42 6
88 44
50 19
53 99
60 4
100 33
81 77
63 88
90 1
66 88
64 8
68 17
19 79
77 14
4 26
54 44
95 39
81 37
31 27
15 77
100 84
88 96
71 60
76 4
25 87
44 43
31 1
32 35
15 88
43 90
66 57
88 90
57 54
94 15
18 69
100 69
5 30
34 62
35 58
89 53
25 74
44 51
28 63
51 5
11 89
81 35
51 67
42 95
30 84
8 93
81 48
62 44
67 22
22 57
66 49
70 30
72 96
41 31
1 90
42 98
42 88
29 75
98 82
23 66
25 52
9 82
25 14
65 97
87 64
34 43
69 50
29 73
85 40
82 35
33 23
57 71
55 84
66 69
39 74
57 14
24 65
93 6
45 96
72 54
64 0
55 24
57 49
6 25
19 26
50 81
88 91
17 84
45 88
84 37
47 65
56 23
72 62
22 62
97 5
99 82
14 60
55 76
45 43
43 54
23 68
26 43
76 7
5 78
16 6
54 16
84 4
73 59
5 77
70 15
10 91
14 74
9 61
23 59
77 100
90 64
66 82
47 38
25 9
85 51
7 38
26 49
58 2
31 21
40 12
68 96
17 89
42 70
55 33
40 18
60 88
40 70
36 78
99 37
68 6
87 86
86 59
77 19
57 46
36 62
33 7
72 73
20 49
81 42
72 7
74 79
75 65
6 57
66 12
100 13
0 58
61 42
23 96
86 71
49 55
67 29
2 31
45 0
89 4
65 61
50 35
19 79
85 83
34 26
36 42
23 4
2 73
89 28
36 0
82 76
2 27
16 62
83 13
28 60
47 18
62 54
100 85
17 71
1 15
55 38
33 8
28 56
42 7
6 94
54 55
42 12
69 77
21 77
58 62
62 11
24 40
1 79
25 44
19 49
54 72
12 80
35 88
17 77
48 59
21 29
71 74
73 24
88 51
88 34
27 89
37 48
0 2
24 11
67 79
72 36
55 93
91 18
35 69
21 7
48 80
65 16
23 70
48 88
30 6
49 18
57 37
82 58
17 73
53 59
58 98
69 5
99 82
35 73
79 90
56 75
0 36
27 29
15 22
79 69
57 68
49 67
59 19
60 67
50 25
44 26
34 23
39 73
45 24
77 30
48 31
55 24
52 79
93 34
82 14
18 38
52 34
86 51
94 70
79 13
47 4
20 53
1 23
51 3
56 73
80 53
85 59
53 74
59 38
78 99
47 9
81 72
35 40
30 33
99 59
47 75
38 38
81 24
82 18
80 89
94 69
84 52
85 78
63 25
78 88
6 45
6 0
86 45
38 44
14 58
56 11
74 41
62 30
91 46
91 98
8 29
49 6
19 57
26 49
81 14
13 40
60 98
52 28
51 5
34 20
49 31
76 14
76 30
53 43
58 99
31 84
88 68
8 67
26 17
5 70
22 13
94 65
12 67
55 89
88 99
79 85
22 87
43 99
60 61
79 44
87 64
60 90
37 79
11 71
30 19
96 39
85 84
44 18
40 48
15 50
96 77
37 25
65 62
84 59
29 20
20 36
61 26
43 54
100 46
73 43
48 61
98 57
95 98
46 79
30 56
62 54
32 69
29 74
96 24
36 71
31 83
28 29
14 15
14 40
28 32
88 14
12 70
59 34
90 56
35 21
55 100
7 11
36 38
87 76
89 57
43 95
32 87
26 70
56 61
36 32
55 15
26 52
68 33
54 42
0 8
93 28
98 55
68 94
72 77
1 86
34 54
16 12
79 32
29 64
59 41
37 52
57 71
14 74
0 50
71 29
56 37
68 36
25 97
29 87
15 3
85 90
12 78
92 24
88 49
9 79
98 7
68 72
26 30
39 60
41 81
54 14
27 98
9 81
65 11
64 35
28 45
15 95
1 54
77 49
95 9
35 92
80 71
87 63
18 82
57 26
37 71
68 83
17 17
76 87
99 31
83 82
66 5
86 78
16 2
78 68
84 53
73 2
21 86
17 37
59 2
63 17
87 93
66 0
96 23
30 1
19 31
49 43
31 69
69 90
76 17
47 50
64 57
65 7
99 66
58 62
67 4
91 24
37 33
96 59
88 1
70 70
95 23
34 3
74 36
0 62
85 61
15 89
100 11
30 35
28 42
9 22
20 71
2 62
26 74
4 22
75 64
18 67
36 38
7 82
62 49
6 99
1 9
51 44
74 46
15 30
78 24
19 63
60 17
44 47
73 32
67 57
24 8
82 27
48 80
66 16
90 6
5 16
7 11
38 96
40 62
14 5
87 97
21 5
92 99
0 31
31 7
8 25
6 75
51 58
53 64
40 7
68 7
97 13
35 59
21 54
83 1
80 43
70 15
27 35
32 100
30 81
85 39
51 65
83 21
66 63
55 59
79 8
60 62
64 79
90 15
41 25
63 38
34 86
34 84
93 43
55 37
37 44
37 6
29 47
97 47
1 66
7 35
87 95
78 63
88 19
47 45
84 2
87 43
35 89
92 34
86 81
11 63
93 58
65 2
6 27
46 12
61 25
94 42
86 49
70 29
98 11
27 7
5 25
41 50
96 42
30 20
89 28
100 34
96 36
0 9
6 77
41 2
51 66
64 70
16 81
18 3
18 82
4 97
88 69
96 17
32 8
2 35
7 64
57 8
66 40
95 98
9 7
29 71
16 15
90 15
93 21
75 75
76 20
27 12
15 5
58 73
23 92
2 9
96 42
13 78
76 100
46 33
74 66
21 45
22 52
88 83
81 7
45 8
48 83
91 16
74 46
95 38
11 94
2 48
34 96
1 46
71 67
83 52
74 38
29 28
38 7
23 20
38 93
9 69
12 3
24 73
4 31
20 14
4 71
52 58
79 62
36 21
26 61
20 17
13 100
78 97
11 37
96 100
55 78
53 3
57 71
75 17
8 10
34 2
61 96
38 65
18 28
54 31
83 17
66 35
86 18
65 41
34 42
89 20
92 60
42 6
21 7
5 62
83 22
33 65
75 71
31 70
14 43
29 67
0 49
81 23
69 75
37 88
16 74
12 47
92 40
19 90
98 25
62 94
91 6
10 63
6 38
3 59
61 49
38 59
42 20
65 39
51 26
49 1
91 95
55 61
19 97
4 18
7 32
4 97
2 14
65 95
98 88
41 59
2 71
71 39
86 61
89 9
78 98
26 77
90 44
18 64
35 34
48 1
37 27
47 13
68 87
75 65
65 3
9 39
96 18
5 50
33 5
37 0
89 40
38 54
77 71
19 67
50 37
22 77
60 24
80 54
7 86
44 81
78 99
55 30
55 47
17 56
24 29
21 68
70 20
84 24
25 9
55 55
62 22
64 53
86 11
6 77
18 32
33 51
21 30
53 89
16 16
57 32
69 21
77 58
81 25
6 66
88 36
0 45
86 70
24 8
84 99
85 88
1 88
10 0
74 23
36 47
24 66
83 96
82 87
35 94
87 42
79 70
49 27
16 70
42 21
84 32
0 61
82 21
54 49
38 41
65 100
88 2
29 39
60 96
91 42
12 24
50 38
29 30
11 58
82 58
40 93
55 40
82 13
71 47
67 61
49 52
92 51
88 2
6 32
39 99
59 15
29 3
82 74
47 14
78 22
4 43
97 31
100 10
1 65
60 76
66 71
43 18
23 4
78 22
82 47
71 84
51 29
45 58
61 60
37 55
69 78
87 90
1 48
94 9
45 100
19 78
80 98
77 67
27 79
23 32
2 63
16 85
77 0
74 18
11 7
57 62
22 70
55 65
1 5
67 16
18 50
13 61
34 69
77 76
97 13
1 87
66 15
48 98
75 64
85 42
80 32
89 100
91 45
87 52
69 30
88 41
14 11
24 50
62 2
11 71
40 48
82 70
56 85
37 16
0 91
59 10
21 83
44 21
17 52
7 43
62 45
10 33
12 84
99 63
72 40
32 75
14 74
91 13
75 13
12 52
18 51
95 14
48 36
98 87
13 24
93 92
20 80
23 20
61 33
40 46
95 91
46 66
43 90
12 30
70 78
19 20
96 6
37 95
45 80
96 90
21 31
64 31
92 42
70 63
63 60
56 61
50 100
41 89
84 16
61 61
57 81
57 42
16 87
51 14
68 69
18 20
75 72
88 87
97 24
91 99
93 58
16 9
57 25
27 80
91 20
31 50
6 7
100 70
82 99
24 53
81 60
28 35
7 91
24 33
14 42
39 74
31 73
22 57
72 10
3 85
50 8
26 100
88 38
34 69
84 28
55 65
56 27
70 55
86 87
38 16
51 5
65 63
56 21
75 6
55 52
48 25
32 47
56 61
19 23
39 46
22 42
32 64
83 20
98 62
65 3
39 72
5 69
36 99
27 47
92 0
40 41
73 23
61 50
45 90
15 39
24 68
81 100
72 76
95 46
12 64
37 58
94 93
83 15
46 31
37 28
80 69
6 8
46 26
82 46
60 13
74 9
70 23
30 21
8 53
96 66
28 35
59 1
62 5
59 14
96 10
1 0
86 58
78 24
15 88
28 82
39 20
79 70
82 79
38 33
15 89
45 10
84 4
78 20
4 52
32 60
55 33
96 92
48 64
15 45
92 96
65 87
59 12
66 69
6 33
89 72
38 70
13 84
39 25
31 30
64 29
86 79
77 16
87 99
97 92
63 58
87 50
22 47
73 74
45 9
83 68
69 96
43 57
74 67
62 76
40 97
31 69
26 43
67 65
13 71
44 24
21 98
9 99
54 6
14 63
80 30
87 62
10 64
82 80
56 2
90 20
1 38
10 69
22 74
80 42
96 62
72 11
42 98
64 36
33 3
82 25
80 5
1 5
35 5
75 70
78 1
17 7
63 62
51 93
28 40
59 27
62 18
20 85
64 86
38 52
99 94
78 55
70 31
43 97
95 70
9 24
57 4
82 91
45 55
86 35
47 88
98 17
51 9
69 60
19 33
98 81
84 20
35 9
26 31
81 1
24 51
43 66
82 5
90 48
90 50
47 90
96 51
81 87
26 22
75 95
64 78
53 17
66 86
40 99
61 16
8 95
97 60
86 98
45 64
77 69
43 14
97 55
9 53
5 75
59 72
99 98
73 52
60 57
62 34
6 51
23 25
35 95
88 57
65 5
66 37
41 10
73 36
79 90
18 10
95 60
19 92
21 57
17 20
59 14
43 32
66 77
34 70
75 77
34 50
86 72
1 35
39 5
0 56
34 54
89 87
51 24
69 7
48 26
95 26
59 58
97 15
97 3
43 62
74 25
20 70
61 13
94 41
1 22
55 76
65 39
89 47
5 41
87 90
80 10
30 19
35 61
35 77
23 33
26 10
24 56
9 55
54 91
54 62
82 82
98 25
24 18
3 80
84 67
83 71
40 30
88 96
39 90
32 62
15 28
27 33
15 42
20 55
56 90
43 77
55 94
62 5
78 37
11 81
37 53
5 76
78 22
6 3
35 22
67 59
14 40
75 40
27 78
72 38
51 26
20 96
15 54
75 40
30 5
84 72
73 21
91 15
96 26
38 33
11 6
74 81
68 19
19 91
41 25
32 84
71 70
32 41
5 95
35 99
67 28
4 43
78 30
74 8
98 72
91 11
9 56
33 59
3 47
84 10
82 49
5 30
65 16
88 77
95 11
50 31
65 6
17 73
35 41
84 47
24 0
72 14
39 29
97 8
67 85
94 73
98 37
85 67
23 91
52 28
1 57
88 82
42 47
24 71
19 48
23 66
13 100
7 92
17 60
39 13
69 86
97 36
73 52
6 36
48 23
90 68
29 37
17 0
6 14
94 4
98 31
92 96
3 55
84 98
15 60
98 81
76 55
61 12
82 87
26 61
52 33
82 59
27 31
39 37
71 5
38 70
59 14
43 65
28 4
60 83
65 41
16 64
15 85
26 9
99 97
71 39
5 55
81 1
85 60
28 96
25 15
8 100
95 9
39 1
3 74
90 58
46 50
79 39
48 30
79 80
13 48
0 31
19 8
100 67
31 63
85 71
50 86
16 58
96 57
60 55
12 83
71 54
97 78
72 34
65 27
80 48
91 0
23 100
85 43
17 30
48 92
91 56
76 58
20 81
15 37
58 71
90 52
59 100
35 86
91 17
2 12
52 27
5 89
19 55
80 100
72 82
2 17
93 60
27 92
49 69
38 30
18 68
85 98
65 49
22 11
1 50
37 5
71 15
97 63
58 8
81 31
22 44
96 92
41 7
58 94
70 57
49 54
36 82
45 17
69 26
0 76
81 16
48 32
19 29
5 13
91 73
35 98
6 35
99 48
82 63
46 94
44 24
93 66
60 2
63 60
13 90
1 74
5 39
78 82
54 60
27 3
39 77
80 43
41 74
18 50
37 36
51 33
67 25
39 37
9 75
42 78
80 19
5 50
86 25
2 91
34 18
77 57
66 94
74 21
28 84
39 54
10 19
81 10
64 61
37 11
21 77
43 14
32 100
44 24
71 46
2 99
74 89
9 26
80 4
79 97
80 89
36 63
100 1
13 97
48 46
7 51
63 45
74 52
42 0
16 98
68 74
50 86
39 40
35 15
48 60
94 25
80 16
15 74
55 98
62 58
72 11
33 5
66 49
100 95
49 72
65 51
23 78
51 90
25 0
76 83
88 55
28 38
35 80
0 66
33 85
13 31
70 49
11 40
81 60
13 18
87 24
54 39
17 5
50 16
15 84
100 84
10 17
62 9
68 33
100 18
78 73
47 55
12 63
5 44
80 21
5 81
72 64
70 0
100 56
57 5
48 13
73 31
38 4
38 96
33 65
70 5
29 87
3 27
92 62
77 81
11 35
39 76
33 87
22 66
16 10
13 6
48 95
38 92
48 27
55 76
28 95
81 43
18 15
73 16
98 79
13 63
78 94
50 21
18 34
95 79
40 60
77 64
21 5
95 56
42 90
91 89
50 25
44 61
53 61
45 92
76 18
94 80
59 79
17 65
17 76
14 82
21 68
36 92
18 10
13 31
100 30
18 49
69 21
71 58
71 82
58 88
83 52
4 13
30 82
53 62
9 13
51 68
86 41
29 56
65 9
65 67
97 50
88 55
84 81
66 60
10 2
20 97
18 75
48 58
31 13
9 19
54 17
76 83
95 66
98 98
84 75
27 94
17 25
88 72
16 12
0 50
74 65
16 49
81 46
61 34
89 59
27 75
19 44
39 99
22 20
52 97
25 76
92 51
85 53
72 88
65 77
52 19
85 96
94 55
77 27
78 63
73 47
10 47
51 99
50 100
94 82
12 29
18 5
14 53
75 19
49 26
53 28
86 40
57 65
19 92
79 29
64 93
90 41
93 87
20 57
49 26
18 36
16 51
24 78
95 12
46 79
19 28
23 16
3 57
38 78
91 30
5 90
100 83
32 78
14 3
41 31
16 24
6 93
55 30
100 85
9 37
25 62
10 96
12 11
0 32
14 10
34 81
56 46
45 61
65 85
20 64
65 86
50 69
25 68
31 58
44 86
90 32
62 15
44 82
89 0
90 82
10 75
34 56
5 40
100 7
49 91
91 14
64 18
34 71
94 37
71 0
89 63
57 45
33 24
56 35
44 7
67 53
39 77
39 75
25 81
98 62
44 42
89 59
5 89
35 70
83 10
48 34
52 18
52 48
44 34
11 1
95 22
82 89
10 16
78 9
11 20
87 36
28 55
32 74
27 77
14 90
0 91
97 21
94 8
65 79
98 27
80 41
20 25
60 48
15 45
74 98
3 62
42 30
72 87
32 48
77 9
5 38
86 80
93 33
72 83
44 18
45 29
79 19
69 61
99 29
47 31
70 81
41 52
90 14
13 45
45 72
28 72
17 55
38 91
90 5
75 59
18 82
29 80
2 55
12 65
8 10
26 45
51 8
43 34
12 37
5 74
38 28
60 57
90 92
93 23
9 63
15 84
98 21
82 28
28 89
42 14
79 29
11 80
85 85
89 98
98 96
25 54
14 84
65 7
38 68
99 95
63 48
55 75
23 46
2 58
84 57
54 58
32 86
12 39
50 23
35 71
2 45
48 44
83 98
72 100
52 32
35 46
94 19
90 69
94 5
98 19
70 94
18 41
99 95
28 25
56 77
85 20
25 39
73 85
45 25
88 6
87 62
79 48
13 47
46 10
83 7
8 64
70 2
82 81
61 78
89 12
7 11
51 62
28 62
47 95
61 55
67 39
62 29
1 100
63 10
51 86
36 60
77 17
60 76
12 62
23 65
18 78
94 51
82 1
65 35
81 24
99 51
4 27
54 50
35 18
13 5
59 49
44 62
26 35
20 86
84 65
1 19
81 72
5 57
90 77
19 34
57 44
56 5
54 57
74 42
14 64
32 56
6 24
21 75
26 33
100 68
96 98
44 91
38 14
74 55
57 86
42 10
60 53
96 8
49 15
54 54
50 4
72 33
38 33
75 68
97 51
85 91
6 70
65 61
23 85
41 59
0 25
64 9
0 53
54 57
52 42
90 87
1 55
90 61
27 43
57 80
21 59
11 5
11 69
30 94
5 26
96 47
70 37
81 10
52 77
98 68
14 21
39 98
10 38
68 6
90 30
27 53
88 12
40 70
54 17
66 98
74 97
82 2
48 44
32 11
30 57
27 75
9 99
52 97
28 30
4 40
34 4
57 41
77 66
59 69
27 51
13 89
84 71
29 2
26 90
18 92
88 45
96 0
43 27
27 89
52 70
67 45
65 41
43 74
72 25
5 48
20 100
74 85
87 87
35 90
9 42
12 35
47 58
12 48
32 95
8 91
82 26
72 71
37 22
36 65
52 22
81 24
40 60
55 79
12 29
94 61
49 33
80 51
18 74
2 72
73 85
11 10
94 75
78 38
8 25
83 43
68 42
30 59
57 82
21 27
8 96
72 100
75 43
73 98
76 84
88 18
67 21
74 88
23 16
55 78
0 2
26 45
81 16
91 52
63 80
73 9
47 70
80 20
92 11
20 90
31 20
89 0
67 94
63 39
18 96
31 77
50 66
78 63
72 56
2 68
30 92
18 94
57 63
96 32
52 59
47 61
45 33
71 75
98 32
26 29
3 3
15 75
17 66
13 55
19 9
24 13
93 29
64 32
29 33
97 94
69 37
77 2
76 44
3 31
21 28
39 54
13 83
67 86
85 31
43 46
69 2
0 87
75 24
51 69
34 34
32 25
55 64
67 57
75 20
74 74
30 42
26 0
55 29
75 15
0 46
51 17
36 77
47 95
94 20
43 73
49 6
22 31
40 88
43 69
97 78
81 27
84 3
49 42
70 41
69 36
5 62
82 59
97 34
97 76
95 59
54 19
71 66
42 76
94 69
9 45
48 8
4 93
67 21
86 84
7 33
42 89
49 60
0 59
20 80
30 47
79 90
9 95
32 35
39 53
69 98
26 10
86 86
10 15
42 18
62 16
13 39
16 32
1 32
69 21
30 53
78 21
79 59
26 69
58 52
7 43
25 87
14 69
71 8
94 100
87 98
45 53
59 20
92 70
88 61
88 32
71 12
65 97
55 38
70 23
35 12
48 4
94 60
0 77
33 28
95 31
14 18
43 74
51 66
13 85
38 55
93 15
62 24
53 74
100 1
57 98
66 15
58 8
49 20
29 100
78 87
100 18
31 20
74 36
69 9
21 93
50 49
5 8
18 82
93 38
0 51
4 5
27 15
90 8
91 21
65 84
91 56
77 23
11 90
51 66
90 48
46 3
79 18
73 10
56 7
6 83
56 33
70 96
35 42
5 59
56 83
47 90
2 0
31 84
66 75
6 37
27 85
79 57
8 31
24 3
19 29
24 68
95 44
56 99
22 46
42 99
70 24
70 31
2 88
28 37
75 79
22 70
83 70
99 77
14 100
25 30
63 89
59 59
94 57
27 19
80 56
9 51
87 66
3 1
28 69
73 100
31 18
18 54
63 47
28 71
100 91
71 82
61 65
33 20
15 97
20 98
62 82
48 89
92 70
82 41
52 61
76 12
48 82
87 75
88 70
36 88
37 18
53 80
68 13
77 4
29 19
33 56
52 5
14 16
68 54
16 67
75 81
79 29
50 94
65 90
7 55
32 99
39 32
9 0
90 81
90 75
74 34
92 19
26 50
87 1
96 100
80 86
36 52
66 45
98 8
51 93
55 44
56 75
55 67
41 94
98 73
11 12
13 42
15 61
57 65
14 9
72 75
85 40
95 42
46 1
38 73
83 38
72 70
96 23
95 61
50 20
5 14
38 93
18 73
34 37
13 37
26 44
86 78
92 9
18 98
58 10
59 90
95 42
49 59
90 56
62 19
96 59
47 31
56 11
51 87
54 80
69 7
69 85
66 44
89 90
60 56
77 14
73 33
84 16
18 26
63 56
61 69
36 60
73 86
23 26
10 45
55 69
69 22
96 41
31 58
94 85
37 7
100 57
98 46
81 31
15 66
45 100
51 43
47 37
24 16
41 11
51 62
52 46
85 79
24 0
57 40
37 91
34 39
79 71
93 95
0 80
88 22
7 47
44 40
0 94
97 63
17 15
65 96
12 68
85 6
74 93
87 73
13 6
70 39
48 51
81 39
80 51
11 56
0 54
64 82
4 55
25 57
45 27
49 56
39 5
72 78
25 74
45 22
54 32
17 28
82 7
54 67
67 51
67 63
72 35
79 63
43 33
91 50
65 94
38 54
56 92
25 32
76 3
53 83
49 66
15 96
100 7
36 33
30 77
27 96
48 27
97 58
79 25
40 78
3 51
76 46
75 2
66 31
41 54
29 83
35 6
51 65
92 61
67 58
23 25
63 62
69 94
80 21
85 29
37 63
19 60
69 15
46 20
27 52
36 3
46 44
100 71
79 71
90 23
3 51
88 100
89 66
89 14
83 44
48 4
65 65
30 41
88 35
8 86
4 22
82 88
46 24
12 51
80 13
78 10
16 20
32 54
84 2
19 36
30 3
3 58
68 37
98 58
96 77
28 35
2 26
22 26
91 9
54 35
22 43
92 64
5 97
99 24
47 58
8 78
15 50
52 85
3 35
17 88
23 26
100 22
42 69
2 21
16 52
55 78
87 75
23 71
76 5
81 45
35 14
59 93
88 71
54 86
80 23
89 52
44 86
31 26
13 79
15 61
19 19
17 97
61 7
29 54
19 60
98 71
69 88
26 12
76 12
27 72
39 18
89 70
34 0
17 8
11 81
67 82
37 7
5 49
65 32
53 26
55 54
53 42
27 52
3 39
72 23
11 42
3 18
39 67
40 96
38 11
70 86
82 39
99 14
64 90
57 70
61 37
77 40
76 22
28 6
47 8
98 45
62 33
65 8
84 4
64 64
1 76
76 85
63 25
3 88
3 86
8 27
100 74
41 84
22 62
98 60
3 26
7 76
50 92
24 47
96 51
38 48
24 26
62 79
18 4
88 74
46 40
65 99
84 23
47 90
23 98
30 24
97 71
38 6
53 77
68 92
31 60
35 30
31 83
97 92
3 51
16 66
71 2
72 30
100 87
62 44
21 24
12 96
2 89
66 86
65 26
80 97
23 62
24 80
31 3
58 48
14 81
14 42
1 35
92 43
66 82
12 98
2 87
73 71
83 27
50 34
25 47
16 68
27 94
89 56
37 8
6 86
63 44
84 72
90 35
91 0
85 79
54 46
34 88
99 68
28 51
0 98
25 80
20 15
10 78
31 46
41 94
30 74
41 97
67 63
82 25
93 0
11 1
73 67
26 38
89 10
76 15
19 39
56 29
88 77
84 91
82 16
93 67
40 57
34 51
40 23
62 41
8 85
14 17
3 76
98 82
55 38
25 6
3 59
77 58
34 95
28 89
86 0
39 5
90 98
51 70
30 54
51 97
67 37
8 40
61 79
77 73
4 71
42 3
44 56
62 17
71 75
100 22
34 21
3 67
65 55
94 73
36 80
32 66
27 32
13 65
50 46
58 5
58 63
48 40
30 40
79 8
20 49
33 62
4 71
53 57
3 42
77 23
91 46
85 26
65 59
100 86
72 72
99 66
95 20
83 39
97 28
58 16
81 65
8 11
49 75
68 66
89 9
35 76
59 24
69 17
35 15
65 35
38 38
100 77
95 47
23 13
13 15
26 0
83 42
83 52
2 32
36 26
8 8
16 30
92 79
65 21
17 34
71 97
93 50
58 86
95 26
26 16
95 74
32 4
7 36
70 1
57 53
72 55
94 66
49 19
66 68
82 73
23 55
93 37
74 29
99 46
1 37
57 37
85 13
63 24
47 27
44 11
66 97
5 13
59 69
66 47
48 9
3 70
13 60
51 78
73 39
86 54
36 14
70 31
87 49
1 82
22 12
59 88
6 13
25 31
31 0
78 63
71 26
23 76
27 96
70 9
48 19
47 87
13 65
51 42
16 4
83 53
82 68
60 19
39 65
50 3
25 47
56 11
71 87
24 72
46 70
82 18
23 100
62 36
21 51
66 11
49 5
31 40
56 97
75 44
53 48
91 61
11 53
41 68
63 96
17 46
25 95
56 54
83 35
63 61
38 99
28 91
48 11
88 72
99 76
99 3
68 59
89 100
79 3
100 74
82 23
51 12
79 7
12 99
41 18
89 14
81 24
53 33
45 12
34 58
51 9
66 40
57 38
8 94
97 9
59 44
78 32
72 6
83 60
25 51
82 26
42 46
3 2
21 35
100 43
1 37
96 98
62 46
5 88
40 82
55 85
2 39
96 41
47 72
53 17
63 58
34 1
55 35
79 65
23 43
30 86
27 40
46 28
39 18
23 3
15 80
11 25
12 76
2 6
21 86
76 40
58 2
37 61
92 97
43 11
58 51
32 4
75 82
45 22
69 56
73 71
72 54
22 71
59 75
100 0
95 9
54 96
17 30
91 97
96 50
46 86
4 72
98 51
98 60
93 65
71 63
59 26
72 51
42 14
96 63
52 0
77 43
98 75
54 70
25 37
19 52
71 70
94 68
56 94
29 15
38 46
83 21
70 15
8 73
65 40
25 39
74 30
5 51
65 60
57 16
47 80
46 16
1 29
77 37
77 13
88 23
54 23
50 76
31 17
18 35
75 83
5 99
91 91
83 21
3 62
36 19
88 59
39 72
62 59
96 73
88 87
28 75
34 4
84 29
70 89
58 48
58 4
32 9
89 27
45 30
80 37
49 49
22 37
11 42
80 88
100 36
36 14
88 98
64 18
38 91
13 70
24 42
89 19
54 30
37 14
12 66
30 78
83 86
21 28
37 25
67 96
11 26
6 25
90 77
60 39
66 47
31 90
50 55
29 49
73 62
14 80
45 40
65 25
39 76
33 73
43 92
7 35
14 54
45 92
30 13
30 78
27 68
15 94
71 42
93 98
92 76
50 54
54 53
53 24
71 58
53 12
52 72
30 86
42 81
71 45
67 48
50 84
23 11
12 40
53 23
85 75
46 35
70 32
95 62
41 68
89 89
61 69
94 46
23 75
43 68
11 96
80 65
88 62
6 39
86 92
51 97
15 9
84 26
42 48
98 59
31 15
56 80
76 73
97 56
51 54
68 97
87 60
66 40
28 73
44 45
46 96
24 87
23 58
45 64
71 34
42 74
49 57
71 67
29 48
41 81
25 61
13 51
25 5
42 66
6 75
45 40
94 14
48 54
65 78
40 67
47 24
33 20
14 5
74 21
100 11
8 70
67 55
90 40
68 10
92 37
47 80
96 73
15 89
20 98
23 37
47 76
94 14
54 20
64 24
86 27
2 38
3 84
28 80
41 71
38 46
76 85
95 64
9 3
59 73
9 4
52 6
70 13
88 15
61 23
3 71
38 74
81 35
90 32
20 51
56 19
53 27
44 36
57 4
70 70
11 62
9 7
40 61
83 73
85 98
96 10
83 46
5 69
9 24
89 27
94 7
82 95
41 31
13 69
78 82
34 0
51 40
50 75
45 74
6 76
99 63
60 73
48 86
94 78
96 19
75 64
88 77
38 62
6 86
89 20
35 99
97 88
73 100
36 28
53 58
62 13
48 68
84 4
91 76
70 73
91 49
100 6
87 100
46 0
94 5
43 25
40 6
98 24
9 0
71 36
35 72
76 44
68 97
52 76
92 84
85 3
12 62
39 54
69 66
79 45
79 74
27 59
19 39
48 52
9 12
22 8
62 99
57 49
29 82
86 59
2 62
58 53
26 14
82 87
5 15
90 1
58 85
57 24
8 46
52 42
48 55
32 94
44 43
40 95
11 56
14 66
51 74
52 3
70 90
8 6
95 97
57 25
64 16
44 53
43 66
79 36
16 42
98 30
10 33
62 11
63 62
83 71
7 80
54 25
89 12
20 62
42 82
26 94
47 84
25 58
23 92
48 66
3 38
58 28
8 76
99 2
60 37
58 42
81 58
3 92
84 52
27 7
3 17
44 29
19 25
81 55
34 90
17 56
16 49
4 19
26 100
5 31
39 86
74 0
15 36
19 26
37 10
72 85
94 42
76 15
44 96
83 54
3 0
58 31
34 26
24 45
66 76
30 92
67 26
86 54
46 21
45 43
10 35
44 25
46 35
3 78
89 6
56 97
13 22
59 40
69 83
32 36
64 28
17 74
19 22
54 92
94 67
38 52
51 3
95 70
94 62
27 1
89 35
80 18
45 70
26 36
90 32
52 0
99 80
70 97
67 20
89 21
76 96
65 93
10 77
92 47
45 77
38 70
51 82
25 20
46 71
66 80
40 79
22 2
35 98
43 55
24 14
13 52
6 73
44 89
32 32
64 44
57 11
25 97
43 45
33 97
78 63
40 16
97 40
16 59
5 43
98 22
27 20
6 22
44 82
31 85
99 74
15 52
42 33
52 44
56 10
22 79
15 52
15 50
65 62
88 100
98 62
69 77
56 81
42 73
88 52
74 64
18 77
30 46
34 39
16 71
38 90
98 85
51 23
18 4
63 38
26 37
3 15
45 26
19 96
12 34
84 65
36 96
51 16
43 6
73 57
8 5
96 32
32 34
35 76
28 59
95 44
23 81
96 42
45 69
67 62
79 64
52 81
97 99
60 39
84 39
95 74
12 31
11 70
55 24
54 61
7 56
45 26
83 74
42 2
74 36
0 31
72 100
15 24
45 93
97 3
53 84
88 64
64 59
91 60
72 20
21 79
47 81
84 29
78 53
33 63
76 8
25 15
50 13
68 79
22 77
100 58
36 21
47 89
30 78
97 100
50 10
52 29
42 57
75 36
58 6
27 17
73 18
51 0
67 76
2 75
80 95
55 43
70 28
45 47
13 19
20 30
28 71
86 6
74 0
58 8
58 78
39 51
40 32
42 82
91 94
71 9
36 38
59 17
41 52
63 35
62 13
70 54
2 32
18 75
98 56
99 63
65 97
77 43
32 88
80 36
57 5
39 85
31 97
39 65
63 26
97 75
75 69
87 29
30 36
65 47
96 12
35 5
42 39
94 46
55 20
68 11
77 95
22 23
83 26
50 72
32 69
70 32
95 69
17 46
24 1
36 28
34 62
89 32
98 73
67 89
23 26
7 48
71 2
53 83
29 9
29 12
74 33
28 10
11 69
61 86
87 64
60 10
49 43
35 12
95 42
100 89
74 67
66 3
87 5
75 32
16 36
81 94
99 57
57 4
63 31
98 84
57 75
5 54
3 25
44 44
90 47
75 45
38 41
6 62
88 9
19 31
33 73
66 42
16 9
55 28
45 47
18 48
67 53
14 4
21 58
40 8
78 80
91 35
99 83
29 48
75 61
65 27
48 22
41 86
95 28
2 66
6 88
76 7
20 38
5 36
33 91
80 75
53 20
23 65
78 12
100 23
43 62
100 40
36 54
73 42
30 33
64 62
90 54
87 38
52 85
51 81
39 80
29 50
22 30
98 48
9 82
30 10
35 13
9 85
24 61
26 41
84 17
30 91
54 92
69 67
51 22
94 69
69 30
86 22
62 36
70 96
89 92
54 75
1 29
13 53
2 3
41 87
71 62
6 17
13 69
95 66
73 20
19 83
47 26
67 72
34 69
76 74
23 92
88 83
23 70
39 6
6 5
32 56
57 63
49 63
42 9
94 82
73 98
17 78
70 90
28 24
74 68
15 63
50 75
35 34
53 11
30 64
90 66
74 47
5 63
93 94
87 22
35 3
6 98
7 58
2 52
65 93
73 62
74 51
81 91
83 12
73 15
44 9
55 57
18 28
40 14
89 68
20 99
57 39
64 92
54 94
42 100
8 85
43 34
99 60
29 86
97 33
3 72
26 96
92 57
68 81
86 46
66 9
85 8
51 1
3 60
12 3
100 59
38 17
90 71
57 14
34 34
57 70
85 94
42 85
20 66
32 4
8 2
55 59
43 25
49 48
39 83
91 78
33 99
77 87
51 44
33 22
97 82
93 30
41 61
36 48
78 47
20 64
11 36
74 94
19 83
58 73
66 96
53 58
70 20
47 65
11 38
33 99
45 100
86 14
78 80
68 46
76 26
48 20
37 84
40 78
1 33
38 80
27 24
17 71
25 60
81 97
83 21
80 74
8 61
2 82
81 68
65 19
17 40
52 63
44 2
63 1
95 46
91 36
0 30
10 66
93 20
20 92
10 26
1 99
83 37
53 58
81 16
0 37
17 5
23 23
88 93
43 22
29 63
79 65
79 50
67 39
70 65
95 99
54 87
0 71
96 80
28 27
15 54
46 16
8 0
95 38
84 64
86 86
96 79
42 56
39 44
81 72
60 64
97 50
66 22
33 2
13 64
27 60
4 54
99 4
83 66
3 83
94 60
67 61
20 91
9 78
61 40
65 2
38 36
66 85
6 79
18 49
48 41
40 81
28 79
46 56
69 11
24 99
49 39
63 100
59 89
99 64
56 15
91 74
100 50
8 81
29 67
49 9
13 25
71 64
85 39
63 51
20 21
55 56
49 39
3 3
89 21
100 34
93 29
10 4
29 61
70 26
42 25
27 63
43 18
46 86
81 80
54 10
53 45
52 20
16 98
55 93
11 68
9 3
35 57
12 7
18 13
54 14
20 56
0 95
68 4
79 32
45 32
5 27
47 81
18 28
63 45
80 31
60 100
80 25
96 90
100 53
80 36
54 83
30 45
23 15
30 3
7 30
17 23
84 76
92 2
95 46
90 81
30 25
20 25
76 9
0 47
60 90
28 52
85 9
36 9
37 72
81 22
86 50
49 58
89 24
70 69
1 71
9 99
95 44
27 5
56 34
76 20
71 19
8 20
96 56
30 10
8 85
86 99
7 81
33 39
52 67
51 34
68 12
37 26
8 25
36 27
19 94
4 37
99 66
71 0
76 86
10 67
26 52
47 21
62 63
72 18
28 95
87 18
41 49
77 82
63 6
22 58
86 24
45 59
27 88
9 98
66 55
40 49
15 65
40 74
30 43
100 64
84 93
54 52
56 91
13 29
77 83
51 60
54 26
92 49
27 4
44 15
40 97
44 18
61 83
96 72
2 31
37 22
8 26
52 18
48 97
43 5
52 53
18 73
76 79
54 11
38 64
71 22
48 25
18 91
32 36
68 62
41 43
27 59
73 26
38 89
100 18
66 96
43 46
3 80
3 32
85 31
18 72
10 71
65 53
4 10
32 64
85 54
29 10
94 49
66 17
7 52
39 70
3 3
2 24
77 13
62 73
89 7
33 66
45 58
22 58
88 94
56 49
21 52
84 11
81 49
100 14
62 53
76 14
47 60
6 82
8 42
10 15
30 13
11 56
70 51
56 89
71 32
64 34
47 92
86 16
32 26
75 54
81 68
72 83
63 66
34 83
26 25
5 67
100 88
62 43
24 73
75 28
16 20
31 76
46 47
47 41
17 98
57 6
62 38
83 16
14 88
81 65
47 69
29 35
50 34
14 9
25 54
54 82
38 2
97 84
73 20
29 94
95 6
95 17
20 6
82 10
66 47
10 59
55 80
26 77
48 82
100 39
50 43
58 82
14 59
17 7
46 30
57 29
53 12
58 70
54 71
29 84
23 89
84 3
76 35
73 10
95 1
1 33
25 60
85 21
40 69
83 38
90 59
63 71
43 96
72 66
69 44
37 3
82 55
0 48
60 95
87 93
62 26
76 52
83 84
58 75
6 67
84 76
60 69
21 26
90 54
48 34
93 98
55 51
32 3
63 67
92 100
70 23
65 0
86 79
34 42
79 42
68 71
33 90
69 50
52 29
42 73
32 92
80 75
76 83
29 9
8 78
14 7
27 6
90 49
51 76
50 0
0 31
86 96
79 27
74 85
1 16
100 20
55 60
88 16
78 2
72 21
56 34
12 28
2 89
96 69
73 38
43 0
20 34
93 7
74 7
7 12
30 38
99 69
97 5
98 90
61 60
77 20
83 30
47 1
15 63
77 57
19 90
78 5
54 27
33 1
52 35
8 1
54 27
30 17
84 22
49 83
71 38
67 52
87 53
60 69
81 9
80 22
59 82
41 68
37 28
13 85
18 40
30 64
29 38
52 93
18 80
84 93
14 95
94 89
65 100
54 10
76 27
20 4
89 28
1 26
10 2
67 65
86 21
63 55
70 68
58 69
0 42
67 13
18 84
76 72
65 9
70 22
79 76
23 93
44 75
0 35
36 5
9 57
99 37
77 45
56 80
36 58
2 45
34 44
5 28
72 44
28 24
13 0
44 99
82 100
16 90
94 65
19 87
58 36
12 53
69 7
48 44
6 88
3 63
10 75
98 9
12 42
68 1
0 82
87 31
0 22
31 72
65 75
68 92
91 12
7 70
93 54
33 83
7 70
70 19
86 15
98 0
97 31
34 96
89 33
86 13
24 60
11 33
98 12
42 63
57 72
60 3
75 75
89 10
53 1
95 43
51 33
95 10
62 48
87 57
83 31
68 35
76 20
2 62
5 56
69 71
51 87
47 74
49 63
21 77
50 4
74 11
91 9
96 25
61 6
33 13
32 52
6 77
8 2
92 19
22 24
45 80
54 45
98 82
76 80
38 54
33 76
48 91
2 30
79 74
2 14
41 20
48 63
12 21
11 2
100 25
71 72
29 50
20 78
17 83
3 36
65 46
39 85
98 1
82 54
79 77
84 32
38 86
52 11
9 89
28 45
96 99
16 49
43 82
47 40
26 68
74 78
30 70
14 63
57 29
85 75
83 12
57 26
48 21
19 7
8 39
39 49
75 45
68 41
15 72
23 58
8 83
6 81
10 4
57 68
5 70
7 69
46 57
95 63
29 55
84 12
69 41
60 6
44 88
18 53
54 81
91 3
40 40
6 4
13 4
63 29
89 72
32 11
84 3
28 34
55 59
69 47
14 85
54 73
4 4
88 47
25 93
32 2
62 3
91 23
50 52
82 31
49 90
57 81
88 12
28 44
44 45
18 76
94 39
20 6
11 34
62 11
84 45
67 21
99 37
45 53
99 34
35 77
80 44
34 81
69 86
18 35
31 11
99 70
86 99
39 31
82 61
87 44
49 99
90 20
28 44
56 47
55 17
75 100
4 90
68 15
76 60
4 49
21 88
93 52
97 31
82 79
53 34
67 24
92 68
74 91
52 11
8 50
44 84
19 94
93 83
41 19
83 63
22 6
97 89
35 62
14 73
5 29
37 11
51 62
70 27
85 3
52 79
61 18
42 31
3 71
93 14
37 0
96 56
85 98
44 76
6 5
54 100
85 65
89 19
85 75
19 95
36 81
12 95
98 61
21 2
4 76
14 67
14 17
56 74
57 76
21 8
83 45
27 84
45 77
70 23
5 60
81 55
15 93
10 5
34 87
98 75
29 53
69 30
22 81
90 59
76 59
22 52
59 83
23 99
53 90
14 9
31 12
29 21
5 41
48 21
89 10
88 6
56 88
27 26
47 14
48 97
14 67
45 31
55 68
58 8
13 50
41 48
53 59
98 25
59 91
99 4
72 19
33 77
66 72
15 47
56 84
85 60
16 27
91 80
10 69
81 50
42 56
96 88
31 76
72 8
46 26
63 76
97 63
64 69
51 31
59 6
9 91
52 32
82 96
2 22
5 56
48 45
48 80
49 9
94 88
53 40
44 58
63 56
25 35
39 76
53 27
42 32
2 89
50 77
61 91
84 7
11 96
52 72
34 22
73 84
14 57
88 33
38 19
68 90
52 35
50 100
73 39
80 84
9 37
27 58
9 79
40 96
45 54
16 31
47 39
80 70
10 23
88 69
37 94
50 93
66 79
64 23
3 82
14 18
32 73
27 80
54 96
13 94
100 32
52 76
91 21
94 16
50 75
97 70
20 57
96 53
76 37
3 57
73 36
91 57
32 72
97 13
85 72
95 82
39 6
63 86
26 84
33 42
94 46
95 78
66 86
32 12
79 68
58 3
74 9
51 98
11 9
58 30
85 5
13 75
82 63
90 22
69 56
72 87
5 67
32 85
43 49
18 30
82 60
21 75
28 64
63 16
56 76
44 31
41 76
49 22
26 76
64 31
99 14
93 80
25 25
5 11
84 70
99 8
98 37
70 42
11 69
42 19
10 47
86 64
1 46
28 95
47 44
87 49
37 5
95 11
18 29
20 33
14 72
60 78
82 7
93 88
67 36
81 93
84 69
28 99
10 91
8 0
30 24
0 79
20 25
17 19
59 25
39 71
21 83
22 98
45 62
12 92
35 43
76 27
91 100
15 7
84 61
58 71
15 68
69 22
81 11
16 7
43 24
31 98
82 67
76 8
76 96
71 54
60 74
46 48
92 65
2 31
20 94
48 6
32 1
89 99
30 46
56 31
16 40
2 94
77 32
46 17
71 49
51 63
61 51
8 83
38 26
95 25
18 14
13 41
0 38
97 30
52 74
13 11
73 47
10 76
90 63
38 95
3 88
62 59
31 55
92 1
46 2
84 49
43 66
42 21
12 14
37 12
3 2
26 57
81 49
38 27
52 80
41 62
41 5
5 45
1 11
42 5
92 13
49 72
55 71
53 75
10 56
49 39
38 92
48 17
55 64
2 99
41 58
69 71
28 80
20 60
18 31
13 41
49 16
51 36
35 29
77 8
13 62
85 53
76 65
99 87
19 34
32 30
86 85
17 84
79 42
26 98
71 92
6 16
0 23
7 90
56 93
84 35
46 28
38 21
73 100
63 76
24 85
63 0
68 20
43 65
61 18
57 58
70 48
0 4
100 63
35 100
18 3
1 35
7 89
95 24
88 85
89 24
7 81
86 33
33 62
89 53
92 60
46 31
83 54
86 86
14 42
57 65
21 70
79 36
41 67
54 54
39 24
62 48
92 94
53 67
28 56
65 31
92 78
32 49
45 86
78 38
87 99
19 46
34 22
26 93
28 57
73 26
81 14
6 70
80 1
59 6
11 16
11 84
70 65
42 45
81 51
95 88
68 1
85 93
80 86
47 54
27 88
79 77
49 85
66 47
91 80
97 26
59 63
81 75
69 63
20 1
71 10
74 21
17 24
28 11
87 29
25 47
12 33
80 35
9 82
81 80
42 42
30 61
85 41
85 40
72 52
93 47
66 30
87 33
37 82
19 2
66 64
87 44
74 46
96 10
60 55
78 62
63 83
51 69
61 66
36 49
74 54
46 44
61 37
62 86
95 58
49 59
21 39
75 89
96 4
45 78
100 3
35 82
39 94
97 63
72 33
57 83
67 81
90 40
99 15
89 40
40 0
51 14
4 12
18 3
76 21
65 34
21 8
10 29
38 89
46 33
65 66
79 37
59 49
83 17
84 45
14 67
22 51
25 41
2 95
5 27
83 77
24 79
69 28
87 57
77 94
24 76
5 70
29 69
66 68
90 38
84 9
10 85
76 10
87 63
53 57
82 70
26 57
94 84
62 88
16 98
91 81
55 39
98 22
12 34
97 15
7 24
62 44
40 47
30 6
97 96
52 38
62 16
86 100
18 53
46 95
78 88
52 78
48 50
26 64
67 57
97 94
42 16
34 19
15 66
45 59
83 30
46 36
52 43
64 26
45 65
33 67
38 66
79 3
89 99
4 34
80 24
62 15
52 93
22 70
44 17
98 36
43 2
7 67
94 62
95 12
12 85
58 89
32 69
1 9
57 49
33 94
30 27
2 41
30 38
80 53
44 100
69 21
99 20
35 74
86 73
78 92
91 69
79 86
36 50
62 10
47 15
62 85
23 19
41 2
95 66
60 43
28 62
66 65
98 58
36 69
100 43
33 84
7 84
59 62
62 97
100 95
6 13
30 4
70 20
11 72
67 6
46 33
7 1
68 74
36 0
53 33
38 24
59 84
65 43
38 33
81 91
7 87
53 46
53 70
77 55
85 7
0 90
9 94
96 97
78 76
6 17
55 2
99 30
67 21
14 98
63 93
68 24
56 54
3 24
72 80
94 23
44 70
75 7
11 19
68 42
54 81
44 82
86 48
87 97
82 97
53 59
1 24
32 64
95 93
8 40
92 18
76 54
48 65
97 17
23 76
24 94
39 40
34 64
29 8
88 11
100 99
0 30
26 69
63 0
4 24
19 87
88 88
40 41
59 5
66 49
55 5
64 24
100 95
2 25
2 98
100 14
77 10
55 85
35 44
75 30
3 78
40 51
25 53
35 84
37 42
90 92
90 4
46 98
39 16
0 76
43 57
55 53
69 66
34 44
19 51
70 40
20 66
14 45
14 41
36 27
44 9
61 74
18 83
100 43
50 15
99 11
71 90
75 45
32 86
75 68
94 45
83 41
16 86
50 4
21 8
0 34
97 60
32 66
33 15
11 79
25 67
50 37
53 100
98 47
69 59
89 61
30 26
100 49
39 97
1 12
38 9
89 55
12 6
71 25
97 92
96 97
9 100
27 70
55 65
42 86
20 68
1 11
24 5
18 48
41 71
2 95
49 91
18 29
81 97
59 45
53 76
12 12
79 93
11 72
3 46
45 57
5 49
83 0
22 98
17 19
65 97
63 76
43 68
56 49
51 9
8 32
64 45
50 91
97 40
13 89
39 64
24 95
30 96
17 54
91 10
24 29
43 11
3 58
82 36
49 33
12 76
99 19
5 28
78 45
4 99
56 11
31 40
19 92
66 20
62 0
1 48
64 34
5 16
87 30
36 80
39 94
47 8
94 79
100 21
45 10
20 47
78 100
67 79
60 27
17 15
22 72
16 50
17 84
11 93
78 100
36 39
70 28
13 3
39 98
11 32
31 65
30 67
55 40
48 6
83 32
91 97
23 10
82 82
95 79
6 8
61 77
41 69
65 71
42 22
15 75
48 2
14 63
2 21
58 20
81 100
31 56
100 51
76 86
17 60
38 31
29 28
70 0
23 42
84 27
24 40
7 23
91 70
47 33
32 63
23 58
44 84
87 87
32 15
71 89
64 47
73 19
30 98
40 62
26 26
53 57
82 94
71 33
76 95
83 85
96 84
90 44
2 46
41 100
93 81
37 44
6 91
66 61
3 71
67 94
27 70
35 45
54 89
35 64
78 53
92 100
64 14
15 84
50 86
88 98
20 10
8 0
39 85
4 81
7 61
24 52
37 97
17 83
0 3
92 31
51 28
44 9
61 16
8 74
29 98
64 66
43 67
61 11
100 88
77 58
60 87
65 73
97 91
82 10
88 100
57 8
97 34
2 77
87 31
74 20
74 85
34 79
31 41
70 93
4 48
35 83
75 15
78 37
71 3
36 13
2 4
93 43
3 58
63 41
19 85
64 22
2 14
33 10
2 16
21 32
22 87
83 45
34 13
55 23
87 92
77 67
96 32
98 77
55 16
6 31
7 8
78 67
33 76
21 30
2 30
58 67
18 52
39 94
5 58
71 15
26 47
64 97
66 67
36 55
61 39
43 83
78 45
71 76
52 11
40 29
97 31
68 33
8 70
1 22
85 83
80 72
14 10
80 17
76 11
92 71
0 21
40 46
53 74
91 35
63 12
52 63
72 70
7 51
0 99
74 100
63 72
58 65
78 64
12 27
46 79
53 68
7 40
40 93
3 69
93 9
83 41
76 39
8 29
74 45
12 79
76 76
65 83
63 1
50 47
31 82
36 9
3 74
99 93
69 15
70 11
22 32
88 95
20 60
72 49
38 47
0 31
4 24
37 96
100 6
70 3
36 41
62 13
34 57
66 52
41 66
82 15
10 7
15 63
51 96
76 54
93 15
21 34
46 0
53 33
92 86
65 78
71 53
2 33
95 13
16 84
7 64
3 60
14 10
26 41
22 60
40 33
50 44
90 15
53 4
42 77
1 20
93 3
7 45
60 29
89 32
72 81
7 45
56 53
79 23
46 27
25 62
14 27
82 37
15 96
30 15
99 43
30 60
76 21
71 2
50 89
89 67
94 70
20 35
28 3
79 92
17 91
77 8
56 29
45 36
67 93
56 19
95 37
78 71
37 63
93 33
96 35
19 79
55 10
22 95
100 88
32 85
93 27
99 6
69 100
7 42
89 37
56 59
12 59
91 4
9 88
13 48
13 71
47 24
59 95
10 15
76 26
82 22
96 87
41 48
84 46
97 6
26 42
26 4
41 65
72 72
95 89
99 67
61 45
59 26
90 76
5 50
81 54
50 39
61 2
30 58
78 92
67 46
3 96
98 64
31 13
9 34
53 16
76 23
1 75
80 28
21 64
92 87
46 15
23 69
78 36
100 27
66 94
84 15
100 92
3 17
65 65
35 63
6 44
42 18
70 30
88 3
1 0
18 74
72 99
27 54
71 12
79 80
21 96
37 19
57 96
69 13
56 73
39 20
87 31
28 36
32 61
43 89
95 72
96 34
40 69
0 30
3 71
14 46
11 21
54 70
44 5
66 24
94 25
76 53
63 25
34 32
96 23
69 49
48 77
79 26
33 84
69 39
28 45
83 5
49 80
44 48
92 88
89 66
67 60
68 91
44 39
74 36
7 17
89 100
0 90
89 63
53 64
25 44
33 61
20 5
35 77
86 6
43 19
39 42
46 81
4 94
92 27
71 53
13 55
78 62
4 31
74 37
5 5
2 36
37 3
69 11
23 21
53 83
12 86
12 36
63 87
10 26
71 59
71 27
90 0
83 100
5 98
54 58
58 96
16 78
73 33
76 52
95 53
7 78
52 19
16 50
23 19
19 8
62 67
7 91
26 92
38 5
76 45
74 25
44 13
9 68
79 95
2 9
38 27
58 95
42 41
91 23
73 45
23 99
10 17
34 22
61 66
83 85
33 95
28 23
43 31
78 42
39 70
84 43
24 82
82 34
37 43
69 66
58 32
79 81
78 90
32 78
37 76
77 78
56 92
45 80
70 58
73 40
71 35
19 80
49 28
36 8
24 7
60 76
13 15
92 13
41 45
16 58
91 86
58 34
91 96
79 59
22 21
21 30
87 36
48 77
39 79
46 7
14 36
60 58
41 81
77 91
60 84
8 6
71 91
23 41
39 41
18 64
68 67
8 54
49 24
58 80
54 62
13 57
7 6
27 33
75 82
3 45
80 70
28 88
30 42
89 31
45 86
29 68
70 63
47 70
89 49
80 78
80 34
69 84
75 63
18 35
55 22
43 88
48 73
87 52
2 1
0 48
3 9
27 36
38 24
18 75
75 22
58 59
69 41
86 63
81 72
71 46
99 52
13 68
13 69
0 72
79 50
46 56
14 15
62 97
14 4
34 74
98 29
9 22
62 19
78 3
38 16
25 34
77 89
48 70
28 44
83 10
51 98
92 96
29 94
99 16
76 13
37 62
33 4
17 4
12 46
55 13
48 28
100 7
38 60
32 85
63 70
80 57
99 94
65 64
89 10
77 0
24 8
95 1
19 46
21 92
57 44
46 3
94 53
36 76
53 75
83 81
53 24
18 1
46 4
7 33
27 49
53 47
71 75
21 79
53 67
11 97
73 22
34 14
18 31
17 9
1 74
66 51
74 55
44 73
17 62
57 24
26 36
58 13
31 26
88 42
43 83
6 28
52 1
50 100
33 60
42 68
8 72
78 29
1 85
14 61
39 64
96 53
44 100
23 65
52 22
41 87
5 58
63 96
19 61
4 96
53 1
20 37
85 10
30 54
76 28
44 63
93 95
0 51
0 80
63 42
47 8
12 44
13 53
64 88
55 89
38 52
64 78
4 42
70 78
49 41
39 84
2 19
41 42
14 68
78 52
46 60
39 76
83 80
3 43
24 13
78 98
90 23
48 44
57 39
41 13
36 93
96 54
94 91
68 54
100 40
13 66
13 4
74 76
69 40
20 56
6 72
41 9
11 32
31 26
9 17
13 60
63 31
29 12
54 77
25 3
86 72
81 58
53 13
4 1
1 89
12 59
54 0
3 10
61 69
31 31
47 75
11 72
62 38
86 100
77 58
19 5
12 27
47 99
13 4
22 73
98 52
22 99
26 19
7 0
100 54
57 87
24 81
69 74
96 77
55 86
27 1
38 56
93 82
21 73
99 98
88 15
93 13
63 76
1 34
0 44
61 92
73 55
81 74
89 19
8 29
81 34
38 20
4 18
64 14
56 80
13 76
95 77
8 83
55 22
10 13
11 39
28 30
75 61
44 53
86 24
12 52
69 21
55 34
100 87
71 79
41 65
53 86
43 51
4 88
14 48
78 71
17 1
86 51
21 24
7 92
18 55
8 84
69 92
81 76
64 91
37 51
12 59
33 70
83 81
18 7
81 91
27 26
5 61
46 73
58 1
89 7
56 88
67 73
21 29
72 30
26 53
79 68
46 14
89 39
67 56
23 30
36 36
84 49
33 61
27 36
38 41
59 68
84 47
2 44
74 88
41 27
54 64
72 32
80 15
21 37
2 90
6 75
34 84
26 19
12 13
69 69
38 68
47 60
100 87
99 64
65 65
85 8
12 15
55 39
38 69
78 19
64 10
53 82
31 63
21 7
3 27
84 12
74 45
9 13
92 72
90 12
95 24
37 80
47 98
71 25
47 59
33 18
47 26
91 22
36 55
72 46
76 7
73 24
19 72
93 4
41 1
37 50
15 84
36 76
82 8
12 29
22 96
20 28
62 81
38 32
3 91
96 64
14 55
35 86
71 36
28 85
16 21
56 95
21 86
17 3
34 99
52 57
22 8
15 83
67 49
95 25
69 81
26 98
54 43
8 94
100 65
6 11
80 41
70 47
41 19
1 31
35 16
23 77
62 82
83 13
3 99
8 79
29 15
63 33
0 68
86 73
63 96
59 50
30 72
32 58
2 23
76 94
5 50
75 9
38 98
53 26
5 92
2 76
92 62
17 2
80 86
91 59
34 64
64 87
9 75
27 6
57 78
61 24
20 22
94 56
97 30
100 97
28 60
99 75
5 55
57 93
38 75
68 81
20 0
71 86
41 60
84 19
47 80
38 89
91 31
97 67
26 51
48 63
68 29
44 73
42 81
16 49
26 91
72 10
49 67
74 16
71 46
32 2
4 74
11 13
59 79
2 34
30 56
15 22
1 21
55 38
29 84
69 7
50 19
70 5
24 46
88 14
99 4
59 57
8 90
88 80
92 95
48 53
72 13
58 10
41 13
66 100
62 56
26 15
51 83
73 39
37 50
91 89
79 40
64 38
14 90
6 35
23 58
33 36
48 44
25 72
81 47
81 74
5 93
89 39
61 68
23 7
23 94
34 5
61 19
26 22
97 19
30 58
19 9
90 35
96 62
46 36
74 67
23 46
73 24
23 60
56 86
52 45
58 85
38 100
98 16
36 61
87 53
30 24
39 79
99 68
37 80
31 70
96 98
6 2
44 75
92 67
95 21
2 25
18 75
2 2
51 29
14 45
58 53
41 72
45 68
98 46
47 80
100 77
95 44
4 70
37 98
70 71
28 48
100 98
22 87
2 38
69 90
67 5
50 6
65 76
79 92
95 81
7 13
37 85
41 60
99 32
12 25
42 18
32 52
6 18
81 25
29 82
99 7
91 68
35 74
59 40
98 4
6 43
81 83
60 56
5 10
73 47
85 24
48 80
39 91
32 100
65 62
9 69
17 54
10 95
14 0
68 67
21 59
82 77
74 55
45 74
80 56
19 61
6 56
64 23
81 86
37 13
76 62
96 1
63 79
50 56
89 85
29 86
9 19
42 19
90 98
2 51
0 69
76 100
79 39
16 6
48 38
6 11
99 51
31 60
83 33
13 38
83 88
25 61
54 2
45 11
83 5
84 82
56 8
89 18
7 83
27 21
89 78
100 36
48 18
52 37
53 73
73 98
83 53
58 30
92 0
90 72
96 75
29 72
29 17
51 87
23 33
43 9
86 69
11 33
18 44
20 67
85 37
16 38
61 94
100 3
66 10
39 81
6 60
5 86
69 0
83 74
17 26
51 55
53 69
55 55
63 0
53 1
93 38
83 96
77 35
96 49
34 25
96 57
33 91
18 59
67 26
78 91
100 63
64 61
62 82
87 66
55 26
86 0
36 96
3 24
0 65
77 21
3 5
85 77
8 15
57 100
67 52
86 63
19 39
55 26
85 57
37 68
5 87
91 55
20 56
37 39
17 9
63 31
3 95
54 12
79 100
34 45
7 1
100 3
87 98
86 66
72 0
17 95
100 3
27 42
10 52
11 51
95 52
64 27
34 59
77 9
86 83
84 94
3 90
8 26
34 41
14 24
61 18
27 84
39 14
56 18
35 54
98 94
17 64
5 79
14 73
53 33
73 32
48 35
4 14
53 20
37 35
35 9
54 85
84 17
81 62
41 8
79 25
68 36
30 71
40 60
24 13
82 33
75 36
64 6
95 87
81 28
34 48
92 80
79 5
94 57
100 63
8 22
84 15
52 0
40 16
28 42
88 22
7 86
62 38
99 16
66 7
25 27
93 82
70 18
9 37
34 7
58 24
21 67
24 52
48 100
56 16
26 60
23 48
8 90
57 97
24 87
60 14
62 18
81 16
21 30
10 33
33 89
75 59
1 53
0 7
71 18
67 41
12 42
24 94
100 60
56 83
92 45
6 33
6 34
69 91
81 10
40 25
74 0
81 48
75 56
50 90
91 55
17 34
58 89
59 72
71 2
12 27
39 24
83 17
14 25
11 68
81 91
81 54
42 55
16 77
68 72
97 80
1 9
86 45
67 21
71 15
89 43
25 73
91 75
36 14
39 59
54 58
65 60
21 38
70 58
26 39
35 10
30 43
59 31
91 66
52 28
8 92
14 94
41 64
87 44
24 5
45 64
68 57
55 91
5 65
94 82
17 99
56 83
85 67
32 47
3 90
77 48
81 14
81 15
46 13
78 41
77 48
25 95
47 82
98 10
21 0
22 61
30 46
27 10
11 60
63 67
76 8
5 51
11 94
43 84
93 61
63 96
40 63
6 51
23 86
90 62
29 80
44 21
8 44
95 86
0 57
18 82
24 8
18 81
72 57
91 95
15 30
50 79
13 68
2 75
3 83
77 4
10 88
26 22
36 51
9 25
28 90
49 82
86 29
5 86
50 58
77 53
55 70
50 51
9 34
81 37
57 78
39 15
57 15
97 93
86 85
21 54
13 66
99 0
10 75
77 91
71 48
52 56
89 79
42 24
91 93
77 90
22 49
40 49
74 8
41 66
27 92
61 21
21 96
15 98
64 17
3 26
15 35
36 78
65 17
50 87
5 66
42 25
35 95
76 94
34 11
98 56
55 24
43 27
60 80
44 74
90 76
44 64
86 95
63 10
98 82
87 58
96 32
37 58
80 8
91 84
28 56
80 8
99 83
92 53
24 6
84 78
10 30
93 71
62 9
86 36
0 5
67 73
14 41
78 74
74 29
80 90
10 33
100 94
61 85
17 7
29 2
32 88
22 11
71 40
57 80
10 66
95 68
26 47
21 74
75 53
67 6
45 55
96 70
6 48
75 65
2 22
65 38
54 72
3 69
33 52
68 64
7 36
10 76
72 28
43 8
81 23
21 62
68 13
23 9
45 72
12 94
3 88
41 20
7 91
52 93
48 78
78 82
63 70
40 86
68 96
72 60
57 13
69 85
43 68
65 63
25 45
38 12
39 42
84 69
86 34
38 72
8 25
69 76
91 22
80 71
33 7
77 84
79 27
71 41
84 79
75 80
22 33
62 58
79 5
75 47
42 41
20 76
16 68
19 66
19 18
55 8
79 98
99 31
59 51
52 85
94 97
70 58
2 63
61 2
88 69
8 39
13 5
43 53
47 29
23 21
69 19
99 15
85 80
96 15
16 81
67 37
67 82
27 82
30 48
39 94
54 67
99 90
17 48
3 23
53 80
3 72
19 2
64 85
68 6
82 43
23 73
85 41
63 15
60 69
15 47
36 55
2 12
2 68
5 77
89 25
21 7
19 80
26 33
54 97
0 8
85 75
86 90
59 42
33 96
25 64
77 59
55 86
62 6
68 17
23 23
20 74
52 68
2 95
92 62
79 56
96 48
89 93
82 78
8 71
82 26
14 17
38 95
9 25
66 10
11 60
1 100
88 100
27 58
48 11
61 99
73 63
49 14
22 80
41 78
34 51
42 70
20 12
80 28
74 38
53 0
20 52
30 47
35 61
51 40
97 75
88 25
34 19
72 81
26 48
19 99
97 61
74 10
41 59
43 68
92 57
89 90
42 55
79 86
11 76
47 80
95 79
65 93
55 10
97 99
47 79
0 63
56 1
32 45
79 80
37 14
34 41
59 58
98 92
51 14
95 52
77 81
2 41
8 83
57 45
60 4
28 94
64 92
58 86
93 23
92 84
4 2
98 19
50 53
73 94
7 88
11 27
25 60
86 58
52 57
14 81
76 70
71 4
90 13
23 20
39 94
69 39
50 76
11 52
57 49
85 5
72 48
17 82
75 44
65 37
16 55
75 12
31 56
8 86
30 69
15 50
53 0
100 46
23 41
68 2
0 85
19 65
29 90
79 93
76 15
49 80
77 51
73 21
78 38
61 66
78 50
88 98
24 3
72 12
83 55
94 50
58 19
88 13
89 67
47 96
4 17
65 14
12 21
58 42
26 87
94 4
89 72
37 57
30 55
49 76
51 41
70 45
77 1
76 61
34 87
49 41
39 41
70 74
16 85
32 72
81 77
71 92
9 0
55 60
18 88
85 73
52 84
59 85
51 60
23 17
90 16
97 71
95 11
80 89
67 97
77 45
93 67
85 71
9 6
15 68
5 46
17 26
48 99
61 87
79 80
97 31
14 14
9 50
2 83
100 52
9 26
54 94
86 78
11 8
17 43
51 21
81 56
53 86
48 72
51 94
99 27
68 61
39 81
21 35
77 12
69 10
81 10
30 4
17 24
86 16
34 53
31 99
42 6
9 50
18 85
73 58
89 16
67 13
18 87
63 82
59 4
16 33
79 84
5 61
67 67
91 94
29 32
94 61
41 2
81 55
10 26
22 87
96 39
19 99
68 25
5 26
88 63
16 73
40 56
56 92
80 12
66 88
7 57
35 41
60 50
24 22
28 37
88 13
70 88
34 45
28 6
39 33
11 70
72 93
44 88
89 40
88 72
100 40
60 36
33 56
33 65
73 96
73 5
56 35
70 83
98 29
87 5
5 74
8 67
8 43
65 20
39 74
72 37
52 25
60 96
63 79
78 22
16 62
83 3
31 63
76 49
23 18
46 0
2 92
61 74
87 40
34 17
33 58
10 37
61 99
73 34
79 77
81 15
77 8
71 62
80 24
20 52
94 58
17 71
13 59
49 78
18 4
76 68
97 96
94 2
30 84
15 44
19 42
17 41
11 46
23 56
79 90
99 73
74 81
3 38
72 68
31 46
87 67
66 36
72 74
93 64
6 35
9 87
82 1
0 75
4 91
97 62
93 0
72 73
18 41
59 27
58 81
43 21
92 3
46 90
56 86
84 25
38 66
99 31
15 43
76 79
76 33
30 69
4 20
94 52
53 5
34 83
54 16
70 28
99 63
50 89
15 63
30 71
69 8
17 30
83 9
86 15
79 22
21 27
68 59
95 42
34 45
19 45
48 77
85 58
23 55
70 69
19 42
11 10
43 97
47 96
90 79
86 95
17 97
90 42
2 19
60 51
87 39
99 14
50 4
92 87
73 23
33 75
23 98
69 86
6 25
68 29
25 86
41 6
97 25
12 89
66 26
67 87
95 95
51 22
8 68
56 95
13 90
50 85
87 88
72 51
71 64
39 97
14 54
91 28
30 70
96 58
28 14
28 12
80 43
15 43
40 99
58 93
76 61
41 38
79 34
14 2
86 97
49 82
100 43
42 9
37 32
17 89
21 100
57 4
57 100
84 94
45 78
62 60
21 54
40 59
77 93
90 21
82 69
98 47
34 91
6 64
15 75
3 85
25 68
70 59
90 34
9 76
55 74
74 70
67 83
50 79
71 16
48 7
54 19
19 49
68 72
32 42
8 18
87 63
19 5
93 15
9 2
55 45
49 55
88 20
84 14
12 70
7 5
37 40
52 98
12 69
24 26
77 10
72 63
53 65
18 17
24 31
50 76
18 11
60 83
43 68
71 79
46 62
78 45
44 19
66 3
87 10
92 97
95 86
5 37
89 44
40 1
27 64
87 11
69 45
55 56
68 35
17 82
42 9
29 94
32 33
19 4
31 7
92 35
30 79
87 91
91 71
68 51
49 62
36 47
50 52
51 65
59 36
19 26
23 18
30 54
76 64
44 39
23 34
39 75
45 0
44 39
31 79
4 86
59 67
89 18
24 16
92 16
64 38
19 56
80 43
91 13
50 75
94 66
90 70
96 91
76 50
78 32
25 31
66 25
88 83
61 7
25 39
57 31
88 50
66 80
81 91
10 64
100 87
75 2
63 58
85 87
11 49
58 19
97 93
28 40
5 40
21 26
77 90
72 67
87 75
11 56
15 49
73 90
59 98
71 36
23 66
32 68
28 0
43 100
3 46
86 38
11 74
58 72
19 78
34 63
53 55
42 12
58 46
4 98
38 49
65 38
90 28
76 25
10 6
49 29
63 93
26 21
8 49
66 6
69 36
42 6
68 60
18 58
32 37
79 72
45 71
14 73
83 86
74 44
37 99
86 34
96 89
7 30
93 29
14 35
45 22
2 36
86 54
92 10
49 81
80 79
50 64
88 37
47 84
1 5
98 17
33 36
65 99
33 57
67 79
45 61
99 79
65 73
35 69
67 94
48 80
55 37
81 88
89 75
35 12
8 94
15 3
4 84
92 64
53 57
20 55
46 66
98 12
92 15
31 82
67 56
28 17
34 4
35 40
19 16
78 57
87 99
38 63
40 23
90 96
29 39
100 0
65 27
13 69
77 34
30 51
55 9
28 89
40 18
72 57
63 11
86 69
10 15
49 14
66 37
27 3
80 45
95 27
76 4
19 76
100 71
45 75
6 45
84 82
59 48
35 90
39 10
90 58
22 79
40 72
12 22
76 65
33 46
39 10
15 79
0 48
10 84
7 61
70 56
11 94
46 96
38 71
18 80
20 79
92 72
46 44
97 70
86 65
35 89
18 38
9 36
52 88
61 45
75 21
9 34
10 81
5 55
28 62
91 35
1 26
62 12
82 3
49 56
0 48
63 33
3 59
6 6
51 72
25 98
6 39
31 79
79 27
59 12
46 75
100 2
16 11
93 22
39 75
92 94
74 63
89 60
42 17
17 63
60 28
96 6
97 46
0 54
77 92
68 67
66 72
62 54
22 29
94 72
86 41
8 32
38 10
97 7
50 82
96 5
35 66
35 15
77 98
49 92
83 16
15 72
9 19
80 30
78 52
85 16
14 83
36 63
81 83
50 41
26 28
44 54
2 37
89 31
30 83
62 65
15 59
42 26
10 9
21 65
42 48
12 8
73 97
75 12
86 20
96 17
58 35
73 43
93 69
36 75
10 30
17 30
7 36
2 38
59 96
96 87
0 33
99 28
10 73
90 54
96 51
46 27
81 53
35 14
1 33
50 49
18 92
80 89
29 71
82 35
4 96
19 13
81 91
82 41
26 21
57 47
38 73
27 45
83 93
79 58
13 18
96 69
67 10
60 6
76 34
80 39
60 26
78 47
26 34
79 82
7 99
43 31
56 79
4 84
92 60
66 61
18 63
72 66
3 68
80 5
93 72
52 22
72 34
36 60
3 79
79 36
46 95
58 97
20 24
72 14
36 90
82 20
99 57
6 11
81 8
43 85
59 11
61 35
36 43
67 3
54 41
94 86
5 35
0 32
23 56
9 91
20 72
67 63
26 92
91 85
41 72
69 56
8 74
53 4
80 24
75 96
98 98
21 29
60 90
30 66
28 89
78 96
36 11
30 65
73 66
58 97
42 97
6 1
7 44
15 57
54 72
71 61
81 97
50 93
27 46
0 89
10 11
51 4
7 69
6 42
73 35
84 7
47 100
39 52
4 75
74 55
55 21
96 61
95 36
78 3
70 54
39 65
61 26
49 73
65 31
99 41
63 64
14 24
12 52
77 75
16 16
4 66
56 98
11 57
26 53
90 42
33 75
89 87
83 4
65 79
22 92
14 24
35 25
89 62
43 100
74 84
85 70
0 73
85 22
65 49
78 62
62 29
76 68
55 74
22 14
95 53
89 84
93 79
68 91
21 29
76 77
25 50
22 57
85 7
9 22
82 100
3 54
100 53
53 0
34 19
37 30
45 45
45 67
47 48
76 97
58 43
99 7
40 57
97 52
48 53
34 94
93 39
52 40
29 9
46 61
29 29
47 49
10 42
20 56
91 91
11 74
16 39
79 50
10 59
94 44
74 23
58 79
60 99
79 22
53 28
12 65
63 54
21 7
89 2
37 92
91 94
1 55
16 16
27 11
53 22
36 51
40 39
87 52
25 39
84 39
47 70
3 76
10 90
22 23
29 34
54 74
1 20
95 64
50 39
12 5
78 60
60 15
93 87
92 94
17 63
63 77
1 87
94 18
42 49
52 88
9 68
47 17
50 58
16 52
14 60
96 28
91 33
20 17
59 52
45 87
19 89
28 61
67 13
31 34
16 68
57 54
52 95
86 84
79 83
6 35
27 84
99 96
99 74
41 11
63 19
66 54
28 80
38 79
38 6
44 25
85 2
70 84
40 99
83 42
90 41
55 95
4 59
58 61
81 31
67 39
35 28
22 39
55 50
9 64
80 46
12 11
96 96
68 31
87 92
43 35
83 85
33 9
82 10
30 93
96 11
80 38
85 72
50 54
12 26
93 67
61 46
11 12
50 24
28 85
50 92
40 7
14 31
30 30
67 71
80 17
66 20
86 93
40 99
80 19
22 17
39 91
97 42
70 5
47 13
89 67
67 27
42 72
33 98
92 23
62 7
3 96
56 13
100 66
15 21
56 39
10 68
63 74
67 79
35 49
22 79
6 0
55 17
6 81
2 49
19 83
70 55
29 62
2 85
16 3
26 58
31 58
59 0
83 42
76 84
3 16
88 48
68 90
49 42
42 45
71 74
34 73
87 87
3 87
17 39
81 0
39 28
21 7
89 83
29 43
98 68
76 13
11 52
76 77
65 26
57 21
9 48
80 81
90 50
98 19
77 63
49 46
66 48
48 80
62 41
56 28
96 83
59 14
100 74
49 73
57 78
86 23
70 11
8 93
99 27
88 46
1 7
30 42
23 11
81 52
16 0
59 82
46 99
9 99
78 75
80 10
35 92
78 79
97 87
46 14
52 93
7 79
45 52
96 11
58 19
55 92
84 81
62 62
42 61
51 20
29 24
81 97
57 11
42 81
25 71
87 72
33 52
26 72
68 82
28 13
55 88
14 23
19 62
53 17
85 86
95 82
96 81
31 35
13 76
31 12
54 37
35 85
59 42
42 84
73 86
46 2
70 100
84 29
64 57
18 26
97 11
43 26
77 57
47 71
28 21
86 38
42 35
42 91
94 89
2 31
53 23
91 49
32 54
21 87
67 39
70 35
97 49
16 22
19 3
73 22
67 87
49 90
16 9
87 62
73 100
79 42
50 89
67 15
41 57
38 24
6 96
93 39
17 13
50 14
70 87
92 45
53 31
2 39
88 48
63 89
0 21
30 23
5 60
75 60
78 98
33 49
28 65
25 17
13 61
5 65
52 38
79 4
82 24
25 33
8 3
46 49
33 70
100 41
92 35
46 22
44 81
24 73
36 16
94 92
57 25
19 17
80 2
23 56
65 55
99 45
18 59
100 11
40 46
8 56
78 2
93 7
12 88
19 91
1 66
47 23
25 44
90 57
22 85
7 25
16 28
86 78
45 72
14 45
36 59
66 88
48 19
37 59
50 49
94 94
16 11
82 88
68 32
74 2
62 79
56 62
53 40
28 56
34 25
96 32
55 67
17 96
31 87
12 79
92 87
87 48
81 28
51 55
32 62
66 93
70 4
67 19
49 100
51 14
27 18
21 78
74 58
52 60
6 7
65 1
1 40
16 67
33 25
61 100
93 63
46 8
39 100
48 8
1 81
45 44
40 59
76 20
17 34
42 83
100 84
43 36
42 85
60 65
22 98
23 23
46 14
56 31
76 53
82 61
25 41
13 78
40 90
53 83
64 88
35 80
42 18
72 39
58 6
39 21
85 23
89 3
15 0
83 22
5 13
95 49
30 19
27 50
77 45
26 49
34 97
61 21
78 29
18 49
31 13
35 77
27 53
23 8
69 39
48 76
65 79
28 96
68 79
18 68
3 37
83 79
73 76
86 91
49 93
86 52
89 91
61 9
52 11
69 68
64 44
64 21
99 73
63 46
100 49
53 49
84 100
100 43
33 62
68 12
30 88
71 70
66 21
11 7
62 19
21 9
33 79
73 41
65 18
43 25
90 12
0 68
26 42
45 65
18 82
100 92
31 15
55 91
62 73
81 77
74 95
33 56
62 79
34 76
59 26
41 82
3 73
39 40
44 48
45 39
26 87
83 0
57 80
42 84
96 4
3 33
81 98
52 20
71 68
16 77
82 90
27 50
50 52
11 27
14 55
16 29
48 38
69 90
42 57
9 3
8 95
41 96
53 50
22 57
21 79
63 99
17 85
63 34
89 91
88 15
8 9
20 93
88 83
86 95
86 99
61 2
1 52
0 96
55 89
50 39
60 99
89 40
87 90
82 72
49 85
7 3
88 70
87 15
13 0
75 49
45 12
87 23
60 5
64 19
47 6
96 58
81 4
94 82
7 55
22 13
30 60
16 37
85 54
100 30
14 60
44 29
64 80
45 29
64 40
51 100
87 25
62 6
85 36
32 8
