1000 10
70 51
93 19
92 54
90 13
93 23
88 78
62 37
39 70
1 81
27 0
99 63
55 48
7 66
8 74
87 100
65 88
66 25
67 49
86 5
33 59
55 31
69 85
99 80
40 97
38 58
1 1
76 79
74 2
84 63
11 74
31 85
46 76
48 12
54 16
90 91
41 52
85 18
98 75
63 69
36 78
11 40
24 63
85 59
78 27
79 1
1 65
11 15
27 23
88 96
60 8
71 74
6 60
46 5
90 70
95 71
77 47
46 43
5 28
32 40
7 88
39 17
40 37
55 45
0 14
73 12
9 41
29 94
88 86
18 100
36 71
90 5
38 72
13 47
25 46
17 85
18 65
85 7
2 6
40 83
68 79
14 15
66 33
45 18
13 28
54 31
25 17
98 2
22 14
94 49
55 14
52 56
14 88
7 96
4 8
43 49
88 63
23 0
58 75
45 99
91 74
91 32
66 74
56 48
65 49
70 31
15 99
64 4
61 87
66 18
62 39
1 46
88 46
75 45
52 93
53 16
47 26
17 58
8 26
28 32
65 66
65 42
82 61
90 56
99 71
89 71
9 13
33 20
1 1
58 52
78 75
52 94
60 79
79 88
93 80
47 2
63 61
25 52
6 64
78 97
16 93
62 58
58 7
15 86
20 67
80 85
33 92
41 20
56 22
12 54
34 54
14 81
52 91
15 28
60 78
10 4
96 94
28 30
57 19
62 47
56 2
47 52
22 73
66 22
31 75
41 65
2 83
54 17
82 82
66 94
96 68
0 99
75 67
29 34
55 96
37 28
17 26
54 72
21 87
79 53
30 1
39 38
86 92
45 79
30 59
71 33
88 87
57 44
56 49
70 64
99 20
53 29
57 17
15 88
97 98
22 81
4 67
43 23
15 47
57 90
63 14
30 99
92 99
66 53
28 97
87 20
69 68
15 77
86 47
23 41
96 83
43 18
49 15
17 96
5 38
83 74
46 35
91 6
70 31
61 6
63 73
59 89
91 38
38 23
18 19
37 31
35 95
96 7
2 98
22 3
43 85
39 54
29 97
91 59
74 36
79 84
85 99
52 42
67 30
93 25
22 77
50 25
80 100
63 47
22 69
0 14
33 100
20 85
20 17
4 61
40 19
30 76
85 95
10 76
43 69
25 13
47 20
3 91
21 69
65 0
1 86
17 30
11 36
60 57
98 25
51 78
81 25
92 32
28 74
24 33
36 73
53 80
21 17
14 49
20 100
40 80
98 66
98 25
70 55
59 69
74 81
4 78
28 21
79 61
40 56
35 54
42 68
9 73
73 18
32 98
13 51
49 30
3 77
42 94
40 12
83 73
25 95
35 7
0 60
1 55
52 84
49 66
30 22
13 19
26 20
84 11
4 90
2 75
6 40
70 73
37 83
62 84
16 52
62 62
71 3
18 96
17 99
31 72
70 75
15 31
10 49
8 40
75 83
15 73
16 30
94 21
12 94
74 90
63 17
38 70
71 97
2 28
73 39
77 27
61 79
73 67
57 59
87 96
20 22
53 53
27 91
76 6
17 50
55 61
53 70
58 9
9 71
86 1
52 99
13 0
96 64
95 34
19 57
86 72
2 70
71 91
34 73
5 51
24 34
73 20
65 75
48 80
98 89
4 86
20 23
100 45
56 56
34 25
91 42
79 44
23 7
3 20
47 90
20 28
28 72
92 54
38 32
67 93
34 45
29 52
35 56
86 57
94 59
95 39
27 43
69 54
46 59
31 23
44 43
68 52
11 44
13 27
99 97
94 73
73 7
4 54
100 75
78 67
47 92
7 88
27 62
29 85
95 94
74 9
31 48
32 61
23 67
83 80
25 26
47 6
100 92
99 52
40 30
45 9
70 48
79 84
51 35
2 91
58 16
10 83
23 30
32 73
7 83
62 16
45 79
78 75
18 24
37 66
53 67
36 16
44 2
49 16
89 52
2 31
73 7
83 55
69 29
45 64
21 0
13 32
13 61
68 80
78 75
41 68
9 23
0 5
79 68
80 39
12 98
79 92
27 6
83 26
10 21
17 48
73 36
19 33
74 0
53 22
8 98
93 12
7 7
54 3
13 65
89 50
73 15
99 13
53 12
56 39
0 10
98 44
19 62
91 87
42 37
2 92
61 72
21 24
49 85
50 46
63 3
3 86
47 33
79 21
10 67
65 37
23 34
20 88
56 99
80 91
29 77
49 79
44 14
76 37
5 56
63 15
89 87
31 15
3 68
22 53
32 8
98 64
74 81
4 43
2 72
73 74
31 80
77 81
13 69
57 95
92 16
3 29
84 55
74 42
74 57
27 89
44 17
8 87
25 59
54 14
32 22
52 42
53 63
100 79
82 17
40 43
90 1
30 21
83 61
25 65
20 4
26 24
11 5
36 93
7 95
52 6
19 16
69 13
2 29
69 83
33 41
15 48
58 92
65 9
16 21
93 83
31 50
53 17
57 75
44 34
94 58
27 11
11 24
57 32
31 9
83 91
2 10
79 49
35 4
66 36
27 61
42 55
67 95
97 65
40 47
18 94
84 47
20 94
69 21
52 27
35 26
97 39
93 11
69 60
18 70
74 23
28 1
51 43
4 7
83 6
14 7
87 4
55 95
48 30
38 7
29 63
47 81
81 92
63 43
46 1
35 38
66 12
5 99
92 8
29 39
95 92
42 83
61 67
98 93
69 32
83 89
53 12
2 48
66 46
61 57
88 70
86 96
62 27
64 15
54 19
70 50
66 97
19 48
100 73
82 33
38 53
7 2
36 44
66 24
5 70
78 64
58 88
82 16
28 17
0 35
7 53
29 20
74 98
88 44
31 80
18 7
81 90
55 16
76 25
55 76
69 89
76 88
40 98
45 22
10 51
58 30
43 64
43 36
86 41
51 77
38 21
30 61
100 24
90 39
50 8
28 35
55 43
17 72
36 53
70 32
76 63
84 22
3 42
42 16
3 91
60 2
92 93
23 80
99 11
45 10
84 6
40 86
36 73
0 86
95 9
62 28
34 88
48 4
96 35
59 20
94 64
83 99
46 38
60 84
17 92
27 76
13 33
23 27
78 34
61 60
97 29
45 4
82 99
6 29
30 65
21 59
68 31
76 11
61 38
87 4
96 68
85 21
44 39
97 1
95 91
48 65
65 55
27 15
47 26
94 18
45 66
81 32
58 94
22 35
97 29
1 49
84 24
64 91
47 25
68 48
24 5
43 2
57 77
29 62
100 30
22 75
54 80
67 53
54 56
60 55
80 57
13 83
17 45
54 24
20 18
82 41
4 67
56 63
4 17
20 52
37 98
49 18
33 95
35 1
30 35
3 17
80 28
46 6
27 22
38 67
19 51
83 55
99 61
6 39
57 36
56 5
32 67
10 42
51 92
86 19
92 38
61 41
34 43
56 45
87 45
4 63
23 78
54 60
7 9
10 45
50 16
46 60
4 40
43 56
24 86
8 56
57 34
59 25
90 42
46 92
70 30
41 35
53 4
59 89
60 100
13 29
36 50
95 5
42 73
95 38
47 42
46 90
17 96
41 86
55 64
12 16
58 54
61 50
26 32
1 92
62 72
21 53
26 1
29 79
85 26
80 84
79 40
41 74
54 99
81 58
69 36
6 91
69 55
37 14
54 75
47 100
78 46
2 12
98 82
62 73
100 68
9 56
9 6
91 28
31 23
45 97
32 53
99 4
27 9
10 52
49 87
43 10
73 17
82 50
3 27
1 17
59 32
17 43
33 19
30 88
15 20
10 47
30 76
97 48
65 46
32 62
5 25
29 59
19 60
1 7
96 11
59 48
51 90
9 31
40 95
43 20
96 23
82 10
24 26
61 1
53 48
3 46
21 51
34 80
72 25
94 70
22 3
56 38
4 94
96 72
91 58
4 36
46 45
59 58
79 31
93 94
90 8
79 38
83 85
60 78
4 32
96 54
69 10
86 70
48 82
65 64
17 54
72 83
75 5
35 97
33 29
62 69
44 26
14 34
40 84
42 67
25 68
17 54
0 31
66 78
70 77
67 44
64 38
16 57
99 5
17 36
41 47
34 80
77 41
7 49
88 71
88 61
87 97
11 98
80 41
90 19
2 8
60 32
72 71
60 59
86 2
56 79
44 81
12 76
98 55
58 40
45 81
83 93
41 92
86 83
28 2
79 85
21 13
54 23
31 71
29 54
5 58
35 90
2 17
8 69
12 33
24 81
66 93
74 25
98 44
2 12
70 17
2 63
64 39
28 2
63 92
86 7
28 24
69 48
51 24
93 63
16 100
76 47
41 55
73 79
95 48
61 40
35 99
25 94
66 66
40 65
46 24
23 75
64 1
6 43
54 39
85 18
72 16
60 27
62 4
5 25
68 56
0 45
59 75
47 98
9 21
75 57
45 98
32 9
44 57
54 76
27 44
65 80
54 96
62 69
61 18
61 26
46 61
27 19
58 97
100 79
59 76
67 33
57 81
41 46
11 87
20 40
39 14
68 52
67 34
32 41
89 19
57 34
