10000 10000
50 88
46 73
39 12
37 26
91 66
0 20
38 53
19 13
98 66
42 95
46 51
43 17
98 69
81 60
13 17
46 27
22 69
18 60
10 14
34 81
38 68
15 51
54 81
91 73
62 1
42 88
94 12
14 10
12 60
52 100
91 14
62 91
86 26
38 83
76 44
32 52
60 95
51 17
86 24
33 21
20 76
28 25
2 4
84 39
28 0
10 46
77 19
69 74
10 57
50 7
8 51
76 8
58 90
30 34
90 84
63 51
9 62
54 57
60 89
16 64
30 92
25 46
79 98
89 56
85 60
70 56
99 70
63 29
75 76
10 18
22 79
15 27
42 62
89 70
92 22
85 44
35 77
13 85
98 13
1 51
77 81
34 88
37 88
4 34
37 49
100 20
100 35
67 5
11 9
81 35
28 94
77 36
23 21
74 70
35 69
89 90
63 34
46 14
91 48
26 45
2 33
13 68
42 50
47 25
3 74
95 88
6 8
37 67
43 26
89 53
56 97
24 21
47 75
51 54
20 52
35 86
18 28
65 8
19 6
60 97
93 3
28 22
51 20
86 82
95 35
61 39
73 7
29 63
65 51
48 68
0 67
57 22
68 1
91 82
71 17
93 71
35 84
7 62
17 75
81 48
60 12
45 81
51 42
83 41
78 45
85 94
75 94
69 49
47 94
2 37
82 83
47 29
98 1
20 77
68 96
79 69
25 88
91 55
54 43
25 31
76 35
16 69
93 30
78 99
37 68
40 91
53 44
6 63
47 82
88 99
45 80
19 74
49 39
65 58
58 18
17 9
11 6
75 40
62 61
78 1
34 56
84 87
15 28
28 1
33 79
24 10
100 18
71 12
4 59
42 24
54 69
56 5
28 86
7 67
30 60
35 79
34 74
72 10
23 11
75 23
62 62
48 61
72 56
44 85
87 31
52 15
9 16
69 24
93 7
57 21
32 50
9 31
93 65
20 11
87 65
29 78
21 4
16 45
34 88
26 14
83 71
58 0
0 32
89 16
52 83
10 19
70 37
83 1
51 37
96 71
32 71
81 5
73 1
82 32
6 50
32 96
39 13
30 39
3 90
99 24
97 95
56 23
83 79
17 34
83 9
94 39
12 33
79 34
53 45
55 76
13 6
92 12
64 72
34 84
3 4
45 30
13 34
41 16
44 4
95 85
85 74
73 26
43 86
91 59
4 38
98 46
56 93
47 4
26 30
6 10
15 18
39 44
19 28
53 48
32 87
33 93
31 84
10 3
74 18
39 46
52 73
53 3
35 20
58 32
22 93
75 21
7 45
87 80
11 68
71 7
20 79
55 97
22 16
25 21
83 53
97 87
92 74
46 82
59 67
98 67
13 12
45 67
100 89
78 91
85 71
29 88
34 48
4 53
66 71
25 95
23 19
49 88
61 35
5 63
9 67
72 23
58 17
9 31
85 8
86 20
75 0
66 5
95 70
36 73
22 11
28 37
63 33
4 35
74 23
95 93
3 75
71 83
98 83
45 92
99 23
51 30
14 96
98 7
11 63
71 87
43 67
10 70
49 53
39 56
80 76
85 22
32 60
28 24
28 6
21 80
23 72
34 83
4 78
34 65
87 38
1 38
84 14
15 97
23 48
89 67
93 73
24 26
20 52
24 34
11 38
100 35
38 74
46 88
70 53
91 70
85 3
59 98
89 17
78 72
32 41
44 62
61 21
86 52
22 28
8 57
88 89
9 95
60 87
18 56
86 38
80 85
59 51
14 79
35 30
75 2
77 17
61 20
7 35
8 78
87 37
73 65
74 97
25 53
34 98
75 25
1 85
17 56
2 53
28 33
95 22
25 34
93 19
62 82
83 99
76 96
2 4
62 43
52 16
84 13
40 45
24 91
100 30
50 18
36 12
90 52
20 24
98 68
87 89
50 29
96 70
85 38
3 17
12 69
84 3
90 30
46 47
21 43
36 35
69 33
85 93
49 37
91 73
73 21
38 23
89 12
95 14
28 85
75 32
99 6
43 26
5 68
57 70
39 13
12 36
51 84
8 83
26 28
95 50
88 92
88 68
32 49
33 2
49 56
0 77
28 14
20 95
80 18
48 23
64 91
68 66
5 4
83 10
29 33
48 67
43 98
21 62
22 95
68 31
99 18
61 52
61 66
100 59
49 76
55 7
66 61
50 82
66 69
93 43
44 43
78 87
66 96
30 61
4 12
21 83
63 69
33 67
25 52
36 62
89 39
84 45
16 27
33 95
27 80
52 64
42 66
66 56
96 49
77 62
93 28
25 15
84 3
84 28
9 78
61 91
54 79
49 79
77 71
60 18
75 78
54 33
69 69
4 48
85 0
47 45
43 72
85 43
37 89
71 16
20 17
21 23
83 45
72 96
53 4
40 80
65 79
22 98
79 49
70 16
98 0
41 39
65 4
47 29
57 85
50 21
20 41
11 40
81 59
93 68
87 91
12 1
74 98
78 31
13 100
23 11
73 19
99 68
9 33
85 77
66 11
98 91
15 6
3 73
29 26
79 92
26 80
23 38
11 50
99 75
42 38
57 32
39 8
98 17
38 39
55 29
1 64
91 19
98 68
90 46
24 55
71 89
99 68
39 99
61 72
51 11
59 35
41 50
55 37
50 98
50 43
1 75
52 52
38 38
98 78
23 36
48 97
82 22
87 69
29 67
6 95
93 39
56 28
70 10
34 93
46 61
83 58
63 38
13 98
73 0
57 41
82 85
1 25
30 84
49 78
10 3
7 42
28 39
74 34
52 3
31 82
31 0
26 62
74 89
0 57
27 70
46 45
76 66
84 30
77 72
45 78
71 35
61 63
47 43
91 88
27 44
62 58
99 63
24 13
89 3
72 36
96 7
20 50
33 61
85 57
75 60
100 81
47 83
74 58
64 97
5 98
86 38
63 58
85 25
23 72
67 45
40 66
16 75
44 60
38 84
16 86
80 86
8 100
72 92
26 34
56 10
16 88
97 2
10 81
20 44
63 35
90 18
80 61
17 69
98 48
4 23
6 11
8 67
79 12
90 93
58 20
38 50
17 61
19 74
86 40
45 8
28 92
62 27
26 58
52 81
24 0
74 2
16 53
58 19
100 79
70 70
77 84
3 87
71 28
17 69
3 49
1 63
48 52
47 94
3 87
35 86
45 36
60 70
86 45
96 45
99 46
11 19
50 78
46 37
20 4
75 53
97 96
50 41
82 24
5 4
16 85
40 58
7 49
80 35
54 48
72 66
77 25
23 53
10 53
70 51
45 28
42 77
70 39
33 99
11 43
81 62
48 70
36 91
100 25
81 76
63 30
77 32
57 2
59 94
39 1
88 86
62 72
65 36
95 69
61 79
28 90
88 93
87 46
58 59
96 84
69 0
33 81
52 45
82 36
96 20
89 59
18 22
66 86
79 50
18 40
7 47
71 34
70 10
52 18
89 3
14 52
4 86
54 83
53 36
81 37
98 15
30 49
22 63
97 25
3 91
49 61
33 22
73 77
39 89
17 54
90 89
58 93
25 2
5 91
91 47
29 43
15 48
0 75
68 78
16 79
4 54
7 51
0 75
32 95
10 18
1 85
26 31
30 50
10 78
5 78
66 31
90 76
79 33
74 4
22 46
9 3
41 84
65 23
66 9
8 95
31 36
34 83
60 100
32 97
23 52
40 80
81 76
67 30
93 11
2 1
51 83
8 100
28 23
45 82
70 30
42 6
96 38
4 27
64 79
98 16
51 62
37 12
46 0
1 17
95 9
57 10
34 56
5 95
39 51
7 9
31 91
14 58
59 2
14 0
95 68
33 21
60 94
34 41
69 1
74 43
91 47
42 71
57 2
89 46
58 16
1 32
97 7
95 17
64 5
16 54
27 31
12 3
96 67
59 96
72 89
74 54
52 35
63 83
1 30
76 13
31 61
22 58
50 0
2 87
80 42
86 6
55 77
39 33
24 13
11 4
18 92
10 65
75 90
38 43
34 47
55 56
51 51
41 29
24 51
42 65
76 86
69 52
35 29
95 8
57 83
50 40
45 65
88 37
100 87
20 42
22 75
68 42
14 43
92 9
0 51
36 69
36 41
24 88
16 53
100 94
93 81
65 90
76 5
77 4
13 52
29 17
58 33
74 54
9 42
64 13
30 75
56 22
0 50
51 39
19 28
55 4
82 85
49 21
75 30
55 66
44 87
22 53
16 12
44 7
43 93
13 4
88 33
85 92
61 31
49 62
77 17
41 11
24 63
91 7
14 97
84 93
31 50
11 87
49 23
78 92
2 13
11 63
24 80
94 36
6 82
82 50
57 74
6 30
59 76
18 78
33 19
17 93
17 50
40 37
17 67
10 96
44 90
92 34
76 53
72 79
85 60
30 22
90 56
93 30
41 8
84 19
21 14
84 19
44 46
29 6
37 96
79 45
35 59
29 49
61 38
89 11
99 68
97 36
49 51
72 73
48 75
48 65
97 67
9 41
13 59
13 61
11 36
69 41
42 87
80 46
66 54
4 48
71 62
70 63
5 94
97 8
47 52
58 9
39 84
7 39
52 32
59 85
57 81
85 58
67 88
81 2
89 5
89 0
42 12
53 66
77 21
41 3
56 77
34 75
27 83
62 26
98 91
24 36
38 56
13 73
20 16
84 68
24 98
98 25
95 2
92 98
48 94
54 51
45 61
32 56
18 3
12 16
40 15
25 25
15 26
34 71
87 25
74 74
19 7
21 66
75 11
33 60
97 63
3 85
100 94
49 82
77 19
86 41
72 99
10 72
77 37
2 42
29 94
24 99
2 59
84 29
30 97
32 40
29 62
84 97
42 5
28 38
45 90
89 11
5 17
31 61
8 54
62 48
54 76
70 89
4 98
12 21
88 83
6 16
41 37
71 16
87 69
8 28
85 55
22 13
58 79
24 57
89 49
7 29
48 79
40 31
77 68
22 46
66 38
45 85
47 84
78 37
33 34
6 10
91 48
54 28
50 93
98 7
60 69
1 25
12 56
59 47
57 16
75 33
33 33
95 33
51 44
67 76
67 76
15 63
28 84
9 49
17 93
46 32
26 57
68 18
53 96
89 79
22 14
73 94
37 28
15 4
42 40
26 63
20 39
17 76
99 80
12 83
36 2
1 91
43 35
12 61
58 31
9 82
82 7
92 93
22 85
62 64
29 91
17 56
69 75
68 76
37 53
55 54
85 87
48 35
67 95
31 63
68 49
50 8
5 92
87 5
24 54
18 20
82 80
33 69
58 8
6 95
10 26
42 21
60 4
76 65
77 5
91 42
19 9
52 74
95 27
82 78
96 42
23 76
35 48
71 39
80 40
47 44
34 39
36 31
64 65
45 18
18 84
97 51
65 76
46 4
38 21
93 62
48 48
38 20
65 76
73 97
90 41
23 18
28 67
3 99
47 95
29 38
2 26
45 45
49 28
15 15
71 9
66 84
20 92
56 4
97 14
91 53
28 14
22 86
22 53
66 78
17 61
70 82
96 52
64 32
64 47
6 68
61 14
23 25
15 3
66 35
5 11
88 70
1 68
75 98
39 80
38 17
77 89
97 68
51 69
69 35
63 15
54 75
81 7
70 68
95 82
66 4
2 70
6 98
73 47
90 78
26 64
41 5
96 4
34 90
32 33
82 12
26 91
98 11
53 8
63 55
76 57
12 4
67 7
32 1
67 12
35 51
52 93
64 33
15 72
23 25
35 75
40 29
92 66
61 3
53 61
54 45
74 99
96 79
8 9
81 21
84 38
27 72
74 61
49 25
0 7
4 90
57 22
53 62
93 86
17 48
72 76
90 65
72 93
29 27
8 66
91 43
44 22
91 33
10 11
55 64
17 57
21 55
99 72
30 0
2 54
37 81
95 93
90 63
17 47
93 53
69 59
91 83
21 14
81 95
96 1
13 13
27 28
56 62
40 6
56 50
94 82
62 71
30 93
11 38
93 42
1 63
96 96
5 19
64 20
65 96
76 52
69 85
92 44
22 2
17 56
73 94
63 98
45 91
68 11
63 43
100 50
63 36
28 59
83 29
93 32
85 28
4 68
31 28
86 3
90 56
11 18
95 16
5 75
36 30
63 94
17 26
5 89
46 36
98 100
71 15
72 53
38 70
64 94
2 75
93 90
53 44
10 2
78 79
14 34
14 87
5 36
75 33
94 19
87 26
12 44
17 33
42 96
6 12
97 42
34 3
42 64
38 21
72 83
36 100
66 42
48 63
81 20
6 23
33 27
87 50
43 78
32 66
28 70
61 46
55 45
93 62
76 52
8 85
94 3
72 60
17 25
47 51
26 81
25 78
53 48
55 17
63 35
62 15
40 91
21 0
84 98
6 59
90 96
86 62
33 60
21 0
23 38
67 84
61 97
31 1
34 20
9 38
66 82
37 85
33 15
21 39
37 97
44 56
86 24
76 18
31 69
81 81
93 59
20 0
98 37
23 49
71 23
33 34
31 43
6 5
40 92
23 82
14 72
24 13
89 96
1 68
86 78
58 68
81 86
72 9
27 100
62 47
89 31
80 73
89 28
39 50
23 27
34 66
30 93
18 100
99 14
24 91
74 38
67 91
52 93
55 65
22 65
73 93
74 41
88 63
13 74
13 46
95 37
68 22
53 52
52 14
3 0
96 20
73 19
35 89
18 18
0 6
64 93
69 61
62 38
99 98
26 16
22 82
80 55
26 1
49 29
82 43
7 37
43 83
96 100
67 51
1 8
39 5
94 75
63 14
76 12
83 28
26 54
7 57
45 3
41 34
0 35
60 38
44 32
49 41
92 97
36 78
23 1
73 99
88 53
22 96
72 73
64 6
37 74
78 4
99 0
17 90
93 4
19 21
21 88
91 18
57 71
5 60
36 64
65 18
100 2
50 97
62 27
42 63
62 55
7 53
28 83
44 43
84 64
76 97
4 73
53 18
38 42
52 26
8 92
46 69
77 89
9 53
98 1
89 67
65 6
31 12
55 6
21 72
49 48
53 4
85 56
26 98
53 8
3 93
55 44
10 73
96 61
57 87
89 23
33 37
31 80
65 38
25 93
21 59
17 60
91 12
63 60
30 45
1 62
58 94
40 36
0 12
10 38
26 23
73 5
1 41
13 100
54 72
100 93
33 71
13 38
72 72
92 92
71 22
42 53
86 0
33 18
82 1
37 70
90 40
16 49
60 93
20 80
33 54
37 24
8 3
88 92
69 29
12 55
28 65
12 39
15 72
95 63
98 10
67 69
10 18
81 71
85 59
61 9
62 25
53 48
65 47
82 14
58 42
17 8
93 42
65 95
62 98
88 98
3 54
35 23
6 96
100 47
28 86
9 8
98 41
42 48
21 1
13 39
58 95
66 46
45 25
24 74
69 65
15 52
77 17
12 61
65 17
78 21
39 32
3 65
72 28
30 25
5 85
62 70
8 70
61 85
45 56
33 95
38 28
67 35
38 53
77 95
48 82
30 48
46 61
69 9
13 69
83 54
26 30
42 57
43 25
17 85
33 20
30 7
84 38
8 23
98 6
43 6
100 60
81 29
49 9
24 26
62 77
65 17
54 29
91 86
61 51
8 10
85 76
24 72
42 65
34 27
38 75
84 39
28 59
17 71
96 65
24 31
80 39
34 1
40 16
89 13
17 25
14 19
54 69
59 50
71 79
0 18
71 33
0 79
69 58
24 3
24 58
5 81
3 64
65 34
39 14
81 42
32 31
72 9
23 91
68 18
32 20
38 72
52 12
80 36
40 82
14 46
77 77
41 7
81 62
95 23
100 27
98 25
41 33
49 43
85 82
25 24
66 75
18 98
37 1
39 66
43 82
85 54
93 43
60 69
79 50
93 72
6 33
67 50
38 62
32 64
87 96
10 100
28 62
52 56
91 80
53 44
41 25
39 12
64 74
49 1
43 32
66 84
74 11
72 100
60 80
45 20
78 87
20 34
64 92
95 17
89 23
81 1
8 30
67 29
1 16
47 55
48 43
80 29
33 27
8 11
80 46
49 59
11 78
26 0
7 9
26 11
49 90
48 40
65 97
65 39
13 39
77 3
99 79
49 5
17 60
34 12
64 65
75 10
38 61
80 12
60 17
29 40
12 94
13 63
56 68
82 95
40 15
51 99
20 79
47 35
1 5
47 38
53 55
87 61
61 84
70 3
36 81
100 26
51 63
80 44
82 44
99 75
27 38
58 25
10 64
33 20
98 28
72 60
16 49
9 46
81 16
48 73
4 72
23 36
7 98
32 96
1 87
60 93
27 4
57 88
95 58
37 66
46 4
87 44
31 17
32 51
25 23
52 36
91 52
42 81
71 93
80 64
77 62
28 66
37 23
5 13
41 68
19 30
22 31
64 71
87 53
87 52
31 6
43 36
73 54
100 18
26 37
89 2
67 37
77 82
47 57
98 93
37 26
37 29
62 93
59 60
23 91
86 84
26 37
26 34
90 49
37 38
48 45
27 13
44 27
12 100
27 27
47 18
3 50
7 20
13 34
74 81
96 87
80 74
19 43
25 27
76 56
14 10
54 83
93 61
84 79
88 22
76 12
95 80
86 50
91 8
30 1
96 75
79 23
50 57
24 45
11 72
57 63
86 81
69 60
62 24
33 20
60 92
44 34
28 10
52 57
5 68
53 33
74 94
27 72
69 95
57 27
100 83
93 52
28 6
92 68
36 36
48 28
88 20
75 98
91 11
67 80
66 36
24 29
100 64
39 48
74 76
30 81
50 77
96 30
62 11
61 40
60 27
91 15
50 31
47 50
86 54
85 33
14 43
25 27
43 12
75 3
40 68
52 25
12 4
84 32
80 55
30 29
74 63
56 52
83 86
100 95
76 14
67 41
19 37
76 62
20 11
87 16
7 51
17 25
92 25
28 40
96 42
48 81
94 14
22 24
36 86
91 93
95 5
18 45
44 7
38 44
92 81
37 8
97 98
36 99
68 10
47 12
97 35
16 95
100 53
0 46
56 53
97 76
35 35
24 38
90 91
26 36
4 24
69 20
32 70
32 48
95 88
87 52
77 79
24 41
97 40
54 29
65 74
12 9
10 13
42 43
91 20
13 73
57 50
46 76
60 4
22 71
64 18
92 69
54 85
7 74
96 32
79 34
85 76
35 96
69 19
86 34
73 18
40 45
88 53
74 1
60 30
19 92
23 56
3 14
70 38
76 8
6 54
42 2
80 45
66 72
3 52
25 96
42 83
67 78
83 82
84 78
67 87
21 10
88 50
35 9
92 43
91 30
99 1
19 30
32 61
56 13
67 21
9 76
76 5
74 9
10 35
55 71
57 6
70 85
2 65
81 79
71 54
89 49
53 5
52 85
39 3
23 69
81 75
20 12
67 26
62 35
69 44
72 31
49 13
34 14
93 63
17 6
80 31
79 11
23 54
59 30
72 4
29 32
45 70
77 24
31 6
100 67
63 16
18 41
0 98
9 30
39 43
88 27
39 63
26 98
12 82
20 84
75 9
93 1
48 52
19 90
38 53
3 29
22 88
18 30
40 45
20 54
80 33
77 84
44 90
47 77
47 90
24 6
96 84
54 29
95 67
12 83
97 51
50 98
70 44
5 29
97 22
89 77
39 99
77 59
60 58
65 2
36 1
38 37
16 54
84 65
40 80
16 80
68 98
34 53
23 29
43 34
70 49
14 84
11 80
6 90
46 43
74 87
15 9
96 0
49 22
67 10
84 93
50 74
92 78
49 4
83 100
83 5
40 59
25 2
43 60
82 28
37 78
36 53
10 58
31 85
71 56
22 12
85 96
90 12
71 19
17 9
14 91
72 6
78 94
42 38
30 66
41 14
62 49
74 23
58 38
100 37
20 54
11 9
0 70
30 51
23 24
35 83
93 52
100 88
100 66
32 23
17 29
85 88
97 17
74 30
74 86
26 12
74 72
38 54
43 63
47 73
3 73
18 16
1 42
84 18
21 44
81 99
93 59
60 19
20 72
38 67
77 16
6 98
35 8
16 25
6 25
12 27
64 9
91 94
39 75
68 75
42 70
15 11
28 47
100 35
16 48
62 39
98 81
98 64
85 81
33 3
10 1
13 69
35 91
34 25
53 25
2 38
81 49
74 8
16 0
99 88
25 26
71 93
79 45
13 29
70 81
5 2
18 35
49 75
86 82
41 42
5 88
66 56
57 8
27 92
99 49
90 3
95 27
84 87
17 26
73 56
38 76
31 18
14 15
70 44
71 70
32 85
78 97
37 15
47 62
11 19
23 36
19 25
95 93
2 59
54 32
98 61
38 46
83 66
54 77
32 13
75 53
75 20
17 83
56 86
4 30
39 7
4 46
63 7
100 28
37 67
16 33
58 76
9 30
49 41
40 47
30 74
19 83
4 78
55 6
25 36
78 45
14 71
60 27
76 73
86 21
66 89
78 36
53 54
76 17
11 46
45 38
3 23
38 25
25 65
49 45
0 23
3 23
8 93
58 38
14 93
51 9
34 77
96 69
54 68
69 78
11 47
68 38
58 74
17 22
35 60
72 58
36 91
100 94
10 20
81 64
20 34
11 88
93 9
86 25
3 90
1 74
26 73
13 75
27 45
3 59
84 14
0 12
3 73
11 6
10 31
74 27
25 83
11 36
99 39
50 62
34 12
62 53
9 8
73 100
88 43
67 78
90 39
6 3
71 94
99 76
75 62
75 5
54 68
20 45
84 40
76 81
32 57
56 4
21 67
18 25
46 83
49 81
49 83
26 98
26 95
2 66
72 86
67 90
91 16
69 46
54 29
52 37
58 63
46 75
42 99
52 100
73 61
99 67
51 4
87 37
1 16
92 8
69 26
68 96
32 93
72 17
0 46
41 13
96 22
94 100
3 44
14 98
58 55
81 96
49 51
16 43
0 75
75 32
56 14
71 42
54 98
57 15
66 28
4 2
26 9
69 42
10 70
58 26
33 9
80 41
71 68
82 6
55 85
35 80
88 22
70 82
59 17
24 19
50 92
5 50
66 37
81 6
99 65
99 100
22 20
13 54
21 28
3 97
45 0
100 26
17 6
40 11
70 32
93 42
78 71
73 4
57 69
80 38
24 33
47 81
83 30
76 55
44 50
47 97
75 42
49 64
96 59
37 37
46 62
30 74
41 13
53 48
87 33
45 21
57 83
63 100
7 5
94 34
58 8
36 42
29 100
32 13
35 53
92 5
63 50
100 30
80 72
29 90
73 41
46 2
35 63
82 55
96 97
95 39
45 71
26 90
75 35
74 94
31 83
77 98
62 30
68 90
73 56
8 81
48 42
63 60
100 17
97 98
78 79
92 37
33 32
1 43
100 47
61 22
65 99
70 62
13 8
92 42
18 36
55 96
92 74
22 4
55 91
25 14
66 53
33 42
53 60
53 64
20 58
60 51
47 19
16 48
55 50
26 79
57 39
90 88
68 31
32 30
31 51
40 3
67 79
65 13
20 30
11 78
14 80
51 66
99 54
54 61
13 75
42 54
73 34
55 24
55 36
47 5
61 19
65 99
30 5
96 49
33 58
31 0
38 3
55 20
70 97
55 22
33 8
93 70
42 70
92 27
14 68
35 35
42 66
16 93
20 52
97 73
61 54
57 92
93 44
48 27
61 34
10 64
87 31
58 20
52 42
6 75
33 82
15 30
81 68
11 1
37 99
62 58
51 14
75 57
25 95
21 92
38 76
61 76
71 91
53 95
51 47
91 47
26 59
23 4
79 74
20 97
81 94
32 39
92 87
12 35
33 14
61 91
36 65
51 12
49 0
72 10
98 3
24 37
71 47
44 25
81 94
17 71
6 94
30 93
32 80
69 18
20 72
86 91
46 39
87 77
53 21
4 44
11 87
89 39
78 17
19 12
94 99
26 52
85 35
72 80
54 54
83 78
26 95
97 45
53 37
9 64
18 88
47 51
46 26
21 23
96 88
50 54
16 76
27 2
44 98
25 74
5 32
87 17
22 9
23 15
89 76
32 62
23 34
72 68
3 81
87 86
34 14
1 6
25 86
7 89
81 21
39 51
66 20
71 54
6 87
52 100
39 80
60 37
75 9
64 51
30 91
37 84
59 35
96 71
17 52
58 64
45 99
56 68
58 83
46 44
97 52
50 13
72 97
10 64
44 52
14 95
78 79
73 75
7 11
41 67
54 69
15 50
65 70
61 98
75 58
1 28
49 56
86 36
86 32
80 28
91 63
86 91
58 26
30 79
32 73
24 49
10 76
67 73
83 55
1 81
96 92
74 93
94 48
97 74
28 21
49 7
35 59
18 36
38 38
40 86
67 10
44 61
69 42
78 88
90 38
12 92
22 64
96 89
86 84
20 26
98 72
12 49
16 17
81 21
2 68
92 77
25 70
18 7
61 77
93 26
63 31
12 55
86 32
6 58
27 45
67 94
15 69
35 79
84 56
64 40
44 72
13 97
13 79
95 87
79 40
31 22
41 65
33 92
91 54
38 71
99 92
19 48
47 56
11 14
81 56
55 13
94 18
66 60
89 75
37 2
34 20
5 30
14 75
51 61
64 12
19 52
89 65
2 29
49 43
86 38
50 46
68 83
69 99
16 2
69 18
88 27
83 78
76 1
13 57
9 63
87 76
31 55
89 36
100 74
18 10
76 11
0 4
86 68
87 20
30 87
57 61
7 70
63 12
35 20
99 97
48 44
18 1
36 8
75 78
69 31
86 3
94 38
50 58
80 40
82 28
50 62
3 33
31 66
26 19
63 83
24 60
5 80
43 57
1 88
27 34
42 10
16 97
53 66
40 12
88 5
71 4
37 96
87 30
82 60
33 69
15 78
43 93
89 78
89 69
76 96
50 24
89 45
65 85
61 83
40 13
21 39
52 38
0 5
27 0
17 57
51 17
15 65
6 83
89 53
19 11
15 87
9 21
44 63
46 10
59 57
78 63
38 70
76 100
89 72
26 81
3 69
77 14
44 22
41 72
48 9
22 55
74 26
100 24
67 84
94 65
77 5
86 23
51 54
52 66
39 6
59 26
5 95
63 3
37 96
57 59
86 47
86 97
40 60
12 52
72 100
79 6
14 10
51 85
1 51
55 37
77 53
90 58
18 37
87 48
95 54
98 10
98 91
38 44
22 46
29 88
15 47
78 66
20 45
5 64
98 98
81 16
6 55
81 10
14 90
48 40
88 14
42 32
75 25
41 70
2 82
86 73
36 51
21 54
59 71
70 52
6 88
20 98
60 6
66 24
24 84
17 45
33 64
44 74
55 39
82 2
47 6
1 81
54 0
87 53
12 14
18 19
10 39
76 49
23 50
33 61
85 16
28 41
44 82
83 22
68 67
1 88
61 51
76 51
7 55
17 26
12 44
8 54
0 35
85 77
2 92
43 30
55 63
94 49
91 12
76 71
76 86
45 51
39 52
95 38
15 88
9 72
7 34
70 95
82 33
21 91
8 58
28 81
96 75
78 97
64 53
20 94
16 89
54 87
33 93
81 70
25 34
58 41
66 92
98 83
70 71
19 29
88 22
19 47
70 30
15 83
91 83
51 46
60 45
28 51
90 67
64 52
48 69
32 53
22 2
23 89
46 58
52 34
27 55
88 10
97 20
25 73
25 57
18 61
24 62
19 31
88 92
73 88
29 64
86 54
89 31
83 71
19 49
48 44
54 6
7 47
21 2
82 11
91 72
37 90
86 79
58 78
31 41
0 84
92 28
48 32
97 18
25 88
6 10
15 97
37 35
80 83
64 93
66 81
76 47
26 52
42 23
39 85
75 83
12 0
65 73
60 96
3 4
100 26
15 23
74 28
3 46
56 16
51 77
11 69
97 37
8 11
25 32
88 40
63 9
91 32
44 74
70 59
94 0
25 74
50 28
82 57
31 30
21 34
5 30
15 48
86 23
6 84
63 72
68 44
71 87
42 63
63 23
23 75
68 39
34 22
41 53
21 17
1 65
13 47
62 6
88 75
82 8
48 68
18 80
40 63
99 92
17 76
3 83
30 12
3 85
57 37
35 36
83 9
59 34
66 6
75 86
30 90
44 100
4 56
12 32
64 100
68 68
60 54
96 64
41 74
51 42
87 0
20 88
38 57
0 89
36 34
38 98
64 64
98 94
57 14
8 33
75 35
100 72
26 64
69 12
42 43
70 80
17 85
6 48
73 88
61 89
1 63
35 52
71 82
88 86
77 97
96 41
93 20
63 4
12 85
5 96
18 3
39 72
2 90
100 26
71 98
13 100
10 50
76 73
96 35
53 21
99 58
8 93
2 85
54 49
70 94
17 63
13 74
84 42
97 66
66 77
32 73
16 35
25 90
76 7
38 46
70 49
46 85
71 94
32 53
84 88
81 81
84 96
79 16
38 25
69 7
64 15
5 40
37 95
75 85
87 9
30 57
92 17
19 89
56 49
22 63
13 8
22 48
34 20
49 84
34 62
90 6
75 17
74 90
48 92
84 1
60 8
49 34
63 20
77 76
6 17
42 54
39 90
14 66
50 81
15 9
97 70
42 61
9 69
19 40
50 23
70 14
96 38
19 93
12 31
35 65
63 25
82 17
81 91
53 10
93 71
72 67
4 1
20 51
20 68
54 24
11 14
83 21
87 44
31 34
83 70
21 61
1 58
69 49
34 58
33 37
44 96
31 2
53 45
14 10
62 19
20 15
72 3
86 27
38 71
44 4
56 99
13 55
75 15
19 35
28 62
43 13
10 76
25 45
10 41
54 96
66 30
57 32
97 6
47 16
26 64
100 77
34 59
11 99
63 49
89 93
100 51
36 67
85 22
96 100
52 52
16 44
97 15
70 46
81 62
74 83
23 61
80 15
88 92
24 96
26 98
25 1
9 39
31 15
80 1
81 15
29 99
57 20
15 16
7 66
69 52
29 24
79 85
3 28
30 18
61 53
48 32
2 81
48 74
21 67
2 26
19 57
84 23
79 93
59 47
9 8
73 74
67 0
96 83
79 88
17 17
19 28
71 16
75 14
85 15
82 6
20 51
58 38
29 1
62 13
50 56
22 5
19 24
22 33
6 80
63 22
55 25
69 48
12 45
66 0
91 60
50 66
40 33
36 85
19 45
2 14
6 40
63 25
74 19
12 60
11 53
45 73
33 6
89 23
5 50
38 80
8 53
68 96
7 66
6 62
45 61
67 89
81 5
13 68
62 19
28 47
36 91
94 39
18 27
23 39
14 71
35 4
99 70
51 0
70 7
59 13
99 67
47 36
51 78
30 2
73 47
42 88
31 23
9 4
97 85
66 38
41 42
82 20
9 65
81 19
86 83
54 25
22 98
26 4
52 11
74 9
42 25
66 1
78 90
7 22
31 9
23 98
0 63
83 79
78 86
8 34
53 15
93 13
4 59
57 20
24 78
41 6
58 92
35 89
3 94
27 43
53 93
14 11
57 0
98 2
23 89
23 86
72 34
59 40
85 83
100 92
74 98
30 96
38 59
20 4
45 94
51 74
49 39
82 80
18 80
23 15
97 17
60 75
66 43
31 97
45 34
71 43
66 46
77 80
41 97
39 40
28 62
56 78
86 3
59 38
72 94
65 79
43 27
26 49
29 15
88 46
50 100
82 85
47 35
96 25
83 9
29 65
67 25
19 66
51 98
37 55
60 21
82 69
83 48
81 71
47 13
27 56
1 79
1 30
11 70
67 25
75 76
88 68
90 67
68 18
47 23
12 83
76 30
98 19
85 51
31 95
24 4
47 83
31 31
11 26
49 41
57 64
46 35
74 35
17 95
95 17
15 93
96 73
99 57
73 80
82 96
18 58
97 36
6 2
32 45
75 88
69 3
38 45
1 17
76 54
44 17
28 21
86 31
28 92
38 100
20 37
63 78
51 40
85 67
21 47
6 54
36 56
88 3
48 94
92 10
64 60
45 75
72 87
68 44
23 99
46 64
29 21
53 89
70 71
100 16
73 39
99 13
19 69
74 62
81 48
89 6
40 85
68 100
36 17
94 2
28 46
39 61
29 11
58 11
36 5
66 53
19 25
44 57
95 97
67 75
39 25
54 23
74 67
24 21
43 24
89 57
25 29
51 70
61 83
54 75
61 91
56 11
65 2
15 73
76 46
41 31
65 18
79 46
21 41
87 56
7 40
100 41
93 96
65 94
81 72
44 49
27 22
45 87
100 53
39 18
86 77
57 9
34 41
93 11
72 88
41 94
97 90
50 90
86 31
19 53
38 82
24 4
20 30
41 88
100 34
11 66
76 12
73 69
0 50
50 30
37 59
5 88
22 46
98 81
18 98
76 49
87 48
16 28
79 4
84 91
59 9
28 60
35 59
61 52
23 77
55 44
32 2
89 29
74 31
82 85
93 94
34 28
0 3
19 37
18 43
86 5
55 54
27 46
96 62
57 41
56 64
0 40
33 90
89 62
35 64
70 86
38 7
73 36
5 46
47 77
13 48
7 79
17 26
45 88
9 88
59 26
64 76
38 26
95 43
11 68
77 39
73 97
0 13
51 49
74 61
47 77
98 54
13 2
6 34
53 32
87 69
91 0
37 19
32 93
92 15
41 23
59 95
7 87
0 29
12 100
82 68
94 78
40 50
26 57
53 85
33 6
1 46
4 81
37 19
4 83
74 65
92 16
55 92
24 37
62 27
61 12
76 11
24 60
21 11
85 41
97 66
93 55
55 26
69 64
19 44
44 38
16 97
66 9
60 57
59 15
95 95
42 80
20 20
97 65
13 28
8 75
84 96
57 82
53 11
86 69
100 84
32 48
40 43
98 34
63 79
100 27
11 52
44 89
87 19
53 49
81 15
26 91
22 67
82 99
68 84
11 43
50 65
15 12
72 62
47 54
78 78
12 26
69 75
12 45
66 27
66 91
47 91
3 50
21 100
90 1
2 25
27 43
80 10
60 93
10 98
45 6
6 100
39 51
19 90
10 32
39 54
33 45
62 52
4 56
2 0
29 70
96 11
56 59
3 77
28 62
46 80
73 75
38 45
30 50
12 50
0 21
72 45
88 19
44 52
93 50
67 28
21 8
71 71
52 37
4 83
57 87
77 48
40 78
33 30
39 92
15 18
34 62
48 72
31 65
71 54
9 25
43 71
84 58
48 50
70 13
60 88
25 30
64 16
56 55
55 30
40 60
75 77
93 36
38 68
67 6
83 12
45 15
24 78
66 22
86 16
88 17
90 87
84 65
54 0
15 62
66 60
13 62
65 53
98 88
0 89
43 63
76 32
65 36
22 97
16 92
74 18
70 29
16 5
83 33
97 45
27 86
15 79
13 55
15 78
57 7
5 79
50 2
90 83
20 65
62 100
60 100
59 24
65 50
43 81
62 55
45 56
40 47
48 10
94 71
56 24
59 31
32 10
87 51
15 7
54 89
49 86
77 94
70 12
25 47
80 49
40 13
75 75
97 85
78 84
95 62
14 40
24 37
5 83
84 100
70 64
99 100
36 90
77 20
67 58
18 73
24 38
91 58
86 56
97 98
76 72
4 5
60 95
61 74
38 32
72 82
74 53
57 49
19 80
4 87
2 84
72 91
64 82
24 20
17 41
97 48
36 91
99 17
43 35
85 36
91 2
54 98
65 3
51 81
87 3
84 73
37 49
1 53
10 11
84 76
32 83
90 29
79 1
59 54
70 69
78 25
46 9
22 44
79 21
100 0
69 36
92 41
51 24
97 4
74 90
66 39
12 86
95 18
100 49
76 80
49 47
86 23
23 92
30 67
42 75
14 90
57 87
48 64
19 97
41 82
16 59
81 78
11 32
47 97
30 80
86 2
43 72
28 66
39 45
12 95
29 76
73 8
12 64
55 57
22 2
17 30
32 74
10 68
39 49
14 55
7 20
37 83
73 58
12 11
0 57
84 80
94 47
90 39
68 57
4 41
43 71
91 73
59 19
96 30
93 50
35 94
5 57
75 42
83 30
60 14
17 28
54 99
73 91
71 48
40 55
59 30
41 16
25 63
33 73
85 33
86 98
74 16
88 62
82 32
27 75
3 94
72 52
63 76
36 43
42 74
35 79
46 54
97 71
69 34
76 67
95 2
5 47
67 45
39 98
88 73
48 58
55 84
24 84
4 2
14 36
37 52
26 5
55 30
47 79
47 53
41 14
53 47
98 92
87 10
2 23
40 22
71 31
16 80
56 67
39 81
30 22
1 12
55 43
69 41
43 32
79 70
96 8
62 73
4 23
42 88
9 48
73 65
50 81
82 12
39 39
60 75
35 55
13 69
91 98
79 62
17 93
62 44
7 35
28 36
94 26
97 57
4 57
49 100
8 34
71 53
91 91
20 74
76 100
22 28
31 28
98 31
54 36
2 57
59 49
41 57
10 86
39 63
73 96
90 52
97 71
61 9
24 24
82 10
2 48
73 31
78 16
4 22
10 100
77 21
61 14
2 80
67 59
40 77
98 46
44 47
6 28
90 70
62 37
38 20
82 81
94 46
68 45
83 33
92 2
83 86
9 84
48 41
34 13
45 16
64 91
70 80
56 98
91 41
53 40
91 49
13 22
26 19
14 8
93 21
51 4
6 23
29 55
97 42
52 73
33 83
89 31
10 47
87 60
50 85
61 2
30 41
89 23
74 35
43 61
69 88
26 19
89 90
60 45
32 70
35 39
37 82
92 59
51 17
88 16
61 31
4 68
99 17
75 12
26 53
94 63
14 86
51 2
88 58
71 52
73 15
32 23
96 92
84 62
21 40
31 8
16 20
48 69
95 7
63 39
57 22
56 94
99 95
49 99
76 58
1 17
70 27
66 86
60 30
73 50
4 35
87 80
91 15
37 64
3 12
98 77
72 33
28 68
54 21
27 10
67 55
40 40
4 21
80 79
87 82
88 61
59 65
57 4
22 28
64 92
3 48
93 40
90 8
29 77
12 66
89 80
94 22
66 62
14 40
56 37
10 33
81 13
22 2
11 67
3 3
30 69
2 35
46 10
99 90
35 97
30 5
86 21
97 58
7 20
19 41
18 1
41 24
42 75
62 7
49 37
61 16
99 56
57 11
65 95
76 39
41 20
77 15
4 66
59 15
49 39
10 39
44 25
28 65
86 7
20 29
12 18
2 34
7 37
52 1
9 15
84 92
33 21
82 22
85 95
57 58
38 53
22 69
77 96
35 87
26 10
70 96
98 19
61 3
88 30
31 77
91 49
63 76
77 30
42 59
44 37
89 77
98 99
8 44
28 82
32 10
44 56
8 70
18 39
76 61
30 42
56 65
65 42
37 29
77 27
32 51
85 8
63 99
75 6
75 28
75 27
0 43
44 81
5 82
38 82
55 37
53 77
84 10
81 8
41 63
32 37
45 43
15 1
87 5
3 3
73 57
56 88
61 9
32 20
44 3
59 84
21 63
95 21
84 64
67 48
67 75
7 58
31 16
6 9
63 86
32 94
47 64
51 3
52 56
16 43
90 0
34 91
15 34
2 84
59 23
31 32
41 92
99 33
96 60
99 33
6 31
37 48
55 72
62 30
86 59
61 21
13 41
3 43
12 30
48 23
66 81
71 65
39 36
99 47
47 56
76 90
91 32
23 59
30 43
80 61
70 14
82 70
56 83
10 64
2 95
8 96
10 2
47 58
15 70
55 88
60 30
35 50
33 43
38 15
8 4
31 42
77 84
43 21
45 56
88 3
50 26
49 69
40 87
77 59
21 81
52 49
57 42
95 76
24 5
8 47
1 65
96 20
97 84
86 81
80 99
64 29
17 96
28 85
39 87
7 39
94 100
7 12
99 90
21 49
95 5
99 83
8 87
10 44
96 66
29 99
48 32
36 31
68 54
29 52
56 92
63 38
46 82
50 38
58 45
33 20
36 69
45 10
62 39
41 36
67 34
59 32
43 2
33 43
53 62
27 82
56 76
48 56
42 95
6 6
30 77
12 16
22 58
40 49
8 63
8 75
25 60
7 27
19 61
63 39
90 80
64 32
30 23
11 75
11 91
21 0
2 97
35 28
79 56
19 78
94 26
8 16
38 74
48 94
38 12
84 18
41 85
58 54
61 19
65 25
27 10
63 70
12 51
38 19
52 45
90 72
22 20
15 27
59 95
78 29
22 15
34 16
32 7
54 41
23 27
43 17
45 18
52 18
10 81
45 45
55 63
47 76
20 22
58 65
35 21
0 76
92 3
98 69
89 97
53 1
4 18
83 25
11 38
43 58
100 5
16 16
60 41
57 28
91 88
63 9
75 44
11 99
2 13
76 73
6 90
14 51
26 47
11 12
16 15
44 14
72 41
25 11
63 20
0 12
70 14
51 98
40 32
60 34
78 69
47 37
76 41
13 1
83 23
4 24
42 11
13 83
81 16
89 4
57 97
66 2
97 94
68 44
45 1
86 60
64 32
38 28
87 26
84 43
50 25
32 9
1 21
17 14
72 33
20 86
69 97
98 47
21 62
18 14
9 97
25 74
24 18
17 33
37 34
35 69
2 100
91 98
85 58
84 27
91 64
14 11
29 44
74 62
7 28
54 73
70 71
74 74
54 80
39 93
23 75
67 62
60 39
58 65
72 63
63 61
79 15
11 35
91 62
24 34
67 4
11 48
4 0
16 37
100 79
41 52
45 94
84 90
13 5
81 48
22 90
64 67
50 47
66 75
24 93
61 37
43 54
23 96
27 72
32 82
55 24
25 15
78 22
91 67
12 78
39 65
74 13
81 65
3 81
23 97
72 97
51 7
11 62
68 60
5 97
95 3
67 17
75 67
94 39
45 75
68 13
11 7
90 19
97 91
31 14
95 22
54 20
75 69
27 59
46 32
63 21
37 80
49 47
42 72
60 18
99 34
71 42
92 88
46 99
73 65
83 97
36 49
1 88
70 62
32 55
96 98
71 2
33 63
36 43
77 65
37 44
10 57
92 61
45 5
38 95
15 44
24 4
10 76
81 72
68 16
68 75
99 84
65 2
31 16
54 94
95 80
29 60
82 18
83 90
68 71
7 19
49 14
39 62
26 80
72 8
5 71
55 43
70 21
62 78
97 67
82 49
0 92
56 36
5 40
54 81
68 24
76 68
41 37
54 55
42 58
61 34
100 8
42 30
13 55
22 23
49 9
34 21
1 54
30 96
98 88
73 24
27 66
16 97
22 83
25 76
73 3
9 31
43 20
35 5
62 28
14 89
53 36
95 33
57 35
18 74
41 25
47 15
49 15
18 64
26 44
100 21
50 72
42 67
97 65
18 28
6 41
44 14
83 51
70 35
31 58
7 24
79 7
98 10
57 75
94 71
82 60
20 19
82 98
43 0
21 12
81 44
90 51
28 48
49 70
75 5
11 33
33 60
5 45
64 4
16 13
56 81
89 17
5 13
58 32
5 86
94 30
38 76
81 24
12 100
61 9
27 92
38 70
79 90
61 92
93 39
77 7
41 42
58 48
83 40
49 16
39 12
58 62
94 15
95 41
29 42
90 19
24 9
44 54
80 47
50 46
56 99
75 92
50 59
76 73
3 52
41 72
97 69
59 71
32 69
38 2
1 18
97 99
25 47
59 81
71 53
66 14
6 87
75 99
2 68
21 63
71 20
39 41
60 34
53 10
46 32
61 42
33 47
24 17
37 17
6 11
37 59
55 52
80 61
81 51
8 94
21 93
77 11
49 21
38 67
100 30
7 86
55 60
63 16
10 29
7 40
91 81
97 25
90 59
97 53
23 59
88 30
18 22
91 5
55 24
54 39
78 70
45 54
27 2
35 97
51 41
46 2
90 100
51 25
85 56
4 60
100 59
18 3
79 1
34 24
18 66
68 67
80 70
56 24
25 40
17 58
97 68
47 43
73 35
93 2
54 63
46 10
52 43
33 37
90 87
66 3
92 41
57 69
40 54
45 15
77 50
40 36
11 53
25 68
43 39
74 87
85 62
54 15
65 22
93 28
87 20
81 48
5 22
28 20
51 12
2 30
44 48
39 45
22 9
71 16
94 34
75 42
54 99
78 24
59 22
67 95
31 35
37 37
76 12
88 20
62 88
81 85
46 44
8 82
15 69
14 67
6 59
77 64
55 46
45 83
44 74
83 86
26 54
45 82
42 23
31 64
33 48
79 33
20 42
74 44
60 0
39 68
10 99
33 49
47 5
30 29
74 23
6 57
21 34
65 44
1 85
77 28
5 44
77 84
33 71
15 3
79 99
11 19
28 84
68 76
2 27
36 66
22 35
75 67
76 19
97 31
62 59
51 31
73 98
14 53
33 45
19 47
10 54
67 64
98 44
70 59
35 1
80 43
84 87
2 64
96 19
24 78
10 71
98 58
70 91
88 36
93 43
76 29
98 51
67 51
87 59
47 67
57 67
74 50
71 38
52 38
37 26
23 77
73 12
37 31
85 35
21 71
35 43
1 76
34 52
95 30
19 6
54 22
21 89
10 55
81 16
55 43
48 16
88 16
49 46
27 5
49 16
24 17
54 45
25 5
96 73
30 17
63 47
91 66
68 6
86 46
95 44
55 8
58 97
16 38
100 81
8 11
76 16
97 40
13 89
20 80
18 6
17 100
54 63
71 36
5 77
86 19
9 42
92 58
45 33
68 59
86 98
60 61
49 43
58 35
33 52
63 48
36 69
87 80
83 53
51 88
95 80
96 63
63 26
86 51
46 92
62 89
48 41
92 69
48 51
56 8
45 61
41 78
25 23
69 84
77 69
70 48
36 71
59 30
28 72
75 29
76 31
73 56
86 86
90 90
97 69
12 35
69 36
95 65
92 18
72 49
47 4
60 100
56 52
28 21
97 12
19 77
100 6
18 9
80 86
88 22
29 73
30 79
0 32
96 98
67 97
11 99
5 51
53 50
96 25
31 0
95 34
82 33
81 8
23 7
63 1
0 81
35 13
3 28
37 95
58 37
45 8
72 74
84 66
15 86
99 11
19 87
88 5
38 78
10 55
78 76
44 42
89 61
76 79
12 67
73 29
9 83
37 43
67 98
4 90
22 19
4 74
68 11
6 50
51 37
65 94
46 16
54 37
25 9
59 91
40 15
74 87
67 91
20 79
64 89
63 17
41 43
85 83
9 36
26 42
96 30
55 14
92 81
55 72
58 75
93 33
97 84
40 94
75 27
42 90
23 90
16 33
7 27
91 48
96 44
1 99
52 89
65 20
28 76
27 18
96 78
2 97
54 62
0 29
37 60
12 13
3 89
51 17
69 55
3 9
75 28
40 25
77 61
29 100
83 49
81 41
23 72
92 18
10 43
21 94
50 92
85 35
50 46
68 41
27 15
44 3
67 48
23 65
64 61
13 38
80 50
94 96
61 94
68 60
34 57
91 3
57 7
50 33
43 47
16 88
67 71
19 77
40 87
100 39
65 28
70 92
59 0
88 50
1 11
43 47
32 0
11 23
17 19
53 99
44 27
64 86
32 19
61 28
34 6
43 36
40 58
76 55
37 58
58 56
75 8
54 93
70 59
73 28
67 54
12 44
9 32
87 83
86 60
24 61
91 95
33 53
75 42
12 29
13 28
81 31
48 51
65 77
59 33
63 77
74 3
6 64
45 16
44 17
37 84
38 59
92 78
70 64
74 91
11 13
90 38
30 89
97 17
48 80
60 13
66 27
91 66
2 73
24 33
79 72
90 17
89 90
14 84
90 30
73 10
74 12
44 47
28 94
73 18
73 18
87 83
78 43
69 17
91 77
75 15
22 97
58 9
70 73
45 39
69 37
51 77
66 3
13 5
24 27
66 22
71 77
73 48
62 6
29 37
46 4
94 0
59 71
51 60
31 56
83 81
0 93
92 98
77 23
82 64
13 64
42 82
73 55
58 45
2 3
93 36
49 58
52 15
63 8
25 69
13 78
42 80
99 42
97 21
88 55
66 93
89 16
55 76
35 10
57 38
43 27
39 43
100 24
11 62
44 62
97 100
8 87
0 10
64 94
41 56
18 97
42 8
1 47
27 24
4 29
89 3
40 57
78 61
18 8
49 4
72 66
59 88
10 97
31 94
1 19
99 84
25 84
26 52
1 3
95 86
83 32
44 23
13 22
86 48
30 78
71 72
57 34
22 28
76 24
74 56
68 61
84 90
13 71
52 40
32 82
98 11
23 76
87 58
98 54
84 49
5 5
92 42
7 69
33 46
80 62
3 72
2 72
60 59
27 39
69 28
62 55
20 0
59 26
92 86
92 68
2 7
35 89
79 82
46 20
20 94
55 84
2 31
77 5
2 4
1 19
9 23
61 66
29 95
55 87
71 62
87 3
31 65
79 37
11 49
53 48
16 71
53 6
35 22
35 94
17 98
67 62
21 42
1 92
87 20
20 63
30 75
37 34
54 77
27 84
91 26
74 2
98 32
64 25
70 57
71 32
27 62
3 1
18 21
59 15
97 57
41 19
79 96
53 64
75 16
48 42
8 60
15 33
36 6
4 15
1 15
25 54
81 24
87 6
61 90
71 59
83 17
82 99
72 3
46 73
77 44
100 60
25 36
51 71
6 36
74 69
59 48
0 51
37 18
37 89
44 92
5 11
14 63
38 21
25 93
68 61
86 75
74 6
74 72
68 48
15 45
34 17
45 13
45 23
85 54
53 49
70 44
92 45
31 25
25 11
48 35
67 4
49 76
81 61
98 56
5 41
89 75
0 81
18 30
62 91
100 0
55 86
67 35
58 27
35 79
60 35
42 66
45 88
14 39
75 52
13 45
82 2
37 5
4 89
79 20
98 27
33 55
32 94
80 47
80 98
17 87
55 14
68 83
38 53
11 38
85 9
35 47
0 70
84 50
91 23
72 80
99 75
29 39
84 1
40 33
83 16
75 98
63 82
21 17
38 62
42 67
39 18
10 63
80 22
95 4
40 22
0 88
53 0
27 57
60 86
19 26
51 74
93 6
48 85
91 23
100 87
44 90
46 88
85 41
55 56
21 98
54 93
38 66
99 51
22 50
36 90
33 8
56 68
90 84
48 9
76 73
33 79
87 14
72 75
57 71
26 82
45 39
25 89
34 87
75 68
69 91
97 63
19 22
57 83
92 66
51 50
35 80
75 67
3 10
31 17
73 31
65 79
17 18
21 100
61 91
26 69
24 4
78 40
72 11
3 61
34 98
15 74
84 28
59 27
49 20
83 28
23 38
12 66
29 43
85 5
96 57
42 32
98 76
28 68
25 74
12 55
92 17
45 100
59 86
96 43
20 39
1 83
30 17
75 22
90 67
83 99
66 89
34 80
97 91
76 82
47 82
74 29
42 57
10 20
0 75
3 48
8 77
4 8
91 95
25 38
98 87
17 69
25 9
33 6
75 76
25 53
60 42
63 45
63 29
8 5
30 7
43 57
57 13
67 10
55 26
47 6
7 26
87 97
88 84
33 25
47 3
90 51
39 10
47 18
71 22
10 88
88 21
65 32
20 42
29 40
85 69
85 22
43 13
85 27
10 6
49 22
93 5
15 81
47 35
32 12
60 77
56 15
76 73
97 36
16 90
99 98
100 49
62 14
28 17
43 26
22 37
15 2
13 57
15 74
22 64
64 12
99 14
60 82
77 49
29 65
90 52
70 67
25 52
44 4
90 30
44 3
76 1
1 48
59 55
18 31
77 46
93 24
52 79
72 3
2 42
61 52
95 61
11 43
27 23
58 47
99 26
83 78
64 78
81 60
40 72
21 3
0 60
100 20
24 77
60 64
29 73
25 63
0 89
78 87
72 99
82 48
23 74
65 32
74 8
35 60
5 30
9 4
37 60
12 30
24 43
63 11
10 87
64 67
63 84
99 48
80 84
24 97
53 3
60 86
76 80
92 22
31 61
24 30
34 69
65 43
45 58
69 20
31 36
39 43
67 94
84 77
98 4
93 90
12 67
68 46
80 69
55 11
29 15
26 53
15 43
96 52
82 28
87 38
97 3
54 7
8 96
99 84
95 63
26 66
81 96
100 74
95 95
51 6
64 90
87 59
37 48
95 46
0 60
4 82
1 40
98 74
67 2
23 66
73 98
77 53
81 3
92 53
61 98
6 79
66 71
79 35
68 76
78 25
40 32
2 68
91 75
4 4
55 94
17 36
53 73
81 60
23 95
29 9
47 41
2 75
22 85
32 13
71 57
40 62
39 7
18 36
19 64
54 83
70 46
21 86
85 38
75 69
100 95
52 96
70 66
100 26
21 75
94 59
96 53
65 87
19 14
4 88
56 33
15 3
94 14
36 78
32 46
61 81
65 78
37 80
3 43
40 38
67 8
17 98
58 23
53 27
72 73
94 28
79 49
69 32
62 7
70 70
28 38
0 49
22 63
13 63
91 32
51 31
73 58
67 64
79 100
43 73
52 29
80 68
52 21
73 31
2 48
68 13
41 78
16 23
99 98
22 87
19 74
0 40
20 70
53 83
98 23
7 65
62 43
13 93
22 65
86 18
15 5
14 21
44 80
52 81
2 39
73 13
94 37
60 19
47 30
23 95
75 24
24 59
37 78
37 61
1 47
25 92
10 8
37 69
11 22
16 30
85 13
58 55
77 53
91 68
39 47
67 16
45 80
8 74
15 60
12 93
65 88
14 86
58 27
95 30
19 12
90 21
75 65
29 59
23 75
48 53
68 17
36 41
42 1
77 29
16 0
26 35
91 18
10 15
25 73
32 12
40 90
21 8
86 0
10 32
28 84
4 74
55 94
26 83
10 38
1 53
46 1
81 45
45 97
77 17
21 42
44 62
40 93
87 69
86 81
77 12
39 77
24 57
32 32
94 17
68 67
90 11
30 12
1 24
2 4
46 10
43 39
39 78
81 96
51 27
93 97
26 5
63 43
64 77
4 37
97 71
96 7
46 51
39 7
59 81
79 26
23 53
28 46
96 23
53 8
31 33
12 36
49 73
35 86
52 2
22 18
98 8
22 99
14 87
39 81
58 49
43 98
26 42
89 30
2 50
2 16
24 24
20 9
15 39
6 86
78 66
71 22
13 10
84 65
0 90
4 80
1 51
44 10
31 74
81 75
54 52
46 87
6 23
93 4
38 2
43 4
18 6
67 98
63 51
55 60
62 33
24 95
91 13
10 26
39 12
15 97
63 0
51 90
43 95
73 6
4 33
6 66
61 40
93 86
89 41
42 47
76 3
69 66
7 24
16 1
50 33
15 4
17 21
93 71
38 4
70 2
35 55
60 17
64 4
14 51
34 42
74 56
15 60
83 89
58 74
99 18
56 48
84 71
43 99
60 95
13 0
53 68
98 57
97 61
72 98
6 32
67 50
61 52
58 62
14 83
37 91
48 94
34 33
29 16
30 36
14 63
43 76
17 49
51 63
68 90
62 15
64 1
80 11
56 22
10 76
70 19
74 34
61 67
40 29
73 23
22 60
31 3
88 77
15 24
50 76
70 66
88 29
90 86
78 92
26 53
82 9
15 29
62 42
14 26
54 63
32 97
82 10
37 3
93 88
72 15
12 17
46 73
63 50
13 36
39 59
15 97
26 21
71 21
84 18
57 51
12 80
97 67
54 69
68 69
16 30
87 24
95 72
6 43
56 86
16 76
78 77
19 87
42 1
42 49
98 51
27 47
36 48
41 73
1 2
14 30
92 24
43 81
62 1
46 79
81 57
61 82
23 37
46 21
32 30
7 42
45 10
70 93
97 11
100 61
76 33
9 7
10 2
68 96
21 15
89 100
35 34
36 76
12 14
76 68
93 83
68 67
52 9
49 38
98 93
30 86
25 80
66 91
89 59
81 49
83 99
31 60
54 96
31 11
74 69
79 20
89 69
80 84
5 45
42 54
88 43
52 83
42 35
7 86
40 91
84 19
47 33
52 31
62 5
67 17
34 97
30 26
5 48
33 54
19 65
78 81
73 99
58 70
28 35
38 32
30 19
58 12
32 50
100 69
68 92
11 28
27 13
23 59
84 80
41 78
34 45
33 38
35 54
3 79
77 41
29 10
67 36
11 26
70 96
30 38
43 32
12 77
7 35
55 87
99 98
12 17
95 98
1 23
2 77
21 7
81 84
58 77
46 70
79 4
19 66
82 11
57 77
0 59
12 32
59 83
54 36
36 88
94 78
80 76
82 18
25 82
60 80
32 41
40 27
88 92
20 40
99 80
40 61
96 21
34 31
22 26
42 99
51 42
68 37
33 80
75 29
45 100
94 44
22 17
4 99
21 25
45 97
1 12
14 11
5 12
76 8
16 48
96 78
8 93
46 41
34 71
36 83
6 15
26 3
34 99
0 46
53 5
56 1
54 40
73 48
76 40
69 11
48 33
54 11
1 53
53 61
72 85
33 36
94 38
13 28
28 31
67 2
21 34
67 40
27 32
26 92
68 27
67 58
59 61
86 22
12 15
25 58
85 13
45 9
31 49
3 4
80 26
32 42
6 34
66 5
27 15
68 54
55 10
67 98
73 4
21 7
69 12
32 90
13 9
50 80
55 91
3 2
17 29
31 20
34 93
18 3
81 78
3 8
58 11
56 64
14 22
81 8
22 53
43 83
70 82
34 36
43 20
90 54
18 67
21 11
69 68
42 88
90 44
90 12
53 7
79 6
35 100
71 87
7 24
26 64
0 73
11 86
10 61
92 57
41 55
26 26
14 19
68 89
64 94
93 86
75 89
28 39
80 55
64 28
38 89
93 81
88 28
29 52
93 35
62 60
100 28
45 6
43 40
37 31
42 34
11 12
3 62
11 30
57 32
93 48
62 48
81 50
91 54
67 57
70 24
0 14
34 66
33 35
7 77
100 40
42 93
6 1
18 87
40 46
10 89
78 40
19 52
88 52
56 18
83 93
36 50
93 26
57 3
90 9
98 23
98 56
26 79
50 86
41 90
19 23
79 24
89 62
17 1
0 24
6 45
25 86
54 12
46 39
32 90
92 27
51 81
78 72
47 23
5 48
46 17
54 61
7 73
23 20
77 89
13 45
26 35
5 0
49 55
40 24
32 53
6 71
62 48
18 8
18 65
70 32
90 60
99 27
42 68
5 90
8 84
63 21
94 30
54 70
15 1
88 18
30 8
35 1
83 11
7 69
58 86
27 3
12 39
4 23
67 65
75 27
77 13
50 66
70 52
61 96
46 69
73 4
35 17
91 9
75 28
60 25
4 58
95 89
76 47
53 46
97 21
50 46
28 13
78 41
13 97
32 95
88 73
10 33
84 54
1 51
7 68
33 52
49 24
19 21
77 5
16 71
62 29
4 76
59 18
7 68
98 37
1 87
58 76
79 16
97 99
4 56
4 38
8 57
98 96
83 14
28 90
2 41
100 87
60 100
55 63
61 8
34 0
72 2
38 74
16 28
94 82
28 7
100 25
89 95
50 60
75 13
34 63
77 35
45 39
48 57
90 7
17 48
92 1
64 19
48 98
63 25
35 30
85 81
35 94
2 47
77 29
91 21
74 48
43 55
2 35
84 92
67 47
29 57
98 40
36 83
96 99
3 79
7 60
39 61
7 4
75 32
48 79
64 73
58 70
38 53
73 89
8 55
24 29
47 18
62 19
79 2
12 51
38 76
51 15
29 81
34 63
56 30
51 27
1 23
63 2
82 97
16 50
99 91
9 49
49 77
70 48
56 55
92 71
67 67
16 92
27 32
46 48
7 36
84 86
43 40
52 49
36 82
14 92
63 22
52 49
98 23
73 7
100 0
75 51
70 42
71 32
17 90
36 0
2 73
81 10
43 5
47 29
6 71
0 76
23 17
71 77
67 20
35 5
9 57
18 48
72 71
96 54
56 58
39 58
97 52
98 72
71 29
95 62
38 60
70 8
13 35
72 35
53 74
98 5
44 87
10 26
67 100
43 70
31 19
20 75
33 10
41 35
54 45
88 47
72 99
22 19
91 47
95 7
67 30
62 93
6 22
47 80
92 51
79 30
62 69
99 95
76 50
61 10
79 53
3 60
75 86
66 49
86 53
89 39
3 57
16 94
5 93
41 1
47 68
45 1
13 91
62 86
23 22
59 85
93 10
52 7
17 3
98 29
90 55
8 46
43 74
44 28
99 64
47 68
15 64
72 20
82 81
17 42
68 14
54 15
56 41
46 55
54 32
37 20
43 25
19 19
67 22
58 72
71 54
80 25
28 80
41 85
86 88
91 17
86 77
22 60
64 77
75 60
63 13
7 9
85 26
35 100
7 98
92 24
35 53
96 59
72 49
19 19
28 38
97 87
0 16
76 52
40 72
53 17
27 15
81 49
84 14
30 59
55 90
54 33
11 85
13 98
39 57
56 32
68 43
44 99
5 42
41 83
1 39
17 12
33 28
79 97
83 1
8 36
54 70
76 20
99 22
13 97
73 49
93 91
94 14
27 4
71 81
50 70
73 73
97 59
41 48
62 51
71 56
5 37
82 52
84 41
54 5
70 33
12 26
66 82
17 37
94 43
72 69
14 3
89 3
44 68
69 76
49 9
14 6
26 49
43 39
70 73
75 26
64 1
74 6
92 60
41 8
43 74
77 8
72 81
45 63
75 86
91 80
51 2
94 22
14 69
7 10
85 96
47 33
41 24
72 22
7 98
27 87
47 45
65 38
71 1
80 17
30 28
33 35
87 8
66 18
16 41
91 53
84 96
22 45
48 14
1 41
25 12
91 71
56 61
99 73
60 50
28 29
30 87
28 78
68 40
55 63
71 49
80 83
80 34
14 64
26 94
2 16
57 36
3 34
61 55
52 41
93 85
69 61
0 15
89 28
3 19
71 95
67 42
40 47
77 2
3 93
90 52
41 29
34 9
74 33
86 0
45 8
71 65
90 11
12 75
93 63
3 58
12 78
79 15
12 90
57 7
90 11
39 94
18 68
4 60
97 92
35 16
4 65
46 64
94 22
34 54
40 78
58 57
5 92
19 28
22 30
2 28
17 42
13 25
60 28
36 48
30 58
77 51
61 7
19 35
63 51
82 92
92 18
47 66
12 69
9 24
23 100
20 70
89 70
70 47
74 26
85 80
68 40
17 75
96 33
17 29
62 45
10 11
25 90
20 49
88 54
74 78
73 7
19 59
35 31
76 57
85 56
100 58
41 32
50 19
25 93
58 61
30 96
49 4
84 78
100 59
51 53
18 70
63 17
41 82
16 36
82 94
44 74
74 78
34 73
84 72
99 90
0 96
67 57
12 70
93 53
49 73
21 79
46 30
100 10
74 67
61 11
88 36
8 29
5 21
12 71
84 22
13 25
10 75
88 89
71 88
12 0
10 71
86 8
21 18
71 89
83 84
46 21
78 84
55 72
68 99
18 59
16 40
41 37
44 73
36 87
85 82
56 12
6 73
70 46
16 6
13 100
97 37
68 41
0 32
22 79
62 7
3 96
46 14
69 75
11 78
89 1
44 76
43 6
14 37
8 42
72 86
62 84
32 48
83 83
91 43
30 99
77 37
34 86
10 55
38 24
70 37
51 71
17 1
48 32
77 11
70 22
19 1
96 78
98 32
10 9
31 22
27 44
65 31
64 50
76 4
48 74
27 45
92 66
53 25
19 37
40 33
45 50
65 21
97 12
29 8
69 46
38 57
32 33
3 38
0 52
40 67
33 97
85 84
77 30
50 86
80 2
79 97
73 48
68 80
16 83
59 73
47 32
63 25
3 89
50 68
58 62
43 58
7 80
72 58
18 6
44 55
57 37
35 9
69 96
76 31
75 6
93 10
29 19
5 18
31 36
97 64
7 34
83 52
81 45
58 41
99 88
78 16
17 84
6 86
99 25
61 70
35 93
96 1
85 55
44 63
91 63
55 18
86 8
57 12
35 79
46 40
41 80
8 98
76 11
49 45
42 33
48 46
66 87
91 35
66 89
85 47
5 15
34 81
51 18
17 83
15 0
98 50
84 37
49 60
57 5
88 64
17 27
69 46
39 32
15 89
97 23
74 55
39 58
8 22
18 23
76 94
36 71
85 15
67 62
30 37
56 61
0 79
26 46
3 56
59 88
8 56
100 67
50 32
18 25
51 47
78 92
35 18
69 44
95 99
5 15
38 93
55 78
24 90
67 98
37 39
6 59
38 33
41 89
32 93
38 53
86 69
51 95
71 19
90 71
46 93
78 35
69 68
67 16
15 15
87 46
70 94
41 3
12 39
33 47
66 91
17 38
4 38
16 41
15 35
95 23
29 84
77 22
79 61
3 12
100 81
8 97
71 11
54 12
83 50
10 23
73 75
100 5
63 6
66 18
90 66
6 34
37 89
79 91
100 72
57 50
77 20
74 14
81 60
82 47
6 47
0 0
15 47
90 93
100 23
63 24
28 62
31 33
26 48
100 60
56 16
9 81
14 83
35 47
54 74
84 88
58 54
39 69
15 83
94 16
7 33
74 55
52 98
90 34
2 56
16 4
36 17
95 62
82 69
59 37
60 9
63 97
89 9
26 54
91 21
21 46
45 49
76 90
85 6
86 97
10 20
85 2
64 52
8 2
30 1
40 8
12 18
7 42
72 38
59 40
29 48
71 4
91 63
22 48
75 57
89 52
99 12
69 41
69 8
7 74
42 62
9 23
48 45
98 25
54 99
69 83
54 90
3 41
72 32
79 83
14 62
85 78
87 7
67 94
44 16
59 74
26 71
89 19
3 78
66 8
43 77
39 71
8 14
59 17
87 70
57 46
80 69
28 1
98 79
63 10
83 99
40 55
94 29
96 59
98 11
3 1
1 16
85 82
95 72
63 37
64 59
30 60
42 16
92 87
31 82
87 5
20 27
40 56
44 35
31 22
64 1
9 39
48 31
16 62
72 76
64 87
94 71
2 48
15 53
39 72
48 77
10 97
99 11
92 61
2 80
30 78
64 84
90 47
47 99
67 21
16 26
41 37
81 68
100 35
34 7
34 78
62 53
82 34
32 85
31 95
76 23
74 76
11 35
44 86
97 82
92 60
31 10
4 75
18 65
95 10
73 56
48 86
1 12
14 7
86 90
9 43
1 9
79 55
100 16
3 32
91 40
2 70
71 80
45 72
18 76
14 55
69 88
11 19
1 43
43 56
3 36
71 93
29 17
46 74
49 70
54 67
15 49
33 85
84 45
52 60
32 28
55 79
40 51
52 88
0 52
61 83
91 67
99 39
47 59
36 27
39 29
64 97
73 82
93 44
77 100
65 82
45 9
48 7
93 89
55 74
81 37
52 42
31 44
41 81
74 37
45 21
6 12
55 92
31 20
48 56
95 17
43 44
67 17
21 26
22 91
67 46
77 47
6 34
83 92
27 64
33 99
23 74
11 99
100 2
45 55
62 29
34 20
26 74
86 63
17 2
8 12
1 9
78 30
66 0
4 32
48 17
8 65
75 29
58 81
0 58
42 65
2 33
54 82
47 10
55 42
62 26
89 23
0 73
36 47
18 91
85 10
98 60
41 62
45 63
86 97
21 79
9 25
96 72
9 67
57 62
62 78
75 24
86 14
38 56
85 45
49 32
9 78
1 44
80 94
25 94
78 60
65 34
99 6
59 75
22 16
27 26
64 22
55 73
87 67
20 71
22 27
60 5
99 36
71 58
84 13
94 21
6 49
10 5
72 56
53 67
38 63
16 91
99 33
20 59
61 79
64 64
26 41
79 51
36 52
76 98
33 31
78 12
14 95
72 11
55 74
97 2
89 51
88 36
8 10
70 11
38 21
91 96
93 40
33 93
2 94
2 16
35 14
99 88
91 40
54 82
87 6
7 18
16 96
62 43
41 95
90 91
58 59
22 95
36 95
72 17
51 100
96 50
63 13
43 78
66 31
11 58
21 47
14 47
41 93
49 57
2 48
47 66
19 73
45 4
62 82
62 80
48 0
50 81
73 79
85 68
79 48
28 61
51 50
89 12
22 17
40 25
53 39
93 67
76 75
45 100
45 75
63 71
55 99
99 9
43 15
38 86
30 83
87 11
89 93
5 20
12 8
34 44
20 11
85 42
23 45
92 92
8 65
20 98
99 16
54 44
86 7
43 70
28 48
2 77
21 87
77 82
11 89
81 26
75 99
65 6
15 11
77 91
69 31
0 61
68 0
48 57
85 70
45 45
25 97
6 48
0 51
66 22
20 73
64 83
77 28
80 53
56 30
39 58
42 47
86 93
57 0
18 67
40 7
30 77
29 43
54 76
35 14
0 46
79 66
62 100
69 7
11 53
57 28
29 37
39 29
89 3
40 97
52 15
1 3
86 81
90 81
35 26
53 9
87 51
75 46
39 82
59 41
77 88
6 26
26 33
37 98
63 45
94 45
53 13
10 91
61 44
64 92
59 78
56 91
78 76
73 87
73 89
30 98
65 95
59 14
94 68
17 75
64 87
66 23
37 18
48 14
91 24
69 65
52 89
57 74
70 76
32 6
38 92
29 20
92 60
43 99
72 36
100 54
28 76
49 18
99 2
22 35
52 29
11 15
41 97
23 97
69 33
4 40
24 8
49 7
96 67
54 75
9 57
88 25
32 84
24 23
13 60
70 62
29 80
20 13
69 85
10 59
3 93
40 55
98 20
41 17
66 82
40 44
79 76
77 100
18 20
56 87
33 73
97 13
55 16
43 12
43 51
23 19
83 49
89 87
39 79
12 49
85 51
20 33
88 30
87 6
93 4
56 2
74 40
34 95
33 54
27 10
66 55
5 9
59 23
52 63
21 31
23 42
44 8
81 27
64 68
27 66
73 57
50 81
86 96
0 57
2 74
85 46
38 92
37 15
85 65
93 5
36 28
12 9
67 83
12 7
94 54
63 40
16 64
26 4
15 8
34 24
84 25
0 16
22 76
91 64
45 39
9 39
25 21
56 78
82 68
85 32
15 91
21 64
80 18
55 53
98 9
12 6
21 23
13 50
46 41
47 63
41 56
4 72
60 4
28 94
92 0
9 33
25 57
90 83
35 34
13 27
81 23
46 59
60 75
44 0
97 3
71 7
58 46
95 58
23 32
55 68
76 98
35 68
39 34
52 54
97 85
78 16
43 3
36 93
82 4
99 21
23 29
22 18
25 75
91 62
78 43
12 69
59 51
10 71
83 90
20 2
28 83
25 83
67 48
29 60
32 33
58 23
89 43
9 76
92 99
53 22
47 29
21 26
20 58
44 59
95 33
1 92
30 87
43 100
86 43
45 80
56 29
70 43
86 24
68 70
26 72
43 79
47 35
10 77
85 45
20 8
92 23
7 61
53 90
86 16
62 64
83 24
78 82
11 9
44 41
4 73
6 99
80 59
76 23
42 35
91 36
37 56
55 15
57 49
30 39
21 15
25 32
33 82
30 71
62 38
82 90
68 15
20 51
64 62
3 53
75 66
41 77
48 44
43 14
92 98
35 9
55 28
78 43
77 73
40 30
54 95
52 96
66 54
91 23
43 85
8 41
17 76
53 82
68 52
12 60
96 74
72 44
82 38
63 78
42 11
34 93
82 32
58 61
71 10
63 45
22 6
51 16
81 64
54 43
46 45
69 51
70 24
62 86
46 77
46 7
79 19
66 17
54 93
10 68
9 90
80 31
7 89
93 91
10 77
77 7
59 86
63 54
83 54
41 16
68 43
16 24
45 41
14 60
21 45
17 9
69 93
16 89
43 10
17 5
4 67
62 97
17 62
2 39
32 78
74 45
93 80
45 70
37 93
15 30
31 7
3 17
53 13
67 93
34 63
21 84
47 91
73 57
51 61
100 37
83 62
55 37
100 90
73 20
97 99
13 37
76 5
98 24
54 10
23 70
1 64
7 50
29 33
41 24
15 94
80 5
33 17
35 78
28 4
65 76
32 24
18 28
28 48
94 74
77 55
93 63
19 64
28 25
12 13
54 94
8 17
19 2
88 53
76 93
22 55
30 69
37 20
96 98
57 83
15 38
85 11
59 18
4 53
41 41
51 83
97 40
54 60
83 61
35 71
95 57
87 53
19 35
83 58
54 2
37 90
4 72
58 85
17 49
9 91
93 51
13 50
24 23
76 29
98 52
45 34
24 2
65 4
62 87
77 57
69 90
69 21
88 7
19 90
43 80
27 15
28 47
24 90
67 59
48 46
5 33
44 1
25 23
1 29
55 41
17 77
57 85
67 19
19 15
99 71
40 61
68 10
91 74
53 45
24 83
44 89
11 52
89 14
37 49
20 56
17 11
9 84
78 47
50 19
73 34
92 55
34 10
35 70
73 45
87 87
5 9
7 61
49 88
38 21
72 6
76 35
77 78
19 44
65 94
24 84
64 3
1 69
95 52
3 4
17 74
81 90
74 52
99 93
0 15
20 40
49 7
80 81
34 44
94 30
6 88
81 68
3 59
44 18
30 15
11 84
16 48
46 96
39 81
9 96
46 30
65 88
32 19
20 27
84 44
47 43
30 66
7 16
91 53
70 92
61 20
84 46
42 33
64 77
57 52
59 46
75 0
36 47
18 96
46 67
74 50
97 65
6 58
65 24
25 43
4 91
17 99
41 64
85 5
86 14
82 66
72 78
63 63
13 16
62 30
32 71
19 66
65 49
92 66
35 57
6 65
61 74
85 2
62 4
0 61
6 2
13 69
67 61
6 88
45 88
56 43
44 43
84 88
82 36
53 21
49 72
2 87
6 32
55 78
63 90
21 99
86 100
19 62
64 68
53 43
4 30
80 1
19 37
52 6
19 48
80 47
67 14
75 34
77 27
92 39
46 12
29 47
79 29
39 76
0 9
90 71
99 44
61 63
38 18
3 69
70 95
22 93
4 60
37 54
0 48
45 39
40 43
21 55
56 63
28 61
3 54
23 27
52 64
52 3
25 35
1 65
68 18
82 67
27 29
8 77
79 18
44 52
96 73
35 0
24 62
24 91
65 75
91 98
73 45
98 17
12 94
4 0
13 4
43 25
58 51
64 63
51 80
11 82
83 12
61 70
80 81
12 14
55 31
54 9
17 25
9 77
37 14
16 70
96 90
69 69
91 11
59 82
36 40
98 20
39 54
97 24
5 33
63 52
95 4
7 75
85 95
11 73
16 22
85 33
64 37
46 1
12 43
70 94
66 27
33 13
92 86
26 64
100 53
37 47
14 58
68 75
34 14
67 74
39 51
19 84
77 61
18 12
8 85
23 49
15 27
61 3
53 45
17 20
24 32
78 22
32 19
71 65
37 10
46 1
41 59
71 62
58 47
18 98
5 64
73 55
97 26
90 83
8 92
5 32
12 0
56 37
8 56
46 41
82 66
28 99
84 90
98 45
92 21
12 88
61 48
49 95
31 54
48 75
39 67
73 87
55 98
15 29
71 89
28 71
3 1
33 24
94 76
56 61
26 83
35 88
98 70
47 18
79 90
79 22
51 23
10 88
40 68
35 10
66 13
10 28
29 69
7 14
3 32
82 95
46 29
87 89
82 37
71 35
43 56
66 96
8 85
14 11
80 38
10 41
22 35
41 50
27 84
58 6
3 61
30 79
99 46
27 79
95 10
8 44
51 60
66 10
94 50
87 26
89 29
14 16
22 91
66 64
19 8
48 28
25 4
67 82
55 32
57 7
84 59
35 95
75 10
48 30
17 18
34 47
96 37
58 99
6 0
49 100
79 3
35 58
49 34
98 68
66 64
2 46
55 85
82 97
43 38
4 41
96 31
28 10
68 49
99 42
5 67
59 83
3 80
62 62
98 35
41 9
90 50
35 46
72 86
54 12
29 59
92 12
64 50
65 70
17 15
37 53
3 72
55 26
90 89
50 43
61 40
39 60
26 53
2 19
71 52
90 78
40 82
46 89
33 33
97 46
64 66
90 44
15 28
84 24
59 30
56 50
80 18
29 30
70 77
71 30
95 63
87 17
88 24
41 12
16 99
0 62
93 39
91 63
65 28
43 39
66 51
36 36
17 26
86 72
30 60
33 24
83 32
20 45
58 34
41 88
22 7
79 78
76 40
49 98
86 98
2 8
54 46
54 47
62 57
91 97
85 6
47 77
50 70
78 63
77 17
19 63
70 86
95 86
89 64
22 77
20 26
17 5
9 52
44 44
37 94
73 20
70 72
14 62
30 37
25 51
36 8
47 8
11 88
88 1
73 69
22 53
31 54
52 26
78 84
71 73
83 8
89 75
87 50
77 57
94 49
47 70
49 67
49 27
70 11
41 58
19 0
33 63
11 49
2 67
38 45
39 75
76 3
84 91
82 42
41 60
77 53
84 98
40 84
28 96
91 17
42 84
76 0
16 29
43 53
64 26
13 0
19 31
39 14
48 91
91 13
75 16
63 30
85 7
7 47
13 19
41 10
73 64
80 24
77 6
65 12
12 78
93 55
3 61
81 29
64 7
34 47
43 45
33 79
12 77
75 29
89 68
21 2
19 95
11 11
29 88
16 1
70 41
86 24
8 39
54 97
46 45
68 88
64 70
25 1
91 57
12 67
54 47
13 62
8 6
92 78
66 30
62 96
50 45
57 45
6 27
33 53
43 80
41 100
38 29
15 74
99 1
73 6
56 45
25 69
51 86
19 29
97 42
42 83
77 10
8 45
24 99
26 88
0 92
53 68
54 12
17 41
82 78
99 82
56 74
61 26
86 57
19 75
25 79
4 37
86 31
43 35
18 99
38 99
39 50
43 39
14 95
29 15
83 29
8 80
22 84
97 74
67 79
49 84
6 54
91 70
94 3
39 8
94 40
56 93
6 13
68 80
16 87
29 45
43 99
7 49
36 82
52 63
22 96
59 25
81 77
38 86
12 59
39 31
98 84
13 90
22 40
27 95
9 52
64 66
42 24
36 10
100 54
47 9
15 45
53 12
86 1
72 67
35 83
91 19
7 37
23 89
23 65
24 33
16 66
85 31
22 16
57 92
23 1
28 20
11 89
70 73
61 34
22 70
15 75
11 59
5 47
4 83
64 31
80 21
20 62
10 51
22 13
31 62
31 60
11 14
19 75
67 14
88 37
67 66
14 47
48 6
12 60
26 42
34 56
79 3
26 95
85 96
22 23
48 85
93 41
17 54
76 22
98 99
70 43
35 53
21 87
43 1
38 91
34 35
7 16
17 23
82 55
49 14
10 64
11 97
13 14
67 95
6 53
58 15
14 22
27 26
51 99
30 97
19 97
76 13
33 74
75 73
100 66
39 93
10 57
83 17
84 100
45 72
12 5
57 35
97 39
43 43
35 13
49 12
14 70
77 9
58 45
47 56
100 87
97 3
69 58
43 6
82 28
4 67
12 54
63 56
43 8
98 75
20 78
78 42
10 48
75 60
26 12
98 88
80 18
13 85
99 69
98 31
76 74
73 69
22 87
16 82
99 96
3 43
62 73
3 58
79 24
10 62
87 92
0 47
97 70
39 9
100 66
78 28
70 7
94 32
70 11
64 87
88 32
70 0
89 31
25 98
58 4
37 37
4 64
63 37
98 82
15 57
26 74
95 30
92 53
48 29
12 23
59 38
64 20
38 20
68 58
55 43
16 20
64 74
35 52
74 18
52 56
36 85
74 0
9 77
46 2
30 97
6 52
92 27
53 33
67 49
99 55
98 22
14 62
83 69
55 2
29 93
12 74
87 40
11 43
98 32
20 2
7 78
30 68
15 6
1 18
72 84
40 80
39 31
71 64
6 50
19 33
87 14
48 9
58 62
14 23
85 31
48 2
74 53
3 100
57 52
17 17
72 92
53 11
21 22
0 100
11 48
46 6
74 100
23 48
41 9
89 43
66 8
60 80
38 2
45 68
9 68
54 21
25 39
29 15
3 48
89 81
97 19
27 14
19 87
63 73
95 86
56 53
96 74
80 47
47 22
52 26
69 15
15 92
73 22
13 45
23 24
7 17
1 23
75 54
26 88
87 85
36 58
95 82
6 13
36 16
92 85
49 92
25 76
62 20
6 56
59 50
9 26
27 15
64 92
67 63
9 5
95 46
21 20
45 31
21 4
2 21
71 66
19 72
78 93
33 42
30 31
1 92
63 92
85 49
94 94
76 77
73 29
86 84
21 38
46 10
95 73
63 90
98 60
90 77
46 22
15 49
2 99
76 90
97 29
88 94
55 70
14 65
36 95
73 60
93 34
73 66
38 60
49 66
99 92
52 93
43 0
17 49
19 14
49 23
81 61
39 89
100 98
87 27
27 56
28 60
83 69
88 76
95 42
4 48
60 90
40 27
86 62
92 74
55 4
60 25
23 21
30 12
11 33
64 68
49 48
90 20
90 47
39 67
35 50
27 49
34 26
0 44
97 91
37 50
25 81
15 22
40 8
32 80
82 20
30 100
64 8
87 85
85 61
5 24
11 56
82 31
43 21
63 61
34 53
40 95
17 60
93 48
91 80
52 62
18 55
96 38
9 81
80 98
86 21
72 10
30 34
84 32
30 5
41 43
55 2
13 15
41 91
5 32
42 66
21 74
93 28
96 98
48 55
89 93
50 41
27 27
54 69
80 30
16 84
62 2
17 54
39 41
40 95
82 13
74 92
41 54
20 60
3 24
53 73
70 55
6 38
27 74
16 37
9 12
96 70
13 7
72 95
86 25
13 64
86 49
68 68
32 66
69 72
71 25
10 96
18 29
75 5
96 22
93 92
88 13
49 75
83 15
50 92
70 25
86 17
23 58
96 57
48 6
92 41
86 55
2 14
89 37
69 100
56 17
23 99
70 20
15 74
24 85
73 20
25 96
40 68
7 5
54 23
11 26
60 66
1 49
14 91
46 1
46 2
63 74
10 100
62 40
95 6
17 8
67 68
5 80
35 85
0 18
79 97
45 0
98 78
90 30
46 75
38 47
23 16
38 68
59 84
17 2
31 74
54 64
64 42
33 11
66 60
42 44
65 23
64 4
58 35
48 98
14 34
42 2
79 38
59 97
11 81
48 89
45 26
59 61
18 65
70 61
79 58
31 6
64 85
21 76
40 17
53 23
100 53
65 58
80 54
62 88
48 67
56 97
68 81
59 93
85 77
21 27
48 54
63 92
25 66
26 96
41 35
44 8
5 45
66 14
28 67
4 27
78 82
79 77
87 13
80 6
12 25
0 99
20 45
69 50
81 41
20 35
85 66
94 45
10 30
93 28
90 77
90 2
42 30
81 25
89 40
72 34
12 4
99 64
20 72
87 7
86 84
20 12
65 43
91 85
11 70
1 79
90 97
61 22
5 86
13 12
86 11
47 70
10 35
96 62
39 69
96 53
20 94
5 47
24 40
82 67
27 24
29 15
51 53
36 34
67 41
93 42
74 100
85 97
26 84
43 47
88 41
16 47
90 30
72 95
37 70
89 52
86 64
31 60
8 11
49 0
18 87
47 71
24 67
66 5
56 96
94 58
61 35
19 38
49 30
22 92
64 4
85 94
48 3
45 11
49 71
58 64
75 21
24 15
55 21
22 33
49 8
43 49
5 9
24 22
78 2
5 0
90 56
80 97
87 72
38 78
0 72
21 74
38 1
55 79
53 40
68 73
2 43
55 70
33 70
26 37
18 10
69 14
43 79
54 73
92 82
0 66
38 57
36 85
72 20
93 55
46 31
62 0
30 49
6 59
36 70
41 8
3 84
32 18
62 34
8 82
6 31
17 63
57 3
36 23
98 1
38 0
41 48
52 95
34 72
11 90
31 38
80 94
12 99
59 85
96 27
49 2
10 63
48 32
39 44
22 5
73 15
45 12
67 98
92 14
68 60
34 79
11 44
8 94
59 66
97 55
30 25
0 79
13 29
50 81
4 41
67 91
67 81
31 70
39 1
63 54
45 46
10 19
89 79
64 96
27 58
42 15
14 44
15 99
68 8
11 3
91 50
28 36
5 6
47 17
73 4
35 32
14 16
17 73
87 27
7 51
36 58
78 72
34 26
100 98
67 75
9 95
8 35
83 31
63 84
67 63
30 97
54 37
57 55
94 71
90 57
31 81
39 97
0 93
54 30
43 91
3 92
71 16
93 99
54 18
10 89
39 85
7 99
49 19
90 22
89 66
80 77
76 89
19 62
82 94
61 52
10 2
88 6
89 21
52 65
32 91
42 48
29 33
98 18
63 73
44 61
72 64
78 67
14 0
69 43
70 90
38 46
19 9
85 65
39 34
59 7
59 96
1 84
80 52
49 84
86 81
100 59
48 4
85 45
33 92
76 35
51 16
97 29
33 71
21 28
48 88
43 47
41 70
1 98
75 96
19 31
67 38
64 60
37 20
83 4
90 76
71 33
23 69
97 68
6 71
91 21
38 72
24 95
21 14
15 69
33 86
13 68
35 34
13 40
86 99
4 76
8 98
97 12
89 27
9 4
55 82
56 23
3 71
73 66
89 77
34 7
96 97
59 97
98 77
61 30
53 67
37 0
18 36
3 9
70 24
80 90
10 79
80 45
69 29
85 5
69 18
70 88
32 87
55 75
7 15
73 42
41 80
46 19
95 72
63 100
73 11
99 22
13 68
16 1
98 11
91 33
67 76
61 22
60 80
48 88
10 10
62 43
36 37
11 16
6 61
91 82
1 6
28 67
53 48
23 67
59 29
96 31
62 87
97 15
84 100
66 48
17 7
81 86
5 100
96 34
9 89
33 4
27 13
25 86
10 9
49 81
76 25
5 57
81 29
89 41
37 37
5 44
2 76
17 6
82 3
71 67
73 28
2 68
65 26
4 25
70 69
19 28
94 37
39 19
83 35
46 62
3 30
92 74
40 86
77 84
62 49
10 49
15 97
16 35
84 22
19 34
34 55
6 75
54 0
19 38
56 60
44 11
19 15
59 69
11 73
64 29
82 95
12 30
24 81
24 6
54 90
43 19
32 51
98 20
74 30
33 98
51 10
98 97
28 44
94 76
70 19
32 8
95 84
96 72
14 71
5 15
41 83
94 59
72 67
45 59
100 89
74 64
97 33
100 21
100 7
81 36
28 41
92 1
41 26
22 5
52 2
36 49
66 20
12 71
5 97
60 66
0 80
23 54
49 85
92 55
31 45
60 30
78 82
29 9
6 7
12 76
90 3
90 59
14 87
23 36
73 3
38 13
23 52
77 86
2 55
51 66
30 12
24 26
12 30
65 13
26 2
34 11
40 52
47 46
37 72
34 98
70 54
70 50
34 63
25 89
49 1
24 16
76 62
33 26
97 36
92 90
99 6
83 46
75 44
6 63
58 62
20 31
77 81
20 24
43 94
41 36
10 83
35 50
59 89
60 75
7 85
61 19
2 30
55 14
94 12
1 43
45 40
7 97
21 9
2 46
77 3
13 79
11 32
27 51
75 68
2 21
63 62
92 4
85 30
39 61
63 2
72 32
76 12
47 86
89 37
67 54
17 17
81 57
4 67
73 13
34 89
82 30
36 30
26 3
97 80
82 75
31 81
44 62
47 54
36 100
99 83
49 42
19 70
50 100
30 77
48 33
63 79
1 88
87 15
40 36
2 47
22 74
5 88
91 60
30 77
52 6
90 77
81 98
59 6
27 98
49 14
93 45
35 92
70 82
35 19
39 30
30 48
97 71
34 91
7 33
69 16
11 55
45 56
59 31
70 43
52 48
48 25
66 55
82 28
15 53
35 11
54 50
27 17
58 26
90 74
85 10
8 57
69 29
0 16
62 28
11 89
18 78
80 85
88 44
89 42
12 54
71 80
74 58
57 22
5 39
100 53
6 36
20 45
5 76
18 41
85 32
85 51
81 13
91 40
25 88
68 42
18 100
58 28
34 66
16 54
69 3
96 19
71 15
96 63
100 42
19 82
48 21
74 80
1 18
23 59
96 5
18 66
54 14
64 60
3 44
29 84
74 32
31 65
83 66
92 99
61 84
60 97
2 96
41 2
17 69
51 43
77 45
96 26
6 25
84 13
97 27
47 21
97 69
52 22
1 64
30 48
37 7
50 27
92 3
100 13
9 54
72 38
40 100
50 39
65 43
21 50
52 98
91 76
8 3
60 11
77 23
3 88
31 1
12 66
83 31
73 14
40 11
24 74
87 78
24 5
61 79
54 69
1 26
13 5
36 75
86 39
71 17
55 66
36 46
12 86
27 42
84 61
91 3
64 55
47 74
91 92
95 10
90 2
21 38
99 40
29 8
76 12
77 51
74 10
89 61
52 85
71 60
72 65
30 28
95 92
16 10
79 18
96 95
69 10
7 41
59 45
94 25
22 30
93 62
18 30
67 34
48 68
89 39
79 25
50 46
30 26
49 19
26 74
60 36
67 100
31 53
96 51
48 52
60 15
11 81
52 31
12 57
18 93
31 72
33 60
99 50
52 51
51 50
82 81
56 85
72 37
65 43
53 47
14 41
14 76
22 13
44 85
54 48
21 51
37 39
84 27
53 58
71 40
76 82
38 59
24 68
31 20
60 34
12 15
83 27
66 44
0 27
26 95
45 25
44 73
94 75
84 20
26 14
18 54
61 14
3 32
73 22
4 48
94 63
52 7
1 87
10 3
69 2
45 97
56 90
71 32
22 43
90 4
81 29
88 15
7 54
38 79
67 98
14 41
34 99
22 74
51 60
30 93
19 23
18 2
46 58
34 86
50 17
15 60
50 30
86 99
91 77
10 94
45 86
81 73
42 31
46 100
74 26
56 61
43 55
90 95
26 33
25 29
66 93
75 70
80 94
45 95
21 36
69 41
13 83
49 88
45 32
100 60
44 27
13 34
94 49
0 23
42 35
23 61
18 44
57 35
5 1
30 41
97 75
11 97
58 74
72 2
6 7
51 94
15 90
9 20
75 25
32 87
24 68
53 37
6 47
87 74
27 81
0 96
53 38
73 59
30 12
63 71
30 61
48 62
10 100
64 36
47 6
92 93
96 60
12 36
84 93
83 22
25 16
30 56
31 25
19 92
27 91
82 59
79 3
97 24
99 14
93 35
61 14
62 89
13 66
2 10
47 2
96 5
48 88
88 64
58 13
48 85
5 18
64 84
43 49
71 2
18 0
94 29
85 26
91 12
90 8
33 10
17 74
71 29
64 95
8 5
39 33
28 49
80 95
77 22
86 90
59 59
0 21
16 64
50 60
76 41
42 1
49 69
12 44
15 7
56 47
68 69
72 55
40 83
7 53
29 15
80 35
36 98
2 46
75 97
37 68
10 59
