10000 100000
36 5
92 54
62 44
82 40
44 42
31 26
10 83
25 23
35 28
76 45
69 20
52 88
79 63
83 33
9 13
49 41
67 54
61 57
50 90
33 58
36 39
17 84
72 49
67 26
84 13
83 15
30 21
78 32
79 79
33 22
71 35
84 15
97 40
31 65
3 75
94 14
93 26
39 5
47 74
7 64
39 22
3 63
58 72
37 26
68 4
100 97
4 28
4 96
32 27
0 30
56 34
37 61
39 48
71 7
68 85
84 47
26 29
37 39
0 45
4 58
69 13
63 60
94 34
1 93
74 80
74 37
18 33
96 0
29 5
38 56
45 64
97 14
21 46
71 51
17 59
48 92
64 31
78 37
13 65
99 74
11 9
27 74
21 3
18 15
7 54
39 2
4 94
14 85
79 10
25 71
41 29
78 99
4 58
90 66
5 62
57 15
65 56
39 29
97 26
91 30
5 95
79 1
93 86
64 9
71 18
9 92
76 41
66 63
2 61
100 92
56 49
65 37
61 34
6 28
3 25
70 14
18 12
26 35
27 40
77 17
11 79
47 25
54 93
72 17
74 23
89 78
9 14
59 100
37 0
49 19
75 91
25 65
75 35
27 98
38 46
57 94
77 65
69 76
78 21
61 97
75 93
96 17
21 83
89 49
79 67
96 32
15 23
53 92
68 4
91 88
52 12
37 43
9 70
34 95
55 51
96 33
0 30
53 81
55 54
21 7
12 23
47 38
59 80
32 97
8 15
52 87
30 50
99 43
74 99
49 20
32 29
7 1
70 45
21 21
25 77
51 18
34 29
100 33
35 73
97 42
52 11
67 49
0 80
37 94
77 61
26 96
35 88
76 43
29 7
88 50
16 16
10 31
10 20
53 11
38 55
85 18
20 83
87 3
98 82
44 48
30 41
32 36
59 53
44 41
78 91
50 97
5 31
58 27
61 56
52 86
46 27
51 91
93 11
100 91
13 55
41 8
80 87
27 39
6 100
59 8
62 71
77 69
55 5
93 35
10 89
31 88
52 100
37 12
68 21
8 0
66 22
46 23
36 50
60 61
71 47
95 10
43 74
43 16
62 42
99 28
84 12
49 12
9 81
51 32
22 34
51 40
89 21
80 4
38 32
31 82
10 25
24 80
48 56
82 56
32 89
40 98
8 89
59 38
20 67
5 0
41 14
9 15
100 52
99 57
66 9
25 11
29 10
90 15
3 0
76 2
87 91
48 67
4 61
55 26
23 90
27 18
96 95
95 66
1 66
87 0
72 39
43 76
2 95
48 52
60 36
61 96
56 65
16 85
66 15
97 95
78 18
66 79
24 45
4 73
20 29
87 99
47 96
44 29
42 94
40 13
65 7
11 13
33 20
2 53
7 90
30 73
12 43
68 0
29 1
12 55
73 3
43 49
31 97
13 28
16 60
4 12
23 31
30 54
51 69
1 46
12 33
0 66
54 84
99 12
92 45
90 6
41 39
83 29
72 15
50 63
14 59
96 91
48 54
81 0
9 36
74 67
100 61
7 51
39 8
52 26
69 24
86 29
64 49
69 6
67 45
88 22
24 72
13 36
94 22
30 14
50 73
2 96
50 14
44 34
41 47
13 87
96 91
56 87
96 60
19 85
62 38
13 74
41 8
55 79
89 81
71 70
51 34
30 0
21 26
0 47
82 71
39 11
21 73
4 62
54 55
56 94
92 21
37 83
6 37
90 36
57 67
10 100
52 53
65 28
72 70
1 13
12 54
9 43
99 46
84 71
24 86
63 69
38 29
43 99
26 87
57 13
85 66
85 14
21 12
64 75
15 20
22 0
81 89
79 3
34 55
3 96
43 53
69 32
52 59
98 54
55 33
74 2
49 82
23 15
75 77
81 14
28 94
62 45
34 33
64 80
42 7
54 66
53 64
78 49
45 65
5 45
84 52
22 85
5 59
51 89
94 65
20 37
3 20
91 1
86 56
35 42
95 20
67 28
88 8
12 1
74 93
81 74
88 95
85 5
16 38
27 30
57 72
7 6
33 49
58 74
52 18
54 39
53 45
0 70
54 45
31 50
87 99
85 25
15 1
35 45
6 51
15 69
72 48
22 36
52 92
31 62
27 99
70 90
13 33
71 18
51 81
68 69
27 97
83 13
94 99
4 0
32 86
56 1
86 39
55 48
18 6
58 64
87 47
63 81
7 98
73 91
57 90
35 92
100 58
29 9
16 85
92 88
99 83
42 72
12 48
40 94
30 64
100 50
37 57
51 78
3 1
81 16
46 43
12 21
56 23
91 17
86 48
19 30
81 31
4 26
36 67
23 75
84 25
53 36
62 15
43 18
52 27
44 92
44 99
69 83
48 47
74 2
63 58
11 56
20 25
72 71
74 29
79 40
13 45
58 98
28 10
64 64
19 51
74 56
3 98
32 21
98 0
14 73
41 1
30 3
38 16
73 2
8 74
59 4
70 88
35 37
6 83
36 43
89 78
21 56
9 57
96 47
53 92
14 10
62 2
15 2
22 10
15 95
2 6
23 69
93 38
78 52
44 55
0 98
64 93
96 27
23 92
54 74
91 60
22 29
40 45
49 16
43 54
53 52
6 98
32 89
85 20
24 39
1 54
40 68
84 97
31 53
83 41
62 67
44 90
86 92
37 40
3 38
60 48
18 54
58 55
46 44
52 20
57 73
52 67
34 27
26 83
2 23
92 20
95 7
55 64
71 47
81 64
80 6
70 20
4 92
11 25
100 100
22 35
29 74
53 88
46 42
57 86
28 97
20 38
56 63
46 80
77 58
57 22
51 40
83 22
82 55
64 2
65 46
99 28
73 1
21 33
53 37
8 1
15 82
56 25
27 73
12 96
20 41
61 7
11 82
42 76
29 43
97 30
79 80
18 11
34 42
6 31
11 50
80 72
100 46
62 25
64 53
16 19
98 61
80 15
55 0
0 4
4 66
0 70
96 62
61 61
43 79
67 91
33 7
14 84
54 53
46 56
45 19
88 79
92 72
5 75
51 98
75 25
25 14
61 0
16 55
30 5
71 27
6 97
49 96
79 35
45 61
29 93
55 46
14 96
63 68
73 80
51 26
74 82
100 75
17 54
33 63
9 59
6 13
77 100
25 94
1 85
83 78
22 47
88 25
13 71
47 20
57 60
90 70
13 13
62 61
55 76
55 30
29 10
33 73
2 52
94 36
3 94
55 44
76 90
72 49
22 14
49 85
11 55
55 84
87 91
39 89
40 23
97 70
3 96
96 64
24 12
40 69
22 64
95 42
23 95
10 61
39 24
62 39
23 45
27 88
51 40
86 8
69 24
0 27
73 46
61 70
16 60
53 55
21 68
94 11
12 90
25 71
99 37
82 16
39 49
100 55
80 77
18 57
71 10
81 91
8 38
33 92
40 58
59 43
9 64
48 29
30 57
7 63
24 33
59 71
22 1
70 35
69 78
100 95
42 100
31 52
95 48
92 26
9 96
35 90
16 68
54 24
86 87
78 26
38 26
1 78
42 87
10 64
55 29
83 25
12 81
18 41
2 9
24 71
73 57
3 21
75 2
28 48
54 54
29 42
75 94
90 40
54 11
54 13
58 75
88 77
13 46
62 75
5 73
86 69
96 6
48 23
51 19
62 1
88 92
58 62
61 84
54 11
93 32
95 6
49 97
38 38
23 91
10 23
78 91
68 59
58 42
68 59
13 33
11 74
51 18
36 55
80 63
0 96
31 25
54 95
15 42
39 42
24 0
43 51
29 9
19 26
1 6
63 49
4 14
80 97
56 56
37 52
41 50
82 13
2 10
30 37
93 29
28 33
48 64
37 7
98 82
50 14
21 42
2 30
41 28
96 95
79 43
63 33
27 86
25 30
19 33
33 30
3 54
46 16
76 6
21 98
82 30
18 3
10 43
39 13
36 48
44 81
43 11
17 22
4 95
46 66
47 61
82 38
26 74
82 14
76 38
44 12
66 29
87 55
57 29
79 46
19 32
54 49
30 55
27 22
63 43
10 62
59 41
98 76
33 67
8 1
71 46
16 92
31 2
38 45
67 43
71 42
14 29
48 95
11 34
56 54
2 95
56 96
68 55
9 75
9 42
58 7
98 60
99 65
75 67
66 0
25 91
71 61
33 0
10 47
88 47
19 57
0 9
26 81
35 98
56 100
40 6
94 72
78 77
31 3
69 41
27 55
8 0
91 63
32 87
55 17
0 51
1 59
39 33
28 36
40 0
43 5
4 88
93 0
100 98
58 74
10 30
56 23
53 81
38 18
28 44
99 59
52 22
37 55
90 72
87 1
88 23
68 13
43 29
41 14
3 50
83 18
59 15
16 22
20 10
65 80
80 62
20 76
82 64
67 54
82 87
8 86
32 45
89 80
71 41
86 75
56 41
84 32
25 92
36 25
16 57
80 60
11 19
42 17
53 38
13 19
52 91
75 34
16 40
35 39
63 50
82 97
0 55
47 64
56 30
15 26
66 75
23 34
78 9
73 21
7 19
63 15
43 43
0 99
38 85
90 26
24 70
34 51
63 33
87 38
94 9
28 16
2 36
34 22
42 24
34 44
31 8
98 83
76 34
27 64
53 43
74 13
96 93
75 7
3 15
31 98
37 99
61 93
23 68
3 5
1 33
31 15
63 66
42 17
35 88
87 35
14 39
54 33
55 47
56 92
56 58
79 99
98 100
45 37
17 96
44 65
84 19
57 7
22 21
53 10
67 99
31 36
0 1
100 6
16 25
29 71
80 84
70 31
82 3
75 60
8 98
45 60
42 68
41 4
20 36
98 69
28 50
49 43
34 42
61 58
66 0
82 90
50 71
70 48
69 71
78 74
29 45
72 51
61 35
85 83
83 82
100 25
68 90
81 98
10 53
60 69
38 50
97 93
0 80
15 8
42 35
64 81
60 6
31 99
33 55
22 83
65 50
0 73
38 56
34 21
88 15
63 53
90 82
78 28
17 65
47 92
17 85
44 76
62 66
42 86
52 89
70 53
26 69
43 17
41 34
50 88
69 75
41 80
52 20
41 81
26 55
67 89
22 71
34 36
46 80
97 9
75 90
4 99
64 83
20 10
73 90
44 73
64 30
49 89
80 1
8 12
53 18
70 99
14 14
66 98
21 77
79 73
97 0
98 39
57 55
62 94
70 71
97 7
20 19
55 81
95 18
86 90
46 3
83 8
55 59
26 49
7 57
91 13
3 56
42 71
69 42
46 28
60 73
74 54
54 75
28 90
79 77
86 21
84 35
74 55
72 93
41 52
18 96
87 94
43 58
58 2
22 7
65 1
69 53
58 5
40 68
80 37
9 43
96 18
1 43
89 14
70 40
2 3
53 94
3 79
63 70
62 64
1 50
6 96
82 16
88 99
44 14
50 68
75 50
83 32
44 69
68 66
43 70
75 36
4 85
60 8
96 54
47 17
73 3
23 42
57 19
77 72
45 2
20 7
54 52
45 69
88 39
61 26
71 37
60 23
47 97
27 96
29 94
95 74
45 40
3 40
49 20
67 32
10 15
98 45
91 62
54 48
24 40
8 21
22 79
33 14
21 78
31 9
86 97
33 52
56 40
40 1
80 38
28 13
30 53
40 38
30 73
98 75
71 55
29 58
62 12
43 15
49 31
14 17
50 41
94 8
44 38
26 95
3 75
90 75
92 78
18 81
13 84
22 76
24 44
46 92
14 24
76 48
65 87
65 94
10 71
23 20
16 64
72 57
86 62
41 35
93 21
55 20
4 39
39 32
64 69
16 89
22 39
47 41
72 98
49 52
23 49
58 20
40 0
2 22
4 25
60 15
36 38
4 78
66 14
56 19
15 90
91 29
40 77
68 9
45 80
50 56
23 3
2 41
26 41
49 13
83 4
45 9
38 34
49 33
85 65
56 0
88 28
13 72
68 44
38 20
69 41
88 52
7 22
82 92
40 70
27 6
46 8
3 72
11 30
62 86
47 49
3 88
82 83
78 83
10 18
11 84
50 24
45 61
60 83
92 35
58 16
53 43
41 63
57 67
75 61
61 2
80 40
25 87
65 16
92 81
56 37
44 5
2 90
15 63
13 68
62 21
34 2
90 68
91 79
79 80
74 22
67 80
26 65
60 70
90 14
20 79
51 48
42 76
31 0
60 96
29 80
56 99
47 14
38 29
94 79
58 24
30 64
14 89
78 50
12 25
82 1
43 23
1 14
64 36
49 93
50 36
25 65
57 72
95 30
2 16
99 66
9 90
39 50
26 98
85 27
45 67
98 29
15 67
73 48
35 80
36 23
8 52
48 71
74 85
5 9
74 62
15 64
98 2
88 62
77 27
10 93
79 7
76 57
12 29
72 18
12 40
17 95
90 80
82 33
84 82
87 57
86 26
85 0
53 2
42 83
19 68
68 90
26 48
18 75
56 57
26 3
96 86
69 61
27 12
72 34
95 36
7 59
41 44
26 64
50 40
39 67
76 89
11 19
5 44
60 69
88 56
94 89
29 45
99 24
70 34
25 99
63 53
80 72
98 62
40 65
56 0
15 38
14 26
16 83
88 94
32 98
63 85
86 40
39 64
39 19
13 21
43 68
54 14
32 69
79 51
76 2
43 9
63 77
89 72
41 90
90 97
68 31
1 16
73 4
68 38
27 32
14 64
13 53
48 40
63 9
50 59
52 12
70 29
29 43
55 81
42 92
23 78
51 7
15 61
20 54
2 52
47 61
78 30
42 97
12 98
36 29
3 73
85 38
70 66
53 40
98 67
92 1
34 21
6 31
39 98
77 36
75 28
87 34
46 78
66 17
65 83
13 82
78 26
47 87
54 24
52 67
57 66
53 19
71 87
0 25
26 50
67 7
26 21
76 94
27 39
1 30
19 46
26 72
80 41
0 51
100 0
44 34
13 77
0 5
24 39
68 10
23 57
79 66
13 25
78 87
5 43
66 44
37 98
13 65
18 65
92 62
11 46
68 42
35 48
46 43
1 87
15 28
17 36
57 99
95 76
96 95
96 59
87 37
56 8
71 56
95 49
90 72
64 34
66 34
59 0
99 84
51 88
18 4
99 52
48 77
41 17
84 6
12 15
76 87
3 50
12 42
23 8
23 23
67 94
44 40
8 85
67 83
67 39
78 2
19 58
79 69
9 3
98 27
21 79
31 1
76 33
9 74
13 39
80 35
63 50
32 99
3 46
0 85
43 36
78 72
28 90
24 25
68 40
2 90
77 50
35 73
72 18
18 24
45 80
0 73
8 76
77 28
85 50
5 86
71 7
71 80
31 4
7 7
9 33
39 6
64 21
83 50
4 100
31 22
14 80
32 35
50 25
27 77
66 75
10 7
22 52
19 1
17 49
70 37
24 55
84 39
31 47
52 89
33 75
15 67
33 41
45 0
2 90
47 69
84 42
78 38
14 20
91 8
3 8
34 97
62 84
83 83
95 50
6 17
13 33
91 88
37 29
79 79
43 24
40 27
99 88
46 90
59 52
8 7
91 4
90 88
27 60
2 89
82 77
14 50
12 61
38 70
53 82
90 74
45 22
58 39
84 81
71 84
29 0
76 85
90 81
72 64
99 45
9 37
35 54
100 68
83 87
33 9
82 97
66 45
100 61
35 12
0 68
58 9
24 9
56 59
28 35
58 37
4 68
7 26
25 64
40 86
73 11
41 66
83 89
7 94
88 45
11 98
72 40
67 44
68 49
6 11
24 5
26 10
38 26
88 41
74 63
61 60
50 39
51 97
76 26
89 93
2 60
35 90
24 24
52 54
96 11
7 13
47 26
81 64
72 59
79 92
13 43
23 72
21 67
87 56
72 41
58 100
84 40
55 10
24 97
39 76
81 92
44 8
50 73
18 6
96 44
13 89
28 10
63 27
18 53
71 24
17 46
17 55
34 54
68 50
6 38
2 12
63 16
85 30
19 5
61 24
93 94
16 74
79 20
0 48
13 9
34 56
51 97
43 60
5 65
55 71
92 54
77 50
45 27
30 88
35 42
10 86
47 81
18 59
96 71
4 55
39 11
28 59
36 95
47 80
59 76
12 17
100 55
59 92
92 28
12 44
19 5
90 12
52 45
94 34
40 27
90 84
7 92
8 57
81 21
66 55
90 11
93 35
41 3
39 38
43 69
76 28
38 93
64 2
93 59
22 89
29 94
83 29
89 30
13 35
28 83
96 89
52 78
2 50
74 19
7 79
27 12
8 49
82 76
52 85
72 24
25 97
69 60
69 79
84 6
17 49
61 26
65 11
10 46
87 77
47 68
73 73
97 99
68 81
26 62
78 87
76 27
15 83
15 39
59 36
72 50
37 40
48 38
68 94
47 69
56 21
9 63
54 40
36 88
59 51
44 45
52 54
21 61
44 31
44 31
46 72
23 71
15 75
27 55
82 18
82 95
95 85
97 30
74 35
23 7
34 12
2 84
94 7
2 69
53 52
66 99
3 62
6 12
22 10
33 13
25 63
52 97
40 45
89 24
31 14
82 6
85 73
80 68
67 32
61 0
31 71
28 41
72 29
21 20
38 24
52 6
71 55
45 28
27 45
11 82
55 84
96 80
45 61
5 18
13 37
62 43
87 7
74 18
1 50
79 77
77 55
69 20
88 31
55 79
69 94
35 78
30 76
95 22
20 81
97 61
64 39
0 11
5 15
0 4
99 86
94 86
94 78
41 77
10 36
67 100
28 28
0 51
60 84
51 98
29 88
0 15
56 47
61 36
64 22
4 15
23 33
85 4
74 76
80 3
45 53
30 77
57 97
13 32
4 98
80 41
18 82
22 62
51 97
27 0
14 34
14 32
79 98
81 77
77 36
60 45
21 99
50 29
80 64
50 59
84 3
29 63
32 95
20 64
36 23
100 7
23 63
74 70
58 45
64 96
69 90
5 70
76 43
21 16
41 25
12 57
47 16
3 7
79 89
11 56
71 71
28 53
90 28
90 75
19 65
47 42
51 34
35 69
23 9
34 12
73 87
82 11
40 53
94 3
94 27
68 66
69 0
88 26
97 80
79 71
4 2
97 6
18 24
80 41
12 34
39 76
59 16
84 32
67 57
4 29
38 55
18 28
98 35
99 34
41 84
11 65
6 67
68 47
99 79
52 25
1 85
8 62
80 86
68 7
58 9
46 76
10 41
22 86
75 96
18 18
32 69
22 38
87 54
86 54
44 94
55 88
69 6
21 34
25 97
50 45
100 81
55 67
47 68
22 67
77 64
20 86
60 24
99 15
66 98
81 0
23 99
40 70
92 12
80 85
27 24
67 29
6 97
49 8
2 94
20 8
1 97
85 42
88 65
98 63
94 36
8 0
73 20
32 79
46 72
76 27
52 71
62 67
93 94
15 100
79 13
39 59
2 30
58 26
16 53
61 70
65 58
6 47
8 35
32 38
88 18
27 84
93 11
8 18
57 41
91 37
40 38
100 43
69 40
14 45
7 81
58 64
41 37
75 90
71 54
53 50
76 83
66 16
99 33
53 93
54 98
94 94
29 42
93 15
60 37
23 18
66 59
61 19
22 74
42 45
27 52
32 59
43 96
76 15
0 35
24 43
68 17
42 31
75 17
19 17
1 72
67 50
99 84
82 18
93 23
92 92
19 94
76 57
43 0
68 59
100 17
42 48
33 26
88 58
12 40
67 27
20 92
29 2
29 31
4 13
17 71
49 84
18 80
84 75
41 70
70 88
51 23
70 41
65 23
97 11
21 15
16 52
7 30
27 10
56 61
73 23
15 96
60 1
4 94
32 84
22 53
57 13
96 95
67 32
31 18
81 27
88 75
22 39
95 7
38 86
55 8
12 70
42 22
67 51
66 90
57 21
78 11
53 0
48 80
87 20
72 7
2 66
11 54
66 38
36 97
28 51
4 10
78 17
57 30
42 97
82 35
61 31
89 51
34 100
62 68
62 12
43 98
97 76
42 53
19 71
65 86
46 30
28 57
33 53
15 43
26 34
25 35
23 72
36 40
89 37
34 46
14 48
83 18
50 86
86 62
29 73
14 55
64 3
87 95
13 28
43 63
27 3
33 6
10 12
95 54
68 6
46 6
73 15
17 19
98 12
79 37
99 85
26 15
51 74
33 69
85 94
7 11
55 100
41 73
5 53
2 42
84 87
8 98
18 33
34 14
80 26
80 79
26 90
46 94
94 69
39 14
75 60
41 86
96 8
98 43
17 5
55 68
46 10
91 5
89 27
100 86
14 66
5 97
39 65
62 23
45 43
13 47
6 62
49 90
56 12
40 95
85 53
6 21
82 60
31 23
37 76
0 94
70 35
1 98
95 51
52 65
72 97
100 62
94 44
95 46
48 87
13 51
43 90
72 64
91 99
19 7
7 89
74 62
66 59
50 29
12 56
94 21
90 48
96 84
5 47
92 73
15 83
58 7
42 71
8 80
54 62
78 95
64 14
31 56
7 21
92 9
85 74
77 1
59 52
97 61
39 3
24 31
98 85
73 9
83 26
29 0
34 75
92 76
9 15
37 7
98 18
0 74
57 34
43 22
28 48
89 45
45 40
7 63
93 57
68 85
88 57
46 45
90 83
69 80
83 39
90 92
14 33
39 83
96 44
92 70
50 75
54 13
72 83
89 89
28 88
15 91
13 39
97 9
52 38
89 88
89 21
93 14
11 74
22 87
56 0
15 72
53 90
15 79
37 96
86 34
4 0
38 94
49 34
86 97
45 45
45 77
81 64
48 31
86 15
98 96
42 18
15 32
3 47
61 31
81 67
13 76
39 56
38 38
21 91
72 67
91 19
68 80
98 43
33 83
43 58
80 43
63 17
84 36
11 81
41 69
6 19
70 31
12 100
88 58
96 25
15 10
45 69
28 13
13 6
31 21
56 89
43 79
86 98
3 22
75 36
68 13
27 36
70 13
21 9
88 5
89 36
54 21
79 53
67 55
5 40
99 7
29 26
29 42
98 75
64 44
48 54
81 54
1 11
42 22
78 87
97 44
13 15
19 38
60 22
91 97
69 77
62 87
5 65
85 38
58 13
88 84
74 34
62 66
12 99
9 38
4 62
49 93
36 46
69 58
65 5
96 54
7 90
83 65
36 42
51 16
60 67
76 16
43 25
16 37
100 37
74 51
20 3
8 70
17 25
10 52
54 13
48 23
81 25
74 53
4 56
7 12
22 62
67 88
69 66
74 32
38 56
75 91
67 15
45 75
57 29
91 65
43 70
88 94
86 96
90 29
48 55
69 80
25 5
50 100
0 65
88 89
73 69
64 46
89 41
28 98
0 55
27 51
84 56
3 7
80 30
83 5
28 5
50 21
9 77
90 38
9 64
50 35
3 43
97 47
14 73
56 6
47 91
46 84
43 70
100 72
88 73
48 43
6 54
17 44
15 60
54 65
50 84
11 84
91 72
71 83
58 88
49 83
44 66
5 12
51 86
44 49
44 42
22 28
58 44
16 69
78 26
90 74
46 16
70 32
2 25
66 7
10 77
85 2
75 19
49 27
37 19
80 6
44 37
88 13
57 30
47 36
19 18
94 27
10 30
60 0
39 30
87 51
24 53
82 3
68 85
53 1
79 5
24 11
70 89
22 15
26 92
2 8
23 51
67 48
4 22
28 97
65 78
64 85
18 48
56 79
22 6
44 23
62 22
51 20
40 41
56 6
31 81
33 14
85 63
49 34
40 79
80 92
26 15
16 38
68 26
77 56
17 25
23 0
84 40
63 87
19 52
43 47
34 7
36 87
71 74
51 72
90 33
60 13
16 74
55 51
96 10
87 73
7 81
26 67
0 50
62 12
98 21
85 7
58 97
86 12
41 63
30 97
27 23
84 30
42 20
99 55
5 43
63 31
83 47
17 23
88 58
81 45
31 9
40 40
59 72
50 59
21 48
2 71
99 55
38 56
35 40
9 5
7 16
57 2
74 29
12 65
74 40
85 88
17 39
8 96
84 84
73 87
31 20
67 48
84 46
55 22
6 31
39 94
71 38
57 48
45 41
53 77
69 17
5 41
75 23
25 14
62 5
3 92
0 99
57 61
16 20
33 82
41 1
10 17
21 98
34 96
29 68
68 42
81 47
92 89
45 74
63 89
90 59
23 92
22 43
98 2
81 20
3 30
98 25
2 35
22 63
58 50
93 66
42 82
100 78
34 60
77 51
23 49
22 59
70 15
30 35
9 85
15 57
7 76
91 88
25 28
86 12
99 63
45 92
98 42
29 59
90 58
99 44
73 37
86 47
9 48
11 70
89 93
85 47
37 52
65 66
88 87
15 37
78 56
22 73
91 5
58 73
58 22
48 33
58 35
54 25
18 11
6 4
97 35
53 55
14 92
11 99
24 55
41 70
43 14
1 82
55 60
63 89
45 38
11 79
60 55
25 23
17 13
21 56
87 58
85 84
46 6
83 49
62 14
48 86
5 79
82 8
59 46
50 24
5 24
14 82
10 87
22 70
24 97
25 33
78 76
9 25
89 22
2 11
85 9
74 21
34 6
13 12
16 19
51 19
53 85
8 46
43 49
56 62
87 40
90 71
70 49
59 1
38 7
55 60
32 5
89 10
77 49
54 64
27 71
6 34
78 26
56 95
83 76
13 91
90 43
4 24
2 7
25 7
33 33
56 79
41 30
18 23
94 26
16 99
30 95
45 31
61 84
34 65
45 16
67 97
17 11
98 40
28 12
41 27
0 96
50 7
68 22
17 94
47 10
41 68
21 60
43 45
69 21
5 69
5 63
94 19
66 57
33 70
41 2
13 99
61 76
83 83
74 41
85 77
94 59
84 63
31 87
47 34
33 8
6 38
21 44
73 75
93 10
8 20
37 8
89 68
15 42
84 4
25 81
55 9
32 27
30 23
35 23
10 17
53 26
21 7
8 99
91 46
94 49
38 50
100 62
95 50
50 49
2 88
57 66
74 23
53 95
38 94
56 93
15 82
97 12
81 98
36 43
66 66
39 79
10 64
94 2
57 83
88 24
0 13
38 82
58 59
80 59
77 30
6 48
8 78
100 11
85 63
76 31
58 78
48 65
35 52
74 69
42 67
19 13
68 54
45 66
73 2
32 45
3 38
51 74
37 25
93 66
14 39
87 18
61 83
95 33
40 50
36 40
33 72
72 56
99 7
5 29
84 29
52 58
18 67
2 63
67 39
40 75
36 10
83 64
100 65
53 61
90 40
43 23
10 94
64 58
67 45
83 47
13 16
28 25
28 54
43 42
39 40
63 58
25 39
10 7
59 40
80 8
23 45
6 82
60 64
0 31
66 31
61 5
81 98
31 78
64 67
97 16
40 29
47 7
61 45
66 94
70 62
86 100
64 50
87 67
76 5
12 58
15 37
74 29
88 81
78 70
65 35
49 77
61 2
29 37
94 29
90 77
90 64
89 100
19 25
47 54
7 5
89 96
71 77
55 81
70 99
12 95
14 24
42 34
25 67
98 31
23 21
69 89
56 94
37 22
62 40
61 30
76 63
73 64
82 37
2 32
28 74
91 25
98 78
88 68
14 96
72 81
99 42
58 79
21 67
54 97
45 85
92 0
22 22
23 91
96 65
73 47
86 79
11 14
35 11
64 13
19 36
22 18
64 83
80 78
6 8
81 28
48 75
31 52
32 94
4 82
50 4
74 0
98 26
54 38
54 99
72 28
25 99
97 28
87 95
5 63
61 49
60 96
85 14
69 17
42 57
71 43
47 62
52 42
100 93
24 41
71 3
36 18
80 81
82 43
42 61
80 47
25 58
18 88
89 25
51 56
78 76
88 10
37 19
20 15
19 52
21 90
69 25
66 69
33 45
50 13
65 89
71 26
35 93
75 16
30 64
21 27
21 86
69 21
12 75
97 69
10 19
91 37
15 49
49 8
12 32
23 79
17 88
28 98
11 47
97 1
40 21
39 94
44 90
77 94
59 89
59 26
34 49
33 25
16 5
8 75
92 38
19 61
46 26
93 17
78 17
83 7
23 64
34 66
67 99
36 12
39 79
9 49
39 61
30 20
56 6
3 82
47 72
93 0
28 46
57 99
52 52
95 56
76 40
100 12
48 23
64 91
9 18
18 17
58 15
73 62
58 68
67 50
96 89
14 73
68 99
16 20
39 92
11 23
1 41
2 19
37 14
58 84
15 15
50 66
12 89
47 13
62 44
77 32
19 77
4 20
84 4
58 63
57 72
59 4
20 13
82 78
47 68
98 20
45 0
91 72
77 28
34 81
19 10
4 1
9 98
77 75
93 46
45 7
31 10
44 91
64 27
37 50
94 36
29 85
52 1
25 43
70 91
41 21
6 24
16 17
3 86
83 33
0 42
38 77
64 2
76 9
75 1
73 19
65 17
74 20
63 50
5 56
77 75
11 77
80 22
54 100
65 2
51 52
6 78
91 17
85 15
92 39
32 72
36 27
7 24
62 4
7 6
68 53
81 45
17 29
52 94
31 1
99 59
69 69
41 75
7 30
84 44
35 50
60 75
18 5
92 33
36 99
46 43
26 48
84 100
99 38
32 86
2 77
32 95
9 97
49 59
19 35
47 39
35 20
6 20
36 71
25 33
5 59
14 21
2 10
1 34
27 58
99 8
18 36
78 62
12 37
60 36
17 79
46 58
73 29
65 59
55 96
63 63
35 41
39 34
3 99
4 88
40 84
52 90
48 41
37 59
96 57
60 80
84 38
8 96
4 79
47 35
38 74
50 1
72 50
24 70
58 88
77 6
93 41
98 74
3 95
17 12
86 81
88 87
24 71
83 81
100 80
18 18
84 97
25 92
4 18
53 28
93 9
5 12
84 31
47 11
80 90
96 11
34 39
96 36
51 57
54 83
54 48
12 23
39 68
37 96
96 80
70 60
14 14
88 64
33 89
96 82
64 43
29 84
18 66
80 39
22 18
70 18
54 53
59 39
96 67
51 22
24 33
39 17
70 73
62 7
51 27
19 88
72 2
49 37
8 1
75 4
61 4
39 33
79 44
66 53
93 16
75 11
47 9
37 48
55 92
96 29
97 97
23 51
23 4
32 30
27 36
33 46
58 77
75 37
66 77
33 48
41 19
26 17
10 81
5 63
42 52
36 11
59 27
86 4
1 37
75 51
84 22
65 19
72 10
38 95
61 48
75 33
58 40
100 7
1 92
80 46
3 88
64 79
45 1
78 91
99 84
12 8
29 75
63 96
86 77
2 54
32 83
24 16
59 61
75 9
74 23
7 82
16 48
64 19
53 89
72 30
10 77
85 19
20 65
77 53
40 95
59 54
50 62
30 78
97 26
65 27
76 82
15 70
47 63
4 0
0 35
95 51
83 56
61 36
89 46
16 92
89 3
85 21
29 41
98 4
51 16
70 9
50 37
67 2
52 23
1 45
43 33
95 10
75 33
97 60
15 89
7 50
99 86
57 94
35 11
15 83
6 90
14 11
81 95
26 16
9 48
94 15
17 16
98 19
95 87
92 63
16 23
90 2
22 1
0 44
66 34
3 67
70 79
60 51
61 67
55 84
52 6
62 70
75 5
98 1
45 64
20 83
25 61
63 73
18 95
53 54
38 100
61 13
39 2
40 6
45 43
50 24
76 74
35 48
53 41
12 24
51 25
77 15
94 73
65 0
33 43
5 50
4 31
88 14
85 48
87 60
87 46
84 31
76 24
41 79
19 56
4 31
32 32
75 68
16 52
31 19
45 63
56 69
33 11
46 64
100 78
19 15
73 52
36 71
58 86
27 21
81 37
74 38
74 56
10 80
62 71
11 18
87 42
13 44
98 94
53 4
88 49
26 57
8 89
43 99
64 83
12 50
58 100
97 75
54 23
82 28
28 9
92 40
90 29
41 67
60 85
65 60
30 9
90 76
35 87
89 5
85 87
70 39
18 82
81 78
57 82
14 53
53 9
95 90
7 7
5 75
83 93
94 82
36 95
58 24
39 85
96 96
95 77
100 100
67 93
92 19
11 26
80 20
91 84
44 87
31 90
22 14
8 52
53 28
0 14
79 62
93 71
50 89
6 72
44 78
65 89
6 44
60 73
93 63
10 27
35 9
26 90
2 55
6 40
72 78
23 81
38 24
31 85
99 97
32 77
65 24
85 33
44 47
32 23
84 62
44 100
30 51
91 38
36 88
96 79
87 2
93 67
68 12
49 96
20 21
0 12
91 4
49 70
54 16
20 88
83 77
35 95
72 94
88 48
50 2
51 46
99 16
28 89
67 63
16 77
44 56
16 68
26 49
17 22
14 71
52 14
63 70
74 3
71 18
95 36
52 59
42 19
66 66
60 46
34 63
56 38
1 75
65 59
60 85
54 84
87 42
46 95
16 62
52 65
74 22
21 9
79 38
64 37
22 99
40 83
76 99
54 97
100 76
25 35
64 13
42 36
17 65
69 94
65 79
100 41
83 14
2 51
28 89
9 86
53 61
30 29
33 10
50 84
4 9
15 33
91 20
66 98
68 27
25 82
98 85
19 91
23 71
74 35
33 13
72 73
79 43
65 82
64 55
77 56
39 28
30 69
16 44
36 11
39 31
62 89
89 99
50 65
56 44
43 30
70 46
15 49
65 43
38 48
1 8
65 55
12 32
94 59
1 90
85 77
67 2
59 45
15 62
3 11
26 34
38 40
73 92
74 0
60 53
2 9
20 48
51 39
8 99
12 6
49 72
12 97
5 64
67 0
94 78
43 56
67 73
38 13
53 46
87 38
23 51
39 3
81 74
46 95
59 4
90 56
20 23
48 40
27 75
85 48
55 31
72 91
46 75
27 95
77 18
100 76
42 72
5 86
81 5
29 38
16 61
15 82
8 91
22 65
63 29
61 14
2 52
3 63
60 93
45 60
32 80
11 65
60 16
63 77
59 51
9 99
49 50
82 4
41 23
24 22
44 85
21 4
73 69
13 71
25 73
72 19
54 53
31 72
62 19
14 30
53 86
63 45
91 37
74 73
11 20
5 6
88 82
93 53
0 41
26 94
19 46
27 48
22 42
45 62
87 35
39 86
0 94
36 70
43 69
69 15
50 80
35 80
13 13
98 46
14 92
56 79
68 96
28 80
99 96
21 16
76 42
22 91
100 23
62 52
26 90
5 51
77 33
66 21
83 36
8 15
45 20
16 93
2 100
98 48
21 73
80 36
3 31
83 37
4 56
98 78
16 16
12 62
52 64
47 93
12 4
44 16
5 37
26 50
69 65
4 93
38 15
64 15
96 7
44 87
31 69
88 63
68 57
97 26
25 73
21 32
18 79
97 17
21 70
6 41
92 94
68 73
23 22
92 44
0 72
88 61
85 28
52 87
72 60
33 12
57 12
6 2
53 78
79 18
89 79
42 67
43 39
50 68
37 24
85 8
63 74
40 43
56 87
5 40
90 65
53 18
22 82
4 0
91 40
32 2
65 22
98 19
75 59
21 16
11 14
50 88
64 87
60 93
90 50
86 96
0 97
77 28
95 91
49 99
23 87
74 56
93 49
21 1
17 16
15 74
50 5
15 78
81 16
98 98
89 31
10 47
10 19
12 47
90 72
58 19
9 64
58 9
88 61
77 46
27 24
66 94
60 99
66 42
29 26
99 58
100 50
65 16
5 39
86 2
37 34
44 16
8 57
64 60
87 73
90 74
7 84
69 66
95 91
8 67
50 85
97 68
13 60
77 17
81 95
99 16
96 46
80 56
66 76
13 33
35 78
34 89
60 48
79 1
35 67
85 16
26 29
33 99
2 85
73 18
79 4
5 59
34 10
82 81
81 26
77 8
90 84
2 38
97 98
8 80
68 18
75 59
16 73
24 80
35 41
40 27
57 17
26 7
96 98
69 61
7 18
58 2
28 39
47 96
33 12
10 74
80 84
31 5
62 0
66 72
93 32
85 74
47 89
78 95
65 19
46 10
27 83
53 74
94 100
1 75
29 14
81 18
88 97
31 89
47 48
39 8
24 50
81 24
91 88
6 3
95 16
30 95
18 63
67 41
23 99
96 8
49 89
43 58
99 43
1 61
8 77
95 42
44 66
28 31
98 77
3 11
16 62
30 13
34 47
51 4
82 24
64 66
26 6
95 84
54 13
37 4
35 5
100 90
17 98
31 95
40 40
4 30
49 7
43 72
24 79
25 87
48 81
53 22
28 1
43 67
85 53
56 55
20 86
75 70
21 26
47 34
41 78
62 26
24 12
27 46
7 95
43 89
66 45
64 20
14 98
10 7
70 26
53 12
19 90
44 34
44 30
29 58
90 73
97 64
13 90
35 60
97 23
15 16
36 83
46 73
100 39
57 67
32 61
8 79
68 32
13 27
86 2
26 57
77 30
14 34
68 59
80 18
35 82
70 44
78 76
37 16
3 64
44 24
56 45
56 43
45 29
95 78
78 84
44 67
33 44
40 37
10 47
30 57
88 70
8 83
90 69
78 72
62 54
60 50
78 17
48 89
50 71
88 28
99 95
98 55
12 6
33 65
42 98
82 59
47 29
38 2
59 50
74 31
1 99
87 19
88 60
97 89
16 51
83 20
26 25
78 4
16 14
89 23
70 76
84 40
41 13
81 95
45 98
96 86
56 6
95 48
80 10
86 33
38 23
49 46
60 60
74 80
48 97
73 46
94 69
32 62
47 78
88 100
50 98
6 74
52 14
19 8
84 36
87 97
82 60
51 30
47 35
87 92
39 31
23 36
85 24
98 91
2 79
58 78
4 90
59 85
72 23
10 14
67 22
90 92
93 75
7 24
60 88
39 86
82 21
89 61
38 87
17 20
86 57
95 32
58 14
73 12
57 79
35 54
98 78
56 96
76 57
17 8
13 68
57 33
45 19
36 61
30 46
73 21
98 48
72 69
27 18
58 40
83 29
31 77
95 41
98 25
57 90
51 68
99 53
90 100
60 88
23 87
10 31
61 65
14 77
69 10
33 76
75 50
34 44
36 14
32 13
100 35
22 13
59 82
53 16
31 28
84 41
0 81
34 38
73 16
46 34
68 9
65 77
84 68
25 45
95 85
99 58
80 87
10 14
0 92
89 89
46 82
18 19
70 17
64 64
83 19
62 13
78 3
62 28
19 68
19 41
6 100
96 84
100 28
79 74
41 0
7 87
74 54
38 73
89 41
57 51
24 14
71 11
91 30
95 6
64 86
0 23
38 73
23 98
4 34
40 63
32 55
10 30
47 58
61 11
65 85
52 11
2 48
2 43
62 27
63 46
75 45
33 68
63 40
49 68
64 84
96 52
37 42
7 20
47 53
57 23
36 51
89 30
13 84
6 89
26 33
0 91
66 9
66 92
77 37
70 98
84 33
44 55
40 92
76 22
80 89
3 22
91 93
83 96
9 44
75 73
65 0
68 49
26 91
2 67
71 15
46 69
63 58
86 51
47 17
74 98
59 41
30 50
52 45
17 67
50 71
33 95
47 61
10 49
2 100
84 94
11 47
57 31
24 46
67 61
29 1
71 98
62 93
61 4
82 11
74 39
96 14
4 58
7 42
55 57
91 63
76 23
93 46
15 39
72 48
100 68
16 68
21 50
20 11
80 19
76 2
28 21
93 49
100 1
15 93
70 37
95 75
7 27
81 54
48 65
28 27
13 31
100 29
38 55
35 13
91 49
41 51
88 76
84 28
61 17
74 3
17 17
63 96
12 79
45 53
37 97
1 22
38 22
99 40
51 100
71 86
2 30
8 81
66 16
1 67
29 24
72 42
44 13
2 90
73 72
48 75
74 20
5 2
76 4
92 99
79 43
11 34
8 54
66 95
51 28
27 47
19 33
1 67
8 86
78 87
27 10
50 95
48 100
36 55
26 27
9 93
48 0
45 55
66 91
56 31
35 29
11 95
42 65
48 99
75 66
79 59
69 48
14 45
11 72
65 16
50 15
96 15
80 26
53 36
46 56
59 95
88 100
13 70
23 0
78 98
92 35
43 81
38 70
3 80
11 0
91 20
78 16
64 67
15 95
59 35
69 75
98 81
11 47
98 47
32 3
47 63
83 82
26 95
40 17
83 6
43 23
46 40
84 77
93 50
27 52
58 71
67 47
40 5
28 56
44 63
88 81
88 66
65 3
18 44
28 81
65 13
81 50
1 41
82 7
63 25
49 55
72 86
43 45
36 21
90 72
38 38
2 52
30 78
72 74
87 53
56 61
70 84
33 46
44 98
47 42
13 77
35 58
55 89
79 72
84 83
74 24
38 42
87 1
79 90
61 32
81 81
24 44
73 39
57 63
21 90
10 91
29 7
98 75
56 39
65 48
41 100
12 61
88 81
50 67
54 34
35 90
27 67
73 17
12 53
29 85
70 55
11 62
82 28
78 28
68 74
38 88
70 50
7 85
52 70
43 65
57 79
16 15
46 70
8 54
72 35
40 98
98 0
51 12
52 70
70 28
69 90
91 15
27 78
91 75
91 45
9 34
47 84
65 80
96 5
73 62
78 88
87 3
39 20
27 15
6 85
43 68
79 84
48 85
49 43
0 40
98 70
98 65
81 52
43 17
5 39
4 46
22 51
63 28
39 15
47 62
98 28
13 57
8 88
74 55
48 5
39 10
56 48
79 7
39 37
100 83
80 68
2 48
81 55
0 32
3 71
91 90
1 27
81 68
45 69
2 26
78 100
53 85
34 60
73 74
64 28
44 100
87 100
38 75
62 16
25 100
24 69
35 32
88 50
94 70
7 84
98 27
55 50
1 30
78 10
69 55
54 30
24 51
29 12
18 17
61 99
88 22
89 87
90 6
5 82
80 76
80 31
61 57
0 58
47 33
72 57
2 6
55 40
75 100
58 36
15 98
98 11
11 80
39 81
0 92
8 69
69 55
49 39
37 86
16 57
41 43
47 99
20 16
24 72
89 100
29 38
37 83
90 29
23 10
47 43
61 83
38 71
42 10
24 12
95 83
50 25
34 76
79 4
97 92
16 76
49 79
36 36
3 92
67 26
12 32
62 75
83 94
60 2
83 88
17 76
97 69
37 88
85 53
60 76
1 48
19 41
43 74
48 81
93 8
7 73
31 32
54 75
51 53
5 50
23 69
32 9
65 90
84 41
27 10
94 68
36 91
36 28
53 78
66 44
32 45
55 68
8 0
27 90
33 82
9 63
100 39
23 14
16 55
19 65
1 58
42 43
42 16
40 29
34 51
80 36
75 61
3 38
78 38
74 77
73 70
7 10
57 4
52 34
2 99
78 1
0 50
41 91
56 86
67 56
45 24
40 9
70 75
81 24
79 87
19 62
21 71
36 28
34 14
29 96
15 98
8 77
28 59
54 67
94 33
82 80
91 91
88 14
52 36
25 43
58 2
19 60
75 12
67 1
100 22
62 69
57 27
28 1
81 8
79 86
100 51
77 86
7 71
39 64
98 33
40 51
30 49
43 8
91 6
67 36
56 18
76 7
59 0
47 98
34 69
0 83
92 18
3 45
43 21
15 46
11 71
84 100
100 3
67 92
32 72
34 62
77 10
44 14
39 81
64 74
34 34
84 49
15 67
43 60
88 89
26 63
46 78
35 60
79 93
56 94
34 38
55 38
96 65
81 21
71 71
64 1
100 68
70 7
99 21
84 84
24 1
91 44
75 88
97 34
43 79
79 13
83 51
23 4
5 93
11 5
59 29
27 70
70 95
62 27
36 38
25 88
27 86
95 92
37 22
23 60
81 13
94 51
47 23
49 24
31 59
10 69
8 63
24 99
93 99
74 99
5 9
63 58
46 16
4 23
56 41
67 20
65 48
8 85
80 40
47 89
80 82
35 88
50 0
9 36
42 15
89 96
89 80
3 71
81 60
56 73
91 54
41 10
24 6
99 61
88 72
79 40
45 1
99 33
47 77
89 7
36 6
83 70
62 52
84 45
9 10
5 83
50 78
45 53
90 42
94 70
70 96
70 43
67 68
35 57
75 25
11 35
36 44
100 94
19 99
4 90
90 75
67 75
14 67
40 29
55 63
74 38
63 6
22 99
49 73
22 68
98 26
4 23
33 81
74 98
54 39
24 0
31 65
58 77
3 56
90 55
6 27
31 63
62 41
73 55
19 23
38 47
7 54
36 69
33 18
96 9
50 90
74 16
23 20
47 73
46 89
34 10
15 18
40 58
78 22
78 97
80 0
63 43
89 36
94 82
88 73
6 85
13 93
59 53
23 1
77 75
39 82
58 82
55 88
72 31
4 44
79 40
95 50
15 40
50 40
66 55
63 68
18 35
35 33
33 27
20 10
26 15
3 33
65 2
97 22
69 46
56 86
93 18
43 27
22 61
77 93
35 71
46 69
14 82
75 48
9 9
5 88
78 36
8 81
9 53
68 8
78 73
57 85
98 64
44 74
21 56
86 53
96 75
68 46
51 1
85 26
25 63
24 14
43 63
94 71
84 53
56 30
59 77
32 48
21 31
89 93
7 42
48 49
76 27
18 11
83 89
51 100
51 10
75 23
35 21
12 62
83 48
36 67
65 44
98 32
100 73
96 18
21 42
16 68
22 100
66 46
15 66
13 83
39 91
76 64
37 11
73 45
15 52
3 40
39 20
85 20
7 61
5 17
89 72
18 26
91 33
93 86
2 45
77 99
96 70
21 80
4 41
75 74
2 26
20 31
81 11
12 6
47 56
67 49
6 28
14 42
57 53
84 7
76 66
10 49
0 3
62 11
87 83
43 76
29 99
90 26
26 100
33 65
89 71
4 54
81 80
30 73
22 89
10 59
9 36
94 2
27 15
44 73
83 40
33 74
7 19
79 2
40 62
99 76
29 11
45 31
36 69
8 17
74 51
29 53
5 53
59 60
90 56
43 22
82 82
93 49
49 40
4 87
75 48
83 72
29 64
3 52
78 35
57 29
81 59
30 40
65 96
7 78
37 33
96 41
97 91
34 1
69 40
54 14
89 63
84 32
100 69
41 7
38 43
15 23
89 94
30 65
100 76
99 29
96 77
73 76
12 23
2 78
56 26
32 36
28 12
73 65
62 62
98 59
33 9
43 77
42 59
74 25
12 85
71 45
37 96
45 10
91 50
86 47
11 46
90 87
13 93
80 91
65 82
0 22
21 37
85 86
1 32
21 55
18 42
85 41
37 73
53 17
66 29
61 76
10 77
84 41
51 87
93 59
21 55
76 13
21 91
16 81
54 19
35 4
24 83
20 88
3 27
6 24
58 18
66 74
32 28
89 42
82 79
91 46
0 95
89 64
97 82
77 20
65 2
25 66
84 16
69 49
8 100
77 62
11 99
21 87
71 66
78 71
89 63
12 53
63 0
90 65
15 86
51 77
80 100
93 92
10 31
18 77
38 22
27 81
80 37
28 94
31 95
55 93
40 4
89 98
54 42
31 18
67 7
51 70
19 45
15 45
60 87
25 38
13 55
8 9
92 67
84 30
20 8
79 60
49 31
53 24
46 64
87 75
71 100
3 7
72 75
65 24
3 30
28 49
90 76
83 24
20 9
76 69
79 90
15 63
5 92
15 71
21 13
50 27
66 98
80 33
15 78
45 24
74 71
53 53
79 40
38 45
51 6
88 9
1 76
1 67
53 76
74 5
46 47
81 45
86 37
93 28
8 18
64 94
54 87
59 52
19 59
35 34
52 41
52 35
80 69
4 22
73 36
46 84
71 88
83 26
57 39
81 76
62 68
8 17
18 53
94 36
41 62
78 25
99 13
60 27
14 86
65 47
92 22
17 88
68 91
3 5
31 23
55 11
65 51
64 15
72 67
1 63
79 20
57 28
50 40
4 73
12 6
34 40
12 24
5 14
3 77
9 59
58 88
33 0
14 88
87 73
23 23
81 33
59 53
48 15
82 95
89 97
17 16
56 72
95 69
6 57
13 42
75 85
0 66
77 24
59 85
15 98
100 60
97 27
42 22
59 49
39 4
31 72
31 99
16 77
95 42
28 80
31 61
47 18
42 76
42 90
57 70
94 78
0 83
9 78
78 53
38 53
27 77
33 76
42 80
67 26
65 68
5 20
60 97
45 5
63 52
49 23
21 1
15 16
71 43
56 48
52 75
59 5
14 76
9 10
38 98
90 75
68 51
50 53
65 82
9 5
25 9
20 92
7 93
13 97
76 29
24 1
42 33
73 2
70 80
62 15
80 8
3 95
58 60
89 14
61 12
14 67
74 50
70 89
8 87
31 16
42 32
44 47
24 14
11 43
83 46
13 9
32 86
82 81
81 58
65 21
50 39
92 63
11 61
41 9
25 6
71 46
7 42
61 49
23 84
94 27
71 74
95 88
92 64
8 16
26 46
28 68
3 19
25 41
45 72
19 89
91 26
68 26
89 21
27 52
79 24
31 36
53 98
16 62
36 21
27 47
8 70
83 57
91 17
95 38
34 88
43 33
20 63
82 86
55 5
5 47
43 10
60 86
7 95
49 96
35 90
1 30
38 33
1 5
14 9
58 37
51 53
0 8
8 22
78 36
12 75
15 55
81 49
63 96
84 3
64 32
67 8
68 32
14 68
30 45
28 40
88 98
8 95
93 29
77 61
36 18
19 90
60 99
79 80
46 47
65 48
13 93
81 64
39 73
74 60
56 25
27 8
61 53
60 59
28 18
41 78
26 42
16 63
2 64
52 42
13 54
81 38
5 50
22 78
38 45
89 34
15 70
7 51
92 12
49 47
69 20
16 37
25 47
49 82
25 24
25 60
68 54
55 42
88 75
27 15
81 63
17 44
58 95
21 21
25 31
7 19
24 89
28 99
94 0
55 76
97 100
98 9
6 4
80 18
9 51
4 63
4 9
99 59
42 1
24 25
86 53
57 39
50 40
31 80
91 58
30 96
98 82
48 64
69 34
26 16
75 87
48 3
65 22
7 27
95 100
65 45
10 1
89 25
43 34
58 9
38 49
51 40
14 7
82 56
51 15
95 7
11 26
59 1
93 38
99 40
50 8
60 94
15 43
59 61
32 18
85 62
6 98
62 42
48 52
94 52
32 15
91 15
93 43
62 80
44 97
61 62
82 7
28 7
51 10
48 25
9 13
98 80
51 6
85 10
80 29
94 39
40 1
22 43
77 49
13 64
1 34
26 41
4 23
83 94
93 45
72 12
73 35
96 71
74 35
32 25
17 82
34 17
98 27
62 0
30 63
81 37
21 75
75 83
98 83
13 99
15 55
47 71
59 93
3 52
78 14
17 11
43 0
62 80
79 96
11 22
20 23
61 85
95 13
91 85
65 17
81 58
16 2
51 55
14 61
92 49
4 12
52 65
70 41
28 59
41 26
89 61
57 54
57 3
32 14
51 25
47 84
42 35
72 87
57 82
75 39
78 78
32 74
17 10
16 41
60 80
37 46
51 50
58 62
33 72
81 58
70 1
70 69
53 64
30 21
18 69
67 33
88 64
40 48
57 17
92 64
53 41
31 5
64 41
24 59
48 48
17 60
83 44
96 80
41 19
58 0
75 54
51 12
17 39
18 34
57 20
27 32
90 85
48 51
71 96
83 2
11 61
66 48
75 44
93 78
64 62
98 86
80 61
41 11
51 72
35 80
86 52
18 87
85 55
74 64
73 17
44 29
12 80
22 53
2 46
22 74
61 85
13 82
13 37
38 50
81 45
0 80
76 2
70 39
86 29
3 33
38 51
52 39
53 54
73 70
45 73
13 11
52 98
43 8
16 73
1 37
91 66
60 77
38 2
81 1
60 16
99 42
12 26
25 99
2 93
67 88
36 37
90 75
71 26
34 86
18 60
47 67
14 55
22 62
13 63
33 68
69 61
51 4
86 38
72 97
21 46
58 3
54 14
73 0
13 89
6 54
67 31
48 38
35 12
43 56
91 25
4 59
62 43
91 2
88 62
3 73
18 100
59 85
92 43
10 4
38 58
65 44
37 99
16 75
43 13
32 71
0 19
50 65
91 13
20 74
48 32
55 38
18 82
34 73
60 70
47 8
72 77
31 6
75 21
4 63
2 92
66 25
32 59
34 25
27 68
67 32
11 18
65 20
14 61
79 64
8 27
49 59
85 15
64 80
78 46
93 26
17 38
72 84
48 80
90 22
2 91
58 15
0 46
99 90
93 74
57 49
47 96
74 71
31 31
96 92
5 84
49 96
68 96
12 26
54 9
38 55
43 77
80 62
45 1
12 57
57 70
38 77
86 94
58 47
84 75
19 11
11 69
30 89
64 96
58 100
88 90
26 85
62 26
8 92
37 61
8 20
20 48
80 35
82 27
34 37
23 85
64 89
56 78
9 71
21 22
10 53
3 8
55 55
13 64
39 43
65 4
44 8
81 67
20 94
69 84
13 66
6 91
7 53
66 2
16 83
2 29
58 91
18 14
27 69
31 84
87 5
41 31
20 66
6 42
83 62
88 0
95 47
38 20
25 31
82 23
39 82
99 88
1 96
17 91
80 83
43 11
83 73
15 44
1 72
49 10
8 43
76 93
84 95
47 15
56 80
22 35
55 54
2 45
49 99
30 53
39 85
82 81
86 72
38 41
52 51
84 22
51 42
27 78
14 62
84 29
61 74
67 75
80 54
47 26
52 28
71 51
22 92
4 10
82 57
47 6
29 23
57 85
35 60
32 31
99 97
69 57
99 56
55 30
87 92
62 45
99 84
89 8
14 37
69 33
86 48
96 97
57 24
23 4
54 28
29 81
99 28
54 2
65 83
72 64
16 24
90 87
33 94
58 38
15 11
95 38
29 48
53 5
58 58
39 64
42 21
38 4
24 71
73 34
32 20
50 9
60 49
80 91
44 100
49 46
50 98
79 91
66 37
95 45
4 46
20 78
85 16
93 23
88 98
73 73
5 78
75 44
2 15
84 100
89 79
81 8
73 1
14 40
98 59
62 33
66 14
76 42
74 22
43 5
69 82
39 11
19 89
15 71
0 14
65 54
44 59
23 20
58 52
3 15
91 18
2 17
31 66
17 85
57 52
81 91
31 42
59 24
45 76
26 25
42 71
85 94
13 29
51 25
61 21
48 97
78 82
76 3
56 54
12 36
80 19
74 76
45 23
32 18
18 38
98 37
10 74
54 96
28 16
45 65
22 69
6 82
92 74
27 47
29 92
93 65
31 98
14 71
9 8
94 83
83 42
17 42
13 41
78 1
34 60
65 53
85 79
15 8
84 54
68 86
57 64
85 91
47 77
20 76
84 67
10 64
57 86
31 42
3 84
19 69
95 90
12 28
84 17
29 28
70 46
43 27
26 23
39 98
13 78
84 41
44 75
47 49
18 72
85 58
86 76
0 69
52 80
62 5
6 27
13 45
31 51
33 85
85 98
94 82
39 6
21 13
14 7
16 26
30 84
81 49
66 41
68 42
78 98
2 31
62 11
75 57
39 49
27 79
20 95
54 64
89 27
40 44
80 10
28 25
15 25
77 65
57 84
75 94
93 16
35 33
83 77
22 49
44 46
73 89
20 21
33 54
81 8
27 97
69 2
29 83
90 78
95 99
78 73
16 46
11 4
90 84
39 98
70 28
98 61
84 53
48 46
67 5
3 45
23 80
63 45
23 87
43 14
49 51
23 6
99 62
59 57
19 64
7 37
90 7
8 70
73 87
20 92
46 66
77 29
69 37
52 73
56 60
98 18
40 35
44 50
90 84
77 85
100 75
70 57
53 93
15 39
67 15
94 64
75 25
66 99
76 6
91 52
22 51
66 53
54 66
9 42
7 23
92 6
70 74
8 96
66 98
49 61
65 67
36 51
10 29
6 67
12 65
35 8
45 13
40 19
91 60
61 5
25 53
70 31
10 1
39 49
18 70
20 73
83 43
13 16
50 71
16 84
14 50
10 13
66 96
12 40
84 9
45 26
40 1
82 71
90 55
31 68
25 1
46 51
42 56
39 47
14 52
9 77
57 47
64 42
34 90
61 27
62 99
84 67
90 54
64 56
99 54
5 10
72 95
44 63
24 2
10 36
82 89
42 33
92 52
30 65
82 32
100 23
17 81
9 40
22 23
24 48
95 45
69 23
51 100
6 78
52 3
71 59
35 20
27 13
79 42
99 32
17 82
91 94
30 92
54 45
29 60
94 34
89 40
97 51
42 63
53 76
31 93
75 39
29 34
63 50
50 24
84 58
43 95
5 37
94 57
54 86
65 79
63 88
61 43
29 4
87 71
26 68
88 30
14 22
56 9
75 85
62 50
13 94
72 23
93 87
70 7
7 99
92 54
63 76
1 49
0 89
73 34
49 42
60 13
1 81
73 32
1 74
79 56
74 83
47 5
15 73
35 98
37 17
60 87
58 27
11 12
7 24
22 88
50 55
67 62
91 86
15 100
88 63
62 4
37 12
43 64
42 8
31 55
31 62
46 61
41 56
14 16
89 74
16 65
100 39
47 64
98 30
83 81
70 2
20 72
57 89
57 49
19 41
39 96
64 35
64 47
51 3
4 7
40 38
44 25
25 32
59 49
12 88
53 99
73 92
37 88
53 83
77 30
64 41
76 43
22 73
83 20
28 18
13 9
74 55
99 100
73 53
10 18
47 31
95 5
41 10
32 5
29 20
1 23
64 66
93 72
15 21
48 94
63 71
99 57
65 83
44 39
53 19
82 86
16 54
0 93
25 71
23 54
23 5
98 84
19 39
33 18
32 27
84 62
8 60
29 24
5 53
15 50
92 68
93 42
45 3
28 33
94 77
48 51
39 16
90 53
52 76
30 52
53 30
78 88
43 59
95 68
26 72
27 86
27 45
68 48
35 51
100 54
48 74
68 43
26 51
4 58
9 54
52 93
83 11
16 8
33 67
91 95
73 87
9 25
28 98
46 69
34 22
81 51
43 12
85 26
78 20
59 71
78 44
52 93
81 23
99 0
95 47
44 25
57 34
88 10
81 86
63 62
96 8
51 0
59 25
13 39
52 15
64 74
7 26
44 13
37 92
1 85
17 7
82 95
45 58
44 91
72 92
84 23
91 27
8 39
81 55
31 99
64 39
67 2
95 88
30 22
89 52
43 46
17 47
87 57
79 21
21 32
91 53
81 92
73 51
78 15
4 25
91 46
1 12
61 54
63 83
91 39
53 33
98 34
49 30
6 45
3 93
36 9
88 11
13 41
50 2
97 98
2 100
36 56
90 19
32 94
71 69
95 47
39 78
74 29
31 91
97 15
32 32
73 64
100 83
13 92
46 62
2 66
63 35
44 47
78 95
41 80
84 3
38 95
13 83
10 28
26 43
93 17
83 66
90 7
79 3
30 71
22 82
96 73
23 7
20 98
75 15
35 42
15 12
23 86
88 64
67 3
21 43
4 89
70 89
73 40
58 89
39 25
9 82
3 22
93 18
62 94
87 6
93 30
93 28
86 15
42 17
82 64
41 0
29 84
17 44
53 100
65 59
27 65
65 38
100 34
6 91
64 80
97 38
66 16
61 31
73 48
51 31
92 79
28 14
27 44
38 0
87 36
12 50
96 16
92 49
55 80
66 17
76 85
49 97
30 6
25 58
19 69
46 50
52 77
5 36
90 31
47 51
50 100
69 52
34 67
39 51
36 63
89 93
20 52
12 65
37 6
79 84
34 25
90 17
45 27
71 78
34 48
83 3
25 2
63 19
91 57
14 8
30 70
89 87
29 95
5 26
22 74
52 64
19 36
85 75
37 80
29 11
86 91
98 37
22 97
26 91
8 79
12 15
24 20
17 46
12 61
49 14
87 66
91 52
3 4
81 89
41 6
90 2
8 98
52 75
7 87
85 70
92 22
4 10
3 84
62 62
69 65
53 98
56 74
68 85
50 93
18 59
66 77
32 84
44 29
73 37
49 94
99 48
27 60
62 21
53 59
82 79
80 86
26 76
24 40
56 78
73 88
20 35
43 5
48 5
12 81
26 83
7 9
16 4
54 0
55 98
80 100
37 55
0 85
56 40
87 5
34 36
85 26
29 58
51 42
75 9
17 31
75 32
30 14
74 28
93 66
33 37
8 23
17 100
10 42
13 88
76 71
25 12
29 50
15 44
85 74
6 37
0 99
97 40
54 7
98 2
66 25
59 53
93 55
92 58
61 64
85 56
41 64
36 96
58 40
99 41
1 15
59 89
14 31
46 69
89 90
42 15
64 28
43 85
29 99
20 80
60 96
27 84
35 56
31 50
16 53
54 52
36 42
28 12
97 91
5 62
87 68
99 3
53 25
50 9
44 78
18 78
60 50
54 26
36 76
40 45
88 43
58 37
67 27
45 47
8 31
18 13
10 95
29 54
63 4
1 75
89 65
12 23
51 57
22 88
33 80
18 61
13 50
72 60
83 12
100 53
8 19
37 43
33 88
6 97
94 18
77 20
2 79
38 25
86 78
29 33
83 60
3 40
7 5
46 5
32 74
93 87
23 100
39 32
88 59
82 38
22 34
86 35
69 99
93 42
88 19
42 77
26 13
86 73
46 78
96 40
56 80
86 35
10 24
71 85
88 79
23 9
93 64
93 92
73 36
28 45
62 73
9 99
87 12
46 30
31 67
28 35
91 77
31 71
89 87
67 91
77 100
88 96
42 58
100 68
96 61
56 32
14 12
27 12
57 70
21 12
65 91
47 84
77 49
46 17
53 40
94 45
19 72
3 29
75 13
43 2
27 69
21 28
55 16
54 34
52 19
20 29
74 48
33 38
59 49
0 22
16 76
1 90
58 7
82 8
66 87
6 96
22 11
0 98
55 5
34 43
55 33
50 17
30 8
50 21
52 82
67 57
71 6
40 10
16 42
28 30
51 23
46 74
95 58
50 54
29 2
18 44
61 41
18 31
10 29
91 78
93 40
73 76
89 29
2 73
64 45
98 62
34 81
50 62
38 47
31 69
10 23
73 53
88 46
7 93
87 50
48 75
62 6
26 61
35 2
1 30
2 74
43 91
31 36
14 5
56 82
25 59
66 95
20 77
83 40
57 97
47 3
18 34
57 90
14 30
36 60
99 50
79 76
90 42
19 40
9 88
57 29
55 44
88 52
90 35
43 50
75 74
44 16
64 51
4 26
24 11
84 85
43 59
0 85
19 97
42 98
59 43
69 70
26 93
9 97
5 78
17 8
34 14
80 97
49 64
43 18
69 1
33 32
23 79
3 76
11 99
7 6
83 64
43 68
91 98
64 51
74 46
69 21
45 7
21 45
74 47
80 76
69 55
87 79
24 0
70 63
41 32
55 33
59 15
67 69
73 70
84 71
49 7
14 69
0 31
11 48
6 81
17 42
44 41
79 82
22 28
0 98
24 57
60 23
91 51
23 47
23 31
26 87
13 31
47 14
28 77
93 53
25 65
6 90
99 18
87 51
25 33
61 4
46 4
54 87
19 74
70 18
22 12
38 82
57 18
65 17
30 10
86 54
59 6
12 35
62 57
42 73
49 74
95 71
32 85
22 26
34 85
65 53
21 90
24 85
98 12
20 58
26 19
73 97
68 73
36 66
5 49
91 27
43 44
57 72
93 2
1 37
9 80
17 13
49 100
27 0
89 67
3 99
59 13
100 32
19 81
73 49
31 15
91 32
100 72
37 0
6 29
36 4
55 78
28 15
85 94
97 1
99 17
22 94
58 22
88 57
18 98
32 54
45 99
80 92
1 32
98 63
52 68
6 8
62 91
18 41
60 25
91 64
93 68
41 34
87 17
68 33
22 10
19 71
54 69
14 90
34 6
17 2
98 36
52 21
63 65
75 68
44 65
58 77
99 48
48 63
20 56
72 38
8 1
89 96
26 73
1 47
59 69
92 73
57 77
68 65
87 76
60 77
83 3
63 92
60 95
19 5
80 81
25 0
17 51
96 52
76 39
32 83
79 21
86 39
26 97
7 45
1 62
95 93
19 27
58 0
21 24
65 44
30 26
62 67
28 8
84 9
1 43
3 91
39 45
78 29
16 30
97 90
13 83
83 62
91 12
16 100
63 20
51 63
2 38
64 26
78 73
64 84
59 50
53 87
99 94
49 84
76 88
3 28
28 63
93 2
23 49
47 71
97 9
73 93
10 50
6 40
33 88
61 31
26 23
45 3
59 66
33 60
86 12
50 20
97 86
65 88
17 2
27 22
4 72
89 63
12 1
45 55
55 64
43 54
1 87
13 11
88 61
22 86
85 42
25 40
49 60
41 69
33 34
62 92
55 5
28 89
67 76
47 58
95 9
11 80
81 72
10 49
26 1
81 25
16 50
85 83
21 76
89 81
77 20
65 48
57 11
36 73
62 60
78 42
32 6
45 79
54 74
48 43
4 88
60 44
53 21
88 64
21 73
26 52
9 52
92 67
74 58
46 63
31 32
69 26
18 78
0 30
88 7
48 56
24 52
18 53
78 17
67 47
73 11
93 47
87 47
47 7
23 37
5 71
73 49
77 39
16 36
61 5
90 62
0 76
93 76
85 77
39 45
23 8
3 100
1 94
44 60
19 42
21 95
1 18
50 72
59 71
77 72
14 17
0 66
53 42
83 75
51 48
65 4
64 57
87 46
32 66
41 57
48 60
22 83
9 18
55 26
8 75
50 17
26 26
25 78
65 68
25 32
46 45
11 29
2 34
47 73
72 74
5 94
57 90
6 71
39 16
78 12
23 96
72 10
93 22
25 14
8 52
25 17
50 97
43 31
64 2
57 92
93 79
36 79
10 21
59 65
57 48
50 45
85 3
21 40
38 84
90 2
32 43
20 45
84 59
33 25
13 78
68 24
100 55
100 45
7 45
35 78
29 34
98 9
98 15
88 33
16 52
10 52
32 90
0 31
86 53
100 81
84 28
7 36
78 62
61 1
65 20
61 89
74 17
64 31
42 21
69 10
53 53
49 11
83 90
43 90
55 39
91 88
18 73
67 4
48 58
1 81
93 19
83 88
72 27
45 38
89 50
38 96
98 80
33 32
95 23
33 85
23 79
17 68
32 61
94 92
8 46
21 1
2 9
68 20
8 42
74 42
19 98
77 32
84 27
71 3
91 12
26 34
98 38
26 99
82 87
67 64
13 28
21 95
14 78
28 51
28 59
46 92
56 37
7 3
8 39
57 83
78 9
100 91
8 68
20 65
74 26
17 81
30 82
52 15
26 11
22 26
83 69
93 16
12 8
20 74
91 67
27 14
7 54
47 12
23 18
77 97
19 58
8 40
93 43
79 95
53 42
32 72
60 37
23 11
44 63
29 37
36 17
99 80
42 11
44 89
96 39
8 58
59 64
89 54
24 32
32 15
14 60
65 59
17 72
34 27
99 40
64 95
28 45
82 75
30 29
16 59
25 98
20 11
33 26
92 30
8 3
18 42
63 33
47 29
28 82
48 20
38 49
11 47
86 10
13 65
58 70
59 1
93 58
13 67
54 16
17 87
30 17
33 67
86 10
78 58
58 44
2 75
26 74
21 72
59 94
20 49
26 4
34 29
17 61
8 33
69 97
66 52
97 67
49 38
76 32
65 67
88 92
71 8
47 12
51 95
8 100
68 77
31 0
24 13
27 100
19 44
60 63
74 89
93 37
40 53
31 46
13 41
31 89
42 0
66 92
86 53
33 42
34 44
51 24
44 56
80 59
4 56
76 43
64 63
18 76
2 66
40 88
21 46
44 17
3 15
47 33
55 94
36 19
45 86
55 21
79 93
97 81
7 6
31 32
23 71
18 100
76 71
64 23
4 20
80 21
58 86
53 81
38 41
86 49
97 76
75 78
89 91
95 34
87 38
85 40
93 28
9 92
37 71
12 4
53 61
54 55
5 68
17 43
90 36
25 100
88 70
44 3
66 76
48 17
22 38
96 1
5 37
75 72
76 92
20 34
88 9
27 24
26 55
94 46
68 10
63 12
78 57
28 13
93 18
82 100
24 38
64 94
26 62
29 44
75 40
40 56
65 0
91 68
67 85
19 26
10 74
73 66
46 4
93 48
91 8
95 9
20 38
88 81
1 27
40 55
62 45
76 73
85 62
46 37
20 99
0 82
66 15
81 88
37 21
54 50
52 14
39 33
74 62
34 46
49 76
74 8
89 97
92 30
7 92
34 74
67 32
30 35
58 32
47 67
3 82
87 56
95 31
38 41
53 55
16 63
99 31
70 64
48 69
57 55
3 14
40 72
94 67
66 78
68 27
2 15
59 45
86 94
96 14
9 27
59 100
50 12
83 89
69 44
29 22
61 78
56 72
99 2
67 27
11 27
47 100
36 10
93 96
75 49
41 51
16 71
53 15
17 40
44 78
56 69
8 79
100 72
33 93
52 57
4 80
100 4
4 12
53 42
90 44
1 23
94 61
11 18
49 65
86 53
59 95
26 80
77 65
66 71
17 25
45 97
79 49
52 89
37 74
8 23
98 79
7 14
41 77
83 87
18 13
10 65
10 96
53 15
56 67
49 24
4 36
50 27
5 90
31 49
34 3
79 60
26 65
6 52
35 90
25 72
10 54
42 92
7 14
45 3
61 62
46 5
45 86
39 49
74 47
13 38
78 12
58 19
44 66
91 54
42 7
55 58
89 79
68 53
24 90
12 23
83 90
65 63
15 72
72 40
66 31
22 6
6 13
92 74
8 9
75 63
23 63
41 15
76 24
50 64
96 80
74 31
41 11
43 21
12 27
98 42
97 23
0 26
36 49
33 77
99 79
77 68
97 47
43 89
41 22
67 1
59 62
27 66
71 4
45 79
19 35
7 68
90 74
27 52
30 87
7 11
81 82
65 12
80 26
79 100
81 96
21 7
39 93
7 26
35 25
59 30
0 19
75 58
37 83
32 2
17 55
69 37
9 19
85 20
8 93
75 18
56 87
1 87
68 11
57 91
26 88
86 17
66 23
67 81
57 38
90 48
74 77
92 42
97 81
85 94
54 63
99 8
92 32
64 4
38 9
38 30
41 84
40 80
77 61
87 51
54 30
96 20
48 15
24 72
48 49
96 46
62 62
59 89
74 64
51 22
52 67
17 53
57 62
58 69
76 23
39 6
42 77
24 19
74 26
48 67
76 33
63 56
31 91
8 99
6 47
0 27
85 43
5 78
14 99
30 76
25 79
55 19
40 62
94 59
18 83
43 47
19 67
15 15
70 68
97 91
7 54
52 83
28 93
27 82
93 37
5 60
97 25
61 6
83 54
26 90
35 12
0 42
63 70
92 16
43 66
70 16
50 16
57 48
22 85
77 23
3 55
96 85
87 62
42 29
5 74
100 19
23 95
37 0
77 20
30 92
41 36
25 93
73 7
54 17
5 13
45 78
67 12
30 31
80 86
40 66
38 18
5 95
38 32
21 73
10 83
56 40
33 90
88 12
59 65
97 17
33 96
34 39
91 5
68 3
50 34
93 99
78 30
19 9
88 97
67 23
77 61
73 50
23 5
80 37
86 44
99 90
60 33
80 42
55 67
43 68
31 50
31 86
76 10
73 26
92 83
58 59
84 31
39 44
61 8
87 40
94 67
56 27
76 95
5 50
56 65
28 14
32 37
54 66
73 30
10 93
5 61
63 24
25 52
43 12
35 6
31 57
97 86
57 48
80 67
14 65
70 44
18 69
98 27
76 46
51 54
43 54
20 91
99 74
59 4
81 18
4 27
97 60
18 78
38 49
54 27
11 15
98 34
88 28
31 96
34 80
39 55
15 23
57 95
52 13
90 92
83 41
29 75
96 52
49 81
76 15
95 10
13 12
28 16
3 33
64 79
33 35
80 32
13 2
97 87
87 78
85 37
49 36
41 17
50 34
4 56
7 82
41 58
58 24
78 78
86 55
99 69
69 42
24 37
12 66
50 2
41 84
53 55
86 97
70 64
48 37
42 17
93 68
6 74
77 57
48 26
4 95
37 36
83 95
75 56
97 52
25 99
13 97
56 78
12 52
21 36
1 82
74 63
25 5
25 27
58 49
43 76
64 12
32 57
3 87
88 75
9 75
47 53
41 76
76 36
36 0
9 69
77 44
15 36
58 14
38 43
3 6
3 51
72 33
48 7
12 94
46 60
38 14
9 88
19 60
93 100
63 85
81 13
36 49
63 90
94 16
99 94
49 23
86 56
79 48
81 52
41 63
1 73
68 2
16 64
88 37
31 35
72 8
26 38
51 20
25 61
34 35
50 88
70 84
38 4
92 57
81 28
56 45
64 96
7 59
69 90
85 64
73 40
66 12
18 26
95 76
82 68
5 90
91 8
47 28
72 52
52 73
1 39
100 55
24 8
50 73
68 15
22 79
4 17
97 40
76 62
34 85
43 5
49 67
32 99
9 41
78 0
54 8
36 25
3 30
11 67
18 71
97 22
41 26
86 29
63 63
38 57
41 22
66 71
73 80
20 52
87 20
28 43
67 27
11 71
71 6
28 59
65 47
38 23
46 19
35 50
82 74
12 41
60 73
26 61
63 29
21 11
13 96
48 51
70 86
46 19
98 43
15 79
83 67
83 65
26 70
96 49
34 24
83 60
26 64
16 81
58 32
30 45
27 86
10 70
55 89
26 100
78 1
52 86
24 23
38 39
10 70
17 22
30 61
76 6
78 83
52 40
24 86
6 31
52 53
28 34
2 88
21 2
60 12
26 12
21 53
22 49
34 91
72 94
90 31
3 59
29 9
68 93
11 88
58 15
25 69
64 51
69 91
94 36
92 53
83 100
50 78
45 100
53 30
67 74
64 65
21 96
69 66
47 59
86 63
1 89
27 29
11 86
66 82
34 11
17 30
33 93
94 18
67 96
86 69
16 18
44 61
54 24
38 95
77 43
65 20
44 11
37 69
42 32
71 38
50 37
60 69
29 56
80 47
37 51
28 69
59 62
35 74
12 17
37 37
80 93
69 3
81 96
96 19
40 11
69 64
66 31
12 35
63 32
35 85
25 77
5 43
66 92
0 24
40 37
62 94
49 22
19 74
42 100
80 7
22 54
61 10
39 1
22 65
47 11
54 38
42 16
31 38
53 4
93 2
8 70
54 46
49 70
96 22
10 55
71 5
85 52
18 55
7 3
55 8
45 97
21 22
0 85
23 13
49 74
56 20
7 49
96 77
98 54
72 25
54 42
61 85
80 47
56 54
55 13
54 56
1 21
40 35
66 96
64 97
5 76
53 82
84 68
36 82
4 71
96 7
30 59
82 20
85 86
27 61
18 99
0 81
17 50
48 49
53 1
23 57
26 49
15 68
5 8
27 59
19 41
9 33
30 56
42 12
12 66
85 78
8 3
44 83
37 8
16 28
30 50
66 6
52 38
83 93
79 10
99 64
66 0
99 93
34 28
83 30
57 70
90 65
9 13
75 49
75 97
73 68
0 12
8 49
87 11
97 17
55 34
13 88
2 24
17 27
39 0
73 63
27 76
32 80
68 28
86 94
49 2
98 16
22 14
4 56
74 1
49 87
80 95
4 22
42 81
35 95
7 70
66 77
43 58
44 5
91 27
60 33
82 73
49 97
1 77
13 11
20 14
96 67
66 35
92 50
44 62
65 63
65 67
42 82
83 21
65 38
29 28
31 4
61 66
28 83
28 51
74 51
34 59
59 36
42 28
88 59
78 22
54 97
39 58
96 16
9 92
8 95
86 1
63 62
92 40
47 42
30 87
18 57
72 93
9 25
64 30
72 93
40 10
33 1
24 87
7 46
44 29
52 94
51 75
72 1
76 48
74 56
26 72
86 79
96 20
9 90
75 15
87 70
27 7
8 42
59 86
91 12
85 16
92 10
38 43
87 22
71 14
64 66
88 21
30 57
15 52
87 24
78 42
2 97
20 27
70 44
99 40
46 64
83 96
77 65
57 8
51 49
84 7
45 75
50 91
60 59
34 67
75 47
6 98
8 60
98 35
89 5
2 79
30 5
75 38
60 37
35 47
12 83
18 57
50 12
92 24
85 88
83 50
58 27
17 21
99 39
23 56
24 53
31 6
69 1
34 82
62 81
35 28
60 40
36 49
43 6
26 85
6 67
27 76
10 93
78 75
76 28
91 10
60 9
8 3
85 56
71 6
32 46
41 84
91 76
23 66
76 65
8 1
39 88
67 40
53 78
16 65
31 39
18 38
10 58
44 74
49 7
55 35
10 38
12 64
16 60
10 41
76 13
79 46
59 86
29 42
24 45
22 29
26 8
43 12
22 77
1 52
28 86
86 99
57 88
9 38
98 6
98 76
6 46
6 70
99 35
65 63
94 37
61 26
40 14
91 60
57 64
1 36
37 19
14 84
82 61
25 21
9 31
91 75
0 17
72 88
86 34
1 7
79 57
72 32
97 57
80 64
97 34
100 78
9 76
68 93
19 42
45 95
68 89
3 69
69 15
90 63
82 75
81 27
61 84
18 15
92 48
84 89
13 82
86 34
62 73
28 6
78 12
74 47
6 40
35 76
63 94
74 33
95 52
42 30
31 61
58 77
63 85
11 85
99 69
58 59
34 29
16 9
65 98
13 96
49 76
33 4
82 20
36 5
76 30
15 55
12 5
25 79
37 82
70 78
98 83
5 71
70 82
90 8
28 99
49 97
74 86
2 61
5 12
36 20
92 83
6 75
54 62
65 91
61 11
89 30
83 29
38 41
6 90
53 91
24 77
74 33
85 81
79 66
90 64
47 10
91 70
44 35
73 36
52 21
5 51
43 0
82 92
18 52
100 52
90 40
80 96
58 87
3 88
8 75
2 94
54 45
52 92
73 82
10 18
72 46
46 42
20 42
48 48
58 47
17 27
44 8
57 3
56 46
33 67
43 84
7 97
81 64
34 27
95 75
69 84
41 13
14 52
57 12
7 88
18 26
29 61
83 89
37 73
62 33
13 100
85 16
6 38
84 81
65 22
42 21
15 21
2 16
73 31
72 82
75 72
74 18
33 62
60 41
72 83
10 51
63 27
62 41
57 99
20 0
55 96
100 44
64 19
22 83
39 91
77 61
51 84
97 32
40 39
69 7
62 28
29 31
54 17
52 23
57 65
82 55
62 2
38 7
59 55
48 6
15 49
16 42
21 74
56 97
27 2
31 28
1 43
57 46
71 13
6 50
88 29
94 59
95 55
99 60
83 53
7 1
73 76
100 24
31 43
51 43
95 28
7 100
8 91
95 39
23 34
57 36
95 5
68 89
43 34
39 34
73 51
76 82
56 100
94 46
69 38
7 93
52 2
25 77
85 64
98 80
77 79
74 71
8 14
4 27
1 73
85 49
62 35
20 72
71 33
22 37
28 89
45 27
72 27
60 49
99 11
47 96
49 83
88 66
8 80
81 33
28 63
39 86
92 30
48 61
21 22
10 74
41 94
79 4
74 21
48 74
63 63
14 16
66 34
70 6
87 24
4 90
44 68
28 58
8 41
36 18
2 54
43 96
45 54
56 33
69 4
14 31
75 32
65 97
28 57
91 24
31 69
22 80
10 95
97 0
76 89
17 74
77 45
50 52
88 25
49 98
48 42
28 78
37 78
7 92
96 62
50 49
21 4
39 92
12 96
16 32
3 5
79 94
81 99
55 89
69 38
24 21
42 23
75 35
31 12
54 14
51 38
61 20
9 2
60 61
83 56
36 29
91 79
91 7
83 39
77 91
75 0
97 44
50 74
18 17
25 78
22 45
30 52
92 30
45 26
45 47
14 40
90 57
9 46
95 31
81 19
8 9
92 50
95 62
49 21
9 22
20 89
52 96
87 46
88 99
62 22
5 62
0 84
70 46
15 16
45 47
36 36
51 81
28 76
84 60
45 68
79 79
32 31
63 52
38 66
58 65
85 6
46 31
51 2
62 82
77 15
78 10
54 88
7 73
87 62
88 28
63 12
97 61
37 57
24 61
10 99
63 17
57 12
95 91
35 5
54 15
33 46
66 27
9 28
8 91
79 68
70 1
18 15
23 63
4 65
11 70
98 68
29 32
39 33
68 7
17 92
86 52
29 31
10 16
39 69
0 55
32 50
18 35
96 9
37 18
4 53
6 13
66 82
79 14
89 91
5 65
26 18
23 90
82 90
24 33
86 26
14 94
80 79
43 20
29 65
23 26
22 80
15 95
47 67
54 59
13 1
6 53
56 51
77 66
46 63
27 38
97 53
1 27
14 21
11 95
0 61
20 28
50 56
98 53
18 64
95 53
52 51
32 59
84 7
6 35
64 61
82 28
84 1
40 43
41 23
1 13
52 21
29 5
34 57
91 94
63 52
2 92
64 74
29 65
21 36
59 24
63 39
87 64
83 88
76 94
28 90
68 59
12 80
34 2
28 96
83 45
87 68
32 57
88 12
22 92
91 93
86 29
1 51
24 88
95 83
60 23
78 50
47 94
62 89
30 5
98 32
60 95
13 40
83 80
31 3
6 97
23 31
44 34
37 34
29 28
95 25
7 23
2 87
97 49
75 41
45 32
54 67
74 64
5 81
71 49
87 68
68 3
34 2
49 55
87 38
60 13
34 81
14 7
98 15
47 9
11 66
28 100
45 3
25 30
51 93
36 52
13 38
98 26
96 56
11 18
52 64
32 3
29 10
64 44
93 53
75 65
38 86
78 71
55 23
78 22
9 13
79 37
60 30
97 26
63 0
46 17
51 78
22 47
29 49
22 32
2 63
5 59
2 48
62 74
20 39
2 9
66 20
9 56
43 55
62 93
91 80
93 98
15 74
96 10
60 98
37 26
85 53
32 37
42 82
43 64
79 12
42 61
67 8
7 59
11 17
68 26
97 73
28 5
53 89
30 49
7 28
72 83
100 69
63 81
51 83
33 52
51 54
94 65
0 86
98 4
38 21
89 78
75 60
59 83
92 19
20 89
2 32
75 9
58 94
41 52
99 41
80 67
77 97
82 21
58 90
98 38
12 3
38 11
68 17
92 84
78 24
30 25
64 99
46 50
26 8
67 71
9 42
83 86
59 64
73 77
93 70
48 74
60 39
20 28
37 94
32 82
77 1
43 80
45 50
59 26
36 100
41 87
77 100
29 93
73 51
11 66
79 39
100 6
59 98
79 89
9 38
64 3
47 44
9 74
82 49
83 61
42 34
2 1
1 46
15 88
74 71
8 78
7 83
17 87
46 68
12 81
32 24
66 12
76 48
38 70
17 98
22 45
79 75
5 21
49 51
23 15
30 83
21 21
21 4
95 9
6 78
81 2
74 58
63 58
94 67
65 28
98 1
50 45
28 10
59 21
53 52
79 98
84 4
6 26
51 3
4 0
55 60
26 23
61 36
66 53
68 13
6 11
80 4
52 81
75 0
70 47
34 12
68 17
94 79
89 87
78 67
64 76
53 83
3 96
17 79
81 22
24 14
43 12
56 31
15 59
50 0
37 46
5 2
64 81
65 26
83 43
45 50
44 77
77 69
11 48
83 12
82 25
96 98
9 4
87 59
82 77
72 12
39 54
99 86
46 65
82 28
26 17
56 64
95 74
61 13
99 41
100 26
3 20
65 29
34 60
7 76
20 45
100 6
75 26
68 94
12 71
29 95
30 85
86 6
24 6
85 26
74 97
74 12
85 15
82 81
68 79
39 21
60 96
41 61
41 68
8 8
40 95
81 79
46 37
86 93
52 50
63 33
91 28
79 18
82 95
65 89
89 57
29 89
19 24
48 36
80 67
65 82
68 25
46 40
29 74
90 76
18 43
4 92
59 44
73 87
24 44
58 86
56 5
67 46
95 79
60 82
28 59
72 72
90 78
61 34
77 12
82 63
100 63
31 69
52 25
60 39
30 9
15 27
71 11
100 2
4 39
75 91
34 28
69 23
73 22
84 17
9 58
6 68
36 25
70 40
11 10
93 4
18 73
16 47
39 37
97 14
19 9
57 27
66 43
26 28
67 78
99 68
16 96
37 1
97 37
48 85
68 94
31 33
10 53
47 54
44 68
75 55
75 99
5 49
15 81
36 52
98 66
53 65
18 1
5 24
12 54
62 25
15 43
0 91
83 84
14 81
97 2
13 30
27 3
71 6
15 82
26 32
57 94
43 64
60 13
43 28
26 12
57 58
50 81
22 84
57 8
73 91
81 27
7 70
50 70
89 18
33 49
1 54
12 73
27 43
78 91
10 54
2 15
14 44
42 0
59 35
46 31
55 62
36 61
86 67
34 33
9 71
47 80
79 30
46 5
43 42
60 19
85 98
86 28
23 48
6 77
46 73
12 69
92 2
20 2
78 14
33 12
98 78
46 11
7 19
73 88
26 74
35 38
16 48
35 8
49 3
40 49
91 46
78 95
33 95
4 3
98 34
41 10
2 0
13 53
95 30
85 26
91 80
1 91
8 0
12 58
66 25
20 79
1 0
76 29
84 68
93 22
20 20
1 47
2 82
88 45
19 52
18 19
51 76
90 68
64 29
52 28
74 72
63 31
53 38
35 43
21 45
9 55
22 8
42 18
87 73
93 82
97 8
73 6
40 87
27 0
54 48
46 32
36 60
9 13
15 60
25 21
4 42
28 25
50 30
9 16
50 4
34 6
22 60
61 95
68 1
58 88
96 38
71 45
45 4
6 94
93 93
44 57
13 61
15 65
92 13
14 82
80 52
20 86
14 54
22 97
54 35
42 47
79 80
37 29
23 26
40 50
48 56
73 80
39 89
79 75
76 6
67 29
19 36
69 92
92 68
44 12
68 32
17 73
40 43
0 39
21 6
11 92
51 78
36 63
50 15
85 92
37 94
85 16
94 2
66 12
94 48
64 51
39 65
2 3
81 83
6 41
9 43
50 77
8 42
8 2
54 1
72 4
50 62
69 20
78 93
87 74
81 69
5 2
16 93
85 53
21 86
24 41
36 28
12 11
62 27
14 35
91 75
10 86
30 28
84 10
64 35
76 78
0 79
13 84
93 10
89 62
79 77
21 88
25 52
60 35
32 9
10 34
80 100
67 91
21 73
54 0
0 94
9 100
30 76
71 78
70 91
8 47
23 43
1 96
100 63
36 84
32 1
30 6
63 20
62 3
97 47
37 67
47 14
92 48
16 17
38 54
82 6
47 16
78 7
6 83
15 17
43 9
79 45
77 64
80 72
90 38
63 79
69 22
90 66
78 74
100 77
65 99
12 20
93 84
83 87
37 86
56 66
82 69
8 59
75 87
99 67
60 17
59 6
11 87
84 9
23 3
36 27
83 33
6 76
57 48
53 50
42 78
17 25
22 77
68 20
17 78
83 100
56 15
94 56
27 2
25 83
100 39
46 83
73 5
74 35
59 86
60 31
60 51
92 61
73 16
88 70
23 17
28 45
54 74
68 36
28 91
52 37
16 20
28 29
32 45
16 55
99 40
38 5
15 28
31 34
40 38
23 35
55 67
73 18
57 28
40 97
94 39
81 40
12 34
39 16
20 98
26 95
26 56
11 11
41 8
14 71
58 62
23 60
86 22
24 73
76 53
92 2
50 43
55 66
39 36
79 78
78 36
39 48
90 21
38 13
36 81
68 2
68 64
82 7
43 62
68 27
96 28
57 98
28 65
3 11
52 62
61 15
75 19
78 89
93 57
52 53
83 41
37 96
88 16
52 62
9 68
49 41
25 70
78 68
79 64
78 67
22 57
96 73
32 98
99 76
83 99
8 82
6 82
69 2
62 46
56 80
76 37
84 91
28 7
74 1
4 43
69 46
1 47
53 34
23 65
81 59
56 82
46 40
66 53
71 78
16 41
68 40
24 99
53 78
23 22
95 33
10 62
67 19
18 76
53 33
11 9
88 27
9 58
39 76
14 51
63 5
98 0
70 74
82 16
48 68
31 70
66 96
95 87
25 55
11 64
0 84
71 40
49 65
42 21
31 9
53 38
28 45
19 27
93 1
40 93
65 2
36 46
42 11
42 93
12 68
98 28
61 50
92 28
5 49
91 62
26 64
1 57
67 97
47 71
51 34
90 78
70 55
79 47
75 74
1 28
48 8
5 100
51 52
81 70
35 47
40 35
36 8
19 57
20 24
3 91
51 36
2 89
34 38
1 58
0 73
5 43
75 3
99 82
47 53
17 35
32 5
9 62
45 13
37 64
22 19
76 42
88 65
52 53
35 90
31 14
96 61
47 78
82 27
47 57
36 94
25 66
96 38
52 69
76 19
91 22
33 89
94 92
85 45
58 2
3 52
63 28
24 26
47 70
94 63
77 50
69 25
69 33
2 91
33 79
20 50
6 56
87 84
45 42
98 9
10 3
14 71
26 26
75 41
13 53
31 17
98 46
44 84
11 22
10 62
49 70
81 57
39 29
77 58
54 71
19 85
44 77
51 79
68 92
10 58
81 51
65 67
89 65
58 75
95 23
33 68
87 94
32 3
30 3
35 33
15 18
46 0
96 39
58 13
52 50
32 97
61 87
46 30
10 68
13 1
97 62
64 10
24 58
74 49
49 3
32 43
14 88
27 44
0 43
87 82
80 24
98 76
22 48
55 84
87 74
2 85
48 93
79 71
95 36
75 21
91 24
75 37
33 55
55 38
41 94
77 4
78 86
36 64
34 29
28 25
40 76
62 92
43 26
86 35
81 18
68 88
4 56
19 4
93 91
55 74
3 32
0 19
24 43
62 67
67 85
15 83
52 66
14 84
76 84
38 86
61 33
8 58
63 96
4 2
81 3
38 95
4 87
62 23
17 23
73 1
79 100
6 50
30 39
80 75
82 59
95 19
94 56
17 51
60 1
46 42
70 68
32 1
76 69
11 76
26 73
13 68
53 61
84 55
23 38
47 64
13 31
100 67
40 98
12 53
48 85
43 68
7 50
58 86
25 78
91 17
43 55
17 92
12 4
66 81
53 75
70 15
71 62
10 61
89 97
27 22
19 50
20 86
35 23
21 56
75 34
31 2
66 39
71 21
30 55
76 73
79 63
60 21
25 4
23 39
84 62
14 69
14 90
60 31
63 85
99 49
27 68
45 15
94 86
92 17
79 73
19 54
39 52
0 13
29 31
5 41
79 56
11 20
8 61
73 77
40 3
77 98
51 61
13 32
14 76
63 41
88 58
7 84
31 62
17 22
64 28
2 51
54 19
15 74
1 91
13 5
44 70
79 56
75 21
21 7
87 62
41 60
60 11
4 98
71 25
49 56
1 0
87 98
99 91
