1000 10000
67 60
83 91
8 60
69 9
68 5
79 88
96 92
4 41
48 22
23 6
0 67
23 35
73 45
11 85
72 46
99 48
82 37
90 64
49 89
77 4
56 59
60 24
59 66
28 68
38 55
55 47
99 18
42 98
72 78
21 56
96 74
51 2
84 44
24 81
26 51
45 75
96 70
72 98
72 74
12 42
21 24
30 6
54 52
45 55
65 44
61 56
16 45
31 89
23 91
70 26
12 29
44 15
20 43
4 20
40 41
13 25
91 44
84 39
45 62
72 88
20 12
75 97
55 0
81 66
52 48
65 15
89 89
26 11
98 72
73 93
92 57
100 84
68 86
27 17
63 17
9 35
70 81
50 28
15 36
85 96
82 52
66 88
44 72
11 83
49 64
66 89
35 1
53 6
42 72
35 50
72 84
24 23
17 51
13 88
72 90
53 32
67 46
84 93
61 44
70 3
27 65
89 43
31 35
8 74
49 28
21 17
32 25
20 62
40 89
84 43
26 66
47 9
83 68
47 85
67 12
12 85
23 66
62 7
96 60
3 82
85 19
85 80
89 27
0 86
63 75
98 73
36 86
77 12
33 92
52 71
41 80
12 21
35 57
15 78
25 78
65 9
90 23
60 64
65 55
6 36
89 4
5 2
92 76
25 1
90 23
54 74
74 82
47 55
48 66
77 51
1 98
57 78
80 60
72 34
24 53
69 3
65 40
32 18
17 77
1 14
90 13
69 58
33 63
5 46
57 12
92 1
89 13
29 59
42 37
11 52
39 65
95 10
86 1
56 77
21 51
41 5
33 60
90 86
72 36
40 73
52 45
27 51
64 10
34 75
25 97
65 27
33 5
3 46
62 33
13 50
95 56
28 21
95 55
76 8
76 35
6 41
2 52
65 97
1 96
40 0
81 33
95 69
88 77
31 37
98 100
100 80
87 3
93 55
65 76
64 35
63 54
93 43
7 5
42 41
75 33
43 76
80 42
91 24
56 79
11 45
94 56
24 73
61 91
28 59
96 32
13 42
16 9
0 61
71 10
60 8
57 76
66 24
75 73
34 63
34 18
80 78
69 25
73 46
87 86
81 81
68 90
28 53
55 87
66 57
36 88
63 77
61 85
11 49
91 21
97 50
34 32
38 72
48 33
43 92
45 2
55 54
74 65
4 76
38 72
7 73
86 4
23 52
44 86
50 30
14 94
20 87
50 81
64 20
93 26
60 9
36 73
55 50
9 40
24 62
27 29
79 1
16 7
87 40
10 91
94 64
0 35
83 34
60 36
63 23
55 50
58 19
1 44
37 89
57 83
28 43
49 91
75 43
62 25
67 25
22 50
10 6
38 25
63 2
85 34
30 19
38 2
21 94
0 87
70 91
97 34
41 89
27 1
19 86
5 66
9 69
47 38
0 56
91 55
25 7
97 2
73 85
35 16
82 14
94 84
37 4
47 45
63 37
19 2
26 48
30 75
67 80
3 2
31 98
9 88
96 8
31 80
41 59
83 70
78 55
23 32
82 45
41 85
93 49
16 77
46 41
6 12
13 28
94 71
66 17
21 55
18 50
46 61
18 52
56 41
72 75
61 8
25 88
67 86
87 92
69 83
79 32
24 94
79 51
49 29
65 19
22 31
77 8
33 67
84 99
16 78
81 96
84 38
52 98
16 87
56 44
34 49
21 93
6 82
45 49
30 83
31 50
86 73
88 87
42 35
77 14
24 0
62 66
71 50
28 40
4 44
91 71
98 93
55 23
56 62
45 87
60 94
17 7
23 1
90 23
48 21
21 37
83 89
75 85
45 29
79 63
34 28
96 88
5 27
66 26
70 40
82 52
71 64
66 43
37 96
49 3
21 64
100 59
72 21
72 48
40 89
73 14
0 7
0 45
4 50
10 52
48 4
84 92
26 57
22 31
28 72
84 10
49 46
18 88
19 64
18 2
85 100
30 90
83 17
38 86
81 93
2 82
66 66
66 30
39 96
45 43
33 92
54 30
45 8
54 62
9 52
7 11
3 37
87 10
43 78
25 46
51 68
63 39
45 59
84 84
21 79
88 99
12 29
94 41
58 40
36 1
5 73
75 89
96 100
71 79
98 49
40 96
74 89
55 99
60 91
34 4
29 3
27 76
13 80
34 80
88 26
38 3
31 62
25 32
65 26
23 51
65 26
61 97
95 19
77 70
33 30
4 88
44 0
61 44
15 25
13 49
87 10
7 12
16 46
3 49
54 5
17 13
41 24
45 46
87 27
53 34
90 81
33 85
36 26
1 94
67 12
70 48
23 95
63 46
24 88
100 88
34 100
9 15
24 82
5 50
77 34
27 29
9 90
40 38
6 58
74 2
73 52
63 63
41 45
59 26
78 1
70 90
10 8
92 89
89 23
76 79
70 43
51 55
54 26
0 75
37 58
41 97
14 100
50 6
68 18
14 35
33 39
98 99
61 1
46 66
64 21
21 85
86 12
61 90
58 34
7 14
75 7
48 93
91 98
71 77
98 28
95 27
31 90
63 70
2 63
39 32
55 65
67 91
83 17
9 97
58 7
9 55
60 8
86 52
19 76
44 7
87 0
89 49
91 74
86 26
12 90
5 98
27 46
38 79
41 12
61 84
85 10
6 12
86 63
45 44
69 52
77 25
46 31
47 97
61 49
52 39
62 81
80 65
75 35
84 93
99 64
70 83
6 34
90 97
33 80
92 66
88 17
33 37
39 84
50 23
59 30
48 54
15 20
51 26
72 100
37 3
92 21
66 20
57 66
73 77
95 7
72 51
25 98
0 55
29 10
95 59
73 29
48 41
22 81
20 29
25 31
51 73
76 78
32 83
39 59
27 75
52 66
87 49
21 84
47 100
11 97
66 67
14 1
40 16
64 92
42 92
70 53
77 44
27 23
67 59
26 78
26 0
86 0
62 50
50 23
72 100
74 55
53 46
25 79
31 36
82 59
1 86
15 16
61 44
96 51
73 73
77 92
100 43
4 84
94 80
12 25
94 23
65 78
33 26
69 28
42 42
48 42
45 38
29 5
43 63
5 11
87 27
31 49
7 52
53 21
55 88
98 13
10 95
39 44
13 99
74 47
98 31
99 7
85 92
73 52
1 88
99 8
10 57
68 54
96 25
58 44
66 11
28 29
62 21
68 82
14 22
66 48
52 22
78 89
33 33
2 13
61 54
95 44
67 66
92 80
14 43
39 77
7 80
49 9
22 82
60 8
71 65
58 7
92 10
37 86
90 49
50 90
41 78
83 29
66 100
21 69
52 47
99 16
74 42
100 43
96 88
17 39
34 30
32 93
74 79
15 64
49 27
60 45
84 63
91 28
36 18
12 53
22 65
98 80
76 92
44 83
44 22
0 90
83 3
52 78
52 57
84 16
16 50
78 48
64 4
2 45
40 29
21 69
53 92
30 77
73 27
81 67
21 36
81 35
0 29
66 54
47 64
76 81
34 40
70 69
80 67
68 63
78 93
49 8
79 45
29 94
62 2
10 91
91 85
29 67
42 45
93 7
22 37
44 74
88 27
29 36
87 46
95 46
69 76
32 40
7 97
47 59
32 27
80 0
8 43
96 7
99 92
69 90
39 3
94 6
57 61
40 45
94 91
30 20
61 13
29 53
67 20
24 14
65 64
32 73
1 58
91 74
51 18
74 52
21 15
99 47
65 11
78 75
54 54
17 92
72 64
18 7
2 62
77 40
16 85
98 69
85 12
89 100
71 40
42 60
60 3
24 79
67 70
93 88
61 52
35 63
48 72
34 53
20 83
41 65
61 19
51 32
93 37
58 58
92 77
34 27
91 62
4 77
85 42
74 37
41 77
77 8
79 97
89 45
65 71
57 66
77 7
20 84
98 41
37 55
75 39
31 95
32 73
11 92
40 48
88 84
5 21
4 16
87 50
49 25
64 76
9 79
44 45
68 41
83 22
97 69
0 67
14 3
44 82
83 10
15 98
96 29
10 80
20 31
56 1
18 11
68 12
56 90
5 33
33 14
23 83
49 35
26 21
3 17
100 57
93 69
8 92
33 9
89 73
86 98
6 53
40 66
65 6
28 11
29 42
89 27
33 73
85 94
71 85
34 36
69 96
60 98
26 39
95 11
79 23
26 52
7 8
3 59
47 80
94 41
59 44
42 44
83 11
21 77
8 30
61 10
57 34
6 77
76 95
88 74
74 65
31 97
44 55
87 37
62 34
6 44
28 47
71 96
86 72
68 96
89 56
82 14
98 59
29 29
100 68
57 97
57 23
54 2
74 39
21 77
21 51
34 13
29 26
33 64
72 66
43 8
95 48
63 17
32 30
71 28
89 77
68 2
47 53
82 63
59 48
84 79
20 20
20 85
77 76
86 0
9 99
33 28
54 22
99 44
65 90
66 36
75 51
83 7
94 100
12 6
74 61
86 36
17 6
11 59
20 98
2 85
56 90
80 38
11 70
69 52
91 4
62 36
94 68
23 56
83 17
84 73
49 66
17 26
54 50
62 98
22 73
