1000 100
45 90
53 88
93 96
48 7
75 38
64 79
71 85
67 41
52 33
61 81
27 71
41 42
18 23
91 46
99 3
8 64
96 49
1 13
31 3
17 49
83 27
38 90
64 37
59 79
6 3
9 96
33 49
95 41
99 16
74 55
79 66
6 4
77 27
48 47
36 85
75 67
52 99
12 21
75 75
85 76
61 47
58 22
85 85
98 26
75 81
14 79
28 42
83 76
16 95
52 11
19 18
36 66
76 95
80 61
71 76
3 99
32 30
39 62
58 63
57 37
69 90
50 63
77 34
20 39
90 52
68 6
69 50
21 16
64 15
56 4
86 16
25 40
99 88
94 27
73 59
79 82
71 70
27 41
90 95
13 69
26 73
36 49
36 2
89 23
48 86
98 8
70 57
46 81
70 72
48 4
40 16
8 88
39 89
27 76
69 98
47 82
45 45
23 68
38 30
84 85
74 1
94 98
88 72
19 73
88 66
13 68
58 67
12 4
97 90
3 41
8 83
78 14
24 96
2 67
38 49
78 84
25 68
27 12
79 41
20 18
29 52
70 32
25 91
52 46
82 3
20 35
46 67
6 77
48 41
97 28
77 6
100 87
56 51
34 6
35 58
14 33
97 59
82 15
64 92
16 57
76 16
26 18
50 71
58 72
86 33
10 90
38 73
65 20
72 51
88 8
28 60
85 100
69 84
16 66
78 63
77 41
57 62
51 69
68 77
57 94
100 3
45 82
62 37
15 43
15 96
36 78
6 3
53 89
92 1
81 2
23 4
86 100
52 82
60 96
69 86
78 71
94 95
43 53
48 94
49 48
33 2
8 88
49 56
95 60
5 66
84 37
84 82
83 3
18 37
6 30
67 97
54 10
14 50
76 2
91 41
67 59
68 23
58 95
75 77
52 52
93 39
55 11
64 15
60 38
43 93
54 19
39 26
45 7
32 77
12 74
49 32
54 74
31 41
99 14
88 38
58 85
4 72
92 83
55 76
70 86
42 25
24 51
59 25
33 22
78 16
85 32
30 40
40 32
42 67
25 92
12 14
1 13
3 37
63 75
66 64
100 28
87 72
8 6
86 26
80 57
82 38
96 91
75 73
68 65
53 30
38 13
52 7
4 28
96 75
79 54
48 50
61 36
46 16
77 2
87 25
56 46
87 4
59 63
18 100
69 65
96 47
15 4
61 42
8 83
56 71
6 46
81 49
6 35
12 79
40 16
53 72
15 52
14 74
39 75
47 89
67 90
67 89
94 47
9 7
32 63
39 36
27 20
42 30
15 31
94 98
56 53
43 16
25 31
35 24
31 40
79 45
74 94
92 61
12 22
63 27
69 57
65 25
68 47
48 57
68 2
21 21
0 53
33 33
79 5
28 20
22 69
86 1
39 53
49 89
40 59
37 78
22 44
48 91
58 64
96 45
80 9
15 37
60 52
43 61
2 47
46 61
4 42
5 52
73 25
64 27
24 17
65 5
53 9
36 74
79 70
96 43
36 24
5 87
81 70
31 15
0 89
15 97
53 36
83 73
66 20
95 93
63 58
70 18
23 3
99 72
9 41
74 32
18 58
45 70
45 26
82 41
4 13
29 67
37 95
42 91
19 92
77 7
31 90
96 91
81 98
28 6
83 43
5 19
93 31
51 22
46 24
82 37
56 10
20 15
61 16
40 82
29 83
4 9
87 99
23 20
12 7
67 78
78 26
55 27
39 35
37 91
87 52
88 89
31 66
32 58
77 26
3 32
17 81
57 37
91 7
51 14
24 73
1 0
56 69
69 69
87 32
93 96
69 56
43 16
6 68
16 66
83 25
50 63
88 43
95 28
53 50
47 85
30 91
12 99
51 3
86 87
42 25
76 79
8 18
50 30
85 48
32 29
61 94
77 29
23 61
99 89
36 86
39 66
28 45
67 25
97 14
16 89
56 98
62 49
55 87
85 45
7 55
35 44
53 27
6 37
61 80
52 28
76 40
51 21
30 51
96 95
30 45
98 6
59 99
88 22
96 98
58 59
44 22
45 45
7 25
42 1
60 25
45 12
94 80
36 54
20 15
56 89
4 35
85 95
33 14
4 30
30 29
88 72
13 44
39 62
31 85
75 14
96 64
98 76
60 85
37 89
9 1
77 23
40 11
98 64
0 26
46 78
6 49
38 66
28 12
60 86
6 50
39 34
66 72
95 5
42 1
3 42
5 57
55 10
64 84
73 57
14 12
41 36
20 96
58 58
72 99
94 95
62 52
45 92
4 65
63 21
34 82
82 73
64 42
94 12
52 61
52 78
74 27
57 28
62 3
73 50
84 48
56 2
71 54
41 41
54 54
31 68
49 43
54 67
57 40
35 72
91 4
25 98
27 85
9 28
45 62
76 89
0 10
87 49
3 43
73 89
52 73
75 60
16 39
9 5
34 46
78 7
73 88
99 28
58 86
28 14
25 14
3 25
46 31
50 96
84 40
84 33
24 89
24 29
84 72
83 78
41 93
20 97
11 46
9 80
31 33
14 16
7 73
39 9
56 7
68 2
42 26
11 58
5 91
63 59
91 28
26 72
28 32
64 37
61 56
23 85
100 61
33 73
65 95
63 65
76 18
72 47
31 40
92 96
68 2
75 84
73 3
45 64
98 85
27 75
10 100
99 83
45 81
14 70
46 49
53 12
68 58
73 27
62 71
93 13
4 30
36 28
2 86
61 94
8 45
71 68
84 93
58 62
85 94
84 35
74 79
87 17
38 26
9 88
6 82
14 53
29 17
100 42
53 7
24 19
62 18
12 19
32 47
60 34
94 44
43 23
51 7
83 60
43 95
24 39
32 29
94 76
74 56
60 59
46 100
95 69
77 69
8 1
65 91
91 49
82 16
4 74
55 49
20 45
5 73
22 10
79 41
7 23
49 66
62 19
24 56
67 1
14 4
85 81
93 88
26 75
9 67
57 16
4 34
25 85
5 83
42 93
97 31
12 14
70 3
20 27
6 31
27 4
21 34
39 90
59 14
8 74
21 27
20 43
92 74
74 50
22 39
24 61
57 1
24 99
33 95
62 5
57 29
32 57
58 97
68 21
38 14
4 38
19 72
67 60
31 55
0 79
65 71
61 47
95 23
43 64
66 82
24 73
15 91
85 7
40 51
54 78
95 22
29 31
87 13
28 99
55 11
96 78
56 39
21 14
10 79
12 28
69 16
26 6
78 60
19 69
71 42
9 11
58 27
47 10
82 23
43 82
85 51
39 36
32 70
83 77
59 43
54 70
86 51
17 86
82 45
34 23
87 22
13 29
96 84
28 63
86 69
52 100
59 33
7 60
41 34
97 100
94 24
90 0
11 68
48 81
3 45
43 50
24 3
56 27
84 92
34 12
51 59
1 96
31 38
30 16
23 19
34 24
22 14
1 33
4 3
90 76
93 35
1 29
77 83
98 63
0 56
90 94
66 57
79 32
71 99
80 39
49 46
43 67
63 15
97 88
2 76
64 40
59 6
27 37
73 29
36 37
94 27
39 19
13 29
50 98
17 33
12 34
42 84
69 92
10 56
40 14
66 50
84 87
89 14
46 1
98 26
20 76
38 44
1 33
84 68
62 44
88 26
45 66
57 41
85 13
6 78
51 15
27 22
11 83
99 25
59 50
40 59
35 69
90 18
59 12
27 74
39 59
76 76
11 92
80 88
7 97
27 100
55 74
76 1
26 58
84 8
34 26
49 73
20 82
42 70
50 53
71 48
42 95
45 10
55 29
32 72
75 12
1 83
18 30
44 79
75 85
47 75
74 41
35 97
64 20
27 27
76 87
45 45
4 70
86 64
61 85
5 18
31 54
19 32
20 62
82 7
89 10
15 51
71 51
13 52
6 36
62 8
60 82
94 50
68 88
37 5
40 11
89 75
34 52
94 73
49 31
7 30
1 22
5 3
63 34
21 38
55 55
15 68
57 83
83 14
72 36
66 67
0 22
20 65
97 77
12 36
18 47
40 89
69 43
8 86
48 12
18 65
97 16
37 93
23 16
51 58
85 93
75 68
63 95
23 91
95 27
12 11
49 45
15 23
42 29
9 19
56 3
99 91
21 6
13 30
66 8
92 8
71 24
52 42
73 32
64 29
79 26
97 58
84 26
50 9
56 91
29 78
15 8
77 51
15 51
63 96
71 64
7 87
77 95
60 10
83 39
52 100
47 29
62 54
47 97
29 98
99 29
70 16
53 97
86 71
71 25
2 31
90 89
61 92
64 26
10 18
19 78
38 28
56 26
77 9
51 27
80 77
42 67
78 23
3 74
50 22
60 84
51 7
23 57
88 80
13 56
1 92
74 55
31 88
51 51
41 84
72 54
69 8
99 20
24 86
10 65
71 83
61 6
63 98
2 13
81 26
29 38
81 12
88 85
74 34
47 0
84 52
40 20
95 25
45 52
30 54
47 65
45 50
94 13
39 17
5 14
83 2
88 33
85 7
44 37
44 28
83 80
69 100
35 59
74 63
18 22
14 98
44 95
62 34
