200 AbA
babababababababababab
14 18
2 12
9 13
10 13
3 21
3 18
1 19
15 20
2 15
3 8
1 19
8 20
1 14
5 17
14 21
2 21
13 21
8 19
3 15
2 21
4 20
2 20
4 14
21 21
3 18
3 17
7 19
1 17
13 19
5 17
2 18
4 16
5 21
2 18
18 19
3 19
3 13
4 19
3 11
1 19
10 17
2 16
15 19
4 20
13 21
7 12
8 15
6 17
9 17
4 19
2 12
20 20
12 15
1 20
6 19
2 18
10 15
4 5
4 20
3 20
3 11
8 16
14 19
3 20
3 17
2 17
8 11
19 21
11 21
4 17
10 19
14 21
7 12
9 21
12 16
8 9
2 8
1 21
16 20
2 21
8 15
1 19
8 17
8 20
1 12
2 21
8 15
1 21
4 20
1 14
12 15
6 20
2 21
5 21
11 16
1 17
7 19
7 15
11 20
9 18
1 3
2 18
1 6
2 19
2 20
2 17
5 21
7 13
5 18
6 14
11 14
11 17
7 21
10 20
18 21
16 18
7 17
2 21
1 4
4 14
2 18
2 3
2 10
2 10
11 21
7 13
10 14
15 21
5 14
2 8
20 21
5 11
1 6
1 21
9 13
3 18
4 20
11 19
11 19
4 21
4 14
14 21
1 16
3 7
1 16
1 12
1 1
14 20
14 15
5 7
5 6
2 19
2 17
2 6
5 21
1 20
4 13
13 13
11 15
2 20
10 20
13 15
17 19
12 21
1 20
12 18
1 5
5 20
7 21
17 21
1 14
3 18
6 19
12 14
11 19
1 20
11 16
4 17
7 15
15 20
1 20
2 10
4 17
1 9
3 19
2 19
9 12
15 20
9 14
3 4
5 7
2 17
2 21
4 19
18 21
15 19
2 21
1 21
21 21
2 9
