200 Ba
babababababababababab
2 3
10 15
11 20
4 18
3 15
4 20
3 11
8 16
15 18
1 21
1 18
1 20
5 20
10 21
9 15
16 18
3 6
5 20
1 21
1 13
2 19
15 18
1 13
3 11
1 21
9 17
1 18
6 14
6 19
4 12
9 11
4 5
8 21
1 18
4 16
10 12
6 14
7 21
8 9
3 16
1 13
14 20
4 11
2 21
5 10
1 6
1 19
6 20
1 21
6 14
4 17
2 21
1 20
3 11
5 14
1 20
9 16
10 10
15 16
5 11
11 16
4 12
4 18
1 21
3 21
15 15
5 17
3 17
8 19
1 12
7 12
11 12
3 13
4 14
4 14
2 18
11 14
2 14
3 21
1 13
6 21
3 20
6 9
1 20
14 18
10 14
1 20
1 21
7 11
1 17
1 10
1 17
2 14
16 21
7 12
9 10
15 18
10 15
5 16
10 20
3 12
11 17
7 19
2 11
6 19
16 21
13 14
7 19
2 18
1 10
13 20
1 19
3 13
2 16
7 16
1 21
3 9
3 19
2 9
6 16
8 21
14 20
6 21
1 20
2 2
2 19
9 13
5 20
9 21
3 20
1 17
2 14
9 16
2 14
9 20
6 12
14 21
5 16
2 9
4 8
1 21
2 20
9 21
1 21
2 17
5 16
1 18
7 14
7 20
11 19
6 13
1 1
10 14
8 13
2 11
6 11
1 21
2 21
3 14
2 6
1 6
1 4
9 19
4 13
21 21
13 20
16 17
12 20
5 17
2 16
15 17
1 20
16 17
1 7
11 18
2 18
3 5
2 2
8 15
3 17
1 17
2 21
4 16
2 20
12 20
1 9
17 21
2 18
1 14
13 14
6 20
14 18
7 19
3 13
11 17
7 17
2 21
9 11
6 15
5 20
