200 Ab
babababababababababab
6 19
6 19
9 20
1 14
7 13
3 9
1 14
3 19
15 18
2 21
7 18
17 17
3 18
10 14
9 19
6 13
9 21
3 19
7 10
3 17
1 19
3 16
3 19
8 16
5 15
4 12
1 19
6 18
3 21
1 20
5 11
1 16
3 13
9 9
15 15
5 14
13 21
6 8
2 3
16 20
2 21
5 15
2 19
3 19
3 21
21 21
1 11
2 19
8 21
4 21
2 2
7 15
8 17
3 14
2 16
7 10
8 18
10 20
3 21
1 21
3 8
11 13
2 21
11 17
6 18
8 8
6 11
4 19
16 19
13 14
1 19
3 21
5 20
10 11
2 6
6 6
1 10
2 18
4 20
3 8
1 21
14 16
5 19
7 20
6 17
3 21
3 13
12 18
4 21
2 18
5 11
7 19
4 14
5 19
1 15
11 19
1 20
15 17
2 13
2 21
7 18
3 12
2 15
4 18
9 18
10 20
8 12
5 14
15 18
11 12
1 17
5 8
4 16
3 12
3 19
8 18
7 13
6 13
1 8
11 21
21 21
15 20
5 10
12 15
14 18
15 16
2 8
6 19
1 6
12 16
1 7
1 19
5 20
7 13
6 18
3 17
9 14
1 21
1 5
11 11
3 16
2 9
2 13
2 21
14 18
2 21
4 16
2 9
1 7
1 18
4 11
5 19
16 20
2 20
2 14
8 19
8 10
13 19
1 18
13 21
3 18
5 19
18 20
1 21
13 15
2 21
5 19
2 20
1 19
3 8
14 17
14 21
10 16
9 11
10 17
6 10
4 13
1 7
7 21
18 21
7 19
3 21
14 18
1 16
1 20
8 20
1 19
3 20
1 2
4 17
1 17
5 11
4 17
7 18
4 20
1 18
18 18
9 17
8 16
4 20
