100 WWWWW
WwwWwWwwwwWwwWWwwwww
2 6
4 10
6 10
16 16
1 18
2 20
14 16
7 16
3 18
9 19
1 20
3 19
2 7
1 19
1 16
1 8
6 14
7 15
2 8
4 16
3 17
7 16
7 11
10 14
8 15
4 8
5 18
1 12
6 20
9 20
3 17
1 18
3 14
1 20
6 20
1 20
13 18
2 17
2 15
2 19
1 15
8 17
6 20
1 8
9 14
4 10
14 18
4 17
3 15
4 8
11 17
9 20
5 9
4 20
1 18
13 15
9 17
3 20
1 15
1 14
13 18
1 10
1 12
1 9
3 18
10 18
14 14
2 20
5 10
12 20
5 5
8 20
15 18
12 15
2 20
1 9
7 13
7 7
4 12
15 18
6 10
4 18
4 19
7 17
1 20
15 19
1 20
3 15
2 18
5 16
11 20
3 19
4 18
9 15
7 19
4 4
16 20
4 14
2 20
1 20
