10000 bab
abbabaBBabAbbabABbabABbaBabbAbabBAbABbababbAbAbBAbBAbABaBA
7 37
4 51
8 46
13 49
30 39
39 49
23 29
10 38
2 11
24 25
1 55
8 30
20 52
3 51
1 41
8 11
44 57
11 38
25 40
18 51
14 33
2 48
2 58
11 40
7 36
20 38
5 36
10 57
6 12
9 51
13 52
12 37
30 44
35 49
14 49
18 21
52 58
31 42
4 58
12 45
47 57
1 56
3 58
11 39
24 54
20 44
7 32
29 48
31 34
17 41
28 52
7 25
10 56
35 48
14 25
26 52
20 47
2 41
11 45
12 58
7 29
27 42
12 45
11 32
6 32
10 11
41 52
11 34
21 28
2 50
7 7
1 37
1 42
44 57
16 44
11 22
21 22
29 47
9 47
8 36
8 57
10 57
31 38
10 41
17 49
2 9
8 36
5 41
16 55
33 42
7 33
49 49
14 41
3 7
36 54
5 53
1 50
52 57
4 58
10 52
5 44
5 37
38 40
12 39
20 50
31 37
12 13
42 43
11 42
4 50
19 51
11 34
3 25
22 33
39 55
5 27
16 44
22 27
6 38
12 26
6 43
10 37
4 50
1 43
8 30
9 46
12 23
5 19
12 34
25 44
2 19
9 44
3 58
21 56
27 49
23 33
29 49
41 45
1 42
6 13
42 50
14 38
4 52
6 29
1 28
6 53
44 58
20 48
32 58
13 56
4 55
2 58
1 22
2 31
5 55
39 44
5 53
48 53
9 54
25 54
36 45
35 37
1 50
54 54
4 58
8 40
9 33
34 50
29 51
1 28
11 50
11 30
28 49
20 54
20 31
27 51
1 46
39 58
3 58
33 52
14 31
27 58
14 45
7 31
5 38
31 51
3 34
9 58
4 45
10 21
6 41
44 55
7 50
14 53
26 37
19 57
32 53
19 53
29 45
22 24
7 29
9 43
13 57
15 58
12 13
13 31
2 16
4 26
20 50
2 50
10 43
40 45
3 28
11 28
4 36
8 18
22 53
23 25
17 33
5 16
7 12
7 54
2 36
14 54
19 48
18 46
26 58
1 57
1 53
5 58
9 32
6 56
3 52
6 53
6 14
21 47
12 54
7 9
7 54
1 56
2 57
6 50
2 13
2 8
3 29
19 49
48 56
22 48
1 55
11 57
21 57
15 52
50 52
2 56
14 49
33 58
12 50
2 19
5 40
38 41
2 48
19 56
6 53
21 56
46 57
1 57
8 33
5 35
7 52
48 55
4 51
5 51
5 57
24 47
26 31
3 55
7 53
2 55
28 54
22 24
2 40
9 55
20 46
3 44
48 54
22 29
6 40
1 58
1 50
38 39
6 42
4 53
10 36
16 32
13 40
7 58
3 56
2 33
4 56
10 46
9 32
1 1
17 49
12 46
2 50
11 49
28 49
8 50
13 52
30 57
42 44
22 56
14 43
43 47
48 55
4 12
6 58
23 50
12 54
28 48
1 58
35 55
23 30
13 35
1 58
7 23
5 28
39 54
9 55
2 56
3 55
1 55
2 58
36 56
24 58
6 58
5 32
29 54
29 33
30 35
3 49
9 45
14 33
11 51
1 12
1 25
20 56
11 55
8 58
6 57
4 54
5 58
6 54
32 43
3 57
15 39
22 57
6 37
1 13
12 49
2 25
4 53
13 48
2 58
8 37
27 54
5 12
15 47
10 55
1 23
4 37
4 52
42 57
17 48
2 50
12 28
2 58
29 44
17 54
29 54
5 53
9 51
1 57
27 38
26 40
2 50
11 55
28 49
9 10
21 24
35 44
2 55
5 48
8 34
5 55
38 49
2 57
1 41
18 37
2 50
1 58
41 51
31 49
40 55
29 38
5 57
3 40
21 46
38 46
54 58
30 37
2 17
7 55
27 48
4 56
3 34
7 53
3 36
24 52
3 25
45 54
2 54
4 57
9 56
9 57
34 38
13 24
12 30
41 43
2 55
7 58
15 34
4 46
18 18
5 52
27 53
2 19
17 47
4 55
16 43
12 20
20 55
50 57
22 26
8 56
23 29
15 58
31 56
7 48
20 48
4 54
1 55
8 29
2 58
16 51
11 33
20 41
5 33
13 48
30 57
2 10
19 32
1 58
13 49
2 52
9 51
10 36
38 55
36 56
10 58
19 27
12 28
15 56
2 53
3 5
24 52
7 15
10 32
11 44
7 58
8 49
3 17
11 50
1 51
19 33
11 32
1 48
1 50
11 41
24 31
10 56
27 29
42 50
49 54
51 53
1 55
31 51
19 46
4 54
16 21
23 45
4 51
18 54
31 57
16 50
12 41
32 43
22 27
1 57
1 55
12 17
1 44
1 58
11 49
34 40
3 51
3 58
38 58
6 52
35 42
41 47
36 49
6 57
7 54
9 28
24 51
4 51
5 28
4 47
20 23
3 16
11 38
8 51
15 54
5 53
48 55
30 45
16 29
20 58
18 50
7 57
23 37
3 30
14 40
57 58
43 48
7 55
18 58
23 31
6 52
3 29
14 20
14 20
37 58
15 48
32 52
12 14
7 58
9 49
7 40
7 57
8 55
17 49
1 57
5 48
55 55
1 53
15 57
4 50
36 47
28 48
20 48
24 49
18 29
19 57
21 42
36 39
8 34
2 54
1 49
2 57
26 56
9 13
10 56
2 58
33 35
13 52
35 48
15 54
3 41
11 47
1 33
19 31
21 50
16 58
3 58
37 53
26 58
18 44
7 20
25 40
2 48
19 29
33 56
42 48
4 27
2 58
9 18
9 53
2 40
8 44
15 34
9 25
17 51
10 30
6 53
38 47
19 24
18 42
9 23
13 36
14 22
6 18
8 56
6 44
6 49
6 51
2 54
40 50
1 50
14 58
24 58
5 22
34 52
2 53
8 30
10 38
1 53
1 58
14 14
1 49
1 53
1 15
37 52
29 49
2 13
32 47
4 32
3 46
13 34
14 35
15 36
38 39
15 48
7 55
7 47
6 57
11 56
36 49
19 54
3 54
25 46
15 25
5 48
17 24
20 52
17 43
9 35
33 55
5 57
22 58
24 34
7 51
11 43
11 47
9 55
26 46
1 2
5 15
1 57
13 58
3 20
8 57
47 48
19 51
12 48
19 55
13 50
8 58
3 57
41 51
1 58
9 18
6 54
6 50
15 37
6 35
19 58
6 38
17 58
31 34
2 50
5 19
2 55
25 48
6 54
5 36
4 58
15 29
41 51
18 31
16 48
7 38
3 26
50 57
27 34
6 53
3 42
16 24
31 53
10 33
58 58
17 44
2 39
24 57
8 50
3 55
17 55
16 43
20 39
4 53
10 52
45 50
4 41
4 47
2 20
19 32
9 52
43 44
3 58
1 48
10 18
3 55
1 52
7 54
18 42
10 47
9 15
1 54
10 54
20 31
4 37
15 34
18 35
5 56
1 31
3 49
24 51
9 48
40 52
1 44
26 40
12 56
47 50
33 58
12 56
15 22
15 36
12 54
28 35
4 15
43 46
49 57
20 40
51 52
32 41
2 6
10 39
8 44
18 53
8 44
3 30
1 58
6 55
19 50
15 21
6 18
3 5
17 55
1 2
48 57
21 54
8 50
2 58
5 54
3 50
18 26
3 57
7 36
1 46
1 51
52 52
29 30
13 35
34 47
23 44
20 53
9 52
2 43
1 58
6 32
17 17
2 56
19 43
13 56
23 29
5 57
25 28
1 54
37 37
10 46
22 25
14 32
50 58
27 52
29 51
24 51
24 31
4 57
20 57
13 28
4 38
12 13
4 24
23 51
39 48
18 56
24 50
7 16
4 33
3 58
28 54
5 52
6 47
3 47
2 24
1 40
7 34
1 58
11 42
33 51
21 37
3 55
54 56
6 58
11 44
7 44
5 40
37 49
4 30
6 46
5 21
1 57
8 15
2 36
14 25
12 44
7 56
37 48
32 36
45 52
50 58
22 44
6 18
39 54
5 48
30 50
23 25
4 53
7 34
2 13
10 53
4 18
8 57
23 40
1 52
10 57
13 58
41 55
8 54
13 36
25 42
2 53
1 18
8 38
11 56
7 28
1 57
9 14
9 43
21 38
24 57
3 52
18 56
7 47
15 19
41 52
2 57
3 54
11 28
33 43
10 54
33 42
52 55
1 58
8 43
24 56
18 22
9 56
14 56
20 36
8 57
41 48
48 55
28 42
5 29
48 54
4 44
7 49
3 22
6 56
10 35
11 49
29 39
4 56
15 57
21 50
30 58
21 32
16 53
5 56
40 54
29 34
7 30
8 48
29 44
40 50
9 22
12 49
4 57
15 56
6 19
10 31
3 34
1 58
26 36
1 57
42 47
31 36
1 53
24 43
6 39
24 55
6 55
3 41
20 32
28 29
22 56
30 54
21 33
24 30
14 35
29 51
34 48
6 56
3 14
1 48
5 55
29 43
21 38
1 58
9 41
8 40
1 56
18 45
34 46
15 38
4 31
8 55
1 57
7 49
50 53
41 58
6 53
1 58
18 24
28 40
1 58
22 50
33 49
50 51
20 43
25 40
7 49
11 54
13 57
6 58
40 55
24 55
3 6
18 57
2 52
26 49
8 38
3 47
44 52
6 8
10 56
5 53
15 45
45 48
1 33
1 48
5 32
3 57
22 53
27 56
22 25
2 53
6 56
15 52
2 19
33 46
8 55
31 32
11 54
17 49
8 56
8 27
20 25
13 53
10 38
1 20
44 48
34 58
3 37
22 57
13 14
9 30
20 57
2 52
5 54
2 55
1 54
14 32
42 51
20 55
11 55
1 58
14 53
18 43
11 20
16 58
28 51
36 54
6 51
4 55
13 43
3 50
11 49
10 54
7 25
6 24
1 47
2 44
12 51
19 50
16 58
2 43
7 55
12 39
13 47
45 56
8 27
31 37
41 51
14 46
49 55
34 51
16 34
42 50
1 12
1 58
38 38
41 53
14 19
31 37
17 48
11 56
2 56
11 58
25 39
1 42
15 40
25 40
2 45
18 41
6 35
33 56
31 37
1 34
11 30
21 38
4 57
1 54
9 56
9 18
2 34
38 52
3 35
15 44
38 51
23 34
30 51
3 50
3 31
29 58
3 29
2 58
6 55
2 54
17 28
30 54
8 42
43 55
16 49
7 51
1 13
15 21
2 43
13 48
23 54
3 58
11 44
41 48
25 29
13 39
16 44
27 40
1 46
32 56
8 58
10 57
33 57
1 49
44 48
11 26
8 11
9 43
25 48
20 54
4 30
25 43
28 46
11 57
7 17
22 43
20 42
9 53
6 58
4 21
8 24
34 42
35 53
40 49
10 57
7 46
39 47
5 12
14 26
32 37
2 58
28 57
9 45
3 36
16 53
44 54
34 53
41 57
14 43
20 37
11 33
33 56
37 52
8 19
29 39
19 44
37 50
53 54
29 40
39 48
1 53
14 41
2 17
11 53
8 20
2 57
6 44
3 55
12 40
1 48
21 58
4 58
9 41
25 39
43 56
21 52
6 48
4 57
4 56
2 11
25 47
28 38
12 57
5 11
1 58
13 36
31 38
3 19
16 24
36 55
27 44
43 49
32 54
23 24
7 55
1 56
25 46
1 57
13 31
55 58
12 40
14 29
2 44
2 34
46 56
16 58
17 57
38 49
17 44
16 21
7 52
3 58
2 21
17 47
8 22
34 46
3 50
19 30
1 56
2 58
3 55
2 56
20 46
31 57
20 39
1 31
20 34
26 32
21 35
6 50
4 6
2 57
1 58
12 43
8 20
22 54
8 58
20 38
1 52
20 36
26 46
22 39
33 47
7 55
4 42
43 55
14 55
22 48
7 40
41 45
8 57
21 36
10 36
33 56
32 43
6 54
9 22
43 51
13 54
1 12
3 39
42 45
1 43
2 55
3 39
1 58
2 57
36 53
13 48
8 14
1 51
33 43
31 41
7 58
2 9
9 50
19 34
13 39
34 40
22 55
1 3
34 47
30 36
8 47
31 51
34 47
11 40
3 37
3 51
3 11
1 48
2 30
17 30
15 40
2 24
11 55
5 52
3 51
8 23
15 22
2 48
8 10
14 36
10 57
8 44
1 52
4 14
38 55
12 34
2 57
5 19
1 53
33 56
47 57
4 8
7 58
33 51
40 41
9 38
45 49
14 53
19 49
6 29
1 57
21 50
1 57
19 25
7 52
18 50
23 57
14 21
3 12
10 50
32 49
12 41
29 37
5 39
11 51
2 53
1 58
16 35
23 35
11 54
8 57
4 18
23 33
14 47
4 57
8 57
6 27
2 54
9 21
26 39
1 56
1 47
10 24
33 54
4 52
27 58
1 31
18 37
1 37
1 37
9 43
21 56
8 46
13 18
16 41
18 44
4 58
18 56
1 54
36 45
6 52
11 56
1 51
2 10
2 57
11 12
44 58
4 36
1 55
13 46
54 58
44 58
11 20
12 50
3 49
36 52
23 47
42 48
2 57
12 45
5 31
11 53
2 58
13 42
5 47
16 23
22 38
3 56
18 45
33 48
8 24
13 32
3 11
2 38
35 53
25 27
24 45
5 35
16 27
42 51
8 50
16 58
23 55
12 42
14 54
6 52
24 44
13 48
8 21
4 58
4 48
34 35
9 55
7 13
5 58
13 51
17 28
32 55
8 21
9 38
1 56
3 46
1 24
2 49
25 47
17 36
11 56
29 34
2 58
23 51
19 58
54 54
38 43
34 45
19 57
26 46
3 48
3 45
7 23
3 51
1 58
29 35
2 54
4 52
13 50
7 57
2 52
7 14
4 52
34 53
53 55
42 56
11 52
9 52
11 40
35 46
5 37
6 46
21 39
16 28
1 53
10 31
17 52
7 58
3 11
38 43
2 47
1 58
17 23
22 46
11 18
19 52
31 45
9 26
11 31
11 25
10 15
6 26
15 36
1 58
26 26
12 44
22 56
22 56
11 50
13 57
3 49
8 38
24 49
16 50
1 58
1 57
21 52
32 58
15 40
19 46
2 54
1 58
21 33
36 56
36 57
6 23
7 45
15 33
15 51
7 30
16 46
1 48
11 56
11 26
17 44
5 36
9 24
17 31
4 53
43 46
1 5
16 22
7 29
4 37
7 23
11 24
8 21
31 41
1 58
18 49
1 32
44 46
5 45
20 31
11 58
1 53
11 24
25 55
18 58
19 57
1 16
10 47
21 45
5 55
11 48
13 40
7 36
6 58
9 22
13 52
18 47
25 55
15 51
31 40
12 54
6 25
30 36
1 58
15 23
29 36
32 52
29 35
4 53
3 57
33 35
24 31
1 57
16 56
1 26
15 52
12 44
9 24
16 30
3 51
34 36
2 6
42 52
6 24
1 48
3 26
21 26
2 42
11 25
37 48
25 55
6 50
1 39
25 45
26 44
41 49
7 55
5 9
2 29
49 56
3 32
14 51
10 47
4 49
18 52
29 56
10 14
45 49
16 53
22 41
13 37
20 22
42 47
1 34
4 57
4 55
1 30
7 51
2 55
41 50
27 47
26 34
5 53
4 18
14 56
3 57
24 46
7 40
13 38
15 36
1 44
24 52
4 58
7 32
5 47
6 55
41 48
35 58
5 58
9 11
6 58
6 47
16 58
14 19
2 55
21 49
26 29
18 21
29 56
26 40
27 58
1 58
7 58
30 45
6 38
1 57
5 46
57 58
5 50
5 13
32 40
9 45
6 51
16 42
5 55
5 57
4 53
25 41
11 56
6 32
18 57
10 51
3 10
25 41
18 25
16 52
15 15
11 40
12 40
15 48
24 55
23 45
26 53
2 49
3 58
36 51
14 49
13 40
11 50
13 51
1 55
6 28
19 21
19 47
35 58
7 53
43 53
17 48
8 31
30 56
2 31
10 41
11 19
1 54
6 46
1 44
1 42
1 58
37 38
3 53
8 24
4 34
17 41
7 57
2 54
2 53
12 35
18 49
5 11
51 55
39 44
5 54
1 42
14 39
5 45
49 53
6 18
19 43
7 16
11 57
5 53
18 24
20 45
28 45
17 55
21 22
4 57
18 41
1 56
5 56
31 34
11 57
7 14
2 58
11 54
5 51
8 26
4 52
14 16
16 57
18 41
6 35
29 57
4 54
3 58
25 40
29 57
4 55
25 57
11 27
7 44
20 58
43 46
2 52
33 57
30 52
11 43
10 47
10 29
2 55
1 58
2 58
24 36
1 58
13 37
37 45
24 26
15 57
5 23
37 40
27 55
6 16
17 24
5 50
21 41
13 55
2 52
7 51
22 54
43 58
18 40
22 35
3 50
7 22
2 37
2 17
1 55
47 48
7 53
9 35
4 58
9 46
1 45
4 55
7 7
8 46
20 58
11 58
12 56
43 46
18 25
13 56
10 48
47 52
5 50
46 55
4 51
43 53
9 30
1 57
31 42
3 55
8 24
13 41
6 45
9 47
21 54
46 56
14 39
5 55
19 53
11 39
13 43
40 53
1 57
15 32
4 34
6 30
8 54
5 5
6 57
35 55
18 52
24 49
4 31
6 46
50 53
24 26
14 51
16 47
22 52
4 54
2 42
22 55
11 20
4 45
1 46
16 45
7 44
2 56
4 28
3 23
39 57
4 57
29 54
3 52
5 54
11 29
13 43
10 54
23 56
20 29
2 28
4 48
7 26
3 57
34 53
25 50
9 56
6 58
6 29
21 53
12 58
19 53
14 15
8 39
20 44
4 36
6 54
3 56
8 26
27 34
3 37
21 46
1 57
15 19
16 44
39 39
5 46
4 58
26 45
4 27
6 44
3 58
25 53
14 49
12 24
12 54
20 21
2 58
1 55
2 46
22 44
15 53
3 52
4 24
24 56
17 58
9 52
3 42
16 38
4 10
2 35
7 16
48 58
32 44
10 41
8 28
5 52
16 21
1 58
2 52
35 41
18 46
22 33
13 49
48 56
36 38
17 58
28 38
11 21
4 24
3 30
5 23
8 28
7 55
39 40
6 42
1 58
9 54
2 54
7 48
7 41
2 57
21 40
19 35
14 29
6 52
49 56
8 45
14 25
25 48
27 52
49 54
14 29
23 24
12 26
1 58
17 18
40 53
18 22
3 55
15 54
19 24
2 39
14 40
8 52
27 57
33 42
2 53
2 57
3 58
10 51
25 51
25 49
18 37
37 48
7 54
29 54
1 43
10 52
9 52
1 57
14 30
2 54
7 39
26 38
11 32
19 54
36 42
37 39
2 41
3 4
28 45
13 38
7 30
6 57
6 25
16 55
10 56
1 58
3 38
2 53
14 20
4 21
13 41
10 51
1 58
4 57
10 34
6 50
8 38
36 54
16 26
32 48
14 23
1 58
8 52
2 10
24 43
15 48
11 13
16 58
4 34
2 56
7 56
11 52
7 44
16 49
38 47
4 33
4 48
14 20
13 30
18 51
25 48
8 39
41 49
1 56
37 54
8 21
11 57
2 16
5 53
1 56
22 46
9 58
9 32
29 31
17 58
17 57
29 55
5 56
1 57
23 50
3 56
8 45
11 47
28 38
1 34
8 45
17 25
25 31
1 58
8 57
2 52
14 41
10 34
8 25
17 36
1 42
3 55
1 58
14 34
5 45
12 58
1 50
28 39
11 47
25 46
11 47
39 58
16 58
1 50
7 23
4 10
25 47
14 37
16 46
13 23
3 55
28 52
47 48
19 57
8 53
9 41
3 57
29 52
21 25
31 42
12 38
11 58
2 56
1 33
23 23
42 54
16 29
12 36
21 36
12 44
1 12
1 45
3 52
10 44
24 43
8 8
8 54
7 44
4 58
43 48
34 56
17 47
5 41
34 35
2 20
21 58
10 38
12 48
1 45
37 43
20 44
9 46
36 46
7 45
32 49
37 58
1 52
8 55
2 44
31 46
13 32
1 58
4 54
8 52
6 47
51 53
47 48
2 58
20 39
12 27
19 41
2 26
3 49
8 22
40 44
8 45
13 45
18 37
4 52
2 24
8 57
4 40
1 55
28 57
14 43
1 58
46 58
16 49
2 24
49 51
14 20
7 22
3 55
21 47
12 27
10 53
4 53
3 24
5 58
3 52
5 20
24 49
16 57
7 39
31 38
33 51
5 22
25 54
5 19
26 56
1 58
13 53
5 48
1 36
3 20
22 51
2 57
31 46
31 40
15 39
19 48
31 57
28 28
6 13
24 24
3 54
2 39
16 29
7 19
8 12
8 24
7 56
25 39
2 27
17 24
39 48
8 58
7 13
1 18
4 28
6 56
53 58
13 19
19 55
25 58
7 22
18 40
28 30
6 23
22 56
8 53
45 54
41 54
9 58
14 46
1 53
20 45
5 30
8 32
5 58
5 27
1 44
5 55
47 58
18 50
11 19
2 50
23 32
6 13
21 43
2 53
1 52
19 45
3 56
15 42
10 13
2 54
16 39
5 57
5 36
10 26
9 20
19 38
8 13
13 33
2 16
40 43
19 21
5 47
1 50
2 25
13 52
3 43
31 44
1 21
47 55
7 50
6 53
5 42
6 50
33 41
48 48
29 39
34 42
17 45
29 53
11 45
21 52
1 58
17 27
22 44
12 31
16 38
8 10
1 58
5 50
18 23
13 21
1 12
13 49
16 40
12 54
17 43
6 54
40 48
1 4
27 36
6 53
1 58
17 41
1 55
13 55
20 26
5 23
2 55
1 29
12 14
31 40
1 57
26 52
8 37
4 58
13 42
28 41
6 27
6 33
25 51
38 48
45 54
14 19
12 16
4 56
2 33
34 34
3 53
17 34
1 55
56 58
15 32
26 42
56 57
15 54
5 51
17 58
34 38
11 24
54 58
19 48
2 54
41 53
17 58
20 27
10 36
21 40
33 47
4 12
12 16
2 58
13 53
7 45
1 58
11 40
3 35
5 49
3 44
3 37
9 18
18 50
28 31
1 57
28 44
20 52
12 20
9 56
25 50
40 41
8 23
1 28
41 51
3 32
12 42
17 35
4 47
29 55
22 35
19 28
9 38
15 40
5 11
7 10
6 56
29 45
12 45
18 45
6 10
9 36
26 52
22 57
8 32
4 57
10 44
35 55
37 54
24 30
2 57
6 17
14 31
39 51
7 53
8 10
2 22
9 30
3 43
1 57
23 42
20 56
3 14
25 28
14 42
1 48
2 46
9 51
14 22
13 56
13 42
23 57
16 35
25 55
12 40
1 57
2 58
5 25
8 51
7 44
11 51
10 51
15 26
15 23
6 30
10 54
37 58
34 50
23 41
23 57
28 39
13 50
5 31
20 55
12 32
13 53
29 53
7 27
13 57
8 38
1 57
33 43
8 22
11 23
3 28
5 36
11 40
43 53
19 34
11 51
3 22
22 56
19 45
43 58
26 47
7 39
5 51
13 47
8 39
1 58
18 56
23 38
23 56
31 46
37 51
32 42
16 20
7 55
12 37
18 29
35 39
18 55
3 49
29 33
33 56
32 55
16 54
12 18
2 56
5 13
14 46
17 52
10 48
2 58
5 14
4 51
33 56
1 55
2 57
11 47
51 56
2 31
14 27
2 58
35 51
29 57
2 34
6 49
1 26
15 19
16 48
11 15
17 35
39 52
54 57
13 57
34 41
8 56
36 54
40 46
3 53
28 33
1 57
7 58
16 42
2 52
26 56
11 34
46 48
6 38
21 48
11 50
17 17
4 55
32 47
8 58
14 57
21 56
1 58
7 57
3 57
1 33
20 54
23 54
1 50
49 58
2 58
39 48
1 58
13 18
2 42
24 53
19 39
35 44
19 24
4 57
18 39
30 36
2 58
8 57
43 58
13 56
5 11
15 58
1 30
23 45
32 43
8 47
6 50
41 51
5 54
3 43
9 22
5 55
5 58
9 19
41 55
8 55
1 50
6 58
21 42
3 54
1 55
9 57
1 57
2 17
14 50
12 33
3 47
11 27
16 36
14 36
4 16
21 43
11 53
3 56
47 50
4 56
17 50
14 44
23 47
11 18
17 38
4 53
7 57
7 26
11 56
1 56
6 43
2 57
1 28
9 58
21 51
21 48
24 45
31 53
10 58
10 44
29 40
12 52
1 52
5 10
24 37
13 26
34 44
21 58
4 44
7 32
4 52
2 54
10 18
26 54
1 56
12 32
16 57
7 58
11 53
1 57
8 58
44 53
9 58
5 56
41 54
2 55
10 27
1 58
18 37
3 49
1 47
22 30
8 52
1 54
17 38
16 30
4 45
15 18
8 24
14 33
28 41
5 47
23 58
20 57
14 56
2 47
29 55
52 54
37 53
8 56
8 11
33 33
21 35
20 54
2 25
12 55
1 23
3 34
11 16
11 57
26 35
29 34
9 52
44 54
24 37
15 56
24 29
1 39
35 38
2 44
10 55
13 51
10 57
2 58
35 40
3 54
1 57
1 57
21 45
2 58
31 50
22 51
22 48
28 56
8 43
1 48
43 56
4 20
44 57
23 30
5 43
17 27
22 56
3 29
6 38
19 54
13 13
2 53
13 57
2 58
16 36
16 35
5 55
20 45
6 14
8 20
10 51
7 35
13 23
8 45
35 46
19 30
11 48
1 58
5 50
1 53
56 56
6 49
3 4
2 51
10 28
3 47
2 53
22 43
4 22
41 41
33 51
16 57
11 47
43 55
1 56
41 49
5 42
11 14
6 58
6 53
25 48
2 58
5 56
21 55
6 13
31 58
16 37
17 18
3 47
33 53
11 49
5 47
23 57
3 57
33 58
3 32
21 45
6 21
49 57
12 51
33 35
50 55
17 58
2 46
10 50
26 48
11 42
10 45
1 41
10 36
14 58
5 57
4 34
18 27
18 33
6 40
16 52
27 49
12 43
3 57
44 45
33 56
17 40
6 47
10 53
5 58
7 37
2 58
11 52
5 25
1 48
24 42
3 47
14 51
3 24
3 56
6 11
6 56
8 46
6 54
9 20
9 44
15 54
7 53
6 48
26 52
16 21
22 32
11 45
13 38
49 56
11 58
16 23
12 44
3 52
39 57
7 55
22 36
1 52
25 45
1 16
20 21
3 27
10 46
6 11
34 56
3 58
30 46
27 49
43 52
22 50
46 52
13 58
4 5
3 54
4 52
13 51
19 52
16 19
13 58
9 11
6 37
11 56
5 51
7 55
28 56
26 41
8 28
2 58
13 38
7 44
10 55
22 38
25 55
3 49
13 58
8 49
24 50
15 37
1 58
5 16
6 18
15 41
6 14
16 37
3 58
3 38
4 58
17 52
13 22
41 46
3 6
38 43
4 15
17 45
17 22
33 54
2 53
4 25
6 51
16 18
19 24
1 39
24 37
1 31
4 31
52 55
32 52
10 38
35 54
18 45
18 56
37 56
8 55
1 58
1 58
43 47
11 58
2 24
2 26
4 53
7 20
9 52
3 47
7 58
1 10
6 24
7 42
7 51
2 34
13 49
22 48
9 56
6 58
5 46
24 34
1 58
17 58
4 56
10 58
15 19
4 29
3 48
5 52
9 12
25 52
1 58
16 41
17 33
11 36
21 56
30 42
11 24
1 50
15 24
43 47
34 54
11 18
26 29
3 45
6 39
2 58
2 58
7 51
4 54
3 44
1 20
37 58
2 46
3 53
22 42
10 17
19 36
13 29
13 41
8 56
47 55
45 51
1 55
10 43
52 53
32 48
11 27
1 53
17 57
9 57
4 22
3 29
9 55
6 19
4 46
47 51
54 55
2 12
3 28
40 43
17 28
23 49
6 58
24 41
18 51
3 38
7 57
42 57
1 56
47 47
4 58
5 30
25 47
13 22
37 44
33 50
2 55
1 53
18 42
4 55
7 43
9 32
4 56
34 52
6 43
11 46
7 44
14 31
10 50
23 33
28 43
1 39
41 50
35 36
3 55
2 57
19 45
1 58
17 45
9 41
24 27
3 55
2 56
6 57
33 58
3 30
50 56
14 56
1 53
2 24
21 30
4 47
42 54
30 53
6 51
27 48
4 6
26 39
44 50
10 33
20 30
1 16
2 56
4 43
11 39
26 40
31 41
33 38
28 34
22 56
5 56
6 44
9 37
37 40
34 36
15 52
5 48
20 54
17 56
6 58
21 57
21 24
12 47
10 50
13 28
16 31
38 45
5 51
4 52
34 52
9 12
20 52
14 31
3 58
2 41
8 12
5 57
40 42
4 15
1 41
8 29
51 55
16 17
27 49
14 51
12 35
5 37
1 56
13 47
4 54
50 53
2 23
4 58
31 35
3 58
48 51
28 28
9 49
7 23
27 58
11 14
24 40
32 39
4 56
22 22
27 57
5 45
13 53
5 16
5 11
28 38
26 58
38 39
3 34
4 56
26 27
22 40
12 45
15 46
1 39
8 58
15 55
35 40
14 31
11 29
47 55
9 53
4 27
5 24
10 36
5 58
9 52
29 52
13 24
32 46
31 53
8 30
20 45
4 40
19 37
7 30
11 51
11 45
36 56
7 19
1 48
3 31
7 51
37 38
21 43
5 16
11 16
1 58
19 53
26 34
24 47
6 25
18 37
40 56
46 46
45 48
22 55
26 50
6 51
14 32
14 46
23 25
3 54
15 45
28 38
44 50
43 58
8 39
14 57
5 48
11 47
18 20
31 48
6 57
4 52
2 44
5 55
3 33
13 53
14 55
10 39
8 48
7 52
18 24
9 19
9 56
3 15
28 57
22 46
5 55
12 34
6 10
33 58
6 57
10 28
8 44
21 39
14 21
1 56
1 53
4 57
12 23
1 56
1 33
10 55
27 37
13 50
2 53
7 17
31 52
5 43
22 30
40 56
8 28
6 49
16 50
29 45
23 52
2 56
1 32
33 56
1 20
11 25
45 54
6 58
1 56
16 33
51 55
6 44
34 42
5 48
26 30
1 6
4 19
9 41
15 45
41 57
29 54
29 52
3 56
46 50
13 39
26 56
50 53
20 45
34 50
7 52
4 40
7 52
11 54
18 46
27 47
40 57
24 57
11 58
2 40
12 41
36 47
2 55
24 46
7 57
7 27
18 57
47 47
20 47
1 7
21 57
15 58
1 17
24 40
35 45
2 46
4 56
14 58
8 33
8 51
29 50
3 38
5 45
39 41
21 26
14 55
2 54
35 52
12 57
39 55
9 21
2 27
23 30
38 38
1 58
15 54
12 53
28 46
9 51
6 33
21 57
34 42
5 58
22 42
35 43
5 51
45 48
5 22
31 56
27 35
5 12
6 56
20 46
41 46
11 39
11 51
13 24
17 53
6 29
25 39
13 53
26 57
22 48
6 51
13 55
25 53
8 52
23 28
4 53
1 10
9 54
9 55
7 57
8 52
12 29
15 33
9 30
12 52
8 50
4 56
3 42
25 39
25 34
32 58
4 37
10 28
2 46
6 47
6 49
39 58
5 54
13 33
17 57
16 25
45 46
34 38
4 8
1 51
11 43
22 23
6 55
1 41
4 37
1 58
48 55
15 51
31 45
12 58
5 45
3 57
6 43
2 52
44 49
46 55
22 31
3 39
2 53
5 42
17 37
1 35
28 58
3 36
5 58
4 56
9 49
20 53
5 35
40 50
17 55
36 39
25 34
20 51
2 58
4 54
1 58
1 53
28 56
2 58
1 53
9 15
5 44
41 44
19 38
23 40
29 52
1 43
29 50
36 54
5 37
28 33
1 58
19 50
22 58
10 29
6 57
2 55
3 36
25 47
14 50
18 28
21 24
20 26
19 49
36 39
4 51
2 58
37 55
36 51
13 20
2 37
9 25
6 58
18 21
29 31
7 19
35 53
22 48
4 53
24 36
19 58
44 50
5 58
18 37
16 54
8 50
19 56
3 8
35 57
30 49
13 49
1 58
11 57
25 45
6 28
7 8
14 32
9 50
14 27
21 32
35 51
20 32
6 54
40 43
13 25
40 56
17 45
7 25
15 50
42 58
27 55
3 55
12 24
2 38
6 50
29 54
32 52
7 53
3 58
20 25
29 36
12 55
3 56
2 28
17 39
1 58
10 53
15 34
3 8
29 30
44 48
30 46
1 57
14 15
9 47
47 56
19 42
1 51
1 57
12 32
7 24
11 21
13 44
4 55
3 14
24 39
13 28
2 56
8 48
41 47
24 43
1 44
9 54
43 54
10 36
26 31
1 35
17 24
23 58
42 45
21 58
6 47
7 46
6 50
1 58
2 58
13 23
2 25
18 36
25 52
1 54
7 58
12 15
3 48
1 9
4 45
7 42
4 11
6 14
42 53
4 58
28 51
46 54
7 38
24 52
3 56
18 30
37 47
21 37
14 25
43 48
17 57
7 53
3 45
23 25
12 56
30 52
27 50
43 49
5 51
30 57
2 46
8 32
48 57
1 27
47 56
3 14
5 58
5 37
1 54
4 53
2 54
22 34
4 51
1 26
3 46
20 28
22 23
31 49
25 55
8 17
1 54
2 53
23 35
13 26
6 50
26 47
35 52
1 55
3 44
11 58
2 53
24 58
43 56
19 43
24 40
19 37
3 57
8 54
43 55
8 15
1 58
8 22
13 46
14 53
7 18
3 37
13 56
21 50
32 33
19 55
5 53
19 19
21 43
16 38
14 27
11 25
10 39
20 37
16 56
4 53
40 57
21 45
19 32
9 49
40 40
22 52
6 35
11 42
7 58
7 54
9 13
5 58
11 57
1 58
5 56
2 9
11 57
26 53
2 57
13 58
1 58
9 44
16 49
4 16
21 42
8 44
31 57
12 49
6 50
1 56
6 58
38 44
37 50
5 22
42 45
3 47
13 47
32 49
1 58
34 42
8 57
12 56
7 47
5 58
7 27
20 27
4 52
24 56
49 55
2 41
19 58
4 47
10 41
8 57
25 50
46 52
6 22
10 46
40 58
1 58
30 57
29 30
2 51
22 36
23 47
25 29
3 57
10 58
1 57
26 49
1 55
20 52
9 11
1 55
41 53
10 58
6 32
36 53
8 49
37 38
13 37
3 58
3 38
43 51
5 47
4 57
31 38
1 1
32 58
7 22
4 57
12 41
1 45
4 38
1 57
2 57
18 54
3 58
4 55
13 46
1 46
8 40
11 50
35 48
23 48
26 41
3 55
5 50
14 47
13 50
24 56
10 33
12 56
1 57
7 48
5 52
1 56
5 55
13 51
11 43
21 29
1 50
1 40
12 40
6 58
13 48
15 36
27 36
16 55
20 40
1 56
23 28
30 45
26 53
42 57
1 58
7 51
25 57
12 22
30 46
17 55
14 47
14 36
9 29
14 52
8 8
8 57
43 52
33 49
8 11
31 52
19 27
21 26
13 43
1 57
51 56
4 40
12 31
1 56
35 51
1 27
25 37
22 26
14 30
2 58
2 46
39 49
7 40
7 31
43 56
3 58
4 33
20 41
13 58
1 38
2 58
3 48
16 35
20 42
17 46
1 29
5 35
26 57
9 29
24 46
4 41
20 22
15 42
21 49
2 54
10 32
26 47
10 38
2 28
4 40
32 42
1 10
36 58
10 44
26 35
7 31
1 56
8 58
9 24
11 37
5 37
38 55
40 40
2 45
7 31
1 26
6 16
10 21
2 49
30 43
6 31
4 32
20 43
9 33
2 3
3 52
32 52
6 45
21 33
3 52
31 49
1 56
48 50
1 57
5 51
40 46
12 54
10 44
5 49
30 43
37 50
17 46
17 25
13 46
4 58
5 49
22 48
13 50
15 50
18 48
6 45
3 57
7 43
4 5
16 22
46 52
3 52
5 57
17 58
5 17
6 58
1 58
9 23
9 20
1 51
10 45
30 57
43 44
2 7
8 57
1 43
1 51
27 52
4 10
19 45
26 46
15 38
4 55
1 37
23 55
3 52
3 20
7 53
25 43
33 36
8 20
6 20
1 55
13 57
4 52
2 43
4 38
9 45
6 45
1 54
20 50
7 51
8 43
24 51
6 25
11 35
3 41
1 39
23 42
37 58
14 26
14 58
1 29
3 16
25 49
9 14
28 40
7 58
13 51
9 20
14 53
11 51
4 23
24 58
2 55
1 52
7 24
29 31
12 18
5 39
9 53
33 52
25 47
13 43
25 55
9 33
7 15
31 41
23 50
23 52
5 57
1 42
12 31
4 56
3 28
27 53
2 30
14 32
11 51
21 58
32 57
30 41
17 20
1 54
21 47
1 23
14 53
1 58
12 51
19 29
11 45
2 52
4 54
5 53
6 52
2 31
3 17
4 58
3 57
5 57
8 28
10 46
9 43
45 55
6 52
23 44
31 54
9 47
28 54
45 55
6 55
16 57
10 58
30 40
15 28
24 42
20 38
22 58
23 41
21 32
2 22
2 49
33 57
18 46
4 21
15 54
12 54
14 28
34 45
4 57
37 56
2 57
9 15
24 43
10 11
15 28
40 49
3 5
5 36
34 46
29 55
5 27
19 27
5 33
19 42
21 50
15 49
42 51
11 58
16 51
2 58
10 58
37 52
8 52
5 56
24 57
52 53
29 34
34 53
3 45
20 38
11 32
7 38
10 50
1 33
34 54
3 51
9 49
1 58
28 54
1 38
21 56
23 43
10 28
14 51
3 6
5 47
26 42
4 42
42 56
8 50
16 57
40 45
2 58
26 50
4 54
38 56
22 31
2 50
20 48
24 45
22 31
12 32
25 44
19 34
50 51
11 55
20 55
19 54
9 22
15 25
5 57
19 41
33 55
37 45
7 38
3 39
4 38
16 55
10 29
14 58
50 52
40 56
1 58
10 54
48 57
36 44
1 29
24 58
7 58
1 58
1 58
19 54
15 53
6 54
4 16
3 24
6 21
11 54
3 57
12 22
13 43
4 9
11 58
28 54
42 57
5 57
18 56
10 50
4 26
7 55
20 38
25 47
20 51
18 40
26 36
33 36
4 56
31 32
24 56
2 51
1 10
3 23
18 47
1 56
13 37
11 47
9 52
1 38
40 57
17 52
11 52
15 41
12 52
11 56
3 51
18 53
10 49
2 46
3 57
5 50
1 47
11 52
8 25
9 32
17 21
25 48
49 50
19 37
23 27
2 50
4 27
4 53
7 51
11 57
25 33
22 44
1 40
5 58
4 53
13 35
1 29
22 52
15 22
17 48
43 52
6 31
5 55
8 52
28 40
12 54
5 41
1 56
1 58
7 47
1 36
38 50
25 38
3 49
5 45
13 26
9 42
29 49
27 57
35 38
8 13
3 57
23 41
4 36
40 44
29 38
11 58
24 56
17 51
51 57
21 57
6 11
32 38
2 58
10 46
30 57
1 57
13 56
6 55
16 35
34 53
11 58
23 44
4 49
5 57
17 50
6 41
38 48
22 58
25 56
7 29
28 33
6 56
19 58
21 30
6 52
2 57
2 9
29 33
17 35
4 11
14 46
2 54
2 29
1 39
10 52
30 38
2 52
13 37
50 55
30 57
9 34
1 51
22 53
2 52
5 54
39 57
17 58
13 49
8 21
14 43
5 43
32 44
4 23
5 43
23 28
2 54
13 39
5 38
20 56
27 34
8 43
40 47
11 34
14 52
4 44
2 50
49 57
14 33
16 42
28 34
10 41
5 57
5 58
20 47
6 55
5 55
16 32
16 47
3 53
2 56
7 52
6 44
5 53
12 46
40 47
9 51
39 56
12 43
20 57
1 54
2 39
47 49
1 20
2 54
2 55
1 20
17 56
15 58
1 56
33 42
35 39
9 47
15 48
13 30
40 55
7 23
3 9
7 25
1 54
23 49
7 58
27 43
31 36
33 38
34 54
29 52
4 45
8 50
24 54
20 47
10 49
9 23
37 57
9 56
1 57
34 57
23 28
24 49
33 45
32 55
18 43
15 18
16 45
25 45
10 27
7 52
14 26
7 58
14 56
7 53
25 25
6 46
13 39
17 38
40 51
7 55
36 54
1 58
6 17
34 39
15 51
6 55
1 54
2 48
9 38
12 21
17 53
4 54
16 39
8 56
11 49
38 45
25 57
11 57
7 17
4 58
31 32
1 33
14 30
15 38
1 48
12 30
19 42
16 47
29 49
31 56
1 57
2 57
7 12
29 35
8 27
2 43
48 55
29 41
10 37
24 36
1 47
5 52
13 53
42 50
37 43
21 30
34 40
19 24
6 56
24 58
3 50
33 58
20 54
2 44
22 24
5 37
25 29
2 51
14 47
39 45
27 47
50 50
22 25
5 48
7 21
49 53
1 49
23 46
14 54
48 55
2 58
35 49
14 31
3 27
8 52
4 57
23 46
32 47
6 54
1 58
18 20
2 46
15 53
32 40
41 49
21 55
2 39
8 24
27 58
11 56
16 56
12 17
6 49
1 41
16 53
2 21
10 54
34 45
7 32
16 39
7 46
40 58
7 53
14 54
11 57
9 12
27 57
30 45
10 53
4 16
12 53
1 26
40 52
17 40
2 58
8 43
7 53
29 52
1 39
27 36
16 26
5 33
4 50
44 53
26 37
4 32
7 50
5 41
5 14
1 57
18 57
6 52
40 49
1 57
33 58
7 45
14 18
25 36
3 48
9 42
5 25
22 41
22 55
3 13
1 58
1 57
1 58
36 58
42 57
2 58
24 30
29 48
3 57
8 46
18 53
12 49
24 39
2 56
15 51
5 36
3 53
6 57
2 57
11 34
30 41
3 20
34 41
16 37
8 55
1 46
37 52
48 50
17 48
28 49
4 46
4 46
22 53
12 53
2 52
26 55
36 36
21 51
22 49
55 55
42 57
1 53
3 55
33 58
16 25
20 28
10 45
21 25
10 46
10 28
22 27
11 32
7 57
23 37
6 46
2 54
17 45
9 45
1 13
4 44
35 57
28 43
15 35
6 41
10 22
15 40
6 29
35 51
29 55
13 43
14 57
20 55
31 33
14 19
17 57
43 44
30 48
9 50
1 56
6 18
12 55
35 47
17 47
42 44
33 58
39 41
12 47
16 24
18 24
28 30
7 55
8 16
2 58
8 37
6 14
15 43
10 50
40 42
9 42
26 54
18 21
2 33
5 48
4 50
18 36
3 12
23 42
2 58
4 47
25 53
11 26
21 27
5 57
20 41
6 55
11 29
30 40
7 20
2 26
24 37
4 43
2 57
10 47
34 49
5 13
9 52
18 58
2 38
4 35
8 45
16 56
2 58
4 38
9 46
16 16
34 57
42 48
2 55
3 58
3 14
4 52
1 58
1 55
26 43
2 31
3 52
3 57
3 47
14 55
8 50
10 48
28 42
12 48
12 38
14 52
7 50
15 51
1 58
24 51
8 31
19 58
6 35
12 57
18 30
8 34
43 53
4 58
36 47
2 55
13 30
1 58
18 52
22 22
18 25
3 41
2 16
37 39
26 46
16 26
1 35
36 40
12 41
1 58
8 17
32 42
10 26
15 56
2 19
11 58
8 36
9 47
33 51
9 40
2 53
21 30
23 50
5 50
11 50
17 52
1 57
11 26
5 54
39 45
4 10
8 37
12 22
35 46
39 51
4 16
21 29
29 50
3 54
1 57
6 27
15 21
46 56
3 35
16 28
49 52
7 37
18 52
14 21
17 25
36 52
32 32
13 27
1 51
4 46
7 19
7 16
15 39
57 58
18 47
3 58
3 49
28 42
17 52
7 55
6 55
31 52
27 42
22 46
9 52
7 53
10 51
10 51
1 48
10 54
21 36
24 57
1 58
21 45
4 43
8 24
7 26
48 54
7 43
1 33
34 54
5 23
9 51
7 47
2 58
21 44
4 22
9 36
45 55
9 53
3 15
8 54
39 49
3 57
10 29
44 53
26 40
38 38
5 51
9 23
21 33
20 55
25 41
26 48
26 41
32 51
36 57
29 31
17 49
11 40
16 28
38 39
10 55
22 35
21 45
19 56
31 44
13 51
24 54
10 47
2 50
6 30
22 36
1 57
16 58
20 43
2 42
50 56
26 49
30 36
5 37
50 56
13 53
1 58
17 44
24 44
1 58
41 51
31 53
8 41
8 36
35 52
25 42
33 50
2 44
2 48
12 55
10 37
37 55
9 22
38 54
26 47
1 56
21 50
8 40
41 43
25 56
3 51
13 23
33 50
28 38
13 43
2 58
13 51
6 34
17 52
11 24
3 46
35 36
6 55
11 53
8 32
23 34
27 30
1 58
7 47
29 53
6 23
15 40
10 33
33 49
11 37
14 41
1 57
37 40
17 56
23 23
34 40
8 55
13 41
5 53
4 49
11 38
18 56
46 49
18 42
31 48
2 49
6 38
40 45
12 39
24 28
7 20
17 52
12 43
29 31
6 12
14 44
42 53
24 32
8 51
28 50
20 23
38 57
14 52
8 47
17 24
41 42
12 40
19 53
33 52
55 58
5 58
22 58
1 47
10 16
29 46
15 57
33 38
4 52
40 44
28 47
4 58
26 35
7 52
3 57
7 55
23 52
2 57
26 41
23 29
39 52
15 17
4 42
14 53
11 24
4 51
4 58
33 47
17 43
12 25
1 58
19 31
9 58
17 56
35 46
3 54
35 41
14 49
5 55
1 52
2 55
3 8
3 22
5 34
30 42
13 17
9 51
20 55
38 54
23 40
34 51
6 49
20 56
32 48
3 57
23 58
24 29
17 28
13 54
14 39
4 45
6 46
7 43
17 18
6 35
29 57
28 35
27 49
46 52
4 55
20 56
6 22
6 15
10 54
2 33
27 38
7 49
18 49
9 23
24 37
1 58
28 38
2 57
3 40
1 56
4 13
5 27
37 50
9 27
45 49
21 57
4 52
23 56
21 49
28 55
10 44
42 55
8 58
38 55
3 58
10 32
36 53
53 56
14 20
1 42
11 35
11 54
1 53
1 11
8 30
29 47
6 53
51 56
34 36
18 38
1 30
28 58
13 35
16 57
21 49
2 58
23 56
3 19
51 52
23 34
1 52
17 50
3 3
26 28
3 56
1 54
16 50
14 55
5 58
15 38
6 11
2 55
30 36
6 33
3 33
28 47
6 15
8 45
18 27
14 54
35 43
51 53
4 51
20 58
19 49
9 51
25 32
13 13
43 52
1 51
28 54
27 46
20 34
2 52
39 49
23 32
6 47
15 57
16 51
20 58
47 52
9 40
6 14
12 57
9 43
23 23
23 51
14 36
15 46
9 55
31 45
4 58
38 49
28 55
9 36
1 57
8 50
42 50
15 55
1 28
33 58
1 49
39 53
5 45
16 24
40 58
12 58
6 46
15 52
47 48
41 57
36 42
21 38
21 31
4 16
3 57
9 56
15 39
16 40
33 44
6 55
11 31
37 45
19 45
45 49
34 51
5 56
20 24
1 58
25 51
2 31
23 45
2 57
3 51
4 18
11 50
1 58
6 36
1 52
2 25
6 57
30 53
4 35
48 53
7 51
1 53
26 53
1 44
14 23
22 49
23 51
26 56
2 53
42 42
4 57
4 23
43 56
3 40
26 29
11 47
17 58
26 45
51 55
1 58
3 58
4 55
33 50
22 42
35 50
13 23
5 41
3 56
49 58
32 46
5 51
1 17
4 58
27 36
4 7
1 46
20 54
34 53
32 53
12 50
8 47
5 37
35 40
18 51
21 48
1 50
7 55
2 54
4 57
18 34
40 55
11 51
35 52
16 33
39 41
10 28
9 33
26 47
10 39
11 57
10 10
34 49
22 52
23 56
4 56
4 51
4 45
6 27
8 24
11 53
22 43
25 36
11 52
3 54
29 57
5 58
29 57
24 53
5 51
1 58
6 49
7 56
8 29
18 55
25 58
33 55
18 30
22 52
21 57
3 51
1 39
4 32
16 36
11 51
17 58
49 58
15 56
15 58
45 54
2 31
8 55
11 18
25 58
23 31
7 54
8 33
11 23
2 54
23 52
26 32
4 14
23 47
12 49
3 58
24 31
6 52
16 45
30 36
2 23
7 58
15 45
1 47
7 51
5 55
1 57
24 43
20 30
35 40
8 23
5 55
23 45
2 41
17 42
4 54
16 29
14 41
23 35
26 37
5 54
2 58
13 48
33 43
11 55
17 48
6 47
8 33
38 46
47 54
5 52
15 25
27 49
15 18
13 57
44 57
2 47
1 32
4 19
36 58
26 52
1 54
1 33
25 53
34 44
7 49
9 38
16 52
33 47
4 32
9 48
10 51
3 54
5 15
31 34
1 49
10 22
12 38
1 49
4 15
17 57
24 57
48 53
3 55
1 58
2 25
3 49
10 48
12 51
25 43
6 48
5 56
21 32
26 31
14 19
10 57
1 54
21 42
30 44
21 45
21 57
5 48
17 33
4 57
26 55
2 54
30 38
9 54
26 48
13 55
1 39
11 42
2 14
4 23
32 49
22 42
4 24
6 41
36 58
15 38
22 24
3 52
44 53
12 56
10 36
18 54
7 46
1 58
12 17
7 33
17 58
14 15
8 57
2 45
37 52
12 35
30 36
5 51
1 46
2 27
18 33
25 30
24 38
13 40
30 45
4 50
8 10
3 16
38 50
2 44
26 56
13 30
18 58
12 46
19 55
4 42
6 15
3 46
12 52
38 53
2 58
10 57
38 56
28 35
2 57
1 58
3 32
8 51
24 46
3 53
13 29
36 38
21 58
9 58
7 31
26 32
16 50
33 54
9 29
1 57
20 58
20 25
29 55
8 43
16 32
28 28
2 58
2 41
1 55
1 58
19 42
12 49
34 44
9 50
9 14
4 37
13 57
17 48
3 36
33 52
4 54
30 32
48 50
27 57
30 33
1 49
2 52
43 51
28 56
33 48
12 17
1 18
1 58
14 52
28 44
14 49
33 36
7 57
30 46
24 43
10 36
29 58
39 58
3 48
28 58
2 19
13 58
56 56
17 56
11 50
3 5
31 54
4 44
16 50
33 37
16 57
8 28
4 31
16 47
34 43
11 33
2 56
22 54
49 55
26 53
42 48
33 48
1 44
7 50
5 58
14 38
13 20
36 46
21 39
7 56
31 54
1 55
21 40
19 47
1 31
28 45
15 53
1 25
34 46
31 45
1 58
5 25
1 53
8 25
20 53
2 56
6 56
32 52
26 57
26 40
1 52
47 52
8 48
39 58
3 57
6 27
7 11
33 53
9 10
31 55
11 44
35 52
7 31
4 58
16 48
11 58
12 48
42 55
2 55
12 55
14 46
1 42
13 49
24 46
32 39
6 11
17 28
1 54
23 57
26 29
32 50
1 58
17 49
2 58
4 11
4 53
2 47
8 56
3 14
1 42
12 44
37 45
3 23
25 45
2 36
18 44
6 53
23 56
32 32
2 56
11 55
3 49
3 49
13 27
5 49
5 57
13 37
14 48
18 25
44 47
5 23
2 53
22 58
15 21
10 52
2 33
22 27
14 22
31 53
6 49
2 52
5 44
7 53
37 51
52 56
5 58
15 29
12 35
10 49
3 58
38 50
4 49
23 28
4 25
29 42
28 55
10 55
5 58
11 53
2 52
9 45
33 33
11 21
13 24
8 56
6 41
8 37
7 49
4 10
26 56
47 49
2 48
32 41
17 35
3 58
2 57
8 58
21 56
22 53
35 46
25 42
3 37
26 48
14 57
7 43
17 36
17 43
30 56
30 39
1 39
17 50
41 55
3 44
11 32
53 58
3 36
18 39
28 51
5 31
3 49
20 57
22 42
10 27
38 51
14 54
14 43
22 23
40 49
4 53
3 15
8 56
7 24
37 41
13 56
4 55
21 55
28 43
4 20
15 50
12 33
28 49
49 55
11 51
16 45
7 58
41 50
21 57
10 57
15 37
19 50
1 42
21 33
1 58
23 41
52 52
3 51
10 54
34 49
8 58
11 53
17 50
16 25
7 55
2 48
47 58
4 49
16 58
37 55
24 24
5 54
3 35
10 43
1 40
16 33
6 57
18 54
1 43
3 18
8 48
27 36
2 57
7 55
7 58
13 33
32 49
4 51
1 24
5 49
6 58
23 57
5 18
14 57
11 58
1 31
6 58
6 58
4 50
6 56
1 49
44 50
1 57
22 58
2 56
4 58
7 55
34 50
27 57
19 39
13 28
7 57
2 57
31 41
2 39
4 51
5 58
11 53
6 34
1 54
10 46
6 55
13 39
10 21
4 49
10 33
1 53
8 54
5 56
23 43
6 57
26 36
42 50
2 54
13 44
3 58
6 46
12 29
2 14
16 46
35 53
5 13
12 36
37 58
2 56
11 56
3 28
43 58
17 46
12 37
4 16
3 46
3 53
1 57
16 52
4 57
4 4
17 19
16 58
5 50
12 53
29 44
5 54
45 47
8 42
5 54
40 55
29 49
14 46
24 41
2 31
5 9
9 46
2 53
16 57
14 55
22 46
3 45
26 52
30 44
11 32
1 54
7 53
26 39
4 58
5 58
2 43
2 14
1 58
41 42
21 55
11 54
23 48
9 45
20 33
5 9
16 34
1 58
17 54
13 16
48 51
8 29
15 49
1 58
1 58
22 52
31 58
3 28
9 55
16 36
1 47
2 18
3 38
1 56
4 57
12 43
18 28
44 45
14 58
4 49
42 56
7 55
40 48
15 38
8 19
32 56
17 38
18 53
1 54
46 46
16 24
5 57
12 18
6 17
46 51
1 58
18 21
5 48
2 21
8 56
31 46
8 56
8 43
11 38
9 41
1 53
43 54
15 58
8 22
18 34
32 35
55 57
5 24
2 47
1 58
3 58
21 39
17 36
19 51
15 47
18 20
23 56
3 38
2 58
10 53
8 58
9 58
35 36
1 58
2 53
7 46
6 58
7 57
14 40
20 57
4 53
19 27
1 49
22 54
16 53
12 21
20 26
1 54
10 51
11 44
8 58
32 54
27 36
8 36
2 55
13 55
26 48
32 33
9 48
9 34
18 19
6 49
21 57
28 33
15 53
14 40
7 45
3 45
17 50
24 35
1 58
14 19
11 45
4 6
37 41
7 43
1 57
53 57
6 32
14 36
16 16
1 40
7 50
5 54
19 47
4 33
3 58
1 58
7 44
3 58
21 40
22 35
22 24
11 17
7 55
1 57
23 54
42 56
37 45
9 42
1 17
23 43
6 41
3 44
11 46
19 47
5 57
23 54
18 21
11 39
1 49
2 57
45 45
25 31
18 47
14 19
9 56
1 58
13 57
1 57
3 53
1 28
53 58
5 51
5 58
4 20
2 34
34 37
24 41
4 41
3 29
7 57
18 28
4 48
31 35
12 46
36 55
11 49
30 48
16 53
24 29
7 43
4 13
31 43
22 28
39 49
9 33
24 27
11 55
29 53
1 55
40 57
5 36
8 55
1 53
32 47
19 56
7 53
33 58
26 49
8 47
2 40
5 37
33 53
4 53
2 58
2 51
22 33
4 48
11 58
50 52
43 49
3 28
11 55
9 17
39 53
1 54
2 57
35 51
8 25
24 46
18 55
24 35
21 46
4 49
27 57
9 52
3 20
1 11
1 6
6 57
6 54
4 55
1 52
4 34
11 57
30 57
41 56
49 51
5 58
5 26
5 46
44 57
1 55
5 47
23 46
1 55
32 58
6 53
5 50
5 45
1 14
30 40
2 58
3 56
2 46
3 9
40 56
20 53
14 35
54 58
1 55
4 58
1 20
16 43
26 56
11 31
11 25
15 29
4 50
15 15
7 35
38 44
13 34
47 52
31 53
5 14
46 50
1 53
42 54
7 15
11 40
31 55
43 48
9 53
42 55
34 40
22 29
5 20
1 20
18 50
9 55
8 20
18 33
1 54
11 39
1 55
17 45
24 46
2 6
25 52
1 57
16 45
5 53
13 21
42 50
43 54
2 58
33 58
28 48
4 14
13 50
1 57
51 56
4 37
10 57
12 45
30 47
47 58
28 57
5 45
7 15
26 43
28 58
34 54
12 52
12 41
4 56
1 58
18 55
23 27
23 30
14 56
28 35
23 29
10 22
24 46
7 48
27 28
18 57
1 57
6 31
13 35
6 48
10 16
5 57
26 46
10 54
12 34
5 55
15 38
2 48
4 50
3 6
30 40
17 48
22 44
12 56
8 46
30 41
11 13
23 56
1 58
1 50
6 52
47 56
29 44
42 52
2 58
6 26
42 53
12 57
5 23
43 51
18 41
18 28
36 58
37 50
2 57
4 50
9 40
8 36
5 55
38 56
13 58
17 41
2 41
20 45
45 57
1 3
29 29
37 45
10 39
4 49
1 58
29 48
7 27
22 53
29 51
10 56
13 57
9 25
43 52
8 53
38 58
7 52
43 56
7 53
11 55
11 24
5 18
14 58
3 57
15 34
11 57
12 49
4 20
40 41
32 57
16 46
11 43
4 58
7 29
3 45
3 53
15 39
3 42
8 32
45 53
4 10
21 43
12 13
9 25
29 46
2 47
6 57
4 55
7 45
13 56
48 57
16 31
19 34
3 54
10 50
34 43
11 15
7 14
7 58
6 57
4 57
5 49
2 47
27 35
35 54
10 33
9 52
11 57
2 56
15 33
13 47
25 51
25 37
13 49
12 43
25 53
2 58
9 55
1 56
13 55
1 56
1 58
33 57
12 42
8 49
9 36
30 39
4 45
9 53
9 51
35 41
15 39
5 34
36 39
8 30
8 58
25 41
11 44
4 56
12 49
7 44
18 50
43 51
2 51
5 56
9 26
36 49
1 58
13 33
11 54
20 24
23 36
5 27
3 56
29 31
9 57
14 43
4 39
27 36
26 53
15 55
13 29
8 23
23 54
2 34
36 51
1 58
1 19
1 57
6 55
5 41
1 22
3 58
14 25
5 40
1 58
3 48
2 57
42 45
2 49
4 43
26 39
3 24
4 58
4 57
8 30
19 32
10 37
9 45
8 23
15 29
6 55
20 54
8 55
23 38
10 54
12 53
9 17
20 35
1 29
2 55
12 53
7 17
4 41
3 50
31 37
1 55
1 55
40 54
43 48
2 43
7 57
6 53
6 54
5 7
5 55
2 43
2 57
9 53
34 56
3 41
15 57
21 57
3 57
12 58
1 24
33 42
2 42
2 34
28 43
4 58
1 58
35 58
6 53
8 23
4 56
1 58
13 46
7 45
2 55
32 48
1 1
1 57
29 36
1 26
2 48
2 48
1 58
12 46
51 53
1 45
43 56
14 17
8 52
42 56
5 55
2 58
14 39
25 55
12 56
1 58
4 57
27 29
11 55
32 53
44 46
23 57
15 54
3 52
2 56
30 47
8 57
3 47
36 40
44 45
3 50
8 56
6 18
4 31
17 19
7 24
13 50
2 25
22 47
6 56
3 50
33 41
25 46
7 51
6 58
14 50
2 57
5 51
3 17
1 58
13 40
21 30
12 57
4 40
5 52
1 58
9 40
29 58
15 30
22 27
35 41
29 52
18 48
40 50
4 53
4 21
4 11
13 47
17 24
9 29
5 36
33 49
35 45
3 54
2 54
13 42
19 25
7 19
24 34
15 50
25 30
5 37
10 39
8 19
35 39
9 56
8 16
2 56
1 43
39 53
9 11
27 31
26 48
13 22
36 49
17 35
40 57
42 57
7 35
3 53
41 51
18 49
7 55
11 17
8 12
40 52
7 27
14 56
17 35
38 48
34 35
3 54
36 48
19 32
17 50
1 57
5 51
13 35
7 57
12 45
14 29
2 54
3 16
1 58
1 53
7 15
7 51
25 55
3 58
3 58
2 58
23 58
25 51
28 39
10 55
37 39
6 54
43 54
2 55
44 56
2 25
6 30
10 23
31 46
5 36
26 51
33 46
21 33
21 54
19 54
18 39
13 43
24 39
15 41
8 49
4 47
44 45
32 51
42 44
34 51
4 58
4 44
8 48
4 50
23 56
27 52
2 29
19 50
5 9
18 53
31 44
1 31
29 42
21 47
19 52
7 56
8 58
6 42
1 58
20 46
3 31
21 30
11 23
1 58
14 44
7 24
41 54
23 37
2 58
20 30
39 40
35 55
38 41
28 42
1 58
16 35
3 55
13 47
12 58
20 38
45 48
26 52
26 33
2 57
33 50
4 42
8 46
8 49
8 27
7 50
10 56
42 54
1 52
1 58
16 44
1 16
27 42
26 44
55 58
8 49
42 50
11 33
23 32
6 49
5 53
42 50
6 35
1 57
12 21
28 48
2 49
19 42
15 43
33 50
24 34
46 57
14 36
8 56
25 43
2 56
49 58
1 56
6 48
31 43
14 16
20 31
13 56
2 56
18 42
9 54
18 19
8 8
7 39
2 56
13 52
3 54
15 20
5 36
25 58
27 42
27 49
7 47
20 49
41 46
12 28
2 49
12 34
7 58
19 54
35 43
3 48
12 54
11 52
1 54
10 56
3 40
30 39
3 58
1 42
19 22
3 57
9 58
2 55
2 56
16 50
5 52
15 18
34 46
3 58
1 53
34 42
8 45
4 26
17 30
12 31
21 46
25 50
8 21
36 57
1 31
28 44
11 58
19 54
4 34
4 56
31 31
8 37
8 53
3 16
48 48
1 22
29 58
34 56
6 52
24 33
2 58
49 51
43 49
1 58
22 29
1 4
12 47
8 42
28 47
23 52
2 49
20 51
19 46
47 56
21 40
14 44
16 40
5 46
24 58
44 54
14 46
15 25
42 43
2 43
5 47
29 58
4 43
38 48
33 36
21 21
42 45
20 43
25 58
8 58
11 46
37 57
7 53
55 56
1 56
1 31
19 52
17 25
16 39
40 41
7 36
1 58
27 48
17 42
10 52
23 27
11 41
24 32
16 54
34 54
28 57
51 58
8 54
34 57
7 57
2 58
24 25
25 31
8 53
34 52
5 53
18 40
14 53
37 40
8 58
17 39
29 41
9 51
1 58
40 57
2 51
3 57
22 50
35 41
56 58
36 36
21 24
8 58
7 35
4 29
5 57
14 40
12 27
9 26
3 44
25 56
48 49
2 54
24 27
21 58
26 57
5 58
1 10
1 55
10 37
5 38
13 36
3 41
22 35
17 55
7 58
18 51
26 57
5 57
2 49
24 50
4 6
7 32
8 12
9 41
4 11
27 49
23 51
23 53
54 57
10 40
11 19
18 43
1 23
2 56
1 15
1 57
1 55
25 45
28 46
1 53
10 29
9 32
1 57
7 45
38 54
29 56
34 54
21 37
14 56
23 47
1 52
12 57
46 56
14 58
37 57
18 55
16 52
2 48
2 58
10 51
30 43
9 15
29 43
2 46
22 50
18 51
4 44
4 6
4 45
5 18
3 58
14 51
6 55
24 26
11 55
5 18
40 56
2 23
15 36
4 58
24 47
8 12
10 55
24 38
3 5
9 40
13 46
10 43
33 53
33 34
5 41
14 54
5 46
2 47
1 56
4 54
20 54
8 54
9 49
8 30
1 51
45 47
24 57
21 23
10 35
5 22
9 41
16 55
29 34
7 15
10 57
2 48
15 55
1 42
14 38
6 41
41 57
9 33
6 53
20 39
10 17
39 41
5 39
30 43
15 42
15 34
1 54
42 56
15 21
34 36
1 58
13 30
27 27
24 45
47 48
23 36
1 57
9 37
3 54
43 51
6 42
43 56
3 51
19 46
8 29
30 34
10 48
26 30
50 52
2 56
20 30
18 58
37 56
1 54
6 53
12 20
12 54
10 29
12 54
10 50
40 48
2 55
9 53
22 27
3 45
43 44
9 50
22 25
25 58
38 54
17 36
10 51
10 47
8 46
1 50
57 58
18 57
12 58
19 46
7 25
13 57
4 44
9 20
3 57
16 56
19 32
38 38
25 53
3 20
22 39
2 22
28 51
38 57
4 54
14 43
18 37
8 50
34 52
1 55
6 21
7 17
26 32
19 21
10 49
1 58
14 40
21 55
38 42
21 45
21 51
4 56
18 49
34 54
11 31
1 38
25 58
3 19
18 36
17 55
16 55
21 50
6 28
9 58
36 40
10 46
12 26
26 57
8 43
4 55
15 56
53 53
26 51
13 38
13 56
28 51
1 58
17 57
26 46
30 52
17 57
3 28
11 55
5 54
17 43
25 45
46 46
20 47
4 44
15 30
25 36
19 55
8 40
25 53
32 38
44 53
11 52
5 55
23 56
29 57
11 11
43 56
52 58
5 34
6 12
1 56
7 57
3 52
4 39
43 57
2 53
24 58
23 39
32 49
17 55
2 58
6 46
22 34
11 51
17 54
12 54
26 56
34 57
40 49
15 53
5 33
9 53
3 45
1 31
35 54
2 45
10 44
53 57
42 50
7 55
35 43
3 48
44 51
11 53
30 41
4 57
41 44
3 50
4 35
19 49
28 54
14 56
5 24
34 40
13 17
49 54
16 41
16 17
7 53
17 38
11 32
44 47
44 48
19 24
13 50
35 51
19 22
16 43
6 39
1 11
9 57
29 32
2 46
3 5
16 17
19 23
9 26
6 54
5 7
9 52
2 57
1 53
6 44
37 43
25 55
5 45
28 52
8 40
2 23
17 49
6 12
3 44
15 43
47 58
19 40
51 53
19 44
48 55
5 57
18 24
22 57
2 57
13 53
2 57
3 49
21 49
19 32
20 26
25 58
17 43
15 23
14 37
2 42
39 57
25 53
11 53
5 30
22 29
29 44
1 11
7 35
27 37
13 45
15 54
11 46
7 58
31 36
12 33
36 56
29 56
5 38
11 46
2 58
3 55
5 56
12 55
53 53
2 58
28 28
43 58
2 45
4 57
13 42
11 47
11 57
4 24
6 28
21 57
35 58
24 56
2 5
35 50
13 56
36 46
3 58
12 50
30 37
15 41
6 52
19 46
6 58
7 50
31 50
16 58
46 47
12 43
3 29
2 46
2 54
14 28
17 52
4 14
16 19
33 35
13 22
6 46
11 56
14 57
31 52
1 58
27 40
16 33
27 42
3 58
10 40
23 46
2 55
29 48
5 58
7 58
2 30
2 57
41 58
50 58
8 10
45 58
6 32
15 44
5 57
31 37
27 46
21 34
1 17
1 57
33 55
6 17
14 25
11 58
7 16
31 54
25 45
5 50
23 34
8 33
37 43
1 58
45 56
18 30
9 56
1 56
10 35
13 49
4 43
4 54
1 55
16 48
1 53
17 39
15 37
4 45
5 10
15 56
2 14
28 36
31 32
13 37
30 44
5 51
25 50
9 37
4 55
11 53
11 56
11 14
22 56
16 37
6 54
12 56
9 49
5 51
2 52
22 43
32 37
3 57
7 50
2 56
18 47
2 49
15 45
20 49
35 38
32 57
21 49
13 46
7 58
2 44
37 51
18 31
38 51
9 46
1 58
25 58
5 54
19 36
33 44
20 56
19 48
4 41
12 58
7 51
27 51
21 36
35 39
7 23
3 4
8 55
3 11
24 44
2 58
14 53
36 48
5 55
3 55
46 55
42 58
17 41
16 41
51 55
8 38
6 50
10 51
1 58
15 31
4 11
1 17
28 50
3 41
16 47
11 54
22 37
28 47
3 30
6 16
12 52
17 35
21 56
38 54
10 51
19 57
36 54
29 45
25 54
3 32
17 44
22 22
2 54
17 44
13 53
32 51
12 21
9 27
30 35
6 53
4 51
3 57
15 20
40 54
1 58
5 54
40 45
1 38
23 37
3 34
4 38
26 57
7 9
9 55
26 53
44 56
13 50
9 43
31 57
22 40
13 22
2 42
1 41
12 27
34 49
3 30
8 44
4 55
14 55
6 49
21 51
17 41
8 37
5 27
22 52
16 55
26 42
40 55
46 51
1 57
24 25
7 46
18 46
19 45
7 47
1 56
33 33
4 51
7 57
22 39
1 21
17 49
53 55
18 43
12 54
1 56
1 39
1 48
15 51
15 32
3 58
20 56
9 12
24 50
53 58
21 46
4 45
14 48
1 58
5 54
11 54
6 57
1 57
2 39
11 44
15 56
3 53
2 46
16 34
24 28
15 29
30 42
1 58
2 51
16 43
1 58
3 46
8 44
6 52
11 49
10 58
7 37
37 52
14 39
8 57
44 50
19 51
2 46
16 24
6 54
7 58
8 27
7 29
15 18
38 49
21 49
10 29
18 34
12 56
21 26
24 39
2 22
33 35
3 33
2 57
28 45
1 31
25 32
13 55
24 29
28 33
5 54
42 57
7 42
33 57
36 39
11 17
14 17
3 50
18 23
21 52
1 53
27 51
5 38
18 47
30 40
4 33
13 48
12 58
5 20
6 58
9 28
10 48
3 52
2 53
2 47
41 52
3 57
46 47
4 40
21 48
28 47
35 50
11 53
52 56
36 53
31 57
6 56
26 46
27 58
3 54
1 14
2 10
7 27
30 51
3 31
18 45
24 34
2 50
1 53
9 58
26 51
15 48
23 50
32 39
18 49
9 52
10 54
4 23
2 55
16 34
20 23
7 45
5 47
29 40
4 45
9 37
58 58
19 54
20 55
4 49
5 50
3 40
29 38
2 44
2 49
2 58
8 24
12 46
11 58
32 57
27 49
30 44
21 53
49 58
3 39
10 41
36 51
36 47
32 39
8 58
4 48
30 52
12 14
1 16
44 57
3 19
14 28
16 51
1 41
13 57
35 45
20 26
11 16
14 56
19 58
18 35
1 58
46 51
12 52
25 32
8 52
17 52
44 52
11 25
17 46
32 44
5 12
5 33
18 46
19 34
2 41
23 47
25 52
6 56
40 55
8 52
42 47
7 40
16 57
18 36
33 40
29 54
17 32
14 36
6 57
16 50
10 36
3 48
6 49
9 23
26 45
12 55
11 26
18 57
13 51
1 57
19 41
23 30
7 34
49 49
17 50
28 38
49 54
22 49
3 25
6 50
23 50
12 23
5 42
30 37
8 28
10 42
14 58
12 40
17 47
30 57
4 42
11 21
39 46
7 52
2 37
1 15
18 54
1 55
4 31
24 57
23 58
18 46
4 35
5 28
27 41
17 37
11 50
21 50
19 46
34 58
31 53
1 38
6 54
27 29
2 58
10 35
17 40
17 53
23 50
10 47
13 57
6 51
4 31
1 58
16 45
3 17
19 52
7 58
13 34
2 5
13 36
7 9
35 54
5 51
13 51
10 44
15 47
1 51
35 55
28 28
18 32
14 49
7 55
38 51
11 27
8 53
12 54
7 57
21 54
25 29
6 40
24 28
26 44
2 58
15 19
9 45
31 37
3 37
10 41
19 26
2 41
18 54
1 47
50 58
30 50
11 35
21 35
33 52
2 53
5 51
6 6
2 16
30 52
18 38
31 32
6 24
2 57
5 48
30 50
25 57
1 55
4 5
5 35
1 19
1 28
3 54
4 46
40 45
40 46
27 56
39 49
46 51
26 38
18 54
1 53
9 28
4 53
19 29
10 46
21 21
11 56
11 57
49 54
8 51
10 44
1 57
2 31
45 47
34 37
4 57
9 53
2 38
20 50
5 58
2 56
25 25
14 48
10 56
4 57
15 34
13 50
38 58
12 32
39 48
5 49
15 50
1 28
1 58
7 58
12 51
4 15
21 54
2 57
6 57
23 52
17 56
1 53
6 13
10 52
36 56
8 54
9 54
21 58
6 58
11 54
3 34
11 49
7 37
11 58
26 58
3 27
3 36
5 17
8 22
29 46
13 39
27 31
2 57
19 45
10 42
33 58
19 21
9 55
13 55
3 58
26 56
1 58
1 56
36 54
3 57
14 21
4 9
6 16
14 44
9 33
6 23
5 58
16 32
6 32
2 51
2 34
13 40
3 20
33 54
31 54
56 57
4 28
26 32
5 26
1 54
26 32
30 46
7 58
11 35
12 48
7 51
7 39
4 54
3 55
5 55
9 52
21 49
1 38
4 17
15 28
19 57
13 40
28 28
8 21
2 12
12 53
1 58
9 47
5 28
2 57
1 58
21 49
12 32
18 57
16 31
24 52
5 35
7 15
12 49
11 44
27 48
18 18
25 52
7 53
18 36
5 22
6 41
22 46
5 57
14 17
3 57
8 20
19 52
15 47
2 54
4 33
20 44
10 19
16 50
24 43
15 38
25 46
5 55
10 44
3 51
16 45
4 56
17 49
45 55
28 47
15 42
20 42
47 49
6 43
3 46
24 54
21 47
11 48
1 42
14 47
15 47
1 57
26 48
23 40
4 43
16 43
10 52
13 47
1 53
4 57
17 44
4 43
5 24
9 27
1 14
22 36
2 32
12 58
16 45
21 49
10 57
12 21
30 42
6 58
9 58
4 56
5 38
1 56
44 56
17 20
1 58
14 19
14 55
3 46
4 46
3 54
29 52
6 58
43 54
10 58
11 54
3 9
16 42
26 58
1 54
30 50
3 49
2 55
1 54
12 25
27 46
43 50
46 49
36 48
19 20
7 28
7 49
3 56
49 54
12 49
8 15
19 25
36 46
24 58
8 12
6 55
8 34
6 25
28 52
4 58
23 45
35 44
2 55
7 11
24 49
7 56
3 49
47 54
42 49
11 41
19 43
1 58
25 47
15 30
6 26
7 56
7 10
8 35
3 40
5 58
16 49
4 31
38 50
15 17
6 42
20 23
21 39
12 54
11 56
1 27
35 53
9 38
7 58
2 18
27 34
10 12
17 24
11 51
9 57
5 47
25 40
37 58
2 7
15 32
44 57
21 54
44 44
10 42
8 55
21 55
6 45
10 43
6 46
17 41
7 50
3 58
3 50
10 43
9 51
2 53
46 57
12 15
6 20
35 47
5 57
12 53
34 39
3 58
7 26
21 48
34 41
13 44
17 44
25 52
19 57
5 58
10 13
18 53
48 52
16 54
18 58
15 54
39 53
6 52
3 47
23 55
6 38
50 50
21 27
42 57
8 37
20 40
4 46
5 57
20 24
5 49
3 56
13 37
26 30
9 10
41 46
6 35
15 38
12 49
15 31
11 27
1 58
33 52
1 15
3 57
13 55
21 38
22 51
1 29
22 58
5 22
44 49
1 54
19 37
2 48
15 17
11 24
6 43
38 39
2 51
1 58
7 43
4 43
47 47
13 42
2 13
3 54
23 57
31 48
23 55
12 48
29 51
15 49
13 43
7 20
2 55
23 50
19 51
33 43
30 56
9 38
2 53
2 24
15 48
16 27
25 44
9 30
51 56
1 56
11 57
25 56
39 41
21 50
42 44
21 36
30 49
3 32
10 25
31 56
41 43
26 52
12 56
6 42
12 57
12 49
42 58
1 49
33 54
2 57
6 33
9 40
3 41
38 55
1 58
3 58
54 58
48 49
3 58
24 43
4 25
17 55
7 15
8 43
3 16
3 54
33 40
11 22
5 15
2 54
16 58
17 35
18 52
24 51
11 44
1 58
44 55
25 55
3 50
6 27
12 41
30 45
29 54
1 39
4 47
14 56
7 39
2 26
23 56
3 57
8 53
31 42
24 53
26 49
27 47
6 52
4 26
17 40
15 53
54 54
32 34
4 34
23 47
14 55
17 37
31 46
2 48
14 49
23 52
6 28
3 39
27 55
9 36
15 26
29 46
6 29
7 52
9 54
11 31
18 34
11 49
35 54
3 57
4 40
45 46
2 52
6 42
3 36
22 44
36 44
14 39
11 51
19 48
13 14
2 57
1 56
36 51
18 40
21 52
16 19
32 58
14 47
42 50
3 57
32 45
17 58
1 56
6 16
14 45
3 58
19 53
1 57
1 54
50 54
4 17
10 51
4 52
29 43
1 42
52 53
5 7
28 41
9 54
29 40
24 58
22 24
3 45
4 24
18 45
41 54
2 7
4 50
31 44
19 41
50 53
20 38
36 50
35 56
11 57
20 56
5 36
11 27
11 47
8 56
27 40
29 44
2 44
29 31
4 54
10 53
10 45
6 35
27 47
40 47
11 53
4 17
40 58
7 56
12 54
8 55
3 57
49 55
20 21
28 37
5 29
8 44
16 18
5 27
16 51
23 24
3 55
2 31
5 14
50 58
17 55
9 49
7 50
3 56
3 58
6 51
1 58
38 46
1 58
21 52
2 44
7 35
4 29
4 9
19 45
38 49
14 48
15 50
26 54
23 42
16 28
8 45
10 53
3 58
22 36
7 33
15 48
7 55
28 42
34 40
28 54
9 42
7 57
17 34
5 46
16 22
12 51
1 14
6 47
15 55
2 58
34 35
19 49
8 52
9 27
29 58
9 47
15 41
1 55
12 50
16 54
2 53
14 57
7 58
25 40
21 48
42 56
25 40
6 58
1 53
2 55
1 58
9 49
20 25
2 56
38 47
2 21
1 52
17 22
8 54
12 35
26 42
54 58
4 47
3 56
7 25
14 54
1 56
8 8
29 43
8 50
23 56
5 21
21 39
27 43
9 22
10 56
8 58
14 28
2 58
21 55
7 58
39 48
18 53
10 44
4 22
2 35
18 40
16 50
40 58
2 58
4 48
3 58
4 50
7 45
6 24
39 53
42 53
3 56
31 47
12 19
7 18
25 53
19 25
37 42
22 42
35 57
53 56
23 44
31 51
15 51
11 47
1 39
37 55
3 33
6 57
18 38
1 55
19 27
21 53
23 48
8 52
13 56
9 36
25 54
8 38
13 25
30 51
9 34
47 50
21 36
27 52
20 46
17 47
3 50
8 58
5 49
43 52
15 49
42 51
16 54
17 40
22 46
2 52
9 35
8 33
2 58
13 51
17 52
11 53
18 27
5 36
2 58
12 24
2 56
42 53
29 46
43 52
3 57
34 37
24 31
40 52
9 58
8 58
16 54
18 23
2 38
6 56
3 34
36 50
12 20
18 26
1 52
19 57
32 55
3 31
49 53
9 9
14 35
38 51
13 40
17 52
7 51
7 45
11 55
38 41
2 56
14 45
1 12
3 25
37 56
1 58
47 53
27 36
26 40
6 12
25 52
41 48
7 9
40 56
16 31
1 37
2 50
31 39
11 25
2 53
39 56
12 43
24 46
3 51
2 56
11 49
4 44
44 57
12 21
11 20
40 49
6 54
21 53
16 57
18 21
17 35
1 58
42 48
11 14
22 54
1 58
33 58
42 44
22 48
12 47
8 27
39 54
20 42
5 50
24 54
9 54
1 45
21 55
1 34
5 47
12 51
12 49
5 50
4 44
31 56
26 29
16 35
44 55
2 34
2 52
36 41
4 55
9 46
17 39
35 58
38 56
6 34
12 55
26 37
25 44
23 35
17 20
34 40
37 37
33 56
5 38
17 32
31 53
7 45
3 43
38 49
18 57
10 14
22 57
2 35
6 33
19 55
26 35
2 56
23 56
25 48
37 55
8 42
44 45
38 38
24 28
2 57
2 9
8 44
6 31
27 33
9 56
3 38
23 44
1 58
44 47
20 26
20 28
9 34
5 44
5 58
35 57
4 36
4 57
10 38
11 49
7 58
9 45
9 29
31 35
1 52
9 33
9 49
2 56
41 44
1 58
12 47
34 34
12 51
3 10
3 56
11 26
2 26
18 52
1 12
27 54
10 43
15 38
45 48
11 34
14 20
9 26
1 32
8 51
26 48
1 22
9 51
19 41
4 42
24 40
9 18
5 44
45 52
4 57
8 35
32 53
26 53
13 54
6 39
25 34
3 53
3 58
7 34
2 44
1 58
18 18
21 25
15 46
15 54
24 27
36 46
28 55
16 29
9 49
14 26
11 47
3 52
7 58
23 47
27 35
6 48
7 43
8 56
9 56
2 48
10 44
1 57
15 47
1 58
32 53
37 56
18 55
22 24
23 53
33 43
6 30
16 55
30 56
28 40
27 39
4 18
5 50
33 55
8 54
29 34
20 49
14 51
23 54
30 38
3 58
2 32
12 45
4 43
25 51
36 36
6 57
3 54
8 19
7 47
11 58
18 58
6 58
47 56
31 33
29 37
18 20
21 31
5 54
18 56
3 47
12 56
24 38
12 53
5 58
2 43
13 21
14 57
24 58
19 32
6 49
25 35
10 40
12 46
10 55
6 49
42 45
11 21
1 58
4 48
36 45
1 53
4 24
7 54
9 58
3 58
14 51
28 56
17 27
25 38
15 56
6 48
29 52
1 26
41 54
41 43
18 45
7 28
43 51
2 53
50 58
7 58
8 55
7 38
3 39
1 54
2 58
6 40
12 56
30 37
5 51
3 58
13 46
11 49
15 51
1 1
25 30
16 54
13 40
8 56
1 58
6 57
1 35
6 48
7 21
40 43
17 38
9 51
17 49
11 41
5 38
37 50
2 55
19 43
40 41
28 35
14 46
7 58
4 50
1 28
17 37
1 58
6 31
2 20
9 54
20 55
4 50
33 50
18 32
21 33
1 39
1 23
12 17
10 45
15 36
2 55
17 33
7 45
32 44
29 42
2 7
8 53
7 47
22 50
4 21
12 57
33 39
1 50
32 51
22 30
43 51
5 31
10 30
31 53
1 58
19 20
37 41
39 45
12 58
34 42
38 56
17 45
1 25
50 57
9 49
1 48
4 45
9 53
9 57
56 58
10 46
1 55
11 26
19 42
1 40
1 58
35 56
18 44
4 57
12 58
39 54
9 26
6 58
15 45
19 25
1 34
28 55
2 57
14 45
15 54
23 43
23 54
5 58
18 36
3 55
1 16
9 32
28 33
7 51
11 25
45 58
10 43
5 36
1 57
15 52
31 47
6 19
17 47
50 57
41 57
1 47
55 56
6 41
4 51
2 16
16 22
2 34
12 46
16 43
35 37
3 51
25 30
6 33
4 54
19 40
6 50
4 58
36 43
10 58
52 57
24 26
4 58
31 54
8 58
1 53
15 15
15 31
13 46
14 58
11 58
9 11
1 58
15 35
10 45
2 58
6 9
26 36
4 54
16 40
10 26
1 35
34 53
28 55
16 17
51 53
9 19
36 44
9 36
27 32
9 50
2 55
22 54
5 43
1 57
5 37
6 31
25 41
9 40
4 31
3 58
4 58
1 58
22 43
8 50
6 34
30 56
26 58
17 36
10 55
29 38
22 52
7 46
15 41
1 17
4 47
28 35
39 56
7 50
18 40
2 58
1 1
7 41
36 38
44 52
21 30
3 13
24 58
14 58
41 47
44 47
4 53
26 38
24 46
3 56
33 45
35 36
4 58
45 56
1 34
5 58
5 47
58 58
19 41
4 34
9 51
19 49
17 54
38 53
43 49
29 54
18 40
10 44
22 51
3 37
7 40
1 58
7 58
14 58
11 52
2 50
14 15
4 46
17 26
29 42
23 57
3 54
15 31
31 48
39 54
11 33
13 56
2 31
2 57
23 30
1 6
3 58
31 44
15 58
7 8
13 49
15 44
1 58
2 11
8 48
3 24
43 51
2 51
17 55
40 49
1 57
48 52
1 58
5 10
6 56
39 47
1 6
3 56
19 53
12 41
24 42
4 52
21 57
10 29
53 57
5 33
33 54
10 57
31 54
4 53
30 53
31 58
24 34
9 9
15 43
17 52
1 57
1 56
11 34
13 36
14 20
4 41
5 45
4 19
8 56
24 31
6 54
29 33
15 45
7 58
15 41
12 49
26 26
36 55
8 26
19 49
8 27
40 56
5 17
6 45
31 44
7 31
4 27
26 49
4 52
7 56
7 48
1 26
5 49
15 47
21 36
4 26
9 17
26 32
14 14
15 51
5 26
9 13
3 47
8 57
2 55
9 48
35 48
27 34
22 37
24 46
16 46
16 36
8 47
25 51
7 28
4 57
35 54
29 40
1 51
4 49
17 46
14 19
42 47
34 41
17 50
6 46
8 43
28 36
20 53
27 36
8 45
41 42
20 44
4 47
22 37
3 37
38 53
2 56
14 29
15 20
10 47
11 31
48 49
12 57
4 44
24 24
15 35
8 56
16 41
22 31
3 44
42 47
26 56
8 22
6 50
10 35
16 58
27 48
1 53
38 56
5 38
2 37
4 58
28 47
1 50
2 31
5 56
29 56
7 56
53 55
28 53
19 52
11 55
27 47
19 52
11 46
31 57
3 58
13 22
11 42
18 28
21 54
4 20
14 22
8 46
5 53
7 49
19 57
42 47
9 57
6 15
11 52
1 48
7 57
3 57
5 58
7 48
8 52
7 23
1 58
15 43
27 57
3 29
3 57
14 19
19 58
41 58
4 34
28 46
21 53
58 58
12 42
3 57
1 57
35 53
1 58
18 40
19 36
36 43
12 20
29 35
11 34
25 47
28 28
9 29
2 58
5 49
43 49
23 47
3 52
4 50
8 31
46 53
1 57
2 55
27 54
30 53
11 18
1 55
1 56
9 43
10 12
13 42
5 23
3 57
4 21
1 56
5 54
3 49
29 46
7 38
17 52
25 52
10 18
52 53
16 40
8 11
19 41
3 58
1 31
1 54
47 55
3 47
30 50
21 27
1 41
2 36
18 52
3 43
5 52
26 28
12 13
15 56
12 48
27 43
28 33
4 56
17 54
7 42
24 53
38 46
3 55
27 53
10 53
23 26
6 57
4 49
2 56
11 37
24 32
11 58
5 41
25 49
5 51
11 29
13 51
7 19
9 21
6 52
49 49
19 52
5 51
2 57
30 44
2 51
14 54
1 41
13 15
3 57
11 30
17 45
38 45
14 14
15 52
19 28
19 50
2 58
6 46
9 56
2 58
24 31
7 46
15 49
5 53
4 52
14 41
41 55
1 34
15 54
37 40
1 48
33 58
9 31
8 58
3 54
28 57
14 53
4 49
16 35
3 7
34 37
16 32
10 52
16 52
3 46
46 52
31 36
35 41
42 48
5 31
15 52
5 56
38 41
25 56
10 42
5 45
5 33
1 57
3 53
14 41
20 20
21 51
10 11
6 29
18 55
21 44
24 54
18 55
5 52
13 56
9 58
11 40
10 42
23 58
3 34
4 12
2 54
3 38
35 48
10 46
5 57
38 54
15 29
6 55
4 57
25 32
29 53
12 57
33 52
1 54
34 43
14 16
30 37
44 45
11 55
17 53
26 38
31 40
18 49
33 49
2 58
17 30
38 53
10 18
23 34
18 28
52 56
22 41
5 49
15 27
46 56
28 53
12 58
11 56
27 27
1 54
6 50
1 57
9 19
17 53
17 50
34 39
7 58
25 47
32 51
6 45
10 51
29 45
24 55
21 53
36 36
25 30
3 57
18 26
6 42
24 58
1 58
7 34
4 56
42 49
21 55
5 53
2 56
12 56
40 55
10 57
50 58
17 51
2 9
22 43
22 45
12 50
37 50
18 46
6 58
3 57
2 34
18 36
9 49
7 57
6 26
8 50
7 49
13 25
19 28
3 51
9 52
6 57
7 57
24 56
4 58
3 47
33 50
5 29
23 28
4 27
36 36
24 26
11 56
16 40
2 55
4 25
5 38
19 52
20 41
1 52
9 19
28 45
18 58
11 55
7 54
11 56
6 7
2 5
25 26
10 53
18 27
2 18
46 46
9 11
5 33
11 28
7 58
6 55
17 22
10 53
41 46
1 55
7 53
30 51
29 54
21 57
13 52
1 58
6 57
4 58
46 54
39 58
17 30
1 51
2 51
49 51
2 55
19 39
28 49
40 55
2 56
1 1
6 55
8 47
27 31
29 52
2 58
11 57
36 43
10 45
22 41
15 37
33 46
3 10
4 16
1 58
12 57
27 49
30 52
26 37
1 55
4 19
10 41
25 49
36 58
9 52
22 36
1 57
2 31
3 58
19 24
32 38
11 37
23 56
15 56
36 41
22 55
32 43
33 40
22 35
44 58
17 53
5 26
6 42
2 22
2 51
10 12
1 55
25 26
18 48
4 46
25 46
10 16
5 27
15 54
32 32
7 58
20 20
48 49
45 57
10 32
3 19
5 27
9 31
50 51
16 40
11 24
24 51
13 42
7 49
2 58
7 17
27 43
17 45
18 43
3 38
16 57
8 44
19 40
4 32
18 35
2 58
1 46
20 33
1 23
29 45
6 20
2 58
16 31
3 45
18 54
11 58
2 57
15 52
29 41
39 42
4 57
13 30
7 49
40 53
16 21
57 57
12 12
30 32
35 46
4 50
2 42
4 57
5 43
6 58
33 33
48 53
13 51
28 48
24 39
1 56
4 30
40 41
6 38
25 50
5 56
1 4
17 41
16 58
18 37
44 56
16 46
26 46
6 13
10 25
24 26
38 52
12 37
24 25
27 49
28 42
16 46
1 13
15 49
25 48
28 48
1 48
36 36
2 31
14 56
4 29
11 22
30 31
3 58
15 56
31 58
9 47
1 56
1 53
16 58
22 44
37 55
3 37
1 58
7 49
6 57
4 43
1 57
6 32
41 55
24 39
10 22
2 54
41 46
7 56
23 57
1 58
3 37
28 58
2 38
31 31
12 40
3 58
8 58
25 36
2 24
8 26
8 50
19 41
42 51
1 30
1 55
21 30
6 58
5 58
13 29
19 25
27 42
6 42
11 52
46 55
14 44
1 55
2 58
11 56
43 46
31 53
1 36
9 33
6 55
2 58
25 56
1 54
1 56
12 42
13 28
13 36
8 34
16 44
19 30
5 44
26 52
8 54
8 44
2 58
1 33
48 48
6 57
41 56
12 55
30 56
22 28
12 50
5 41
5 51
1 43
13 56
27 32
31 35
4 48
41 41
12 24
11 36
16 58
5 51
2 57
7 56
17 36
2 58
30 33
6 57
36 43
19 49
2 48
4 22
13 45
1 46
1 56
10 10
10 23
10 41
5 56
11 29
4 52
24 38
7 42
41 50
3 56
1 7
1 8
5 53
3 57
4 58
7 45
10 43
1 24
7 46
6 36
2 43
12 48
19 46
13 56
8 51
34 34
11 46
33 48
13 40
3 52
2 13
10 46
30 33
2 48
6 21
10 55
17 37
17 44
2 38
51 53
2 36
45 49
26 29
19 27
18 48
7 46
12 43
1 53
25 55
41 55
18 45
47 49
19 53
21 21
30 36
4 53
1 54
2 34
5 51
25 54
41 46
12 46
5 51
13 49
23 33
14 40
21 40
6 26
6 57
18 58
24 55
7 39
7 50
33 39
1 33
3 37
42 51
13 46
2 48
48 54
8 55
