100 ZYZyz
ZYzYzYZyzYZyzyzYZyzyZyzyzYZYZYZyZYzyzYzYz
2 34
5 35
29 38
8 34
32 41
1 25
24 34
4 24
29 36
16 20
1 41
16 31
7 33
4 15
2 32
13 35
13 37
7 35
18 38
4 35
16 31
3 35
4 18
27 34
10 35
12 14
1 40
24 41
5 30
8 21
31 33
9 28
7 41
13 14
2 21
2 36
17 41
1 22
26 35
23 39
10 29
26 39
4 41
1 26
13 29
13 25
1 41
9 10
2 41
24 31
2 37
12 26
6 35
10 25
7 36
7 28
3 9
3 14
25 33
5 41
3 39
11 37
12 18
2 38
1 27
16 32
3 32
32 38
5 41
26 28
20 38
5 10
9 20
2 40
1 41
3 31
6 22
9 32
7 29
33 39
3 9
1 30
20 21
4 22
4 28
13 23
3 38
2 38
8 39
21 32
13 24
7 30
11 29
13 19
12 20
27 36
16 25
21 31
20 23
11 22
