100 zYzYz
YzyzyzYzYZyzYzYzYzYzyZYzyzYzyzyZyzyzyzYZ
17 38
13 34
23 36
2 2
5 38
2 28
28 33
9 38
3 12
5 39
4 34
3 18
16 34
4 34
2 11
10 21
16 36
2 39
2 40
2 39
16 23
15 15
13 37
1 40
13 32
10 35
14 30
23 33
5 11
1 29
30 32
10 35
3 36
26 40
7 8
12 40
3 14
19 35
6 16
6 39
17 21
1 35
7 38
35 37
18 37
25 31
3 7
29 29
3 29
27 38
26 40
6 34
12 14
14 17
15 18
11 38
6 20
13 15
6 33
16 20
11 28
7 7
4 34
6 22
3 31
3 19
10 40
6 40
22 36
1 11
10 37
14 40
1 35
14 18
1 40
12 28
33 39
7 17
28 40
2 40
5 39
25 28
2 39
10 22
10 32
30 39
19 34
6 16
35 39
19 26
6 36
4 20
18 30
5 24
6 40
4 35
2 34
7 40
4 39
6 29
