200 bAB
babababababababababab
3 7
11 19
3 16
15 17
2 14
12 12
9 15
1 19
3 8
1 21
3 16
13 21
8 19
7 17
11 21
1 1
5 19
11 18
19 19
11 20
1 20
5 7
2 18
4 16
3 8
16 19
5 21
4 8
18 21
4 20
1 21
3 15
3 13
10 18
6 11
4 11
8 18
4 21
3 4
4 19
12 13
4 5
3 16
6 15
1 17
4 4
1 6
3 21
7 15
3 17
5 19
1 20
12 17
9 17
1 19
1 20
12 16
8 11
16 21
1 18
1 18
4 15
7 15
4 21
14 20
6 20
1 21
12 16
5 19
12 19
12 20
7 9
2 8
10 20
9 11
7 20
4 18
6 10
4 19
1 10
12 19
6 21
10 15
2 17
6 17
17 21
3 16
7 17
5 10
4 19
18 21
2 18
6 20
2 13
1 14
3 20
7 17
14 19
4 16
1 21
7 13
2 14
3 18
4 5
8 20
9 11
6 21
14 19
11 16
2 21
5 12
3 14
2 16
8 13
3 8
10 16
5 14
3 14
9 19
1 13
5 9
1 19
1 19
7 16
1 13
10 11
5 19
4 21
1 9
1 18
10 14
8 18
7 18
6 17
18 20
8 19
16 21
3 21
5 14
2 9
2 19
1 19
7 21
3 6
8 14
5 18
11 21
6 17
9 9
5 20
10 13
15 20
16 21
12 20
15 17
15 16
4 9
11 18
8 21
1 10
1 21
5 8
9 15
9 12
6 17
12 18
9 10
4 18
3 14
6 16
3 17
8 14
5 12
1 12
5 19
4 19
6 21
2 20
14 20
4 15
4 16
8 18
5 20
3 18
7 12
1 21
4 7
13 18
5 16
1 21
8 21
9 18
6 18
6 15
6 20
2 21
3 21
3 14
3 21
9 13
