100 baaaa
aaabaabababaabaabbabaabaaaabbaaaabbbabbbbbababbaaaaababababbbbbaaaaaabbaaabbaaaaaaabaaabaaaaaaaabbaa
23 71
59 94
2 43
43 100
12 74
7 92
6 96
4 77
43 81
86 90
34 94
54 98
6 84
2 97
22 87
7 99
5 64
34 37
43 66
32 98
50 98
4 30
34 81
39 68
24 99
18 67
20 50
64 99
9 43
31 78
16 68
32 84
20 96
30 71
2 84
16 89
24 79
24 94
32 34
3 46
66 73
1 82
66 74
2 56
4 86
36 93
45 53
12 39
2 100
1 91
75 78
65 100
4 90
35 93
42 73
54 77
32 92
8 48
1 70
5 98
56 99
26 34
7 75
67 98
78 93
42 97
2 75
15 86
7 86
14 98
63 94
1 100
26 32
12 83
2 74
15 95
9 95
16 63
1 97
13 98
3 66
79 86
7 9
11 78
58 81
20 27
10 50
41 58
72 97
2 98
10 98
2 3
19 93
6 96
78 85
16 100
1 99
59 91
6 79
2 99
