100 bb
bbaabaababaaabbbababbbabbabaabbbbbaaabbbaaabbbabbaabbbbabbbbbbaabbaabaaaaabbabaabbabaabaaaaaaaaababa
57 87
20 98
11 13
48 66
23 48
1 96
1 90
12 19
13 19
10 91
36 66
44 77
16 81
9 95
36 80
93 93
5 95
52 85
7 76
3 99
53 64
3 94
45 89
45 99
8 46
3 89
2 79
7 68
43 90
1 89
6 46
48 80
42 44
36 92
19 73
73 88
52 70
53 69
72 99
11 36
28 77
46 84
17 56
2 82
52 85
1 99
29 75
1 97
19 96
70 80
15 92
63 73
22 48
27 33
7 35
1 98
5 98
32 91
28 80
26 88
50 99
8 97
13 43
1 99
3 44
34 67
3 82
34 34
18 51
36 81
26 70
30 74
12 38
9 22
55 99
21 98
3 100
26 91
46 79
27 39
58 70
5 89
10 18
37 92
22 25
42 84
38 56
37 99
13 99
30 31
35 57
71 73
2 100
54 78
14 36
57 87
30 85
8 95
35 54
7 98
