100 ba
baaababbaabbabbbbbbbbbabaaabbababbabbbabbbbbabbababbbbbbbaaaaababaaabaaaabbbabbbababbabaabbbabaaabab
16 29
5 96
1 99
7 85
58 99
30 54
17 43
14 83
8 18
77 99
36 40
21 90
17 26
26 76
19 85
13 99
18 99
17 64
30 91
15 66
19 63
50 73
68 80
16 51
9 28
11 15
55 74
50 93
1 79
3 57
78 93
1 99
19 94
33 59
1 89
12 91
47 49
36 58
20 37
38 97
9 97
31 98
3 90
86 97
19 24
44 100
1 69
3 62
1 22
36 96
67 100
37 78
36 63
29 45
4 98
27 88
45 87
20 82
46 47
1 96
3 98
30 69
1 77
1 99
3 99
3 56
50 95
36 45
14 68
5 83
12 32
14 70
17 87
49 91
44 74
66 91
52 86
28 99
21 74
6 90
4 95
9 81
10 89
20 80
13 35
2 100
28 60
14 36
27 70
13 98
8 87
22 84
11 41
74 91
16 50
13 71
23 65
14 73
28 62
7 99
