100 aa
aabbbbabababaaaabbbaabaaaaaababbaaaababaaaaaabbbaaabbbaabbbaaabaaaaabbbaaaaaaababaaaaaaaaaabaaabaaba
43 62
44 86
63 71
1 82
43 67
55 75
4 96
39 69
38 82
1 60
16 45
37 87
25 77
29 55
37 61
25 61
6 19
48 59
8 62
87 97
4 95
14 60
26 97
28 75
19 52
25 75
50 53
40 79
56 63
40 74
30 65
52 84
14 96
36 59
11 67
33 98
54 71
58 94
23 92
8 64
9 83
20 96
16 58
49 52
16 90
30 65
80 90
100 100
6 21
1 90
45 67
24 93
14 72
9 94
6 99
2 83
90 94
3 80
7 77
79 90
1 100
6 99
27 84
21 54
25 60
9 39
12 82
5 90
12 100
8 90
2 61
20 69
6 100
48 53
24 31
18 79
22 90
24 83
24 81
23 58
51 91
43 97
26 49
30 93
7 80
18 93
64 64
4 51
68 87
47 86
27 71
29 97
4 83
45 63
81 82
34 50
20 31
2 46
13 100
67 77
