100 aa
aaaabbaaaaabbabaaaabbbaaaaaabaaaabbaaabbaabbabbababbbaabaaaaaaaabaaabbbbbbbaabbabbaaababaaabaaaaabaa
41 44
25 67
77 94
18 26
11 93
17 37
21 77
30 51
25 60
52 94
23 72
2 94
22 70
30 92
14 99
37 86
46 68
59 68
10 37
37 85
46 63
3 48
81 100
1 100
31 40
89 96
59 74
30 63
51 55
49 61
89 100
7 77
7 100
1 100
45 67
31 95
11 100
57 78
33 76
3 91
82 98
1 74
3 80
42 59
16 93
7 43
16 56
11 79
37 69
3 65
57 90
1 98
37 55
7 100
28 90
4 79
2 93
89 89
27 50
8 50
62 93
5 90
6 93
28 93
55 72
18 94
6 87
1 91
18 88
18 45
1 100
7 24
6 85
7 96
15 28
12 90
2 86
79 94
33 93
36 80
18 97
2 86
4 91
16 47
40 89
18 93
4 82
38 92
5 14
34 55
14 70
21 84
40 95
6 53
71 88
54 74
40 93
10 94
3 65
2 88
