100 bb
aaabbbababbbbbabbbbbbbbaabbbaabaaaabaabbbabaaaaaababaabbabaabbbababbaababaabaaabaaaaabaaabababbababb
40 71
18 96
16 51
29 92
4 12
6 95
45 92
40 75
2 94
40 65
49 81
21 75
34 81
6 81
57 97
1 91
6 93
5 97
1 94
18 93
6 100
3 93
15 87
76 80
39 73
47 82
53 90
76 77
42 51
66 80
5 97
83 93
84 90
37 74
46 69
44 63
27 44
61 72
67 79
14 29
3 99
26 77
44 66
27 63
16 77
31 82
16 66
8 98
58 94
22 100
4 93
9 83
3 62
41 59
57 59
67 79
38 86
75 85
7 100
5 19
52 72
11 20
53 97
3 13
71 75
37 69
35 59
89 94
1 80
2 14
21 88
41 53
9 64
53 69
19 94
4 15
4 99
25 73
57 100
24 92
14 79
31 56
66 81
9 94
28 76
3 96
10 31
45 97
1 91
46 96
1 92
51 91
50 58
12 42
28 51
1 83
70 70
17 70
1 92
2 80
