100 bba
baaaaaabaaaabaaaabaaaaabaabaabbbaaabbabbbaabbaaaabaaaabbaaabbbabbaabbbbabbbabaababbbaaaaabaaabaabaab
68 69
18 75
10 67
7 86
45 94
2 97
79 93
22 78
15 72
2 78
6 75
46 55
4 16
14 48
3 74
52 79
70 80
44 73
39 92
44 96
5 83
1 92
3 49
25 97
56 62
15 85
26 52
64 79
1 60
4 94
14 94
1 99
16 96
18 20
34 99
31 100
30 55
61 62
7 92
60 92
83 97
13 39
9 93
1 95
49 59
3 90
11 24
55 84
20 30
34 84
4 92
13 95
7 95
14 92
31 89
4 45
19 73
4 73
19 91
19 98
17 59
30 38
1 83
4 98
17 58
52 99
14 59
28 84
1 49
65 71
17 76
78 81
1 98
55 77
7 88
40 74
2 91
54 89
30 85
48 89
5 67
21 90
25 96
2 88
2 51
53 56
14 100
1 36
45 49
7 99
9 84
25 87
11 13
4 100
9 97
7 83
15 100
16 88
1 100
6 78
