100 abaa
aaababaababaaaababaabaaaabbabbbabbbaaaaaaaaaaaaaaaaaabaaabaaaababbaaabbababbaabaaaabaaaaaababaaabbbb
42 100
20 47
72 75
7 63
13 100
1 100
54 94
1 98
73 78
57 68
7 34
76 97
24 46
5 93
13 36
32 77
67 89
5 99
5 97
9 96
1 99
34 94
34 87
24 60
1 100
12 95
30 76
49 100
36 53
60 93
12 61
53 95
14 90
18 61
8 99
91 96
25 53
10 96
16 95
5 25
66 94
15 99
16 74
35 76
59 84
17 31
44 60
20 51
85 91
7 100
14 42
38 64
17 38
1 100
14 97
18 18
1 100
10 85
24 88
9 37
35 40
21 89
2 99
56 88
49 53
3 100
46 100
27 97
17 88
27 64
3 55
11 91
75 84
1 92
30 49
25 56
52 77
35 59
3 99
22 91
51 51
15 43
21 93
11 83
83 100
4 95
5 92
2 97
28 36
78 89
45 99
64 100
72 95
1 14
15 33
29 41
1 100
7 65
3 89
8 39
