100 aba
baaaabbbbbbbababaaaaaaabbabbbaaabbaaaaaaabbbabbbabaabaabaabbaaaabbaabbbbbbaabbbbbbbbabbbabbbabbababb
58 60
14 31
21 32
8 59
76 87
23 48
62 99
26 90
14 98
67 97
28 43
25 67
13 56
29 88
5 99
49 92
10 26
6 99
8 41
73 96
41 44
8 99
22 65
8 95
10 89
40 51
6 55
32 36
4 64
54 98
44 95
4 97
32 98
47 71
30 93
20 69
2 30
6 25
9 70
13 65
3 17
33 98
10 73
3 100
17 40
21 88
63 100
6 100
90 95
3 97
1 100
1 100
3 90
54 85
33 86
2 97
5 99
45 66
66 91
15 48
7 84
22 91
10 66
72 75
12 63
40 63
6 97
44 48
31 69
47 48
6 78
6 98
17 92
4 80
17 27
5 90
53 66
37 81
22 27
19 90
3 40
14 40
18 60
9 89
66 93
20 84
47 97
25 92
8 82
20 37
10 59
47 95
20 43
29 73
54 77
72 97
39 48
49 76
4 92
8 86
