100 abb
babaabbbaababaabbaabbbbbaabababaaabaabbbbabbbaaabaabbabbbabbbbbabbaabbbbbabbbaabbaaaaaaaaabbbbabbbab
17 95
5 86
29 43
18 68
54 100
67 98
14 45
81 98
57 80
57 90
22 79
71 72
1 100
64 92
6 86
4 99
30 77
1 86
50 52
18 45
36 99
15 36
12 41
13 97
3 99
1 85
2 49
3 96
17 88
20 73
74 83
76 94
61 90
55 96
78 89
13 85
39 99
8 94
43 68
54 91
62 69
21 61
26 45
57 99
1 18
6 24
24 94
5 10
14 62
49 54
64 96
28 64
11 94
89 91
4 68
31 54
8 67
11 18
7 7
3 58
24 90
2 64
58 81
27 84
6 44
8 70
4 35
29 62
9 61
39 93
42 47
55 93
2 99
33 50
28 87
54 65
39 90
45 98
23 23
13 16
2 58
21 89
13 79
21 50
41 93
35 75
21 67
1 99
33 36
33 40
24 76
5 96
29 67
64 98
75 88
33 65
32 98
19 67
10 79
1 6
