100 abaa
bbaabaaaababbbbbbabaaaaaabbbbbababaabaabaaaabababbbbaaaaabbaaabaabbaababababbababababaaabbbabbaaabba
2 96
60 93
14 100
15 91
33 98
36 40
40 85
5 84
9 96
30 53
45 52
32 80
3 75
22 93
9 56
6 81
4 97
10 40
66 83
6 30
12 97
3 96
28 93
26 94
1 83
1 83
9 41
2 62
4 32
9 65
35 68
4 71
46 100
82 93
55 79
14 17
40 71
15 100
86 94
10 68
39 81
24 99
11 93
29 87
88 96
39 77
55 60
19 91
72 82
18 82
59 72
51 90
50 58
21 93
40 84
36 80
46 93
36 74
28 96
30 53
10 93
3 72
25 31
26 86
15 85
7 29
18 92
7 94
69 72
89 98
62 65
51 94
11 47
9 40
40 74
40 67
6 28
21 92
17 93
16 80
29 70
22 91
60 85
14 18
24 74
9 100
35 83
49 77
5 11
1 99
15 81
1 81
29 80
12 66
11 37
12 27
29 63
15 70
14 32
41 81
