100 aba
bababbaabababbaaaaabaabbaaaabbaabababbababbbababbbbaaababaababbbaabbbbababbabbbababbaabaabababaaaaba
33 56
2 19
69 96
29 65
26 58
1 96
5 92
5 89
9 82
27 96
22 97
36 91
2 97
17 99
4 100
47 82
15 87
56 93
32 78
18 81
37 89
54 87
11 26
67 68
1 100
13 61
42 100
15 78
6 77
4 62
1 86
16 65
17 91
25 25
82 92
12 72
58 69
55 95
16 34
34 92
66 94
56 79
58 88
48 55
18 98
3 85
6 86
22 93
22 38
22 92
8 8
10 76
54 89
33 49
45 97
38 58
35 53
8 24
9 98
8 77
17 82
96 97
62 95
12 91
3 74
8 92
9 63
16 18
18 84
38 71
8 92
47 94
76 79
75 90
4 93
37 98
56 79
44 60
46 51
5 94
52 92
8 100
16 53
4 100
48 75
12 25
26 66
84 84
53 98
8 92
99 100
7 87
9 72
3 85
15 92
17 36
79 99
2 41
31 96
55 64
