100 abb
bbbaabbbaaabbaababaaaabaaaaabbaaababbbbbbaaaaababbbababababbababbbaababaaaabbbaaaaabbabbbbbbbabaabbb
4 77
9 81
4 51
16 68
1 100
30 65
3 81
5 55
1 70
18 26
56 70
1 98
14 96
6 94
26 84
24 64
21 80
4 50
16 80
16 17
1 96
8 55
2 94
8 57
41 87
62 89
24 85
13 60
68 98
42 85
71 99
3 44
14 98
3 58
64 95
3 99
61 85
5 62
14 92
2 81
57 84
18 83
6 45
25 87
15 88
29 99
25 53
25 41
24 78
56 87
14 98
4 71
3 90
5 83
21 52
1 88
6 13
20 25
19 73
34 91
62 78
44 86
73 79
7 94
59 93
77 99
5 95
45 93
3 57
23 88
7 19
3 80
59 72
14 63
49 72
11 43
45 65
27 33
36 61
21 29
37 100
21 90
89 89
86 96
22 81
36 80
5 49
42 93
30 94
1 89
17 91
31 90
7 88
32 48
17 71
7 15
6 59
24 87
17 79
12 98
