100 baa
babaaabbaaaaaaaaabbaaaabaaaaaaaaaaabaaaaabbbbbaabaaaaaabaabaabaabaabababababaabaaaabaaaababaaaabbaaa
2 94
30 35
67 74
47 79
26 35
12 14
64 64
1 94
9 28
14 26
11 88
15 53
6 76
74 88
66 90
33 91
9 75
16 82
15 51
30 100
32 94
3 71
88 97
1 89
3 85
27 52
70 72
12 92
4 97
2 89
44 87
4 96
40 51
12 98
10 63
2 96
24 83
72 97
5 75
29 94
28 100
11 91
87 93
1 96
38 99
49 94
43 67
5 38
19 89
21 98
8 87
7 55
7 17
1 100
12 81
21 84
14 93
26 45
14 87
11 100
8 61
11 87
2 87
10 16
33 88
7 40
4 85
36 86
1 89
3 3
18 57
49 50
4 29
21 100
4 6
12 77
24 65
25 30
1 100
4 81
48 53
73 79
16 84
18 80
23 92
2 29
22 84
33 95
64 73
70 86
51 90
48 91
27 57
4 100
23 47
3 93
11 92
4 76
35 71
2 100
