100 abaab
bbbababbaaabbbabbaabbaaaaaabababbbbbabbbabbababaaabbabaabaaababaaaabbbbabababbaabaaabaaaaabaababaaba
27 90
78 78
1 86
10 74
6 92
4 98
22 81
1 93
56 66
2 99
3 93
1 100
12 48
72 98
31 42
8 31
45 86
37 92
6 100
14 68
30 99
1 74
33 61
73 79
4 98
22 82
4 61
1 48
28 74
22 97
3 97
26 28
30 66
1 99
40 91
12 98
23 91
71 84
13 78
63 63
71 96
18 90
20 32
65 78
3 84
77 100
6 77
5 54
14 94
33 83
14 96
30 59
40 82
4 24
58 87
29 100
10 69
20 59
62 89
59 100
17 47
4 90
33 55
29 48
23 95
3 45
44 67
12 71
11 73
8 55
22 95
75 83
14 65
46 94
7 83
51 51
36 73
2 98
1 100
39 68
2 99
68 76
67 71
11 98
61 67
35 50
44 56
2 31
24 29
88 94
25 79
44 96
52 89
4 89
17 97
1 50
25 83
65 88
1 100
3 85
