100 aa
aaabbaaabbbbbabbabaaaaabbbbaaaaaabbabbaaaaaabaaabbababbaaaaaaaabbbbbaabaaababbbaababaabbbababaabbbbb
9 38
12 74
80 100
78 82
15 45
60 87
3 96
5 95
3 16
60 72
6 99
74 99
7 90
43 91
1 100
13 81
70 89
8 80
57 66
42 60
4 98
33 44
34 89
22 55
6 47
62 86
43 61
41 84
17 90
7 79
2 51
37 65
8 99
25 55
14 94
30 30
55 99
28 52
15 62
17 51
51 64
31 64
17 77
2 61
18 53
25 98
36 88
41 86
4 84
6 96
8 84
55 55
23 46
39 60
16 31
38 47
31 56
19 57
42 83
13 34
4 58
12 86
2 91
27 97
1 100
9 13
86 100
73 99
36 46
7 94
38 56
16 91
15 58
70 72
39 72
23 97
9 88
16 86
2 98
10 98
7 97
4 83
52 93
54 63
4 36
17 86
1 86
40 52
25 51
19 87
1 67
7 53
34 84
24 46
58 99
27 90
8 42
12 72
4 78
28 86
