100 ba
aaaabbaaabbabbababaabbaabaaaaaabaaaaaaabaaaaaaaabbabababbababaaaaaaabbbbaaaababaaabaaaaababaaababaab
12 96
7 71
32 93
1 100
1 18
3 80
17 83
17 49
5 28
10 98
8 88
33 97
22 47
26 38
17 89
1 99
30 37
7 83
8 99
24 74
2 85
9 98
13 58
7 97
4 53
21 68
7 86
51 84
38 55
5 27
38 100
4 98
22 31
24 69
46 100
36 76
31 67
1 100
3 95
28 99
45 90
4 81
1 53
33 100
35 100
36 69
20 52
33 90
2 49
4 91
5 43
14 89
12 16
6 91
3 85
53 96
6 88
6 52
12 41
41 81
64 90
45 96
37 93
2 100
83 98
6 78
30 56
12 97
16 82
17 68
35 75
2 100
19 90
35 80
56 57
42 83
3 91
12 18
10 75
18 22
82 89
2 96
33 37
32 86
4 51
56 93
1 100
7 8
66 71
58 95
24 94
37 90
15 77
47 85
64 68
15 15
37 82
19 83
8 93
20 84
