100 ab
aaababbbbbbbaababbaababbbaabbbaabbbbaabaabbbbbbbaaabaabaaabbaababbaababbaaabaaabbbaaabaabaaaabbbaaaa
30 89
15 52
14 82
2 69
26 36
55 57
8 63
5 69
19 43
33 46
25 34
44 87
8 53
2 74
10 10
41 55
78 78
1 9
10 53
8 66
16 88
1 55
35 96
27 83
51 80
1 100
20 21
27 79
45 72
4 94
3 26
1 85
14 91
1 87
45 94
55 91
13 93
41 69
16 71
79 81
2 97
35 60
16 50
29 82
14 83
12 99
12 64
68 97
11 95
46 95
6 95
21 89
17 94
45 83
11 84
58 83
11 63
48 82
6 23
1 91
40 61
11 52
15 96
2 43
28 64
40 40
12 99
44 73
48 76
2 98
30 87
20 83
30 92
27 58
2 99
19 96
7 90
40 54
66 98
6 77
1 100
9 64
30 70
12 89
72 75
2 100
6 95
19 98
72 78
7 62
30 35
5 75
56 88
58 97
42 64
2 82
29 51
12 93
13 49
2 42
