200 lLLL
llllllllllllllllllllllllllllllllllllllll
3 40
2 40
7 10
8 40
6 38
3 33
21 37
11 40
1 32
2 38
2 20
32 40
13 38
1 38
5 40
18 24
4 38
7 27
10 38
10 39
5 38
2 13
2 11
3 19
21 30
25 38
1 37
5 26
19 34
5 16
3 34
6 40
1 36
15 32
19 39
1 38
3 4
4 25
16 22
7 15
1 22
9 26
12 27
8 20
9 35
1 36
5 34
9 37
12 37
26 32
20 35
2 39
4 32
10 23
7 36
1 40
2 36
2 39
17 28
8 21
6 37
11 39
6 35
1 35
6 39
25 35
4 14
4 15
5 32
24 36
5 35
6 37
6 36
24 36
13 37
1 27
1 39
1 34
1 39
1 40
5 26
2 33
4 32
5 19
2 40
12 40
2 30
4 35
28 33
20 30
3 40
13 36
21 40
5 39
25 36
10 30
13 18
4 33
5 21
1 18
9 40
8 33
10 35
3 39
23 29
7 31
8 18
2 37
2 40
14 37
12 26
11 38
7 35
3 37
2 39
7 14
2 38
20 34
1 39
2 17
36 40
23 37
24 31
2 37
10 38
14 32
5 37
26 30
18 37
4 32
15 27
3 21
2 8
6 18
5 38
1 40
3 36
1 40
17 39
18 39
19 34
1 30
4 39
21 37
1 19
8 40
10 39
16 26
20 28
1 40
1 37
28 29
4 26
1 20
34 35
24 40
14 27
3 34
18 18
5 11
13 23
15 24
21 33
6 34
11 34
10 26
10 19
1 28
5 35
4 32
6 40
21 27
13 15
9 37
5 13
1 38
2 29
12 40
1 40
30 36
8 40
9 40
28 36
3 38
2 15
8 22
7 35
20 28
10 40
29 38
4 36
23 34
19 31
1 38
6 32
1 26
7 27
2 32
28 28
4 12
