100 aaa
abbbbaabbaabaaaaaaaaabaababbaaaabbabababbbaaababbbaaaabbaaaaababbaaaaaaaababaabbbaabaabbabaaaabaaaaa
17 95
79 90
45 88
10 82
23 54
11 86
26 99
4 97
11 68
42 93
6 100
56 95
30 93
18 42
48 55
18 50
3 100
21 98
23 47
4 7
34 88
17 91
11 62
5 73
24 84
73 86
30 55
2 33
65 100
48 91
13 93
13 93
1 38
30 90
5 87
14 100
13 87
22 100
1 81
13 99
34 100
61 89
4 60
68 80
77 89
2 92
22 85
39 78
34 81
2 98
21 77
1 93
12 89
13 99
40 91
4 98
4 87
2 50
4 67
2 94
7 96
12 99
16 36
2 94
50 95
10 81
29 30
3 21
59 79
4 74
20 31
17 87
7 62
76 83
6 12
38 81
63 100
5 81
3 89
7 12
54 63
48 87
57 100
3 36
50 61
61 68
5 92
15 26
15 71
48 88
27 57
13 65
1 80
43 63
19 84
1 94
1 100
22 100
17 66
12 52
