100 aaa
baaabbbaaaaabababbaaabbaabaaaaaabbaaabbbaabbaaaaabaaaababbbbaabaaaaaaaaaaaababbbaaaaaaabbaababaabbab
33 33
34 98
72 93
51 62
45 89
14 95
28 43
65 91
72 89
38 79
11 100
27 93
16 99
1 98
40 89
9 85
4 55
40 77
55 60
7 76
35 91
5 95
8 45
27 67
66 75
1 97
80 81
75 80
27 28
17 82
18 98
28 70
31 52
36 75
6 82
16 88
2 58
5 87
55 56
3 6
2 100
14 30
2 95
35 80
82 93
38 79
8 92
31 67
28 95
15 65
20 51
23 49
5 89
4 93
30 45
20 94
5 98
36 99
69 83
1 99
12 75
22 99
23 33
16 44
6 64
74 85
7 82
11 98
8 49
24 89
11 15
26 75
11 87
9 62
21 77
64 82
58 89
9 78
5 8
78 88
16 43
31 53
8 72
5 88
57 69
2 84
63 92
56 77
79 81
5 81
10 35
11 42
53 91
40 64
13 36
61 61
40 62
7 75
11 88
5 98
