100 aa
aaaaaaaababaabaaaabaababaaaaabaaaaabaabbabaaaaaaaabbaaabababbaaaabaaaaabaabaaaaaaababbbaaababababaaa
12 61
41 68
16 88
20 90
18 98
29 97
37 71
8 80
1 90
31 45
11 44
24 48
12 97
53 87
72 88
22 99
29 89
8 66
23 49
27 98
31 41
46 84
15 98
2 97
55 78
10 76
7 89
5 100
38 58
61 68
11 54
4 34
19 74
1 82
6 93
5 99
21 99
24 39
87 93
9 82
80 90
6 9
3 33
23 96
44 71
15 99
4 52
46 63
13 94
13 90
22 36
53 81
17 99
35 83
9 71
30 88
16 51
46 86
13 86
17 41
27 47
16 25
18 87
19 65
6 87
30 75
50 86
12 32
32 72
10 66
5 24
16 87
20 97
24 85
28 56
1 72
2 87
85 88
70 92
39 100
9 94
43 98
24 74
36 46
73 96
42 89
22 84
22 80
23 92
4 95
22 52
3 29
27 43
6 99
25 74
28 94
4 62
3 85
65 92
21 57
