100 aab
aabbbbaaabaabbbaababbaaaabbbbaaaaaaaaaaabaaaaabbbbaaaaaabaaaabaaaaabbaabaaaabbaaababbbabababbaabbaba
29 84
16 88
5 94
5 70
67 86
8 48
24 96
11 75
60 80
23 91
22 44
9 70
8 99
39 67
66 84
5 48
2 96
3 33
15 80
24 95
28 79
21 68
8 94
8 66
1 99
20 52
11 56
22 92
24 78
4 90
2 60
20 58
40 99
64 76
1 14
45 85
1 96
3 100
10 92
36 92
30 72
88 92
16 84
37 66
23 37
14 68
2 81
13 77
20 40
18 28
8 81
14 93
6 96
71 80
36 69
26 91
45 94
34 57
70 81
59 66
80 83
32 90
36 41
14 46
10 88
6 9
2 94
17 33
13 18
50 85
22 44
60 91
6 99
61 94
20 47
12 32
48 87
9 94
24 59
32 76
14 99
15 91
6 67
30 92
17 24
44 81
4 100
12 99
6 95
51 81
57 79
36 94
58 62
42 95
40 46
31 95
34 77
8 33
46 59
27 84
