100 aa
abbbbbaaabaaaaaabaabbbbaaaaababaaabbaaaaabaaaabbbaaaaaaaaaaabaaaabbabaababaababaaaaabbabbabababbaabb
36 68
25 100
5 69
11 95
36 75
1 93
19 74
60 87
17 62
1 58
5 99
23 74
37 90
10 93
12 31
16 32
2 100
8 53
43 91
27 95
12 32
9 96
42 96
13 90
22 95
68 93
13 65
6 78
49 61
16 57
6 98
5 85
42 92
24 54
4 49
33 88
13 65
55 77
10 95
37 97
2 99
47 73
7 91
6 71
2 95
64 73
26 79
35 84
28 89
10 81
61 80
17 63
4 80
1 45
13 87
2 83
27 71
18 40
3 18
41 96
69 87
9 90
31 94
26 74
10 47
15 72
8 99
11 20
10 48
2 40
24 51
18 79
2 95
15 19
34 90
26 67
61 74
1 79
40 67
32 43
33 67
36 95
31 63
4 64
46 81
2 77
18 95
7 79
2 95
90 98
14 67
1 81
2 99
40 83
7 96
45 57
41 100
30 57
24 61
29 31
