100 abb
baaaabaaabaaababaabaaaaababbabaaaabaaaaaaaaabaaaababaaaabaaabaabaaaaaaaaabaabbaabaaaaaaaaabbaaabaaba
2 91
43 97
31 99
12 90
22 64
50 85
11 78
71 81
70 98
74 92
5 88
5 50
8 97
6 86
7 88
20 100
20 68
3 84
31 66
4 29
12 58
20 34
36 97
8 63
6 63
30 58
33 64
18 86
12 100
9 99
73 81
5 80
53 84
17 47
45 93
14 52
20 84
22 71
2 97
15 98
23 85
10 74
38 74
3 12
40 43
78 93
56 88
90 100
27 88
9 95
46 86
12 92
29 92
19 96
37 74
7 41
31 75
6 93
28 86
41 94
20 100
66 90
21 41
14 97
8 97
25 92
19 23
20 91
48 79
74 95
39 96
31 94
15 61
31 40
13 94
23 90
40 57
20 62
3 95
15 58
26 82
40 92
1 90
17 93
1 98
3 83
19 86
33 98
27 75
19 83
17 30
60 64
4 70
19 91
43 94
27 77
18 82
17 92
28 81
1 97
