100 bab
babababababababababa
8 20
3 12
6 20
11 17
8 20
5 7
4 12
6 8
11 14
6 8
2 20
14 18
9 11
12 19
7 10
8 19
2 18
3 15
1 20
15 15
6 14
1 13
2 15
4 19
3 18
19 19
2 11
2 16
8 12
3 18
1 18
1 20
1 8
1 17
4 12
3 8
9 14
5 12
2 20
4 11
1 17
11 14
3 12
9 20
3 18
7 20
12 20
2 18
1 18
13 15
5 11
9 19
3 5
6 13
6 20
7 20
4 19
12 16
1 19
4 19
12 18
1 19
2 8
3 19
2 18
5 20
1 20
3 15
2 14
2 17
3 10
2 11
6 8
13 16
6 20
15 15
9 17
10 17
6 17
17 18
3 18
3 15
3 11
4 19
6 8
1 18
6 11
15 20
16 17
2 7
3 17
5 10
5 11
3 8
11 13
13 20
6 15
4 20
6 13
3 19
