100 zYZyz
yzYZYzYzyZYZYzyZyZyzy
2 21
1 21
16 16
5 14
1 12
7 8
14 18
7 21
7 13
8 21
2 18
14 19
2 13
5 19
4 21
7 16
9 15
19 20
2 21
1 15
2 18
11 20
6 17
9 15
7 17
6 18
12 21
3 19
10 17
1 21
7 14
4 12
3 21
4 21
1 20
13 19
5 19
1 21
2 21
1 19
5 19
6 17
7 14
4 14
14 21
6 21
3 13
1 9
1 18
13 19
8 16
7 12
12 21
8 20
5 12
4 16
3 7
2 17
9 14
19 21
10 15
7 20
4 12
4 14
7 16
3 3
4 10
3 19
15 19
11 15
3 18
14 19
2 13
15 17
1 20
7 21
1 20
3 4
11 16
2 21
8 19
7 20
11 20
1 19
1 10
15 17
1 20
4 17
12 18
6 10
1 13
13 17
15 17
5 15
10 20
7 7
3 13
2 14
17 21
6 14
