200 zYZyZ
ZyZyzyZYzyZyzyZyzYzyz
7 19
3 19
4 8
4 19
9 21
8 16
3 21
1 16
8 19
2 21
3 14
10 18
1 1
1 21
6 8
4 18
1 20
2 18
9 16
5 15
1 21
7 20
6 8
4 21
10 10
18 21
9 21
2 20
1 7
2 12
4 20
6 19
7 14
2 11
7 19
6 16
3 17
2 15
9 17
1 20
2 18
6 13
14 20
4 13
10 21
9 19
3 17
1 21
7 19
4 15
4 16
8 10
17 19
5 10
1 20
16 21
3 20
17 17
4 14
5 18
6 21
10 16
4 20
16 17
11 18
4 21
3 17
3 18
1 5
1 9
1 20
1 13
1 21
5 16
10 18
4 21
3 11
3 7
4 19
2 14
6 20
1 21
5 18
8 21
17 19
14 20
1 15
1 11
2 19
2 16
11 13
3 9
8 17
2 14
1 5
3 21
5 21
1 21
1 17
11 20
10 21
1 19
3 8
6 20
3 19
6 16
9 18
13 21
1 18
8 15
1 21
11 17
13 19
14 18
3 12
3 18
16 20
5 5
10 12
2 18
10 17
9 15
1 12
12 13
5 21
2 13
3 15
1 13
5 21
4 15
14 21
5 16
1 17
1 19
4 16
4 12
7 20
2 20
2 11
1 11
5 21
5 15
7 18
4 20
4 18
13 20
4 16
3 10
1 21
16 20
6 16
1 7
2 14
11 19
1 20
13 21
4 12
1 21
2 15
12 21
3 17
8 20
3 18
3 16
9 20
2 17
1 4
3 9
9 10
1 13
8 8
9 20
2 4
6 10
1 20
1 13
16 17
3 11
10 21
6 20
2 17
4 18
3 18
2 17
13 18
1 6
3 14
1 20
15 20
16 17
2 19
18 18
2 4
1 21
12 21
5 19
3 16
4 7
6 21
1 14
