1139
8 -3 -10
7 -8 5
-8 6 -7
5 -10 8
10 -4 8
-10 2 7
-8 2 1
2 4 -7
-1 5 -7
-6 8 10
-4 -1 -7
-9 -1 -9
7 -6 1
2 -1 -10
10 9 -7
-7 0 1
2 -5 5
-10 8 6
6 -2 8
-7 8 3
-9 4 -8
6 10 -9
0 3 -8
-6 -2 -3
9 -7 0
2 4 5
-3 3 8
4 6 -5
-4 -5 -3
-4 0 -3
0 4 -3
-10 3 -6
-5 5 -3
-5 -8 3
0 3 -5
-2 3 7
-7 5 10
-8 8 10
0 -5 8
-2 0 10
-4 -6 1
2 0 4
4 -6 -7
-10 -9 -1
6 -7 5
0 -5 9
2 -5 3
4 -2 -4
1 5 -5
5 10 8
-7 1 -7
-7 8 5
-8 -1 8
-1 2 6
-4 -8 10
8 -7 -3
1 -9 -4
1 -3 2
4 -9 -10
10 -7 8
6 7 -5
-1 8 8
8 -8 -8
-6 -4 -3
-7 4 -4
8 1 9
-7 -3 10
-3 0 9
-3 -9 -5
6 -1 -1
-7 10 -10
-4 7 -2
-2 5 8
-3 7 9
-2 -3 10
6 5 -10
-10 -4 -8
6 -10 5
8 -1 7
-3 -7 -5
-4 3 0
-4 -3 6
1 -1 3
-7 3 0
7 -6 0
-1 -5 9
-4 -3 -3
10 10 -9
6 -4 1
9 4 6
-5 2 -10
6 -6 -7
0 -9 10
-10 -4 -3
1 -7 7
5 7 6
-5 3 0
-6 8 -6
-3 -9 -6
2 -3 6
4 5 -9
-5 10 4
1 0 -8
6 -5 8
7 1 -6
10 -10 3
6 -10 -4
-5 -7 3
-3 -1 8
-8 7 1
5 10 -1
5 1 0
-9 -2 -3
6 6 0
4 7 7
4 9 -4
-7 -4 -7
-6 3 -8
6 -8 4
4 -3 7
2 9 -1
4 3 1
-5 4 6
9 -10 -3
-3 -2 -2
7 10 -7
-7 -6 -10
3 4 -7
-6 8 -1
6 1 5
1 0 -7
-1 0 -9
-2 3 1
-7 -8 -7
-4 4 6
-8 2 10
5 -6 -8
6 4 1
6 -1 -1
2 8 5
-4 -6 7
-3 -7 8
-5 -9 -5
-3 8 -6
-8 6 -7
-6 4 0
-10 -7 -6
8 7 6
2 -10 9
-4 4 -10
8 0 -10
5 -6 -2
-10 1 8
-7 -2 -4
5 -9 -4
2 -4 0
7 -4 -5
-5 -3 -6
-4 8 -6
-2 -5 -6
-3 0 -8
-6 0 -6
4 -10 -1
3 -8 4
-9 -5 -7
-7 7 2
0 7 1
-2 -10 9
0 -7 7
9 0 -7
-6 10 -10
4 6 -9
2 5 9
-5 4 4
-1 -10 7
-1 6 6
-1 -4 5
1 -4 -4
-4 3 6
-1 -10 -10
-1 -7 1
3 -7 -10
-5 -9 4
7 -3 -10
-6 3 -8
-10 7 -5
-5 6 -5
-6 -8 2
-5 2 -6
6 7 6
-4 -5 4
-3 0 1
-5 -9 -9
-3 5 -8
-2 3 -10
-10 -3 -8
4 2 5
2 -6 3
-4 -6 1
-6 4 0
7 -10 8
1 -10 9
-5 2 0
-9 -10 1
-1 -1 -3
3 -10 4
9 -9 4
6 5 3
-5 -5 -9
2 -5 6
-8 -4 9
-2 9 9
3 -4 9
10 -5 10
7 -5 5
-4 -5 9
8 8 2
7 -10 -10
1 10 -6
-4 -1 0
-9 3 4
-9 5 -4
-6 1 7
-10 -5 -1
0 -3 2
-5 8 9
-5 9 -1
-8 9 9
-10 7 4
-2 -6 1
5 1 -5
0 -8 0
-3 0 -5
-2 7 2
-6 8 -8
-9 2 3
-9 0 1
-8 -5 6
-10 -8 -1
4 -6 -10
1 -3 1
-4 4 7
7 -8 10
-9 4 6
1 0 -7
-3 5 3
-9 0 -9
-5 9 8
7 2 6
-7 8 -9
-8 1 -9
9 7 3
0 -7 0
10 -7 -10
-7 -8 1
2 2 3
6 1 1
-6 -7 2
-9 -4 8
-8 0 5
-5 8 -2
5 -1 9
-3 5 -7
7 8 -3
8 7 -3
6 7 -10
2 8 3
-2 7 -4
1 -1 2
-8 -1 -10
-4 2 7
-4 0 -3
5 -7 7
-9 -2 4
-1 3 7
5 -6 8
9 -7 -8
4 10 6
5 6 2
-6 -6 -10
-5 9 3
-9 9 -3
7 6 8
0 -6 -10
9 -4 -8
-8 10 -3
2 7 -8
9 -1 -3
-2 9 -8
10 4 -1
-9 -5 3
6 -4 3
-3 -3 4
-9 6 6
-5 -8 3
8 2 6
-7 3 -2
0 -7 -8
9 -10 0
4 -5 -7
-5 -3 -5
-5 2 4
8 -7 7
-3 7 8
4 -10 7
6 -9 -10
3 -8 -2
9 -2 0
3 7 0
-9 -3 -3
-8 9 -2
-7 3 -7
9 -3 -1
8 3 3
-1 -9 8
-10 8 -2
3 8 8
1 6 9
5 7 8
8 9 -2
-2 2 -8
4 -3 -1
2 -5 1
-9 -3 -6
-8 5 9
-7 5 6
-9 6 8
7 9 5
3 1 -1
2 2 -7
-1 2 6
-9 -6 2
6 -1 -9
3 -9 10
8 -10 -1
7 -1 3
7 1 -6
10 9 -6
2 2 -3
-4 5 -6
3 6 -3
3 4 -3
4 5 -2
7 4 6
4 5 8
-3 0 1
3 9 9
-4 7 8
-5 8 -1
2 3 -9
-8 2 -4
-3 -6 -3
-10 2 6
-2 -7 -3
0 9 -3
1 0 0
-1 9 -8
9 1 10
5 0 -10
-1 -7 -7
7 -5 2
4 -10 -7
7 -3 -10
0 -6 -4
8 6 0
7 8 1
-2 7 -1
-6 5 4
-10 -7 -7
7 2 -8
6 5 7
-8 -9 10
7 -5 9
5 2 5
0 -10 -3
-8 -10 5
2 -1 9
4 -5 1
6 4 5
-3 -5 4
-4 10 -5
-6 -1 -8
4 1 -1
9 3 3
-5 -4 4
-1 8 5
0 9 1
8 8 8
-9 3 8
4 -7 -6
3 -2 -3
1 4 -1
6 9 10
-10 8 -7
6 9 -3
-3 4 -9
10 -6 -1
2 -6 8
9 9 -4
-1 -8 8
-7 0 8
5 10 -6
3 9 2
-3 7 10
5 -7 5
3 1 5
5 -8 9
-1 -9 -9
4 5 8
5 6 3
2 -9 -8
-7 7 10
-8 8 1
-9 9 -4
-6 -6 0
-4 7 -6
8 -4 -6
-1 -10 7
0 -1 9
9 8 5
-6 10 10
2 -4 -6
5 0 -3
-9 9 2
-3 9 -7
-1 -1 -1
2 1 -1
4 4 5
8 -9 6
3 0 0
2 -3 -10
8 6 8
6 -3 3
10 -2 -4
7 10 10
1 -3 10
-9 -8 3
-9 2 -2
3 4 8
1 7 5
10 0 5
-1 7 7
8 0 -9
8 2 3
9 6 -5
-3 9 5
6 3 -8
5 9 6
5 -3 -4
7 4 3
4 -4 -7
8 6 -3
-10 3 4
0 -6 1
1 0 -5
0 -9 0
-5 7 -2
4 10 -4
6 1 4
8 -5 4
-9 -3 4
5 -9 5
0 4 1
-3 10 3
-1 5 -9
-9 5 6
2 -4 0
1 -6 -4
3 7 -9
2 -7 -9
8 -3 -10
6 -6 0
6 8 -4
-4 -7 6
8 4 5
-2 2 8
-1 5 -3
-7 1 3
5 9 8
-5 7 8
9 2 -2
-4 0 -6
9 9 10
2 -3 -7
-3 7 8
-9 1 -7
-8 -3 -9
6 -4 9
5 -6 -1
-9 5 2
-4 -4 -4
-7 4 -7
3 10 10
8 -3 -8
10 8 2
-4 10 -6
-9 -1 -9
-10 0 3
-8 7 -2
-7 3 -10
4 8 -2
5 -8 7
-6 -8 -9
5 5 -1
0 2 -3
3 8 10
-7 9 -7
5 -9 10
4 -10 6
7 -6 -7
-3 -1 -6
-10 4 -7
2 -9 9
3 -10 0
-9 8 7
-1 -3 -2
3 -9 4
7 10 -1
6 0 -1
5 -5 -10
6 0 3
8 -10 -4
9 -10 -1
-5 -4 3
-2 6 1
-3 -5 -1
-10 -9 8
-1 -4 -5
9 -6 0
-10 1 -5
2 -5 -4
0 6 -2
-7 -6 -8
-4 -10 -1
7 -7 -10
6 -4 -5
8 5 -1
3 5 -4
3 1 6
6 9 -9
3 -6 2
-9 8 -3
4 4 -8
-4 -1 0
2 10 1
2 10 7
-4 -9 8
4 -8 -9
-5 4 9
-3 -3 -1
-9 -8 5
-1 8 -8
-7 1 -9
-7 -6 -1
7 -8 6
-2 -8 -6
7 1 5
0 7 5
6 4 0
5 9 3
-8 -8 9
2 -1 -5
10 9 -5
-10 -7 7
2 -10 -9
-7 -7 -8
-10 -3 -5
-9 2 -6
-4 6 -7
10 -7 -2
6 0 -3
5 5 6
1 10 5
-1 3 0
-8 0 10
-1 -8 -1
-10 -8 -6
-5 -2 9
-7 6 4
0 10 4
2 1 -2
-1 5 -1
-8 -7 -9
1 -1 4
7 -10 -6
-8 -9 -5
-4 -2 -9
1 7 0
9 -1 8
8 -4 2
3 2 -4
8 -2 3
-9 9 -8
5 -2 -4
2 -9 -9
-1 -3 9
6 -2 1
9 4 2
6 9 -6
3 5 -7
8 8 -7
5 5 8
-3 0 8
7 -4 10
-10 -9 -9
-8 -6 -1
-10 -7 2
-2 -10 5
-8 -3 0
6 6 -7
-1 5 -10
-4 3 -4
3 4 -4
-4 9 -9
8 2 10
2 9 7
-3 0 -9
-10 -6 -6
-2 -6 2
-9 5 -2
1 -5 -8
4 9 -9
-7 2 4
8 1 -8
-1 -9 10
-8 -6 -4
1 -8 -8
-9 -1 4
6 1 9
4 -2 -5
-6 0 -1
-1 9 4
8 10 8
-4 6 -10
-3 0 -3
-7 1 -3
6 -10 10
4 0 8
7 -10 7
-6 7 7
-3 -7 -2
-8 -6 7
8 -6 9
-10 1 6
-8 -2 -8
5 0 -10
2 9 2
0 10 2
-10 9 -1
6 4 6
-2 6 3
4 0 1
-6 7 7
-9 -1 -6
-5 4 2
2 -5 -7
-1 3 7
-3 10 8
5 2 -9
-2 -5 2
6 10 0
10 3 2
0 1 3
9 4 9
1 -8 -7
6 -6 -7
8 8 -2
-8 -4 -8
2 4 -2
6 -1 -2
4 10 2
8 -5 1
-6 -10 -9
10 6 0
5 -1 -1
-3 -1 -8
-6 9 -6
10 1 9
8 -6 6
-3 -1 -2
-10 9 -7
10 -10 -9
-2 7 -9
9 6 -3
-5 3 3
-9 1 0
-6 4 7
-7 -1 -7
10 10 6
7 -4 -9
8 -2 -8
1 8 3
-5 -1 -10
-9 1 -4
4 5 6
4 -3 7
-1 2 -10
-1 7 -6
-9 3 3
-5 -1 -7
-6 -9 -3
-2 -5 -5
-8 2 -7
-9 3 -9
-8 -1 4
3 1 6
-10 10 -2
3 -4 0
-2 4 7
3 -6 8
1 -10 10
-6 -2 10
3 -9 6
-6 3 1
-7 -2 -3
-9 7 4
9 -8 -1
-9 7 3
8 -2 2
2 2 -6
-6 10 5
-2 10 -9
-2 10 4
-9 -1 -7
-6 -4 -3
5 -7 -7
9 10 -8
-5 -1 -10
9 -1 2
-10 0 -6
9 -9 -7
3 -6 -2
-2 9 9
9 1 6
-3 7 9
0 7 -9
5 8 -6
-7 -10 3
8 6 -1
4 -8 -8
-2 5 5
-1 0 8
2 7 -5
-9 5 -6
-5 -7 5
-9 -8 9
-7 -8 10
-8 0 -7
0 3 10
2 7 1
8 -4 -6
-6 1 -8
7 -5 -10
-3 -4 4
9 10 -2
9 7 0
7 -10 -9
0 -9 0
0 0 -7
-4 -9 -4
-6 -7 9
3 -5 2
3 6 2
10 -7 -7
7 -6 -8
4 5 -9
-10 -1 0
-10 8 8
-10 -3 -6
-4 -7 -7
3 -4 10
-2 -9 -7
10 9 -7
3 -10 -5
9 0 4
2 -1 6
3 -4 3
3 -5 7
1 -10 7
-1 8 -10
-8 -7 -5
7 -9 -5
0 0 -9
-10 4 -6
-5 -10 -3
-7 -8 4
-10 9 -3
5 4 6
-7 6 -3
1 6 -5
-6 6 -1
-4 9 -7
4 1 5
3 5 0
2 -7 -10
5 -3 3
3 5 9
-6 -6 -5
1 -7 -10
-9 -10 0
4 6 -4
-4 -1 -9
4 8 8
0 6 0
-6 3 7
-10 -7 3
-10 9 -3
-4 -5 3
7 10 -8
-6 7 -7
8 8 -7
7 2 3
5 -9 0
2 3 -6
4 3 -6
-7 3 1
-8 6 7
-6 9 9
-3 0 -1
-6 0 -4
2 -2 -7
3 1 -10
-6 -10 1
-9 -4 -7
-9 6 9
10 -8 -5
3 -1 3
9 -3 -4
2 -7 2
1 1 10
-10 -10 -10
4 -2 6
-7 1 3
3 6 -8
-4 -6 -6
4 0 -7
-8 -5 7
-6 1 7
9 -8 2
5 2 1
0 3 -9
3 -8 -10
4 0 2
-9 5 -9
-7 10 -10
-9 -2 5
4 9 -3
0 8 -3
-7 -10 -5
0 -7 -5
1 2 10
7 -3 -3
6 1 -2
-3 5 -5
-6 -5 -3
1 6 -10
9 7 -2
-9 8 -5
-8 -2 -9
-3 6 -3
2 3 1
6 2 8
-10 3 -1
4 10 -1
4 7 -4
-4 -10 5
5 -8 -6
9 2 7
-9 -8 -4
-5 7 -2
5 5 7
-6 8 -3
-5 -6 -6
-5 0 -5
-10 1 -9
-1 5 -8
-10 3 -4
-9 -5 2
4 -5 7
4 3 -6
-6 4 9
-10 -10 2
-8 -7 -5
-6 2 -5
-6 0 -7
-4 6 8
10 -4 2
0 -10 -3
-2 -2 2
-1 0 -10
-5 0 2
-2 9 3
6 -8 -6
-1 7 4
-4 0 7
9 -3 5
0 -9 3
-5 -3 2
2 -6 0
-5 -5 -7
4 3 -10
-2 -8 8
-1 7 6
7 4 -3
5 3 0
4 5 5
-4 -7 -6
-2 -7 4
-6 -8 2
7 10 5
7 8 -7
-3 10 1
4 -10 -9
-8 4 5
-2 2 6
2 -5 -7
4 -10 -7
4 7 2
1 -9 -2
7 -7 -3
2 7 -2
8 5 -9
10 3 10
-9 -6 7
-7 0 8
-5 10 8
-8 3 -8
-4 -7 -6
-2 -6 6
4 -7 2
-5 0 5
6 -5 0
-4 10 9
4 0 -7
-8 5 -2
1 6 -8
-2 1 -8
-3 0 8
0 2 -3
-7 4 -3
8 -2 4
9 9 4
5 7 -6
2 9 -10
0 -1 -3
1 -7 -2
-5 -9 2
-3 -9 8
2 -6 -7
1 1 4
5 7 1
1 -4 -1
-9 0 -2
-7 -8 8
-5 1 3
-7 -6 8
-7 2 4
-10 3 -2
1 -1 -5
9 10 8
0 -8 4
-3 -4 2
5 7 5
6 -2 10
-1 7 -2
5 10 -6
4 -2 0
-2 -3 -7
9 0 1
6 7 2
5 0 -5
1 6 3
-5 5 -5
6 -1 -10
-9 -1 10
10 -2 -7
-4 -10 -1
-9 -5 -7
-6 -6 6
-2 -8 2
3 -8 5
-1 8 1
-10 -1 -2
9 1 -9
-9 -6 9
1 5 1
-6 -3 -4
4 10 -4
5 9 0
-7 -5 -10
3 2 3
10 9 2
8 10 -10
6 5 -7
-9 0 -10
-9 -2 -7
9 -9 7
-10 -8 10
-1 -1 -3
-9 -10 9
-5 6 5
7 -10 0
6 0 0
-9 -5 -5
8 5 -4
3 -5 -9
-10 2 -10
-10 4 -6
-2 -3 2
-8 0 -2
-8 -8 -3
6 -5 6
3 6 1
10 -1 1
-10 8 -7
2 5 -7
-9 -2 -10
7 1 0
8 -3 -10
-4 6 -9
4 -10 -7
10 3 9
-2 -7 0
8 -4 -1
-9 9 -6
-3 8 -1
-9 9 -7
9 -4 -5
4 10 3
10 -9 -10
4 9 -7
3 10 -8
4 -6 8
0 2 2
-5 -5 -2
-4 5 2
2 -3 4
9 0 9
-1 10 -1
4 -2 9
-3 10 -1
-10 1 0
-2 -9 -9
2 -2 1
9 -10 8
-9 3 10
-8 1 4
-5 2 4
1 4 9
-10 -10 2
-1 -1 6
-5 1 4
3 2 6
5 5 -6
-3 -5 2
-10 -4 0
-5 9 7
-10 3 8
3 -5 -8
-8 -3 2
-3 -9 1
5 -2 0
10 3 1
7 1 2
4 1 -8
-6 4 -4
5 0 8
-7 6 4
7 8 -8
7 -6 -1
10 8 -2
9 -10 10
0 6 8
0 -5 2
6 -1 -4
3 2 -5
-9 8 2
-8 4 -9
4 10 -8
-3 10 5
6 7 -8
-5 -7 -5
-4 2 -10
-2 -2 -5
-3 -3 2
-5 -10 9
-7 10 0
10 8 -4
-6 8 -5
-8 -1 -1
10 8 -7
4 -10 0
5 8 -7
-10 -4 -1
4 -4 -8
-8 -7 -9
-6 1 -8
6 7 5
10 8 9
5 -6 -7
9 -9 10
-10 -3 1
-8 5 3
-4 -10 2
1 6 4
-2 1 -1
5 9 6
-10 9 -9
-8 3 -2
6 2 4
1 -4 -3
-1 -7 -6
-8 2 4
-5 7 -5
1 9 2
10 2 1
-2 -3 8
10 -8 1
0 1 -2
9 3 -4
10 -8 4
1 4 0
9 2 -6
10 -6 9
0 1 9
2 10 -4
1 5 -7
-8 3 -9
-3 3 10
-5 -9 -6
6 6 3
7 1 4
3 -5 0
5 1 10
7 -7 -6
7 -3 -9
3 2 -4
-7 5 -8
-3 -10 1
-5 -3 -4
8 1 -2
-7 6 -5
-2 9 5
6 -5 4
7 -8 5
-7 -7 -5
-1 -7 -4
-3 -5 3
5 4 -8
0 6 -7
8 -7 9
-9 -3 -3
0 10 1
-4 4 -4
8 6 -8
-8 -2 1
8 -1 -7
-9 -3 1
3 5 -9
5 -10 -9
5 1 -7
-6 5 8
-7 8 -4
4 -3 -2
6 -4 2
10 -3 5
9 5 -9
9 -3 2
-6 -10 0
0 -10 10
2 0 -5
9 -10 -6
-8 -10 10
-3 -6 7
-3 3 8
6 -9 9
9 -2 7
-6 8 -8
0 2 3
6 7 -4
-6 -10 7
-9 -7 -7
3 6 10
-8 1 6
-2 9 -8
6 -4 2
-10 9 -4
-10 1 -1
2 0 7
7 4 8
1 10 -3
3 6 -7
6 -7 8
2 -10 6
2 -3 -10
8 8 -9
1 -1 -6
5 8 5
-1 10 -5
-1 -1 10
-3 -9 -3
0 -9 7
7 -9 6
-8 6 5
10 1 -2
-1 3 5
4 3 -8
-8 1 -10
-9 0 5
6 1 -6
9 1 1
2 2 3
-1 2 -7
-9 -6 -7
-2 -3 -9
5 -10 1
5 2 7
-4 8 1
-4 4 -5
-7 10 5
9 -7 -2
-7 -8 10
-5 -6 -6
-9 -7 -8
-9 -2 9
-4 -6 0
-1 -4 1
-7 -8 -5
3 7 -8
-5 5 -4
6 6 -2
6 3 0
-5 -7 -6
-3 -2 -7
3 -7 6
5 -2 -3
6 -2 -9
7 -2 3
3 8 -5
5 -7 8
-8 6 2
-7 10 3
-10 -3 7
3 9 -10
-4 2 -3
7 -6 -1
-2 -6 2
4 -5 -8
-5 1 -10
-3 6 10
2 4 -10
-8 5 10
-6 -7 3
9 -6 3
4 3 8
-5 -4 1
-9 -5 0
-1 -3 -10
0 -10 -6
-3 -3 -6
10 4 -1
9 -5 10
-1 5 -7
-2 -4 -4
4 7 9
-1 7 -4
-3 6 7
-9 -4 -4
3 -6 9
6 4 0
4 -5 6
-6 -3 -5
9 -7 -2
2 10 -5
3 -5 -9
6 -9 6
-9 -10 0
-2 -5 7
-7 3 -4
-4 -3 -2
6 -10 3
4 -7 -8
-6 -8 -10
7 10 -4
0 4 8
-4 2 -4
2 1 6
-6 2 -5
-8 -7 6
9 8 9
5 -2 -8
-7 -4 -2
2 2 -10
-7 8 -7
3 2 -4
-3 2 3
-1 -5 5
-9 9 -5
3 -4 7
-6 5 -4
-8 -3 0
7 -8 9
4 -10 0
-5 -7 -8
-10 -9 -4
-6 0 -3
0 3 2
1 4 4
10 -9 4
7 1 2
5 -3 -10
-5 6 -3
0 -8 -4
-4 2 -7
0 10 0
10 2 6
-10 -5 0
-1 5 3
-5 -8 0
-1 4 8
10 -9 1
3 4 6
6 6 1
-3 -5 9
-7 0 0
7 -5 -2
-10 8 7
3 2 0
3 6 10
-6 1 9
7 4 -4
-8 0 -10
3 -8 4
4 -9 2
8 2 0
-1 -8 3
-1 1 1
-10 8 9
-4 1 6
5 2 -2
0 -3 4
4 0 4
1 -6 5
0 -3 3
0 2 -4
2 10 -9
5 7 -10
4 0 0
5 -2 5
-10 -3 4
6 9 7
2 2 5
-10 -2 10
-4 -2 -5
-3 9 -5
-9 8 -6
-4 -9 8
8 -2 7
0 5 9
-2 8 -1
2 0 -2
-2 -10 9
7 -4 -5
8 -3 -5
8 -5 -10
-4 4 -7
5 8 -5
0 5 7
-8 -4 -3
7 -6 0
6 1 -2
-2 -3 10
-7 5 -5
-2 10 7
-8 1 -9
-8 -5 -6
6 -7 10
8 0 5
1 -2 -5
-2 -3 3
-1 -3 -2
-10 8 -5
-2 2 6
3 3 -7
10 4 5
-10 10 -7
-9 -4 8
0 4 8
6 0 -6
8 -3 -7
-6 7 -10
3 -9 5
9 -4 -4
1 -1 9
10 -5 8
9 8 5
-7 6 2
-2 5 -9
-4 -4 -3
-9 6 -7
8 -1 2
9 10 -9
6 4 -9
-3 5 -4
5 -2 8
-4 4 2
2 1 1
1 1 -4
-10 -7 3
1 -9 -9
2 3 9
8 -6 9
1 5 10
8 -6 5
5 -8 -1
6 7 0
-4 4 5
3 10 6
-6 10 7
9 10 7
10 -5 9
-8 -1 0
-7 -2 -2
-1 9 1
-9 -10 6
8 -3 -8
8 -7 -10
-2 -2 -10
7 7 8
-5 -4 10
-7 4 -7
-10 -10 9
10 6 -1
-5 8 -7
1 8 -5
-3 -2 -6
-9 -1 10
-10 -4 4
4 -3 -10
7 4 -2
-2 6 -10
-2 -1 -3
-3 0 3
-3 -3 2
6 4 4
8 6 -1
5 7 -6
3 9 5
-4 -1 2
-9 -3 -10
-3 -7 -7
0 -5 -4
-2 6 -1
6 -2 8
7 7 -10
-3 7 4
-9 3 9
-8 -2 -6
3 -7 -3
-5 -4 6
8 9 5
0 8 6
9 -3 7
-1 9 -3
10 -8 -9
8 7 -7
-1 -7 -5
-1 -5 -5
5 6 9
2 4 7
-2 -3 -3
5 7 1
1 10 -1
8 -5 2
-8 -7 -5
1 7 -7
3 -8 7
9 -8 2
1 -3 5
3 -6 10
-10 -10 -4
-10 -8 -4
-9 6 -4
10 -2 4
-6 3 5
-3 7 9
9 7 4
10 0 3
1 8 9
-2 3 8
-8 6 0
-9 3 -1
8 -7 10
3 8 10
-5 -8 -8
5 8 0
-1 -10 -9
6 10 -9
-1 -8 2
-2 -3 -8
-5 -6 -10
-5 7 9
-1 2 8
-6 -9 7
6 -3 -8
1 -1 -1
2 4 7
10 8 7
-2 -2 -7
-7 -1 9
-4 -2 -6
-4 0 -2
-4 0 7
-4 -10 9
4 -8 -1
7 1 5
-3 1 -7
1 -9 -5
10 -5 -4
-6 8 -10
10 -9 1
-8 -10 9
-9 7 8
-4 -8 3
-10 1 -9
-1 6 3
7 -9 -2
7 1 -4
-6 4 7
-6 1 -4
9 7 0
-2 6 4
-4 -1 -2
1 -3 7
8 1 2
-8 2 1
10 -10 1
3 9 -8
5 7 6
6 -5 9
3 -3 -1
6 -4 -1
-4 4 -2
-9 2 3
-7 7 -10
-1 -8 -10
6 10 3
2 7 -2
-5 -10 -3
3 -5 8
2 -6 4
0 -7 -7
4 0 -6
-8 0 -9
2 -8 1
-4 6 -8
8 6 -4
-9 0 2
-7 2 2
1 3 10
8 0 0
9 5 -9
9 6 -7
9 -9 -1
9 10 2
-10 -1 1
0 -10 3
-4 -7 2
5 -7 -9
10 6 -6
8 7 -3
7 -7 -6
-10 8 9
9 2 3
6 2 -5
1 -3 -3
4 0 -7
-9 10 -7
-2 3 -1
1 10 -6
-7 -9 -10
-1 2 -10
2 -1 -9
0 -10 -1
-1 6 0
8 -1 1
10 9 7
6 4 0
1 2 4
0 -7 7
1 4 -7
5 5 -9
-4 1 5
-2 6 1
-3 6 -9
0 2 4
3 0 10
-7 -2 3
8 5 10
9 7 10
-4 -5 1
-2 -2 -10
-5 -7 -7
-8 -2 2
5 -5 -4
2 -7 -6
0 6 1
8 -2 -8
6 7 2
9 0 -2
-10 6 5
-8 -3 -10
3 -1 -2
0 -9 6
-8 5 8
-8 -7 -9
10 -9 4
7 -1 6
-1 6 -10
1 8 -10
0 -3 -1
1 -8 4
-3 -4 -8
-6 -8 -1
-1 -10 4
8 -3 -4
3 6 -9
-1 -6 -6
6 7 -5
-5 0 8
-10 1 -10
-10 -4 -6
6 -3 3
4 -9 1
-3 6 9
-6 8 -1
1 9 4
5 -3 -3
-3 -4 -5
2 7 2
5 5 6
-6 -5 9
-8 -1 10
-5 -8 3
-9 -2 8
7 9 1
1 -2 -2
10 -2 -9
0 -1 3
-3 1 7
7 6 -3
2 -4 -5
0 -6 -10
0 2 -5
7 -10 -7
-8 6 -6
-6 4 9
0 -2 1
4 -3 -9
-8 -3 -1
-2 7 4
2 9 8
-8 1 3
-10 3 -8
2 -6 1
-7 -7 5
-6 2 10
1 -7 0
-5 8 4
2 10 10
3 -7 2
-1 8 0
4 -5 0
9 -7 -2
8 -1 5
6 3 7
-6 -4 -7
-2 0 -3
3 7 -4
-7 -8 8
-10 -9 -2
7 -9 -8
10 -10 -3
7 -10 -1
5 -1 7
3 -8 -3
2 9 2
-7 8 7
-8 7 6
-5 4 10
9 -7 -8
-10 8 0
4 5 -4
2 3 0
-3 0 -6
-10 1 -9
6 4 -1
7 3 4
9 -7 3
8 -3 -2
6 9 3
1 0 4
0 8 5
2 8 2
-4 -7 3
0 6 2
-10 0 -5
-1 -2 -2
9 10 -9
-1 4 -10
-7 6 -6
5 3 -8
9 -8 -3
-5 4 9
2 -7 9
9 -3 0
-5 -2 1
0 2 -2
-8 10 10
4 -3 -3
-1 -4 -7
-9 1 9
5 8 6
-5 -2 8
-10 -1 2
-1 -7 -5
-9 -3 -8
6 -7 -4
0 -5 0
-10 -7 2
2 8 0
-2 3 4
7 5 -1
7 -10 4
5 4 1
-2 -5 10
2 10 -6
-8 -5 -9
-3 4 2
-1 0 9
-5 -8 -7
3 4 -10
-7 -9 -3
8 10 4
-8 -4 5
-7 -6 10
1 1 5
-3 10 -8
0 6 -9
9 -1 -1
4 -6 4
4 8 -2
5 -2 4
9 1 -10
9 -1 -1
10 -2 0
-6 6 -10
9 -1 -6
-3 -10 -8
-2 1 -10
-3 1 -3
10 5 -4
9 -4 -1
2 -7 0
-9 -8 0
8 -9 -7
4 -10 4
9 -5 6
5 -6 -5
0 2 4
-8 3 -10
-7 4 0
4 7 0
0 -9 9
-1 -5 10
6 -7 9
5 -6 4
6 7 -5
3 -4 -7
9 -8 -10
-8 0 -5
-9 -2 -3
5 4 7
4 5 -10
-3 -1 10
-1 -3 -5
-5 1 5
0 10 8
1 0 -1
7 -8 -2
10 1 0
-1 -5 -4
4 -9 0
6 6 -4
2 -3 -6
6 -4 -2
1 -6 5
-9 0 2
-4 -7 10
-4 6 8
4 5 1
6 10 4
-9 -1 -3
-6 -8 -9
8 -2 -5
-3 2 3
6 1 10
-6 9 10
-1 4 -6
7 -9 4
-10 2 6
-8 -1 -4
2 -1 1
10 7 2
9 4 -2
5 -2 0
-6 -2 3
-7 -9 2
2 -2 -1
4 -1 -5
6 4 4
2 2 3
-2 8 3
8 9 -6
6 10 -7
-6 -5 2
-2 4 5
4 10 0
6 1 -8
7 -4 -5
-9 7 -2
-4 5 -1
-3 7 -1
2 -5 -1
-4 -4 5
-1 -2 -5
0 2 -6
9 0 -7
10 10 3
4 -5 1
-5 4 -7
-3 0 -10
-3 3 1
-5 10 -5
-6 9 8
-10 4 -2
8 -2 2
1 -3 1
-1 -2 3
9 6 -3
-3 4 -2
-10 -2 6
-7 -6 -6
0 -5 -10
4 -8 4
-1 -1 -9
10 -2 6
7 3 8
-8 -7 -2
-6 2 -10
1 10 -2
9 7 2
0 2 -6
5 9 -3
0 -9 8
10 -7 -5
0 1 8
0 -9 4
-5 8 8
-3 2 8
-7 1 2
4 3 2
-10 9 -8
1 10 -5
-10 3 -2
-3 8 7
-3 8 -9
-2 5 0
10 -5 -1
7 10 6
4 5 -5
-5 4 10
6 -4 2
6 4 0
4 1 -7
8 -10 -7
3 -9 6
1 3 -1
6 -5 -8
8 -2 -6
10 10 -3
-10 9 -8
-4 -8 -7
-10 7 -6
9 -10 10
7 -4 -1
-8 4 7
2 -2 -7
10 -2 -4
-7 -3 -6
10 -4 -5
3 -5 4
0 0 5
-9 -3 10
-2 -2 -9
0 -3 5
-4 7 0
3 5 -5
3 10 5
8 -10 1
1 7 -4
5 7 7
-4 10 5
-7 8 -7
-3 2 4
-3 -3 7
2 5 -6
4 0 -2
-1 -6 -2
-2 10 0
-9 -9 -3
1 -6 6
-1 1 -2
2 -5 -5
-9 -3 3
-1 7 8
-5 -6 1
1 7 -6
9 -7 -1
-2 -2 0
-9 10 -7
8 7 6
10 9 -4
9 -6 -5
5 -6 -3
1 9 -10
0 8 4
9 7 -8
9 9 4
0 9 4
-8 9 6
-2 -4 -1
-4 6 -3
0 -4 -6
-3 7 8
-7 -4 3
-7 9 -6
-10 -7 1
0 4 1
0 -8 5
-8 -1 -4
10 -6 7
-5 7 -2
-1 6 -3
-10 -8 8
-3 -9 -4
7 -3 8
6 -3 -7
-1 7 -6
2 10 4
7 -4 7
-1 9 -5
1 -4 6
-4 7 8
2 -6 -6
1 -10 -7
9 -6 6
-7 -3 6
4 4 8
1 -4 3
-7 -2 0
8 7 -7
-7 -5 3
5 -2 9
-5 -8 8
1 -7 6
1 5 -5
2 3 2
-1 8 -8
5 2 5
-8 4 -7
-2 7 6
3 -4 -2
-6 -5 0
7 9 4
7 9 -2
7 2 5
-9 -9 -9
7 8 8
8 9 9
-2 -3 -2
-7 -3 1
9 -6 -9
-5 -9 -4
6 0 2
-2 0 5
1 4 8
-1 -9 -10
5 -7 -10
1 5 -8
-5 -5 -10
1 -1 4
9 10 3
-3 5 7
-9 5 -8
-9 6 -4
-10 -2 -4
-7 -10 5
-6 1 -5
2 6 -10
7 0 -6
-3 9 -4
-6 1 9
-9 1 6
4 7 -7
9 -3 -4
9 8 4
8 0 6
-6 5 -6
8 -8 -4
-4 -9 -2
-7 -4 9
-10 -9 -4
-4 -7 -9
4 4 -6
-1 -1 -4
2 10 -3
-3 10 -10
5 10 8
-6 -5 8
-7 -9 0
4 -2 8
-5 -2 -8
-4 -10 1
7 -6 -1
-4 -5 -1
-10 9 -6
7 -10 6
2 7 3
0 -7 1
10 0 -9
-7 -2 9
-3 -3 -10
9 -1 -1
7 9 4
-2 3 -4
-10 -5 6
2 8 9
10 -6 6
-5 9 6
-1 4 0
4 -4 4
5 4 5
3 6 -7
0 -9 -4
2 0 -5
6 9 1
8 7 1
-1 -10 -8
-6 -4 -3
4 -8 -5
-2 -5 7
0 7 10
-4 -6 6
-4 2 9
-10 -4 -4
-4 -8 -9
-10 -2 4
-9 8 -3
-7 0 5
-3 10 7
-5 7 7
-8 -10 -4
6 10 6
2 -8 -8
-2 5 -7
8 -5 -3
0 3 9
-4 -10 2
8 -3 0
-6 -2 -10
-5 -2 5
-1 -9 0
-1 0 -5
7 7 4
7 -10 -2
6 4 -4
-5 5 -6
-8 0 5
-10 -10 2
-10 2 4
-8 1 -1
-8 -4 -4
7 8 -2
-10 -9 -5
3 7 5
2 8 4
5 -1 0
1 2 -3
6 -9 -9
-1 2 9
3 -8 4
-2 -2 -2
-10 -8 6
8 8 5
10 -5 0
-8 2 9
5 -7 9
-3 6 -4
-10 3 -5
4 9 -5
-9 6 0
5 0 3
3 -6 -1
0 -5 -3
-9 6 5
-1 5 4
0 2 2
-1 3 -5
-5 6 3
-8 9 7
8 10 0
0 2 3
-7 -10 2
-4 -6 1
-5 5 -8
-2 -3 -7
10 2 -4
-2 6 -5
-6 -10 2
-6 -1 -7
0 -4 5
3 1 0
6 -3 -3
7 1 -5
2 -7 1
7 -3 5
2 9 -10
5 2 -5
7 2 3
7 -8 10
-8 7 -9
5 3 8
-8 10 6
3 5 -8
4 0 0
-9 -8 -5
-5 -8 -9
4 -1 8
-5 1 10
7 -4 7
2 -7 3
-1 -8 -2
-3 -5 6
-10 -2 10
-2 2 10
4 -3 8
8 9 3
6 -5 10
1 -10 -7
8 -2 2
8 -2 1
6 7 -1
9 9 0
-10 10 1
-7 -9 9
3 -3 6
-8 -4 6
-1 10 1
-8 7 -4
-4 4 -4
-6 10 5
5 -7 -9
-3 -1 6
3 5 -10
7 10 -7
7 -8 3
3 -2 1
-10 -7 2
-3 -6 9
-9 5 3
10 2 3
-3 -1 0
1 6 10
-1 5 -3
6 -2 -6
-9 -7 5
-9 8 8
-4 -9 -4
-5 -10 4
6 -5 -10
10 9 6
-9 -10 0
-9 -7 7
2 -6 -4
-6 -8 1
8 2 -4
-5 7 -5
3 4 -4
8 -9 -10
-3 7 6
-5 4 -10
-1 9 7
-7 -8 8
-8 -3 -6
7 7 -6
10 9 3
-3 -8 -7
-9 -8 -6
1 -7 4
4 -2 9
-1 1 9
9 -10 -8
-10 -9 -9
-4 -4 -7
-1 -8 3
1 5 2
-3 5 4
-9 10 4
1 -4 -3
6 -9 6
8 1 -9
2 8 -4
0 4 7
1 -7 3
-2 6 1
-8 -7 8
-6 -4 -7
-3 -8 -6
7 -10 -2
4 3 4
3 10 10
5 -1 9
-5 4 -5
4 2 2
-1 -2 8
10 9 -4
10 6 -8
-6 -7 3
-4 10 -10
-2 -5 -4
5 -9 3
5 -8 -3
2 -10 -1
-9 0 3
-6 7 1
9 -10 -5
6 -8 8
-4 3 -10
-6 5 3
0 -4 -5
-5 -3 -4
9 6 7
0 7 3
0 -9 -8
10 -1 -2
7 10 0
10 -2 6
6 -8 9
4 8 9
7 -6 5
9 -3 -9
-8 8 6
1 6 1
5 -3 7
-9 8 8
-6 6 10
-7 9 5
9 -10 0
-3 -8 -6
0 9 5
-6 -7 -7
-2 2 -7
6 -2 -3
3 -5 1
-5 -9 2
-9 -10 8
-6 -8 4
10 -2 -1
-5 5 9
2 -7 -1
1 6 0
7 -1 1
8 6 -7
1 3 -4
-1 -7 10
-5 -9 -2
-8 -3 -4
8 7 7
6 2 -7
-3 -4 -8
-4 9 -3
-1 -7 -1
7 -7 4
-5 -2 5
-9 -1 1
8 2 8
-4 3 2
5 7 -1
7 -1 6
1 -9 -8
8 6 5
4 -3 -1
6 9 -5
1 -2 1
-3 0 0
-3 -10 10
6 7 -8
6 10 1
3 10 -5
-8 9 -3
-6 1 3
-10 6 4
8 -2 -6
-10 9 5
-7 5 -10
-4 5 5
1 8 7
-3 1 1
10 -8 -10
-4 -2 -2
2 -3 8
4 -5 -8
-6 -8 10
-8 6 -3
-2 2 8
-4 8 -7
-2 2 -9
8 -8 -8
4 -10 5
9 10 7
4 3 9
1 4 -3
-6 7 -9
7 10 -7
-6 7 -7
0 -8 -4
-3 6 -7
6 0 10
4 10 4
-5 1 2
-3 -7 -3
1 5 1
-3 5 -5
0 -10 -7
-1 -4 4
-2 -3 -8
9 -9 8
-10 -10 -5
-1 5 -8
-6 1 -8
-9 8 -4
1 10 -8
10 10 -8
10 4 8
-3 -3 -10
7 -1 2
-10 7 2
-8 -2 10
-9 -7 8
7 4 -8
-8 -2 -1
-9 -6 -2
-1 -1 4
-10 0 6
-7 2 2
0 -4 8
-10 2 -5
-2 -7 -3
2 -8 9
-3 10 -9
-8 10 -5
2 3 -1
4 4 3
6 -1 -3
9 2 10
3 2 -2
-3 -10 -1
-2 -1 2
5 -7 -6
-7 -3 0
-2 -8 6
-4 -2 7
10 -1 9
-10 8 -7
-4 -8 -6
-6 -2 8
-9 5 9
4 -8 -8
-6 3 -10
10 -6 9
8 -5 -6
9 10 9
-6 0 7
-7 -6 6
-3 8 3
-6 -1 1
2 -10 10
4 2 1
-6 2 0
5 5 -7
-2 10 0
4 8 -3
10 8 -5
-8 9 0
6 2 5
-7 8 -7
-2 7 -6
7 1 10
-4 8 4
-1 1 -10
-1 8 5
-3 -7 -10
-4 -6 6
-1 -2 9
-9 -1 2
-1 4 -8
-2 9 -3
8 9 -9
-9 -2 -3
1 0 -10
-2 -8 3
5 -1 1
10 0 -4
-10 -7 -10
0 9 -3
3 -7 5
9 -6 -6
-5 7 -7
4 7 -2
9 -5 -7
5 8 -1
7 -3 -10
7 7 0
3 3 0
8 6 8
-10 0 -9
2 0 2
7 10 1
-8 10 7
0 2 -4
2 -3 2
-4 7 -2
-3 9 -3
2 9 8
4 -7 9
-1 -6 10
1 10 1
-6 6 -10
-9 -7 9
5 3 -4
-5 2 -6
7 0 -3
10 -10 10
0 -2 -4
-1 2 -9
4 -6 8
-10 -10 9
7 9 9
10 4 -1
-8 -10 0
9 -10 -4
-10 9 1
-7 0 6
-9 7 -10
0 -4 1
-3 -5 -8
0 2 3
5 0 -6
2 2 8
9 5 -10
-4 9 -9
-2 0 8
7 0 -1
10 -1 -1
-3 2 -7
-9 6 -4
1 10 -5
-1 2 -2
-7 3 0
-3 4 -5
1 9 -3
10 5 -4
4 -6 -5
8 2 0
-3 3 4
-8 3 -2
6 -3 4
4 -7 3
-1 2 -7
2 1 10
-3 -8 -9
3 5 -9
4 -6 9
2 7 1
10 -9 -8
-6 -3 0
-4 1 8
8 -4 1
6 -6 -2
-9 6 -1
4 -3 -10
-2 7 8
8 0 10
-1 -4 5
7 10 -3
3 -3 -10
2 4 -8
6 8 6
4 -9 -5
2 3 10
8 -9 -7
-10 -1 0
-5 -2 -4
-1 9 -5
-7 -9 2
-4 10 6
-4 8 1
8 -3 7
6 3 -1
-5 6 -4
-2 7 3
-5 -6 -4
4 3 -2
0 -2 0
-6 4 10
-6 -2 2
-6 -7 -5
-10 -10 7
6 9 3
-3 -6 0
5 6 0
8 9 2
7 -5 -9
4 -7 2
10 -1 6
-7 -10 -3
-8 -8 4
9 2 -8
-2 -9 -6
-5 6 -8
-7 -5 6
-3 -9 10
-3 -7 8
-3 -2 6
-6 -1 8
-7 -1 -2
-1 8 5
-4 10 -6
-1 2 6
-7 1 -3
7 -3 5
5 3 -8
-2 -1 -10
7 -9 -10
-2 -4 -7
4 -2 -2
9 -4 6
-9 5 8
8 9 -5
-7 7 -8
3 7 -8
-1 7 -7
-7 -3 -7
-1 -7 3
-5 -5 -4
-4 -1 -1
-4 -2 -7
4 4 -7
-2 -6 -3
-10 -10 9
1 -6 -3
0 3 5
8 -8 6
10 8 1
-9 -4 3
0 7 7
-1 6 6
7 4 -9
1 8 -5
-7 2 -6
-6 -8 -7
10 5 0
9 5 -5
9 -7 -4
-1 -6 4
-1 -9 0
-1 -9 1
3 3 10
9 -2 -1
-1 8 3
3 5 -1
-8 1 6
4 -1 10
-5 6 7
6 10 0
-4 8 0
9 -3 5
-4 7 2
5 -2 -6
3 -8 -10
0 -7 5
8 6 1
0 9 7
-9 -5 -7
-10 9 2
8 8 -10
-4 -8 -8
5 1 -1
-4 1 -8
-10 -7 -4
2 -4 5
3 6 -4
-2 9 8
-7 3 -10
-9 10 -5
3 1 1
8 2 -1
9 7 -6
0 -7 7
3 7 1
5 7 -9
-10 0 -4
4 5 -10
-10 9 -9
9 -7 -1
-2 -3 5
10 -10 -3
4 -2 -7
9 -8 -5
0 4 5
7 10 6
-7 10 8
9 4 -6
-6 6 -1
5 10 -2
9 -4 -3
-6 -3 -3
-2 0 -5
-3 -6 -5
-3 6 10
6 8 1
0 10 10
10 -1 -8
5 -7 5
6 -1 8
-6 -9 -1
7 2 3
-7 -7 -6
-5 -4 -1
-3 -8 7
0 -2 7
4 -7 -7
-4 1 -10
-9 9 7
7 -1 -8
8 4 -7
9 -6 1
7 -7 4
10 8 -7
-2 8 -4
10 9 -9
-7 -1 -10
-9 -8 -5
0 -6 -3
5 -1 -4
0 -8 5
-2 10 -10
-6 9 -2
3 -4 5
7 -1 3
9 -8 -2
8 3 10
9 -2 -3
-3 1 6
-6 2 10
-4 3 5
-5 5 10
4 6 -1
-6 -3 1
7 5 -7
10 6 8
0 -6 -1
7 -1 2
3 1 10
6 8 -2
-1 3 6
-8 -3 -3
-2 3 -4
-6 -10 -1
-10 -3 -10
8 3 -6
1 5 8
8 1 2
7 8 -5
-8 -1 8
-4 3 2
-8 4 -5
0 8 10
-3 8 8
10 -7 -3
1 9 -4
6 -4 4
2 -7 4
-2 8 -3
-9 -3 -8
4 1 -7
2 8 1
-2 -2 2
8 -7 -5
8 2 -3
7 -7 -6
-8 4 -4
4 -2 -3
-10 9 2
10 4 -3
7 -4 4
-6 -10 -6
6 1 1
10 -10 1
-1 -9 5
10 -2 -7
3 7 7
-1 -4 2
4 9 -3
-6 -8 -3
7 -10 -8
-10 7 6
-6 -5 -5
4 -5 -6
7 3 1
-3 0 -10
10 -6 0
1 -6 -9
-1 -3 4
10 -6 1
-6 4 -1
9 -1 10
4 -7 -4
5 6 5
4 6 -2
-1 0 -7
2 9 3
7 8 1
-9 5 -2
0 3 -8
-10 -2 -2
-8 10 -7
-8 -1 7
-7 -3 -5
7 -5 -3
-6 -6 -7
-3 7 -3
4 10 1
6 -6 1
-4 -1 -5
0 3 -10
-9 2 -3
-4 -7 -9
-3 -9 -7
-7 10 6
6 -2 7
-3 0 2
9 2 -6
-5 -6 0
-3 -6 6
-10 5 -5
-10 3 0
-4 5 8
-5 9 8
5 9 8
3 -1 5
-3 -3 5
8 9 0
10 -8 -10
5 10 4
1 -8 10
8 -5 -2
7 9 5
0 2 6
10 4 0
1 8 4
3 -10 -2
-5 1 -7
-9 -4 1
3 4 -10
1 9 0
7 7 1
-10 -8 8
-8 5 3
2 1 5
6 7 8
4 4 -10
2 -4 -7
10 5 -5
3 5 6
2 -9 -8
1 6 5
-5 5 7
-7 3 -7
4 -1 10
-7 -10 10
1 4 -4
5 -7 -8
-7 -9 -1
-9 -6 -5
-9 7 9
3 9 0
-9 1 2
10 -3 -2
-9 -8 0
7 6 8
3 -8 -3
-7 6 3
-5 9 3
-4 -4 -9
9 -9 -6
-4 6 0
5 1 -3
8 7 -5
0 -1 4
6 -9 -2
-9 5 -10
3 -5 -5
0 4 4
-4 -8 8
1 5 5
2 -8 8
10 4 5
-9 10 -1
3 2 -8
6 3 4
6 -10 3
0 6 9
3 -10 -2
-4 10 10
-9 8 -9
9 -3 -8
-9 1 -2
-5 7 10
0 7 7
-9 4 8
-10 4 5
-8 -7 2
8 -4 4
9 -6 -9
2 -2 6
-3 -5 0
9 6 10
-10 -1 -4
-2 -3 4
1 -4 9
-8 -8 -2
10 -5 1
5 -8 2
7 9 2
-10 2 8
5 -4 10
-2 1 -3
2 -3 0
-6 4 -6
1 -8 -10
0 0 -7
-9 1 -6
-9 -3 -10
1 8 8
-8 -4 10
-7 8 -7
-3 -4 -5
0 -9 -2
3 -9 5
9 5 -3
10 -3 1
7 -3 0
10 -5 5
1 -10 -1
1 -8 -9
2 10 3
4 3 3
2 6 -10
-8 -9 -7
-9 8 9
-10 6 10
-1 5 5
-4 6 -6
8 -6 10
-2 -1 -10
-8 4 -9
1 9 10
-8 2 -9
-3 7 4
9 -5 5
1 -9 -9
10 -2 -4
-1 -9 6
-3 -5 7
6 -5 -10
4 -7 2
-10 -7 8
4 -6 -9
7 -7 -2
-5 0 -7
1 7 -3
2 9 8
-8 -6 -7
2 -8 -7
-7 10 -7
-2 1 3
5 5 -2
-10 6 3
-3 9 1
-6 10 6
-5 -7 -10
-5 -8 3
-3 -7 -4
-4 -2 8
-1 7 -1
5 7 -7
-8 5 3
7 4 -6
-1 -8 -6
5 3 -10
-4 -9 -5
5 -9 5
7 9 -1
0 9 8
3 -7 10
-5 5 2
3 10 2
-4 -7 6
4 1 -6
8 6 4
-8 4 -5
-9 -1 5
-5 -7 -8
-6 -3 0
1 -6 6
6 -6 4
-2 -1 10
6 8 2
6 2 -10
-2 7 -1
-7 9 -8
0 -7 -8
3 1 5
8 -6 -3
9 5 -5
-7 10 3
-7 -6 8
-7 -10 9
7 -5 8
-1 -2 -3
8 -4 -10
-5 7 10
-7 8 1
-9 10 3
4 -7 4
-5 -9 -5
7 -9 4
3 -9 0
-13 -25 9
92 -42 -42
7 22 -56
-63 -51 0
-92 -49 -82
-36 72 62
-11 -20 83
-18 91 93
45 65 -24
-20 31 61
-30 9 -23
82 -73 -76
12 -84 -89
-95 79 -86
33 -51 -47
-59 53 -81
-88 -23 -98
-84 -83 -54
-51 61 69
-72 -49 55
31 -8 -61
13 21 -53
-2 -32 -6
-63 -83 41
-41 10 -53
26 -17 -99
-10 23 -90
-71 4 15
69 -37 47
-62 -79 -7
3 -38 71
67 -2 14
16 69 18
23 -77 -85
90 57 31
23 44 -69
13 -89 51
-88 28 -76
-54 -20 39
-14 -44 10
58 -30 90
100 -42 71
73 87 -97
-11 -100 73
4 -22 -33
-35 87 21
90 -69 -70
-94 53 -70
-29 38 19
10 71 -99
23 83 23
-30 85 -2
-30 33 19
-40 -34 -18
-42 -51 -83
-34 -29 27
15 40 -92
-25 53 -97
-32 11 -59
57 40 8
-59 -52 47
-32 -68 -32
-50 -93 -76
-83 -74 55
24 15 -87
59 -95 67
29 -3 -98
28 69 79
-91 -30 -24
33 77 -4
1 -33 -98
18 17 1
-12 -74 -16
65 -92 -3
-84 -89 73
8 -82 -72
-89 42 84
21 -23 21
22 -37 -96
52 46 -66
-80 -14 28
-88 -34 -66
-2 63 -49
70 19 -9
90 -26 68
-17 -17 -31
-72 -70 89
11 13 58
-93 41 -1
31 57 84
50 -39 33
-32 58 35
52 76 80
97 -22 -62
-78 81 -62
50 -20 -93
31 -10 -88
39 -99 33
87 15 -71
39 -35 63
-49 -16 -56
-92 -32 -58
-79 95 -100
-61 65 81
-40 45 -65
-52 67 94
-15 -99 50
17 -50 99
-16 -63 79
-88 20 83
-83 0 39
-56 -50 80
-76 35 -23
-39 -100 66
-27 -65 -50
-27 -44 21
37 7 -27
64 21 -52
15 63 -40
-23 -58 -87
33 -59 -40
-60 -62 -46
22 17 26
18 -15 31
74 -98 80
64 -11 -63
27 -68 -53
74 47 0
-1 -76 58
35 58 9
-77 87 9
82 65 40
-53 -19 -4
49 -30 -69
65 -73 82
33 5 3
-56 9 67
-86 37 -79
-66 6 -33
-17 -74 55
-6 -60 52
9 -1 -34
45 -36 52
-80 47 -12
-29 -41 -42
12 -50 -20
-10 40 87
-69 -23 96
-45 56 67
22 52 -48
67 15 46
49 1 86
100 56 61
41 2 46
20 46 -17
98 7 -47
-47 -53 -98
92 -94 55
-34 28 -98
0 49 10
-89 -78 64
66 -66 89
39 -79 -83
-89 10 69
-30 -22 -87
47 -8 -62
0 -74 -66
98 30 -97
-28 26 -33
72 -99 72
71 -46 46
90 62 76
54 73 37
-60 62 -82
-86 22 7
-51 -28 63
99 13 14
82 -28 9
-92 -49 -4
-25 63 -65
-67 55 -52
-3 64 -45
47 94 2
-95 51 57
-4 32 67
-70 4 99
-21 -57 78
24 43 36
33 43 -4
-27 68 -69
-1 -54 14
41 14 69
44 -81 -48
-14 30 -81
70 -79 7
-58 -12 -64
6 29 -93
-93 100 93
17 1 43
-36 44 -98
-83 -65 64
37 -23 49
-71 -99 -13
-91 -96 71
35 16 54
86 39 -13
-95 73 -41
75 37 -83
3 -67 -92
12 91 76
99 -17 90
-2 -34 73
54 93 0
-50 24 39
-80 -36 36
-100 44 67
59 18 68
53 61 -30
-3 90 -16
15 -35 -93
-81 -14 -91
4 12 -43
-61 -28 -96
-97 46 -98
50 41 -37
54 26 -49
-36 96 -18
58 87 -19
59 13 6
25 71 27
11 36 -49
47 -12 -22
26 -11 30
48 73 34
100 5 69
-84 24 -16
5 -72 84
57 23 -27
53 -60 -55
-10 86 -66
-36 16 2
-98 18 95
4 84 -71
-73 95 69
25 -8 -65
39 -80 89
35 2 -64
27 15 -94
86 -61 72
-76 -27 86
-58 -44 74
-90 -82 -32
-49 -27 50
46 -36 13
-8 62 4
-95 -68 -86
90 38 99
51 28 52
97 -32 -93
-36 99 75
-15 -65 60
14 26 26
-74 -43 87
-31 24 -76
-83 -17 38
64 -49 -28
30 -24 -67
84 -97 -21
-3 84 -33
-36 76 46
-10 95 -55
-77 23 -48
99 -4 78
-80 -79 53
90 32 65
1 -53 42
-32 82 -75
-95 -86 -97
57 91 -73
22 -60 59
-47 61 35
14 39 -87
-56 -57 36
23 67 -95
-51 -80 -2
-77 -64 -66
80 -98 92
-9 -56 76
-93 -25 90
-79 33 100
54 85 -88
-17 85 -51
77 20 20
-59 -99 86
95 -78 7
-88 -51 20
-38 -5 7
-77 -37 -77
54 87 47
58 47 81
83 -53 -6
51 -41 69
57 -98 -65
80 9 -25
63 -36 82
39 -43 71
11 76 46
10 86 -10
18 43 -26
72 51 -16
69 -60 -95
95 -64 39
-58 49 -70
-74 50 80
22 47 -67
-20 -86 -81
-19 -52 4
94 -79 -88
-14 -35 75
40 65 72
-72 93 -100
-46 -23 -21
-57 -37 -18
-99 17 41
-27 89 -84
-42 73 -63
1 -17 10
54 -59 35
-29 -80 7
-77 6 74
-37 -36 17
-53 -52 -13
-17 -67 -99
-99 -22 -69
29 -24 -52
-79 13 69
75 -60 -77
-74 62 64
-67 67 14
67 50 73
20 -47 73
-6 -3 57
-90 56 47
-34 -99 -46
-17 71 52
-16 -90 -79
66 1 96
93 83 -69
-39 -50 -81
-69 -7 61
-84 -18 39
-22 -35 -60
75 74 7
76 46 -93
-96 8 -53
76 19 -39
-27 -22 -59
44 -91 -36
-2 84 64
35 -52 53
23 -39 30
-1 -16 -16
-95 13 -46
84 -59 51
32 45 48
-78 60 -32
36 -71 72
-7 -27 94
34 63 19
-50 36 -76
23 -92 3
6 -61 -51
49 -26 99
93 -49 -49
90 17 -91
86 2 97
61 14 94
42 86 48
64 47 76
-98 25 80
-51 -17 68
-57 15 38
64 -72 94
39 -89 43
-5 70 -84
71 46 48
95 -30 -55
37 -32 -5
-33 78 -59
-26 -59 93
-14 -32 2
67 93 21
27 45 70
-40 61 77
47 -100 -71
93 89 -80
-74 -32 71
-84 12 -5
77 -41 22
62 0 58
41 -86 44
-2 -95 21
59 74 -75
54 -55 -52
77 -24 23
-93 -43 70
-62 16 -93
42 -53 86
-88 32 81
-100 -92 -57
-99 -98 -87
23 -56 29
39 80 -73
37 1 -91
9 -70 -76
-36 56 71
-61 81 57
-69 73 87
-72 56 21
-45 -67 13
58 -81 73
73 85 36
26 40 -90
-55 -86 -60
-24 99 23
-5 -90 9
37 -12 90
-45 29 81
84 86 -50
-37 -34 -78
16 47 61
35 76 84
-77 10 -6
89 52 72
61 -8 -9
-1 -98 15
-22 87 51
34 13 -52
12 34 -9
73 -10 -19
30 75 -69
-65 -36 20
-9 14 67
15 -36 52
-63 -76 46
64 69 -100
-71 37 -31
-25 -38 -19
22 36 54
9 58 -13
49 80 -47
-53 -36 -6
-79 -61 -87
32 -24 -18
-25 -48 -84
-58 -69 68
-32 16 51
58 -13 -14
-21 84 -61
-84 -48 63
18 31 24
77 81 87
82 2 -28
74 3 32
-42 -80 -79
75 70 69
-3 21 87
-45 -23 -51
75 14 -89
3 91 -47
89 -50 100
70 20 38
-42 2 -12
23 -70 52
-42 1 -92
-18 14 35
35 -90 34
60 61 85
-19 -39 -60
46 10 -85
16 59 99
36 51 -11
65 -78 -82
29 6 57
-32 -53 -76
-47 -42 -55
-20 -31 81
70 -53 85
-80 -47 -74
-49 41 -11
85 -49 -66
47 94 -58
-62 60 89
-45 93 -73
-62 34 89
-91 -70 -91
81 3 20
61 -81 -98
54 1 61
27 29 -15
61 -12 68
26 -75 93
-24 -19 -17
-51 67 28
-23 -93 -23
-28 -46 13
89 -100 4
-81 -64 79
75 36 37
-51 -60 96
46 -83 51
21 95 -53
84 -28 47
-17 -23 -14
7 -69 -20
-14 -5 32
-93 -4 -33
-57 -18 8
62 -72 80
-54 -17 44
-81 95 -62
88 69 37
-79 80 -30
53 -14 -26
60 -35 -87
85 -25 -84
31 -79 -99
-10 -46 -91
95 38 -46
-99 55 -79
7 -4 -62
-73 18 -61
74 100 92
-38 47 -40
6 68 14
76 -38 44
28 -91 -10
84 2 -22
-17 89 28
27 53 73
15 69 -21
-31 68 -36
93 84 -35
80 -61 -26
19 18 41
55 -95 32
77 72 -7
99 -12 42
69 -17 1
-11 -99 24
-29 -32 -83
-22 54 55
8 53 92
74 58 66
-41 52 -84
-50 7 90
-99 -81 2
40 -42 83
-96 14 -20
8 -5 -36
21 -54 95
84 -46 71
43 -36 -13
-89 -15 -74
-22 -3 67
64 88 -6
-1 92 65
11 88 -25
63 27 -26
43 19 -51
17 -92 17
-10 -5 -2
28 56 54
1 58 -4
-100 -92 26
6 73 -74
62 -26 -48
20 -81 51
85 82 73
-1 35 -39
-38 16 -7
-42 0 29
69 -84 -57
-14 -74 100
-81 -93 -12
27 -77 -25
24 49 68
87 -8 -8
93 63 -68
-40 9 -72
25 50 -30
-32 -68 -34
1 31 74
-19 56 47
21 86 -94
62 73 15
37 -35 33
-29 69 61
10 -59 37
-46 -100 28
90 -95 -42
48 67 -65
-37 13 -26
-75 59 -65
56 -89 5
15 -63 7
-26 -83 -2
80 75 -5
45 -70 -85
-39 -80 41
94 91 64
-72 -18 49
89 -64 56
24 -36 78
-99 15 54
-14 -52 62
50 86 40
-22 50 43
-58 -76 17
-33 -38 -48
32 57 45
10 -92 37
-20 -91 92
55 -24 77
-7 21 -32
-24 -56 92
-50 39 -73
-90 -3 -19
68 -1 59
26 94 -74
15 -8 -94
65 -88 31
-90 -19 -58
-53 -50 -57
-89 38 -51
-64 -5 6
-48 -37 28
48 -32 49
-34 79 32
-36 -50 10
70 8 11
-84 67 73
12 -58 63
-66 87 4
-59 12 5
60 100 -69
12 79 -13
87 33 -53
49 92 -17
-38 96 -13
-22 10 -93
-99 30 28
-77 -43 84
41 -93 -12
58 29 -18
-11 -57 -78
-14 86 37
14 56 1
-98 73 82
-51 96 -62
-17 45 -28
-20 -54 -27
-43 -92 -78
-78 -89 41
-47 45 -22
75 76 -27
96 -59 96
-44 5 85
-38 -15 -53
-86 30 -92
-42 100 -54
-84 98 6
-22 84 -73
72 -75 -16
75 -48 37
91 20 -51
-77 25 42
-91 62 -49
-88 -4 -84
46 -56 49
13 87 -5
-49 -3 90
87 -45 -32
-67 -59 11
-3 56 -31
-87 -93 -51
-22 -30 -99
48 -59 -26
53 61 50
49 59 -27
-68 -13 46
-21 28 -9
85 -52 28
58 -18 -95
-35 -42 -98
23 15 55
-53 -25 45
-60 -52 86
-47 -35 77
55 14 -16
49 -45 55
-3 50 24
-71 87 -16
-6 24 28
23 11 -39
11 -37 28
-72 -95 -5
-11 -77 -21
26 61 19
-50 16 100
-19 24 -11
19 52 42
87 71 -37
-73 59 -43
11 99 76
88 33 -60
-71 -54 91
-36 74 69
35 -93 -90
-99 -87 54
71 -20 47
-41 -29 -81
-11 33 -29
41 70 -41
-51 97 61
70 58 -5
-61 65 -36
32 33 80
2 56 56
60 66 1
-40 -69 53
-60 54 34
7 -92 57
75 93 -91
-69 58 -14
38 64 -27
-74 2 23
-5 -35 17
64 -76 45
77 48 -36
35 68 -89
70 90 -37
-22 -11 -35
1 44 4
29 68 52
59 47 -50
-98 83 -65
64 -1 57
45 -88 98
-22 95 33
39 82 62
15 96 76
39 66 68
-24 78 0
96 -86 70
-14 -61 77
4 -3 4
-61 -77 70
-28 -15 56
-82 -28 43
47 70 -5
-28 48 4
-29 -23 -46
-1 88 54
65 46 -17
92 33 12
-74 -86 80
-98 -54 69
99 -90 -30
84 73 -73
19 41 -66
50 49 51
16 -72 30
80 6 51
-56 -24 8
-75 97 -94
92 17 38
-44 92 63
57 61 54
-39 -98 45
-74 -10 -33
-99 -32 -15
-77 -86 46
-39 69 -14
-28 93 -76
-98 90 -84
53 34 -79
-93 -39 84
1 36 39
-26 -83 88
-47 4 76
72 62 -61
-18 73 67
91 -46 -70
92 -55 -50
62 -79 68
5 -90 -60
16 -98 -34
50 -43 31
-26 39 -12
-16 -81 20
-97 -4 39
-86 -33 -49
59 15 -73
13 91 -44
24 81 47
87 -69 -8
-28 12 31
-20 -39 4
-55 -30 22
-84 -47 -38
-53 -33 -87
-5 13 42
-86 5 -23
-29 77 71
-38 47 83
-7 70 -96
53 -67 100
-53 55 -66
-64 16 -66
55 21 -73
-15 98 -98
82 96 -67
72 -57 -85
39 63 -40
56 33 -45
-34 19 -20
-42 -94 -35
32 -4 -3
-57 23 19
-13 45 -16
-57 -14 100
96 53 -94
-2 53 28
27 61 15
27 79 12
-27 -24 -21
83 62 -96
-30 36 29
-8 13 -41
-28 2 43
1 73 -73
35 -71 -47
33 -63 -9
72 31 18
79 -95 1
12 -82 35
92 2 71
63 -12 34
-55 -89 75
-38 90 -86
2 -85 55
28 -85 -39
95 -68 26
39 -51 -22
-79 -15 -3
39 83 26
-86 -52 -29
30 61 -10
-82 -25 38
-40 -20 -32
-33 -73 8
-22 -33 -50
-86 -59 12
-81 15 14
-54 20 23
-58 -44 81
-100 -35 92
21 39 -68
-98 53 79
-5 -8 -97
12 -6 100
85 95 -85
-21 6 53
-83 63 47
-74 -7 89
15 -98 33
62 -73 -56
-23 27 79
6 -6 50
71 -57 87
23 1 61
22 -7 23
11 -29 26
-42 100 -44
-81 -91 44
7 -64 -85
-14 -76 -45
-51 37 -75
-92 13 -35
-25 -20 -32
-81 1 17
97 -63 -19
-86 23 33
-17 53 37
-28 46 26
-24 31 -15
-40 -4 37
-88 9 -7
-97 -36 41
-77 -36 -57
-17 -68 -86
-27 -82 33
-88 0 -83
-89 51 -62
96 -90 62
49 -94 35
20 -58 -70
81 48 -89
55 -63 21
9 27 63
42 52 57
51 27 -23
-10 -1 -26
-3 46 48
-95 -10 44
-80 -73 -100
15 -99 -33
16 -60 26
61 -52 -65
100 -43 63
31 -68 45
88 -63 42
-90 -95 37
-14 -4 -62
53 100 -5
40 -33 79
50 68 99
-81 -5 -22
31 -37 -97
11 89 24
-7 64 -9
-88 20 70
32 30 76
-10 19 25
-93 47 15
-51 -28 78
-20 18 -7
-40 91 95
10 71 10
-37 -57 90
-5 -70 79
-52 20 -26
-14 10 -40
-43 -77 -37
37 78 -72
24 95 27
-56 31 -63
39 -58 -83
89 35 92
39 -91 -91
81 14 -77
49 13 94
-22 -60 69
-45 -1 29
-38 34 -56
-62 -54 26
9 -67 55
-84 34 -27
-8 -37 15
-90 24 19
-59 -40 50
39 -32 -78
-27 51 -49
-88 -87 -51
59 -100 -33
2 -12 -70
-77 -59 -10
17 -5 76
-16 -36 91
48 54 23
-34 -94 76
-64 -26 -77
56 -50 90
91 -26 72
27 -64 -11
-16 -21 -90
45 76 44
-5 13 80
69 2 85
-24 54 -68
20 95 14
-96 27 54
-28 18 -78
-14 64 4
-92 -94 39
-28 -33 86
27 -48 18
44 85 -65
70 -47 -58
41 -3 -73
46 -21 9
-80 14 92
-28 -59 9
-28 -47 34
10 -55 38
-58 -54 -98
-36 -98 11
95 50 -99
-34 -34 -62
-85 -61 -46
14 45 -36
57 19 -10
91 20 81
2 31 -1
-22 16 -82
38 89 0
-53 54 65
49 38 -51
-25 99 -44
23 -63 16
-62 -58 88
47 -79 80
32 50 99
65 -60 -7
62 48 -19
-50 52 -78
37 53 -59
-62 65 -55
55 -16 -42
64 -59 -36
77 -40 -46
-64 -20 -81
-91 -33 22
91 45 10
13 -37 90
-77 58 -20
-10 -59 43
81 -85 71
-8 -46 -87
90 30 -43
-15 33 -3
92 67 87
59 -22 44
20 -36 53
-3 1 -98
-49 -66 74
24 -87 -30
28 -72 55
54 -26 10
-26 -89 -98
30 27 7
66 17 27
-2 -64 -49
36 -75 39
11 13 94
59 -84 -48
46 -51 77
-98 25 61
42 100 -99
-92 -89 13
-54 74 2
11 95 -51
-17 -92 20
100 -62 -76
-38 1 23
55 53 -21
-10 -50 71
-1 -78 -5
-7 -37 67
-29 5 83
7 35 85
11 28 93
56 -67 45
-81 10 71
-80 17 76
95 -20 86
-24 58 20
-8 79 -27
-51 35 -68
-54 1 -66
-34 -68 -86
-25 85 -12
18 50 100
-38 60 -11
25 -18 -10
-32 -65 -51
-79 -28 68
40 -14 30
-65 26 -72
-52 -2 -20
-74 5 4
-62 -89 99
80 -97 26
-44 69 -83
-89 -78 -99
32 -19 -40
-39 87 -27
45 -9 68
2 14 38
-99 33 -1
-70 6 89
13 52 -47
50 -100 34
32 58 -77
93 -62 68
-98 -87 81
45 -47 -21
83 -29 -18
21 -6 65
88 33 50
27 -96 -77
-45 21 40
-43 96 18
16 -40 90
84 81 14
-20 -65 38
95 -91 94
-19 95 57
-35 -32 5
-92 -61 41
20 25 -63
95 -80 -94
35 -95 -73
-21 -63 -77
-33 26 -20
-43 78 48
-66 80 74
-4 -87 70
-80 -3 65
22 39 11
77 56 -18
16 84 25
58 -63 23
35 99 24
-46 47 19
-52 -21 -20
-93 10 -65
-74 71 91
39 13 46
-23 -15 -72
-45 34 -9
88 -15 -54
41 -18 58
11 -41 -67
50 38 -54
55 -54 15
42 -87 18
63 -24 -95
11 29 36
54 68 -77
51 62 -41
-91 21 -15
52 97 -16
6 62 10
2 -29 -11
21 -22 -15
81 14 10
57 -43 39
-41 60 60
-55 -69 61
-33 -35 -60
47 -4 -86
-88 61 8
81 47 84
95 29 -21
-46 -33 77
7 -31 -80
-10 19 -56
-81 -28 -60
-24 97 4
-7 76 67
-66 50 -20
32 64 16
-88 86 51
-61 -51 29
-66 49 53
-76 -89 -15
-48 -81 -45
87 42 10
-25 75 -100
-45 53 94
3 -70 54
-7 -84 -65
40 -65 -32
58 -90 87
43 -11 -26
-70 -56 4
15 41 94
95 -75 -18
-74 -31 11
33 -38 -43
63 56 -69
-75 -13 -38
-59 -82 -16
-67 62 -2
41 41 -61
-56 64 71
-2 4 84
-11 -65 -79
39 -47 67
64 -95 -78
28 -35 -52
81 76 33
6 -35 -81
25 26 18
-17 -74 -89
-28 75 61
-41 0 80
-48 34 -62
99 -10 15
91 -41 3
68 13 0
-25 -100 62
-38 48 52
-20 -78 68
12 -81 -96
84 61 96
89 -80 -63
9 37 -93
95 -89 -95
-32 -58 -83
-91 -38 -6
97 27 -56
77 -26 -27
78 -41 63
-53 90 58
38 78 19
-56 -62 33
70 -87 98
-44 -12 -22
28 -46 -22
67 -80 84
50 -31 -12
79 32 -8
22 71 20
-83 68 29
47 39 -27
64 92 68
-70 -13 35
51 -16 45
-79 -36 45
-34 -71 39
-90 -30 -42
-93 86 89
-58 86 61
-75 -97 -51
-25 100 17
48 23 -47
-38 -100 -41
-32 5 -94
24 -45 53
55 2 -28
49 -59 -88
-67 39 32
-16 -63 89
-68 98 -64
-86 -37 57
-55 61 -16
-94 34 40
4 -83 -60
-94 71 -94
-10 45 -36
-54 -13 79
-22 20 -80
8 -84 -71
-92 -72 28
86 -49 80
-79 27 5
64 -8 88
65 -4 -23
24 41 -49
51 11 0
16 -54 -90
75 64 -10
-53 69 71
39 -54 -91
-76 50 60
-21 66 -18
-77 -94 -44
-8 33 -48
42 7 -94
46 76 -20
37 -95 -46
97 -80 89
48 72 -11
-95 -8 40
-24 82 -4
-26 25 -65
25 76 91
-29 -84 11
-45 22 47
-6 53 65
-6 8 77
45 14 -32
67 -15 96
77 19 35
7 -59 20
16 -91 -70
91 -78 -71
-75 25 27
9 -6 -76
-8 -81 71
36 33 -17
78 28 88
19 47 51
-84 79 -71
25 76 -90
-31 66 -23
-71 30 -92
14 91 34
99 -25 83
9 -23 -87
23 -27 6
-27 -99 56
83 -61 83
-28 83 26
-66 -34 17
11 13 31
-27 -19 -52
85 -33 -10
70 -23 -41
-64 19 -55
-83 79 -52
-61 49 -7
-36 -32 -65
-70 -80 -49
49 89 12
20 38 -38
-41 -97 -17
91 29 45
-71 38 -21
-87 56 41
51 -57 58
-99 53 55
-51 -29 78
-75 -80 3
-55 15 -9
48 -29 4
-7 -85 59
58 -35 8
-32 5 97
81 82 10
56 43 -25
-59 -32 -12
-16 -15 25
-60 -77 50
-71 51 33
75 38 -62
82 62 13
-51 -99 3
24 -5 1
3 -22 11
61 -3 -92
-28 30 54
-69 -57 -43
62 12 -63
-28 -2 48
-86 -78 84
-12 8 43
38 73 43
83 -56 -31
-27 96 20
-21 -69 97
-65 -58 87
43 -16 56
93 -96 -93
1 65 39
-14 -82 -79
32 -95 -8
-90 38 -17
10 47 -4
45 19 -49
97 -55 58
-57 93 -9
2 -65 49
-29 93 67
-99 35 17
94 30 -5
93 -95 -62
-1 -100 -42
71 45 52
-49 -29 -97
-32 17 19
7 45 34
-99 47 -85
18 63 82
-74 73 60
-33 -13 -43
10 -12 -1
-6 -2 55
-73 -26 -73
-52 -91 -17
-53 -83 -10
70 -19 -33
97 -38 -62
13 26 66
11 -46 80
57 -34 -60
-77 83 32
-19 -4 -34
-77 -4 41
-12 67 -2
-90 65 -89
38 26 -45
94 -34 -96
24 -83 54
-89 45 22
5 -42 39
98 -34 -14
65 10 33
0 -89 19
48 -79 21
66 15 60
80 0 11
28 -53 -99
-54 60 -32
7 88 68
15 -88 49
-18 8 54
-61 -78 -23
48 -94 -79
7 -11 -62
-52 68 82
13 -97 -93
-55 94 -35
7 -73 9
-52 -90 -66
25 -94 16
-64 35 -58
23 51 92
-71 50 -47
-54 24 -60
72 32 -94
16 -34 -27
42 -73 47
60 59 73
24 48 -57
1 92 -37
-60 2 53
1 92 -4
34 41 77
-23 -6 -5
64 13 -5
40 25 -11
-16 -89 99
32 -13 39
-100 -12 6
49 18 76
-96 70 48
55 -81 -13
25 -19 -9
77 79 -84
67 43 -76
0 34 -55
15 -87 53
-76 99 59
56 26 46
24 71 -57
55 19 -10
50 71 22
-51 5 -23
41 -62 86
42 -59 74
90 -25 -32
-17 -1 -33
31 40 -82
77 -85 24
52 100 82
-36 -52 -57
68 -92 61
42 1 37
-17 -56 66
-69 -68 24
13 -67 38
96 -7 10
-63 28 49
94 -89 -38
77 55 23
47 13 21
30 -68 -37
84 30 -32
-61 41 93
-50 64 88
-51 86 -35
-87 69 -31
49 -27 29
-48 -76 -32
97 -49 42
-16 -16 49
-67 9 84
41 -20 -38
11 -21 63
82 -25 29
38 43 51
0 72 92
-42 80 56
8 -51 -96
16 84 95
38 91 71
-98 -62 -85
5 91 28
78 62 43
65 84 -61
86 39 76
15 6 -74
-34 72 81
-94 -25 38
-3 -66 -87
-37 11 -57
-13 43 -43
9 -62 -83
-9 65 43
91 -78 94
-93 -55 89
-58 -35 50
-81 -93 100
-85 48 -11
-13 -95 62
44 8 38
-92 1 -14
45 -14 87
-29 68 -60
-90 21 -53
-52 -24 -30
4 -99 -57
41 -30 73
24 41 46
-48 38 -26
75 25 40
-52 21 69
-27 -22 -50
-57 -5 6
-82 15 17
64 -76 9
-53 23 7
96 -37 -14
70 90 -59
93 3 30
-78 91 -37
38 31 24
-74 33 -66
-14 -56 -60
65 22 94
95 -93 -74
-36 -98 30
28 -85 -44
46 -90 -78
4 -3 62
44 -7 78
-12 14 -18
-36 43 80
1 43 24
10 -48 -56
-3 62 69
52 85 78
39 -71 -27
92 35 43
-40 4 -35
-25 76 29
69 -46 -66
56 -45 -45
-76 7 37
-35 74 -59
-56 79 3
-1 -75 17
80 -59 46
-58 -98 40
12 50 85
-15 33 36
-44 -87 -92
-86 -74 -35
32 44 -81
2 25 -76
97 -81 -3
-91 -96 13
100 61 -36
62 4 -34
16 -78 84
-60 1 86
-24 58 -8
-25 90 54
10 -13 90
-14 65 -24
92 -36 96
59 31 96
60 39 -2
95 -51 -40
84 12 -61
90 49 -22
42 62 -75
-22 25 64
86 63 -55
24 2 38
82 75 83
35 -14 -18
41 3 91
-84 50 88
-15 35 -1
4 -67 -78
-82 32 -42
53 -59 -49
-51 -80 -86
-3 -42 1
25 -47 46
-44 -49 71
20 -5 -39
-48 78 67
84 -5 16
4 -43 -32
67 23 20
76 -32 43
78 -17 91
46 49 17
50 100 -83
-98 -45 -27
-90 40 66
-61 -12 -35
-95 43 6
99 -13 -6
-79 -74 -75
-86 86 41
83 2 -82
98 68 -50
-67 55 -12
18 71 1
44 32 74
-79 82 -54
8 55 27
6 63 18
58 -32 -21
15 21 -26
53 21 80
50 -1 28
72 69 -74
77 -28 20
44 51 67
38 58 54
89 -68 -79
-11 95 -34
-92 34 -9
-73 -95 -58
100 -3 78
-79 72 92
-24 43 -100
94 95 40
-35 16 23
44 -30 -23
18 -83 -32
-60 -2 -80
30 -81 -61
-77 -34 70
-28 26 -46
-58 38 12
15 54 49
5 20 -55
-36 69 -27
65 1 69
90 90 -66
12 -15 27
13 -16 -90
-73 28 88
-3 76 -46
-68 -8 -58
39 48 -100
-91 69 -49
-57 91 -4
-19 -26 26
38 44 -30
-72 84 -44
-8 -85 6
36 77 -43
25 43 -57
59 -64 -43
-53 -89 31
-43 -12 -67
-31 -46 27
-30 -82 -47
-67 -24 16
1 20 -73
26 -12 66
-22 -9 -69
-49 72 26
33 49 16
-2 23 15
-22 19 -6
-19 95 69
52 -90 -16
91 52 1
54 -2 98
57 68 -53
-50 -73 54
49 82 -59
13 2 49
-4 90 61
-48 -35 -37
19 65 -54
58 95 -20
-18 1 -66
-47 -58 -81
87 -30 -7
-25 -65 73
10 76 -29
-40 -75 95
34 -18 55
-64 56 -40
-63 -44 -33
-19 15 -98
62 -61 -88
-8 79 4
66 -51 38
100 -70 -64
42 -2 -28
-44 21 65
-24 -76 16
-4 2 -7
-73 -39 -84
83 -84 76
59 -4 51
-51 69 -26
46 -14 -71
-52 61 -23
-29 15 -18
-56 -33 -82
-97 -83 93
-79 96 -1
16 67 10
98 96 70
5 8 19
28 -12 -59
-78 -59 -96
-43 -67 -91
99 10 82
-59 -100 -98
-57 97 -46
83 -4 10
88 20 42
-28 3 52
69 -48 81
-72 61 42
-84 8 36
-94 100 100
-51 47 -77
27 66 0
-90 -62 -17
-92 -18 -41
-98 -23 0
-94 -48 14
-4 -68 44
3 15 67
-50 -28 -70
43 83 -85
-47 -70 -46
-55 43 71
-71 -62 -100
-54 98 43
32 -29 28
-97 -56 -73
95 -43 71
44 -63 63
29 69 -84
58 -16 -75
35 20 -1
-6 59 25
-76 62 -56
53 -2 32
16 65 -58
75 -92 -67
-31 -18 -84
84 -37 -3
58 3 29
-2 96 70
94 -84 98
32 -32 -58
-3 -16 1
-11 77 35
-61 54 41
-37 59 -71
-25 -62 -6
15 -71 15
56 -15 -2
-29 -3 -26
-63 -45 77
-92 -61 30
-36 1 6
-2 25 -64
-95 -85 -41
-100 29 60
-28 -46 91
-35 -98 -79
54 10 32
24 76 -76
30 13 -78
-23 -41 -9
73 -54 -29
2 76 -70
24 65 24
51 12 -4
-29 3 73
16 -59 -7
-78 -32 55
-60 -75 0
35 7 40
-15 31 56
-13 -49 -57
-51 50 -45
-38 62 -76
-97 94 16
92 44 -1
62 -8 -14
41 -82 99
-71 92 96
14 82 2
36 -68 34
37 -61 -56
-76 -93 -63
-82 27 -34
18 -5 -98
-10 98 96
-21 56 16
16 74 26
-84 11 -39
16 -90 -8
55 93 67
35 -22 -11
40 -29 58
27 -83 -19
-12 -75 -55
64 -4 -41
8 79 -44
17 77 45
-45 -4 -73
-83 -67 74
21 -82 83
6 -19 52
-82 -43 -2
-17 64 -18
12 -66 26
-13 -81 -20
36 74 -14
12 63 -6
14 78 -93
-56 54 -2
0 16 8
-35 -62 30
-28 11 83
-99 18 -55
-18 93 -83
91 7 -28
-96 -37 -45
-100 37 28
-63 92 -79
23 -8 -98
-22 87 -37
-69 -2 50
87 95 82
88 -96 71
24 90 28
-86 74 -38
-2 -50 7
-66 89 34
-12 -2 -53
-16 96 -76
90 75 89
-16 -4 53
83 -13 -6
-86 100 -68
-47 -72 -8
-37 20 28
54 83 -22
61 23 -49
-6 -58 4
17 21 -97
-30 10 -65
-50 -97 7
-14 -42 -50
-73 2 -81
-82 -26 -41
51 -81 23
29 -46 -73
28 -57 -23
-87 90 38
-12 -57 -90
-25 -60 -6
-16 1 80
60 -38 -60
71 -20 -42
65 -65 -36
5 -99 74
48 -23 29
50 -89 -85
62 -79 -50
-36 -66 -18
-19 -34 -1
-35 35 25
-65 50 -83
45 -6 -77
13 95 76
64 -31 -98
-88 -71 -40
55 3 -78
45 -26 -16
4 91 18
-89 43 66
-91 -9 83
59 54 11
-65 43 -59
-63 85 79
76 94 -48
78 58 85
-16 -7 -3
-31 40 -74
89 71 38
40 -78 -69
-95 -46 42
-70 -53 67
-7 51 63
-71 -52 -70
55 -33 -14
37 -17 72
3 81 -21
51 89 49
-8 61 49
-31 83 48
51 -41 -57
84 -31 -11
-47 -91 -89
-6 -82 -81
-2 -78 -1
-67 92 -26
64 23 -55
-98 -93 -6
-6 -60 -41
61 39 -81
-42 84 23
-70 -79 6
-83 -66 21
83 84 28
-93 30 24
-12 -8 58
-14 -79 -63
-3 -73 37
-70 42 92
-46 69 -21
-15 78 -76
1 72 -95
-6 -40 -94
93 -86 -38
-88 56 -82
90 -56 60
43 86 90
-68 37 -42
20 -40 70
13 -10 61
25 56 -39
61 -97 28
-29 18 97
99 77 -78
-30 56 96
-89 69 2
13 -37 -90
-6 70 53
-22 76 -13
45 16 85
-46 44 77
43 -94 88
99 29 -87
68 -62 -18
-17 -81 -29
-85 -31 -41
44 31 -65
-100 -56 9
40 -42 -80
32 88 20
-34 -40 29
-3 -2 67
-22 93 85
57 22 -45
-22 -8 53
-53 -97 57
-49 -58 66
15 3 43
-21 84 11
-30 54 -67
-3 85 83
-3 16 86
44 -59 -41
70 84 -65
20 -23 -52
74 2 -97
84 -49 -1
-12 76 74
53 88 17
-99 -92 40
56 -32 -37
50 22 -94
30 50 -94
53 19 85
23 -12 -41
-33 -63 -14
-95 -56 5
-27 90 -52
-16 40 -15
-31 52 -3
92 92 -16
-2 89 -85
84 -98 -9
70 -70 63
42 35 -82
30 -33 76
-96 -40 41
-83 79 -54
-96 14 -25
-33 -13 -99
-60 -94 -91
-86 -24 51
-81 -75 42
28 -53 12
66 -18 -45
17 -43 -86
-100 -23 -18
-86 -68 -30
77 -34 -78
44 89 5
-48 60 -87
-25 2 -86
21 -51 -50
-27 -35 -89
-70 -12 44
-100 -41 45
87 22 -75
-38 -56 45
-7 -88 26
4 -7 -51
-53 -65 74
-67 -79 -99
-84 7 12
-84 69 98
-89 57 -30
78 -11 87
43 -55 2
-45 100 83
55 -50 -21
-74 -36 -89
92 -98 -98
88 78 -16
26 -43 90
71 13 12
-64 48 -90
18 -64 54
-99 -43 82
-91 -18 -14
-90 16 6
-41 -78 -86
69 95 35
0 -49 100
14 -81 69
100 20 -57
92 52 14
64 5 33
27 15 -88
46 -23 -64
100 -79 79
-33 91 45
-50 -5 -81
43 23 32
17 14 80
-35 -36 84
-45 -74 58
82 30 84
63 -35 -92
32 -69 -98
-94 -92 3
-31 -12 39
-38 76 26
39 65 19
76 40 -87
79 -97 52
-27 -97 100
-48 62 55
-79 77 77
-44 -75 -4
-55 63 -59
42 43 -29
83 -90 95
-100 77 -41
-77 -88 99
-25 -80 52
4 -56 -25
-94 1 96
-75 21 -39
80 91 -19
37 -45 60
-73 -26 -6
20 69 0
-28 12 70
-74 -61 20
54 -29 59
-55 -86 72
-76 -48 -64
-41 75 -11
50 -32 65
77 78 -21
55 -30 -26
61 -73 58
54 -51 74
-84 5 -27
11 -86 -8
59 8 -91
17 46 -68
5 82 58
39 -8 11
48 -33 9
79 49 98
-73 -37 -88
50 -61 -49
10 -61 20
-6 -34 -87
86 94 40
96 34 -64
-37 59 4
87 -4 75
80 63 -91
86 57 24
32 -24 34
-89 -8 74
-43 -58 -11
51 -40 63
-31 -5 -6
95 -51 -19
-12 -2 -53
61 -36 -46
-44 -32 -65
-75 -55 -5
26 37 11
-78 -62 -93
47 50 -55
-67 20 -93
53 -30 -15
-79 41 80
-73 73 63
74 -87 -26
39 2 7
18 -31 -47
-75 44 29
66 45 33
-79 77 -15
16 54 81
-31 64 -95
91 98 -33
-51 -78 -68
-3 28 99
-29 -87 -24
48 -33 -96
-95 54 -69
-77 -25 -72
-84 -97 0
31 -59 -14
47 82 6
2 -17 3
-30 -72 22
-90 44 43
-27 -71 -81
-43 19 27
-38 36 -12
-9 -85 51
80 41 18
-64 -21 52
-90 64 74
-6 6 50
2 -6 55
-74 89 -46
79 -11 -29
79 -10 -37
-63 -40 66
20 -42 48
48 -96 25
71 -26 5
21 -57 66
-51 -54 30
-69 -18 -68
3 -67 88
10 -1 -10
-76 58 -36
16 -69 -38
-6 36 91
-59 -13 24
-8 66 7
2 50 21
-23 4 65
1 -36 2
-87 -48 46
-38 -40 91
-3 -2 92
-14 -48 -8
47 44 -89
40 -19 -30
-93 -84 74
49 20 70
-14 12 -31
86 97 62
29 -17 42
-93 -83 46
-40 -85 -85
90 99 78
-31 -38 70
3 88 -63
-6 19 -69
-36 42 -94
46 14 -51
34 58 59
96 87 64
8 -95 40
48 -15 -63
80 -55 -56
42 -93 -58
12 46 -89
84 -54 -46
30 53 73
52 95 96
8 -10 54
-59 -62 -10
95 14 86
-15 -86 -100
21 -42 95
18 21 29
-8 32 58
78 -78 5
-77 50 -36
25 45 95
-47 23 -81
71 -80 91
-70 -17 -5
48 -69 45
45 41 -43
51 -7 33
68 -85 -27
81 -29 -28
-1 -89 -26
-9 34 10
-80 18 46
34 -1 12
76 68 7
-89 86 -42
-56 42 95
1 49 67
-49 40 71
-99 -47 51
-57 80 -35
-57 87 -54
25 -5 -3
83 -30 57
6 -80 12
-16 -64 98
-33 31 78
50 26 95
-98 17 -70
99 26 -3
-80 14 -16
0 56 36
-12 3 46
-34 93 -87
-77 -25 -67
70 -62 -75
-23 -79 -54
26 -64 -51
67 -74 -98
-71 -78 44
47 -63 -66
70 -7 29
78 -42 92
-76 35 93
85 78 3
-99 53 92
-83 12 -98
79 -3 36
55 69 -43
99 -13 2
-15 -71 37
-66 -19 -29
-33 85 33
89 81 67
-63 -17 64
-34 9 45
51 19 76
-71 -28 51
44 -92 -65
-52 20 -80
-33 23 -32
-95 8 43
42 -36 -27
-16 -31 -16
96 42 -35
-14 28 -67
-87 30 62
-78 12 -10
-67 -57 -74
-42 -14 52
-2 -89 11
24 -8 62
-44 -46 65
18 -33 25
-59 -57 67
47 78 -16
-81 -7 61
100 87 58
1 -88 -11
-74 88 -10
18 84 59
-53 40 -93
30 51 17
54 36 -44
44 4 -68
34 4 3
45 65 -65
-58 -9 -17
-70 61 -4
53 -31 -84
67 -73 -95
-75 -86 -62
-15 -5 50
-79 -94 -50
24 -34 22
86 -69 -8
-65 -58 48
-60 -68 -35
-80 -48 58
20 70 -66
79 -2 -53
17 -30 -80
-29 56 98
6 -23 53
-19 98 60
-31 90 87
-96 -24 -94
-85 57 69
-11 -48 81
5 -20 13
66 80 -56
38 50 80
-16 -5 10
34 -72 2
53 -28 -50
-92 51 -41
-1 -38 -25
23 77 -61
23 -10 -96
22 57 -38
97 -70 -56
8 82 -66
25 -36 90
51 -41 32
-53 77 -78
-22 97 -13
72 66 61
-16 7 76
27 24 89
-80 -55 -17
-99 56 -56
-59 5 -39
-30 -73 -40
8 25 -12
-9 -31 52
62 -45 42
-94 36 28
56 85 -67
-81 -98 91
61 2 97
70 56 31
19 62 71
32 71 -82
97 95 22
-26 60 -14
-97 93 46
59 -39 -23
66 -82 -22
-13 -17 -61
15 61 0
26 -9 -13
25 30 -36
-7 16 39
54 81 -92
-85 -36 87
31 -85 32
-49 -37 -92
-37 -3 -72
37 13 -29
-49 -12 75
-27 42 82
15 -28 39
-53 46 -51
45 -25 12
59 -97 95
19 -54 39
-60 55 -92
98 87 -36
-15 39 -43
24 -67 -5
-91 4 -72
39 92 54
-48 48 87
-91 61 28
-52 -64 65
18 -11 25
99 21 -21
85 72 -48
49 -48 18
18 76 -96
-26 -81 51
54 100 -81
-46 5 -30
50 12 -48
-57 -11 -56
-92 75 87
-90 -36 -75
93 -83 57
9 -18 94
-61 -55 -96
36 89 57
29 -64 -83
39 -79 -72
23 -67 -82
-72 -3 -1
-73 -15 -61
-60 16 -52
83 64 -88
-75 -97 -10
-93 -54 2
86 -40 56
13 11 85
23 -46 -49
-36 8 -25
-69 44 -72
29 3 -61
81 26 -22
34 -41 37
-99 -12 84
89 -53 39
-29 27 28
95 -4 59
-84 73 84
-58 61 71
4 -31 63
-37 -71 -48
-28 19 70
-17 -63 -34
-7 8 -96
71 99 -20
22 53 37
31 -32 94
-91 0 84
-44 55 -68
-60 97 68
-39 58 61
40 1 -49
-24 -65 -88
1 2 16
61 49 -19
0 50 81
20 -51 -72
-3 10 -56
-38 -70 -43
-10 -54 -33
-48 -23 66
-24 -28 57
49 -78 -77
-55 16 -97
-76 70 -82
-11 -95 17
-45 64 87
83 -63 -23
64 -90 -53
62 -72 -85
76 -28 56
53 -86 -44
-30 -42 -19
-57 75 -65
-45 -58 -38
64 97 10
29 -89 -74
-50 -12 -94
28 -64 -87
-4 46 -81
38 -45 27
-5 -34 27
-86 -72 25
-82 -82 92
-9 -50 -55
9 -54 17
81 -55 77
17 11 -61
90 28 39
-56 43 52
70 -41 33
-29 -51 97
98 -98 48
-20 -93 -12
63 -46 -79
68 37 -20
76 35 -19
-100 -84 86
58 4 32
-8 82 32
41 -13 -69
-5 84 -92
-1 -17 -60
-86 -73 -6
-100 -69 1
-31 -17 -66
32 -80 23
41 86 81
94 -86 29
35 -68 42
68 37 60
-41 -60 -98
-80 -90 16
-75 -12 -12
-26 42 -50
-100 26 44
23 48 -99
73 -30 -88
-99 -41 73
-69 -45 25
71 -74 33
16 -61 -76
-40 -19 -14
-51 -92 86
38 -82 44
-80 -58 -31
-70 -71 15
76 16 59
-70 53 -40
88 -100 31
87 -69 72
61 17 56
-98 -38 0
-69 -68 11
-87 -26 -42
-40 1 32
90 -80 91
17 55 -90
-37 27 48
-74 40 -85
-39 5 -89
-1 -32 -24
-79 -92 -10
50 -74 37
-16 -62 -42
52 95 78
85 -32 15
-92 35 41
-60 70 -96
-79 -73 83
-99 0 -70
-54 38 93
93 -56 -74
36 75 -37
65 -4 -44
-33 45 -80
53 -73 82
3 -61 -9
-43 -73 -48
15 -97 7
-43 -84 -25
72 -69 91
-49 50 7
-100 67 -98
-61 95 6
-34 87 -71
81 37 92
93 -39 -43
8 46 37
-62 23 24
-72 -18 66
-15 -19 -21
-30 16 -37
98 8 -6
50 45 -37
37 -58 -88
56 -64 16
-39 -72 61
-49 -49 39
46 33 20
-38 83 -40
-56 75 45
82 74 98
-6 52 -10
71 -81 68
28 18 62
-39 -46 14
0 -61 -35
-15 -70 -63
44 -20 -28
86 39 33
89 -10 41
72 -65 -20
74 -28 66
88 12 -62
-37 -44 52
-77 -34 9
-36 -98 -83
-89 50 88
-42 60 85
-52 -99 40
-70 46 30
-94 -41 98
21 72 77
-4 -55 -23
70 12 58
-67 99 1
43 1 62
18 -86 -89
-56 10 44
-84 43 65
-59 -4 -30
93 91 76
-29 -13 -66
68 16 -43
59 -21 -21
69 22 62
80 -36 26
-32 56 11
-40 -86 -66
-75 90 -75
71 -80 -84
55 -59 -71
-76 -14 47
-73 -96 69
-84 89 43
-70 -70 53
-37 14 -59
-36 50 13
21 -31 19
-57 -58 -40
55 -88 -98
-13 -81 -85
85 35 -47
65 38 -20
-65 77 14
-30 -16 38
-10 61 -17
-4 -83 9
-49 -23 -58
-52 -20 36
2 30 12
-67 82 -32
16 52 -85
7 82 -67
76 100 49
29 -33 60
44 71 -95
11 -96 6
54 67 -8
-70 -84 -94
-44 57 79
-60 72 81
-15 70 97
-75 -39 63
90 45 -94
100 14 -85
-50 -37 86
-85 -47 -25
-40 94 -44
82 22 -47
8 13 -5
68 65 5
33 -80 32
73 -68 -49
-33 -49 63
33 79 40
49 82 -100
-27 26 49
52 -75 -97
-36 19 20
64 -74 12
62 80 -47
62 55 0
64 -72 -73
56 -28 97
-2 86 -62
53 25 -34
-41 -4 -82
-75 -40 -51
32 -13 12
-28 -75 12
-19 -94 -17
84 62 63
50 41 -27
7 -74 -57
11 98 40
60 -12 -25
-87 -60 87
-37 89 58
25 98 64
-29 71 17
1 -4 -79
59 -41 -26
54 92 -15
-95 -81 86
80 19 55
77 69 -28
-50 -12 26
-49 -48 -89
3 -36 24
56 -72 28
76 -61 15
-45 53 -49
55 52 -97
60 -65 29
51 9 59
-12 -55 74
-13 -81 30
-82 13 -2
-96 -58 -29
-79 -35 -11
-19 -15 54
-11 -46 -60
88 -24 -21
12 44 -18
86 -21 -9
-10 70 -8
-42 7 55
26 43 93
43 46 8
-39 -64 -5
60 2 -2
87 70 39
98 73 60
83 29 -39
16 -70 96
58 42 74
20 60 24
-82 64 44
97 -19 -76
91 -53 40
-87 -31 4
86 -27 -44
-100 -99 -74
-47 99 56
5 100 43
87 -80 84
-97 -94 -89
-5 14 4
-14 -29 -2
70 -79 -66
-86 -8 -100
28 -44 84
-24 -6 -45
22 7 17
-13 -95 -66
39 11 -95
-13 93 -29
77 -88 -77
7 -47 -100
14 -44 -59
16 -16 -6
55 23 -68
19 96 51
-52 50 -41
-40 -84 32
13 56 -22
11 -48 -57
8 39 60
13 -37 -17
39 31 76
-57 7 93
-59 23 100
-10 72 49
-40 -37 11
-6 37 -32
66 -30 -28
-28 23 -23
-99 -9 -9
73 24 -58
-72 -86 -10
11 50 82
-18 28 54
23 -88 72
71 -27 64
-29 92 -4
-78 38 91
23 -19 98
7 19 -63
-33 -6 37
-11 58 -31
96 -45 22
62 -20 83
79 -84 31
-28 75 -6
-60 0 -1
7 64 -23
-53 95 -26
-65 53 -92
5 99 49
-86 21 -10
31 -70 14
47 -58 20
59 -79 3
-96 -69 75
37 29 50
63 -34 69
1 -24 38
-34 37 -32
-47 -40 55
-62 -25 -92
-92 87 -13
99 6 -90
-64 88 -13
90 86 -88
78 32 -72
-46 15 94
57 9 -22
-3 -20 41
-81 89 -25
68 -97 -8
83 28 -92
92 -72 -32
-57 -45 -55
-81 5 -23
80 -93 49
43 -81 -25
-84 43 -4
32 96 -66
3 -79 61
-48 -19 74
-39 96 -3
67 44 67
18 28 -2
39 -100 96
-45 -19 56
96 22 -20
-33 8 -100
-52 -22 -98
-93 -77 -35
-10 28 26
-98 11 -100
59 -72 12
35 -37 36
65 54 87
-60 -99 70
-81 23 97
-98 -21 0
18 30 36
-98 91 80
38 -41 -76
-82 -93 -30
-57 -28 72
89 55 34
-86 -61 24
30 -79 -62
60 22 28
90 -100 6
48 54 -42
42 33 60
-34 46 -2
-76 -23 -76
-20 81 -31
-88 80 -41
-9 44 -67
-34 -14 -61
53 38 -92
-4 -51 74
75 62 -5
11 96 95
-48 97 63
78 68 17
77 54 27
80 63 78
11 1 19
47 -78 12
50 61 -42
30 74 32
-100 -21 68
96 11 -34
30 97 17
21 -2 1
-70 -32 12
-98 69 -63
83 26 -75
-1 -45 -28
-94 -100 0
-45 -20 -31
-70 -28 -41
77 39 -61
91 82 86
-59 -4 -19
-18 -60 -42
-24 -40 67
27 58 72
24 -87 30
-97 -33 94
57 -43 47
-37 -29 75
-66 -47 83
20 -7 11
-100 76 -21
48 46 -93
-50 -93 29
-43 -81 -95
-58 73 -74
28 10 -61
-80 -76 -9
19 -8 29
68 11 41
54 -58 31
87 75 19
7 0 72
41 98 -35
34 14 100
34 63 -99
97 14 55
19 -86 -80
38 74 -42
81 74 -78
52 85 12
74 -14 97
25 -53 -61
77 38 -21
-84 -49 46
-87 55 -41
-71 -17 2
-1 -18 -55
-61 79 -88
22 98 31
-79 59 40
-63 94 -20
-8 4 -38
-30 40 -79
-1 80 -47
15 34 -48
-49 60 2
-91 -35 58
89 25 -40
44 -44 -94
30 -46 -50
-38 -86 -23
19 -53 -7
-62 19 84
-6 -72 -22
-37 65 70
54 -75 -77
-87 -66 -30
5 -39 75
44 15 -20
52 98 22
11 -26 8
70 76 96
95 -100 79
31 -14 77
-44 46 -97
-30 -71 -20
-7 75 52
-43 -72 -41
-78 23 30
-21 72 -60
-30 -55 5
-43 -28 21
85 -63 68
84 -45 22
32 36 -75
54 -71 39
15 35 -51
-78 -22 4
-81 -99 -54
-58 -85 17
-39 -86 -33
-14 55 91
31 3 -68
-53 100 -34
73 20 99
-37 -54 -64
56 -12 -1
75 -89 28
72 -13 35
-73 -27 -45
-30 11 -45
-47 -18 59
-77 63 -42
-26 -20 85
-53 99 41
81 28 18
-6 11 -44
-5 96 -60
-46 76 5
-9 99 -35
-90 40 9
-17 -71 -63
19 -10 -100
57 -90 -28
-5 1 -1
-29 -31 -57
-76 -24 -58
-46 -1 54
-55 -11 48
49 5 -46
30 -41 27
97 28 -32
50 35 92
-13 -80 -79
-83 -21 20
-91 -17 50
4 -25 35
-3 78 -58
-11 -13 -71
25 -17 -30
-68 -71 4
58 -69 -56
36 4 55
94 69 -66
26 97 -77
-29 91 7
-22 -28 -88
21 -73 98
-45 91 -64
-59 31 65
61 99 89
74 -2 77
32 -18 87
-83 1 24
-19 34 39
8 26 17
1 17 74
-12 94 -94
69 95 -79
80 95 24
-69 40 -24
66 8 -25
94 87 85
98 86 1
-67 -32 58
-53 64 -73
-79 60 -41
-15 14 39
-27 38 98
96 94 -89
27 -61 -59
59 -16 17
88 -17 -88
-35 83 55
35 34 -30
-65 -36 15
-68 -98 -8
85 86 86
89 12 86
70 97 -100
71 -76 45
-99 -84 85
72 -24 -93
28 -2 -27
-26 -80 6
-25 58 -33
42 68 2
-53 -22 -68
-83 -96 -48
84 97 97
98 51 89
12 -22 -90
-50 -96 55
-85 29 98
-66 38 88
86 43 15
25 54 -65
39 -96 11
-89 -61 63
62 54 96
37 -65 -10
55 -21 90
-89 -41 35
55 -79 54
39 -15 80
-2 -8 -24
5 -84 43
-93 29 -90
43 90 11
-38 -4 54
68 69 70
65 78 70
5 -4 56
-99 97 61
84 73 -77
16 99 -82
-32 0 -2
-73 -3 83
100 -36 -98
-68 87 95
-4 -93 -67
83 -9 -52
34 26 13
-28 64 -53
56 30 -36
-20 81 73
-54 -84 22
-80 8 44
26 69 -62
53 -17 -68
-75 -69 24
80 -86 -59
49 -89 -99
100 -67 -80
49 11 -48
11 -42 -23
-51 20 68
-36 24 26
89 64 -63
-51 -96 -25
-66 -45 -61
-43 54 -55
-5 95 -62
60 69 67
90 99 -6
-52 52 -95
-34 72 -4
-18 -94 -8
-83 -75 -98
47 -59 -87
-91 -25 -4
-57 64 64
-42 -31 44
97 -53 37
90 19 62
-5 -40 74
57 -30 -50
70 -91 10
100 -63 -56
15 69 -27
60 -6 -24
-62 34 -36
98 95 10
-96 -2 33
-25 -46 88
96 5 75
-79 -78 -72
-75 52 90
-36 -88 2
19 -86 -50
-7 -84 -72
-71 -92 -1
84 -90 44
-21 -92 23
26 61 -47
21 -27 -7
20 23 90
29 60 -88
99 62 -56
-82 70 98
-27 71 -17
-35 62 -94
57 -23 -74
65 -30 -100
45 -36 -57
-78 -71 72
-64 28 -13
-28 55 43
31 48 49
83 30 -34
-69 44 17
41 -91 -89
44 -56 21
94 38 87
10 -10 86
72 57 66
-99 -26 74
9 -39 55
-42 -58 -20
-23 -7 90
97 42 2
-79 -81 -11
6 45 -41
79 41 -26
64 55 91
-90 -42 22
49 -35 86
76 -20 92
-48 -88 -30
-64 70 29
-60 4 11
-91 -55 76
76 20 55
-28 -11 16
-45 63 44
21 -13 -69
19 45 -29
29 -20 64
29 -79 -33
13 -80 93
-33 -17 71
-100 -93 -57
-51 -29 97
89 -19 66
97 -17 -15
36 -10 33
10 58 -46
-13 29 45
33 27 -91
-45 49 38
-97 44 93
-52 51 -93
-37 -73 -89
-22 -72 -88
40 36 -63
99 -72 -16
94 58 57
-57 90 -13
-87 -70 -57
-44 -69 -46
-28 69 61
48 -29 -90
92 -62 32
44 35 42
68 -81 71
-298 -671 754
757 959 225
891 -339 978
63 -197 97
-555 -275 67
-253 -645 104
-810 46 313
-443 759 392
-945 533 669
209 506 413
71 580 878
336 -43 57
-601 -814 843
-283 -839 524
-374 7 -841
381 -35 974
781 -249 767
-47 -257 -819
-270 -703 -1000
725 514 -540
-789 -343 383
912 872 651
191 -463 -241
502 52 154
-688 631 -1
383 228 899
-610 -13 -744
685 985 454
722 -489 642
-329 -730 -242
-701 -815 -799
-598 414 494
550 -191 -648
712 -629 538
703 -906 -685
769 115 -751
-486 809 -418
349 -540 394
927 208 800
313 -775 -898
-304 558 784
824 722 785
-981 -494 538
331 -828 -223
447 779 203
-722 666 -316
52 605 -90
-344 -579 -697
-890 -233 268
-354 919 -241
-80 173 -232
869 -595 -852
-357 693 346
845 -985 -744
126 -868 -315
845 -823 -342
-7 -883 -410
-670 -395 -172
-613 -274 573
-143 -662 -634
-128 685 -443
-620 335 -424
550 391 -75
196 -466 879
-668 665 743
-706 29 444
750 -288 867
-312 756 -567
850 172 97
81 445 -576
-215 -810 -735
336 -948 88
427 -635 902
921 273 -23
421 -762 -568
947 -966 -944
-646 -62 -547
278 -939 630
951 569 54
-863 -423 928
-170 -884 -528
149 -812 -546
-197 -271 -633
362 161 573
-690 678 803
866 432 -841
-167 649 163
544 590 -40
-504 -230 -708
112 -339 -94
-961 -249 -45
46 781 837
462 308 -414
-290 493 -778
-641 495 -359
-182 278 -599
253 -471 229
-787 619 -786
-97 -494 752
633 386 -416
739 573 531
-341 339 -137
-476 112 526
846 158 207
58 -818 993
188 -391 499
-364 629 -329
-948 979 -665
-723 468 -872
677 -194 196
862 447 286
-776 -577 42
-855 -132 43
-683 439 116
567 -69 523
102 -251 491
-444 -957 -873
139 170 -101
-487 -123 -461
975 -420 670
-16 -620 -716
-82 -637 511
-590 -821 -800
-957 -162 -195
-327 -771 953
995 769 443
114 937 -246
467 -276 -60
-414 -544 -565
598 48 439
-523 693 291
-648 -941 -984
105 -543 -304
789 -619 -184
112 -809 185
318 -264 711
-656 -449 -190
-452 -701 904
-945 949 971
-748 -945 -133
66 -662 -497
-565 600 399
191 -333 -177
-251 390 255
-824 -62 697
-197 -823 -925
-606 -143 -166
-648 -22 -495
953 202 997
784 -473 -275
-133 853 815
-51 -603 -139
-866 620 513
-526 -288 316
880 608 -637
755 951 875
849 106 -598
796 759 931
262 -629 -74
527 332 -752
8 947 130
-26 -433 -801
492 687 -300
-977 -134 3
-957 699 350
870 546 609
-836 480 459
658 -626 126
-327 117 -103
48 214 -977
-634 818 -615
-947 481 -2
265 -743 -661
-996 439 602
864 681 978
568 1 967
-785 -446 310
-640 25 708
725 -743 -14
64 127 -305
-494 384 262
-198 -4 -785
-225 929 766
-324 915 651
-202 484 156
345 -693 782
-153 -577 -695
927 463 831
42 651 -126
334 526 338
-686 709 -665
684 40 -37
-622 349 678
-256 839 451
120 363 -516
-21 345 -616
-192 -200 706
727 523 802
597 -443 -438
806 -175 868
624 -986 -594
-637 -348 489
911 479 -912
-898 839 982
230 388 -980
-198 791 -275
-269 -808 -767
-459 -388 -606
454 -775 345
-605 637 -636
380 202 224
593 530 25
-368 126 -877
-236 -317 -198
-408 3 142
-283 -650 -824
-125 378 405
812 579 -506
272 26 428
645 11 372
844 -149 532
-951 453 -482
-381 -706 -952
253 -475 413
-521 -776 999
-774 -978 -991
652 425 322
921 -895 -881
224 670 440
-424 655 369
-47 644 -268
-42 351 12
294 -991 -334
483 -220 531
-265 -659 -562
953 -945 984
-294 481 -912
638 855 936
29 -229 884
-339 -365 -322
760 327 -332
607 -309 -571
696 646 758
-289 -155 26
-622 982 -916
789 947 -704
-892 -102 233
-806 -550 -803
-417 -295 137
545 -538 -585
279 -444 744
59 -291 -417
761 -82 731
-446 779 979
839 -302 -855
725 -585 -826
-59 901 232
257 216 86
518 481 -861
634 -46 617
-575 -353 -369
-811 17 -180
-1 -374 -30
664 37 824
917 -959 47
-572 -745 -186
-818 96 130
550 -67 -221
-926 235 71
-336 986 779
-480 979 324
-818 524 -304
532 281 409
-832 538 424
-755 -967 510
-37 895 722
708 -246 -712
840 99 574
861 -52 799
393 786 43
-63 39 -856
-889 -847 -911
-180 -93 760
-192 -146 81
45 -229 937
309 351 -848
495 775 736
-412 809 -571
390 -64 -830
-572 805 231
-609 209 -817
715 -146 -948
-603 465 -83
-771 -533 468
588 -325 226
-714 29 634
-152 -369 916
618 -857 741
941 -381 690
978 489 -612
389 -569 575
-71 280 380
-169 -983 209
341 -824 786
-764 -552 142
-156 -773 -689
-209 944 -209
563 -386 -47
790 497 -776
239 782 -499
969 653 -745
787 986 -157
151 -998 291
-915 -67 207
-583 -929 291
-209 -445 129
580 577 -932
-650 -269 601
228 810 602
747 -884 -728
918 540 -705
-974 -633 891
-698 -179 693
-361 -5 -720
-894 788 850
658 -160 -308
-261 -599 336
281 678 638
-683 -729 333
737 -291 609
292 -820 -403
273 -703 -965
-254 -787 -991
292 -195 548
-180 586 -503
-663 917 710
-606 -490 379
621 770 222
936 86 252
-768 -759 141
-738 716 -66
-379 44 955
-511 -247 801
302 630 -551
-884 722 888
838 -986 230
267 -226 481
-630 -862 -599
945 -314 614
-239 252 865
277 827 969
916 31 -210
377 -675 997
-70 -208 -980
-134 -485 212
472 -607 70
-986 -272 686
269 214 59
-969 817 969
-177 -665 786
-572 145 -44
-17 643 746
416 -600 -193
-552 241 498
-949 17 -122
221 -715 -538
-558 -708 543
-804 -346 942
-335 -521 24
217 -454 824
309 324 438
611 -532 947
-819 551 -629
-327 234 4
-700 854 778
-662 -94 -652
314 531 867
738 721 870
24 911 -971
-473 -140 -454
843 -998 737
818 -234 -155
486 -517 102
-999 -457 -535
769 -643 -155
-752 -627 358
-869 -167 573
507 -664 -608
6 598 119
-727 698 -537
724 -267 -31
-497 800 285
43 344 -482
727 808 -115
-242 -919 -615
884 -793 544
-836 -703 74
-700 289 -364
-830 83 -182
625 258 13
-906 871 -766
-462 593 -771
-478 -432 -560
71 496 -307
-699 -266 606
798 200 -420
141 617 400
-820 29 -4
970 -609 842
-889 -981 395
443 934 559
-229 -868 -244
-961 303 -399
349 -948 -804
876 -347 -993
608 -648 35
-748 977 -293
904 342 -170
-406 -610 -685
102 982 103
491 -410 123
-556 484 -142
216 518 784
42 894 434
746 537 867
-307 -486 -984
75 954 870
656 -777 -361
815 -215 372
-811 -257 34
-547 504 788
-764 -728 828
-738 -519 -34
620 631 -83
628 -632 184
-149 -987 -418
671 -688 -808
66 261 -509
212 700 -248
-624 411 -79
-863 -705 489
19 -206 508
-671 -671 159
-748 -473 417
-759 -656 -156
-549 209 -805
65 -511 564
489 -483 -451
-462 -171 -735
-442 -409 -506
725 -880 -142
731 -998 139
-419 950 473
-261 764 825
-607 -543 -504
-625 -928 -969
112 -254 -47
-858 -237 870
595 -732 764
-280 700 67
-673 -757 780
682 -12 -814
-780 84 72
-58 -476 -859
420 -911 -493
-974 357 265
437 760 700
915 -440 -604
674 696 433
-483 711 -369
441 622 227
345 794 701
590 -830 421
-758 -926 -51
-589 747 297
-778 247 759
-172 -664 -715
415 650 780
-359 -865 -426
928 -199 -733
122 698 585
-709 728 -109
-985 943 -180
969 -815 218
-700 690 415
-364 889 623
-291 -754 889
-505 -158 -458
-881 -355 236
-337 997 428
238 359 228
-556 -154 -91
902 -143 276
-265 -609 633
459 -669 967
124 -199 934
926 -80 -291
986 388 545
688 938 91
-83 -967 -503
-300 -155 144
-887 -845 -287
-156 389 -95
-19 234 958
-542 -748 -709
-387 -683 277
-725 -22 -418
-877 -983 812
298 -770 -628
367 599 348
-683 162 215
451 604 24
-204 -312 -22
-610 501 -575
-812 -831 978
271 282 641
435 140 891
-348 -497 -744
-218 872 -166
446 -11 -411
-317 265 673
-92 -302 -126
-515 -75 735
-13 60 548
730 708 375
82 -260 589
572 -589 759
343 328 -38
-570 -778 -644
326 449 749
260 35 437
-310 -593 392
-306 435 -15
530 -502 -523
232 852 -497
-195 -3 5
761 -658 -402
832 -724 517
646 254 -756
-233 550 -776
-162 -149 224
355 952 805
651 500 -876
504 -192 455
285 728 -56
11 -535 -429
186 -579 918
-862 -993 -308
725 -475 275
191 443 -532
219 -497 -187
329 -709 -57
258 -720 -952
133 -399 -809
-745 -254 -789
200 914 279
-731 643 990
711 337 293
138 -922 -134
42 -874 -244
80 923 -144
-81 462 680
406 699 -72
-716 -942 834
98 -462 -194
-439 -534 -265
-968 -802 96
432 664 -877
493 -646 -104
-882 868 -828
293 -881 521
953 -239 -930
-184 973 -789
288 436 647
-469 400 192
989 971 -94
-799 -773 -737
-85 -775 273
-156 578 945
-604 -164 387
-635 996 592
677 -867 -765
-254 545 553
-71 -61 -852
737 -342 -198
-560 691 -692
529 803 -699
-817 881 -435
985 467 -330
-519 445 237
-828 302 -222
823 407 945
47 -166 -804
-481 -748 -395
-872 589 740
71 -494 -485
-82 351 -554
-410 347 18
988 674 122
727 -236 -817
862 945 531
201 92 640
853 345 -353
-811 -105 534
913 -813 -446
247 -663 152
-149 -575 -558
-698 -441 597
-434 484 -48
-806 195 -648
887 -530 -832
229 158 173
54 833 886
792 270 441
-831 663 648
205 -366 832
-7 257 420
551 781 -317
83 320 -121
-805 -372 -138
471 -256 -172
404 -623 117
-99 68 -980
-748 -350 75
72 -716 -288
-419 943 -762
-35 98 -129
-305 819 -159
-213 105 243
-724 330 -396
595 -361 782
-761 -676 -180
762 -861 -421
325 771 -511
-999 409 474
580 -82 212
919 233 354
229 -907 818
594 726 492
-429 743 873
-110 -377 274
-780 -948 -176
852 -615 -505
-686 -675 155
534 361 -530
-943 -383 -223
-608 57 605
-295 -700 -909
840 -794 231
133 684 938
-496 -448 570
-604 -632 -650
-886 969 -60
200 744 739
164 -979 -803
302 -351 -95
235 -168 777
-909 727 -906
-828 94 863
-520 76 -631
368 -232 457
532 -612 674
675 -325 -771
-461 932 -307
129 758 -875
-278 847 443
-325 417 -20
-342 231 147
489 489 337
-896 -544 741
-783 98 622
845 -4 667
993 462 -521
-836 902 901
-644 599 -293
-950 308 212
54 485 214
628 -566 767
-838 -919 668
236 110 -903
483 33 -906
-315 -378 536
-756 201 -440
-391 -145 17
-613 -453 837
-718 597 311
468 369 456
982 221 97
-140 -884 -442
40 -556 477
796 -518 769
10 737 135
-719 -89 57
-578 796 988
-148 -231 328
-87 49 141
795 -11 212
832 -493 499
579 675 536
-205 -776 424
212 131 625
898 456 -558
331 773 757
327 522 903
407 -910 548
-651 -205 -40
3 -300 225
-491 -796 640
461 -380 468
-234 -132 662
-578 9 821
631 -356 878
744 166 681
333 996 265
-983 415 730
367 -775 812
77 -450 239
517 -182 -568
-539 -30 -34
973 -425 14
-390 781 -782
130 265 -185
-181 542 -406
-679 -216 143
-439 -780 -689
-616 129 -657
352 -346 -638
-675 -6 -691
602 218 699
753 557 -316
912 624 609
338 106 672
325 423 -970
-122 -679 -674
-921 -279 -855
134 684 -184
1000 -89 -268
752 71 596
659 -802 108
-781 285 -509
224 -994 710
-185 -46 -997
948 -844 -573
-78 -139 -873
138 706 212
-211 -856 740
-434 566 -867
143 -211 678
-344 -353 -377
997 -622 -196
-521 -53 -759
30 -737 174
-568 186 -968
643 361 -429
489 221 -432
-911 -951 -916
868 -816 732
-794 -226 345
866 893 -26
771 -494 -507
22 135 -573
-312 -708 -206
-241 -121 -65
411 605 662
-24 -947 -595
932 -735 -701
-665 -841 545
521 -157 82
-530 -394 599
558 -722 113
466 534 433
-289 424 933
12 949 -830
845 -953 -607
996 -721 25
578 124 528
-171 762 308
100 173 537
799 -494 530
-758 463 -418
945 496 971
348 -384 490
-417 657 773
801 -405 586
930 51 739
-458 197 -40
-782 -622 115
-448 843 649
-57 -261 -49
802 894 -119
509 641 -592
-754 917 -619
-788 -145 -502
-154 828 -903
-44 108 391
22 986 -657
-354 104 -176
219 449 -922
63 -528 97
-437 -106 -642
-504 973 -1
-193 204 -727
909 936 514
729 312 -610
810 292 -778
-224 -200 -885
731 501 -961
-198 541 -781
976 -104 -113
-727 -450 -913
-826 48 -357
-90 -481 614
-146 -349 -778
-389 670 -455
891 817 704
-362 554 -286
-852 -851 -784
962 199 -671
9 275 -469
-879 298 171
843 752 746
566 2 -90
687 660 -102
-336 -251 -224
476 609 335
571 -426 -883
-350 -870 -724
-915 155 98
-466 987 633
697 891 618
-537 -497 401
-80 -224 801
-478 -924 902
900 352 177
865 -912 -157
999 136 -187
-470 417 900
483 65 599
-277 -804 -455
696 588 56
-167 -79 -685
-296 -712 805
520 -902 -410
163 -479 -336
816 -895 -800
-180 -520 822
651 227 -698
-369 231 234
-471 491 -599
690 821 -406
577 -244 -515
184 898 345
-505 -969 510
569 -401 484
862 218 329
-302 142 993
77 662 -122
688 956 -961
555 -719 553
-173 705 -388
-637 -440 -44
870 -844 -899
488 -296 -775
-63 -905 447
689 -521 420
-625 718 544
59 -10 340
269 -638 549
423 -156 -615
595 565 -578
592 -929 704
480 336 -517
-302 79 -653
-491 -391 -4
512 27 606
228 936 -720
303 183 544
574 67 686
510 272 808
944 493 823
226 972 51
628 -73 -712
345 -766 -381
449 803 222
391 -835 835
-144 -826 -797
-572 -926 -874
318 20 955
-905 -744 -533
-74 480 728
160 595 624
-750 -555 125
1 19 398
106 -370 725
466 92 -479
858 -73 992
726 -671 65
-246 -877 608
969 871 456
28 782 -292
-452 983 -156
-419 -269 341
175 835 543
984 989 459
122 -87 -552
468 485 -937
-784 -224 -764
522 -778 -2
-761 884 414
-652 -417 902
852 -862 -93
227 -338 911
973 -474 610
392 495 823
-384 -445 -251
344 -457 346
-613 335 -327
-441 -160 -711
981 709 -956
-494 -415 -77
-780 -703 -988
-592 -111 941
433 -421 -710
-198 -242 418
-722 -737 -341
-914 -758 -920
-110 -695 -398
656 -490 402
-455 -597 946
629 885 -681
-381 -172 -813
874 -131 504
-89 277 -638
-121 621 190
32 658 525
-796 -4 344
377 -94 -579
165 -874 -514
441 -141 959
-222 103 777
760 -218 -1
931 562 -315
119 214 177
-193 569 -161
950 938 223
684 -531 810
-161 -970 561
668 509 33
536 593 -648
550 -698 508
547 279 -325
345 -776 -148
-508 708 -230
688 702 -723
-820 -174 -84
-56 833 295
-349 432 529
96 332 -48
462 -159 -575
-541 -436 528
241 897 -304
614 115 -794
963 -759 -999
643 33 -648
837 683 -487
-774 -466 -238
-990 -554 -233
973 997 -499
-605 -305 802
329 -532 361
175 812 283
352 342 626
-468 25 -584
-597 177 -706
725 633 -142
493 220 554
-937 -204 -865
467 -88 388
-825 -605 -366
-486 -791 -232
-996 102 -418
784 -563 -841
-12 200 -530
289 165 -884
436 997 -991
564 677 -653
304 -925 848
923 206 935
-392 -258 521
43 -677 519
-976 -129 678
-229 778 936
202 -677 835
339 766 -549
312 -839 -209
-864 -725 -488
377 6 489
-878 640 -840
-536 593 775
277 642 736
721 86 738
779 -412 790
215 534 907
997 -342 -155
-51 -602 12
-907 611 332
641 -294 -288
897 157 -962
-442 -35 335
-417 815 -226
452 -53 761
7 541 -619
-330 -339 402
437 72 469
388 512 -425
679 -672 -240
179 904 -300
470 717 -869
-50 385 -18
403 -96 823
882 -209 -941
-29 -641 -399
918 -972 28
197 -702 -369
255 706 -58
-355 246 -19
356 -109 -656
-879 181 217
664 -433 -519
-445 -546 -947
-112 -411 292
-570 274 589
147 -173 680
570 407 864
111 -18 -980
249 109 761
382 718 257
-95 -695 924
-375 -725 -903
-228 73 348
-950 -640 -795
136 -390 -679
17 631 408
-852 413 -719
-301 -999 -481
215 615 899
-750 -832 -138
393 -555 -554
-822 162 -393
407 620 -394
-714 -180 -754
-421 -35 -877
38 -159 820
214 175 163
-604 939 -670
-731 -656 441
342 -745 706
720 -661 93
748 868 -169
-650 -467 -152
256 805 637
-943 93 -74
-974 516 -62
-768 -509 -362
-945 250 296
-100 730 -269
-713 -397 394
-33 -230 -244
62 -178 -10
112 719 18
599 803 -810
-50 799 -348
322 -821 -943
-941 414 195
-514 -42 528
948 -892 -113
162 408 -206
-162 612 53
640 -758 390
-595 642 26
786 400 601
-299 390 221
-793 -342 368
497 -648 418
337 331 -221
925 -770 330
258 -678 25
927 178 254
551 348 802
310 324 867
639 -472 -890
712 832 683
-40 79 602
17 239 294
318 -759 404
141 897 -803
365 510 -226
-722 495 438
-579 302 -283
-574 565 818
371 -39 -149
-586 -133 -737
927 108 -239
689 -670 213
-433 966 554
-529 -244 607
-804 -80 -866
-392 171 59
697 264 -499
-329 -666 -888
-671 -794 184
388 -924 952
-509 -808 222
-612 732 383
164 645 -164
386 -521 767
83 413 -842
76 797 -586
-903 -648 -607
912 -934 538
590 408 135
-991 -949 81
-222 -904 542
235 729 -43
782 -947 -409
38 516 -719
721 -265 -352
616 180 -88
891 620 893
423 -506 494
213 986 -216
739 -204 809
-908 -122 644
-535 -240 -651
-160 -17 411
641 -477 226
617 -637 454
-768 394 494
-553 -651 -302
-912 192 -944
679 -633 -591
-70 765 646
-619 867 343
107 -49 -376
-415 855 789
70 870 801
307 972 311
314 833 41
-270 981 -951
-304 -115 -690
677 583 -684
-944 -840 172
774 481 174
668 845 -732
286 -212 -594
363 332 -549
-799 -641 -740
-668 -251 821
-862 33 424
454 -773 33
869 -873 -539
-354 483 891
-552 147 -7
-556 62 -953
570 -163 452
-409 -411 41
262 -403 886
-648 -148 476
-171 701 993
-862 261 890
-812 -232 -798
-886 44 410
443 -704 -543
-243 -27 -864
-860 -960 -871
451 -684 -476
715 301 453
-925 -115 -487
268 426 -558
-914 882 -10
594 -127 267
-484 -509 814
984 508 620
692 -711 818
-841 -965 656
-669 754 517
-133 164 55
-729 152 -784
34 -91 -808
650 -820 -748
825 193 377
816 626 -12
-43 -175 215
721 130 722
117 -436 931
963 247 -548
-840 -202 615
-521 579 -817
377 319 33
997 785 -750
-250 -991 -829
528 -285 684
-36 -57 -623
-16 447 -911
-354 -36 -517
297 941 587
256 790 -783
-980 -958 349
-6 44 -683
-701 889 -119
-285 -563 256
987 419 -225
-877 356 276
650 -142 896
-331 595 214
-633 310 2
-667 -104 340
365 95 996
62 -825 14
200 -893 -3
764 995 927
-525 -865 -471
-536 320 -465
27 -670 -34
-817 -505 -741
0 -210 -714
-258 811 -382
40 -19 -428
-821 -888 -170
887 31 -113
357 -867 950
-976 -278 514
957 82 -796
-876 553 724
108 -77 323
876 -850 -286
875 -227 890
-90 708 -333
722 -523 264
-643 918 777
571 -276 -312
-17 636 -370
523 -476 204
-877 -989 460
-303 -807 804
-543 -847 671
-274 -81 726
-307 755 -22
645 806 818
-808 667 748
-844 -124 377
65 -883 602
-339 -165 -556
252 194 627
-68 -80 -875
742 44 -167
-155 -930 477
-144 867 499
297 565 134
-35 -682 516
-328 705 699
-676 -110 482
-631 908 333
-169 -720 791
29 -267 -441
171 339 -651
660 773 478
785 749 254
-102 542 -175
-844 340 -935
-366 -839 -611
977 -963 348
466 -217 213
641 -750 937
714 615 272
947 458 456
-675 -585 123
860 546 -795
-54 114 -745
-582 163 -702
-49 -489 655
-722 877 812
-851 -867 -286
-215 757 -190
561 -246 -800
755 -641 -158
-639 970 -285
-411 1000 -686
-114 925 932
-585 347 136
-758 717 -181
583 -226 -386
485 778 997
302 -463 886
325 -921 481
77 -73 487
322 576 -982
252 983 -821
588 -242 -948
861 266 -835
876 632 -402
-896 -517 24
237 -422 -565
768 832 -243
-408 -377 -733
-566 138 97
103 201 -10
951 722 866
567 772 -232
-506 70 -590
-900 65 167
-23 715 292
469 941 340
488 50 -931
190 410 -876
-366 944 173
-848 388 670
28 -158 -575
534 -38 -801
-624 766 698
-731 775 -790
-376 535 198
939 280 -872
358 359 782
-264 -135 -792
-238 -645 -360
-414 -832 -967
-145 -56 35
-251 -105 -322
-440 -459 -569
-7 -694 262
965 696 585
559 186 -570
52 306 396
792 666 105
-833 279 -529
575 -402 -900
566 -656 -246
327 8 141
-142 -548 299
678 92 620
886 914 -93
597 -572 -748
672 -156 201
-565 -565 -170
-182 -46 -432
-425 623 -428
-782 793 808
402 591 393
-516 418 -753
940 260 644
391 -173 190
283 409 341
460 -536 -81
97 749 -537
714 853 379
-245 88 87
-689 903 -985
-740 515 -812
-517 39 867
963 -566 985
-535 -454 276
295 815 889
-716 -103 73
-13 23 196
833 -924 -62
-2 -263 -467
-883 814 -42
-528 -143 362
794 -506 -134
443 -364 995
-321 -661 -187
748 -126 265
105 7 -397
-322 636 326
-367 778 -482
-575 222 -998
-605 716 393
115 764 502
-23 -973 206
-391 528 -523
624 -336 -395
169 -863 -594
892 -970 885
-991 916 800
-627 -102 -178
-756 -399 149
962 928 782
783 531 813
-673 -396 664
-776 -533 71
-711 -447 -664
448 534 355
-901 -472 -120
514 -924 234
-742 -254 405
271 342 -40
-361 -361 -247
-861 56 7
-907 73 -286
987 270 -275
964 825 130
894 -368 664
26 286 254
-95 -516 135
477 -564 750
-913 -576 -109
623 196 742
-692 122 -686
271 991 191
807 392 355
-196 484 733
908 -564 -133
351 -692 -392
931 549 -282
491 -303 98
13 886 288
122 609 -324
745 267 743
488 -543 -328
-354 -149 5
286 -253 -155
-933 112 813
315 -594 198
-98 130 596
30 -265 -938
-888 -483 988
-657 -559 667
490 -83 321
540 -247 631
183 -882 -550
451 -158 -659
112 -413 807
-947 761 -80
308 -613 337
-456 732 -860
-351 554 85
146 160 -539
910 199 903
-1000 914 424
-308 -456 -705
-43 -576 -338
182 328 -976
136 -136 -81
7 45 715
713 931 -46
-225 -278 786
127 -780 -461
614 -447 -257
-800 -706 -105
-606 273 -987
-351 269 -136
743 -463 -288
985 217 -847
969 -680 -77
755 -318 990
-39 428 -287
-295 794 354
818 -827 763
-859 -718 -431
923 -232 852
209 408 696
597 -121 268
-749 972 934
494 669 -120
348 706 288
802 762 745
-927 779 -51
551 -988 -38
-664 -907 -270
143 685 -464
-563 388 -107
-311 -681 -530
-631 -216 944
137 -455 -400
509 -610 562
-996 -890 -820
245 108 224
-266 517 -850
413 -592 -970
-620 -340 -974
-966 656 -4
-157 380 -60
742 -718 -519
342 592 339
879 557 569
488 247 554
442 -438 782
-916 787 -536
-330 614 -996
-842 -684 -850
157 747 958
-728 -573 47
978 224 -269
-508 -364 -432
-229 188 -581
-933 971 283
-660 732 258
378 -551 -535
-598 -972 130
382 378 446
235 -758 -100
-291 976 -565
610 901 104
-77 -96 794
-667 382 -498
992 -226 -850
-129 631 -684
-483 -748 392
-494 751 499
-611 -830 137
-935 -104 -413
905 -865 -773
657 204 634
-357 -954 471
680 629 249
-715 819 -888
-316 588 -471
-312 612 77
-269 -663 -239
-109 748 814
756 17 -473
-369 -666 -285
-516 -613 968
-645 370 -148
-687 -177 38
-219 997 -495
182 563 -938
728 -413 843
-135 188 829
860 485 -242
432 1 -884
-280 556 170
-148 770 933
-482 494 580
908 209 540
758 699 13
-692 -523 -920
386 -49 -730
-581 113 -353
396 -320 825
-529 658 276
-207 -493 366
929 -184 775
-485 408 -911
195 776 -734
-164 -214 639
-569 -511 626
188 7 998
238 -64 -460
-235 -626 959
923 -444 902
-848 638 254
434 429 -43
-366 498 46
973 827 249
-391 747 -897
831 767 -211
-199 -711 -415
384 -877 240
859 -221 -952
-676 783 982
-341 -582 250
973 -226 163
591 182 -794
-840 929 -406
619 590 527
120 953 -774
877 546 417
-194 857 -446
-99 800 -871
443 -996 -662
486 -870 145
-914 180 -897
-531 -74 -652
323 -254 -178
-39 124 222
583 526 -888
895 -405 820
125 -986 -686
-911 -909 310
107 442 -879
-72 -711 559
-855 644 455
-744 -528 347
159 -586 -955
-249 -859 -523
-890 -898 -454
-138 -577 -464
743 -890 -574
554 437 -725
-430 -821 -17
369 97 818
691 969 -676
950 516 35
-345 139 -746
931 -905 235
-583 -543 874
450 112 992
795 -79 785
-358 -640 41
-402 380 754
-794 863 384
-932 -644 626
-481 -388 -752
678 -45 998
-603 677 122
88 448 -447
-489 -161 12
-492 -114 -812
630 230 -960
-937 206 -330
-893 -518 154
-925 -825 -391
366 -875 -603
-897 -641 -236
966 181 -753
772 546 376
627 416 -751
977 824 -680
215 223 899
-170 582 -836
868 932 502
-42 635 -871
-370 -138 -227
470 326 -165
536 -68 -560
446 882 190
-381 -755 503
-549 -493 -648
-885 -633 -30
-13 -289 465
753 -603 -892
435 -939 828
649 708 -15
-121 -935 -320
-697 -304 -228
-72 573 500
-672 812 -683
-34 -237 -175
-303 -1 815
-284 -942 -482
-617 -544 38
228 860 485
-496 -199 -702
-312 -456 -375
-552 894 -601
-861 90 989
276 774 -653
-917 729 153
-341 -268 -900
563 330 534
-798 -155 -179
473 -842 317
-218 304 822
730 -392 -847
306 93 92
744 -116 637
608 -414 275
-677 -887 799
242 -859 -646
-403 993 -937
342 129 99
708 -525 -56
706 875 -340
240 -425 814
174 -172 -35
677 335 -447
680 789 -984
471 -201 -973
-41 -762 -41
-252 -668 -166
88 500 864
-28 -986 809
-818 -87 484
634 -189 804
179 -304 -980
-709 -764 528
-979 -274 214
30 -862 -287
530 -532 453
77 -57 180
363 664 850
-726 -367 -314
188 -899 -581
-953 839 10
936 -73 -649
-133 621 -930
-720 449 -818
689 28 -173
-292 173 632
153 284 -589
805 -705 -692
-238 368 -758
77 -225 -2
166 -423 -811
908 47 -129
-913 -910 450
151 646 -203
436 -633 -674
343 301 -653
577 690 -720
-925 -772 242
-553 -455 119
-119 216 209
-145 -913 221
-304 401 -237
-357 11 -225
282 868 -914
-215 -367 -934
281 571 314
-631 181 -681
529 23 761
477 994 495
688 -625 328
798 655 224
-809 -411 650
-185 -657 516
-305 554 -254
560 2 350
-722 -676 328
619 -150 -528
335 39 -842
-235 -431 -883
564 713 -705
-114 1 170
879 -289 835
434 198 1000
366 870 524
-62 411 -622
-111 -747 671
309 96 762
169 -703 -826
64 79 -108
143 517 -333
551 -655 583
981 878 -185
127 -515 21
256 -321 559
115 -313 1000
-785 -854 -130
457 -293 -930
-54 213 -104
-205 -245 158
-528 10 -650
541 -925 309
-180 -607 -76
-191 10 334
-957 -491 -727
-618 -730 -995
-605 103 -100
-353 -43 406
-870 -995 211
200 -591 -363
864 686 -759
96 311 601
-458 -938 -244
899 629 -830
-958 -766 -271
-39 539 83
354 81 111
-767 455 -764
408 574 499
790 -9 35
605 -299 323
-57 467 750
-36 -89 -5
-234 -768 -240
-868 265 642
-612 242 721
-968 66 173
-130 -383 917
118 -909 119
-200 -756 -746
-133 928 546
-40 -143 835
-359 -684 39
-707 -382 241
219 -561 868
190 -104 952
708 513 856
-105 497 399
958 -474 101
94 -237 178
-219 -182 -687
-157 -839 95
830 -217 335
-452 33 -935
-589 -201 81
298 338 -766
129 841 432
-851 860 835
912 467 315
678 51 89
392 -664 -557
-274 -747 237
-989 -794 -883
-690 -355 1
342 37 -400
-107 -479 -385
134 -298 866
768 -1 579
746 219 825
886 409 486
261 988 -381
-297 921 -744
-652 645 822
-351 -178 158
557 7 -645
579 160 81
-15 -284 -618
210 -855 452
-339 161 -642
-780 817 -953
-544 -39 -690
-633 -95 -727
250 -834 186
780 -847 418
-332 -739 194
850 -79 -643
136 887 -631
-958 569 -823
579 402 -804
-70 -326 -387
-725 -389 540
453 874 -166
-372 700 61
-697 -198 120
634 -189 -897
-113 769 -305
-944 475 -638
938 388 -799
-839 69 -637
-85 609 -149
-29 603 410
-489 284 -252
254 -800 -656
-53 -954 -167
-776 -531 676
759 930 -404
-548 712 -598
831 124 858
804 771 -944
566 849 -484
-383 -656 -751
134 -968 -322
640 710 942
-482 -335 607
799 606 615
400 103 823
-229 -427 591
-458 54 4
469 -606 61
142 -174 -861
760 -128 -278
387 -261 -464
-500 16 169
-182 -171 288
141 -592 909
252 -219 -493
-399 -791 -278
-552 -801 -192
-172 -334 -151
-301 -403 368
211 -797 -52
-615 220 -212
-878 -278 -946
537 768 -948
437 937 -819
628 679 994
-538 574 -671
122 516 766
177 981 -765
412 -105 -156
848 336 -57
905 -354 -482
649 556 575
968 648 244
646 399 -5
702 600 73
-523 -380 746
-137 935 705
830 926 211
539 -345 659
353 -343 -999
764 793 -755
-625 -77 479
-250 -193 379
-831 -386 898
-417 140 536
-338 343 -480
229 882 414
508 -894 -345
-50 -55 -720
678 -737 -186
-374 -53 979
225 182 31
181 -672 -158
-117 938 874
-552 -900 898
625 308 733
-119 688 -411
560 -459 -881
733 -54 -616
-992 811 -950
7 389 128
-934 -822 -380
-442 -52 348
-172 -309 220
30 293 -214
-277 886 -867
-571 752 -664
-704 -863 -771
166 377 455
-627 516 987
-115 467 -77
845 235 864
778 960 -354
-251 832 813
942 991 -639
-714 385 592
823 240 -40
-267 854 -753
-518 505 -286
704 -507 24
-285 5 789
-762 507 -739
-779 209 -530
-866 722 -985
-414 862 -930
-185 658 -172
316 -134 913
643 651 -537
-143 719 515
-77 409 967
485 631 -98
-952 -945 -152
-284 265 -398
-599 517 -744
-571 126 581
378 170 -299
-25 951 804
395 -844 95
973 486 487
-324 361 -561
123 -549 676
-294 197 -799
9 -228 -692
-344 713 -675
566 -532 -625
288 627 -894
375 -497 -324
83 408 761
-629 -143 -632
131 853 -460
-522 -115 -690
21 -770 761
321 -979 33
872 547 476
-199 187 791
508 441 -523
202 996 -856
960 513 366
-442 813 901
-721 -523 -658
-121 -608 -974
-993 -294 -471
-611 -358 931
981 -990 -338
-687 -887 28
678 447 725
504 271 -335
-24 -607 871
-587 -444 349
-26 -201 758
694 447 876
-750 541 928
265 -942 -29
264 -828 -539
714 -828 -163
-902 -484 -18
-854 486 650
496 183 -449
190 886 124
524 -472 350
821 -768 973
-152 -934 -622
-504 -167 360
-937 915 195
579 -836 -852
824 -439 -406
30 -217 -244
-326 -569 -66
-956 746 -825
-164 859 -12
-186 347 -590
37 -510 -955
828 414 207
-174 -96 -506
249 -275 -770
-161 289 884
508 590 981
-146 -975 -673
904 -667 398
-600 -204 -120
-158 -411 -293
520 254 0
414 22 -666
-327 -566 875
472 -656 -268
-970 -414 -62
-709 -687 804
-689 -239 -102
730 -687 257
-11 545 -538
656 769 330
-428 77 -507
856 50 -68
-370 -693 721
-176 -401 423
435 81 718
843 741 -269
837 81 510
108 319 -509
-645 532 736
-56 196 -660
864 -155 333
543 149 -704
149 -348 -948
-528 -488 195
861 -223 504
-950 -985 693
-569 -422 636
974 -654 -478
-814 -102 -275
-702 -530 555
242 115 -520
992 -769 721
-398 887 785
447 -262 -621
-747 -248 882
-780 -333 351
-612 718 429
483 277 551
-540 -612 459
599 -106 -722
870 -798 610
880 542 967
833 121 928
243 -34 -373
944 514 598
182 -446 -384
-325 763 -977
90 621 708
-631 545 772
284 -936 -37
-319 505 -724
670 -407 796
280 133 -806
782 -969 989
585 -786 590
-146 -634 -784
-407 -436 -204
-688 100 -616
199 791 -732
-778 998 -947
-146 531 898
627 325 956
245 -540 -587
-998 39 589
-937 303 -645
235 234 -79
-939 199 -282
-965 94 472
-202 -110 939
-405 -591 -77
892 60 536
-954 445 -522
639 -281 -743
745 -51 156
207 491 103
218 319 155
-860 71 -972
449 -865 -278
687 298 -66
584 909 964
830 -794 966
-131 978 879
321 -520 432
-305 -250 900
111 -164 706
-369 -972 830
639 120 -356
723 846 154
-329 -614 -474
-291 954 -676
5 -934 -766
-863 -303 80
780 648 947
106 40 561
989 -380 61
309 564 80
-86 89 -205
881 337 825
-911 -921 -565
649 -841 -939
832 704 260
-528 265 882
480 559 -518
-112 563 -798
-467 89 24
-594 829 970
-377 725 -639
-122 936 683
799 -314 -866
236 307 -255
-187 -459 27
-552 523 797
115 0 -306
391 -516 84
-804 -124 415
439 479 -663
-4 -579 -401
888 -107 -992
-59 601 148
364 -177 744
-132 7 984
825 526 -529
-797 -840 -57
-56 753 858
-528 -279 -891
-658 21 -592
726 193 -981
269 651 -265
-200 -886 222
605 478 613
-373 -395 611
112 509 -819
-224 292 -105
621 -675 597
-804 74 528
442 858 -537
671 550 418
675 255 318
258 -184 842
293 -612 970
-384 299 961
897 86 -825
-766 393 -85
37 -949 588
-159 -459 728
-219 -611 -177
-662 460 810
-471 244 736
415 525 158
-475 -557 863
83 -806 453
265 334 -996
604 -575 -267
427 387 448
-345 -494 -603
151 997 -884
438 -227 73
-51 340 -456
-285 -348 946
-404 233 -372
-458 456 -737
622 -642 467
637 -338 421
789 -802 186
452 853 -464
525 -756 749
-649 -306 831
-515 292 482
-79 307 462
903 273 95
-699 117 -997
-163 -847 -424
536 252 358
-215 -992 27
-880 213 755
-821 -20 480
-657 924 173
-515 -938 221
225 486 -108
-590 244 322
862 -605 116
-89 313 -324
324 -627 -513
306 -560 -711
619 -473 -889
-810 -210 683
728 455 -966
514 -217 22
65 639 -428
763 -45 930
308 -642 -661
184 -120 -185
84 -505 101
451 385 -764
920 41 110
-539 896 -459
-571 324 -522
74 215 -519
-167 -348 665
-906 506 712
711 430 166
155 758 49
-614 301 91
-469 215 -847
488 11 -422
937 -528 -346
961 717 986
-318 120 247
-784 -628 -310
-746 -62 -264
-924 -737 -348
-715 381 399
551 -1000 -418
-85 106 753
-744 -706 -940
-814 871 28
-806 431 -651
-494 192 -844
-41 -145 -788
-596 183 -1000
-701 22 -891
-702 326 52
785 -820 -594
-686 -415 894
88 -789 -160
762 -827 -919
252 -649 56
-584 -798 191
-691 -434 -980
-64 337 824
312 133 635
-245 878 -154
-218 724 355
-959 150 -435
441 102 -411
365 758 203
-651 484 -950
-784 160 171
-52 19 632
285 -941 -184
455 170 907
149 -251 -66
-973 555 -887
-946 856 463
-362 814 331
744 -265 955
339 -810 42
251 -729 -888
-601 34 -190
-894 895 825
380 -590 -771
904 -885 237
-721 187 -177
-728 115 474
-531 719 -459
480 928 -586
-189 -209 -716
-755 -287 -490
-795 949 727
-333 589 -328
552 -65 119
82 845 581
-972 -810 47
285 -277 -190
-772 -574 268
-58 -969 -2
174 654 -729
116 567 -906
-839 433 -402
-175 628 647
174 -853 956
747 198 808
-236 458 -846
-586 -340 435
-91 231 170
-426 -489 516
660 926 -792
-373 227 734
-804 -14 -777
596 -912 59
880 -725 -770
-206 -755 429
-979 708 532
961 535 277
166 -664 34
-974 -599 616
-721 145 -161
-446 -983 32
35 77 -59
498 535 -457
-277 927 924
498 -120 -248
-246 -174 841
225 244 718
-409 370 0
191 -601 455
-825 624 -96
326 345 -490
-378 249 -811
-202 981 981
-521 -779 428
650 -239 819
824 -203 -395
522 -803 -940
790 42 -521
-118 -261 -886
-445 154 -322
496 996 810
930 -563 84
372 104 290
-884 711 -72
60 729 552
-564 138 647
-483 526 251
736 -82 -555
-488 -851 -652
-207 65 -818
780 770 232
-599 -913 -487
-329 -776 -688
946 -586 -196
-415 -458 158
-216 -177 -892
-206 -135 2
-192 -182 624
-11 -811 -897
788 -249 120
-383 145 -78
-212 451 -77
519 511 -599
992 -591 -267
-71 -954 922
994 -833 -536
653 436 316
288 9 684
-950 7 993
608 -517 43
-91 963 -945
784 -74 950
-308 375 -772
-415 174 -863
-742 -430 902
528 910 -353
82 93 645
-275 884 841
198 450 -333
-651 353 -932
361 906 -24
-190 -559 -991
-357 393 -712
-840 -65 -759
-455 -190 -242
424 737 910
-896 -516 -820
-396 141 -112
449 321 923
983 786 595
144 360 -53
-903 257 -625
248 -530 561
94 -164 -963
-619 324 -85
55 -632 943
839 -126 160
887 143 -403
218 -476 -229
-154 871 123
-665 72 -695
130 -310 -961
-965 848 992
644 17 -253
-863 -293 602
-396 151 -710
555 866 -543
882 371 -543
814 742 -818
641 667 -73
778 -912 -995
-468 -877 -998
-898 -878 771
-958 -6 934
341 -221 466
132 -227 -668
592 434 956
65 -472 -162
697 -239 924
-845 -937 -435
-124 -851 653
-311 -586 241
-368 921 688
-808 901 -151
535 76 387
-62 476 892
-238 -274 -668
-71 86 532
-684 942 -716
262 65 417
-952 -97 189
-10 -660 899
741 546 -564
370 194 108
-446 -141 -760
-496 -600 -816
329 327 374
-69 705 -515
210 20 445
577 258 -464
-322 -595 434
-135 -370 -999
944 344 -15
-892 805 305
-668 113 801
752 -93 -727
-256 -670 -895
268 403 159
-345 607 97
899 483 -546
289 252 -78
-534 394 400
324 238 31
-933 78 533
306 902 352
-128 530 -870
-951 -175 -96
-485 448 363
53 717 -869
-206 883 381
-290 -151 -495
-195 858 -586
-864 772 -734
192 99 -295
779 -23 134
113 82 87
791 -414 470
-367 507 370
-960 -3 879
-540 -272 -468
-953 -218 402
-127 84 332
-276 513 -50
-184 -345 -855
-887 -451 854
-726 88 -712
389 103 136
-308 978 -838
479 604 -737
643 -32 -986
58 -376 457
335 -670 716
-580 -132 -932
9 953 296
162 -748 444
-636 167 403
865 468 14
161 -742 -288
-537 570 -114
628 -564 -678
-79 984 -32
-203 808 -115
786 -246 549
695 441 -253
-495 -948 -915
-329 -86 643
10 -478 623
-999 580 -66
-60 194 407
-132 -456 -331
0 146 31
32 14 419
94 -833 -225
508 852 -530
-327 390 -711
-291 -989 -772
702 679 52
-859 931 -490
291 672 -735
322 367 -954
-207 -679 -612
-236 421 69
204 674 710
720 444 634
936 -89 -22
-565 -814 -728
-906 -303 582
-730 169 -372
-952 405 -921
196 -840 -376
471 -161 449
593 913 -142
712 -904 -214
-983 743 850
-961 706 240
-996 920 441
547 482 16
55 111 -679
406 -800 -260
610 549 -847
-775 379 959
-851 426 777
789 744 951
56 746 757
854 394 617
338 -134 456
104 -793 -783
952 -803 -118
-709 505 -495
-75 754 249
711 -904 676
-370 611 970
894 -605 210
192 -303 346
-103 659 -486
66 -903 -899
458 -299 -174
87 -518 571
-182 929 -14
-991 408 445
-820 -509 -623
456 -762 -795
518 150 -71
592 -989 922
118 -283 796
137 222 987
-655 703 -506
-683 253 545
-628 -894 -600
736 -772 400
-393 -538 992
-422 -258 796
391 -391 -983
-281 671 -953
706 -902 -268
676 -441 -374
994 378 110
-225 785 83
-957 890 -526
-441 224 -597
126 964 751
-259 -57 266
-444 715 741
702 -176 -629
-570 -355 -432
-86 -895 -995
-820 -506 -190
195 196 613
988 -52 -533
900 209 544
127 -984 856
371 -887 10
501 -315 -515
-756 381 676
-336 -368 -99
-310 502 202
-541 -636 10
132 -391 349
765 -598 -267
836 -228 -815
796 414 455
137 767 -167
-284 945 -503
177 -133 -350
779 -173 -766
-912 295 -631
832 225 -441
420 -327 -777
-974 -479 -457
202 842 363
-78 22 958
-286 590 546
728 -683 -661
-153 -637 309
-196 -154 122
-368 -886 -926
977 514 874
103 563 238
-273 433 -957
-413 289 795
195 804 -811
205 507 -579
13 732 -137
20 -495 338
398 916 492
-532 934 -356
673 -838 -11
-599 433 -966
-284 -656 -755
-260 279 -896
-560 364 -240
-390 427 -578
-503 -797 -577
656 -551 -550
-667 -667 624
-50 486 -471
340 510 -621
-825 -402 800
198 -626 804
-236 314 -823
-873 132 -432
-303 -347 677
387 69 719
-803 892 -759
773 779 -370
-291 -359 -927
-43 670 -557
392 564 -978
627 -285 -782
800 -715 997
257 -345 -559
426 -934 -96
736 669 372
552 260 368
793 926 -388
971 -218 976
-876 469 -963
188 -372 -104
499 -161 -923
-724 329 -930
-217 -374 -439
-672 -215 486
874 -408 990
946 337 868
-341 654 266
-187 496 -192
-849 930 -859
-686 -827 -68
-599 -416 -739
224 478 -850
-932 988 -590
-28 728 -478
-332 869 272
-732 -913 -790
-782 230 -143
-539 -428 472
-528 522 -616
-144 347 576
207 -282 631
286 -529 -809
742 -613 248
305 828 948
556 301 274
594 -574 659
644 -874 694
-969 -991 235
259 -323 -266
-184 -600 -735
259 26 592
-410 -309 770
131 286 680
-169 -290 518
-845 -367 -875
-105 -918 618
613 152 35
-374 350 -841
415 352 -793
-949 266 -856
-889 582 649
223 70 757
-931 -179 -128
816 920 -695
-679 975 96
-333 600 541
101 144 -680
486 -867 -392
714 -265 -20
-890 627 -184
6 -704 -769
67 -203 -526
48 296 -428
-363 -539 300
-339 788 -234
-516 -66 890
-125 988 268
105 -580 -457
933 1 675
-274 430 -651
33 209 -107
-98 644 -867
496 783 -586
-162 46 -342
-159 -900 -194
-84 718 520
-761 -743 -165
-453 -474 -777
-474 -650 998
659 48 483
-219 257 -710
-14 574 520
931 70 797
-694 692 -258
-608 -314 194
-628 -329 462
-379 156 933
-530 807 232
-183 -153 -134
724 163 113
-555 -50 -536
571 206 -485
760 86 -227
688 -759 -453
-702 -534 -279
-296 -759 -330
-604 -751 -970
429 -525 -702
72 659 504
461 345 -171
-990 -634 380
-501 -456 -78
700 72 -797
-633 -300 438
165 -825 -357
-343 892 -402
453 80 -715
-372 640 83
-156 345 -263
525 -886 -993
655 -540 290
780 -511 -979
856 -489 292
680 -92 596
-298 445 -904
88 874 259
931 376 420
306 -510 385
747 650 352
-279 -333 -132
167 223 -547
274 630 810
-851 -728 -610
382 -688 877
-832 141 160
-780 167 490
632 -691 -532
944 -976 -132
770 -827 -637
-470 -73 867
236 -297 -78
525 137 -158
576 -386 20
299 -848 472
-427 64 -71
-20 896 -130
568 -326 757
-792 -136 783
217 319 739
-492 539 -140
-227 -700 230
921 421 -319
-913 152 865
438 -205 -659
-992 136 805
-996 681 810
-189 759 -666
422 346 -456
-134 -411 -966
716 -626 -453
-795 988 -3
-546 922 776
292 -792 159
170 439 -731
-950 -712 784
53 496 -689
96 -139 -942
-165 -484 936
144 -936 9
478 -390 -841
436 -850 -669
695 73 -944
-479 -837 -871
682 8 -525
-837 -164 -277
888 496 -442
833 252 -243
312 242 371
505 30 684
-93 -390 544
491 882 600
-921 583 -491
-877 -439 -527
-803 -168 684
-857 -85 678
706 -129 -800
643 -95 -818
-75 569 -573
-534 740 -55
523 429 -826
944 -957 411
-771 283 -339
-344 -996 24
-491 -875 -67
-459 -108 146
136 953 -38
21 -396 630
-388 -253 -273
84 -748 -145
-88 254 -351
-122 76 -718
34 -340 -193
-253 -370 -170
970 236 41
-809 -576 294
152 -62 561
304 114 986
-874 918 -912
-418 562 338
-654 -771 -969
-484 -225 794
872 -61 486
355 123 -834
733 -425 -432
467 -323 658
-627 159 852
-422 -187 175
626 -102 -962
247 387 -911
-335 730 648
-524 474 -448
-810 101 767
-711 565 -379
351 -924 96
-868 126 715
657 -782 766
-182 -935 123
196 -884 -347
276 -555 -13
452 116 -423
240 32 -581
959 585 -498
999 96 857
-439 -777 177
335 -869 -62
-364 -404 396
-935 -575 372
616 598 287
84 -308 -878
577 -695 312
764 -943 734
-297 -860 -514
628 -520 510
636 407 -63
846 -900 -171
146 764 957
707 650 -155
707 767 -765
-248 511 246
694 751 649
525 219 598
897 -559 942
129 -372 591
-867 758 -843
821 -634 -368
-332 -576 543
-439 186 -587
325 -627 -467
-521 149 -605
-428 942 58
-885 770 -706
576 -865 -128
845 -112 -228
304 -986 -986
519 34 588
-237 -978 391
-63 -741 -414
-596 -227 274
690 269 -773
-272 534 274
-939 -671 421
827 -424 854
959 -641 -395
-829 302 712
-136 -617 8
-586 -407 -219
126 282 40
636 186 -757
519 425 -696
425 -217 85
988 456 -744
704 257 -40
-207 -81 357
553 -824 -697
853 -200 -620
133 929 -161
382 -610 -773
922 807 -82
237 117 -123
374 197 921
-328 357 113
-888 -742 255
-248 73 469
-915 -930 -192
654 -304 550
765 -846 372
-356 -828 -521
439 428 -530
-716 958 -759
361 -98 248
52 -28 410
-693 670 615
-363 -806 678
-871 688 -790
690 -442 622
-659 -714 733
-616 360 225
249 17 710
45 686 -104
-615 983 916
-739 511 879
-73 35 653
-997 418 494
-885 746 419
614 668 89
-606 -546 -574
455 -819 99
954 -274 -113
-325 62 388
540 -430 356
204 227 -814
-347 -501 968
286 447 34
519 574 -518
96 438 -183
-770 971 228
75 901 -745
117 467 244
724 -783 -531
-739 642 -617
803 274 491
-501 -789 847
-580 376 -304
-932 521 787
-809 341 596
-467 -959 -694
-766 -647 -453
-105 -859 230
170 770 -65
-830 740 -699
-824 196 -363
-619 179 -730
299 -17 949
201 243 549
685 -440 -52
-401 -451 902
-490 -775 -607
-746 -585 -353
-503 -466 -981
-314 48 942
-571 65 -544
