10 51 303
-905502 823424
-963515 -160351
-583286 79257
647246 852434
-215701 522940
-680087 -441279
883770 -177490
411046 573210
648563 -163098
311178 512526
37168 339584
-215962 -72491
-875317 394607
844318 274833
493979 -252993
-998221 -51284
333904 194590
789233 -130983
-256725 363563
-358106 665495
482625 -857627
-541467 -686978
-881994 933491
-545298 450700
-430971 674662
363095 898342
821638 -836268
262379 316256
-987952 802938
-181503 816408
691312 747647
184986 -175469
-99261 814624
459267 440870
-389080 110729
81445 200344
70503 409540
-435544 -142435
-903593 683281
-282473 573267
969484 -197181
74897 -424083
-131063 -795622
-118750 931612
-198579 341834
363064 648211
139744 968527
-698897 148183
-849589 93610
431967 634085
-252340 262685
673215 -19908 673274 -19809
281559 -948663 281662 -948589
576815 563647 576847 563702
-106515 233601 -106460 233679
-368701 339489 -368664 339517
842704 823044 842763 823048
-371910 -44293 -371769 -44293
827127 -37531 827343 -37511
-626885 594753 -626642 594898
130298 527694 130427 527772
515885 -939098 515949 -939092
20057 103494 20272 103631
-548395 -824456 -548285 -824220
585115 901949 585226 902138
948182 -648377 948315 -648183
-279554 200967 -279466 201209
-510985 666570 -510953 666764
311311 911879 311549 912108
402777 -701376 402965 -701206
922856 292532 922932 292668
-602041 706355 -602035 706502
534321 -559632 534482 -559595
697372 -467346 697505 -467300
-148655 -690321 -148545 -690256
-302148 16394 -301927 16430
685191 769202 685365 769446
-982772 2951 -982544 3046
240999 -919070 241132 -919062
-320448 -314507 -320282 -314313
-644139 483126 -644136 483314
187434 -224616 187643 -224479
891285 368792 891465 368979
-296380 -860853 -296272 -860726
827924 47433 828092 47643
-92994 -636612 -92992 -636407
-852499 769100 -852481 769130
576994 -671336 577073 -671221
-309189 600509 -309176 600680
-444982 -160595 -444778 -160346
956481 -216231 956715 -216216
-777647 -453543 -777621 -453455
566657 359441 566908 359608
814941 874689 815045 874768
98319 55356 98442 55363
-115132 -358848 -114974 -358800
920227 -364680 920405 -364653
961757 -260068 961957 -260007
-784956 905267 -784909 905491
982957 -773774 983112 -773627
633704 186426 633869 186636
307557 599084 307800 599165
143805 167441 143833 167646
-36469 183832 -36465 184034
-370753 -174097 -370727 -174051
-333153 10127 -333085 10129
436317 285504 436502 285676
866958 569422 867038 569466
680911 232192 681127 232359
-598390 -553149 -598175 -553138
257998 -187733 258097 -187501
538465 392502 538514 392531
454048 563899 454093 563935
-678666 684750 -678531 684942
-630870 407885 -630858 408027
-551449 -178647 -551210 -178530
907370 -758085 907566 -758036
166724 -244687 166754 -244599
577411 858395 577625 858415
359050 491648 359101 491827
-242733 -147706 -242702 -147534
-571557 574902 -571418 574983
937644 701141 937890 701358
-150105 658620 -150079 658696
-668477 720828 -668280 720867
-165801 -985746 -165726 -985669
520254 -258116 520416 -257886
-797197 -197899 -797151 -197783
211456 431972 211586 432145
-590983 -400150 -590872 -399918
556420 832037 556529 832077
86987 443353 87146 443440
-882393 -960327 -882266 -960252
119277 965640 119469 965672
529461 171047 529688 171266
-615329 -297551 -615197 -297467
275307 638826 275316 639061
-333197 -737323 -333002 -737253
250314 238683 250361 238809
-598561 621793 -598450 621919
-806767 694554 -806589 694612
589340 279482 589522 279626
-537289 587959 -537173 588043
618420 -314651 618594 -314418
854230 -112922 854338 -112682
481599 -720970 481738 -720956
188710 -252079 188892 -251930
-928139 -271052 -928012 -270860
609505 509971 609561 510213
317488 -131397 317574 -131287
-709445 -537187 -709279 -537028
410296 575887 410434 575987
-287336 360928 -287101 361158
504692 634732 504927 634982
-304452 -57352 -304308 -57253
-160360 -796788 -160320 -796763
-223187 -983485 -223156 -983406
73322 -280926 73548 -280738
-861403 -853668 -861327 -853641
-452829 -372457 -452802 -372382
191400 893508 191642 893655
-533774 734050 -533620 734182
-105554 646251 -105532 646313
-830317 -561798 -830301 -561739
-884370 -905274 -884308 -905172
421865 -600797 421923 -600616
671839 779462 671918 779568
-491435 132464 -491412 132681
421261 621116 421415 621242
63578 -655126 63590 -654951
-803348 893927 -803257 894003
-60524 750018 -60388 750091
-640821 -18655 -640602 -18473
486072 514630 486267 514730
-244200 -637080 -243996 -636882
-220568 558242 -220412 558463
791395 165504 791605 165646
-568169 499799 -567987 499819
609419 218697 609628 218939
685521 634566 685663 634767
-425333 -196785 -425187 -196655
-387625 963370 -387576 963491
-996140 411840 -996097 411962
547834 -17953 547998 -17777
-297750 -598755 -297631 -598504
-850700 -324075 -850497 -323865
755328 953251 755376 953496
-121942 -327874 -121940 -327780
-673868 -688848 -673712 -688643
-537149 -535754 -537000 -535582
851693 348496 851703 348701
-544508 52481 -544469 52516
-35387 324614 -35355 324836
959767 -592730 960018 -592675
555607 999776 555655 999812
658792 536271 658855 536435
603900 -317141 603975 -316947
77484 -723494 77506 -723314
991880 681093 992092 681141
-840672 143274 -840602 143329
-905667 509124 -905581 509347
489438 -540608 489446 -540608
-927294 161794 -927253 161809
-480421 -310386 -480355 -310172
-633864 883641 -633628 883853
-885060 -426475 -884932 -426330
796578 -162015 796675 -161858
779156 -854830 779224 -854639
435680 -464933 435822 -464866
-812993 -923385 -812892 -923319
-118267 -775140 -118235 -774934
-360100 916215 -359922 916315
-638695 352170 -638667 352184
41903 -108091 42083 -107843
-280274 -806607 -280170 -806578
914009 -919491 914107 -919426
2300 -849069 2511 -848895
-891397 -521417 -891208 -521327
-871457 -795627 -871451 -795594
-3597 -499210 -3514 -499150
407320 861053 407347 861281
568646 691299 568781 691371
-812043 690220 -811801 690324
491839 334594 491955 334680
-618385 484515 -618155 484740
-898312 -934933 -898169 -934784
-544687 120840 -544443 121051
879403 718749 879573 718757
-878145 -564367 -877904 -564157
293568 197755 293769 197949
49735 -299214 49826 -299118
-974480 636505 -974434 636518
487065 970575 487283 970784
-487730 404462 -487654 404542
-266882 267424 -266767 267557
232074 -118286 232293 -118037
453024 -105455 453197 -105299
-728688 773801 -728449 773820
-661742 977490 -661740 977569
328611 797534 328611 797748
90512 204012 90722 204102
-98941 -21793 -98783 -21587
622358 -954800 622367 -954564
-40888 728369 -40823 728530
-418299 -93952 -418152 -93834
421284 -168702 421469 -168600
67180 422570 67404 422670
-789531 27870 -789375 27989
-159829 -210723 -159630 -210526
-356522 537311 -356339 537445
-57594 -889505 -57419 -889398
207770 -380756 207940 -380526
677450 719005 677490 719107
99228 -135072 99475 -134936
-948943 -683919 -948709 -683787
-269226 648840 -269080 649066
-779812 493474 -779756 493521
-964550 -584874 -964371 -584813
884987 870350 885142 870496
413632 90509 413691 90687
895257 -795474 895438 -795225
11121 -963637 11368 -963413
-6973 -803658 -6746 -803525
193668 -47715 193842 -47600
-654962 -229789 -654720 -229601
-77574 159571 -77529 159592
639389 756565 639545 756754
679370 -203187 679498 -203068
531704 -416994 531858 -416758
-503507 -512904 -503394 -512871
532786 -616754 533005 -616628
645601 -358065 645839 -358058
35082 831748 35313 831887
741112 -421300 741177 -421293
-421788 -926068 -421748 -925870
-980593 690207 -980456 690308
-308102 662350 -307986 662546
-52984 -477095 -52795 -476895
543737 -428146 543860 -428097
992344 -666649 992568 -666628
-81458 596140 -81346 596384
880013 805578 880146 805761
756892 760094 756964 760186
260024 -936164 260049 -936007
-619606 -792482 -619433 -792440
267414 320736 267467 320938
446704 -402959 446924 -402708
654324 -302485 654434 -302415
219062 942199 219128 942248
-636612 995600 -636468 995829
-94013 497148 -93860 497181
264222 493193 264445 493307
-138876 400472 -138669 400526
631971 -896355 632075 -896169
-284411 -774134 -284163 -773959
280185 -827322 280373 -827206
771072 -500601 771089 -500571
-764941 -226612 -764699 -226425
781131 670532 781311 670579
234866 25136 234983 25379
418331 -435402 418501 -435272
-43359 847349 -43123 847355
646027 -792924 646227 -792701
-725225 663604 -725124 663814
-354708 60728 -354490 60832
386928 -857225 387096 -857098
-576144 383217 -575913 383300
-64669 767028 -64650 767058
-692678 456210 -692654 456254
458414 -759711 458581 -759700
-644335 -726433 -644111 -726331
301231 435183 301317 435234
-431320 204889 -431141 205075
621212 -361938 621290 -361810
-177519 317515 -177435 317719
-52621 65000 -52427 65207
-127831 -258677 -127778 -258575
-981360 -579433 -981238 -579213
157780 670626 157847 670717
-952164 458036 -952013 458239
-466783 -889923 -466779 -889918
693955 -409062 694110 -408824
-490620 -151094 -490496 -150965
-218457 -33668 -218390 -33594
650392 -883152 650636 -882919
497568 301745 497637 301824
65926 -9036 66033 -8797
-619483 850272 -619414 850386
-345060 -748836 -344957 -748732
-974229 -668109 -974097 -668051
-858527 711944 -858340 712044
334483 -55418 334524 -55404
-445996 -231524 -445811 -231385
397138 -662416 397237 -662208
79051 4635 79063 4757
107835 -118916 107995 -118853
-654678 -280225 -654547 -280093
536375 118657 536523 118851
-795678 525231 -795633 525362
-694361 581007 -694262 581114
563928 342681 564092 342817
116998 -985504 117132 -985471
564470 -762584 564687 -762470
-329996 924521 -329812 924535
-923147 849846 -923128 850030
-616952 920278 -616867 920309
-727383 43819 -727146 43996
-462412 -625473 -462223 -625335
801616 87102 801621 87282
289424 -362159 289513 -362016
-981834 -60773 -981676 -60648
198794 -956650 199032 -956525
376840 -795635 377030 -795407
6096 901335 6200 901501
