10 100 301
969593 736584
-921201 286919
53126 882957
-144856 625730
-170276 -341665
-444041 90340
-341121 -978545
343260 933779
-424417 481942
-228567 875823
-62476 -518825
423625 -611622
-870499 -491971
-471489 55557
314332 18400
-84341 949321
747195 -773547
-610251 -749490
-409136 -596819
-940753 -146862
-117547 519604
220857 -610424
-29433 -398293
75124 720057
-526349 575040
-363030 239421
688341 303909
614472 491075
-431539 -649761
-995802 506027
680863 823784
-33770 810034
-184506 832646
681636 -53323
-781805 182507
-302314 657695
620015 889275
-207871 -609384
242637 -944273
199052 -514630
257702 -394447
785208 860037
-367846 -281685
306007 -663807
523960 -465934
-549944 -320221
612841 485141
-30241 368448
-840473 -480248
693288 -793244
849664 108726
543790 184844
-555506 -391298
565641 168592
386497 -25134
-108527 669029
-542437 -428963
-763217 630049
327380 -383661
204895 -688361
674018 -194435
-210155 -482233
-71624 244089
-665808 665901
96572 681046
-121260 -457002
781858 -833005
-583732 920093
494689 -371707
931173 108168
-235068 398010
566547 302266
80990 431063
-919750 -786825
-884338 -82374
-795364 812522
-653182 506490
-86233 765168
-837266 -672133
-121300 -987791
-427175 402933
-51986 692010
-372813 559139
914354 785321
344691 884735
-215387 -956772
170602 742765
-820938 -657491
944014 -217485
-415370 -786863
-38050 -852358
130085 63150
-262360 410131
689422 480609
-960377 -977808
-523881 347066
689294 477053
-774199 -694145
-714150 -540413
478069 594712
-270408 -871282 -268694 -871061
346551 981857 348142 985141
-609986 29668 -608128 31411
778707 53131 780559 55724
-513535 -942765 -513052 -942165
-285738 671247 -283226 673682
83520 287952 85260 288512
576746 431557 578247 435062
-921109 411656 -918903 413724
-712555 671455 -710739 675040
217113 -831419 219350 -828823
558091 -464758 559641 -463898
-626653 -6802 -623375 -3001
887368 -525768 889806 -523926
344552 -999598 347867 -995531
-522761 69094 -521349 72393
-148808 726761 -147345 727208
76178 -437933 79987 -434209
-466668 451245 -463973 454533
-35923 -208796 -35016 -208563
499296 -530933 499966 -529337
-36858 161279 -34215 165324
-899788 -326794 -899300 -324557
748048 763422 750121 766158
874557 -948835 878082 -945812
-32601 -44417 -31969 -42416
-497805 902704 -496052 903383
-42554 -362033 -38824 -360307
147821 -57900 151747 -57079
-904391 218717 -901832 219951
-490747 -353910 -488565 -353213
315491 935213 315944 935648
92953 923318 93798 923485
-329880 -290798 -326150 -289853
920076 682994 921562 683972
923604 203516 924241 206964
775864 721000 775888 723018
-240449 -603950 -239368 -602664
772941 -3862 776546 -2894
-617952 -259543 -616867 -258820
-237095 -167432 -234977 -164162
-854262 -797453 -854042 -795133
-957159 -377942 -956638 -377189
206680 688196 207091 690029
-284620 729349 -280866 731641
28715 -178368 29059 -177281
-342273 -829527 -341077 -829416
731259 -362177 734481 -361996
-838335 -838224 -834715 -835733
1047 419817 3831 421759
-506665 567745 -506021 571246
91307 862636 92754 863322
-897206 791444 -895237 793311
-238781 88664 -235461 90281
-80645 -332460 -78718 -328695
121003 557436 122107 558830
164237 694288 165494 697065
-954260 -848830 -953068 -845473
-268992 -785412 -268269 -785122
-814004 -457306 -811369 -454271
-566508 -932132 -564103 -931925
-803987 -197732 -803117 -196444
-127449 -347125 -125851 -343313
-160953 -391552 -159771 -389590
-960954 654158 -960474 655732
-85311 -819751 -81751 -818300
-14860 -732689 -11540 -728680
-752464 977600 -750884 980137
161876 378374 163743 378433
252100 -161889 253632 -159750
-184750 -887490 -181899 -883762
432049 -195101 432497 -194205
83521 -851463 86543 -851366
-532534 830509 -532354 833152
44807 49850 46797 53862
586551 -722519 587992 -721905
-468518 362605 -466576 365244
359078 249920 360115 253666
847932 383435 850227 384297
-895140 -71607 -894227 -68500
481949 -69320 485073 -67984
779283 951613 781593 954843
978014 -858535 981035 -854487
-856167 -848106 -854397 -846945
-330498 -100072 -326844 -96542
432732 -403117 433979 -401842
-117286 559439 -116987 563191
-526930 143284 -526616 146299
-810374 -963800 -807554 -960249
698426 304243 701909 306651
263538 -645598 267466 -642737
144508 -598479 144932 -598102
-807925 167743 -804926 168198
257323 -237481 257925 -237074
-155129 801529 -154938 805600
836333 739312 839274 741514
386364 -579521 389813 -576045
709618 -189792 712115 -188672
118009 -181603 118812 -180381
-494950 -50068 -490882 -49432
693299 173979 695987 177326
-403420 427422 -403218 428502
-989408 -759043 -987022 -755511
455103 900455 458551 904282
-604152 712476 -600117 715036
-621917 12476 -619506 15930
976092 368891 978357 370857
-563832 494571 -563175 496985
-242669 -131172 -240293 -130340
372260 800590 375893 802769
-408631 490691 -406328 492736
-855172 982902 -853836 985143
758355 -700496 758748 -697906
654199 853478 658106 854036
174252 -498152 174458 -495041
45198 -88199 48473 -87424
-394544 428854 -393695 432124
-567936 -600316 -564123 -598124
325952 171917 326958 172834
114278 168531 114805 172501
-508491 411889 -506403 415786
-794455 211130 -791596 214536
132087 799007 132759 801755
-947722 -682103 -943847 -678136
979878 -880740 983357 -877210
698797 -58248 700051 -56346
-942616 622537 -938992 624756
60333 -941672 62257 -937733
-401144 569484 -397241 571327
811883 -247465 813469 -243842
611573 838169 612612 840389
913890 582161 914249 585094
905508 496645 905772 496882
-379143 -166919 -376828 -166616
-365777 -703789 -363645 -702439
-304825 -737324 -302254 -736684
824071 -95737 824394 -92912
776528 764850 777324 767839
974789 -743073 975910 -739541
-763329 -431454 -761436 -428707
672786 515010 676852 517558
380767 -411348 382164 -409882
930169 20848 931267 20904
470744 514879 471523 515760
879248 258297 882396 259149
835708 770747 837488 773749
255864 -425635 257273 -423210
288071 947566 290664 950395
43635 228909 45504 232262
-536164 -913046 -534032 -910293
54534 -567745 54685 -564793
-54255 161219 -52894 164310
-85266 803922 -83267 807251
432128 -614560 433374 -613066
-117180 -63736 -113728 -62133
-725515 900368 -724695 901208
948834 28213 951530 28915
-583116 -244368 -580069 -241688
982692 -294001 986280 -291863
664594 421171 666069 424241
-143387 -978218 -142495 -976715
811773 -604306 815360 -602743
-426840 388007 -423414 388761
511904 74952 515868 75667
170332 -219230 172805 -216046
10333 559963 13091 562745
-661798 -948606 -658199 -947773
-125326 32899 -121429 34100
-830804 971229 -828638 975147
-247251 -311985 -244813 -309762
555381 718963 558397 719253
971150 36665 971540 40334
533150 -655090 535671 -651525
713090 605240 713633 608822
-569123 804777 -568348 805496
-216731 -177234 -214095 -175873
690820 -212232 692864 -208318
573605 214736 576999 218406
-418100 -368590 -415996 -367193
234976 -935527 235213 -935255
303995 -995488 306470 -992156
-508832 420621 -504864 424534
637831 84685 638831 87057
-716122 493766 -713841 495594
638519 621716 639278 625269
603905 -528218 604621 -525762
-597664 507096 -593653 507197
-80654 545964 -80196 549171
-936823 613151 -936421 615068
155905 254765 158079 256465
875286 666396 877057 666579
-944966 226862 -941481 228202
-940233 -452797 -936929 -450873
288267 -811496 289471 -810155
630047 -197472 633773 -196025
528630 -798164 531979 -795378
460093 918870 461122 919643
-293885 -151311 -291161 -149970
185993 -821521 189481 -818399
-507086 -604060 -505110 -602310
-541672 435681 -539273 438541
974491 964275 974656 966957
-545171 473490 -543058 474915
463785 782315 463968 786259
-223815 743694 -221340 746274
-188677 173028 -188467 174293
747826 781541 750564 782485
147337 200783 151073 202295
-442069 405552 -440491 409339
331283 -378797 332282 -377111
64795 -812445 64827 -810937
218373 -8694 219312 -5653
804811 -958771 807686 -955516
133456 -713837 136134 -712327
981653 -90112 982962 -86915
176062 -443031 177198 -439603
-217612 -163313 -215867 -163181
258231 -497807 259091 -496212
199801 696965 200148 699070
761899 -335428 764417 -333954
-605034 71476 -604402 72842
761278 -927604 762655 -925278
-745369 -128786 -741479 -127204
580896 -699282 582053 -699271
934685 643948 936747 644724
-964895 -195318 -963924 -193550
151148 523114 153423 525977
437453 63884 437876 67205
806047 370914 807040 373026
-703534 -389970 -701252 -385896
-888299 597415 -884705 598146
149906 535579 152281 536982
916702 -944526 919506 -941274
428067 645014 430085 646673
568225 -943148 570659 -941274
-325655 580358 -324909 583672
667385 898083 668214 900480
985142 772478 986731 773435
-262897 -544155 -259912 -544075
476276 -228969 479435 -228623
-325501 831234 -322121 834628
174942 -104392 176592 -104280
-828644 770813 -827437 773858
-795974 247448 -794589 248477
568561 -480319 570321 -478412
-425339 836063 -423465 836079
370207 -937422 372959 -936145
52651 455738 56402 458978
-347618 -7452 -347393 -7428
191326 169311 193229 170980
-50474 633738 -46692 636260
580061 -495934 583443 -492571
840365 102480 842753 104263
-706383 376474 -703127 377072
-876160 -985741 -873591 -984048
122185 931372 125483 932446
-272294 -62243 -271377 -61111
-34591 308159 -34395 309786
-71049 -83949 -70393 -82356
-926835 -725470 -922982 -725060
-775058 288462 -773168 290898
-572804 -682036 -570131 -678465
861919 -143541 864209 -139822
-953763 -292550 -949763 -288851
972705 734028 975434 737205
349637 -683925 349945 -679958
-391891 -209488 -390717 -208836
-123838 -881628 -120071 -878413
966149 163513 969859 164494
466263 480671 467667 482693
-199353 -918920 -198592 -916040
-317810 -837726 -317684 -836946
825291 -620494 827995 -616543
206038 671864 208469 675042
508254 691945 511218 695080
-137113 -638803 -135369 -638326
-813897 268020 -813422 270376
-931525 334935 -931080 335906
750068 472852 751451 476590
459152 970708 462031 972693
705714 -834621 708473 -831535
-425702 149736 -421746 151854
687711 441371 690295 444345
707673 -602257 710859 -599197
689593 -841706 692942 -838178
430279 -476540 433041 -473300
115548 -747721 118031 -744784
-478738 -228471 -475488 -226349
605895 -546500 607553 -546310
-854470 -742806 -850735 -740223
-244732 -441969 -243635 -440989
827428 -938398 828730 -934425
-997264 31313 -996638 34483
726729 -378209 729195 -377065
-804554 -478802 -803166 -476800
-981017 582280 -977676 583737
132037 -551509 135663 -549078
449538 120005 453453 124088
465084 -978228 465992 -975562
-944551 746417 -941898 748415
355666 -1028 355987 913
