10 103 151
624964 -479531
-90668 -950866
920912 -213777
-663566 275060
-440670 -379686
466330 -784434
-408328 181094
-228725 -2678
-776095 -721083
-191730 -482260
-701266 -350077
-596029 -873536
-84168 500245
814161 -724093
-927667 -493186
-311033 142527
999021 -883369
619417 239762
453658 -692069
-485284 94551
693305 -589396
-140235 583856
-26510 371352
-420575 658677
308157 18479
809743 997627
432759 468531
735558 -217477
-859071 644057
355232 -754257
-919178 840965
773273 28946
-511531 348968
-291002 20630
-943314 776452
-234562 229206
668869 292545
-530515 -237729
653471 10714
-416541 315543
-430160 448717
-2206 -539450
151792 897718
-227215 -674752
-431389 -715148
-707392 -581781
19676 579884
83874 -942540
-310882 -354505
-491014 -503576
-447480 10174
-463806 -20438
-993621 -874366
47858 -189986
-355490 260156
-748839 409969
-550735 749936
762768 -372420
157124 331524
-644691 -593870
348069 627372
-274476 954187
138331 394166
319080 -521499
642200 885026
-419080 820664
537948 -1601
390446 -300380
337859 -403274
148103 198592
834308 -5076
859597 708525
160169 472232
-648967 586052
-232642 -649250
253775 -731210
938544 -517263
938423 -564452
391245 -449181
502379 -434056
305910 43716
431327 699538
-840629 711
-779412 -729311
-874160 -565467
-328689 -34025
827643 -440887
-781852 -177067
-511811 176074
-794282 -616342
-410827 204367
-114058 -752037
-427581 -385031
-915350 -439688
330238 156052
890232 450128
566008 -166113
-818511 793724
-218558 793182
-67580 994956
706770 -859288
-267537 300627
-28053 -309554
976224 -707558 976331 -707540
-457144 332018 -457000 332072
-582507 729053 -582407 729097
157913 299729 158052 299775
532320 -881261 532539 -881240
-738306 735724 -738075 735875
627511 -193338 627545 -193272
958372 -689093 958509 -689027
-984956 -563441 -984906 -563360
438286 -231004 438295 -230852
716516 530689 716519 530922
724073 -981138 724207 -981088
280634 -580789 280644 -580731
592846 -805608 593085 -805502
77237 621662 77447 621787
-549843 -471188 -549798 -471068
303519 570523 303718 570614
-819981 522355 -819803 522466
-874932 30875 -874823 31113
-840245 779901 -840135 780036
679596 760123 679742 760164
-586337 -776462 -586140 -776258
404553 -958256 404690 -958242
350157 -76425 350377 -76312
11048 -821366 11095 -821361
42199 -274206 42420 -274002
914755 984566 914967 984615
982165 879555 982189 879598
421151 855912 421159 855989
801834 -234384 801988 -234164
79770 321213 79884 321400
277149 -831357 277179 -831345
245277 -894966 245427 -894792
-302272 52333 -302024 52516
495987 -835060 496045 -835032
-248472 -878752 -248358 -878597
39605 -593221 39681 -593211
455999 -229496 456015 -229495
-627463 261989 -627420 262237
-63242 582028 -63008 582270
-987194 732159 -987078 732195
448822 690332 448935 690332
-524630 -947447 -524453 -947231
-92786 -255056 -92622 -254843
-154181 570534 -153981 570676
208555 898392 208754 898603
950443 509866 950458 509988
-762712 174599 -762504 174697
-292763 201569 -292672 201778
-633186 -855956 -633035 -855925
-681238 970581 -681041 970719
-242707 750871 -242471 751008
362514 -749622 362644 -749396
783719 -471088 783782 -471052
-943843 606585 -943834 606592
101127 -489481 101328 -489402
288631 47719 288757 47781
862879 -59460 863063 -59269
-579948 -47202 -579804 -47095
534327 -168879 534444 -168735
443318 -269650 443452 -269607
-945520 -362899 -945401 -362675
386279 -500184 386358 -500021
57748 668228 57925 668282
-221844 -923921 -221705 -923753
-956739 -139886 -956665 -139696
656590 -636748 656598 -636628
-334874 39724 -334673 39900
-954789 410105 -954663 410309
470378 -849581 470557 -849424
-702348 773920 -702169 774001
689860 804443 690049 804460
-794146 -416250 -794143 -416204
-852881 -982218 -852780 -981983
-786838 976290 -786673 976300
-780654 108589 -780639 108704
-2772 -747200 -2556 -747060
-650688 -300646 -650556 -300547
965008 -139012 965113 -138929
397669 150799 397814 150813
670010 -727635 670123 -727552
-838972 643691 -838761 643838
-503298 -261880 -503202 -261675
803332 -232476 803444 -232230
295254 -677064 295345 -677000
90929 315377 91001 315424
-456598 -635997 -456433 -635943
266378 245987 266524 246143
968651 376535 968850 376729
953980 -185296 954004 -185189
-165367 -246060 -165313 -246060
674207 58897 674385 59007
955190 934557 955268 934783
97057 775558 97276 775732
-863605 176519 -863512 176589
-116194 -76784 -116083 -76777
-637929 -539230 -637763 -539053
535833 -289858 536077 -289713
124124 -424040 124240 -423916
-776513 259443 -776390 259613
249255 766431 249288 766489
-117414 -219568 -117409 -219366
-444479 668211 -444296 668414
-423696 680241 -423475 680396
999781 258986 999943 259032
812605 780180 812710 780354
-195509 -814668 -195467 -814488
123496 -143360 123636 -143219
-588942 -153959 -588899 -153724
937005 204260 937051 204435
-41258 -81855 -41098 -81728
597966 119395 597996 119613
445219 -307063 445453 -306993
-487027 742039 -486936 742126
682031 168227 682225 168267
118972 406152 119046 406214
302805 673687 302852 673835
354387 387378 354533 387418
-957506 -584491 -957341 -584393
-337745 747810 -337633 748000
-696739 645868 -696660 646001
328097 -368076 328271 -368012
-219153 602313 -219152 602328
552720 -634214 552723 -634010
-460783 -660448 -460610 -660370
-850519 -366115 -850498 -365907
845482 852221 845559 852333
-316142 467363 -316125 467518
-902515 -272 -902287 -170
-250458 810385 -250238 810385
697675 489930 697855 490153
-734258 -390997 -734051 -390871
452 -308270 503 -308177
647845 -555823 648054 -555766
230438 -434358 230613 -434264
-991011 709267 -990987 709455
753666 -470851 753682 -470788
200767 -923897 200899 -923797
982129 661522 982305 661764
-118887 -675954 -118713 -675809
-238226 -535932 -238151 -535855
-795054 -679599 -794856 -679382
515224 186973 515393 187131
-292387 -955694 -292173 -955452
246548 -503993 246555 -503964
-850832 -353583 -850789 -353489
-339755 816971 -339630 817187
-482423 -858275 -482416 -858043
751711 -833991 751837 -833931
-426952 -851062 -426748 -850890
-363675 616166 -363543 616196
