10 102 151
-502812 -139112
-268661 -980958
734580 -702886
100478 211609
-846603 894869
-553659 846079
-631362 55927
278250 -861617
841612 141763
-211353 303721
867893 191005
-46944 -390620
-398674 -144397
477017 135846
-526689 91460
-162930 404971
934307 -86725
-826691 -866728
-808992 243672
-307348 -829202
-188068 507288
23461 192253
-540532 888529
-481354 691188
321751 -504677
-127514 116523
-605998 -761283
-824723 289890
-192472 415087
-429838 -926332
-660439 -414465
-644178 474109
-254147 -54824
299894 -49308
-100391 324547
-230322 -581266
-252033 -636542
-180624 -945005
-814851 636125
387398 607153
-308537 -517603
-505973 -557477
574809 15445
-108876 583534
-36984 -152712
499238 -196577
-787129 -35232
326904 -490933
479555 -57670
-334037 375602
-383845 -743248
542485 134174
-911970 -194547
-871760 -161772
-6645 -379224
-412260 538854
92306 771920
-277822 -467375
-824343 909945
102791 -113777
-291370 -112665
-835357 473988
412112 -948047
778886 -487225
-331857 -288470
318169 -217993
774820 -786318
-611831 805068
402743 685911
-789644 190760
-811789 965444
-446495 44893
-744687 -752077
85561 200496
-745691 954939
-327356 997407
-377094 776585
-962566 -785503
-272286 726611
-402938 444427
619333 797782
503873 929426
204047 989936
832116 46995
989721 490859
-229344 -513716
846788 306576
41458 -238859
-138875 886169
-397476 -238865
-275161 -951870
785946 -123929
128788 590434
751911 -443306
-43558 284456
923553 422123
587064 -259354
906967 46285
-999286 929124
-557676 -61380
-251670 -921576
244314 -773538
-294680 -93057 -290921 -92545
-943266 838977 -942756 840691
-557652 199450 -553645 202331
527250 -148540 528342 -148085
558095 -827238 560186 -826722
672990 471099 674267 472867
154853 602956 158301 606323
262183 76364 265383 78807
-95597 -882881 -92650 -879172
-530583 207385 -528251 210393
75742 182541 78904 185257
734477 897688 734503 900771
-625075 971025 -621896 973694
-107250 753021 -105208 755075
90755 -500483 93652 -499693
-950568 -325786 -949637 -323376
879726 541721 880244 543729
106123 265149 106765 265607
150101 67178 154119 70169
-341180 213657 -338692 217127
-961239 783201 -959502 786994
790040 448403 791621 451369
-827141 -311281 -823710 -309547
710822 463038 712882 463578
175861 77502 177691 77659
877402 -634627 881212 -630817
268584 -521062 270001 -519558
937479 -116396 938096 -113308
-21176 673196 -20225 677275
-680064 -472977 -676049 -471797
601188 -909292 601213 -906542
-144579 398672 -143072 402542
-536464 167604 -535942 169784
426698 517790 426900 519553
436743 187799 440520 188269
603437 -979279 607292 -976220
263878 -835160 265061 -831257
330568 98733 332668 102344
-500186 -251940 -498307 -251546
649721 953656 652365 957498
-79183 -300597 -75795 -299464
485070 -845497 488977 -844851
93043 -359942 96081 -356827
685248 449279 686940 452645
-514131 -372249 -512852 -368466
705020 965523 708297 967360
796347 -482080 797817 -479393
677509 -791207 678431 -788498
-350477 -907255 -347954 -903380
15954 -472362 17556 -470551
990055 -382193 991188 -378607
301278 -318495 302616 -314977
-946179 837381 -945204 840886
-49987 -505009 -49105 -503147
-713695 969432 -710099 972830
9120 -191405 13170 -190665
60314 -243167 60381 -239490
262552 859379 263094 860293
136820 -369333 140624 -366281
-135222 -564811 -134605 -562935
788279 502041 789191 506035
795394 816267 798833 818115
-269031 330919 -267911 331224
280916 787142 281000 790376
-992262 -867041 -989916 -865971
700665 -216430 703871 -213928
12165 198985 13203 202737
114658 592676 115412 593987
-389627 -477516 -385859 -473598
621885 703274 624241 704491
-558604 -878664 -555135 -874691
714136 145124 715614 147900
-681268 -244906 -678517 -241346
208329 -833074 209409 -832426
-197629 -457986 -196933 -454043
-63848 -566428 -60829 -563204
-962925 518729 -959365 519768
-843634 -649978 -842288 -647886
642213 382485 645815 383060
-308069 -417486 -304993 -416142
-985096 -916420 -983199 -916102
1539 -210388 1743 -207019
-912821 429681 -909378 430108
479864 600933 482006 603599
-452167 -13337 -451410 -13201
-265424 770971 -262963 774795
842121 547736 843820 550692
-815054 -417456 -812264 -415211
337749 -973722 339957 -969710
-260826 -744677 -257232 -744560
931793 -905500 934403 -901662
-544713 -318236 -541253 -316453
-441632 -280633 -441541 -280186
553728 297198 556089 300529
-157151 -158770 -156674 -156902
851091 -887766 854071 -886653
-229489 -308462 -228258 -306865
-802135 28525 -798484 28913
-624909 686269 -623775 687257
-520608 -150169 -517575 -148890
139029 -86101 141940 -82876
-843560 511222 -841984 511617
-16491 550101 -16344 551759
810382 -217276 814387 -216652
-531413 -760256 -529517 -759749
-873470 -870488 -871769 -867013
617977 -724614 620709 -721361
-212945 -961082 -211714 -957231
-122420 976326 -118347 977742
-3255 616916 -1597 617879
-4501 -140782 -3033 -138802
681965 889742 683860 891975
-266143 211606 -266127 212798
495152 10956 498114 13819
103097 -306685 104622 -303450
-607766 370476 -605369 372882
761270 -314342 764107 -312744
652428 580224 654631 582072
430022 747670 430060 751312
734003 948871 737410 949578
978678 416113 982377 418669
-646924 627624 -644028 628065
715638 340148 718274 342872
669493 -128126 671468 -127134
-218867 808087 -217521 809191
-241171 967338 -239790 970265
901494 536758 902086 538930
-912244 335074 -909176 335127
-96745 -384666 -95472 -383980
159998 -82707 160343 -81236
744677 -899336 745929 -895801
-420197 -727150 -418437 -724471
-604190 707770 -602737 711665
636380 275187 639423 275849
285568 -211054 285855 -210070
11980 -155696 14362 -151987
-182390 253702 -179757 256203
421851 -556220 422433 -555920
163651 -157210 164356 -154322
722229 -819103 723504 -818938
-420498 950215 -418444 953989
-96591 -142532 -93023 -142447
-862808 -917637 -859185 -914311
-757957 3444 -757364 5965
198827 -755057 200122 -751476
167526 -231769 168405 -229079
281679 -833022 282757 -829594
24356 -886543 26180 -885462
703145 410631 705354 411185
-770922 -312626 -766855 -308779
-881636 -858898 -881000 -857775
