10 104 301
-24340 -486429
-424691 -491168
774808 -863808
173556 -800998
-600702 58483
-213550 -290734
-253193 -471100
-149451 -223720
222460 415796
-539189 -100985
202019 -836254
-122522 624946
-208430 -753257
790160 -278969
267306 -535155
48642 -501079
622589 210091
-135353 721248
604855 103224
-698647 -263191
-842344 -120345
-964447 820942
693040 81452
-567299 -903758
751078 -642947
50410 -243218
-782578 955211
53948 637637
-921873 -794420
269858 -743421
-806603 584590
-539786 -807901
-840848 -97232
457761 -777506
641085 590175
708730 472942
-889746 160152
-528721 -868732
-349565 -458085
804189 888641
532174 -374123
-690270 -781231
860624 66413
803377 -269309
420193 -818986
-444718 725550
516671 782011
-605268 841975
-688975 789608
-451207 -133908
110242 -882789
-60037 642652
195862 -490679
295027 -891766
162893 414712
245562 -286693
373996 105109
830858 57927
475962 94121
-592778 -983818
990156 5105
628333 736955
680351 -333851
-730402 990703
719137 913367
-481615 260180
-72285 -557725
-710448 88987
853056 642904
702477 506265
-640900 -427372
538954 -639468
953723 947007
399464 -619478
-202405 -675453
158256 -312456
-33464 428758
-288011 -518043
126681 999890
285055 203541
-651236 754808
-403003 653192
797982 523261
-890479 -842917
-121968 -770057
93568 -806251
-930713 117455
793120 -357262
620842 -214991
-146412 -326392
722426 -28293
-252782 621035
-119476 531732
136690 532971
-551405 -125824
-488473 47956
-598047 498279
-524782 753821
-7506 950540
-542801 390672
744692 682369
6430 329362
-708039 -947833
327669 14425
-113650 86472 -113432 86607
904280 912985 904349 912987
429290 868412 429324 868552
-116301 481413 -116219 481584
-336823 893419 -336771 893469
110085 -90225 110123 -90104
778330 -712413 778360 -712310
275088 163900 275294 164100
-979565 921858 -979398 921905
318864 414836 319102 415062
-4909 -719207 -4862 -718961
334366 95710 334565 95911
-461057 -13281 -460845 -13042
-519885 198643 -519862 198848
-576715 -479401 -576516 -479343
12321 196952 12361 196976
781442 683359 781670 683496
179234 203947 179477 203959
111874 -959250 112027 -959222
-291319 -313941 -291169 -313801
-344484 -684778 -344310 -684764
-411797 709970 -411637 710162
-957578 852509 -957532 852578
-1756 337412 -1609 337492
-282337 -741468 -282097 -741401
-93540 306777 -93298 306923
-307853 -586065 -307803 -585887
770991 -735573 771105 -735505
-952184 341751 -952013 341969
-318502 195989 -318329 196151
338850 -106831 339011 -106615
-393932 551757 -393795 551914
665857 665592 666050 665620
933139 -629032 933257 -628907
251662 -142074 251817 -142062
435154 165033 435388 165206
-731965 -64478 -731755 -64314
308448 434176 308539 434215
505051 -190974 505246 -190833
424670 -213892 424686 -213789
-921235 -220345 -921215 -220147
995465 -480454 995537 -480418
891972 -70615 892147 -70544
-367443 499875 -367248 500044
-95811 -764653 -95704 -764489
-19879 -187735 -19777 -187729
371946 99228 372042 99319
393166 253215 393276 253305
-584880 -262636 -584815 -262611
883521 -972812 883633 -972623
-920766 77252 -920621 77476
-162174 -13644 -161932 -13618
-788279 -775790 -788225 -775563
-311476 -416222 -311285 -416087
-130339 -677991 -130132 -677819
760229 -350379 760398 -350346
996380 268819 996588 268940
-415071 -340066 -414987 -340052
709043 307470 709223 307708
681786 824918 681903 825109
888952 193615 889001 193665
-708532 -966301 -708391 -966234
878953 -868343 879132 -868180
-241677 -364129 -241499 -364039
-482432 581593 -482260 581645
-185123 -214564 -185102 -214549
-829602 156442 -829407 156497
-540879 751636 -540858 751720
395614 -113942 395746 -113914
747244 974880 747363 975127
289537 455667 289617 455824
-756937 -785463 -756796 -785234
938706 -355327 938847 -355081
-488032 -143787 -487958 -143589
985878 348229 986061 348415
642583 -769804 642603 -769639
854367 -858395 854578 -858272
819026 280661 819117 280812
-489467 -561086 -489232 -560924
609734 -983724 609818 -983638
-718385 -504922 -718142 -504774
-366489 -416531 -366430 -416472
-316342 -258016 -316289 -257955
-12424 -356855 -12205 -356695
-943299 749729 -943216 749802
-372468 -217436 -372245 -217234
752297 441614 752496 441694
276659 713363 276763 713385
-288393 -59507 -288240 -59460
440111 -958666 440330 -958642
988532 874574 988591 874819
-618946 320571 -618813 320620
-332547 884956 -332537 885201
-734180 -304601 -734175 -304564
905944 892962 905945 893028
829291 -839026 829361 -839012
424651 105536 424851 105680
963612 -194256 963784 -194252
334095 218311 334332 218492
385012 460241 385230 460357
-241842 755208 -241731 755364
-865000 726978 -864991 727134
54621 -582228 54639 -582089
677011 36775 677087 36777
955123 997363 955188 997512
161937 -752481 161979 -752403
67383 -888337 67383 -888237
403262 -122371 403476 -122214
982769 365131 982814 365310
-104962 -962854 -104929 -962798
-553093 -736319 -552948 -736229
953603 817823 953609 817964
-563857 -417026 -563694 -417008
468833 -649619 469044 -649380
293986 622052 294035 622054
441965 958604 442174 958650
-255037 248591 -254968 248635
537197 -651385 537224 -651279
-220539 -855554 -220463 -855365
15962 852663 16146 852878
-666288 342615 -666224 342795
-894503 -85819 -894330 -85745
107159 891340 107405 891379
577012 178444 577136 178577
-32657 -126593 -32417 -126348
930392 -504820 930522 -504748
-924571 -459787 -924543 -459572
337134 123981 337264 124076
-262335 758837 -262237 759023
-458679 -579966 -458450 -579800
-335457 556798 -335379 556912
223666 -64384 223755 -64181
-8896 781484 -8730 781545
202214 -809479 202412 -809268
-987614 801711 -987446 801845
-586488 -382786 -586454 -382753
476194 707361 476319 707603
-270776 553620 -270658 553696
-18041 357773 -18024 357956
817807 177216 817811 177339
-624307 -983363 -624231 -983253
607115 914154 607339 914324
414587 -11388 414621 -11294
-32411 692518 -32249 692606
252956 843219 252973 843278
-255238 987285 -255163 987327
-520992 -571120 -520831 -571078
-151515 -693096 -151291 -693078
-879848 611816 -879848 611844
-523978 -201201 -523878 -200994
-920026 -822469 -919879 -822270
646821 -700455 646913 -700392
711537 -536107 711741 -535965
-410583 958624 -410424 958708
-656752 -557738 -656662 -557615
242240 -98034 242430 -97884
770919 283568 771085 283606
-91344 878177 -91257 878353
592206 -117678 592309 -117478
542850 103656 542986 103892
-472575 930606 -472373 930832
-347172 919728 -347135 919737
666745 -507955 666798 -507804
323314 -877617 323451 -877415
675749 -442581 675874 -442452
-556524 590045 -556325 590151
-99917 969404 -99721 969529
-937641 239414 -937524 239479
924757 -248799 924795 -248667
447895 -404576 448122 -404534
310827 -58823 311045 -58667
22281 173082 22348 173100
-795224 662630 -795088 662789
-12172 -161722 -12107 -161708
-242927 832431 -242691 832473
628191 -444480 628286 -444402
387291 -240273 387380 -240172
767197 -893519 767272 -893463
-815511 -234541 -815411 -234540
-452991 684956 -452758 685166
-207222 -892215 -207044 -892147
144626 334622 144705 334770
-723393 542272 -723206 542465
670612 -995151 670710 -994907
953075 -985707 953245 -985598
-606280 -544731 -606156 -544647
-302810 -3878 -302761 -3782
-124733 -758309 -124566 -758099
-793656 -820632 -793521 -820442
69828 -283523 69930 -283399
190960 151782 191119 152012
295890 -359599 296009 -359537
-610645 -246744 -610592 -246740
-47492 733443 -47279 733615
-647339 -29268 -647096 -29245
-56204 310932 -56067 310932
588861 42012 588989 42124
73709 -385588 73788 -385376
-953722 -14427 -953721 -14384
-48022 326514 -47799 326541
337645 -245864 337846 -245753
-131846 306682 -131610 306827
681952 580391 682135 580572
-405638 240515 -405613 240684
-872075 -804318 -871943 -804309
-869677 370360 -869493 370454
259082 961531 259155 961607
625074 139488 625164 139626
-389121 837948 -389044 838050
602583 -608677 602789 -608642
496029 13372 496059 13398
83320 -90637 83334 -90437
-404667 431475 -404447 431557
654171 819485 654275 819496
186444 915561 186623 915694
-252856 289058 -252710 289245
-670359 -454584 -670274 -454406
106715 -150646 106813 -150459
-570755 -988721 -570686 -988506
-817880 -257016 -817751 -256882
516777 387033 516985 387257
486300 738844 486365 738849
132720 -469614 132910 -469398
-886685 921763 -886647 921809
-701385 767297 -701295 767369
108627 -137378 108829 -137147
-317942 -542976 -317735 -542834
-917190 -432374 -917172 -432148
-998023 595051 -997959 595218
-124818 -435538 -124607 -435357
-345901 222441 -345768 222635
799612 523837 799822 524021
-272573 -648038 -272477 -647803
167059 -439920 167188 -439796
-976476 -263148 -976280 -263014
645831 471609 646064 471682
368726 593837 368734 594078
971541 759726 971683 759781
-285695 212734 -285460 212888
198033 -558943 198067 -558832
-256801 217180 -256718 217235
-53141 298819 -52971 298957
-282283 -609341 -282051 -609301
-979267 -794479 -979201 -794445
-470300 -336866 -470125 -336725
83503 834563 83701 834771
923140 913144 923202 913282
188756 -626190 188852 -626041
-824322 916749 -824277 916805
-251085 910515 -250865 910565
-334206 -735666 -334077 -735536
828993 -244283 829099 -244210
-534702 -133865 -534589 -133770
367857 354095 367883 354287
265130 62962 265190 63072
612624 586929 612681 587094
936639 -625442 936884 -625380
-418619 842314 -418482 842477
829166 -253615 829385 -253474
94469 591732 94692 591754
-150746 -429165 -150700 -429040
957064 154491 957085 154571
594915 -769258 595018 -769184
-735787 465662 -735586 465786
-334978 854288 -334782 854327
-11871 43368 -11747 43475
288998 404500 289043 404702
-857854 55336 -857808 55537
259981 972355 260017 972423
425242 610714 425480 610808
-71803 -7656 -71686 -7650
-959026 287788 -958927 287812
-591130 -756339 -591043 -756164
-756079 227620 -755979 227816
810591 583062 810675 583199
765274 -50894 765297 -50776
-80530 -56654 -80495 -56652
5515 -609292 5630 -609248
-916066 251326 -915850 251516
967866 -779466 968106 -779265
-81227 628388 -81138 628429
826146 540172 826241 540191
-849772 -278088 -849657 -277854
675618 54484 675763 54683
568431 964038 568584 964093
-727840 230241 -727644 230369
-721963 -95825 -721790 -95686
-657691 455339 -657611 455568
-785248 494248 -785053 494288
-670324 146157 -670188 146361
23038 290795 23046 290961
627945 897692 627994 897828
342814 -35324 342835 -35143
-814296 -700148 -814230 -700094
318683 499165 318755 499414
-646373 793769 -646261 793895
-793251 -562101 -793200 -561887
-257812 -48175 -257694 -48113
999177 -288164 999233 -288133
-840360 -562314 -840349 -562268
773825 384629 773952 384672
