10 51 150
-327070 683013
842800 570064
618863 -372531
-688274 -550932
357130 401203
257379 972137
232440 904585
963135 -396699
-432408 -751119
-857072 -696547
596936 -445136
-690335 -53711
-764408 -943181
-80418 -219701
802630 -589687
322381 -858853
-949941 868009
-583968 653330
-202093 232988
487961 38628
-908889 -859611
913050 851307
-995980 566201
416337 92733
552447 -885769
-850280 699834
-137123 -235027
-505050 549614
-404342 -488437
-184850 -405213
32885 733916
-36071 -254427
-277898 190073
-266449 -587285
-163719 -834261
-794647 -688814
484525 -195369
589545 92143
-700966 201646
716384 585793
501903 178938
182959 468036
917057 495141
-449647 815020
524937 -565024
-669403 282254
-804843 148611
601852 617779
-992516 -765282
729308 -872743
-26104 470171
-150828 377123 -148362 380085
351883 111562 354389 112759
824367 -31561 826617 -31546
494734 327729 496386 330049
-609921 261013 -606011 265017
-318902 508727 -315951 511086
-4351 -357049 -2782 -355329
-223941 -495581 -220293 -495537
602530 474514 604576 475749
-157274 -905420 -155335 -903784
-464136 88559 -460300 91168
692526 -543152 695263 -539908
610653 -979396 612777 -977987
91993 -912776 94610 -909406
313757 876642 314285 879205
-452207 797970 -449584 798283
-431523 701163 -428880 702565
-46462 16911 -44247 17976
-38521 -165731 -37815 -165727
-63281 448170 -59960 451936
233673 150914 233873 152827
-251448 -483301 -248143 -483150
457825 766632 459170 766813
-998769 975024 -998621 975885
-660495 -82936 -658808 -79141
642745 886155 643347 889793
809645 788051 810087 788859
247548 -312583 248488 -311831
-741362 -390951 -738866 -389291
-699404 -241873 -696490 -238478
-854981 601907 -852087 604103
45045 -968324 48139 -965082
-337287 -148319 -333694 -147965
-433923 19687 -433846 19883
-457797 -742150 -456438 -739533
-908798 -395902 -907957 -395836
-782477 490388 -781130 491048
-869568 27897 -866331 29500
-792185 -923629 -790255 -922389
549334 -462770 549561 -459918
-980221 645883 -976185 647635
587814 -844679 588082 -843500
915605 -115970 918482 -112100
-129730 -397103 -126816 -395506
-105543 -475574 -102797 -474914
-76188 -628457 -75620 -627831
-492106 342747 -488424 342778
-292616 -974766 -292075 -974202
-445459 -536169 -444769 -535219
-410596 -437940 -409003 -437852
360165 -803585 361745 -802275
-54443 -83248 -51692 -82364
273796 -6080 277448 -3079
-27308 -478137 -24027 -476707
470996 625400 474281 625819
-355098 632396 -352155 633988
484434 -955603 486677 -952329
-773956 440079 -771565 442595
827749 -428408 829241 -428242
776914 231004 780162 231452
511341 927119 515267 929354
706344 119318 706629 121963
4002 -112480 7476 -110739
-110314 -251814 -108073 -248295
290376 621954 291534 622608
746120 -243178 749503 -240973
-330540 916254 -328719 918009
-754427 -42258 -752328 -40060
-142354 477772 -140725 478449
-844733 -822243 -842474 -818349
241314 169468 244126 172007
-508785 -529367 -506208 -527594
317190 45487 321198 48959
424416 460760 427876 460973
-261624 9827 -257556 10242
510955 -82642 514788 -78640
321227 -20723 321758 -20532
-673380 -115254 -672397 -114063
317544 158538 320277 160769
48800 -925492 48907 -921759
276939 -131581 277776 -129965
279320 -999189 280945 -997473
-466577 -963347 -466007 -961034
347689 -315247 349353 -313099
-288103 -62192 -287113 -61926
-309123 -134149 -306346 -131500
-187140 -294292 -183229 -291229
34983 489513 38674 490845
-795323 -733884 -792428 -730246
-934035 -377430 -932896 -374443
173507 -150956 176403 -150397
-289968 963104 -289351 966272
109943 -745244 110938 -742089
-493331 -747642 -489876 -745651
-313416 -689186 -311495 -685699
70439 800182 70545 802526
-433707 971655 -430101 974383
-821024 78828 -818594 82385
-108903 -833674 -107444 -829968
-859783 509949 -856654 511476
592219 857520 596099 857721
605959 -390935 606763 -387553
324702 -161987 325753 -159305
-221454 -786406 -219974 -785645
900513 923752 901875 924911
-515324 -645986 -512679 -644423
773247 -179839 776789 -175764
-423384 -90568 -420646 -89031
631434 -902825 631558 -898943
-653049 27802 -652416 28698
-121153 -888545 -119681 -885001
-192664 -637031 -190428 -634350
546928 -241440 550214 -238480
426708 906762 427889 906798
-40044 -404681 -36988 -404571
-599366 513671 -595846 514762
-799280 525759 -797412 526257
56404 743784 58320 744084
-584469 -859387 -582098 -858258
388876 -823647 390960 -823062
-294586 541079 -294143 543758
758194 -506130 761220 -502186
303396 -441412 303605 -440580
610663 -556443 614124 -552668
641539 -73916 642648 -73029
763205 423935 766690 424801
-564851 -20726 -561494 -19675
-955807 988426 -954187 989164
-745243 -251798 -741821 -249961
891596 977044 894784 980142
-169769 -320250 -169673 -319388
918316 50870 918604 54076
-937296 -683206 -936040 -679552
433560 726173 435517 726185
668270 -713270 668728 -710658
-223281 -828627 -221454 -825986
-4483 24407 -640 26719
633042 839296 633323 842200
169569 320616 170539 321889
-245663 -59085 -245399 -55400
290056 -455971 290709 -454736
-141838 -559910 -137783 -558628
851900 -786626 852767 -782895
244802 906013 245405 907105
-400606 829947 -400520 833963
608352 12010 609138 13734
-603700 414686 -603402 417462
-173163 437770 -169997 438200
-942296 -954303 -940102 -954288
655286 142975 658919 145331
