10 50 151
151280 952137
882080 7224
860904 -152513
402933 175398
-565633 405852
590318 -912546
976600 626968
745679 339738
792539 461571
-512082 626074
517051 -266382
-682728 611707
-903693 -911760
-726651 -37341
667268 269606
929691 234047
365830 532217
464765 -444061
-546479 -29576
769006 51335
-431451 288249
-244506 -904720
-385509 -288716
668868 456811
-757935 -953014
259409 -251119
-220950 482667
-151591 356572
-503724 309916
583167 -373876
-352844 405104
-868294 774805
-63938 -941861
-71343 943956
231577 435179
-240228 -811241
217516 -754241
29212 -901057
-339432 -292917
742773 351388
-555825 115136
-604256 -365051
-539121 -632158
80965 -62275
749209 -772739
-894825 -167024
-811798 881096
-411154 -769258
166231 -101873
-782835 -413264
129117 432743 129123 432750
807862 -682193 807873 -682191
124479 491671 124487 491681
-463581 605961 -463576 605962
952653 209560 952660 209567
-490445 58696 -490444 58696
-267771 29990 -267761 30000
-579961 -722734 -579956 -722729
-743665 -187806 -743664 -187805
-606036 377056 -606032 377064
126621 970126 126630 970130
-419366 501498 -419362 501501
190341 424903 190351 424909
587621 509457 587622 509465
-339852 629403 -339844 629404
163493 611252 163503 611257
796474 -73318 796478 -73309
437432 -173211 437440 -173208
-741536 -853773 -741536 -853771
977113 513733 977125 513741
730616 808030 730622 808037
-98761 -703517 -98757 -703511
-553868 -122070 -553866 -122068
406782 656056 406787 656065
-325656 524369 -325653 524370
41708 211524 41708 211530
401874 687909 401878 687909
308579 -959393 308582 -959390
291087 315795 291096 315801
-831995 550433 -831992 550437
635458 845009 635467 845017
-881994 -926432 -881988 -926425
354413 803522 354418 803525
-149933 -939906 -149924 -939895
-208805 -724326 -208793 -724324
-405927 -803261 -405923 -803259
-388555 904207 -388544 904219
791908 -613578 791914 -613578
-378675 -678230 -378663 -678222
519404 -537811 519407 -537805
711608 -880169 711620 -880159
20181 689385 20187 689385
-174028 -997829 -174024 -997821
-534512 533048 -534511 533057
201356 -982937 201358 -982930
871151 -979301 871154 -979295
-869108 -139625 -869101 -139615
-938581 819519 -938578 819519
-938423 269218 -938411 269225
-529548 396816 -529542 396819
468239 -602779 468247 -602769
393891 459769 393903 459781
-560991 -376536 -560983 -376527
18786 715122 18791 715126
277826 -546484 277832 -546483
-33547 915185 -33537 915197
487503 -985467 487512 -985462
389680 -452857 389690 -452851
456387 -307315 456399 -307306
834542 730944 834546 730946
140263 -154658 140270 -154651
-810077 -399371 -810065 -399369
29483 97536 29494 97539
595970 -348090 595981 -348080
-738260 878027 -738258 878034
-350641 -381126 -350640 -381125
-705083 688205 -705077 688206
659032 -88603 659043 -88591
-566209 -842527 -566197 -842523
660518 -598447 660523 -598437
-489145 -357134 -489133 -357124
352633 -309740 352642 -309738
-755197 -676034 -755189 -676033
-854426 692742 -854414 692748
361509 -803118 361520 -803118
-221256 -555870 -221253 -555858
-160351 166367 -160340 166368
192239 -91592 192244 -91581
92957 814027 92958 814035
-155871 622065 -155868 622067
572638 25502 572647 25505
-315042 584319 -315042 584321
989636 990796 989637 990798
51928 455163 51931 455163
-926717 475010 -926705 475011
101997 -623058 102000 -623055
149 141771 158 141771
140198 798318 140204 798322
-239968 21219 -239961 21227
215418 -52797 215422 -52789
-612371 -471172 -612367 -471167
866607 -490208 866614 -490198
776171 -861371 776179 -861370
-987966 -876399 -987961 -876389
479933 480234 479938 480240
-282847 914117 -282845 914122
496645 913733 496646 913736
-982981 751421 -982970 751429
-582194 -350901 -582192 -350901
-293768 -87785 -293760 -87773
919895 -185294 919903 -185286
-266325 265985 -266325 265996
538493 53666 538498 53674
-95218 -844584 -95218 -844574
245881 -650589 245882 -650580
205176 955134 205180 955144
546734 -355811 546742 -355800
833753 -74426 833761 -74425
693637 989479 693644 989491
-404343 217482 -404339 217482
112124 -778987 112133 -778978
512629 -339958 512630 -339946
-404362 431860 -404351 431872
-813504 376545 -813501 376545
-687140 222074 -687134 222079
-589447 676014 -589436 676017
572806 -927928 572810 -927926
429405 737042 429405 737049
-688092 -83049 -688081 -83042
-181946 342671 -181943 342679
-157084 -400836 -157077 -400824
-604196 -821874 -604192 -821865
-306851 -518816 -306846 -518807
696270 987405 696273 987412
-439264 553858 -439253 553869
7014 -490728 7022 -490718
966671 731464 966681 731468
-610175 738342 -610171 738347
954177 166417 954179 166418
-217292 659729 -217285 659729
-156218 464734 -156208 464742
-734653 -591062 -734649 -591054
-304062 913540 -304052 913545
220933 661707 220933 661713
692264 713922 692271 713929
70730 -517790 70734 -517788
-669709 -965089 -669697 -965088
-398539 292724 -398532 292727
516331 -763790 516343 -763789
-526544 -18780 -526542 -18771
704198 -326516 704200 -326513
-90071 -867508 -90067 -867496
-713249 -113791 -713244 -113789
-799136 -9511 -799128 -9510
80222 -293940 80234 -293928
908452 739383 908452 739391
749477 764329 749481 764337
-262411 256956 -262409 256968
604310 233184 604320 233194
-871042 -544498 -871037 -544494
221026 -240626 221029 -240617
