10 54 200
767941 -583333
-905775 -385302
-484788 -378613
-278444 -855456
-894696 983241
-339864 -625513
-817536 514694
-132613 -825621
921880 823547
913961 82018
333164 641424
115793 367392
393989 -160525
822846 866600
-407252 -482301
455801 -487765
-655666 898767
-231405 -633405
884808 852003
-717157 -3920
613362 -821544
301891 -645981
994306 911755
222138 984554
351965 -800542
862225 373781
-827203 -891720
-278361 -485608
997416 284995
-336324 -14864
563250 -160510
-924709 575440
-313397 -311280
953815 828591
633126 -142184
799770 964288
-538155 -278658
198734 -72213
-171924 -253194
-839327 -815767
963706 -799907
918740 -867349
601889 964964
-233135 465972
-464796 -509527
551315 376534
749328 875303
-138426 -760155
120764 81430
-272980 -847229
-559662 83103
-34218 -784720
-739192 959028
244514 -831952
-83610 -805279 -83787 -805407
-766061 637174 -765808 637430
704416 292040 704261 291962
360321 772767 360474 772966
-680189 146216 -680446 146372
30562 700512 30665 700673
-136721 -81186 -136531 -80975
-311183 631128 -311337 631272
-25913 -489514 -26050 -489279
-227440 -535870 -227618 -535690
-250613 -44939 -250713 -44785
-257605 643601 -257419 643492
92294 -129142 92145 -128930
776956 214161 776783 213965
417779 408725 417744 408869
781823 -218132 781721 -218012
155395 911975 155485 911808
24034 -858530 23951 -858445
-778349 571598 -778532 571823
-509034 372180 -509269 372333
-389192 -849998 -389017 -850118
918680 520274 918550 520350
338232 -88934 338502 -89159
502778 287038 502564 286956
132797 -706847 132958 -707084
-657830 196338 -657869 196457
-215442 747677 -215341 747581
-608688 -166541 -608756 -166425
91090 -697135 90925 -697255
287673 -81755 287555 -81927
-169191 -832948 -168960 -833120
-720556 352209 -720403 352467
215140 232035 215346 232171
390014 -632981 390095 -633135
931505 125109 931711 124866
917651 420788 917560 420622
-528998 -186524 -528961 -186459
-619134 369472 -619063 369324
-427540 -278213 -427401 -278031
-240788 -721127 -240580 -721396
934911 825548 934724 825633
234036 -260176 234110 -260474
369867 -953 369782 -1126
424049 -393130 423930 -393373
424041 -449254 424306 -449188
-332104 640440 -332347 640390
187750 -291046 187951 -291260
29684 -435342 29799 -435125
251361 426896 251126 426740
572692 410519 572899 410774
-287008 -132093 -287047 -131834
846442 856207 846563 856309
-211460 -340707 -211367 -340852
-31601 -321901 -31714 -321842
223712 -683668 223454 -683806
-485250 11071 -484997 10952
314930 -385962 314842 -385724
596424 -530829 596586 -530940
870037 349356 869908 349475
-28171 -265239 -27993 -265415
-828829 -171732 -828692 -171875
-393737 -580017 -393865 -579933
361282 122599 361161 122357
-265692 751069 -265538 751172
-898726 494357 -898595 494612
687067 -763026 687315 -762765
-294723 -601137 -294856 -600968
857349 -751584 857284 -751732
379848 162456 379622 162580
204704 -235236 204802 -235111
-425619 -582245 -425458 -582512
942172 826882 942387 826759
810887 373448 811051 373303
41666 399682 41385 399784
-114465 -245175 -114605 -244993
21102 -87738 20943 -87517
8783 -744462 9006 -744346
678234 -288178 678301 -288008
170051 -242216 169902 -242506
700200 -443578 700473 -443752
-147108 -267283 -147230 -267554
140830 156084 141024 156229
136296 -592394 136143 -592529
-619225 -600159 -619038 -599956
320428 -382486 320594 -382712
760878 364962 761138 365177
543128 293857 543242 293800
-371018 -522994 -371201 -522861
173228 -155469 172962 -155346
-376560 -487578 -376344 -487607
820073 -107515 819951 -107556
-483520 -693506 -483666 -693601
-430918 -118809 -430775 -119026
-539961 -214714 -539839 -214953
-243660 -80165 -243785 -80358
448473 587085 448700 586941
309861 634084 309688 634023
-554288 -546431 -554504 -546211
892932 845603 893023 845774
128278 -363762 128136 -363642
-319175 -263063 -319283 -263245
77222 -638850 77479 -638724
-748859 -283267 -748674 -283074
-109464 -331100 -109383 -331321
-259809 -631476 -260000 -631250
163802 -633963 163652 -634117
162400 -569703 162542 -569645
174746 -570490 174629 -570359
-603758 -59192 -603582 -59422
413497 159980 413350 160168
-379872 -561513 -380021 -561295
213852 -468416 213690 -468486
-438219 517449 -438106 517212
-831188 -326605 -831424 -326470
832873 925976 832943 926116
-264184 -438011 -264111 -437792
-104224 -131421 -104001 -131552
-250855 -636091 -251030 -636239
221140 224540 220925 224684
570418 530370 570267 530131
229873 -266714 229982 -266678
-297880 -782104 -298099 -782255
-367066 -602512 -367108 -602475
-563417 -223402 -563229 -223318
689482 -592933 689296 -592748
401322 756053 401264 756230
26530 -695823 26768 -696030
-771829 548463 -771871 548311
35722 -207184 35945 -207099
-41504 -498847 -41222 -498954
-1668 -430124 -1768 -429989
266360 -210572 266225 -210652
89159 -681376 88996 -681520
82745 -557222 82513 -557434
306960 -467294 307150 -467451
-822565 -208020 -822427 -207972
-278488 -776507 -278333 -776369
-654306 -491943 -654528 -492004
-665139 72138 -665083 71943
373396 787458 373146 787367
-22608 -226347 -22435 -226412
-312444 -563132 -312571 -563224
-247292 362052 -247147 361985
-630464 -157380 -630711 -157225
45909 148248 46136 148331
400789 -822740 400941 -822564
848831 855383 848758 855292
405972 434251 406051 434066
-193649 -831056 -193822 -830851
429104 131798 429261 131938
858769 530208 858603 530475
-260148 -99539 -260092 -99425
-385791 -623601 -385913 -623466
-137907 288373 -138051 288539
463864 373656 463680 373383
900803 839662 900950 839562
700605 -562714 700706 -562765
-815976 76216 -815721 76297
275343 -198680 275185 -198793
351842 572591 351695 572354
-14316 -309372 -14273 -309154
-662223 63389 -662033 63227
-605841 -53963 -605648 -53802
-302831 625095 -302758 625205
-621985 -26121 -622188 -26328
-246126 372075 -246350 371874
-645821 -495729 -646053 -495556
-302162 -766065 -302360 -766181
686594 265573 686374 265461
310713 -441307 310587 -441055
-297601 -473153 -297430 -472939
-428764 -814777 -429008 -814578
602795 43410 602642 43384
-496182 413216 -496316 413086
-5843 -682550 -5972 -682367
896147 549314 896369 549424
275506 -77476 275650 -77581
934619 332168 934522 331956
-359638 67854 -359394 67730
-595329 448075 -595456 447898
-218572 -814645 -218496 -814727
843722 625212 843651 625024
-402115 -486239 -402218 -486453
185499 -180055 185436 -179808
403215 -675487 403010 -675669
-240772 -473251 -240610 -473102
172765 -699504 172548 -699462
-514455 842820 -514196 842953
-93851 -89304 -93663 -89264
644298 488429 644105 488640
-585054 -161329 -584911 -161180
359563 221546 359761 221384
-28828 -445912 -29023 -445874
-651864 748965 -652031 748724
-446084 -506810 -446296 -506635
-765841 -444669 -765978 -444734
-672355 -381550 -672193 -381630
374746 488727 374518 488877
-614759 138389 -614710 138530
-89707 492469 -89571 492590
