10 53 300
890281 -102806
150823 -223728
320099 -515721
983921 -31475
-824832 978096
889934 -954083
-224432 87657
-764414 -229390
-914688 -413168
-746102 -540218
-408031 514219
988133 -743157
-392292 649981
-877576 486586
135492 376710
52385 129710
226252 403838
-190231 953161
981504 -976538
664981 268619
-696735 506384
724557 705395
844478 565484
243986 385864
739177 -372677
970656 -295135
-453040 996797
534199 460478
-362384 214143
-829752 979583
-326163 147856
-230030 -455323
415434 941659
959385 187604
222488 188658
8602 -825311
276509 795400
323404 124847
4413 -62128
-392782 -447602
-686459 387254
67089 -812402
-256160 993203
536207 90324
-801941 -985593
723786 -45437
891070 -147463
429132 325252
62661 -95917
4360 830354
-545939 -380508
-131139 782956
-771889 103320
937731 320477 938962 321700
-519531 982342 -517016 984241
981659 140772 981720 143641
202769 -893069 205920 -893053
-841434 358338 -838338 359628
-134474 885626 -132931 886495
-924832 -830128 -921123 -827974
759642 -904828 761830 -903221
67400 -198949 71365 -195224
344712 807974 347976 809927
921126 35223 922925 38575
-26193 961853 -25756 962096
-283332 852939 -279478 854541
-812747 580964 -811996 583155
984788 -123966 985970 -121346
802265 525303 802597 525827
-410493 732384 -410427 734316
-880098 -668156 -879094 -666923
-741338 376904 -737299 378135
-677954 -898527 -673880 -895461
64486 -130646 66632 -127783
-409518 545261 -406698 546028
-481391 -957217 -477571 -954940
26179 -725276 28794 -724292
607821 154272 609673 157546
-551963 775750 -551553 776450
632875 840913 633276 844561
-725411 -578349 -722429 -578097
-452183 955444 -448323 959314
103718 458503 106059 459776
519021 -933613 521352 -932034
-79431 -983051 -75652 -979881
-835927 838171 -832278 841436
-396537 -274333 -396375 -271877
417421 862920 420246 863577
-513435 -21232 -513239 -18401
-62305 -772271 -58879 -768411
905374 -138723 905619 -138134
52370 345448 54823 345821
148886 499451 151752 502394
989145 -529323 990876 -526606
329377 -488546 333242 -487881
-292481 546461 -289004 549108
91098 -786316 91607 -783903
384305 -46873 387755 -43710
214278 -277082 217079 -273397
587500 593357 590646 595693
245602 691101 247006 694447
894872 855935 896141 856074
-227517 354587 -223525 356535
5282 -766014 7759 -765271
-678950 669318 -676527 672157
112123 -997305 113592 -996144
277506 588552 280854 591508
741314 -128737 744167 -127319
-447896 -302145 -445104 -298865
-561956 -28238 -558207 -26678
-919562 57987 -916732 57994
560082 -689229 561512 -687662
404863 246711 407242 247973
-445726 494332 -445167 496335
724790 -930525 727530 -928070
-832712 245984 -831339 248607
783184 829543 785770 832966
-961256 481198 -957642 484704
196330 -645445 198234 -642535
-327321 351713 -323256 351867
-154162 -980092 -150854 -979748
288423 331610 288861 334840
-740781 302302 -738509 303709
-969399 -872664 -968643 -870718
838627 -586857 839783 -585607
192273 -217241 192665 -216280
-743213 978600 -739679 978952
-129607 759464 -127203 760851
-632362 394074 -629987 396306
44068 676467 45409 677228
-593079 -56912 -590954 -56247
758724 -749811 759622 -746961
-159488 848367 -158597 848885
892724 32438 894258 35380
-498750 -403870 -498359 -402981
425187 -763817 427805 -761596
-769790 436521 -768362 439484
56798 -784095 56816 -781723
-972194 -161014 -970677 -157424
916135 647104 917788 648828
-512175 770653 -508533 772868
-813184 113021 -811600 116010
285375 -433459 288850 -432325
-67052 -690703 -63486 -687301
261218 -797147 262378 -795907
784219 -486898 786496 -485654
915666 -842109 918059 -839062
563038 738003 565378 740795
-89075 -362189 -85741 -358447
-652761 220347 -649568 221854
61932 635643 64095 639191
-58356 -939726 -56189 -936404
-773353 -234737 -770779 -231694
-100231 -867742 -97732 -866707
-880619 -249267 -880442 -245264
101324 509735 104949 513641
670705 782954 671982 783330
875309 -704657 878394 -701558
259373 165174 262262 167162
-457640 660550 -454264 663843
-176851 -242455 -176327 -239985
-995240 -789914 -994902 -787274
184349 -353013 186212 -349051
414156 -666672 415648 -665120
-789652 889681 -788654 893043
-663121 -83500 -660161 -80247
-953586 -133392 -953222 -132889
208489 11079 212328 11423
143455 692170 146004 694318
511178 -415141 514411 -413843
175604 238444 177678 240341
58659 486422 59436 488907
456308 821327 459570 822250
-227599 -815828 -224901 -815121
-341892 703473 -339925 706708
617239 818455 620806 818624
-892593 975447 -889829 976998
850418 -597339 852357 -593805
399432 330473 399466 332050
203747 -959749 205467 -957613
-453508 -374994 -449705 -370911
-422041 -39993 -418118 -36898
-742584 705372 -741716 706928
-814621 833933 -811494 838020
-607553 47473 -603795 49038
473963 667216 475465 669023
435440 -955005 437747 -954206
-269999 -674518 -267695 -671129
287567 -115842 290663 -113690
713473 -43201 717392 -40666
-778670 -677429 -777884 -673882
680529 -958976 682039 -958728
-929095 339807 -928140 340638
572521 597630 575778 599434
513751 300739 515419 301277
340510 -11962 343465 -10162
355672 40194 357253 43349
191221 -485679 194997 -482952
-394219 -279145 -391158 -278319
375599 68061 376740 68539
605699 -95553 609286 -95533
-124659 400797 -123390 402725
938486 964326 939058 967547
-172210 -397288 -169694 -397096
883759 -687672 885675 -687029
-475809 -186160 -475774 -184490
-678382 -312821 -675448 -309590
595318 342808 598135 343867
-343143 -995216 -342381 -992630
-406924 911800 -404208 912460
-629945 418688 -626894 422338
325558 794950 325728 797351
-355636 183965 -353206 187706
514901 87914 515995 88664
-385014 858921 -382649 861459
985679 -484784 987370 -483263
495170 -852495 496879 -849550
-898557 704568 -896814 705076
-792190 44521 -790306 46666
-818903 35112 -817851 36651
347124 409058 350097 411224
441374 -819695 441811 -817650
995361 326815 999088 330075
-519140 399748 -517859 403334
-184730 502929 -184472 505132
357860 372735 360627 374944
-520249 -376543 -518750 -376533
-788594 522692 -785968 526239
395218 493174 397262 495361
307461 -166421 308164 -165535
905379 714515 908751 717508
994608 713333 997803 716355
-510294 618002 -509721 619084
-706710 802224 -703210 804453
152019 941749 153381 945702
932304 -221066 936372 -220382
632955 -110687 636421 -107161
765014 -107903 768104 -104145
-756285 -615251 -753766 -611292
-253298 793453 -249550 796829
-661873 76993 -660496 79858
-791116 13359 -788796 16536
339924 -873215 340016 -872965
737421 330994 737515 333023
-88378 976349 -85969 976946
-384432 54154 -382705 54356
-796785 -627363 -794227 -625528
-581498 -380655 -579059 -379656
978448 -822831 979105 -822706
254757 195669 257953 198335
-400972 404961 -400393 408331
707250 283832 709176 285600
905136 -364524 907975 -363413
819333 -376826 822492 -373679
-623724 348318 -619788 351315
-477675 -926543 -476118 -924006
-152580 566787 -149543 570290
556852 -811789 560214 -807845
-899451 -891035 -898252 -889746
-893784 -350842 -891703 -350034
-777874 -772648 -777402 -768797
-57056 775534 -53855 778107
-735121 741130 -733627 743760
-70825 228071 -69239 231167
338660 -732468 341306 -729921
-907174 -431994 -906647 -429436
974107 -425296 976224 -423298
-938057 -674978 -935651 -671213
976259 -816400 977647 -816275
-853368 -741669 -850032 -738824
-106043 822312 -104444 823243
-688536 729321 -686768 732473
-167146 -82571 -164178 -81191
-576836 13769 -573712 15369
785136 -448222 786668 -446137
-786121 -676573 -785328 -676012
-723027 693631 -722026 693751
-822907 -729113 -821390 -726509
278445 -841737 282014 -840012
969853 656256 973805 658034
-886991 567817 -885105 569292
-296575 -859248 -295381 -855382
-119186 -343512 -117988 -342386
-366241 550999 -363861 552917
-237608 -470362 -235577 -467439
136562 251634 139500 253964
-726371 -165807 -726043 -165086
880017 -974255 880176 -970794
895592 -585991 896062 -581997
-280856 202412 -278163 204351
845752 185350 847477 187638
556709 -724814 559586 -723386
787339 -596338 787954 -595059
393180 -689960 393824 -688291
595324 -487882 596485 -485535
145468 -564663 146918 -562891
499465 -342208 502657 -341246
873470 144899 874606 146538
-432338 -871695 -428978 -871367
324138 546838 324666 549052
681170 -562677 683778 -559173
828600 497219 828676 498236
594426 595959 597386 598338
-948360 -515755 -946706 -512345
-14351 -80822 -11112 -80243
-865845 -502523 -863171 -498714
-523898 -533431 -521336 -533428
909367 -729787 911902 -726933
640202 317293 643575 320154
440229 -608860 441268 -608698
28009 124473 28773 125120
445762 -853868 446180 -851870
-822139 530648 -818692 531820
-366780 -376881 -363613 -374868
359064 908019 360213 909082
-101512 759090 -98385 760139
832341 -717639 835504 -715193
123790 -563991 126339 -563218
142888 -284940 146556 -284762
930736 384836 932091 387025
-345355 -853084 -342894 -850641
-226178 487767 -223118 491765
-494076 757836 -492417 761450
-366866 19943 -362958 22385
-747562 459980 -744014 463315
435325 -254896 437522 -251095
-531858 265198 -529517 268526
-163761 -133885 -162388 -132696
-932461 804055 -928951 806516
-344126 880933 -341078 884126
714396 443473 715716 447334
93625 649018 97131 650379
594321 -868463 594780 -864564
-763253 878812 -762221 881813
-928656 -339850 -925986 -337473
-604485 261933 -601792 265143
-594047 132008 -590734 135978
-826289 -885768 -826151 -885102
323486 -907944 326813 -905669
56482 -88856 58848 -85027
-987418 160055 -984951 160400
-948749 687289 -946870 689030
525426 -224305 527142 -223649
470986 -239757 474199 -236380
405646 -533795 407778 -532908
1489 572280 3953 576231
-376140 -757097 -373919 -757090
114514 -735118 117722 -731753
657121 170219 657809 174151
-258712 -661195 -257936 -657534
933704 -930924 936304 -927399
441322 -37307 443499 -33391
-492634 -292746 -489130 -290149
