10 102 202
-278874 -630763
539363 86853
-8657 -388060
96154 158594
191216 4226
-205506 918250
431149 574204
-495089 -326220
-868455 -714514
894256 -314265
243552 -718309
-772891 -105420
559663 426417
752270 191430
81134 163938
122574 -578233
273523 212302
70944 981152
-662950 466885
798093 146050
718937 -428241
-416615 40445
340415 -583494
916951 -478663
26941 878588
-855039 924814
-503795 -366320
757090 -630694
-845008 -509893
-393746 -15582
-278776 961904
750291 685913
667584 436890
-524050 797102
775430 807396
863954 960026
537772 -575354
-527794 -964393
-771736 -226915
339662 -28152
-951097 -104480
159796 -73144
-504480 -732924
968313 799128
-996480 401304
867854 749680
785700 696628
-529250 -54742
-643660 588094
712846 -766693
-149173 283554
-771345 802426
135816 -872818
992011 504779
-923706 822472
-704082 -624287
-955911 -101597
436247 -275770
-23885 -253859
-645386 -234500
742134 -680651
-353535 -955739
-851414 -299275
-46400 86537
640239 -85981
909837 974237
567560 298462
556990 -844415
576081 968785
-405742 -492316
338554 91171
-154597 503062
-745537 59229
868754 590756
475803 -615679
-103140 693973
-809163 -956276
-681162 761185
420709 412125
47016 301842
171671 -430499
740253 570015
312227 -561969
-578095 -735270
-349984 -463633
-538146 -4648
-955984 398913
-212330 -293229
584622 -499891
-456731 743749
-449723 364817
-457168 -25920
915552 -617662
363214 -137161
-145604 97436
471259 648865
-334957 250064
141242 -668186
-225948 511150
-330107 -457976
448186 -692861
-663659 137023
-554304 -234398 -554517 -234572
-424915 90753 -425186 90821
-150130 -111614 -149914 -111754
653637 -200909 653761 -201134
100246 -188366 100455 -188157
366246 -213117 366070 -213330
-54981 571709 -55070 571506
-221080 -346558 -220908 -346777
701600 -96577 701390 -96383
646381 -381027 646583 -381233
946489 122297 946199 122164
-460278 -391069 -460103 -391221
229497 -50919 229285 -51111
73779 -154704 73533 -154566
-608770 -615915 -609009 -616001
-318067 140147 -317961 139956
231728 554964 231977 555220
461771 435788 462038 435716
-217171 688636 -216926 688443
752881 -217755 753136 -217598
-19683 178930 -19429 179028
-384098 -771715 -383890 -771589
-245881 393094 -246001 392962
-382350 186479 -382607 186716
696397 122643 696308 122908
68934 173381 69053 173510
531818 496 531925 605
-306039 -149735 -306002 -149665
578546 674030 578792 674278
388415 207388 388247 207273
348738 117614 348618 117797
-124224 222793 -123999 222655
358141 366733 358302 366540
336277 -91234 336098 -91507
442306 -519918 442194 -519790
-668202 -380180 -668375 -380050
52676 322084 52789 322245
269841 -657603 269676 -657530
406300 232621 406483 232472
-141039 598234 -141140 598385
-755138 -470744 -755277 -470818
543096 -66580 542942 -66400
181197 -20275 181373 -20455
-451697 42032 -451832 41901
-49422 -434653 -49239 -434579
360065 299541 360238 299438
317450 -206739 317376 -206939
528468 82928 528684 83077
451526 7634 451667 7491
6190 385315 6033 385477
45660 187833 45766 187988
-307224 -765632 -306979 -765789
760164 227115 759997 226930
-158613 -12126 -158482 -12008
12417 -127507 12289 -127762
336024 -311453 336183 -311249
-310495 56507 -310529 56391
-3664 136094 -3855 136287
86042 187759 86247 187669
160417 253664 160637 253415
236365 99362 236240 99573
-444171 -420909 -444202 -420746
-183566 -89724 -183464 -89480
538851 -141730 538749 -141916
538233 -364610 538390 -364446
-300104 64172 -300291 64100
115128 375360 115302 375164
-70634 -34576 -70483 -34295
-803754 -301386 -803518 -301183
-334871 -194626 -334703 -194865
-161145 311395 -161237 311597
-519473 -143846 -519588 -143677
-315738 357223 -315583 357027
126560 -400812 126794 -401014
-638179 -604884 -638294 -604734
593141 303696 593032 303803
427857 -430769 428006 -430888
390473 -282998 390588 -283161
546769 670890 546894 670829
147208 284237 147315 284451
305811 108319 305680 108138
487721 -130049 487833 -130234
-501179 -593461 -501361 -593720
334085 515705 333851 515921
-541506 -392705 -541674 -392564
-86094 355269 -86266 355410
-366258 806426 -366341 806577
-44619 39337 -44741 39474
-134950 -255649 -134827 -255380
261030 213388 260921 213265
130167 -403846 130376 -403998
188841 69897 188622 70004
-306680 77268 -306769 77119
123110 556564 123333 556501
85222 -619286 85302 -619121
265603 -652838 265522 -652961
162959 313330 162729 313443
213409 250912 213191 250767
-49872 681924 -50111 681762
542928 42156 543000 41974
-95388 340453 -95518 340615
-718134 -443217 -718373 -443455
183051 -116808 182888 -116998
-862059 -659934 -862328 -659750
-297334 645493 -297109 645725
459152 -476340 458895 -476205
108142 -177596 108343 -177409
497367 754483 497474 754752
156544 941691 156754 941547
-168746 617666 -168529 617818
-53037 534113 -52923 534310
-82610 -197508 -82711 -197640
515101 -509301 515176 -509050
183290 -175160 183021 -174884
-789922 -772255 -789733 -772066
355901 85313 356053 85435
-454345 281037 -454444 280797
-129387 -272894 -129235 -272926
-510783 -134474 -510615 -134625
71851 607290 71958 607414
178857 765412 178616 765164
158647 -212676 158447 -212533
579781 620424 579696 620584
464648 -176321 464471 -176203
602479 -94385 602684 -94561
-631743 -286766 -632020 -286844
-125707 388904 -125846 388775
473729 552531 473601 552608
278812 -233673 278955 -233714
-189657 -328692 -189451 -328914
-2970 647241 -3124 647076
635253 -275666 635110 -275816
854725 -39011 854551 -39126
-399322 557743 -399123 557532
485611 -371703 485821 -371832
64533 310018 64677 310138
154880 298880 155056 298747
-388359 627324 -388528 627209
-314151 -642906 -313984 -642848
-102885 -119041 -102821 -118893
-63103 -13204 -62984 -13056
414612 -32989 414712 -32795
373840 263828 374067 263682
-244893 -95808 -244741 -96003
713784 126686 713889 126924
279325 26971 279226 26813
128947 38749 129152 38597
418879 -82865 418699 -82667
242600 134118 242490 133923
805140 -536097 805379 -536309
513124 -308579 512974 -308811
-860034 -510917 -860241 -510617
467835 69868 468002 69931
-358124 572158 -358228 572260
295830 -301952 295611 -302007
-111567 194580 -111780 194709
138696 327573 138487 327840
-308758 -159554 -308964 -159422
311065 79154 310847 79393
572746 -317121 572888 -316906
-566520 -612957 -566280 -612829
-189732 -58238 -189509 -58442
-301243 -201032 -301421 -201266
-423209 154888 -423059 154624
381098 -208717 380849 -208611
-37555 239122 -37704 239007
594814 256046 594726 255998
-298080 576128 -298277 575917
-205684 -180919 -205749 -181096
-183104 -31288 -183390 -31443
378678 72503 378595 72349
162519 92661 162449 92717
575151 -400404 575315 -400292
-351766 -663853 -351664 -663719
-504202 857197 -504303 856994
-218393 659874 -218584 659968
-270960 -161807 -270813 -161568
60290 530264 60456 530459
-325094 -405959 -325007 -405817
166859 -119923 166733 -119844
705734 249010 705589 248917
72929 -332986 72798 -333168
293646 -372670 293768 -372581
41514 362213 41465 362045
248237 341363 248499 341228
-636571 -350788 -636363 -350882
-520560 381083 -520333 381328
-441322 -440336 -441548 -440402
-190375 -82092 -190553 -82195
-297634 -564160 -297806 -564344
400504 -89774 400249 -90030
-187832 -620850 -187682 -620958
486839 184245 486971 184318
-795714 -572616 -795446 -572868
-220416 145847 -220616 145950
-447087 -372576 -447231 -372704
32395 178739 32497 178950
-432961 -754255 -432848 -754183
-439650 -126073 -439403 -126244
-595587 292771 -595771 292533
-125817 -293556 -125706 -293511
-330263 -154626 -330139 -154433
