10 103 154
606392 598676
-586824 841577
-825436 -594834
-969602 -335114
-905212 255107
-14195 -629062
-432864 793159
-436902 -228367
454880 605242
-603525 -278557
-333828 -382623
833475 909182
-10177 770342
-163462 -880398
-609529 -984530
-484956 576911
298907 26344
141369 -736256
-389166 -944547
148232 -203458
-389496 463210
-868321 373741
-638701 -574754
-645651 -707097
-345344 769303
-617565 -886833
-684491 -458223
16319 -935695
869291 312150
-140785 -29818
805142 -865053
720751 628381
-892316 750483
855126 997821
347384 -147455
-398722 905283
998313 844853
219848 -538345
795753 276684
-381542 -448757
-513326 -340797
-893434 487729
-13152 851413
-322792 -836490
931997 -82053
17223 -585587
254678 755572
871682 172362
671529 910743
-791200 893943
-985091 -111353
307588 220856
999848 -821658
-531964 -313279
-368191 430716
244260 353913
-202997 479718
210205 322320
405721 901155
176355 744643
627220 -994360
-394395 338718
978076 495661
145414 -701991
971209 716516
84695 456486
260153 221396
-682159 -804818
-978499 -465850
-25569 -211737
370917 -954874
-626298 -797027
-843288 326664
-518744 844817
828327 918806
-557348 -542439
168269 -716582
-455001 -60516
864036 -744860
-701889 428709
125971 -219057
513448 -619415
427359 317003
-791928 990006
-670656 787138
-279030 726909
-839308 -653162
693189 26991
-740419 -88705
547853 -56859
-900988 -496878
-74351 -946676
-40131 192731
-320731 615259
-499755 -65146
-65638 -872892
-145998 825919
-475256 360389
849490 -826093
23802 145386
664469 487827
83160 404565
-214323 -209516
-565676 63922 -565672 63926
-42957 64307 -42951 64316
735932 -526040 735936 -526031
921831 -103352 921841 -103342
-629198 -756651 -629189 -756645
859630 559174 859642 559178
-61877 -263469 -61877 -263457
-790258 497932 -790246 497932
-533351 352526 -533339 352538
390305 -63292 390315 -63285
-35450 506973 -35439 506978
-387661 -862078 -387653 -862074
969330 -649168 969342 -649161
166403 203141 166409 203148
-83114 899405 -83106 899410
137742 -796617 137752 -796617
464008 416882 464011 416885
124771 313794 124777 313804
257187 51755 257198 51767
435255 -408994 435260 -408983
-475084 385928 -475078 385930
328223 446692 328225 446694
133081 716163 133082 716170
-269613 244383 -269604 244390
-87767 -891917 -87764 -891907
-791104 -105708 -791095 -105701
529642 899257 529649 899261
-677436 543764 -677434 543767
-945066 419909 -945057 419918
-378016 497146 -378016 497155
161482 107363 161494 107372
972506 -664983 972513 -664972
645470 -202589 645478 -202577
-644784 92762 -644772 92762
375031 464811 375035 464819
690699 -214638 690700 -214627
-771791 -533624 -771787 -533617
-975972 628942 -975970 628954
-519787 -768841 -519781 -768834
578683 -640872 578694 -640870
919170 -747346 919180 -747334
795524 359555 795525 359560
-295721 480240 -295715 480247
-780688 897991 -780688 897993
-690888 -767790 -690882 -767790
-489518 -583172 -489516 -583166
681259 -297652 681269 -297650
146897 861539 146898 861547
-849007 -757634 -849000 -757622
468101 803183 468106 803195
-571045 -931617 -571034 -931616
-922957 942419 -922950 942427
105153 210355 105163 210355
613774 -913207 613774 -913203
432585 -300852 432585 -300840
451551 670004 451561 670016
-988769 924253 -988761 924262
-974897 620188 -974896 620198
-695139 -632170 -695127 -632164
443352 -890875 443362 -890864
884305 113010 884315 113014
-590664 613078 -590654 613086
-556551 84578 -556540 84578
-20911 -850054 -20902 -850044
-775663 17923 -775662 17926
-203249 276643 -203241 276655
23576 -251926 23588 -251916
470423 -613834 470425 -613828
29319 284170 29326 284179
-479836 -83616 -479828 -83607
550005 500866 550013 500870
-772144 -988107 -772136 -988103
30939 -651880 30949 -651874
286072 113344 286076 113350
-713982 -843233 -713974 -843226
-357835 -930291 -357823 -930290
-787419 -412637 -787414 -412635
895886 -803017 895896 -803005
926284 870318 926294 870326
601654 11026 601656 11026
-222127 -155437 -222121 -155427
-944192 -559228 -944192 -559222
-195581 695214 -195579 695224
-14396 -361352 -14385 -361345
761090 598320 761095 598323
-608106 806979 -608106 806984
489513 -263940 489514 -263928
846031 -435708 846037 -435706
124235 145918 124247 145927
-436851 -214623 -436847 -214620
812917 -854846 812925 -854838
-75458 -225157 -75450 -225157
-427996 -219995 -427994 -219983
987538 171931 987548 171936
-929571 -837747 -929565 -837738
-616693 -843611 -616687 -843607
-428664 -959432 -428658 -959423
-513836 -326974 -513831 -326967
545906 339028 545912 339028
-978394 640980 -978390 640987
878112 -912163 878117 -912157
724783 275578 724791 275579
561066 339226 561071 339235
52654 -15056 52665 -15047
-998412 991770 -998409 991781
548355 326479 548365 326487
458572 482230 458583 482230
761766 -679315 761769 -679310
-559040 194050 -559030 194062
-550096 957587 -550084 957595
-341746 -378371 -341744 -378367
-652224 666561 -652221 666563
-425385 -803370 -425379 -803362
484932 621132 484933 621135
356216 -521691 356219 -521680
-670505 -394085 -670501 -394080
-804762 -268074 -804758 -268062
-70529 435832 -70525 435832
293654 -409569 293662 -409557
626982 322033 626993 322039
-510034 151702 -510027 151705
569309 64625 569314 64627
-775907 777080 -775906 777082
423114 572856 423122 572856
-621644 -810686 -621638 -810680
-918510 -370662 -918507 -370661
642494 693639 642501 693650
803095 -143617 803104 -143607
62823 56664 62831 56675
234483 -2025 234484 -2022
-932966 -671887 -932956 -671885
987383 -937437 987388 -937430
822675 -946870 822676 -946858
-220017 -324691 -220005 -324689
633911 -712157 633912 -712155
-605970 -670411 -605964 -670405
459416 895528 459422 895533
571633 -333227 571645 -333223
-706979 -682276 -706969 -682265
-40537 -219944 -40534 -219941
-52793 -585110 -52785 -585106
-831704 -32964 -831702 -32961
236763 -797030 236774 -797030
377786 -375653 377795 -375642
113880 710146 113881 710149
210871 390429 210874 390435
78236 317339 78240 317351
772336 598805 772338 598806
-32205 950647 -32196 950657
-981221 258563 -981216 258569
769814 -895032 769819 -895020
879896 127883 879901 127885
691940 767680 691941 767685
69129 -225826 69131 -225814
