10 54 152
-696955 130503
-215799 -571691
-440172 588081
942355 852333
223803 657080
-282615 -678590
-557241 -267259
-78254 -298470
91308 -913199
842649 -96787
156995 781098
705416 275489
-383847 804880
-888782 -457742
322451 435183
-530356 439784
-781997 -634519
607629 -700889
574788 -383979
958186 -400582
-708890 -328806
-290554 901647
598839 -608123
-786323 -492951
-935932 807529
609729 -45367
41071 65220
514425 -370302
136816 734617
351500 -682708
183907 436458
-442617 -418308
-234929 -309695
-709370 238164
270435 717028
-55771 -222626
-455473 -378741
551453 -790829
-906062 543504
-130062 -21407
-647949 157164
766383 -497740
971846 158438
582498 966989
384793 -262273
-18705 820948
431550 349342
653815 -528432
61826 734096
-477275 -411505
-856963 -732449
833177 -133283
-377207 717160
287091 369204
-330039 -624262 -329907 -624133
110961 8776 111152 8786
-528446 -401843 -528324 -401816
114039 332733 114264 332922
-269267 -566016 -269164 -565932
-865047 767966 -864883 768218
354560 -440775 354812 -440716
634970 -893115 635109 -893060
401203 -695033 401319 -695008
762933 -355973 763086 -355926
240900 742484 241090 742491
-831520 795932 -831370 795956
-523129 -609361 -523028 -609115
-575265 963760 -575149 963852
2026 185117 2131 185149
-976198 167856 -975973 167867
-957038 -568986 -956999 -568940
472993 543047 473047 543058
-8866 -703905 -8744 -703881
352611 945984 352733 946159
-499051 235866 -498869 236041
-252905 316589 -252868 316811
-925538 57055 -925469 57062
-56511 556808 -56420 556903
425770 -872387 425969 -872201
-782677 211001 -782571 211072
4222 -920920 4364 -920745
-88570 562992 -88399 563101
-832822 -253395 -832603 -253231
-217444 875963 -217332 876050
852872 762871 853026 763089
-201235 340578 -201137 340583
380651 753987 380658 754142
-895024 118697 -894913 118920
-714054 774840 -714044 774940
296152 181170 296378 181310
664000 -427446 664088 -427402
583963 780847 584059 780954
-261683 179637 -261670 179782
-429355 -699998 -429113 -699842
630899 578479 630962 578674
328705 156489 328758 156549
220359 628522 220416 628705
-958556 259590 -958552 259636
337809 -767839 337929 -767827
201455 -125735 201533 -125493
82621 -795895 82820 -795835
-644578 -145732 -644403 -145489
-578738 -960931 -578592 -960768
950022 55586 950221 55618
473995 686566 474105 686634
726056 -726943 726109 -726768
86482 924076 86709 924105
821126 525619 821298 525711
-557600 -681740 -557350 -681632
859739 795852 859743 796041
-480396 901890 -480318 902052
961427 -130633 961475 -130577
-644185 727842 -644103 727849
685452 532303 685648 532431
-28592 -314244 -28400 -314169
-807453 -909253 -807339 -909174
255325 -559320 255364 -559128
656016 -629057 656265 -628852
242051 503496 242164 503637
-631096 -336217 -630923 -336114
794942 -553344 794943 -553289
-122637 -740167 -122579 -739998
-157036 483217 -156926 483385
575594 751493 575613 751636
-56441 13819 -56380 14004
-428761 -976082 -428541 -975938
-809211 -858566 -809039 -858415
-306064 173529 -305816 173690
-532322 883966 -532152 884130
79226 -298482 79452 -298305
940532 591217 940688 591299
33798 62415 33967 62439
-76656 -529157 -76579 -529009
377744 -526351 377819 -526285
328408 -580305 328425 -580234
357365 175374 357377 175414
834516 -579644 834535 -579397
827826 -731248 827877 -731134
950431 231512 950481 231578
-576372 308836 -576355 309026
666526 -391244 666666 -391149
-214522 -789059 -214452 -788982
7140 -730239 7301 -730135
-916317 465586 -916069 465818
518970 897976 519037 898016
194890 851128 195093 851184
373696 -261387 373781 -261205
-949134 -42840 -948991 -42758
333279 483368 333514 483498
-794547 -321430 -794440 -321362
-387955 -127591 -387924 -127392
263022 631364 263095 631613
726241 117066 726278 117254
-762226 997561 -762219 997792
-988768 -771771 -988632 -771554
-875309 -391020 -875295 -391017
35298 -887333 35504 -887165
321528 945228 321691 945233
198462 469537 198542 469586
-67268 -119502 -67207 -119258
-79039 -207389 -78824 -207314
320186 -605061 320221 -605010
-164017 -715303 -163891 -715113
-230068 -586964 -230055 -586816
672156 -400794 672176 -400697
668335 -588022 668401 -587933
49026 176849 49258 176931
403434 -520292 403666 -520224
59487 -423471 59611 -423459
-370759 -410582 -370711 -410510
258029 -982126 258157 -981970
-502723 469962 -502622 470009
-322470 -672 -322355 -573
536864 -143063 537057 -142912
-978539 501538 -978373 501778
-25364 182159 -25299 182261
-274944 631074 -274935 631155
-645283 539450 -645207 539614
-989994 750440 -989749 750677
-375105 -809406 -375036 -809367
173543 981559 173572 981631
94905 -808347 95104 -808261
464173 50098 464253 50302
-734175 -75934 -733925 -75683
-771889 280886 -771695 281079
89914 122591 90018 122713
-730110 -767503 -729974 -767303
970458 60484 970666 60613
-139958 -599326 -139800 -599200
743183 241748 743269 241772
-360234 -950998 -360017 -950755
-978523 426401 -978516 426642
853198 169434 853410 169482
-78063 -786975 -78016 -786928
-823874 975191 -823735 975335
-151126 155539 -151054 155542
-926990 344142 -926853 344260
-502321 -168848 -502189 -168816
-504476 596342 -504245 596400
-444939 -143323 -444878 -143160
185417 626141 185458 626360
582211 -807541 582246 -807517
619495 -24139 619600 -23993
489587 48246 489759 48479
-139576 -252218 -139396 -252163
-912389 999463 -912165 999660
