10 53 304
-278202 -216965
-977710 -129370
477594 -891340
335530 915885
-709238 962299
679093 -82226
-28137 41473
-625081 421084
-478301 432641
249215 -246391
-472565 650624
672644 -392151
-550473 -204731
365945 102228
833933 -994749
-375389 -314306
201289 -82319
-332760 810538
-398574 743155
-753814 248979
40719 -794469
-264899 389483
541587 947495
-458735 457358
-104768 -534627
503072 663842
-769940 771381
-733035 732693
684426 -132530
988411 613778
107067 882455
-350236 -647317
-610471 -921119
644142 979691
969441 271734
-651103 -449466
775678 -567030
-166909 698669
497802 633049
954738 -168322
-295832 818916
290640 960845
341422 -961120
693016 549596
187453 87422
-189954 -549078
-81327 -303547
-867463 902697
684034 469698
-189604 -113129
-961027 -542560
888466 505756
-515749 -101766
-36102 -261124 -36095 -261120
731904 -854774 731918 -854765
819935 -428241 819943 -428235
-925410 -351400 -925399 -351393
393689 -466354 393702 -466342
512031 -248001 512042 -247993
-660177 -577031 -660172 -577026
-548910 970090 -548910 970100
-568573 -705344 -568571 -705339
761829 -617874 761842 -617871
265856 -26486 265857 -26473
395595 499951 395604 499959
473237 -152336 473245 -152335
-563029 -263651 -563028 -263648
-959499 -638481 -959495 -638469
387044 -372856 387049 -372849
-74976 -521608 -74971 -521602
-612846 -839418 -612834 -839413
671176 -240427 671177 -240424
134793 -297308 134800 -297300
31663 13005 31667 13009
-558774 -417302 -558766 -417301
141129 -940205 141135 -940202
625794 506207 625797 506212
981068 -337320 981074 -337311
-205399 -728207 -205394 -728198
245983 835528 245986 835532
-684603 -399579 -684591 -399573
-635253 359610 -635244 359619
261806 446204 261807 446217
189524 407468 189533 407477
-689500 -716560 -689494 -716556
-319694 388158 -319683 388172
-841766 249907 -841753 249920
312348 -722539 312348 -722525
-19012 -463640 -18998 -463626
78821 -593088 78829 -593080
591938 -514808 591941 -514803
463144 319101 463151 319101
639499 -502717 639503 -502711
312801 414197 312803 414200
-220933 -736039 -220928 -736036
-729896 570157 -729883 570158
-598410 340462 -598402 340465
-709450 -219647 -709439 -219647
739048 -548721 739051 -548719
-298018 20906 -298017 20919
445425 -238996 445434 -238996
-425418 511958 -425416 511964
-465155 -464873 -465152 -464871
420615 -893059 420627 -893058
-295512 567888 -295498 567892
837775 24071 837777 24071
-304762 4554 -304756 4556
-345648 -378158 -345636 -378146
-459803 841785 -459803 841790
-939161 -297318 -939147 -297306
823210 -599491 823222 -599481
871079 818398 871084 818400
173028 362399 173040 362409
171772 522797 171775 522799
231881 794693 231889 794699
623411 949675 623423 949683
624139 559547 624141 559550
694012 568328 694026 568338
605727 -303300 605734 -303299
-448199 147896 -448198 147899
-129931 608970 -129921 608983
-516392 402594 -516392 402599
454834 -719288 454842 -719275
-329084 -71761 -329081 -71751
-543536 -386574 -543532 -386564
-352502 -590469 -352488 -590469
606781 -757308 606788 -757295
616497 -841855 616505 -841842
660603 -357961 660608 -357951
770793 86476 770797 86478
978420 629257 978423 629267
832895 261882 832898 261882
796473 139119 796476 139124
-312675 -468603 -312666 -468590
-413650 -680327 -413644 -680324
-400711 318542 -400706 318550
191602 -188312 191606 -188303
441747 -170563 441754 -170551
-899219 811231 -899216 811239
-530171 468760 -530168 468763
39119 -356056 39120 -356045
675049 -58689 675063 -58676
-155404 238579 -155391 238586
494799 513644 494801 513657
393043 -310668 393055 -310664
-856102 207261 -856098 207264
-408257 -823614 -408244 -823601
-692021 60894 -692007 60904
280144 -903287 280156 -903279
-174991 -21539 -174983 -21525
-803840 -755744 -803838 -755734
-669850 406089 -669846 406094
477279 131821 477288 131827
-704456 -100670 -704446 -100670
-828768 -683849 -828766 -683847
-898784 -228025 -898782 -228022
766649 -209847 766661 -209843
-461610 -485620 -461601 -485607
-668031 -737965 -668028 -737956
-119813 388484 -119813 388491
-598188 528008 -598178 528019
-88040 -113138 -88035 -113133
-989203 -821541 -989191 -821540
661032 -84494 661035 -84483
-236778 822984 -236764 822991
-530829 -610679 -530827 -610679
502100 -298172 502108 -298170
300734 -413468 300734 -413459
-856813 792248 -856803 792249
-576901 -431583 -576895 -431577
-384805 312609 -384799 312621
-223411 -192655 -223410 -192641
861473 -464494 861481 -464485
19791 -856494 19792 -856493
583773 -959736 583785 -959729
599591 -590729 599599 -590728
251576 -827262 251590 -827260
213220 -560703 213224 -560690
227222 -195366 227236 -195354
-700000 -200914 -699994 -200912
-308092 342139 -308083 342144
-896331 97540 -896331 97548
-106337 636716 -106323 636717
-687791 -73869 -687784 -73867
531066 505414 531073 505428
406207 -50794 406210 -50787
260358 -821852 260362 -821852
-704256 769307 -704249 769318
-680672 -748507 -680666 -748505
-232066 -786703 -232059 -786703
-324430 -805039 -324420 -805030
-827344 66400 -827340 66402
400678 364798 400687 364809
259291 -181619 259297 -181608
726471 -974497 726479 -974485
-167359 163762 -167353 163762
-366872 827335 -366871 827349
444612 -613310 444619 -613310
332438 44868 332443 44880
334656 -95990 334661 -95976
-941679 -481033 -941679 -481031
-154647 -236392 -154644 -236388
-33799 424940 -33792 424953
788176 -27062 788189 -27052
-629771 -614207 -629768 -614198
16001 639365 16006 639373
357287 -86494 357301 -86494
456101 -403485 456103 -403485
-384257 174497 -384243 174504
700229 791063 700229 791072
-559841 -773822 -559829 -773810
245568 -654741 245580 -654740
-811307 147378 -811300 147380
-602430 549206 -602416 549218
-808729 -113234 -808729 -113222
484322 505157 484329 505160
944190 -92831 944196 -92826
-495518 591529 -495508 591532
-921035 214076 -921027 214078
996762 -694282 996776 -694280
-248946 -24385 -248938 -24379
-553465 733300 -553454 733305
-782924 163030 -782914 163044
94222 239941 94226 239954
604223 -168498 604236 -168495
805332 -480109 805332 -480103
286986 667597 286998 667603
381217 -661647 381222 -661634
-290636 232656 -290626 232657
418210 670890 418215 670891
-311834 -673818 -311822 -673809
726317 -742940 726329 -742937
532889 128416 532897 128416
-578578 -105329 -578565 -105324
-539704 -976841 -539695 -976832
-679716 688159 -679702 688162
696981 -99406 696983 -99395
766651 346029 766654 346034
-86407 342575 -86394 342582
-773572 80378 -773560 80385
-845267 921396 -845267 921410
158787 122729 158795 122729
978469 -718519 978475 -718513
-535094 -190189 -535083 -190177
765311 731200 765323 731200
727899 -904738 727903 -904730
21359 455087 21362 455089
417199 926103 417202 926103
-838053 375439 -838046 375450
119159 12748 119160 12751
-204741 615870 -204732 615878
874168 489301 874172 489304
505499 199668 505500 199680
836036 304925 836037 304937
-965113 55099 -965112 55106
-378144 -582540 -378136 -582540
95980 -687459 95994 -687455
924232 140631 924234 140639
268872 -553207 268885 -553195
285143 123713 285154 123721
-473291 -896489 -473286 -896489
-995928 23859 -995916 23866
529401 -302615 529414 -302612
876412 477817 876415 477825
31147 -316401 31158 -316397
-665792 791628 -665785 791641
342338 -432226 342346 -432220
-897753 -60392 -897753 -60391
39791 969483 39796 969485
-39059 -193843 -39046 -193829
131829 31001 131838 31015
-960043 -973100 -960034 -973093
365542 -712913 365551 -712912
-295904 -620432 -295896 -620425
783586 -812915 783589 -812907
-524655 391686 -524655 391700
57666 -903115 57677 -903104
-476137 -68541 -476131 -68529
633848 -222190 633853 -222181
-783877 -952695 -783869 -952690
-280467 -754738 -280465 -754737
-747837 605166 -747825 605176
134665 966656 134675 966670
-328839 -925809 -328835 -925801
703515 532110 703516 532119
-812653 -270581 -812651 -270578
539517 -245600 539525 -245596
820057 101504 820065 101518
528164 -728377 528166 -728373
-762486 322229 -762478 322238
21572 -213012 21573 -213009
-411273 78277 -411266 78289
560651 267723 560658 267732
472152 -42826 472157 -42819
850367 -661348 850372 -661346
156838 -482171 156847 -482164
-158473 -912371 -158471 -912360
-719799 366412 -719789 366424
150681 -736575 150685 -736567
286928 -110252 286942 -110249
-755383 -60524 -755372 -60512
-177109 24061 -177109 24063
37667 445351 37674 445357
-1606 72608 -1595 72616
171861 -82643 171872 -82642
966562 -447148 966568 -447135
737535 59023 737541 59025
863459 992556 863459 992560
-848942 -297045 -848931 -297039
948813 -410393 948826 -410393
-384429 195435 -384418 195441
397975 -686871 397984 -686862
299871 763042 299874 763055
-500846 -575352 -500836 -575348
-419273 338175 -419264 338183
-546689 401774 -546687 401776
149280 868217 149290 868220
-678401 343361 -678399 343375
-716802 -10752 -716802 -10749
-320381 379113 -320367 379123
-729337 -869159 -729328 -869150
-873978 -624000 -873972 -623999
878222 773631 878236 773641
-600136 -485639 -600129 -485628
-578931 -540021 -578923 -540015
320893 580396 320899 580407
727589 23479 727594 23491
838028 844979 838032 844988
-465048 748087 -465036 748091
578050 856593 578064 856605
578092 -516925 578102 -516922
-716849 497032 -716842 497035
163410 -120623 163418 -120619
148208 740871 148208 740885
-915587 -155566 -915578 -155553
824142 -428350 824145 -428344
756125 198590 756136 198592
-952989 -354501 -952987 -354489
343868 694342 343875 694343
734151 -380928 734157 -380915
86940 -448885 86947 -448877
601043 208750 601047 208759
-996386 -753014 -996378 -753000
-147373 -442517 -147373 -442509
161178 590215 161192 590217
95845 578215 95859 578216
-476555 111942 -476549 111950
864886 23116 864890 23129
622386 -654475 622396 -654474
-869487 -481742 -869481 -481730
68010 -785262 68018 -785248
573008 544402 573014 544402
546504 481516 546505 481528
829928 974679 829940 974686
-987270 -883621 -987269 -883615
617965 -359253 617973 -359244
503633 -475128 503640 -475119
