10 102 400
-157013 -69696
237115 428193
-46432 -783887
199131 374060
-76885 -486515
-260624 792874
-32547 -74619
972511 -712037
3280 938240
-157012 -676413
647916 192529
574523 -798650
-88683 -255881
577884 379441
-808692 -62574
162998 -834604
-259386 41086
-785314 -368073
241056 -988664
-899863 203229
-659736 -111916
970963 675597
-684821 -800419
921094 -415895
-325615 -89458
-799518 891876
-585865 591488
311077 -467456
-441063 656928
312673 -99891
168754 -223602
-588740 -699974
-741486 70142
36390 591650
652382 925555
-708164 -293047
-47264 48376
868162 755822
-509314 -434315
-934858 -342367
-227035 -150270
241723 6946
27756 -983605
109689 127812
727185 458004
-4959 -594044
19779 -173123
-586571 -767224
262924 665222
-353818 -751806
877967 -679823
-583342 478467
826238 -255174
145705 776327
-133291 -622736
548537 -574420
-132811 803766
-9629 683908
-804958 -998707
-354322 -942655
303987 591229
834295 -375860
-667894 375719
-917983 -436567
-640042 631788
616042 -945430
435731 -694989
-617902 414324
-818851 -532222
84740 -816346
502658 961537
-437465 -266737
-874714 265998
-292406 -434355
859248 9908
-456631 13484
927885 -275461
656563 585206
143685 -776376
906596 111604
626608 -85482
-569583 728465
-282954 -387609
406320 -714095
-65672 -91432
848576 -124556
-9238 -353386
-693680 25521
443819 404489
401671 -242925
400817 -805549
-692152 -38513
-689576 363301
-905148 -32826
-872167 -599196
119220 -868425
141413 -818276
288955 432658
717813 -784542
-659059 582874
-613734 39664
799910 318173
-66753 -261238 -66962 -261460
-323512 -560720 -323452 -560584
-343093 319636 -342997 319419
-418879 526470 -418807 526345
407061 -778396 407140 -778596
215982 -754346 215825 -754378
89351 -411667 89063 -411552
93274 -539884 93427 -540145
489684 -749634 489448 -749435
48113 -585164 48243 -585231
157721 247989 157824 247859
21794 -526691 22083 -526835
746881 -727990 746789 -727868
161184 135924 161082 136060
422330 396840 422524 396668
119626 -256033 119725 -256215
674015 197909 674064 197731
191900 -426923 191810 -426792
-25102 97108 -24870 97180
685965 -606065 686079 -606223
-370313 -773943 -370125 -773840
233407 -113313 233592 -113152
281656 115883 281865 115988
33571 285288 33698 285372
-70909 -278533 -70993 -278428
572854 -626039 572759 -626243
514031 -567386 514233 -567216
-284091 603987 -283953 603837
831981 -323062 831796 -323185
-398080 45525 -398250 45665
-140989 56857 -141247 56692
410040 635240 409818 635071
454992 201047 455189 200851
363610 504109 363807 503847
590805 -778448 590653 -778355
13800 173113 13645 173051
-583421 9886 -583221 9693
-107483 -724412 -107593 -724597
384927 -389614 384775 -389380
328087 -875127 328061 -875250
100518 -35125 100451 -34971
-4119 -118395 -3906 -118279
62016 -137678 62222 -137488
-116441 -716042 -116295 -715831
358307 -888447 358526 -888675
238821 271181 238893 271248
-156392 320347 -156574 320437
-73758 -59598 -73962 -59473
-182157 493877 -182017 493998
-229469 -398190 -229338 -398126
222997 293457 222866 293257
561570 -478200 561500 -478347
-439647 -206214 -439833 -206384
-370431 375122 -370163 375224
138421 240884 138183 241031
-284495 -194155 -284301 -194029
-334218 -572626 -334445 -572858
-682288 -227938 -682139 -227808
268934 228552 268730 228346
172223 307455 172413 307221
75403 -259442 75183 -259686
-301797 -410927 -301574 -411097
-274431 32715 -274249 32486
124598 275299 124428 275548
39907 -384077 39803 -384238
-608938 -83139 -608824 -82969
133788 562113 133860 562300
95809 -315083 95648 -315268
-353511 262037 -353396 262213
-207050 577935 -206939 578010
-412486 258734 -412253 258458
34343 702351 34253 702109
781133 -307649 780889 -307721
-387393 505244 -387529 505107
-111158 389491 -111417 389265
887703 -505979 887907 -506134
275937 -722124 275739 -722011
-616892 -170600 -616633 -170766
-280273 352719 -280551 352663
442616 -397011 442741 -396746
659567 636937 659654 636759
-655576 -44731 -655747 -44832
-272091 577668 -271946 577844
-625423 -568592 -625573 -568795
-140131 49985 -140012 50103
245442 -681278 245224 -681115
-335054 720208 -335264 720297
-401629 -798167 -401391 -798018
876077 -368772 876278 -368996
-408052 -259025 -407960 -258947
335115 699419 334921 699493
-450430 437652 -450597 437842
581958 210602 582130 210536
449731 -184647 449784 -184925
-165584 -443986 -165324 -444141
-46825 -256489 -47050 -256516
352744 -352190 352604 -352286
55716 636955 55598 636866
619402 412696 619550 412894
-261122 -183226 -261311 -183033
308567 256205 308770 256374
451257 502577 451152 502721
218229 948292 218134 948184
544765 108588 544569 108816
299121 470384 299309 470128
152552 191325 152632 191486
525259 -167362 525119 -167112
-434894 -13724 -435068 -13585
240396 -638748 240589 -638476
-39281 -423329 -39474 -423173
365497 -145234 365293 -145448
335475 -181363 335683 -181220
320336 312316 320170 312449
-95994 -246519 -95801 -246353
543137 -100780 542983 -100880
246301 -769817 246215 -769652
-65789 600149 -65932 599978
-135444 -79267 -135335 -79455
-265993 -531685 -266081 -531537
278533 43190 278362 43019
317101 122567 316909 122328
-16032 596295 -15831 596464
13730 -272944 13866 -272802
-331207 375605 -331031 375722
-6617 166921 -6790 166778
-50720 -131791 -50922 -131911
53029 -705042 52880 -704893
-347021 -524826 -347278 -524687
-268242 -591747 -268071 -592009
-448590 -487553 -448360 -487676
865613 -164580 865433 -164821
-328000 -345740 -328211 -345891
-499174 -227526 -499404 -227314
212853 508492 212974 508576
-303096 -447514 -302915 -447689
-64614 402450 -64715 402247
553200 -765606 553384 -765762
-361469 407063 -361656 406816
-552278 444022 -552134 444142
-466533 -310031 -466473 -309824
-236143 61224 -236386 61017
-437728 279344 -437516 279110
-549422 -24 -549570 -198
-63310 -443224 -63165 -442935
-663543 -796192 -663742 -796037
639838 -38906 639622 -38746
956503 -554830 956437 -555028
938501 -605568 938369 -605694
325067 589078 325217 589174
-394772 -303686 -394668 -303817
157228 187958 157368 187874
736258 -58695 736325 -58760
-531716 -194095 -531575 -194314
619906 -730781 619774 -730969
153439 292981 153203 293141
719766 -681414 719979 -681570
340704 376155 340947 376055
359820 -115884 359985 -115747
326160 -318271 326391 -318390
-160034 113297 -159874 113207
105370 -128023 105182 -128165
654575 -434907 654469 -434625
-167334 -230583 -167148 -230304
579193 -699685 579264 -699450
-284324 -84644 -284149 -84483
-85158 169370 -85038 169200
-49672 745099 -49837 745253
-224705 360914 -224552 360795
-25941 371547 -26133 371633
168521 -254985 168681 -254823
-59874 -183194 -59793 -183334
118005 -204983 118066 -205093
165395 -535559 165267 -535409
-184177 502050 -184012 501813
-247156 -135406 -247320 -135197
-459267 -649290 -459091 -649440
82075 28389 81883 28457
41791 -175850 41563 -175720
123762 19274 123909 19117
-7023 -597097 -6878 -596914
-57329 -447796 -57139 -447682
59837 -350894 59751 -350729
-119492 121734 -119699 121898
588282 497589 588155 497793
78199 -97288 78061 -97127
-534716 -106407 -534860 -106246
-240852 -281506 -240931 -281404
491813 92742 491940 92888
420450 402086 420563 401875
-354179 146396 -354384 146222
232205 -65317 231926 -65487
-211852 -37286 -212006 -37451
568764 -548627 568922 -548852
-45457 349406 -45248 349547
248122 529175 247998 528891
249530 -448416 249716 -448572
156197 95820 156063 95756
-410031 240863 -410135 240694
-364144 380919 -364257 381018
533806 -626996 533884 -627043
-178815 -323782 -178938 -323665
-20228 -336694 -20061 -336448
617522 84375 617619 84121
-581095 -171009 -581250 -170845
19996 -478141 19721 -477938
-212437 368997 -212358 369198
-105424 -402591 -105507 -402656
104469 -820556 104687 -820379
-348277 738413 -348402 738686
-13496 -633180 -13338 -633017
188867 174922 189024 174811
769202 -712919 769390 -712651
292893 239852 293055 239653
302243 61211 302070 61335
-268584 485868 -268518 486132
-83984 -315741 -83764 -315585
117069 96137 117024 95948
161851 592220 162025 592009
123707 -561886 123921 -561743
-446481 218333 -446385 218492
-477614 300979 -477483 301186
-106355 -476710 -106532 -476574
-364049 -405636 -363926 -405804
-701191 -113059 -701080 -112895
213453 -517711 213291 -517858
96245 247611 96147 247729
-33546 626480 -33393 626325
-689358 -618858 -689567 -618594
119622 148761 119761 148582
298437 542513 298629 542635
-499635 -254152 -499376 -254017
-205436 -311664 -205562 -311899
-83868 -1804 -83975 -1919
-267153 -469608 -266999 -469436
-506751 -251138 -506625 -250976
-410888 633797 -410604 633895
-427629 -150995 -427904 -150889
-8496 8905 -8634 9159
21739 -358726 21867 -359000
-254014 -62513 -254151 -62420
434929 188086 435110 187997
25424 198940 25246 198899
213866 -469414 214025 -469590
20457 275877 20628 275966
75242 557898 75123 558120
-151245 208067 -151120 208219
147687 -328568 147885 -328691
66923 -87127 67101 -86946
85296 -543512 85374 -543393
94868 -291187 95010 -291129
-324079 662142 -324217 662055
849260 -370837 849061 -370748
16979 149954 16808 150037
594799 -110596 594941 -110852
31088 -823515 31276 -823370
-232918 -540522 -233069 -540736
-94946 -736647 -95129 -736696
-214070 -278547 -213953 -278705
-238985 613530 -239112 613738
199356 -64785 199134 -64584
652037 -320896 651817 -320673
221231 474387 221002 474679
-230816 66653 -230920 66419
-35981 -189293 -36135 -189112
-492736 -183793 -492585 -183647
575285 -16993 575172 -17035
-217527 474778 -217393 474951
367867 201902 368004 201946
340952 300922 340777 300776
-112178 577278 -112370 577131
192418 -30003 192240 -30057
486240 -233636 486446 -233883
232114 876183 231973 876011
-279266 -580064 -279427 -580151
-174853 -179188 -174729 -179298
542852 -108754 542998 -108686
-539918 189098 -539977 188927
-490588 10185 -490471 10082
-550100 134092 -549940 133941
467612 71056 467355 70962
-406242 300441 -406099 300624
-416052 517426 -415908 517543
-23137 23480 -23090 23313
-444585 -468121 -444773 -467940
-59133 -202607 -58889 -202393
-140794 -153683 -141014 -153554
-206396 -455222 -206342 -455110
615168 -489733 614905 -489927
-588150 300737 -587971 300570
510002 -566074 509804 -565833
518804 255342 518871 255511
103827 -671532 103671 -671748
380378 -96168 380550 -96274
-460552 -163683 -460383 -163851
729540 -133217 729381 -133130
-418625 -161463 -418396 -161265
-107996 -325384 -107727 -325184
70858 743256 71017 743358
-65272 506472 -65464 506362
-307400 -403695 -307580 -403445
281720 464358 281517 464260
-347552 -924990 -347356 -924772
-97052 -734670 -96880 -734791
159141 -155464 158957 -155381
-240344 353981 -240576 354150
-485296 -86147 -485230 -86374
904774 -688852 904904 -688990
178324 -427922 178560 -427785
231690 -179981 231901 -180149
30281 42814 30418 42595
-273231 381940 -273375 382095
-86726 -744862 -86593 -744700
628957 441193 628710 441245
95861 287539 96074 287363
268738 149569 268548 149380
-647847 -31916 -647655 -32073
325147 -715329 325384 -715446
142164 694768 142403 694608
5907 -17718 5693 -17550
-566034 511411 -565869 511279
106567 -177830 106848 -177647
365887 -282169 365766 -282050
-110702 -76501 -110770 -76664
470101 217537 470333 217325
-554852 -620195 -554638 -620352
665738 -34996 665496 -34847
377969 -82740 378042 -82552
-123748 -284980 -123586 -285060
604422 -258416 604664 -258566
-239735 -176278 -239493 -176516
147735 174094 147457 174230
183419 491748 183606 491603
445649 238014 445785 238068
292210 482813 292413 482914
74221 218592 74285 218343
-428975 -322371 -428791 -322188
19899 537513 19704 537289
-79997 -702121 -79882 -701908
-64834 -404390 -64650 -404142
11286 -261467 11124 -261570
-201397 -138810 -201554 -138704
-55830 -724484 -55637 -724595
218076 -688193 218172 -688296
-436683 -53313 -436776 -53518
-45622 68677 -45710 68756
37917 -109659 37797 -109472
267286 -673460 267459 -673341
-287703 -421994 -287515 -421907
7378 -481745 7249 -481802
109645 -557335 109582 -557443
-152010 -361609 -151727 -361814
423894 397903 423724 398036
-24962 416703 -25010 416825
-64156 -611008 -64099 -610944
791541 605518 791452 605345
56585 822247 56316 822312
-73847 656160 -74026 656062
93571 835460 93765 835294
485485 93821 485651 93722
-210043 -277738 -210142 -277565
-489577 -229890 -489401 -230064
-335875 -218512 -335670 -218463
5045 -80209 5011 -80057
-140504 -440362 -140529 -440516
-69973 -761041 -70075 -760928
420752 -694626 421030 -694718
-12455 16715 -12673 16623
-69026 -250429 -68800 -250545
801087 -760963 800882 -760733
-3452 199020 -3576 198836
585989 -680894 585886 -680768
288796 -578194 288953 -578391
330161 48232 330291 48434
7021 -225509 6868 -225654
338597 101502 338696 101252
615291 -15791 615363 -15622
-322106 -920799 -322197 -920957
-341567 -137892 -341711 -137720
-13091 -111544 -12894 -111407
-87616 407688 -87516 407854
-215763 -264109 -215847 -264254
-27043 110689 -26828 110514
281898 121417 282192 121561
45254 -130898 45115 -130983
71827 -546963 71683 -547005
-132145 -522939 -131972 -522747
204616 -77019 204393 -76880
-270055 -366803 -269944 -366575
-324090 -693514 -324265 -693249
251483 -282508 251434 -282369
544455 66507 544178 66322
-593837 -246649 -593709 -246739
-566864 479229 -567017 479072
43416 311693 43603 311552
-195334 -163800 -195527 -163687
-82139 891145 -82031 891349
-108783 -71588 -108538 -71653
428192 657157 428360 657008
-140769 714395 -140997 714222
246788 620967 246569 620783
