10 52 401
256776 -172375
-924488 -835563
876543 91003
-599787 988829
297567 -586932
951343 -206067
778228 -635532
39017 -294012
-243082 -33784
-666334 -863322
986356 -70916
908836 -551850
-390605 891031
-27567 887931
744065 314656
148983 -220568
-159084 160653
849527 778576
295487 -350071
-357944 -794540
701427 -372921
-401826 767621
534609 737823
-455800 -930600
-463103 183309
-946838 438869
-938895 -330576
76619 -777415
590960 868695
91155 -638796
-723449 534306
643655 615426
-464440 -639630
631808 715050
-646387 553270
-720523 -893617
809157 -687248
-719391 -573131
-30035 70334
-760590 610698
-966736 -617469
743037 -690999
-64259 727410
85577 -738492
-279788 97860
-600103 537882
-179012 -697607
29865 932925
581436 -267868
-278164 -985616
-64998 -386537
707925 741803
-861798 43915 -861743 43960
-576328 -499146 -576145 -498937
169038 -373922 169187 -373804
853005 -180503 853187 -180292
-99134 265221 -99304 265074
252656 -625531 252536 -625789
-559986 -316382 -559799 -316475
194258 -328071 194425 -327952
407629 -561143 407514 -561400
634393 93292 634533 93513
138967 -142160 139087 -142305
-10092 -372094 -9946 -371951
-374662 -733899 -374431 -733704
375227 79608 375485 79493
372391 -277859 372534 -278058
645371 -387490 645527 -387447
834714 -482021 834907 -482259
120028 326436 119850 326278
610078 -429038 610212 -428890
352834 327090 353007 327325
-373483 172772 -373372 172658
598720 -459984 598969 -459941
-137713 -228103 -137824 -227939
148337 -477537 148428 -477794
-240912 -577912 -240808 -577767
162251 -108737 162107 -108895
461404 596015 461617 595921
-369433 328358 -369326 328239
-243001 -521675 -243177 -521765
596164 280685 596023 280800
-325300 -499285 -325459 -499152
-56590 -733574 -56344 -733616
-166895 341409 -166728 341131
643709 -8707 643873 -8650
45700 -447925 45958 -447762
352477 -449207 352678 -449393
-134594 427529 -134838 427388
670344 2899 670485 2638
828290 -191904 828161 -192010
-374941 -723765 -374736 -723650
674129 -574052 674322 -573973
-79111 383919 -78929 383772
-121433 -222340 -121202 -222418
932731 -358136 932547 -358329
-31777 -376475 -31968 -376352
931464 -127811 931739 -127559
594956 -231175 594749 -231067
695373 -46416 695299 -46601
731705 449426 731542 449268
81 -328784 -109 -328589
-356731 -787136 -356910 -786953
74554 -680816 74801 -681040
-200865 -470169 -200969 -470290
613471 588651 613559 588533
176523 52637 176442 52840
79312 -606382 79133 -606514
-314275 -492605 -314152 -492483
839840 46674 839627 46808
-577240 -303292 -577091 -303160
109734 -246928 109631 -246709
469096 220398 469323 220283
-191839 740724 -192035 740857
384464 -379558 384371 -379741
-232478 455210 -232603 455024
124411 41878 124518 42089
667467 384906 667735 384772
-235437 275174 -235254 275307
14054 74044 13947 73820
140624 -249505 140815 -249638
-501411 384056 -501249 384242
-379369 164362 -379171 164579
-687526 -747057 -687684 -746887
-259210 -471131 -259182 -470978
857715 -584803 857512 -584593
365336 -12445 365092 -12545
-58167 -833325 -57984 -833150
-131925 -234878 -131970 -235006
-511980 -561028 -512113 -560890
147912 -743761 148071 -743879
642144 -152034 642256 -151910
-660036 -409211 -659858 -409072
859373 -517501 859139 -517698
-105090 278142 -105283 278066
-33583 -389844 -33682 -389679
-785276 -850411 -785205 -850588
-119621 -587667 -119514 -587550
243177 -320277 242948 -320166
374223 105391 374009 105159
-528954 909659 -528735 909581
-693399 -705836 -693535 -705676
-423659 -110657 -423533 -110928
-495610 -752557 -495862 -752387
514635 -637519 514433 -637654
117433 56830 117151 56629
-52596 75491 -52792 75426
201656 -131953 201758 -132131
622891 -563678 623014 -563935
-184859 215223 -185034 215090
-786093 -57264 -785910 -57497
-27377 -811810 -27241 -811974
418627 -384739 418774 -384879
-14109 -13916 -13960 -14190
-361780 -513126 -361831 -513311
150691 247122 150556 246998
407745 -276105 407630 -276274
186004 -211747 186191 -211947
-531010 -664804 -531102 -664839
-528505 432297 -528700 432027
-69391 591626 -69427 591789
382613 82597 382432 82441
193644 -384676 193484 -384900
-273777 -620298 -273582 -620447
101703 -676656 101773 -676768
415465 -299336 415505 -299451
-662523 247794 -662353 247899
-53594 -81457 -53527 -81568
899615 -334729 899390 -334457
-625289 280769 -625201 280991
556380 260542 556258 260464
-232357 69292 -232608 69455
-200384 -370845 -200249 -371119
-408433 604268 -408210 604363
449145 180816 449359 180591
-412356 192706 -412648 192908
-185701 -448125 -185609 -448346
853062 -271718 853228 -271545
-686922 -883617 -687040 -883852
588721 -353480 588529 -353378
-689964 -733624 -690209 -733497
-78349 -416690 -78510 -416593
-803473 -10422 -803270 -10135
-268721 595117 -268915 595157
14587 -50953 14419 -51113
519867 -129408 520006 -129678
-93927 -437895 -94055 -437670
613318 -280421 613411 -280270
-374509 565422 -374268 565170
-365761 255538 -365855 255704
163106 284029 162940 283995
-138079 -854795 -138157 -854514
806289 -320836 806200 -320915
540134 -495288 539973 -495152
735972 369138 735898 368976
-328592 -500987 -328527 -501131
609327 356642 609483 356523
15923 -105639 16071 -105525
275576 131387 275788 131529
-320426 -409247 -320604 -409452
-80004 -514414 -80116 -514303
-336671 -533114 -336751 -533190
-647800 812738 -647605 812554
385713 389468 385545 389617
149522 -843783 149616 -843957
901791 -9462 901844 -9224
4669 523138 4593 523221
-533336 -716031 -533180 -715832
-499952 -340352 -500189 -340171
246950 -7771 247058 -7640
436149 -215275 435982 -215466
-402740 -946247 -402652 -946451
704073 -229968 703841 -229805
441109 390341 440965 390152
-790315 -778294 -790363 -778446
235322 -384905 235502 -384633
533363 -417916 533274 -418084
-873174 -485324 -873064 -485175
-49553 372194 -49319 372000
-695839 -143368 -695634 -143128
-725541 789277 -725723 789382
191503 -547527 191704 -547632
105359 -720235 105158 -720095
148059 532214 148270 532050
506205 -137259 506238 -137380
-818496 -601351 -818367 -601492
-153552 376331 -153311 376430
-108027 -71239 -108205 -71104
610902 -31195 610646 -31077
845222 -140728 845178 -140553
183479 -70490 183313 -70266
-741380 -620251 -741525 -620110
562624 -498281 562420 -498489
-190074 191970 -189931 191876
567361 -353034 567552 -353224
-174941 -766043 -175098 -766265
-431629 380563 -431509 380773
-500295 -597303 -500514 -597172
833701 -599953 833641 -600031
-51683 644057 -51796 643817
750034 -57426 749771 -57138
-39531 481586 -39308 481738
-197672 14128 -197844 14188
-295519 69632 -295773 69496
117697 504245 117924 504482
827513 -270611 827680 -270797
121315 207754 121173 207562
893008 25480 893196 25256
940247 -295919 940454 -295651
714160 426831 714306 426990
658609 -376533 658781 -376585
-537723 -523309 -537507 -523086
224587 -334560 224714 -334609
-283183 -279808 -283348 -279749
-148875 -73076 -149116 -72913
226644 20355 226847 20221
-936286 -163670 -936258 -163499
-63450 46732 -63179 46883
648327 -558829 648357 -558587
400602 -24401 400425 -24513
-507961 -273426 -508039 -273605
145338 103577 145170 103726
210439 95029 210411 94921
512841 -512799 512731 -513014
125254 364724 125312 364932
-179012 114405 -179247 114246
-81167 658224 -81315 658365
292118 -751733 291913 -751887
385451 132254 385571 132102
861306 -429439 861203 -429596
-518539 950941 -518435 950712
-666588 -357318 -666435 -357470
-620688 -664907 -620619 -665056
813533 190788 813719 190901
-315483 37551 -315262 37693
522329 273281 522501 273454
582740 -165961 582905 -165881
370959 697283 371128 697168
-763552 -805772 -763686 -805839
-752199 25459 -752061 25407
-353426 -514490 -353570 -514700
441186 -255255 441293 -255104
313159 -379424 313375 -379262
-77423 -309762 -77610 -309492
-729500 124977 -729657 125153
240478 -201407 240311 -201440
224443 17209 224694 17029
420872 339064 421141 339232
406028 -597774 406240 -597955
-237880 59784 -237642 59548
-203757 132850 -204024 133001
-135777 345851 -136002 345610
582163 -519635 582372 -519464
35557 173474 35420 173295
309919 -466548 310051 -466713
759427 -571688 759684 -571829
94593 -263109 94356 -263013
433251 -432399 433178 -432107
534357 307099 534176 306985
807314 -92220 807464 -92016
130959 74744 130729 74912
402526 123605 402680 123737
-330583 106624 -330769 106447
110025 -740967 110296 -740731
-491973 193624 -491917 193771
-268330 -542133 -268527 -542159
-369459 -623568 -369628 -623767
645798 527294 646012 527172
231857 433179 231582 433410
-199820 446617 -199917 446713
-486108 -717730 -486215 -717978
-102750 -765178 -102629 -765331
-589441 -466961 -589346 -467136
103800 224204 103885 224095
-130752 -410791 -130998 -410573
243634 13873 243841 14026
-105093 405949 -105274 405834
474951 -137248 474825 -137401
194202 -96977 194441 -96846
750270 -540313 750369 -540146
177900 161700 177750 161575
471744 6037 471898 5891
27785 21363 27951 21208
425736 520305 425598 520428
-530535 433392 -530358 433649
-25126 -139422 -25248 -139671
-400177 -796987 -399969 -797121
890091 -176412 889892 -176202
-734406 -30599 -734269 -30716
-327350 -589954 -327591 -589677
40858 -333855 41082 -334037
5644 -291108 5407 -291293
460200 -290915 460374 -290638
560407 -55967 560615 -55844
93402 -600913 93565 -601123
56822 287649 56652 287682
157827 309348 157993 309444
-251891 272638 -252165 272473
201303 -394011 201472 -394232
-466688 -425277 -466938 -425409
-561839 484042 -562000 483864
-499356 -714530 -499205 -714725
-542095 -902916 -541883 -903088
-234524 -534985 -234481 -534863
-315239 -586409 -315164 -586631
-271171 -772807 -271036 -772624
2855 -478423 3001 -478173
851365 -94473 851445 -94622
66417 273303 66287 273113
139602 -280938 139509 -280856
692259 55809 692098 55641
722644 575246 722778 575055
338175 -376153 338007 -376246
396202 -215958 396458 -216158
463845 -622541 463670 -622301
90722 -256447 90877 -256307
278511 -394668 278706 -394815
288314 -731933 288411 -731761
65124 -43073 65200 -43230
-699704 313240 -699804 313413
-393580 -185184 -393674 -185217
-82966 -181690 -82846 -181482
353584 -497514 353464 -497700
575158 -439972 574972 -439832
-409765 510020 -409683 509784
162046 -257957 162295 -258155
458009 119005 458062 119202
550938 -186523 550781 -186734
-309644 100026 -309471 100221
714990 -46767 714832 -46941
972039 -126430 971904 -126304
227310 -187510 227165 -187650
763204 -659194 763295 -659077
-173114 -172217 -173391 -172018
-212949 166320 -212882 166173
-224279 -158963 -224506 -159211
-114841 280216 -114938 280108
-131415 443389 -131542 443540
553401 -16201 553574 -16387
-131086 -722807 -131281 -722594
220951 150630 221199 150404
-490267 -408761 -490057 -408988
-142062 -164262 -141870 -164050
73697 -626344 73941 -626205
291388 -234579 291533 -234514
-79648 -79064 -79371 -79230
-218200 -752461 -218389 -752623
154030 485034 154157 485215
-115940 301161 -116140 301242
-540362 196436 -540311 196587
-409853 500217 -409646 500074
-287035 919289 -286757 919226
165990 -29787 165824 -29984
-515649 -930624 -515507 -930426
125459 194050 125322 194155
220132 -235566 220103 -235616
-29437 -102574 -29668 -102800
564606 56337 564744 56134
-182276 316266 -182156 316338
60148 -248708 59991 -248879
16226 17286 16037 17515
-191627 -49725 -191397 -49899
-244404 -83126 -244549 -83385
219778 -642464 219925 -642593
-213465 -567530 -213274 -567367
-56413 -228324 -56467 -228563
-56303 -693608 -56402 -693468
454676 -495325 454778 -495406
335404 -705416 335273 -705322
701144 360631 701118 360767
-439011 344118 -438885 344019
-230045 -602432 -230117 -602663
345975 -601440 346076 -601367
-375511 -94956 -375415 -94813
417685 -320574 417587 -320700
-331562 220011 -331735 220150
203884 -133890 203652 -133725
273394 -205844 273488 -205714
-102800 -100542 -102634 -100792
220810 -606192 220688 -606317
481750 -346709 481893 -346790
-143420 -471672 -143226 -471867
473797 -143359 474062 -143141
-314486 -407809 -314660 -407671
801171 -466344 801100 -466167
511505 -184873 511433 -184711
162581 -315754 162386 -315854
512232 -182450 512376 -182683
47389 4662 47600 4526
-464680 -746464 -464925 -746604
-62822 110963 -62574 110813
-644593 883796 -644330 883718
-99968 607821 -100014 607986
223384 -404167 223467 -404098
-592610 -649152 -592709 -649359
-213158 333609 -213412 333819
801995 -165844 801807 -165942
-509843 -94854 -509657 -94589
36516 -173012 36617 -173094
238558 6160 238439 6299
397218 -303076 397103 -303204
-790873 -620053 -790809 -619937
101261 2943 101064 3073
-423608 49769 -423390 49916
29658 -529611 29492 -529782
593313 -188680 593467 -188760
293338 -74461 293420 -74394
-174414 134701 -174612 134797
356149 529775 356018 529593
321953 187339 321728 187453
161321 -447936 161172 -448108
116666 70417 116428 70561
178725 -348321 178561 -348453
