10 100 301
909230 784889
-915339 -1622
168455 -454698
954989 -212992
928089 118678
926190 -327356
-134252 103505
656722 -560763
376251 -290237
755780 -921480
-907580 866068
991371 -934193
435835 -192449
414954 567742
-571060 -693347
-42299 -529903
-824270 -690274
171140 98782
-302891 -744828
-148738 -529199
145280 -568156
-412182 -822296
268481 -485580
-230811 183972
328780 -367286
-845518 474644
374231 453220
-863484 901004
-287488 -319623
-226643 475159
552345 274171
-974310 -278110
-786852 752441
58327 519116
548123 369331
569388 -642651
423321 -826904
-687315 77786
937221 -776858
998674 -437214
20722 -335579
-435902 -962522
-599075 -288934
-580238 -36175
814129 -227429
855224 780149
525100 -851664
426014 -434727
520513 452487
-305743 693921
739706 547002
-814511 462847
760633 -354549
-515624 927133
-157345 -696601
758685 -266393
-205656 141271
200301 -862052
-2719 999846
-515674 -148709
-681277 314061
-282960 258220
187809 515656
-252266 -68444
-908549 472583
721591 313805
-932344 -771440
870205 731807
-642989 906721
-849520 681047
857172 894551
-621874 379032
-359851 -806291
-642708 168397
476803 122985
149805 369183
-892637 -970914
-793812 -523887
722162 372192
147274 -240382
956848 855734
-530580 -876931
883527 -597296
58579 -165205
-766030 -942484
395696 58026
612963 -223573
132762 -79270
230569 -495867
-947434 833913
-895980 -887214
-892 274958
-729399 -236497
430514 -587564
840909 -709087
-653329 -882774
-849942 -940014
137295 726193
-624388 -91540
730191 -23827
-998333 -635555 -998331 -635551
10934 251048 10944 251050
604920 -964557 604931 -964547
707882 -378319 707883 -378316
925333 541773 925340 541774
318839 -808523 318850 -808516
-883294 -366651 -883282 -366640
-461072 -566746 -461061 -566736
-650192 -578547 -650187 -578544
-676980 -470591 -676969 -470581
609942 -236234 609945 -236221
-783440 619111 -783437 619112
811001 -246197 811013 -246189
-705025 361791 -705013 361800
825458 303820 825462 303823
52699 -412222 52704 -412215
-217284 379067 -217284 379076
-207260 -637884 -207249 -637873
-46113 766559 -46113 766564
74400 62467 74408 62468
249459 956965 249470 956966
-252919 -993426 -252907 -993421
458121 907478 458127 907486
720740 -963813 720752 -963805
-934942 -472726 -934942 -472716
813027 84643 813031 84652
-342697 -291398 -342690 -291389
-121388 -812549 -121376 -812540
-120128 -397647 -120115 -397637
5207 591138 5219 591139
32136 710430 32144 710443
-783265 192200 -783256 192208
354467 -698818 354476 -698807
-820420 -196316 -820420 -196313
833859 -311629 833865 -311618
244924 475080 244932 475080
-695298 637593 -695287 637593
-429048 -712076 -429043 -712070
448058 -628455 448069 -628442
-808474 -999676 -808472 -999673
786305 -606633 786307 -606633
981924 764249 981931 764258
292898 570490 292906 570498
-611336 230485 -611333 230497
-826874 -169557 -826870 -169547
-968653 292017 -968641 292023
434600 932324 434605 932334
791306 457122 791312 457131
25192 -361807 25196 -361806
599197 481803 599199 481804
415143 -842173 415152 -842163
72033 913231 72045 913236
-335656 233551 -335652 233562
909993 854658 909997 854666
766331 -660427 766342 -660427
476192 -265727 476200 -265720
974292 -814179 974305 -814170
-126515 881716 -126512 881728
-521800 -834713 -521792 -834706
589305 -677404 589318 -677401
-216484 391305 -216480 391308
313360 109618 313370 109631
-166159 682449 -166154 682461
335925 -53134 335929 -53127
782672 -634006 782672 -633998
-80337 327033 -80327 327033
143273 430233 143273 430238
594719 698480 594719 698493
-437185 902910 -437172 902913
-310090 160744 -310080 160754
-595107 385972 -595094 385985
55880 464383 55892 464385
659554 696096 659556 696099
207185 -35280 207197 -35277
-894496 768746 -894492 768752
-405424 206899 -405424 206900
916181 -983444 916186 -983432
-877860 384448 -877852 384460
707988 73223 707992 73223
-799802 -16553 -799789 -16542
-814726 365217 -814716 365221
927645 -514804 927658 -514791
-165979 -547176 -165977 -547172
-59851 -424417 -59844 -424411
710147 -761676 710154 -761673
-651246 -423158 -651236 -423157
-458670 -815722 -458667 -815721
-943885 652197 -943881 652205
-653032 -843067 -653029 -843057
859503 -30661 859514 -30656
-124328 -571894 -124327 -571891
-755192 333932 -755185 333933
147583 -488319 147589 -488315
179316 515346 179318 515355
-132834 711270 -132833 711274
697974 113105 697981 113118
-782330 -685947 -782323 -685940
768867 608560 768868 608568
-843354 582796 -843352 582800
-860681 381736 -860675 381741
302896 19309 302903 19322
-502926 843089 -502919 843094
-420670 -456602 -420663 -456600
508559 675399 508564 675400
436789 -499121 436800 -499109
992645 157811 992650 157823
-160643 -467648 -160635 -467636
853515 -655690 853527 -655688
685311 596379 685318 596384
-634513 -970866 -634507 -970865
-2397 -863484 -2387 -863478
-165546 210731 -165539 210742
-357030 60026 -357022 60032
702922 376549 702933 376557
-504731 283473 -504726 283483
415957 618464 415967 618466
342320 -503048 342321 -503048
435437 604449 435445 604462
575748 126669 575754 126670
473568 846875 473571 846884
756713 200741 756715 200741
-931540 -158910 -931529 -158906
449709 -926589 449712 -926581
-724255 83425 -724250 83432
-904644 885584 -904644 885597
736212 962264 736215 962267
95990 52857 95996 52862
244666 837010 244671 837013
-861480 -697801 -861477 -697796
-75255 29028 -75249 29038
73065 -633257 73075 -633256
-701950 96015 -701940 96018
-20446 575719 -20445 575720
510618 -341376 510629 -341366
-530815 -799888 -530815 -799878
-97173 121229 -97169 121230
-566756 227640 -566756 227651
-474545 842177 -474533 842189
-870116 386911 -870104 386923
710860 -97854 710866 -97844
-410718 -359398 -410707 -359398
-310233 435687 -310224 435695
17105 -793221 17110 -793217
-906892 -566028 -906882 -566024
963581 -25481 963591 -25473
-594438 325889 -594433 325896
-198353 -327629 -198345 -327626
232694 953306 232705 953309
162280 563219 162288 563232
-315403 -629191 -315396 -629183
19192 332555 19197 332565
-121727 -920036 -121719 -920029
506923 -676608 506924 -676602
-379284 -239133 -379275 -239124
-164915 509382 -164909 509393
-892724 765789 -892721 765796
-623056 -293523 -623049 -293513
-417726 684334 -417720 684347
-497453 442829 -497446 442833
519716 -767214 519724 -767211
679433 764794 679440 764794
611829 890030 611840 890030
109635 -687859 109636 -687854
156617 291765 156625 291767
-640166 221769 -640164 221775
283791 62719 283802 62727
534768 380848 534774 380852
-638593 438912 -638585 438924
-742304 -647644 -742298 -647642
256987 691404 256997 691415
98093 550394 98105 550402
622223 331312 622234 331320
3653 -933597 3660 -933585
-605387 732339 -605379 732341
-324973 936123 -324971 936128
861897 557268 861902 557275
587909 652784 587909 652785
-861239 -581448 -861234 -581440
301486 785787 301489 785799
440789 -656986 440797 -656982
426041 -214336 426045 -214325
186283 -83783 186294 -83770
741793 388608 741802 388611
494741 -501391 494744 -501389
-690703 -618408 -690698 -618401
861576 -350143 861577 -350140
521466 520181 521469 520190
-984139 -60466 -984127 -60456
-914649 -313291 -914638 -313279
747949 -479105 747952 -479100
-408140 -110891 -408135 -110887
-545796 54779 -545787 54789
-91091 -570389 -91088 -570386
825288 444031 825289 444044
-176765 800972 -176756 800982
129510 859678 129514 859680
-698266 -999665 -698264 -999654
-596392 -21857 -596384 -21854
141161 66509 141164 66512
655189 240117 655189 240129
58808 -571687 58821 -571687
529765 -295121 529768 -295108
821617 164330 821626 164343
-457507 -612333 -457503 -612322
-248159 988064 -248147 988069
-174584 -569666 -174578 -569658
-774583 977859 -774574 977868
762381 485161 762381 485162
-716941 -750593 -716937 -750591
-498633 650808 -498628 650821
-735300 -645352 -735289 -645340
19068 -799543 19071 -799533
-991467 641610 -991461 641621
217594 169686 217598 169699
-622003 -109174 -622000 -109164
-526279 902916 -526272 902917
-785188 491078 -785188 491079
282104 324540 282111 324550
885904 -114013 885911 -114000
703430 606893 703434 606898
301921 450913 301933 450913
-636126 -359371 -636116 -359358
799762 -929476 799763 -929468
-471817 -817976 -471807 -817964
-285 -52755 -285 -52752
-626713 513148 -626704 513154
-695837 476822 -695826 476822
-323524 -809749 -323520 -809745
752071 46396 752077 46407
-883748 -160001 -883740 -159996
220399 916524 220401 916535
-504193 740246 -504189 740256
438052 -338665 438065 -338661
767371 -841661 767380 -841653
-171263 -820562 -171253 -820559
819444 -578165 819445 -578164
969959 894838 969959 894849
70066 335911 70073 335924
17622 -561447 17628 -561435
-436183 691697 -436171 691706
-41832 107956 -41827 107968
879951 647552 879954 647554
967725 -33259 967737 -33257
-81499 155041 -81489 155049
-984950 611471 -984950 611472
-866243 435866 -866241 435878
434383 -542429 434388 -542423
379744 -767736 379746 -767724
985016 744610 985018 744610
746001 411188 746005 411191
65418 -166217 65424 -166206
-595274 803754 -595269 803764
-654569 934062 -654561 934072
412069 146486 412077 146487
-427057 224876 -427053 224879
873176 643894 873177 643906
705648 375175 705648 375176
80962 -905844 80974 -905835
-689002 720744 -688994 720753
431135 -558645 431141 -558640
469429 -744997 469434 -744997
315776 252668 315786 252675
-221923 236608 -221919 236619
-723211 175084 -723200 175092
-371695 -749847 -371683 -749835
-827312 995397 -827305 995407
650376 -215331 650389 -215323
571099 395681 571099 395688
286616 644920 286623 644920
605401 -920623 605401 -920617
-961194 354148 -961183 354153
127170 607081 127181 607088
-998244 -445787 -998232 -445777
815017 -918543 815029 -918539
545927 -793706 545936 -793696
582354 -942406 582366 -942403
790762 492191 790767 492201
-202230 624010 -202217 624010
-608585 554919 -608579 554920
384358 106582 384364 106585
-902828 -713607 -902819 -713596
973350 420410 973354 420414
-319941 537144 -319929 537151
14966 -536664 14976 -536656
150254 -547767 150257 -547767
403549 -274679 403552 -274667
-11966 252488 -11964 252492
-618706 808949 -618697 808951
-485197 851731 -485185 851736
189462 -386978 189468 -386967
680870 88665 680876 88666
480641 -359426 480648 -359415
-273374 -36228 -273367 -36228
-929758 446960 -929751 446971
3320 160514 3329 160515
-259681 641867 -259668 641875
-304927 -456838 -304922 -456826
-454952 930157 -454944 930161
-458362 -575901 -458357 -575894
-796322 111445 -796318 111446
600763 963481 600776 963489
