10 30
13296 100 1 1000 100 1000 1000 10 10000 100 1
24243 10000 1000 100 1000 10000 1 1 1000 1000 100
33307 100 1000 1000 100 10000 10000 10000 100 1 1000
51303 10000 10000 100 1 1000 10000 10000 10 100 10000
30310 10000 10 10000 10000 100 100 100 10 10 1
30174 10 10 10 100 10000 1 1 1 10000 10000
12093 1000 10 1000 10000 1 10 1 1 10 1
11499 10 10 100 100 10000 10 100 10 100 1000
1110 100 1 1000 10 10 10 1 10 10 10
10214 1 10 1 1 10 10000 10 1 100 10
12413 10 1000 1000 100 100 1 100 10000 100 1
23260 100 1 10000 10 100 10000 1000 10 1000 1000
22167 10000 1 10 1000 100 1 10 10000 1000 100
52095 10 1000 10000 10000 1000 100 10 10000 10000 10000
41974 10 1 1000 1000 10000 10000 1 10000 10000 1
32282 1 100 1000 10000 10000 1000 1 10 100 10000
11509 10 100 1 100 100 10 100 1000 100 10000
21310 10 100 10 100 1 10000 10 10000 1000 100
16143 1000 10 1000 10000 100 1000 100 1000 1000 1000
21224 10 10000 10 1000 1 100 10 1 10000 10
20236 1 10 1 10000 1 100 100 10000 10 10
23094 10000 10 1000 10 10000 100 1000 1000 1 1
20341 10 100 1 1 100 10000 100 10000 10 10
22463 1 100 100 1000 10 10000 100 1000 10000 100
23205 1000 1 10000 100 10 1000 10000 1000 1 10
24098 100 1000 1 1000 10 1 1000 10000 1000 10000
24322 1000 100 100 10000 1000 1000 10000 1000 1 100
24193 100 1000 10000 1000 1000 1 1000 10 10000 1
41048 10 10 10000 10000 1000 10000 10 10000 1 10
12065 1 10 100 1 1 1000 10000 10 1 1000
