10 30
4308 1000 1000 100 1000 100 1 1 100 1000 10
3202 10 1 1 100 1 1000 10 1 1000 1000
50213 1 10000 10000 10000 10000 10000 100 10 100 10
24472 100 10000 1000 100 10000 1000 100 1000 100 1000
51217 10000 100 10000 100 1000 10000 1 100 10000 10000
3180 100 10 10 10 1000 1000 1 1000 100 1
12473 10 1 10000 100 1000 1000 10 100 100 100
50261 100 10000 10000 10000 100 10 10000 1 1 10000
40993 10000 1 10000 10000 10000 10 1 10 1000 1
21995 10 10 10000 10 1000 10000 1000 10 1 1
33080 10000 1000 10 1000 10 10000 1000 100 10 10000
21135 10000 1000 10 10 1 100 1 100 10 10000
12280 1 1000 100 10000 1 100 1 1000 1 100
22448 1000 100 100 10 10 10000 100 10000 1000 100
32153 10 10 10000 1 1 100 1000 1000 10000 10000
24260 100 10 1000 10000 100 1000 1 1000 1000 10000
32119 1000 100 1 1 10000 10000 1 1000 10000 10
31413 1000 100 10 10000 10000 1 100 10000 100 10
44018 10 10000 1000 10000 1000 1000 10000 100 1000 10000
42931 10000 10000 10000 10000 10 1000 10 1000 1 1000
1273 100 1 100 10 1 1 1000 10 1 100
31142 100 1 10 10000 10 1000 100 10 10000 10000
2201 10 1 1000 100 10 1000 100 1 1 10
21179 10000 10 100 10 1 1000 100 1 10000 1
23056 10000 10 10 10000 1 10 100 1000 1000 1000
11241 1 100 100 1 10 1000 100 10 10000 10
1578 100 100 100 100 1 1000 100 1 100 10
4261 10 1 100 1000 10 1000 1000 10 100 1000
23156 1000 1 100 1000 10000 1 1000 10 10 10000
11383 100 100 1 100 10 1000 1 10000 100 10
