10 20
20188 10 100 10 1 10 10000 10 1 100 10000
34199 10000 1000 10000 1000 10 100 10000 1000 100 1000
32363 10000 100 100 10000 10000 1000 1000 10 1 100
20333 100 10000 10000 100 1 100 1 100 1 1
22921 1 1 1 1000 1000 10 10000 10000 1000 1
42212 10000 10000 1 10 100 10000 100 10000 1000 1000
22231 1 10 1000 100 1 1000 10000 10000 100 100
31357 10 10 100 100 10000 1000 1 10000 100 10000
11382 100 1 10 10000 100 1000 10 100 10 10
21143 100 10000 1000 10 10 10000 10 10 1 1
11313 1 100 1 1 1000 1 1 100 10000 10
34013 1 1000 1000 100 10 10000 10000 1000 1000 10000
31172 1000 10 1 10000 10000 1 10000 100 10 1
12059 1000 100 1000 10 1 10000 10 1 10 10
24078 10 1 10 1000 100 1000 10000 1000 10000 1000
11382 1 100 10 100 1000 10 100 1 1 10000
31304 100 10000 1000 100 10 1 10 100 10000 10000
11450 100 10000 10 10 1000 100 100 100 10 10
12285 100 1 100 1 10000 100 1000 1 1000 1
3294 1000 10 1000 10 100 1 1000 10 100 10
