10 20
2429 1 100 1000 100 100 1 1000 10 10 10
12201 10 1 10 100 100 1000 10000 1000 1 1
23180 100 10000 1 1000 1000 1 10 1000 10 10000
25038 1000 1000 10 1000 1 1000 1 1000 10000 10000
12447 100 10000 100 100 1 1 100 1000 1 1000
13202 1000 10 10000 10 1000 1000 100 100 10 1
21263 10000 100 10 1000 10000 1 1 100 10 1
14164 10 1000 10000 1000 100 10 1000 1 1000 1
13140 10 100 1 10000 1 1000 1000 1 1000 1
21183 10 100 1 100 1 1 10000 1 10000 1000
31307 1000 100 10000 1 10000 10 10000 10 100 100
21296 1 1 10 10 100 100 1000 10000 1 10000
41186 1 1 10000 10000 1000 10 10 10000 100 10000
3127 1 1 1000 1000 1 10 10 10 1 1000
31943 1000 10 1000 10000 1 1 10000 1 1 10000
2267 100 100 1 1 1000 10 100 1 1000 1
13207 1 10000 1000 1 100 1 1000 1000 100 1
42052 1000 1 1 10000 10000 10000 1000 1 10000 1
21047 1 1 1 1000 10000 10000 10 1 100 10
51974 10000 10000 1000 1000 10 1 10000 10000 10000 10
