10 20
4349 1 1000 1000 1000 100 1 1 100 100 1000
12143 10 1 1000 100 10000 1 10 1 1 1000
11286 10 10 100 100 10 1000 10 100 10000 10
41348 10000 1 10000 1000 100 10000 10000 100 100 100
22009 1 10 10000 1000 10 10000 1 1000 10 10
13134 100 1000 10 1 10000 10 100 1000 10 1000
14186 10000 10 1 10 100 1000 1000 1000 1000 100
22155 10000 1 10 100 10 1000 10000 10 1000 100
60133 10000 1 100 10000 10000 1 10 10000 10000 10000
33022 10 1000 100 10000 1000 1 10000 10000 1000 1
32069 1 10000 1000 100 1 1000 10000 1 10000 10
13258 1000 1000 10000 10 1 10 10 1000 100 100
22238 10 1 100 1000 10000 100 10 1000 100 10000
24147 1000 10000 1000 10000 100 1000 1 1000 10 100
25027 10 1000 100 1000 1000 10000 1 1000 1000 10000
22048 10 10000 10 1 1 1000 100 1 1000 10000
33957 1 1000 10000 10 1000 10000 1 10000 1000 1000
21012 10000 1 10 1 1 10 10 1000 10000 10
2359 1 10 1 1000 100 10 100 1 1000 100
3120 100 10 1000 1000 1 1 1 100 1 1000
