10 30
42 1 1 1 10 1 10 10 1 10 10
139 1 1 10 10 10 10 1 1 1 1
33 1 1 1 1 1 1 1 1 10 10
153 1 1 1 10 10 1 10 10 1 10
99 1 10 1 10 1 10 10 1 10 10
20 1 10 10 1 1 1 10 10 10 1
20 1 1 1 1 1 1 10 10 1 10
52 10 10 1 1 10 1 1 1 10 10
83 10 10 1 10 10 1 10 1 1 1
154 1 10 1 1 1 10 10 10 10 1
84 10 1 1 1 10 10 10 1 1 1
28 10 1 10 10 1 10 10 1 1 1
41 1 1 1 10 10 1 1 10 1 1
124 1 10 10 10 1 10 1 10 1 1
55 10 1 1 1 1 10 10 1 10 10
90 10 1 10 10 1 1 1 1 1 10
58 10 1 1 1 1 10 10 10 1 10
56 1 1 1 1 10 10 1 10 10 1
3 1 10 1 1 10 10 1 10 1 10
33 10 1 1 10 10 1 10 1 1 10
150 10 1 1 1 10 10 10 10 1 1
158 10 10 1 1 10 10 10 1 10 1
137 10 10 10 10 1 1 1 1 10 1
58 1 1 1 1 10 10 10 10 10 10
4 1 10 1 1 10 1 10 1 1 10
32 1 10 1 10 1 1 1 1 1 1
68 1 10 10 1 1 1 10 10 10 1
10 1 10 1 10 1 10 10 1 10 10
94 1 10 1 1 10 1 10 10 1 1
15 1 1 1 10 10 1 10 10 10 10
