10 30
76 1 1 1 10 10 10 100 10 10 1
392 1 100 1 1 100 1 10 1 100 10
547 1 100 1 100 10 100 1 1 100 100
261 10 100 10 10 10 10 100 10 1 100
283 10 1 10 1 1 100 10 10 100 100
560 100 1 100 100 1 1 100 100 1 10
547 10 100 1 100 1 100 100 10 1 100
332 10 10 10 10 10 1 10 1 100 100
721 100 10 10 100 10 100 100 100 100 1
322 10 10 100 10 100 10 10 100 1 1
561 10 1 1 100 1 100 1 100 100 100
420 1 1 1 10 100 1 100 100 10 1
390 100 10 1 100 10 100 10 1 10 10
274 10 1 1 10 1 100 100 1 100 10
256 10 10 100 100 10 1 1 10 100 10
398 100 10 1 10 10 1 100 1 10 100
524 100 10 100 1 100 10 10 100 10 1
318 1 1 100 10 1 100 10 100 10 1
534 100 10 100 100 100 1 100 10 1 100
218 10 1 1 100 1 10 10 10 1 1
440 1 100 10 100 10 100 10 10 10 100
323 10 1 100 10 10 1 1 100 100 1
226 1 10 1 100 1 10 100 1 100 1
761 100 100 1 10 1 100 100 100 100 100
216 10 10 1 10 100 10 10 100 10 10
266 1 10 100 10 10 10 100 100 1 1
240 10 1 1 1 100 10 1 1 100 10
612 100 1 10 10 1 100 100 100 1 100
439 10 100 100 100 1 10 100 100 1 10
252 1 10 1 100 100 10 100 10 10 1
