10 30
503 1 1 1 100 100 100 100 100 10 10
4250 1000 1 1 10 1000 1000 1 100 100 1000
4085 1 1000 1 1000 1000 1000 10 10 100 10
2981 1000 1 10 1 1 10 10 1000 1 1000
3237 100 1 10 10 1000 10 10 1000 1000 100
2074 1 1 1000 10 10 1000 1 1 100 1
3315 10 10 100 1 1000 10 100 1000 100 1000
3281 10 1000 1000 1000 100 100 1 100 10 10
2279 100 10 100 10 1000 10 1 10 1000 1
3969 1 1000 10 1000 1000 1 10 10 10 1000
4224 1 1000 1000 1000 1000 100 10 10 10 10
2172 10 10 1 10 100 1 100 1000 1 1000
2095 10 10 100 1 1000 10 1000 1 1 1
1248 100 10 10 10 10 1 1 1000 10 100
1262 10 10 1 100 10 1000 10 1 10 100
3380 100 1000 10 100 100 1 1000 1 1000 10
3331 10 100 1000 1000 1 100 1000 100 1 1
3341 100 1 1000 1 1000 10 100 1 100 1000
309 1 1 1 1 10 1 1 100 1 100
1203 10 10 100 10 10 1000 1 10 10 100
3097 1000 1 1 10 100 10 10 1000 1000 10
3923 1 10 1 1000 1000 1000 1 1 1 1000
4265 1 100 1000 1 1000 10 1000 10 1000 100
5283 10 1000 1000 1 1 1000 100 1000 1000 100
2250 100 10 1000 1 10 1 1000 100 1 10
3231 1000 100 1 100 10 10 1000 100 1000 1
3088 10 10 1 1000 10 1000 100 1 1000 1
1221 1000 100 1 10 1 10 1 100 10 1
5084 10 1000 1000 1 100 1000 10 1000 1000 10
2330 10 100 100 10 10 1000 1 1000 10 10
