20 50
95 10 10 10 1 10 10 1 1 10 10 1 10 10 1 1 1 10 1 10 1
138 10 10 1 10 10 10 10 10 10 1 10 1 10 1 1 10 10 10 1 1
182 10 1 10 1 1 10 10 1 10 1 1 1 10 1 10 1 1 10 1 10
161 1 10 1 10 10 1 1 1 1 1 10 10 10 10 10 10 10 1 1 10
62 1 1 1 10 1 10 1 1 1 1 1 10 1 10 1 10 10 10 10 1
62 1 10 10 10 1 1 10 10 1 10 10 1 1 1 1 1 1 10 1 10
84 10 10 1 1 10 10 10 1 10 10 10 10 10 1 1 1 1 1 1 1
46 1 10 1 10 1 10 1 10 1 1 10 1 1 1 10 10 10 1 10 1
75 1 10 1 10 10 10 10 10 10 10 1 10 1 10 10 1 10 1 1 1
87 1 10 10 1 1 10 10 1 1 1 1 10 1 1 1 1 1 10 10 1
185 10 1 10 1 10 10 10 1 10 10 10 10 10 1 1 1 10 1 1 10
218 10 10 10 1 10 1 1 10 10 1 10 1 10 10 10 1 1 1 1 10
38 1 1 1 10 1 10 1 10 1 1 1 10 1 10 1 1 1 10 10 1
97 1 1 1 1 10 10 10 10 10 10 1 1 1 1 1 1 1 10 1 1
117 1 1 10 1 1 1 1 1 1 10 10 1 10 1 1 10 1 10 10 10
10 10 10 10 1 1 10 10 1 1 1 1 10 1 10 1 10 1 1 10 1
47 10 1 1 10 1 10 10 1 1 1 10 1 10 1 10 1 1 1 10 10
75 10 10 10 1 1 10 1 10 10 10 10 1 1 10 1 1 1 10 10 1
43 1 1 1 1 1 1 10 10 10 1 10 10 10 10 1 1 1 1 10 1
123 1 1 10 1 10 10 10 1 10 10 10 1 10 1 10 1 1 10 1 10
113 1 10 10 1 10 10 1 10 10 10 10 1 10 1 10 1 1 10 1 1
135 10 10 1 1 1 1 1 1 10 1 10 1 1 1 10 1 1 1 1 1
170 1 10 10 1 1 1 10 10 10 1 10 10 1 10 1 1 10 10 1 10
39 10 10 1 1 1 1 1 10 10 10 1 1 1 1 1 10 1 1 1 1
9 1 1 10 1 1 10 1 1 1 10 1 10 10 10 1 10 10 10 1 1
85 10 10 1 10 10 1 10 1 10 1 1 10 1 1 10 1 10 1 1 1
168 10 10 10 10 1 1 1 1 1 1 1 10 10 10 1 1 1 1 10 10
182 10 10 10 10 10 10 1 10 1 10 10 10 10 10 10 10 10 10 1 10
55 1 1 10 10 1 1 10 1 1 10 1 10 1 10 1 10 1 1 1 10
158 1 1 10 10 10 10 10 1 1 10 1 10 1 10 1 10 10 1 10 10
64 10 10 1 1 1 1 1 1 10 10 10 10 1 1 10 10 1 1 1 10
111 1 1 10 1 10 10 10 1 1 1 1 10 1 1 10 1 1 1 1 1
117 1 1 10 10 10 1 10 1 10 10 10 10 10 1 1 1 10 10 10 1
126 10 1 1 1 1 10 1 10 10 10 10 10 10 10 10 1 1 10 10 10
28 10 10 10 1 1 10 10 1 10 10 1 10 1 10 1 10 1 1 10 1
94 1 1 10 1 1 10 1 10 10 1 10 1 10 1 1 10 1 1 1 1
55 10 1 1 10 10 10 1 1 10 1 1 10 1 10 10 10 1 1 10 1
187 10 10 1 10 10 1 1 1 1 1 10 1 1 1 10 10 10 1 10 1
151 10 10 10 1 1 1 10 1 1 1 10 1 1 10 1 10 1 10 1 1
124 1 10 10 10 1 10 1 1 1 10 1 10 1 10 10 1 1 10 10 10
197 10 1 1 1 1 10 1 1 10 1 1 10 10 1 1 1 10 10 10 10
83 1 10 10 1 10 1 1 1 1 1 1 1 1 1 10 1 1 10 10 1
226 10 1 10 1 10 1 1 10 10 1 1 10 10 1 10 1 10 10 10 10
146 1 10 1 10 1 10 10 1 1 1 1 1 10 1 10 10 1 1 1 10
10 1 1 1 1 1 1 1 10 10 10 1 1 1 1 1 1 10 1 1 1
19 10 1 1 10 1 1 10 10 1 1 1 1 10 1 10 10 1 1 1 1
1 1 1 1 10 10 1 10 10 1 10 1 10 10 1 1 1 1 1 10 1
106 1 10 1 1 1 1 1 10 10 1 1 1 1 10 10 1 1 1 1 10
109 10 10 1 10 1 10 10 1 1 1 1 1 1 1 10 10 1 10 10 1
57 10 10 10 1 1 10 10 10 10 1 1 10 10 1 10 10 10 1 1 10
