20 50
6206 10 1000 1000 1000 10 1 10 100 10 1 1 10 10 10 1 1000 1000 1000 10 100
5863 100 1 10 1000 100 100 10 100 1000 1 10 1000 100 100 1 10 1000 1000 100 100
7308 1000 1 1 1000 1 100 10 10 1000 10 1000 10 10 10 1000 10 1000 100 1000 100
4655 1 1 100 10 10 10 1 100 1000 100 10 1 100 1000 100 100 10 1000 1000 10
2817 1 100 10 1000 1 10 100 100 10 10 10 10 10 100 10 1 100 1000 100 100
3683 10 10 100 10 10 1000 1 10 100 1 100 100 1 10 1 1000 1 100 100 1000
7328 10 1 1 10 1000 1000 1000 1 1000 10 1000 1 1 1 1000 100 1 100 1000 1
5592 10 1000 10 1 1000 1000 100 10 100 1000 100 10 100 100 1000 1 10 10 1 1
3811 1000 10 100 10 1 100 10 10 1 1 10 1000 100 100 100 1 1000 100 100 10
8313 100 100 1000 100 1000 1 1 1 1000 1 10 1 1000 1000 1000 10 10 1000 10 1000
6380 100 1000 1000 100 1 1000 1 10 1 100 10 1 1000 1000 1 1000 10 1 100 1
5537 1000 1 10 10 10 1000 1 10 1000 100 10 1000 100 100 1 1000 100 1 100 1
8260 1 1000 1 100 1000 10 10 1 10 10 1000 1000 1000 1 10 100 1000 10 1000 1000
4831 100 1 100 1000 10 1000 1000 1 10 10 100 1 100 1 100 100 1000 1 100 100
3361 100 10 1 1000 10 1 10 1 1 100 100 1000 1000 1 10 1 1 1 10 100
8559 100 1 1 100 100 10 1000 100 10 1000 1000 1000 1000 1 1000 1000 100 1000 1 1
7182 1000 1 1000 100 10 10 100 1000 1 1000 1 10 1000 1000 10 10 1 10 1000 1
7158 10 10 1 100 1000 1 1000 10 100 1 1000 1000 1000 10 10 1 1 1 1000 1000
4549 100 100 1 10 100 100 1000 1 1000 1000 1000 10 1 1 100 10 1 1 1 100
3684 1 1 100 100 1000 1 10 100 1 100 100 10 10 10 10 1000 100 10 100 1000
11342 1000 1000 1000 100 1000 1000 10 1000 1 1000 100 1000 1000 1 1 1000 1 1 100 1000
3979 10 100 100 100 100 1 10 100 10 1000 1 100 1000 100 100 10 1 100 1 1000
4577 1000 1 100 1 10 100 10 1 100 100 10 1000 1 1 1000 1000 100 100 10 10
3583 1 1 1 1 1 100 10 100 1 100 100 1 1000 10 1 1000 1000 10 100 100
5655 10 10 10 100 10 100 100 100 1 10 1000 100 1000 10 1000 1 1 1000 100 1000
3550 100 10 1000 10 100 10 10 1000 100 1 10 1 10 10 10 1000 100 1 10 10
5523 10 10 10 100 10 100 1000 10 10 1000 1 10 1000 10 1000 1 10 1000 100 100
7509 10 100 10 1 1000 1 100 100 100 10 10 10 1 1000 1000 1000 1000 100 1000 1000
6804 1000 1000 100 10 10 10 100 1000 1 100 1000 1 1000 100 100 10 100 100 1000 10
6361 100 1000 1000 1 10 10 1 1000 100 1000 1 10 1 1 100 1000 10 10 10 1000
1677 1 100 10 100 10 1 100 100 100 100 10 100 10 10 1000 1 1 1 1 1
5440 1 10 100 1000 100 10 10 1 1000 1000 10 100 1 1000 10 1000 10 10 100 10
8701 1000 1000 1000 1 100 100 1000 1 1000 10 1 10 100 10 1000 100 1000 100 100 1000
8660 1000 10 1 1000 1000 1 100 100 1000 1000 1000 1000 1 1 100 100 100 100 10 1000
5541 10 1000 1000 100 1000 1 100 10 1 1 1000 100 10 1000 1 100 100 1 1 100
6307 1000 100 10 1 10 100 1 1 10 1 10 1 1000 1000 1000 1 10 1000 1000 10
3434 100 1 10 1 1 10 10 100 1 1000 1 100 1 1 100 1000 1000 1 10 1
5920 100 1 1000 10 1000 10 100 10 1000 10 10 100 100 1 100 100 100 1000 1000 100
5379 1000 100 100 1 10 10 1000 10 10 100 100 1 1000 10 1000 10 1 10 1 1000
3414 1 10 100 1 100 10 1 10 1 1000 100 1 10 10 1000 100 1 1 1000 1
4691 100 100 1000 100 10 1000 1 10 1000 1 100 10 10 1000 1 10 10 10 100 100
3577 1000 100 1 10 1 1000 100 100 100 1000 1 1 100 100 1 1 1 10 1 1
6930 100 100 10 10 1000 1000 100 1 1000 100 10 100 100 1000 1000 100 1000 100 1 1
5616 1000 1 100 10 100 1000 1 1 10 1 100 1 1 1000 100 100 1000 1 1000 100
6368 1000 1000 10 1 10 100 10 1 1 1 1000 1000 10 10 1000 100 1000 10 100 10
6820 100 1000 10 100 100 1000 10 10 1000 100 10 1000 100 100 1000 100 10 1000 10 100
8453 10 1000 1 1000 1 1000 1000 1 10 1 1000 1000 100 100 100 100 10 1000 1000 1
2664 1 10 100 1 1000 100 1 1000 100 1 10 10 1 1 100 1 10 100 10 10
7493 1 1000 1000 100 10 1 100 1000 10 1000 10 1000 100 10 100 100 1 10 1000 1000
6655 10 1 10 1 1 100 10 100 1000 1000 100 1 1000 100 1000 100 1000 1000 10 100
