20 50
63047 10000 10000 10 1000 1 1 1 10 1 1 10000 100 1000 1 10000 10 1 1000 10000 10000
42505 100 10 100 1000 10000 10 1 100 10000 10 10 10 1000 10 100 10000 1 100 10 10000
52500 1000 10000 10 10 10000 10000 10000 100 100 100 10000 1 10 100 1 1 1000 10 1 10
24417 10 10 10000 100 10 1000 10 1 10 100 10 1000 10 1000 1 10 10 100 10000 1000
21615 1000 100 1000 1000 10000 1000 100 10 100 1000 1000 1000 1000 1000 100 1000 10 100 1000 10
39450 1000 100 10000 1000 100 100 1000 1000 1000 10000 100 100 1000 1000 10000 10 1000 10 1000 10
33565 1000 1 10000 1 100 10000 1 100 1000 1 100 10 100 1000 10000 10 100 100 10 10
43313 10000 1 100 10 1 1 1000 10000 10000 10 10 10 1 1000 1000 10 100 10 10 10000
45377 1000 10000 100 10000 1 100 1 1000 10 1 1 10000 1000 1000 100 100 1 10000 1000 1
43378 1000 1 10000 10000 10 100 1 1 1 100 1000 100 10000 10 10000 100 1000 10 1 1
82438 10 10000 10 10000 1000 10000 1 100 100 10000 10000 10 100 1 10000 1000 1 10000 100 10000
16352 10 100 10 1000 10 1 1000 1000 100 10 1 1000 1000 1 10000 1000 100 1 1 10
26337 1000 1000 100 1000 1000 10 10 1000 10 10 10000 1 10 1 1 100 1000 10000 1 1
42638 100 10 1000 100 10000 10000 100 100 10000 10 1 1 100 1 1 10000 100 10 10 1000
33354 1 1 1 1 1 1000 100 1000 1 1 100 1000 10000 10 10000 1 1 10 10000 100
13790 10 10 1 100 100 100 1 1 1000 1000 10 1 10 100 1000 100 1 100 100 10000
55700 1000 100 10 10000 10000 1000 100 100 1000 1 10000 1000 10000 1000 10000 100 100 100 10 100
34224 1000 1 100 10 10 10000 10 1000 1000 1 10 1 100 1000 10000 10000 1 10 1 10
46252 10000 100 1000 100 1000 10 1 10000 1 10000 10 10000 100 1000 10 1 1 1000 1000 1000
64610 1000 1000 10 10 1000 1000 100 10000 10000 10 10000 100 100 100 10000 100 10000 100 10 10000
24365 1 100 10 1 1000 10 10 1000 1000 100 10000 1 100 1 1 100 10 1000 10 10000
36268 10000 10000 10 10 100 1000 10000 1 100 10 1000 1000 100 1000 1000 1000 10 10 10 1
53339 100 1 10 1 10 1000 10 10000 1000 1 10 1000 10000 10000 10000 10 10000 10 10 100
34440 1 100 1000 1 100 1000 100 1 10000 100 1 1000 1 1 10000 10000 1 1000 10 10
54368 1000 100 1000 10 10000 1 10000 10 1 10000 100 10 1000 10 100 10000 1 1000 10 10000
34330 100 10000 1 1000 10000 1000 10 1 1000 10 1 100 10000 1 100 1 1 1 1000 100
32713 10000 100 10 10 100 10000 100 10 1000 10 100 1 1 10000 1 100 1000 100 100 1
42515 10 100 10 100 10000 1 100 1000 10 1 10 1 10 100 10000 1000 100 10000 10000 10
34248 1 10000 1 10000 1000 10 10 1000 10 1 1 10 1 1 1000 10 10 10000 100 1000
27417 1 1000 100 1 1000 1000 1 10 1000 10 10000 10 1000 10 1000 1000 100 10 100 10000
35442 1000 1 1 1 1000 10000 10 10 100 100 10 10000 10 10 1000 10000 1000 1000 10 100
54325 100 10000 10000 10 10000 1 1 10 10000 1000 10 1000 1000 10000 1 1000 100 10 100 10
74374 1000 100 10 10000 10000 10000 10000 1000 1000 1000 10000 10 10000 1 100 10000 10 100 10 10
83280 100 10 10 10000 100 1 10000 10 10000 1000 1 10000 1 1000 1000 10000 10000 10000 10 10000
32580 1 1 1 10 1 10000 10 1 1000 10000 100 100 100 100 10000 100 10 10 10 1000
48209 10000 1 1000 10000 1000 1000 1 1000 1000 10000 10 1000 1 10000 10 1000 1000 10 1 100
84451 10000 100 10000 1 10 10000 10000 10 100 10000 1 10000 1000 10000 100 1000 10000 1000 1000 100
52568 10000 10 10000 10000 100 10000 10 10 1 100 1 100 100 1 1 1000 1 10000 100 1000
64589 1000 10000 100 10 10000 10000 100 10000 1000 10 1 10000 10000 100 100 1 10 1000 100 1000
33821 1 100 10 1000 100 100 1 1 10 1 1000 10000 100 100 100 10000 10 100 10000 1000
32802 10 1 100 1000 10000 10 100 10000 100 10 100 10 1 100 100 10 10000 100 100 1000
63496 10000 100 1000 1 1 1000 100 10000 1 100 10000 10000 1000 1 10 10000 1 100 1 10000
42495 1 100 100 1000 10000 1 10000 1000 1 10000 100 1 10 10 10 100 10 1 10000 10
43196 1000 1000 1 100 10000 1 10 10 1 1 10000 1 1000 100 1 10000 1 10000 10 10
44355 10000 10 10000 1000 10 10000 1000 1 10 10 1000 100 100 1 1000 10000 100 10 10 1
16408 1000 10 1000 100 10 10 1 1000 10 100 10 10000 100 1000 1000 1 10 1000 10 1
26669 1 100 1000 1 10000 100 1000 10000 10 100 100 1000 10 100 1000 1000 1000 100 10 100
24468 10000 1 1000 10 10 1 10 100 10 10 10000 1000 100 1000 10 100 1000 100 1 100
36304 10 10 1000 100 1000 1000 1 1000 1000 100 10 10 10 10000 1000 1 1 10 10000 10000
33385 1 1 10000 10 100 1000 10 1000 100 10 1 1 10000 10 10000 1000 10 100 10 1
