20 50
56369 10 1000 1 10000 10 1 100 1000 10000 100 10000 1000 1000 100 10000 100 1000 10 10000 1000
73531 100 10000 100 10000 100 10 1 1000 1000 10 100 10 10000 10000 10000 1 10000 10000 1000 1
4727 100 1000 10 1 1000 10 1 100 10 1000 100 100 100 10 10 100 10 1000 100 10
74264 100 1 10000 10 10 1000 10000 1 10000 10000 10 10000 10 10000 1 100 1000 10000 1000 1000
54287 1 1000 10 10000 100 10000 100 10 1000 10000 10 10000 10000 1000 100 10 10 1000 10 1
63129 1 10 10000 1 10 100 1000 10000 10000 1 10000 10000 1000 10 1000 1 1 10 10000 1
43684 100 10000 100 10000 1 1 100 100 10000 10000 1000 10 10 100 1000 100 1 1 1000 1
46394 100 1000 10000 1 1000 1000 10000 1000 1000 10000 1 10 1000 10 100 1 10000 100 1 10
54482 1 1000 10000 1000 10000 10 10000 10 100 100 1000 100 10 100 10000 100 1000 10000 1 1
73614 100 1 1 100 100 1000 1 10 10000 1000 10000 100 1000 100 10000 10000 10000 10000 10000 10
38509 1000 1000 1 100 10000 100 100 10000 1000 1000 1000 1 1000 100 1000 1 1000 100 10000 1
56498 10000 100 1000 1000 100 1000 1 100 1000 1000 10000 10000 1000 1 10 1 10000 100 10 10000
45282 10000 1000 10000 100 10000 1000 1 10 1000 100 10 10000 10 10 10 10 10 1000 100 1000
85561 10000 10000 100 10000 10000 10000 10000 100 1000 1000 10000 100 10000 100 1000 1 1 1000 100 1000
53353 10000 1000 1 100 10000 1000 10000 10 1000 10000 1 100 10000 10 1 1 100 100 10 1
53554 100 10 1 100 10000 10 100 10 1 10000 100 1000 100 1000 10000 1000 10000 10000 1 100
43798 100 10000 10000 1 1000 1000 1 1000 1 100 1 100 100 100 10 10 100 10000 100 10000
62406 10000 1 1 1 10000 10 1 10000 10000 1000 1 100 10 10000 100 10 1000 1 10000 100
55337 10000 10000 1000 1 1000 1 1000 10 1000 10000 1000 1 10000 100 10 10 100 1 10000 10
66520 10 100 10000 10000 100 1000 1000 1000 1 1000 10000 100 1000 1 10000 1000 10000 10000 100 10
32212 1 1 100 10000 10 1 10 10 10 100 10 10000 1000 10 1000 10 10 1 10 10000
33534 10 1 100 1 10000 1 10000 100 10000 1000 10 100 1000 100 10 1000 1 1 100 1
43605 100 1000 10000 1 1 1000 100 10000 10000 10 100 1 10 100 10 100 10 100 1000 10000
64325 1000 1000 10000 1 10 100 1 1 1000 10000 1000 10000 10000 100 10000 100 1 10000 1 1
46224 10 1 100 1000 10000 10000 10000 1 1000 1000 1000 1 10 1000 10000 1000 10 1 1 100
23623 1000 1000 10000 1 100 10 10 1000 100 10 10 10 100 1 100 1 100 100 10000 1
15709 10000 10 10 10 100 1000 100 10 10 100 1000 10 100 1 100 10 100 1000 1000 1000
42537 1 10 10000 1000 100 1 100 1 10000 1 10000 10 100 1000 10000 100 100 1 100 10
44336 10 1000 10000 10000 100 1000 10 10 1 1 1 1000 10000 10000 10 1 10 1000 10 100
41831 10 100 10000 1 10 100 100 100 10 100 1 1000 100 10000 100 10000 1 10000 1 1
23569 100 10 1 10000 10 100 10000 1 100 1000 10 100 1000 1 100 1 1000 1 10 100
33644 10 10000 100 100 10000 1000 10 1 1000 10000 100 100 1 1 1 10 1000 100 10 100
22257 10000 10 100 10 1 10 1000 10 10 1 10 10 100 10 1 10 10000 10 10 1000
55396 1000 100 10000 10 10 1 1000 10 10000 100 1000 10 10000 1000 1000 1 10000 100 10 10000
26586 100 10 1000 10000 1 10000 10 100 100 100 1000 1000 1 10 1000 1000 1 100 1000 100
34445 1 1000 1 1 1000 10 1000 1 10 100 100 10 1 100 100 1000 10000 10000 10000 1
28308 1000 1 10 10 1 100 1000 1000 10 1000 10 10000 100 1000 100 1000 1000 10000 1000 1
53643 100 10000 100 10000 10000 10 1000 1 100 100 10000 1000 1000 10000 10 1 10 100 100 10
55574 10000 100 10 100 10 10000 10000 100 100 1 10 1 1000 1000 10000 10000 1000 1000 100 1000
44712 10000 1000 100 1000 100 100 10000 100 10 10000 100 100 1000 10 10 1000 10000 1 1 100
41283 10 10 10 10 10 100 10 10000 1 10000 10000 10 10000 10 10 10 1000 1 100 10
34606 1000 100 100 1 10000 1000 100 100 1000 1 10000 100 10 1 1000 1 100 1 10 10000
43390 10000 1 10000 10 1 1000 1 1000 10 100 1000 100 100 1 1 10 10000 10000 10 1
24503 10 1000 10 10000 1 100 100 10000 10 1000 1 100 1 1000 1 10 1 1000 100 100
16344 1 1000 1 10 1000 1000 100 1000 1000 1 1000 10 100 10 1 10 10 10 10000 1
37411 10000 100 100 1000 100 1000 10 10000 1000 1000 10 10 1000 1000 10 1000 100 10 1 10000
45632 100 100 1 1 100 1000 100 1000 1000 10000 10000 1000 1 10000 100 10 100 1000 10000 100
45426 10000 10 1000 10 1 10000 10000 100 10 10000 1000 1 10 100 1000 100 1 1000 10 1000
44534 100 1000 100 100 1 10000 10 100 10000 10 10000 1 1000 10 10000 1000 1000 10 100 1
38486 1000 10000 1000 10000 1000 1 100 1000 100 1000 10 1000 10000 1 100 10 1000 100 1000 1
