20 50
22610 1 100 100 10000 1 1000 10 100 1 100 1000 1 10000 10 1 10 100 10 1 1
63229 1000 1 10000 1 1000 10 1000 10 10000 1 10000 100 10 10000 10000 10 10 100 10 10000
75414 10 1000 1000 100 10 10000 10000 10000 10 100 10000 10 100 1000 100 1000 10000 1000 10000 10000
45393 1 1000 10000 1000 100 1000 10 10 1000 10000 100 10 1 10000 1000 100 1 10000 10 1
66228 1000 10000 10000 10000 10000 1 1000 100 100 1000 1000 10 1000 10 1 1000 100 10000 1 10000
44321 10 1 1000 100 10 1 1 1000 10000 100 10000 10000 100 10 1 10 10 10000 1000 1000
35435 1 1000 1 1 10000 10000 1000 100 10000 1 10 10 1 1000 1000 1000 100 100 100 100
53535 100 10 10000 10 100 1 10000 10000 1 10000 100 100 1000 10 10000 1000 1 10 1000 100
76107 1 1000 1000 10000 10 10000 100 1 1 10000 1000 1000 10000 1000 10000 10000 1000 10 10000 1
34364 100 10000 10 100 1 1 1000 1000 10000 10 10 1 1 10 10 10000 10 1000 1000 1
56278 100 1000 1000 1000 10000 10 10000 1 1000 1 10 10 1000 10000 10 1000 100 10000 10000 10
35732 100 1 10 10 1000 100 10000 1000 10000 100 1000 1 1000 100 10 1 1000 10000 100 100
33301 10 100 10 100 1 1000 10000 10000 1 1 1000 10000 1000 10 1 100 1 10 10 10
75353 10000 10000 10000 1000 1000 100 1 10000 10000 100 1000 100 1000 100 10000 1 10 10000 1000 10
63426 1000 10 100 100 10000 1 10000 10 10000 100 1000 1 10 10 100 1000 10000 10 10000 10000
44519 1 100 1000 100 100 1 1 10000 1000 10000 1 10 1 10000 10000 1000 10 100 1 1000
43220 1000 10000 1000 10 10 10000 1 1 100 1 100 1 1 10000 1 10 10 1000 1 10000
44441 100 1 10 10000 1000 10 1 100 10000 10000 1000 100 1000 100 100 10000 1 1 10 1000
41511 1000 10 10 10000 10 100 1 10 10000 100 10 10 10 100 10000 10 10000 10 100 100
34622 10000 1000 100 1 1 100 1 1 10 1 100 10 100 1000 100 10000 100 1000 1000 10000
36122 10000 1000 1000 1000 10 10000 1 10 1000 1 1 1 10 1000 10 10000 10 1000 100 10
23472 1 10000 10 10 1 10 10 1000 100 10000 1 1000 1000 1 10 100 100 1 10 10
54692 1000 10000 100 1000 10000 10 10 100 10 10 100 10 1000 100 1000 100 10000 100 10000 10000
24503 10000 10 10 100 10 100 1 1000 1000 100 1000 10 10 1000 10 10 10000 10 100 100
63357 100 10000 1000 10 10000 10000 10 10000 1 1 100 10000 100 1 1000 10000 1 1 100 1000
35372 100 1 1000 100 1000 100 1 1 1 1000 10 1000 1 10000 1000 10000 10000 10 1 1
25287 10000 1 1000 10 1000 1000 10 10000 1 10 10 1 100 1 100 10 1000 10 1000 100
44446 100 10000 1000 10 10 10 1000 10000 10 1000 1 100 1 10000 1000 100 10 10000 10 100
33593 1 1000 1 10000 100 100 1000 10 100 10 1000 10000 100 100 1 10 100 10 10000 1
66427 10000 100 1000 1000 1 1 1000 100 100 10000 1 10000 1000 10000 100 1000 10000 10000 100 1000
42839 100 10000 1 100 10000 100 10000 1 1 10 10 1000 1000 100 100 100 10000 10 100 10
45367 1 1000 1000 10 100 1 1 10 1000 100 10000 1 1 1000 1 1000 10000 10000 100 10000
32243 1000 1 10 1 100 10 10000 10 1 10 10 1000 10 10 10000 10000 10 1 1 10
61273 10 10000 1000 10000 1 10000 10 1 10 10000 10 100 1 10 10000 10 1 10000 100 1
33570 10000 10000 1 100 1000 1 1000 10 1000 1 100 10 100 1 10000 1 100 10 10 100
51548 10 1 10000 10 10 1 10000 100 10 100 100 1 10 10000 10000 10000 1000 100 10 1
42494 10 10000 100 1 10 10 10000 100 1 1000 10 100 1 100 1 10000 100 1 10000 1000
73206 10 10000 10000 1000 10 1 1 10000 10000 10000 1 1 1000 1 10000 1 1000 10000 100 1
57352 1000 1000 1 10 100 10000 10 1000 10000 1000 10000 10000 1000 1 100 1000 100 1000 10000 100
61366 1 100 10000 10000 10000 10000 1 10 10000 10 1 10000 100 1 1 1 1000 100 10 100
37365 100 10 100 1000 10000 1000 1 10000 1000 1 10 10000 1000 1 1000 1000 1 1000 100 100
5466 1 1000 100 100 10 100 10 1 1 10 100 1000 1 100 1000 1000 10 1 1000 10
43675 10000 100 10 1000 100 1 10000 100 100 100 1 1000 1000 100 1 10000 1 1 10000 1
64277 100 10 10000 1 10 100 1000 10 10 1000 1000 10000 10000 10000 10000 10000 1000 10 10 10
32549 100 10 1 1 10 10000 10000 1000 1 100 1000 10 100 1 100 1 10000 100 10 100
27305 1000 1000 1 1 100 1000 1000 1000 100 10 10 10000 10000 100 1 1000 1 10 1000 1
32486 10 100 100 100 10 10 10 10000 10 100 10000 10000 10 10 10 1000 1000 10 1 10
23202 1 1000 1000 10 10 10 1000 1 1 10 10000 1 10 10000 10 10 10 10 100 1
86181 10000 10000 1000 10000 1000 10000 100 1000 1000 10000 10 10000 10 1 10000 1000 10 10000 1 1000
25466 1000 10 10 100 1000 1000 10000 1 100 1 10 10 100 1000 10 10000 100 1000 100 1
