20 50
46488 10 1 1000 10 10 1000 10000 1000 10000 100 10000 1000 1000 1000 10 10000 100 100 100 10
5783 1000 1 100 100 1000 100 1 100 100 10 10 1 1000 10 10 1000 100 1000 10 100
42734 100 10000 100 1 1000 1000 100 1 10000 100 1 10 100 1 10000 10000 10 1 10 100
24498 10 10 1 10 10 100 1000 1000 1000 10 100 1 10000 1000 10 10000 100 10 100 10
43715 10000 10 1000 100 10 10000 1000 1 1 1000 10000 10 10 100 100 10000 100 100 100 10
54362 1000 10000 100 10000 10000 1000 10 1 10000 10 100 1000 10 1 10 100 1 1 1000 10000
40772 10 10000 10 100 100 1 10 100 10 10000 100 1 100 1 1 100 10000 100 1 10000
15161 1000 1 100 1 1000 1 10 1000 1000 10 10 10 1 10000 1 1000 1 10 10 10
18359 100 1 1000 1000 1 100 1000 1000 1000 1000 100 1000 1 1 10 10 1 10000 1000 10
23386 1000 10 10 1 1000 10 100 10 100 1000 10 100 10000 10000 1 10 10 1 1 10
26435 10000 10000 1 100 1 100 1 1000 1000 10 1000 1000 10 10 10 100 1000 10 10 1000
62625 10000 1 1000 10 1 10000 100 1 100 10000 10000 10000 1000 10 100 100 100 10 10000 1
73397 10000 10 10000 10 1000 10 100 10000 1000 1 10000 10000 100 10000 100 1000 10 10000 1 10
44491 1 10 10000 100 100 1 1 10000 100 100 1 1000 10 1000 10000 1000 100 10 10000 1000
54542 10 10000 1000 10000 10 1000 10 10 10000 100 1000 10 10000 1000 10 10000 100 1 100 100
92266 1000 1000 100 10000 1 10 1 10000 1 10000 10000 100 10 10000 10000 10 10000 10000 100 10000
38448 100 1000 100 1000 10 10000 1 100 1000 1 1000 10000 1000 10000 100 1000 1000 1 1000 100
53492 10000 1000 1000 10000 100 10000 100 1 10000 10000 1 1 100 1 10 1 100 100 1000 10
34712 100 10 1000 100 1000 100 100 1 10000 1 100 1000 1000 10000 10 100 1 10 10000 1
42277 10000 10 100 1 10000 1 1 10000 100 1 1 1 1 1000 10000 1000 10 100 10 1
45391 1000 1000 10 100 1 1 10 1000 10000 1 100 10000 1000 1000 1 10 10000 10000 100 1
52410 10000 100 10000 1000 10000 10000 1 100 100 1 10 10 1 1 1 10 10 10000 1 1000
64484 1 100 10 1000 10000 100 100 100 10 100 10 1000 10 1000 10000 10000 10000 10000 10000 1000
22872 10 100 100 1 10 100 1 1 1000 100 1000 10000 100 100 1 100 10 100 10000 100
72478 10000 10000 100 1 10 10000 10 1000 1000 10000 100 1 10 10000 10 10000 10000 100 100 1
64148 10000 1000 10000 1 1000 10000 1 1000 10000 1000 10 10 10 1 100 10 10000 10 1 10000
24672 100 1 10 10 100 100 1000 1 10 100 100 10000 1000 100 10 100 1000 1 1000 10000
21527 1000 10000 100 1 100 1 10 10 1 10 10 10 100 1 100 1 10000 100 10 10
14560 1000 1000 1000 100 1 10 10 100 1000 10 100 10 100 100 10000 1 100 1 1 10
55625 100 100 10 10000 10 10000 10 1000 10000 1000 100 1000 1000 100 1000 10000 1 10000 10 100
63409 10 10000 1 1000 10 10000 1 10000 100 10 100 10000 1000 100 10 100 10 10000 1000 10000
67137 100 1 10 100 10000 1 10 1000 1000 1000 1000 10000 10000 10000 10000 10000 1000 1000 1 1000
43208 10000 1 1 100 1 1000 10 1 10000 10 10 1000 1 1 10000 1000 10 100 10 10000
43268 10000 1 100 10 10 1000 100 10000 1 10 10 10000 1000 1000 10 10000 1 10 1 100
36704 1000 100 10000 100 1 1000 1000 1000 10 100 1 10000 100 100 100 10 1000 1000 10000 1
35262 1 1000 1000 1000 1 1 10 10 10 10 10000 10000 10000 10 1000 10 100 1000 1 10
36261 100 10 10000 10 1000 1000 1000 1 10000 10 10 1 100 10000 1000 1000 10 10 1000 1
44334 1000 100 10000 1000 1000 100 10 1 10000 1 10000 1 10000 1 10 1000 1 1 1 10
43536 10 100 100 100 10000 1 100 10 10 10000 10000 1 1000 10 1000 10 1000 10000 1 1
40725 100 100 10000 10 100 100 1 100 10000 1 10 10000 100 10000 10 1 10 1 100 1
18319 10000 1 1 100 10 100 100 1 1000 1000 1 1000 10 1000 10 1000 1000 10 1000 1000
36612 100 10000 1000 100 1000 1 100 10 1000 100 10000 1000 1000 10000 1000 1 10 1 100 10
24295 1 1 100 1000 1 10000 1000 10 1 100 10 10 100 1000 10 10000 10 10 10 1000
42738 10 1 1000 10 10 100 100 1 10000 100 10000 100 10000 1000 100 100 100 10000 1 1
26421 1000 10 100 1000 10 1000 10 1 1000 10 10 1000 100 1000 1 10000 10 1 100 10000
43519 10 1 1 10000 1000 100 100 1000 100 100 10000 1 10 10000 100 1 10 10 1000 10000
43471 1000 10 10000 10000 10 100 10 10 100 1000 10000 1 1 100 10 10000 10 1000 10 1
23211 100 1000 1000 1 1000 10 1 10 10 1 1 10 1 1 10000 10 10000 100 10 1
7697 1000 100 1000 1000 1000 100 100 100 1 1 1 1000 1 100 1 1000 1000 1 10 100
53489 10000 1000 1 10000 100 100 1 100 10000 1000 10000 1 100 1 1 10000 10 1000 100 1
