20 50
1191 10 10 10 100 10 10 10 10 10 10 100 100 100 100 100 100 100 100 100 100
1346 100 10 100 100 10 100 100 100 100 100 100 10 10 10 100 100 10 100 100 10
991 10 100 100 10 100 10 10 100 10 10 100 100 10 10 100 10 100 10 100 10
1234 100 10 10 10 10 100 100 10 100 100 100 10 10 10 100 100 100 100 100 100
1234 100 10 100 100 100 100 100 10 10 10 100 100 10 10 10 10 100 100 100 100
857 100 100 10 10 10 10 10 10 100 10 10 100 100 10 100 10 100 10 100 10
1188 100 10 10 100 100 100 100 100 100 100 100 10 100 10 10 10 10 100 100 10
954 10 100 10 10 10 10 10 100 100 10 10 10 100 100 100 100 10 100 10 100
943 100 100 10 10 10 100 100 10 100 10 10 100 10 100 10 10 10 100 10 10
821 10 100 10 100 10 10 10 100 10 10 10 10 10 10 10 100 10 100 100 100
1020 10 100 10 100 10 10 100 100 100 100 100 10 10 10 100 10 10 10 10 100
1113 100 10 10 10 100 10 100 10 10 100 100 100 10 100 10 100 100 100 10 100
1065 100 10 100 10 100 10 100 10 10 10 10 10 10 100 10 100 100 100 100 100
1077 100 100 10 10 10 100 100 100 10 10 10 100 100 10 100 10 10 10 100 10
1488 100 100 100 100 100 100 10 100 10 100 100 10 100 10 10 100 100 100 100 100
964 100 100 100 10 10 100 10 10 10 100 10 100 10 100 100 10 10 10 10 10
1394 100 100 100 100 100 100 100 10 10 10 10 100 100 100 10 100 10 100 100 10
876 100 10 10 10 10 10 10 100 100 10 10 10 10 100 10 100 100 10 100 10
1015 10 100 100 10 100 100 100 10 10 10 10 100 100 10 10 100 10 100 10 10
1144 100 10 10 10 10 100 100 100 10 10 100 10 10 100 100 100 100 100 10 100
1257 10 100 10 10 100 10 100 10 100 100 100 10 100 100 10 100 10 100 100 100
680 10 10 100 10 10 100 100 10 10 10 10 10 10 100 10 10 10 100 100 10
1191 100 100 10 100 100 10 100 10 100 10 10 100 10 100 10 100 10 10 100 100
945 100 10 10 100 10 100 10 10 10 10 100 100 10 10 10 100 100 10 100 100
575 10 10 10 10 10 10 10 10 10 10 10 10 10 100 100 100 10 10 100 100
1391 100 100 100 100 10 100 100 10 100 100 10 100 100 10 100 10 100 10 100 10
1022 10 10 10 10 100 10 100 100 10 100 100 10 10 100 100 10 100 10 100 10
961 100 10 100 10 10 10 10 100 10 100 10 100 10 100 10 10 10 100 10 100
1441 100 100 10 100 10 100 100 100 100 100 10 100 10 100 100 100 10 100 10 100
922 10 10 100 100 10 100 100 100 100 10 10 100 10 10 10 10 10 100 10 100
823 10 100 10 10 10 100 100 100 10 10 100 10 100 10 10 10 10 10 100 10
631 10 10 10 10 10 10 10 100 10 10 100 100 10 10 10 100 10 10 10 10
1098 100 10 100 100 10 10 100 10 100 10 100 10 100 100 100 10 10 10 10 100
708 10 10 10 10 10 10 10 10 10 10 100 10 10 10 100 100 100 10 100 100
1277 10 100 100 10 100 100 100 100 10 100 10 100 10 10 100 100 100 100 10 100
912 10 10 10 100 100 100 10 10 100 100 10 100 10 10 100 10 10 100 10 100
839 10 10 10 10 10 10 100 10 100 10 100 100 10 100 100 10 10 10 100 10
1063 100 100 10 10 10 100 10 100 10 100 100 10 10 10 100 10 10 10 100 100
850 100 10 100 10 10 100 100 10 10 100 100 10 10 10 100 100 10 10 10 10
1128 10 10 100 100 10 10 10 100 100 10 10 100 100 10 100 10 100 100 100 10
1045 10 10 10 10 100 10 100 10 100 100 100 100 10 10 100 10 100 100 100 10
1013 10 10 100 10 10 100 10 100 10 100 10 100 10 10 10 10 100 100 100 10
922 10 10 100 100 100 100 10 10 10 10 10 10 100 100 10 10 100 10 100 100
909 10 10 100 10 100 100 10 10 100 100 10 10 10 10 100 10 100 10 10 100
1130 100 10 10 10 10 10 10 100 100 100 100 100 100 100 10 100 100 10 10 10
697 10 10 10 100 100 10 100 100 10 10 10 10 10 10 100 10 10 10 10 100
931 100 10 10 100 10 100 10 10 10 10 10 100 100 10 100 100 100 10 10 100
1509 100 100 10 10 100 100 100 10 10 100 100 100 100 100 100 100 100 10 100 100
1423 10 100 100 100 100 100 100 10 100 10 100 100 10 100 100 100 10 100 100 10
1281 10 10 10 100 100 100 100 100 100 100 10 10 10 100 100 10 10 10 100 100
