20 50
903 10 10 100 10 10 100 100 10 100 10 100 10 100 10 10 100 10 100 10 10
746 10 10 100 10 10 10 100 100 10 100 10 10 10 100 100 10 10 10 10 10
1372 100 100 10 10 10 100 100 10 10 100 10 10 100 100 10 100 100 100 100 100
1191 10 100 100 100 100 10 10 10 10 100 10 100 10 100 100 10 100 10 100 10
1101 100 100 100 10 10 100 10 100 100 100 100 10 10 10 10 10 10 100 10 10
655 10 10 100 10 10 10 10 100 10 10 10 10 10 10 10 10 100 100 100 10
856 100 100 100 10 10 100 10 100 10 10 10 100 10 10 10 10 10 10 100 100
1428 100 10 100 10 100 10 100 100 10 100 100 10 100 100 100 100 100 10 100 100
755 10 10 100 10 10 10 10 100 100 10 10 10 10 10 100 10 10 100 10 100
1155 100 10 100 100 10 10 100 10 10 10 100 10 100 100 100 100 100 10 10 10
964 10 100 10 10 100 100 10 10 10 100 100 10 100 10 10 10 10 100 10 100
1106 10 10 10 100 100 100 100 100 100 10 100 10 10 100 10 10 100 100 10 10
873 10 10 10 10 10 10 100 10 100 10 100 100 10 100 10 10 100 100 10 10
1087 10 100 100 100 100 10 10 10 10 100 10 100 100 10 10 10 100 100 10 100
1092 100 10 10 10 10 100 10 100 100 100 10 10 100 100 100 100 100 10 10 10
1293 100 10 100 100 10 10 10 10 100 100 100 10 100 10 100 100 100 100 10 100
1059 10 100 100 100 100 100 100 10 10 10 10 10 10 10 100 10 10 100 100 100
1348 10 100 100 100 10 100 100 10 100 100 100 10 10 100 100 100 10 10 100 100
1243 100 100 100 100 100 10 10 10 10 10 100 100 10 100 10 10 10 100 100 100
1084 100 100 100 10 100 10 10 10 10 100 10 100 10 10 10 100 10 100 100 10
1021 100 100 100 100 10 10 10 10 10 10 10 100 100 10 100 100 100 100 10 10
919 100 100 10 100 10 100 10 10 100 10 10 10 10 100 10 10 10 100 100 10
1258 100 10 100 10 10 100 10 10 100 100 10 100 10 100 100 100 10 100 100 100
1196 100 10 100 10 100 100 100 10 10 10 100 100 10 100 10 100 10 100 10 100
1351 100 100 100 10 100 10 10 100 100 10 10 100 100 100 100 10 100 100 10 100
984 10 10 100 10 100 10 100 10 10 10 100 100 100 100 100 10 10 10 10 100
1150 100 100 10 10 10 10 10 100 100 10 100 10 10 100 10 100 100 100 100 10
1222 10 10 10 100 100 100 100 100 100 100 10 10 100 10 100 10 100 10 100 10
891 100 100 100 10 10 10 10 10 10 100 10 100 10 10 10 100 10 10 10 100
746 10 100 100 100 10 10 10 10 10 10 100 10 10 10 10 100 100 10 10 10
1104 10 10 100 100 10 100 100 10 10 100 100 10 10 10 100 100 10 10 10 100
1168 100 10 10 10 100 10 10 10 100 10 10 100 100 10 10 100 100 100 100 100
1098 10 10 10 10 100 10 100 100 10 100 10 10 100 10 100 10 100 100 100 100
1069 10 100 100 100 10 100 100 10 10 10 100 100 100 10 10 10 100 100 10 10
1328 100 10 10 100 100 10 10 100 100 100 10 100 100 100 100 100 10 100 100 10
1441 10 100 10 100 100 100 10 10 100 100 10 10 10 100 100 100 100 100 100 100
1134 10 100 100 10 100 10 100 10 10 100 100 10 100 10 100 10 10 100 100 100
907 100 10 10 100 100 10 100 100 10 10 10 100 10 10 10 10 10 10 10 100
919 10 100 10 10 10 100 10 10 100 100 10 100 10 10 10 100 10 10 10 100
1076 10 100 10 100 100 100 10 100 10 10 10 100 10 100 10 10 100 10 100 100
974 10 10 10 10 100 100 10 100 10 100 100 10 10 10 100 100 100 10 100 10
1158 100 100 10 10 100 100 10 10 10 100 100 100 100 100 100 10 100 10 10 10
1388 100 100 100 100 100 100 10 10 10 10 100 100 10 10 100 100 100 100 100 10
964 10 100 10 100 10 100 10 100 100 100 10 10 10 10 100 10 100 100 10 10
1284 100 100 10 10 10 100 100 100 100 10 10 100 10 100 10 100 100 100 100 10
1201 10 10 100 10 100 10 100 100 100 100 10 10 10 10 100 100 100 100 100 10
1098 100 10 100 10 100 10 100 100 10 10 100 100 100 10 10 100 10 100 10 100
1161 10 10 100 100 10 10 100 100 100 100 10 10 10 100 10 100 10 100 100 10
946 100 10 100 10 100 10 100 10 10 10 100 100 100 100 10 100 10 10 10 10
956 10 10 100 10 10 10 100 10 100 10 100 100 100 10 100 10 10 10 100 10
