20 50
734 10 10 10 10 100 100 10 10 100 10 100 10 10 100 10 10 100 10 100 10
1111 10 100 100 100 100 100 10 100 10 100 100 10 10 10 100 10 100 10 10 100
983 10 10 100 100 10 10 100 100 100 10 10 10 10 10 10 100 100 10 10 100
1577 100 100 100 100 10 100 100 10 100 100 100 100 10 10 100 100 10 100 100 100
911 10 10 10 100 100 10 10 10 100 10 100 100 100 100 10 100 10 10 10 100
911 100 100 10 100 100 100 10 10 10 10 100 100 100 10 10 10 10 10 10 100
1285 10 10 10 100 10 100 100 100 100 10 100 100 10 100 100 10 10 100 100 10
847 10 10 10 100 10 10 10 100 100 100 100 100 10 100 100 10 10 10 10 10
1401 100 100 10 100 10 10 100 100 10 100 100 100 100 100 10 100 100 10 100 10
1325 100 100 100 10 10 100 100 10 10 10 100 100 100 10 10 100 10 100 100 100
961 10 10 100 100 10 10 10 10 10 10 100 100 100 10 10 10 100 10 100 100
1351 10 100 100 100 10 10 100 100 10 100 10 100 10 10 100 100 10 100 100 100
1137 10 100 10 100 10 10 100 100 100 10 100 100 10 10 10 10 100 100 100 100
1141 100 10 10 10 10 100 100 100 10 100 100 10 100 10 10 100 100 10 10 100
1002 100 10 100 10 10 10 100 10 10 10 10 10 100 10 100 10 100 10 100 100
1191 100 100 100 100 10 100 10 100 100 10 100 100 10 10 10 100 100 100 10 10
1078 10 10 100 10 100 100 10 10 100 100 100 10 10 10 100 10 10 100 10 100
1186 10 100 10 10 10 10 100 100 10 100 10 100 100 100 100 10 100 10 100 10
887 10 10 10 100 10 10 100 10 10 100 10 10 100 100 100 100 10 10 10 10
1221 100 100 100 100 10 10 100 10 100 10 10 100 10 10 100 100 100 100 100 10
1203 100 10 100 100 100 10 10 100 10 100 10 10 100 100 100 10 10 10 100 100
1272 10 100 100 100 100 100 100 10 100 10 100 100 10 10 100 10 10 100 10 10
644 10 10 10 100 10 10 10 10 10 100 100 10 10 10 10 10 100 100 100 10
1111 100 10 100 100 10 10 10 100 10 10 10 100 100 10 100 100 100 100 10 10
1097 100 100 10 10 100 10 100 10 100 10 100 100 10 10 10 10 100 10 10 100
1562 100 10 100 100 100 10 10 100 100 10 100 100 100 100 100 100 10 100 100 100
804 100 100 10 10 10 10 100 10 10 10 10 10 100 10 100 100 10 10 10 100
973 100 100 100 10 10 100 10 10 100 100 10 10 10 100 100 10 10 10 100 10
780 10 100 10 100 10 10 10 100 10 10 10 100 100 100 10 10 10 10 100 10
1020 10 100 100 10 100 100 10 10 100 100 10 10 100 10 10 100 10 100 100 10
974 10 100 10 10 100 100 100 100 100 100 10 10 10 10 100 10 100 10 10 10
1189 10 100 10 10 10 10 100 100 100 100 10 100 10 100 10 100 100 10 100 100
1579 10 100 100 100 100 100 10 100 100 10 100 100 10 10 100 100 100 100 100 100
1135 100 10 100 100 10 100 10 100 10 10 100 100 10 10 10 100 100 10 100 10
790 10 10 100 10 100 10 10 10 10 100 100 10 10 10 100 10 100 100 10 10
792 10 10 10 100 10 100 10 100 100 10 10 100 10 10 100 10 10 10 10 100
1280 100 100 100 10 100 10 10 10 10 100 10 100 100 100 100 100 100 100 100 10
1098 10 10 100 10 10 10 100 100 10 100 100 100 100 100 10 100 100 10 100 10
578 10 100 10 10 10 10 10 10 100 10 10 10 100 100 10 100 10 10 10 10
990 10 100 100 100 100 10 10 10 10 100 10 10 100 10 10 10 10 100 10 100
1379 10 10 10 100 10 100 10 100 100 100 100 10 100 100 100 100 100 10 100 100
1032 10 100 10 10 10 100 100 100 100 100 10 10 10 10 10 10 10 100 100 100
643 10 10 100 100 10 100 100 10 10 10 100 10 10 10 10 10 10 10 10 10
1064 100 100 10 100 10 100 10 100 10 100 10 10 100 100 10 10 100 10 100 10
1357 100 100 100 100 100 10 100 10 100 100 10 100 10 10 100 100 100 10 100 10
1204 100 10 10 100 10 10 100 100 100 10 100 100 10 100 100 10 10 10 100 100
1088 10 10 10 10 10 10 10 10 100 100 100 100 100 100 100 100 100 100 10 10
1019 100 100 100 10 10 10 100 10 100 100 10 10 10 100 10 10 100 100 100 10
1162 10 10 10 10 10 100 10 100 100 100 100 100 100 10 10 100 100 100 10 10
816 100 10 100 10 10 10 100 10 10 10 10 100 10 10 100 100 10 10 100 10
