20 50
7581 1000 10 10 100 1000 100 10 10 10 10 1000 1000 100 10 100 10 1000 10 1000 1000
8292 1000 10 1000 10 10 10 1000 10 1000 10 10 100 10 1000 10 1000 100 10 1000 1000
10616 100 1000 100 1000 1000 10 100 1000 100 1000 100 1000 10 1000 1000 1000 100 10 10 1000
7049 10 100 100 100 1000 100 10 1000 10 1000 100 10 100 1000 100 100 100 100 1000 1000
7865 100 1000 1000 10 1000 100 1000 100 100 100 100 1000 100 1000 1000 10 100 100 10 10
9863 100 10 1000 100 100 100 1000 1000 1000 100 1000 1000 100 10 1000 10 100 1000 1000 100
10481 100 10 1000 100 1000 1000 1000 100 10 10 1000 10 1000 1000 10 1000 1000 100 100 1000
7485 10 1000 1000 100 100 10 100 10 10 1000 100 1000 10 100 10 10 1000 10 1000 1000
6004 1000 100 10 1000 1000 100 100 100 10 10 100 100 10 1000 10 100 1000 10 100 100
4066 100 10 10 1000 10 100 100 100 100 1000 10 100 10 100 100 100 10 10 1000 100
7816 100 10 100 100 10 10 100 100 1000 10 1000 100 1000 10 100 100 1000 1000 1000 1000
4780 1000 100 10 10 10 10 100 10 10 100 100 1000 1000 10 100 1000 10 10 10 100
7020 1000 1000 1000 1000 10 1000 100 100 10 100 10 100 1000 100 10 100 100 100 100 10
6813 10 10 10 1000 100 1000 1000 1000 100 100 100 100 1000 1000 100 10 10 100 10 100
6847 100 1000 100 10 100 100 10 10 1000 10 10 100 10 100 1000 1000 1000 100 10 1000
7707 10 10 10 10 1000 100 10 1000 1000 100 100 100 100 100 1000 1000 1000 10 1000 100
6965 10 1000 10 10 100 10 1000 100 10 100 100 1000 100 100 100 1000 100 100 1000 1000
11668 100 1000 100 10 10 1000 1000 1000 10 1000 100 1000 100 100 1000 1000 100 1000 1000 1000
7646 10 10 100 1000 1000 100 10 1000 100 10 1000 10 1000 100 10 100 1000 100 1000 10
5208 10 1000 1000 100 10 100 1000 10 100 100 10 100 100 100 100 100 1000 100 100 10
11356 1000 1000 1000 1000 10 1000 1000 10 1000 100 100 100 1000 10 1000 10 1000 10 100 1000
8475 10 1000 100 100 10 1000 10 100 10 10 10 1000 1000 1000 10 1000 10 1000 100 1000
7901 1000 100 100 1000 100 1000 100 10 1000 100 100 100 10 10 10 100 10 1000 1000 1000
7414 1000 10 10 10 100 1000 10 10 100 1000 100 10 10 100 1000 1000 1000 10 1000 10
5595 1000 100 1000 100 10 100 10 10 10 10 10 10 1000 1000 100 1000 10 10 100 10
9457 10 1000 1000 10 1000 100 10 10 100 10 1000 1000 10 1000 1000 100 1000 1000 100 10
8805 1000 100 1000 1000 10 100 100 100 100 10 10 10 100 1000 1000 1000 1000 100 100 1000
4978 100 100 10 1000 100 1000 1000 10 10 100 100 100 10 100 10 10 10 100 10 1000
5646 1000 100 1000 10 1000 10 10 100 100 1000 10 100 10 10 1000 100 10 10 10 10
3688 10 10 10 1000 10 100 10 100 100 10 10 10 1000 10 100 10 1000 10 10 100
9526 1000 1000 10 1000 1000 10 10 100 1000 10 100 10 100 10 1000 1000 100 1000 1000 100
7005 100 1000 100 1000 100 100 1000 1000 10 100 100 1000 100 100 10 100 100 10 1000 10
9368 10 1000 1000 1000 10 1000 1000 100 100 10 10 10 1000 10 1000 100 10 1000 10 1000
4897 100 100 100 100 10 100 10 10 100 10 10 1000 100 100 10 10 1000 100 1000 1000
7920 1000 1000 100 100 10 1000 1000 100 10 10 100 10 1000 100 100 100 100 1000 10 1000
6527 10 1000 10 10 10 10 1000 100 10 10 100 1000 1000 10 100 10 1000 1000 100 100
5589 100 10 10 10 1000 10 10 100 100 100 10 10 10 1000 10 10 1000 10 1000 1000
6808 100 10 1000 10 100 10 1000 100 1000 100 10 1000 10 10 10 100 100 1000 100 1000
7638 10 1000 10 1000 10 10 1000 1000 100 100 1000 10 1000 100 10 100 10 1000 10 100
6941 100 10 100 10 100 100 100 10 10 1000 1000 1000 10 1000 100 100 1000 1000 100 10
9898 1000 10 100 100 1000 1000 10 1000 100 1000 100 1000 1000 100 100 100 1000 100 10 1000
9405 1000 1000 100 1000 10 100 10 1000 1000 10 10 100 100 1000 1000 1000 10 10 1000 10
6100 10 10 1000 100 100 10 100 1000 10 100 100 100 100 100 1000 1000 1000 10 100 100
6763 10 10 100 1000 1000 10 1000 10 100 1000 10 1000 100 10 10 10 100 100 1000 100
8815 1000 1000 1000 1000 10 1000 100 100 100 10 100 1000 100 100 100 10 1000 1000 100 10
4046 100 100 100 1000 100 100 10 100 10 10 100 100 10 10 10 1000 1000 10 100 10
12386 1000 1000 10 10 1000 10 100 1000 1000 1000 1000 1000 10 1000 100 1000 1000 100 1000 10
4131 100 100 100 100 100 100 100 10 10 100 1000 1000 100 10 1000 10 10 100 10 10
7638 10 100 1000 10 10 1000 1000 100 10 10 10 1000 1000 1000 100 1000 100 10 100 100
5019 100 1000 10 100 10 10 1000 100 100 100 10 100 10 100 100 10 10 1000 1000 100
