20 50
5788 10 1000 100 100 10 100 10 10 10 100 1000 10 1000 10 10 100 10 1000 100 1000
9738 100 1000 100 10 10 1000 1000 10 10 1000 100 100 1000 1000 100 1000 100 1000 1000 10
4780 100 10 10 10 10 100 10 1000 100 100 100 10 10 100 1000 10 1000 100 10 1000
6840 100 100 100 10 10 1000 1000 100 10 100 1000 1000 10 10 1000 10 100 100 1000 100
4103 10 100 100 100 100 1000 100 1000 100 100 100 100 100 10 10 10 10 10 1000 100
4806 100 10 100 100 1000 1000 10 100 1000 100 1000 100 100 10 10 10 100 10 10 10
6802 10 1000 1000 100 1000 1000 100 10 10 100 10 100 10 100 10 1000 10 100 1000 100
2811 100 10 100 100 10 100 100 1000 10 10 10 100 100 10 1000 10 10 10 10 10
7391 100 10 10 10 10 100 1000 1000 1000 1000 10 100 1000 10 10 10 10 100 1000 1000
6856 100 10 1000 1000 1000 10 100 10 100 100 100 100 10 1000 1000 10 100 100 1000 100
8662 100 100 1000 1000 100 100 10 10 1000 10 100 100 10 10 1000 10 1000 1000 1000 1000
6965 1000 1000 100 10 100 100 100 10 10 1000 100 1000 100 100 100 1000 1000 10 100 10
7709 10 1000 1000 100 100 10 1000 10 1000 10 100 1000 100 10 10 1000 100 1000 100 10
8828 1000 100 1000 10 10 10 100 100 10 1000 100 100 10 1000 1000 100 1000 100 1000 1000
6780 1000 100 100 1000 10 100 10 1000 100 100 100 10 1000 10 10 10 10 1000 1000 100
7586 10 100 100 1000 100 10 10 10 1000 1000 10 1000 1000 100 100 1000 100 1000 10 10
6597 10 1000 1000 10 10 10 10 10 1000 10 100 10 1000 1000 100 100 100 1000 10 10
9526 1000 1000 1000 1000 10 100 100 1000 10 10 10 1000 10 1000 10 100 100 1000 1000 100
7539 10 1000 1000 100 100 1000 1000 100 100 10 10 1000 1000 1000 10 10 10 10 10 100
8657 10 100 100 100 10 1000 1000 1000 1000 100 100 1000 1000 1000 100 1000 10 100 10 10
7035 10 100 100 100 100 100 100 1000 100 10 10 100 10 10 1000 1000 1000 1000 100 1000
10498 1000 100 100 10 1000 10 10 10 1000 1000 1000 10 100 10 1000 1000 100 1000 1000 1000
4542 10 100 100 10 100 10 10 10 100 10 1000 10 10 1000 1000 10 10 100 10 1000
5844 1000 10 10 1000 10 10 1000 1000 100 100 100 100 10 100 100 10 10 1000 100 100
8998 1000 10 100 100 100 1000 1000 100 1000 1000 1000 100 100 10 1000 100 100 1000 100 100
5872 1000 100 10 10 10 100 100 10 100 1000 10 1000 100 100 10 10 1000 1000 10 100
9547 100 1000 10 100 10 10 1000 10 10 100 1000 1000 100 1000 1000 1000 1000 10 1000 100
6685 1000 100 1000 10 10 100 100 10 1000 1000 10 100 100 100 1000 10 100 10 10 1000
7804 10 100 100 10 1000 1000 1000 1000 100 100 10 1000 100 100 10 10 1000 100 10 1000
4979 100 100 100 10 100 1000 10 1000 1000 10 100 10 1000 100 10 10 10 100 10 100
4948 1000 1000 100 10 10 10 100 1000 10 100 10 100 100 100 1000 100 10 10 100 100
7036 10 10 1000 100 100 1000 100 10 100 1000 100 1000 100 100 1000 1000 10 10 100 100
6007 10 1000 100 100 10 100 1000 100 1000 1000 100 100 10 100 100 1000 100 10 100 10
6025 1000 100 10 1000 10 100 100 100 100 100 100 1000 1000 100 10 10 1000 10 100 100
8055 100 100 100 10 10 1000 100 100 10 100 1000 1000 100 1000 100 1000 100 1000 100 1000
2320 100 100 10 10 10 100 10 100 10 100 100 100 10 100 100 100 100 1000 10 100
5701 1000 1000 1000 100 100 10 100 100 10 1000 100 1000 100 10 10 10 10 10 10 10
6638 10 100 10 10 100 10 100 1000 1000 1000 10 100 10 100 10 1000 10 10 1000 1000
7866 1000 1000 1000 1000 100 1000 10 1000 100 100 100 1000 100 10 10 10 100 100 100 10
8532 1000 10 10 10 1000 1000 100 100 1000 10 1000 100 10 1000 10 10 1000 1000 100 100
6531 10 1000 100 10 10 1000 10 10 100 1000 10 100 10 100 10 1000 1000 10 1000 10
4802 10 10 10 1000 1000 10 100 10 100 100 100 100 10 10 10 10 1000 100 100 1000
12362 1000 1000 100 1000 10 1000 1000 1000 1000 10 1000 1000 1000 100 1000 1000 10 10 100 100
5947 100 100 1000 100 10 10 100 1000 100 1000 1000 10 10 1000 100 100 100 10 10 10
9704 100 1000 1000 100 10 100 1000 100 100 1000 100 10 1000 1000 10 1000 10 100 1000 1000
6945 10 10 100 1000 100 100 100 10 1000 100 10 100 1000 1000 1000 1000 10 100 100 10
6581 10 1000 100 10 10 1000 100 1000 100 1000 10 100 10 100 10 10 1000 100 1000 10
6827 10 1000 10 1000 100 10 10 1000 1000 100 1000 100 100 100 1000 10 100 10 100 10
5030 10 10 10 10 100 100 100 100 10 10 100 10 1000 100 100 100 100 1000 1000 1000
9689 10 1000 100 100 1000 10 1000 1000 10 1000 100 100 100 100 1000 1000 100 1000 1000 10
