20 50
202 10 10 1 1 10 1 10 10 10 10 10 1 1 1 10 10 1 10 1 10
33 10 1 1 1 10 10 10 10 10 10 10 10 10 1 1 10 1 10 1 1
132 1 10 1 1 1 10 10 10 10 1 1 10 10 10 10 1 10 1 10 1
191 10 10 10 10 10 10 1 10 1 10 10 1 1 10 1 10 1 10 10 1
115 10 1 1 1 1 1 10 10 10 1 1 10 1 10 1 1 1 1 1 1
139 10 10 1 10 1 1 10 10 1 1 10 10 10 1 10 10 10 10 1 10
143 10 1 1 1 10 1 10 10 1 10 1 1 1 1 1 1 10 1 1 10
194 10 10 10 1 10 10 1 1 10 10 1 10 1 1 1 1 10 1 10 10
34 10 1 10 1 10 10 1 1 1 10 1 10 10 10 10 1 1 1 1 10
181 1 1 10 10 1 1 10 1 1 10 10 10 10 10 10 10 10 10 10 1
216 10 1 1 10 1 1 10 1 10 10 1 10 10 10 1 1 10 10 10 1
167 10 10 10 10 1 1 1 1 1 1 10 10 1 1 1 10 1 10 1 10
127 10 1 10 1 1 10 10 1 1 10 10 10 10 10 1 1 10 10 1 10
41 1 1 10 10 10 1 1 10 1 10 1 10 10 1 1 10 10 1 1 1
238 1 1 10 10 10 10 10 10 10 1 1 10 10 10 10 1 1 10 10 10
128 10 10 1 10 10 1 10 10 1 10 10 10 10 10 1 10 10 1 10 1
125 1 10 10 1 1 1 1 10 1 10 10 10 1 1 10 1 1 10 10 1
153 10 1 1 10 10 10 10 1 1 10 10 1 1 10 1 1 10 10 1 10
113 1 1 1 1 1 1 1 10 1 1 10 10 1 1 10 1 1 1 1 10
101 10 10 10 10 1 1 1 1 10 10 1 10 1 1 1 10 10 10 10 10
142 1 10 1 1 10 1 1 1 1 1 1 10 10 10 1 1 10 10 1 1
113 10 1 10 10 10 10 1 10 1 1 10 10 1 10 10 10 1 1 1 1
143 10 10 1 1 1 1 1 10 1 1 1 1 10 1 1 1 10 1 1 1
100 1 1 1 10 10 10 10 10 10 10 1 1 10 1 10 1 10 10 1 10
33 10 1 1 1 1 10 1 10 1 10 1 10 1 1 1 1 1 10 10 10
178 1 1 1 10 1 1 1 1 1 10 1 1 10 10 10 10 1 10 10 1
123 1 1 10 1 1 10 10 1 1 10 10 1 1 10 1 10 10 10 1 10
88 10 1 10 10 1 1 1 1 10 1 1 10 10 10 10 1 1 10 1 10
95 10 10 10 10 1 10 10 1 10 10 10 1 1 1 10 10 1 10 10 1
71 1 10 10 1 10 10 10 1 1 10 1 10 10 10 1 1 10 1 1 1
157 1 1 10 10 1 1 1 10 1 10 10 10 10 1 10 10 10 1 10 10
113 1 10 1 10 10 1 10 1 10 10 1 10 1 10 10 10 10 10 1 1
136 10 10 10 10 1 10 1 1 1 1 1 1 1 1 1 1 10 10 1 10
135 1 10 1 10 1 10 1 1 10 1 10 1 1 10 1 10 10 1 1 1
149 10 10 1 10 1 1 1 1 1 10 10 10 10 1 1 1 10 1 10 10
194 1 1 1 10 10 10 10 10 1 10 1 10 1 1 1 10 1 1 10 1
42 1 10 1 10 1 1 10 10 1 1 10 1 10 1 10 10 1 1 1 10
169 10 1 10 1 1 1 10 1 10 10 1 1 10 10 10 10 10 1 1 1
62 1 10 1 1 1 10 10 10 10 10 10 1 1 1 1 1 10 1 1 1
170 10 1 10 10 10 1 1 10 10 10 1 10 1 10 1 1 1 1 1 1
26 10 10 10 1 10 10 1 1 1 1 1 10 10 1 10 10 1 1 10 1
24 1 1 1 10 1 1 1 1 10 10 10 10 10 10 10 10 10 10 1 1
70 1 1 1 10 10 10 1 1 1 1 1 10 1 1 10 1 10 1 1 10
48 10 10 10 10 1 1 10 10 10 1 1 1 1 1 10 1 10 10 1 1
138 1 10 1 10 1 1 1 1 10 10 10 10 1 1 10 1 10 1 10 1
116 10 1 1 10 1 10 10 10 10 10 10 1 1 1 1 10 1 10 1 1
142 10 10 10 1 10 10 10 10 1 10 1 1 1 10 10 1 1 1 1 1
128 1 1 1 1 10 1 1 1 1 10 10 10 10 10 1 1 1 10 1 10
88 10 10 10 10 10 10 10 1 1 10 10 1 10 1 1 10 10 1 1 10
199 1 10 10 10 10 1 1 1 1 10 1 10 10 10 1 1 10 1 1 1
