20 50
4032 10 10 10 1000 1000 1000 100 100 10 100 100 100 100 10 10 100 100 100 10 100
5483 100 10 1000 10 1000 1000 10 10 10 100 1000 10 10 100 1000 10 10 10 10 100
7781 100 100 10 10 100 1000 1000 100 1000 10 100 1000 10 1000 10 100 100 10 1000 1000
4776 100 10 10 100 100 1000 10 1000 10 10 100 1000 100 100 1000 10 10 10 10 10
7863 100 100 10 10 1000 1000 100 100 1000 10 100 100 1000 10 100 1000 100 1000 10 1000
10431 10 1000 1000 1000 10 1000 100 100 1000 1000 1000 1000 10 10 10 10 10 1000 100 1000
7779 1000 1000 10 1000 10 100 1000 100 100 100 100 10 100 1000 10 100 1000 1000 10 10
8121 1000 100 1000 100 1000 100 10 100 1000 100 10 100 10 1000 1000 100 100 1000 100 100
2585 10 100 100 1000 10 10 10 10 10 100 10 10 10 10 10 10 100 1000 10 100
9581 1000 1000 100 10 1000 100 1000 1000 100 10 1000 100 10 1000 1000 100 10 10 100 1000
9653 1000 100 100 10 1000 1000 1000 1000 100 10 10 100 10 1000 10 10 1000 1000 100 1000
5618 100 100 10 1000 10 10 100 10 10 1000 10 100 1000 100 10 1000 10 100 10 1000
4278 100 100 100 10 100 100 100 100 10 100 100 100 10 1000 1000 100 100 1000 100 10
6798 100 1000 100 10 1000 100 100 100 10 10 1000 1000 1000 10 10 1000 10 100 10 100
10647 1000 100 1000 1000 10 1000 100 100 10 1000 10 1000 100 100 10 1000 1000 100 1000 1000
7575 1000 100 10 1000 10 1000 10 100 100 100 1000 1000 10 100 1000 100 10 10 10 1000
7579 100 10 10 1000 10 1000 10 100 1000 1000 1000 10 10 100 100 10 10 1000 10 1000
7488 100 10 1000 10 1000 10 10 100 1000 1000 10 10 100 100 10 1000 10 1000 1000 100
8696 1000 10 100 1000 10 1000 100 100 10 100 1000 10 1000 100 1000 100 100 10 1000 1000
8565 100 10 10 100 1000 100 1000 100 1000 10 10 1000 1000 100 1000 10 1000 1000 10 100
9825 100 1000 10 10 1000 100 1000 100 100 1000 1000 10 100 100 100 1000 1000 10 1000 1000
6404 1000 10 10 1000 10 10 10 1000 1000 10 1000 100 1000 100 10 100 10 10 10 10
9552 1000 100 1000 10 10 10 1000 100 1000 100 100 10 1000 1000 10 1000 100 1000 10 1000
7171 1000 100 10 100 100 100 1000 10 100 1000 1000 100 100 100 100 10 1000 1000 100 100
10608 1000 100 100 1000 1000 100 10 1000 100 100 100 1000 1000 1000 1000 10 10 1000 10 1000
7862 100 1000 10 1000 10 1000 1000 1000 1000 100 10 100 100 1000 10 100 100 100 100 10
7626 10 100 100 100 100 1000 1000 10 10 10 1000 10 10 100 10 10 1000 1000 1000 1000
8754 100 100 100 100 1000 1000 100 1000 1000 1000 1000 10 100 10 1000 100 10 10 10 1000
6659 1000 100 100 10 1000 10 1000 10 10 100 100 100 1000 10 10 10 10 1000 10 1000
7922 100 10 10 100 10 100 1000 1000 100 1000 100 1000 100 10 100 1000 1000 1000 100 10
5724 1000 100 1000 10 1000 10 100 1000 10 10 100 100 10 10 10 100 10 100 1000 10
5901 1000 100 100 100 100 10 10 100 1000 10 100 10 1000 1000 10 10 100 1000 10 100
7851 1000 1000 100 1000 10 10 100 1000 100 1000 100 1000 10 100 100 100 10 100 10 1000
5673 10 10 10 100 1000 100 10 1000 10 100 1000 100 10 10 1000 10 10 100 1000 100
7718 1000 10 100 1000 1000 1000 10 100 1000 10 10 1000 100 100 10 100 100 1000 10 100
3127 100 1000 10 100 10 100 100 100 1000 10 100 10 100 100 100 10 10 100 10 100
8785 100 1000 10 10 10 1000 1000 100 1000 10 1000 10 100 100 100 1000 1000 100 100 1000
9700 100 1000 10 10 10 1000 100 100 1000 1000 1000 1000 10 100 1000 100 1000 1000 100 10
7754 100 100 10 1000 100 100 1000 100 100 10 100 10 1000 10 1000 100 1000 1000 1000 10
7845 10 10 100 1000 1000 100 10 1000 1000 10 1000 100 10 1000 100 10 100 100 1000 100
8642 1000 10 10 100 100 10 1000 1000 100 1000 1000 10 1000 100 100 10 10 100 1000 1000
6795 1000 100 10 10 100 1000 100 100 1000 1000 10 10 100 1000 100 100 100 1000 10 10
7673 10 10 10 10 100 10 1000 1000 1000 10 100 1000 100 1000 1000 100 1000 100 10 10
8844 10 100 10 10 1000 100 10 1000 1000 100 100 100 1000 1000 1000 100 100 1000 10 1000
8401 1000 1000 10 10 1000 1000 100 100 1000 1000 10 100 10 100 1000 10 10 10 1000 10
5877 10 100 1000 10 1000 10 100 100 100 1000 100 10 1000 10 100 100 1000 100 100 10
6588 10 10 10 10 100 100 10 1000 100 1000 1000 10 10 100 1000 10 100 1000 1000 10
6150 100 1000 100 1000 10 100 100 100 100 10 10 100 100 100 1000 10 100 10 1000 1000
6690 1000 1000 100 100 10 10 1000 100 10 10 100 10 100 100 10 10 1000 10 1000 1000
6895 1000 100 1000 1000 1000 100 100 10 10 10 1000 100 100 10 10 10 100 100 100 1000
