20 50
68628 10000 1000 100 10000 100 1000 1000 10000 10000 1000 10000 1000 10000 1000 100 100 1000 100 100 1000
68579 1000 100 100 100 10000 1000 10000 1000 1000 10000 1000 10000 1000 1000 100 1000 100 100 10000 10000
67654 100 1000 1000 100 10000 100 10000 10000 100 10000 100 1000 100 1000 10000 10000 1000 1000 1000 100
86542 10000 10000 100 100 10000 100 1000 10000 1000 1000 10000 10000 1000 1000 1000 10000 100 100 100 10000
66805 1000 100 1000 1000 1000 10000 100 100 1000 1000 10000 100 100 10000 100 100 10000 10000 10000 100
93721 100 10000 100 100 100 10000 100 10000 100 1000 1000 10000 1000 100 100 10000 10000 10000 10000 10000
86587 10000 10000 1000 100 100 10000 10000 10000 100 10000 1000 1000 10000 1000 1000 10000 100 1000 100 100
86629 10000 1000 100 100 100 10000 1000 10000 1000 100 1000 10000 100 10000 1000 1000 10000 100 10000 10000
85606 10000 100 10000 10000 1000 10000 10000 100 1000 100 100 100 10000 100 1000 10000 1000 100 10000 1000
76662 10000 10000 1000 100 1000 10000 100 1000 1000 100 10000 10000 1000 100 10000 10000 100 100 100 1000
74894 100 100 1000 10000 100 10000 100 10000 100 100 10000 10000 1000 100 1000 1000 100 10000 10000 100
67685 1000 10000 100 1000 100 1000 100 10000 1000 1000 10000 100 100 1000 10000 100 100 10000 1000 10000
105506 10000 1000 10000 10000 10000 10000 100 1000 1000 100 1000 100 10000 10000 100 10000 100 10000 1000 10000
95644 1000 1000 10000 100 100 100 10000 100 10000 10000 10000 10000 10000 100 1000 10000 10000 1000 1000 100
76621 1000 1000 10000 100 10000 10000 10000 100 1000 100 1000 100 10000 1000 10000 100 1000 100 10000 100
65980 1000 1000 100 10000 1000 100 100 100 1000 100 100 100 1000 100 10000 10000 100 10000 10000 10000
57843 1000 10000 1000 100 100 100 100 1000 100 1000 10000 100 10000 1000 100 1000 10000 10000 100 1000
68568 10000 1000 100 1000 1000 1000 100 10000 10000 10000 100 10000 1000 100 10000 1000 100 1000 100 1000
74084 100 100 100 10000 10000 10000 100 100 10000 10000 1000 1000 100 100 100 1000 10000 100 100 10000
61427 1000 1000 10000 1000 100 10000 100 100 1000 10000 1000 10000 1000 1000 1000 100 10000 1000 1000 1000
58674 100 1000 1000 10000 100 10000 1000 1000 100 1000 1000 100 1000 100 100 10000 10000 1000 10000 100
68590 10000 10000 10000 1000 10000 10000 100 1000 1000 100 10000 100 1000 100 1000 1000 1000 1000 100 100
68602 10000 100 100 1000 100 100 1000 100 1000 10000 10000 10000 1000 100 10000 1000 10000 1000 1000 1000
69577 1000 1000 10000 1000 1000 1000 10000 10000 100 10000 10000 100 1000 1000 100 10000 1000 1000 100 100
47961 1000 10000 1000 100 100 100 10000 10000 100 1000 1000 10000 1000 100 100 100 1000 1000 100 100
47907 100 100 1000 1000 100 100 1000 100 10000 10000 100 10000 100 100 1000 1000 1000 100 1000 10000
55059 100 10000 100 100 100 100 10000 100 10000 10000 1000 1000 10000 100 1000 100 100 1000 100 100
105462 100 10000 10000 10000 100 100 10000 100 1000 10000 100 1000 1000 10000 10000 10000 10000 1000 1000 10000
48861 1000 100 1000 100 1000 1000 100 10000 1000 1000 1000 100 10000 10000 10000 1000 100 100 100 100
67682 10000 1000 10000 1000 10000 100 1000 100 100 1000 100 1000 10000 100 10000 1000 10000 100 100 1000
57793 1000 10000 100 10000 1000 100 10000 1000 10000 100 100 1000 1000 100 1000 100 10000 100 100 1000
75771 10000 100 100 1000 100 100 1000 100 10000 1000 10000 10000 1000 100 1000 100 10000 10000 100 10000
39765 100 10000 100 100 100 100 1000 1000 10000 1000 1000 10000 100 1000 1000 1000 100 100 1000 1000
47886 1000 100 1000 10000 1000 100 1000 1000 10000 100 1000 10000 10000 100 100 100 100 100 1000 100
85601 1000 10000 100 100 1000 1000 10000 100 10000 100 10000 100 1000 10000 100 10000 10000 100 10000 1000
57780 10000 10000 100 100 1000 1000 100 100 1000 10000 100 100 1000 10000 1000 100 10000 100 1000 1000
60489 1000 100 100 1000 100 100 10000 100 1000 10000 1000 1000 1000 1000 10000 1000 1000 10000 1000 10000
66771 1000 10000 1000 1000 100 10000 100 100 10000 10000 100 1000 100 100 10000 1000 100 10000 1000 100
79379 100 10000 100 10000 10000 10000 1000 1000 1000 1000 1000 100 1000 10000 100 1000 10000 10000 1000 1000
56082 1000 10000 10000 100 100 10000 100 100 1000 100 100 10000 100 10000 100 100 1000 1000 1000 100
57822 1000 1000 1000 100 1000 1000 10000 100 10000 1000 100 10000 1000 10000 100 100 100 10000 100 100
76749 1000 10000 10000 1000 10000 10000 10000 100 10000 100 100 100 1000 100 100 1000 1000 100 1000 10000
49667 1000 100 10000 100 1000 100 10000 1000 1000 10000 1000 1000 100 1000 100 10000 1000 100 100 1000
47009 10000 1000 100 1000 1000 10000 1000 10000 10000 100 100 100 1000 100 100 100 1000 100 100 100
66711 1000 10000 1000 1000 100 100 10000 100 10000 1000 1000 100 100 10000 100 1000 10000 100 10000 100
48713 1000 10000 10000 1000 1000 100 1000 100 10000 100 100 1000 10000 1000 100 1000 1000 100 100 100
66717 100 1000 100 10000 1000 1000 1000 10000 100 100 100 100 100 1000 100 10000 1000 10000 10000 10000
77700 10000 1000 100 10000 1000 100 1000 1000 10000 100 100 10000 100 1000 1000 10000 10000 1000 10000 100
97370 1000 10000 10000 1000 1000 100 100 100 1000 10000 1000 10000 1000 10000 10000 10000 10000 100 1000 10000
54225 100 10000 100 1000 100 100 100 100 10000 100 100 100 10000 1000 1000 100 10000 10000 100 100
