20 50
47974 100 1000 100 100 10000 100 100 10000 10000 1000 100 100 100 1000 100 1000 1000 1000 1000 10000
65026 10000 100 100 100 100 1000 10000 1000 10000 1000 10000 100 10000 10000 100 1000 100 100 100 100
79330 100 1000 10000 1000 1000 10000 1000 1000 1000 10000 10000 1000 1000 100 1000 100 10000 10000 10000 100
117218 1000 10000 10000 10000 10000 10000 10000 1000 10000 10000 100 1000 10000 1000 10000 100 1000 1000 10000 1000
94642 100 1000 10000 1000 10000 10000 10000 100 1000 100 10000 10000 100 10000 10000 100 1000 100 100 10000
106321 10000 1000 10000 1000 100 10000 10000 10000 10000 10000 10000 1000 100 1000 10000 100 100 1000 10000 1000
57793 100 1000 1000 100 100 100 10000 100 100 1000 100 10000 100 1000 1000 10000 1000 10000 1000 10000
70375 100 10000 10000 100 1000 10000 1000 1000 1000 1000 1000 1000 100 100 10000 10000 1000 1000 10000 1000
78587 100 10000 100 1000 1000 10000 1000 100 1000 10000 1000 10000 1000 1000 10000 10000 1000 10000 100 100
88413 100 100 10000 10000 1000 10000 1000 10000 1000 1000 1000 1000 10000 1000 10000 10000 1000 10000 100 100
114497 1000 10000 1000 10000 10000 100 10000 10000 1000 10000 100 100 1000 10000 10000 100 100 10000 10000 10000
68676 100 1000 100 10000 1000 10000 100 10000 100 10000 1000 1000 1000 1000 100 100 1000 10000 10000 1000
79500 1000 10000 1000 100 1000 100 100 1000 1000 1000 10000 1000 1000 10000 1000 10000 100 10000 10000 10000
59568 1000 100 10000 100 1000 100 1000 10000 100 1000 1000 100 1000 10000 1000 10000 10000 1000 100 1000
69418 1000 1000 10000 1000 100 1000 100 10000 100 1000 1000 10000 100 10000 10000 1000 10000 1000 1000 100
68621 100 1000 1000 100 1000 1000 100 1000 100 1000 10000 100 10000 1000 10000 10000 10000 100 10000 1000
59641 10000 100 10000 100 10000 1000 1000 1000 100 100 1000 100 100 1000 1000 10000 1000 10000 1000 1000
78489 10000 10000 1000 10000 10000 1000 100 1000 1000 1000 10000 100 1000 100 100 1000 1000 10000 100 10000
96487 1000 100 10000 1000 100 1000 100 10000 10000 1000 10000 10000 1000 10000 100 10000 10000 10000 1000 100
85749 100 100 10000 1000 100 100 10000 10000 100 1000 10000 10000 10000 10000 100 1000 10000 100 1000 1000
59673 100 1000 1000 10000 1000 100 100 1000 10000 100 100 1000 10000 10000 1000 1000 100 1000 1000 10000
96558 1000 100 10000 10000 1000 1000 10000 10000 100 1000 1000 10000 10000 10000 100 10000 100 100 10000 1000
58624 1000 10000 10000 10000 10000 1000 1000 1000 100 100 10000 1000 100 1000 1000 100 100 100 100 1000
50527 10000 10000 1000 1000 100 100 1000 1000 10000 1000 10000 1000 100 1000 100 1000 100 100 1000 1000
105538 10000 10000 1000 10000 100 10000 10000 1000 100 10000 1000 10000 1000 100 10000 10000 10000 100 100 1000
50507 1000 1000 10000 100 1000 1000 1000 100 10000 1000 10000 1000 10000 1000 100 100 1000 100 100 1000
77511 100 10000 1000 1000 10000 1000 10000 10000 1000 100 1000 1000 100 10000 10000 100 10000 100 1000 100
103635 10000 100 10000 1000 100 10000 100 10000 100 100 10000 10000 100 10000 10000 1000 10000 10000 100 1000
69443 100 10000 100 1000 10000 10000 1000 1000 100 100 1000 100 1000 10000 1000 10000 1000 1000 10000 1000
76636 1000 100 100 100 10000 10000 1000 1000 100 100 10000 10000 1000 100 10000 10000 1000 1000 10000 100
68530 100 100 1000 1000 10000 1000 10000 100 1000 10000 1000 10000 1000 100 10000 1000 100 100 1000 10000
78533 10000 10000 1000 100 10000 1000 100 1000 1000 1000 100 1000 10000 100 1000 1000 10000 10000 100 10000
76628 10000 1000 100 1000 1000 100 100 10000 10000 10000 10000 1000 1000 100 100 1000 100 10000 10000 100
85693 1000 100 100 1000 10000 100 1000 1000 10000 10000 100 100 10000 1000 10000 10000 100 10000 100 10000
38852 10000 100 100 100 100 100 1000 100 1000 1000 10000 100 1000 100 1000 100 1000 1000 1000 10000
89274 1000 1000 1000 10000 10000 1000 10000 10000 1000 10000 100 1000 10000 10000 100 10000 1000 1000 100 1000
67768 100 100 100 1000 1000 10000 100 100 10000 1000 1000 1000 10000 1000 10000 10000 10000 100 100 1000
47913 100 100 100 1000 100 1000 1000 10000 100 100 10000 10000 1000 1000 100 100 10000 100 1000 1000
74810 1000 10000 1000 1000 100 10000 10000 100 10000 100 10000 100 100 100 100 10000 1000 100 10000 100
67689 10000 100 100 1000 100 10000 100 1000 1000 100 1000 100 1000 10000 100 10000 10000 1000 10000 1000
86542 1000 10000 1000 10000 10000 10000 100 10000 100 10000 1000 100 1000 10000 1000 10000 100 100 1000 100
48705 1000 100 100 1000 1000 10000 100 1000 100 100 100 100 10000 1000 1000 10000 10000 1000 1000 100
37033 1000 1000 100 100 100 10000 100 100 1000 100 100 1000 1000 100 10000 100 100 1000 100 10000
86665 10000 1000 10000 10000 10000 100 100 100 1000 100 10000 1000 10000 10000 1000 100 10000 100 1000 1000
69506 100 10000 1000 10000 1000 1000 10000 1000 10000 1000 1000 1000 10000 100 100 100 10000 100 1000 1000
87545 10000 10000 1000 1000 10000 10000 100 10000 1000 1000 1000 10000 100 10000 100 100 1000 10000 1000 100
105420 10000 10000 1000 1000 100 10000 10000 100 10000 1000 10000 10000 1000 100 10000 100 10000 10000 1000 100
40737 100 1000 100 1000 100 10000 1000 1000 10000 1000 10000 100 1000 1000 1000 100 1000 100 100 1000
96457 10000 10000 10000 1000 1000 10000 1000 10000 100 100 1000 1000 10000 100 10000 1000 100 100 10000 10000
37072 10000 1000 100 100 100 10000 100 100 10000 100 100 1000 1000 100 1000 1000 100 100 100 1000
