20 50
85604 10000 100 1000 100 10000 100 10000 1000 10000 100 10000 1000 100 10000 10000 100 10000 100 1000 1000
55991 10000 100 100 100 100 1000 10000 100 10000 100 100 100 1000 10000 100 100 1000 1000 10000 1000
87515 10000 10000 1000 1000 10000 1000 10000 100 10000 1000 100 1000 100 100 10000 10000 100 10000 1000 1000
55916 1000 100 100 10000 1000 100 10000 100 10000 1000 100 100 100 1000 100 10000 100 10000 1000 100
47065 100 1000 100 100 100 1000 10000 100 1000 1000 100 100 1000 1000 100 10000 10000 100 100 10000
66803 1000 1000 1000 100 1000 1000 10000 10000 100 10000 10000 100 100 1000 10000 100 100 100 10000 100
48873 10000 100 1000 10000 1000 10000 1000 100 1000 100 10000 1000 100 1000 100 100 100 1000 1000 100
74916 1000 10000 1000 10000 10000 100 100 10000 100 100 100 10000 1000 100 10000 10000 100 100 100 1000
103760 10000 10000 10000 10000 1000 100 100 1000 10000 100 10000 10000 10000 100 100 10000 100 100 1000 10000
31717 100 1000 1000 1000 100 1000 1000 1000 1000 10000 10000 100 1000 100 1000 100 1000 100 100 1000
83036 100 100 10000 1000 10000 10000 10000 100 100 10000 100 10000 100 100 10000 100 100 100 10000 1000
45274 100 1000 1000 1000 100 100 100 100 10000 100 10000 100 100 100 100 100 10000 100 10000 1000
65996 100 100 100 1000 10000 10000 10000 100 10000 100 100 100 100 100 1000 1000 1000 10000 1000 10000
56924 100 1000 10000 100 10000 100 100 1000 10000 100 1000 1000 100 1000 100 100 1000 10000 10000 100
79363 10000 10000 10000 1000 1000 10000 100 10000 1000 1000 1000 1000 1000 1000 10000 100 100 10000 1000 100
75771 100 100 10000 1000 1000 10000 100 10000 100 100 1000 1000 100 10000 10000 10000 10000 1000 100 100
65840 100 10000 100 100 10000 1000 100 100 10000 100 10000 1000 100 100 1000 1000 10000 1000 100 10000
51401 1000 10000 100 100 10000 100 1000 1000 1000 10000 1000 10000 1000 1000 1000 1000 1000 100 1000 100
60574 1000 100 100 10000 1000 1000 1000 1000 10000 1000 10000 1000 100 1000 100 100 10000 1000 1000 10000
88489 10000 1000 1000 10000 1000 10000 1000 10000 100 10000 1000 10000 1000 1000 100 1000 10000 100 100 10000
65827 100 100 100 1000 100 100 10000 1000 1000 100 1000 10000 100 10000 100 100 1000 10000 10000 10000
27114 100 100 100 1000 1000 1000 100 10000 100 100 100 100 1000 100 100 1000 10000 100 100 1000
65933 1000 10000 100 1000 10000 1000 100 10000 1000 100 100 1000 100 100 10000 100 100 100 10000 10000
102834 10000 100 100 1000 100 100 10000 100 10000 1000 10000 100 10000 10000 100 10000 100 10000 10000 10000
85731 10000 10000 10000 1000 100 10000 100 1000 100 1000 10000 1000 100 10000 1000 10000 100 10000 100 100
94730 1000 10000 10000 1000 1000 100 100 10000 10000 10000 100 10000 1000 100 100 100 10000 10000 100 10000
80212 100 1000 1000 100 1000 1000 10000 1000 10000 10000 10000 1000 1000 10000 1000 100 1000 1000 10000 10000
87467 10000 1000 10000 1000 1000 100 100 100 1000 10000 1000 100 10000 100 10000 10000 1000 1000 10000 10000
78436 1000 100 10000 10000 10000 1000 100 10000 100 1000 10000 1000 100 1000 100 1000 10000 1000 10000 1000
76705 100 1000 10000 1000 1000 100 10000 10000 1000 10000 100 100 1000 1000 10000 100 100 10000 10000 100
28049 100 100 1000 100 1000 100 10000 100 10000 1000 1000 1000 100 100 100 100 100 100 1000 1000
58728 10000 100 100 100 1000 1000 10000 1000 1000 1000 1000 100 10000 1000 100 10000 10000 100 100 1000
95687 10000 1000 1000 100 100 10000 10000 10000 10000 100 1000 10000 100 10000 100 10000 1000 10000 1000 100
42410 10000 1000 100 100 1000 1000 1000 1000 10000 100 1000 1000 1000 1000 1000 100 10000 1000 1000 100
87547 1000 10000 10000 1000 10000 100 10000 100 1000 100 1000 100 1000 100 10000 10000 10000 1000 10000 1000
85667 10000 100 1000 1000 10000 100 1000 1000 100 100 10000 10000 1000 100 10000 10000 10000 100 100 10000
68563 1000 1000 1000 1000 10000 100 1000 10000 10000 100 100 10000 100 1000 1000 1000 10000 100 10000 100
96404 1000 10000 10000 10000 10000 1000 10000 10000 10000 100 100 10000 100 1000 1000 1000 100 100 10000 1000
38066 1000 1000 1000 100 100 100 1000 100 100 100 100 10000 100 100 10000 10000 100 1000 1000 1000
40648 10000 1000 1000 1000 10000 100 1000 1000 100 100 1000 1000 100 1000 100 100 1000 10000 100 1000
57736 10000 1000 10000 100 100 100 1000 100 10000 1000 100 1000 1000 1000 1000 100 100 10000 10000 100
75816 100 10000 1000 10000 1000 100 1000 100 1000 10000 1000 10000 100 100 100 10000 10000 10000 100 100
57708 10000 1000 100 100 1000 1000 1000 10000 1000 100 100 100 10000 10000 100 1000 100 10000 100 1000
109126 1000 10000 100 10000 10000 1000 1000 1000 1000 1000 10000 10000 10000 10000 1000 1000 10000 1000 10000 10000
75734 1000 100 10000 10000 1000 100 100 10000 10000 100 10000 1000 1000 100 1000 100 100 100 10000 10000
65024 100 10000 100 1000 100 1000 1000 100 100 1000 100 10000 100 100 10000 100 10000 100 10000 10000
78406 10000 10000 100 10000 100 1000 1000 1000 100 10000 1000 1000 1000 1000 10000 1000 10000 100 100 10000
59657 1000 10000 1000 1000 1000 100 10000 100 10000 1000 100 100 1000 1000 100 1000 1000 100 10000 10000
77668 100 100 10000 1000 100 10000 1000 10000 1000 100 1000 100 1000 1000 100 10000 10000 10000 1000 10000
73934 100 10000 10000 100 10000 100 100 10000 100 1000 100 10000 1000 100 100 1000 100 10000 100 10000
