20 50
100974 1000 1000 1000 10000 10000 1000 10000 10000 1000 1000 10000 10000 1000 1000 1000 10000 1000 10000 1000 10000
92051 10000 1000 1000 1000 1000 10000 10000 1000 1000 1000 1000 10000 10000 1000 10000 10000 10000 1000 1000 1000
145997 10000 1000 10000 1000 10000 1000 1000 1000 10000 10000 1000 10000 10000 10000 10000 10000 10000 10000 10000 10000
137096 10000 1000 1000 1000 10000 10000 10000 10000 10000 1000 10000 10000 10000 1000 1000 1000 10000 10000 10000 10000
127993 1000 10000 1000 10000 1000 10000 1000 10000 10000 1000 1000 1000 10000 10000 10000 10000 10000 10000 1000 10000
118972 10000 1000 1000 10000 1000 1000 10000 1000 10000 10000 10000 1000 1000 10000 10000 10000 10000 1000 1000 10000
82987 1000 10000 1000 10000 10000 1000 1000 1000 10000 1000 10000 1000 1000 1000 10000 1000 1000 1000 1000 10000
83057 1000 1000 10000 1000 10000 1000 10000 1000 10000 10000 1000 1000 1000 1000 1000 10000 1000 1000 1000 10000
109975 1000 10000 10000 1000 10000 1000 10000 1000 10000 10000 10000 10000 1000 1000 1000 1000 1000 10000 10000 1000
100935 10000 10000 1000 10000 1000 1000 10000 10000 10000 10000 1000 10000 1000 1000 1000 10000 1000 1000 1000 1000
83047 10000 10000 1000 1000 1000 10000 1000 1000 1000 1000 1000 10000 10000 1000 1000 1000 10000 1000 10000 1000
155004 1000 1000 10000 10000 10000 10000 10000 10000 10000 10000 1000 1000 10000 10000 10000 10000 10000 10000 1000 10000
92037 1000 10000 1000 10000 1000 10000 1000 10000 1000 10000 10000 1000 10000 1000 1000 1000 10000 1000 1000 1000
110037 1000 10000 1000 10000 10000 1000 1000 10000 10000 1000 10000 1000 10000 10000 10000 1000 10000 1000 1000 1000
91998 1000 10000 10000 1000 1000 1000 1000 10000 10000 1000 1000 10000 10000 10000 1000 1000 1000 1000 10000 1000
91995 1000 1000 1000 1000 10000 10000 1000 10000 10000 1000 1000 1000 1000 10000 1000 10000 1000 10000 10000 1000
128097 10000 1000 10000 10000 1000 1000 10000 10000 10000 1000 10000 1000 10000 10000 10000 10000 1000 1000 1000 10000
128011 10000 1000 10000 1000 10000 10000 1000 10000 10000 10000 1000 1000 1000 1000 1000 10000 10000 10000 10000 10000
119056 10000 10000 10000 1000 1000 10000 1000 10000 10000 10000 10000 1000 1000 10000 1000 1000 1000 10000 1000 10000
101098 1000 1000 10000 1000 1000 1000 10000 1000 1000 10000 1000 10000 10000 10000 1000 10000 10000 1000 1000 10000
83025 10000 1000 10000 1000 10000 10000 1000 10000 1000 1000 1000 1000 10000 10000 1000 1000 1000 1000 1000 1000
136990 10000 1000 1000 10000 1000 10000 1000 1000 10000 10000 10000 10000 10000 1000 10000 10000 1000 10000 10000 10000
82952 10000 1000 1000 1000 1000 1000 1000 10000 1000 1000 1000 1000 10000 1000 1000 10000 10000 10000 10000 1000
109911 10000 10000 10000 10000 1000 1000 1000 1000 10000 1000 10000 1000 1000 10000 1000 10000 1000 1000 10000 10000
128072 1000 1000 10000 10000 10000 10000 1000 10000 10000 1000 1000 1000 10000 1000 1000 10000 10000 10000 10000 10000
100966 10000 1000 1000 10000 10000 10000 1000 1000 10000 10000 1000 10000 1000 1000 1000 1000 1000 1000 10000 10000
65019 1000 1000 1000 1000 10000 1000 1000 1000 1000 1000 10000 1000 1000 1000 10000 1000 10000 1000 1000 10000
127924 10000 10000 10000 10000 1000 10000 1000 1000 1000 1000 10000 10000 1000 10000 1000 10000 10000 1000 10000 10000
136952 10000 1000 10000 10000 10000 10000 1000 1000 10000 1000 10000 10000 1000 10000 10000 10000 10000 1000 10000 1000
91923 1000 10000 1000 10000 10000 1000 1000 10000 1000 1000 1000 10000 10000 1000 1000 1000 10000 1000 1000 10000
110062 1000 10000 1000 1000 10000 1000 10000 10000 1000 10000 10000 10000 1000 10000 1000 10000 1000 1000 10000 1000
100933 10000 1000 10000 1000 1000 10000 1000 10000 1000 1000 1000 10000 10000 1000 1000 10000 10000 1000 10000 1000
119042 10000 10000 10000 1000 1000 10000 1000 10000 1000 10000 1000 10000 10000 1000 10000 10000 10000 1000 1000 1000
128082 1000 10000 1000 10000 1000 10000 10000 10000 1000 10000 1000 1000 10000 10000 1000 1000 10000 10000 10000 10000
110029 1000 1000 10000 1000 10000 10000 10000 10000 1000 10000 1000 10000 1000 10000 10000 1000 1000 1000 10000 1000
145966 10000 10000 10000 1000 10000 10000 1000 10000 10000 1000 1000 10000 10000 10000 10000 10000 1000 10000 10000 1000
119089 1000 1000 10000 1000 1000 10000 10000 1000 10000 10000 10000 1000 10000 10000 10000 10000 10000 1000 1000 1000
118919 10000 1000 1000 1000 1000 10000 10000 1000 10000 10000 1000 10000 1000 1000 10000 10000 10000 10000 10000 1000
128010 10000 1000 10000 10000 1000 1000 1000 10000 10000 1000 10000 10000 10000 10000 10000 1000 10000 1000 1000 10000
109996 10000 10000 1000 10000 1000 1000 10000 10000 1000 10000 1000 10000 1000 10000 1000 1000 1000 10000 1000 10000
128084 10000 10000 10000 10000 1000 10000 10000 1000 1000 1000 1000 10000 10000 10000 10000 1000 10000 10000 1000 1000
56032 1000 1000 1000 1000 1000 1000 1000 1000 10000 1000 1000 1000 10000 1000 10000 1000 10000 1000 1000 1000
119072 10000 10000 1000 10000 1000 10000 1000 10000 10000 10000 1000 1000 1000 10000 10000 1000 1000 10000 1000 10000
100929 1000 1000 10000 1000 10000 10000 1000 10000 1000 10000 10000 1000 1000 10000 1000 10000 1000 1000 10000 1000
119054 10000 10000 1000 10000 10000 10000 1000 10000 1000 1000 10000 1000 1000 10000 10000 1000 1000 10000 1000 10000
119015 10000 10000 1000 1000 10000 10000 1000 1000 10000 1000 1000 10000 10000 1000 1000 10000 10000 10000 10000 1000
100989 10000 1000 1000 1000 10000 10000 1000 10000 1000 10000 1000 10000 10000 10000 1000 1000 1000 10000 1000 1000
100986 1000 10000 10000 1000 1000 1000 10000 1000 1000 1000 10000 1000 10000 1000 1000 10000 10000 1000 10000 10000
119068 10000 1000 1000 10000 10000 1000 10000 10000 10000 1000 10000 1000 10000 10000 1000 10000 1000 1000 10000 1000
118927 10000 1000 1000 10000 1000 1000 10000 10000 1000 1000 10000 10000 10000 10000 10000 10000 1000 10000 1000 1000
