20 50
118907 10000 10000 1000 1000 10000 10000 10000 1000 1000 10000 1000 10000 10000 10000 10000 1000 1000 1000 10000 1000
109967 1000 1000 1000 10000 10000 1000 10000 10000 10000 1000 10000 1000 10000 10000 10000 1000 1000 1000 10000 1000
118937 1000 1000 1000 10000 1000 1000 10000 10000 1000 10000 10000 1000 10000 10000 10000 10000 10000 10000 1000 1000
110013 10000 10000 1000 10000 10000 10000 1000 1000 1000 1000 10000 10000 1000 10000 1000 1000 10000 1000 10000 1000
128009 1000 10000 1000 10000 1000 10000 10000 1000 1000 10000 10000 10000 10000 1000 10000 1000 10000 1000 10000 10000
110046 10000 1000 1000 1000 10000 1000 10000 10000 1000 10000 10000 1000 1000 10000 1000 10000 1000 10000 10000 1000
128062 1000 10000 1000 10000 1000 10000 10000 10000 10000 1000 10000 10000 10000 10000 10000 1000 1000 1000 10000 1000
109954 10000 1000 10000 1000 1000 1000 10000 1000 1000 10000 10000 10000 1000 1000 10000 10000 1000 10000 1000 10000
128046 10000 10000 1000 1000 10000 10000 10000 1000 10000 10000 1000 10000 10000 1000 10000 10000 1000 10000 1000 1000
146056 10000 10000 10000 10000 10000 1000 10000 10000 10000 1000 10000 10000 10000 1000 1000 10000 10000 10000 1000 1000
109937 10000 10000 10000 1000 10000 1000 10000 1000 10000 10000 1000 1000 1000 1000 1000 10000 1000 1000 10000 10000
127961 1000 10000 10000 1000 10000 10000 10000 1000 10000 10000 1000 1000 1000 10000 1000 10000 10000 10000 1000 10000
137089 1000 1000 1000 10000 10000 10000 10000 10000 1000 10000 1000 1000 10000 10000 10000 10000 10000 1000 10000 10000
127941 1000 10000 10000 10000 10000 1000 10000 1000 10000 10000 1000 10000 10000 1000 10000 1000 10000 10000 1000 1000
137091 10000 10000 1000 10000 1000 1000 10000 10000 1000 1000 10000 10000 10000 1000 10000 10000 10000 1000 10000 10000
82909 10000 10000 1000 1000 1000 10000 1000 1000 10000 1000 10000 1000 1000 1000 10000 1000 10000 1000 1000 1000
128035 10000 1000 10000 10000 10000 1000 1000 10000 10000 1000 10000 1000 1000 10000 10000 10000 1000 10000 10000 1000
118999 1000 1000 10000 1000 10000 10000 1000 1000 10000 10000 10000 1000 1000 10000 1000 10000 10000 10000 1000 10000
110099 1000 10000 1000 1000 10000 10000 10000 10000 1000 10000 1000 1000 1000 10000 1000 1000 1000 10000 10000 10000
136933 10000 10000 10000 1000 10000 1000 10000 10000 1000 1000 10000 10000 10000 10000 1000 10000 10000 1000 10000 1000
91967 10000 10000 10000 1000 1000 1000 1000 1000 1000 10000 10000 1000 1000 1000 10000 1000 1000 1000 10000 10000
92090 10000 1000 10000 1000 10000 10000 1000 1000 1000 10000 1000 1000 10000 1000 1000 1000 10000 1000 10000 1000
92042 1000 10000 10000 1000 1000 1000 1000 1000 1000 1000 10000 10000 1000 1000 10000 1000 10000 10000 10000 1000
118935 10000 10000 10000 1000 10000 1000 10000 10000 1000 1000 10000 10000 1000 1000 1000 1000 1000 10000 10000 10000
109998 1000 1000 10000 10000 1000 1000 10000 1000 1000 10000 1000 1000 10000 10000 1000 10000 10000 1000 10000 10000
110062 10000 10000 10000 10000 10000 10000 10000 1000 10000 1000 1000 1000 1000 1000 1000 1000 1000 10000 10000 1000
128051 1000 10000 10000 10000 1000 1000 10000 10000 10000 10000 1000 1000 10000 1000 10000 10000 1000 10000 10000 1000
92019 1000 1000 1000 1000 10000 1000 10000 1000 10000 1000 10000 10000 1000 1000 10000 10000 1000 10000 1000 1000
109960 1000 1000 1000 1000 10000 1000 10000 1000 10000 10000 10000 1000 10000 1000 10000 1000 10000 1000 10000 10000
110046 1000 1000 10000 10000 1000 10000 1000 10000 1000 10000 1000 10000 10000 1000 1000 1000 1000 10000 10000 10000
100973 1000 1000 1000 1000 10000 1000 10000 1000 10000 1000 1000 10000 1000 10000 10000 1000 10000 10000 1000 10000
64917 10000 1000 1000 10000 1000 1000 1000 1000 1000 1000 1000 10000 1000 1000 10000 1000 1000 1000 1000 10000
127973 10000 1000 10000 10000 1000 1000 10000 1000 1000 1000 10000 10000 1000 10000 10000 10000 10000 10000 1000 10000
110096 10000 1000 1000 1000 10000 1000 10000 10000 10000 1000 10000 1000 10000 10000 1000 1000 10000 1000 1000 10000
92099 10000 1000 1000 10000 1000 1000 10000 10000 10000 10000 1000 10000 1000 1000 1000 1000 1000 1000 1000 10000
101060 1000 1000 10000 10000 10000 1000 10000 1000 10000 10000 1000 1000 1000 1000 10000 1000 10000 1000 10000 1000
136944 10000 10000 10000 10000 1000 1000 10000 10000 1000 10000 10000 10000 10000 10000 10000 1000 1000 10000 1000 1000
145953 10000 10000 1000 10000 10000 1000 1000 1000 10000 10000 10000 10000 10000 10000 1000 10000 10000 10000 10000 1000
146073 10000 1000 1000 10000 1000 1000 1000 10000 10000 10000 10000 10000 10000 10000 10000 10000 1000 10000 10000 10000
100913 1000 10000 10000 1000 1000 1000 1000 1000 10000 10000 1000 10000 10000 1000 10000 10000 1000 1000 1000 10000
92013 1000 1000 10000 1000 1000 10000 1000 10000 1000 1000 1000 1000 10000 1000 10000 1000 1000 10000 10000 10000
128049 10000 10000 10000 1000 1000 10000 1000 1000 1000 10000 10000 10000 1000 1000 10000 10000 10000 10000 1000 10000
119093 1000 10000 1000 1000 10000 1000 1000 1000 10000 1000 10000 10000 10000 1000 10000 10000 10000 10000 1000 10000
101015 10000 1000 10000 10000 1000 1000 1000 10000 1000 10000 10000 1000 10000 1000 1000 10000 1000 1000 1000 10000
83030 1000 1000 1000 1000 10000 1000 1000 1000 10000 10000 10000 10000 10000 1000 10000 1000 1000 1000 1000 1000
101078 1000 1000 10000 1000 10000 10000 10000 1000 10000 1000 10000 1000 1000 1000 10000 1000 1000 10000 10000 1000
128004 1000 10000 1000 10000 10000 10000 10000 10000 1000 1000 1000 10000 10000 10000 1000 10000 10000 10000 1000 1000
119038 10000 10000 1000 10000 10000 10000 10000 1000 1000 1000 1000 1000 1000 10000 1000 10000 10000 1000 10000 10000
82966 1000 1000 1000 10000 1000 1000 1000 10000 1000 10000 1000 1000 10000 10000 1000 10000 1000 10000 1000 1000
110045 10000 10000 1000 10000 1000 10000 10000 1000 1000 10000 10000 1000 10000 1000 10000 1000 10000 1000 1000 1000
