20 50
119023 1000 10000 10000 1000 1000 1000 10000 10000 10000 1000 10000 10000 10000 1000 10000 10000 1000 1000 1000 10000
92084 1000 10000 1000 10000 1000 1000 1000 10000 10000 10000 10000 1000 10000 1000 1000 1000 10000 1000 1000 1000
127908 1000 10000 10000 10000 10000 1000 10000 10000 1000 1000 10000 10000 10000 1000 10000 1000 1000 10000 10000 1000
128036 10000 1000 1000 1000 10000 10000 10000 10000 1000 10000 10000 10000 10000 10000 10000 1000 1000 10000 1000 1000
119056 10000 1000 10000 10000 1000 10000 1000 10000 10000 1000 10000 1000 10000 1000 1000 1000 10000 10000 10000 1000
119044 10000 1000 10000 1000 10000 1000 10000 1000 1000 10000 10000 10000 10000 1000 1000 10000 10000 1000 10000 1000
118926 1000 1000 10000 10000 1000 10000 1000 10000 1000 10000 10000 1000 10000 10000 1000 1000 1000 10000 10000 10000
109971 1000 1000 1000 1000 10000 10000 10000 1000 1000 1000 10000 1000 1000 10000 1000 10000 10000 10000 10000 10000
119020 1000 10000 10000 10000 10000 10000 1000 10000 10000 1000 1000 1000 1000 10000 1000 10000 10000 1000 1000 10000
119099 1000 10000 10000 10000 10000 1000 10000 10000 10000 1000 10000 1000 10000 10000 1000 1000 1000 10000 1000 1000
101082 10000 10000 10000 1000 1000 1000 10000 1000 1000 10000 10000 1000 10000 10000 1000 1000 1000 1000 10000 1000
109922 1000 10000 1000 1000 10000 1000 10000 1000 10000 1000 10000 1000 10000 1000 10000 1000 10000 10000 10000 1000
128058 1000 1000 10000 10000 10000 10000 10000 1000 10000 10000 1000 1000 1000 10000 1000 10000 10000 1000 10000 10000
136912 10000 1000 1000 10000 10000 10000 10000 10000 10000 10000 10000 1000 10000 1000 10000 1000 1000 1000 10000 10000
110057 1000 1000 10000 1000 10000 1000 1000 1000 1000 1000 10000 10000 1000 10000 10000 10000 1000 10000 10000 10000
83021 10000 1000 1000 1000 10000 10000 10000 1000 1000 10000 1000 1000 1000 1000 1000 10000 1000 1000 1000 10000
146013 10000 10000 10000 1000 10000 10000 10000 1000 10000 10000 1000 10000 10000 10000 1000 10000 10000 10000 1000 1000
74020 10000 1000 10000 1000 10000 10000 1000 1000 1000 1000 10000 1000 1000 1000 10000 1000 1000 1000 1000 1000
118900 1000 1000 1000 10000 1000 10000 1000 1000 10000 1000 10000 10000 10000 10000 10000 10000 1000 1000 10000 10000
127955 10000 1000 10000 1000 10000 10000 1000 10000 10000 10000 10000 10000 1000 1000 1000 1000 10000 1000 10000 10000
127978 10000 10000 1000 1000 10000 10000 1000 10000 10000 10000 1000 1000 1000 10000 10000 1000 10000 10000 10000 1000
128044 10000 10000 10000 10000 1000 1000 10000 1000 1000 10000 1000 10000 10000 10000 1000 1000 10000 10000 10000 1000
119072 10000 1000 10000 1000 10000 1000 1000 10000 10000 1000 1000 10000 1000 10000 10000 10000 1000 10000 10000 1000
119010 1000 10000 1000 10000 1000 1000 10000 10000 1000 10000 10000 10000 1000 10000 10000 1000 1000 10000 10000 1000
137017 1000 10000 1000 10000 10000 10000 10000 10000 1000 10000 10000 1000 10000 10000 1000 1000 10000 10000 10000 1000
83084 1000 10000 1000 1000 1000 1000 1000 1000 10000 1000 10000 1000 1000 1000 1000 10000 10000 10000 1000 10000
100954 1000 10000 1000 10000 1000 1000 1000 1000 10000 1000 10000 1000 10000 1000 10000 1000 10000 10000 10000 1000
101054 1000 10000 1000 1000 10000 10000 10000 10000 10000 1000 1000 1000 1000 10000 1000 10000 10000 1000 1000 1000
119006 10000 1000 10000 10000 1000 1000 1000 10000 10000 1000 1000 1000 10000 10000 10000 10000 1000 10000 1000 10000
64941 1000 1000 10000 10000 10000 1000 10000 1000 1000 1000 1000 1000 1000 1000 1000 1000 1000 1000 10000 1000
119020 1000 10000 1000 10000 1000 1000 10000 10000 10000 1000 10000 10000 10000 1000 1000 10000 1000 10000 10000 1000
118951 10000 1000 1000 10000 10000 10000 1000 1000 1000 10000 10000 1000 10000 1000 1000 10000 1000 10000 10000 10000
110020 1000 1000 1000 10000 1000 1000 1000 10000 1000 10000 10000 10000 1000 1000 10000 10000 10000 10000 10000 1000
127907 10000 10000 10000 1000 10000 1000 10000 10000 1000 10000 1000 1000 10000 10000 1000 10000 10000 1000 1000 10000
83006 10000 1000 1000 1000 1000 1000 1000 10000 1000 10000 1000 1000 1000 1000 1000 10000 10000 10000 10000 1000
91996 10000 1000 1000 10000 1000 10000 1000 10000 1000 10000 1000 1000 1000 10000 10000 1000 10000 1000 1000 1000
118995 10000 10000 1000 10000 10000 1000 10000 1000 10000 10000 1000 10000 1000 10000 10000 1000 10000 1000 1000 1000
100963 10000 10000 10000 1000 1000 1000 1000 10000 1000 10000 10000 1000 1000 1000 1000 10000 10000 1000 1000 10000
110010 10000 1000 10000 10000 10000 10000 1000 1000 10000 10000 1000 1000 1000 10000 10000 1000 1000 1000 1000 10000
100935 10000 1000 1000 1000 10000 10000 1000 1000 10000 1000 1000 10000 10000 10000 1000 1000 1000 10000 1000 10000
119010 1000 10000 10000 10000 1000 1000 10000 10000 10000 1000 10000 1000 10000 10000 1000 1000 10000 1000 1000 10000
128033 10000 10000 1000 10000 10000 1000 1000 10000 10000 1000 10000 10000 10000 1000 10000 10000 1000 10000 1000 1000
128018 10000 1000 10000 1000 10000 10000 1000 1000 10000 10000 1000 10000 10000 10000 1000 1000 1000 10000 10000 10000
91945 10000 1000 1000 1000 1000 10000 1000 1000 10000 10000 10000 1000 1000 1000 1000 10000 10000 1000 1000 10000
110060 10000 10000 10000 10000 1000 10000 1000 1000 1000 1000 10000 10000 1000 1000 10000 1000 10000 10000 1000 1000
100951 10000 10000 1000 10000 1000 1000 1000 10000 1000 1000 1000 10000 10000 1000 1000 10000 10000 1000 10000 1000
100922 1000 1000 1000 1000 1000 10000 1000 1000 10000 10000 1000 10000 1000 10000 10000 1000 10000 1000 10000 10000
127928 1000 1000 10000 10000 10000 10000 10000 10000 10000 10000 1000 10000 1000 1000 1000 10000 1000 10000 1000 10000
110008 10000 10000 1000 10000 1000 1000 10000 1000 10000 10000 1000 1000 10000 1000 10000 10000 1000 1000 10000 1000
109929 1000 1000 10000 10000 1000 10000 10000 1000 10000 10000 1000 1000 10000 1000 10000 1000 10000 1000 10000 1000
