20 50
206 10 10 1 1 10 1 10 10 1 1 10 10 1 10 1 1 10 10 1 1
218 1 10 10 10 10 1 1 10 1 1 10 1 10 10 10 1 10 10 10 10
14 10 1 1 1 1 10 10 10 1 10 1 1 10 10 1 10 1 1 10 1
130 10 1 1 1 10 10 1 10 1 1 1 1 10 1 1 10 10 1 1 1
139 10 10 1 1 10 10 10 10 1 10 10 1 1 1 1 1 10 1 10 10
159 10 10 10 1 10 10 1 10 10 10 1 10 1 1 10 10 10 1 1 1
60 1 10 10 1 1 10 10 10 1 10 1 1 1 10 10 10 10 10 1 10
70 1 10 1 1 10 10 1 10 1 10 1 10 10 10 1 1 1 10 10 1
97 1 10 1 1 10 1 10 1 10 1 1 1 1 1 1 1 10 1 1 10
167 10 10 10 10 1 10 1 10 1 1 1 10 10 10 1 1 1 10 1 10
118 10 10 1 10 1 10 1 10 10 1 10 10 1 10 1 10 10 10 1 10
2 1 1 10 10 1 10 1 1 10 1 1 1 10 10 10 10 1 1 1 10
105 10 10 10 1 1 1 1 1 10 10 10 1 1 1 10 10 1 1 10 10
94 10 10 1 10 1 10 1 1 1 10 10 1 10 1 1 10 10 10 10 1
37 10 10 1 10 10 1 10 10 10 10 1 1 10 10 1 10 1 10 1 10
95 10 10 10 10 1 1 10 1 1 10 10 10 1 1 1 10 10 10 1 10
187 1 10 1 10 10 1 10 10 10 1 1 10 10 10 1 10 10 10 1 10
63 1 1 1 1 1 1 1 1 1 1 10 1 1 10 1 10 1 10 1 1
116 1 1 1 10 1 1 1 1 10 1 1 10 1 1 10 10 10 1 1 10
206 1 10 10 10 1 10 1 10 10 1 1 10 1 1 10 1 10 10 1 1
125 1 1 10 1 10 10 10 1 10 1 10 10 10 1 1 10 10 10 1 10
163 10 1 1 10 1 1 1 10 1 10 10 1 1 10 10 1 1 1 1 1
118 1 1 10 1 1 10 10 10 10 1 10 1 10 10 10 10 10 10 10 10
84 1 1 1 10 1 1 10 1 1 1 10 1 10 1 10 10 1 1 10 10
4 10 1 1 1 1 1 1 10 10 10 10 1 10 1 1 1 10 1 10 1
48 1 10 1 1 10 1 1 10 10 10 10 10 10 10 1 10 1 1 1 10
11 1 10 10 10 1 10 10 1 10 1 10 1 1 1 1 10 1 10 1 10
134 10 10 1 1 1 10 10 1 10 1 10 10 10 10 10 10 10 10 1 1
164 10 1 1 10 10 10 10 10 1 10 10 10 10 10 10 1 10 10 10 1
147 1 1 1 1 1 10 10 10 10 10 10 10 10 10 10 10 10 10 1 10
145 1 10 10 1 10 10 1 1 1 1 10 10 1 10 10 1 1 10 1 10
52 1 1 1 1 1 10 10 1 1 1 1 10 10 10 1 1 1 10 10 10
76 1 10 1 1 10 1 10 10 1 10 10 1 1 10 1 10 10 10 1 10
50 10 10 10 1 10 10 10 10 10 1 10 1 1 1 1 1 1 1 1 1
33 10 10 1 10 10 10 1 10 1 1 10 1 1 1 10 1 10 1 1 1
108 1 1 1 1 1 10 1 10 1 10 1 10 1 1 1 10 1 10 10 10
46 10 1 10 10 10 10 1 1 1 1 1 1 10 1 1 1 1 10 10 1
163 10 1 1 10 1 10 10 10 10 1 10 1 1 10 1 1 1 10 10 10
139 1 10 10 10 1 10 1 10 10 10 10 1 10 1 10 1 1 1 10 10
186 1 1 10 1 10 1 10 10 10 1 1 1 10 1 1 1 10 10 1 10
29 1 10 1 10 10 1 1 10 10 1 10 1 1 1 10 1 1 1 1 1
166 10 1 1 10 10 10 10 1 1 1 1 10 10 10 1 1 10 10 1 1
212 10 1 1 1 10 10 1 1 10 10 10 10 1 1 10 1 1 10 10 10
200 10 10 1 10 10 10 10 10 1 10 1 10 1 10 1 10 1 10 1 1
118 10 1 10 10 1 10 1 1 1 1 1 1 10 1 10 1 10 1 1 10
187 1 10 10 10 10 1 1 10 10 1 1 10 1 10 10 10 1 1 10 1
176 1 10 10 10 10 1 10 10 1 1 10 10 1 1 10 1 1 1 10 10
185 1 10 1 10 1 1 10 1 10 10 1 10 10 1 1 1 1 10 10 10
60 10 10 1 10 1 1 1 1 1 1 10 1 1 10 10 1 1 1 10 1
192 1 10 10 1 1 1 10 10 10 1 10 10 10 10 1 10 10 10 1 10
