20 50
466 10 1 1 1 100 10 10 1 10 1 100 10 100 1 10 10 100 10 1 1
422 1 1 1 1 1 1 10 100 1 10 100 1 10 10 100 1 10 1 1 1
307 1 1 1 10 10 10 1 10 100 1 1 10 10 10 100 1 1 10 100 10
931 100 100 1 1 10 10 100 1 100 10 100 10 1 10 10 100 100 10 100 100
1270 100 10 100 100 100 10 1 10 100 100 10 100 10 100 100 1 100 10 100 100
703 100 10 1 10 10 10 100 100 100 10 1 1 10 1 1 100 100 10 1 10
789 10 10 1 10 100 100 1 100 100 100 100 1 100 1 10 10 100 1 1 1
678 10 1 1 10 10 10 1 10 1 1 10 100 1 100 1 100 1 100 100 10
1120 100 100 100 10 100 100 10 100 10 1 10 100 10 10 100 100 100 10 10 10
895 1 10 10 1 100 10 100 100 1 10 100 100 10 100 10 100 10 10 100 100
887 10 100 1 1 100 10 100 100 1 10 10 100 100 1 100 10 1 1 100 1
601 1 10 1 100 1 100 10 10 100 100 10 10 1 1 10 100 10 1 100 10
476 1 10 1 10 1 100 1 1 100 1 10 1 10 100 1 10 10 100 1 1
924 100 1 100 100 1 100 1 100 10 10 10 10 100 100 100 10 1 1 1 100
479 10 10 10 10 10 1 10 100 100 1 100 1 1 1 1 1 10 100 1 1
520 100 1 10 1 1 100 1 1 1 1 1 10 10 100 10 1 1 100 10 1
771 100 10 1 100 100 1 100 100 10 1 10 10 1 10 10 10 10 1 100 100
593 1 10 10 10 1 1 100 1 100 1 1 10 1 1 100 10 100 1 1 100
846 100 1 10 10 10 1 100 1 100 100 1 100 100 1 1 100 100 10 10 10
790 1 1 10 10 1 10 100 100 10 10 10 10 1 10 1 100 100 100 100 100
401 1 10 10 1 1 1 1 10 10 100 1 100 1 10 10 100 10 100 1 10
780 10 10 10 1 1 1 10 10 100 10 1 100 100 10 100 100 100 100 1 10
782 1 1 10 100 1 1 100 1 1 10 1 1 1 100 1 100 100 100 1 100
860 10 100 1 1 1 100 100 100 10 100 100 100 10 100 1 1 1 1 1 1
479 10 100 10 10 1 1 10 100 10 1 1 10 10 10 100 100 10 10 1 1
633 10 10 1 100 10 10 10 100 100 10 1 1 1 1 10 1 100 100 100 1
984 100 100 10 1 1 1 100 1 10 100 1 100 1 100 100 10 100 100 1 1
654 10 1 1 100 10 100 1 100 1 1 100 100 10 1 1 10 1 10 1 10
880 10 100 100 100 10 10 1 1 100 10 10 100 100 10 100 10 1 1 100 10
825 10 100 100 100 100 1 10 10 1 10 10 100 10 1 100 10 10 1 10 100
531 1 1 1 100 1 1 100 100 1 10 10 1 10 100 1 1 10 1 1 1
628 1 100 10 10 10 100 1 100 100 1 1 100 10 10 10 1 10 100 10 1
607 1 1 1 1 100 100 100 1 100 10 10 100 1 1 1 10 100 10 1 10
722 10 1 10 10 10 100 1 10 100 100 100 10 10 100 1 10 1 100 10 10
1068 10 10 100 100 10 100 100 100 10 100 10 10 100 10 10 100 100 100 1 10
824 10 10 10 100 100 10 100 100 1 10 10 100 100 10 1 10 1 10 100 1
620 10 1 10 1 10 1 10 100 1 10 1 100 1 10 100 10 1 100 100 100
664 1 10 100 100 10 10 10 10 1 10 10 10 100 10 10 100 100 10 100 10
721 100 10 1 1 10 10 100 10 1 100 100 1 100 1 1 10 10 100 1 1
783 1 10 1 10 10 1 10 100 100 10 100 10 1 10 100 100 100 10 10 10
1019 1 1 10 10 100 100 100 100 1 10 100 10 10 10 100 1 100 100 10 100
845 1 10 100 100 1 1 10 100 1 100 100 10 100 10 1 1 100 100 1 1
815 100 100 1 10 10 10 10 100 100 10 100 100 10 1 10 1 1 10 100 100
814 10 100 100 100 100 10 100 100 100 100 1 10 10 10 1 10 1 1 1 1
1039 1 100 1 10 100 1 1 100 100 10 100 10 100 10 100 100 1 100 1 100
1099 100 100 1 100 100 100 10 10 100 100 100 10 1 100 10 10 100 10 10 10
510 1 100 1 10 10 1 10 10 10 1 100 10 100 1 1 10 100 1 10 1
569 100 1 10 100 1 1 10 10 10 10 10 10 100 1 100 10 1 1 1 100
614 10 1 10 100 100 1 1 10 10 1 100 100 1 100 10 1 10 10 10 1
640 1 1 1 100 10 100 10 100 1 100 100 100 1 10 1 1 1 10 1 10
