20 50
469 100 1 10 1 10 1 10 100 100 10 100 10 10 10 10 1 10 10 10 1
797 10 100 100 100 10 1 100 100 10 10 100 1 100 1 100 10 1 1 1 10
649 10 100 10 100 1 1 10 1 10 1 10 100 1 100 10 1 100 100 10 10
475 1 10 100 1 10 10 10 100 10 1 1 1 1 1 10 1 100 10 100 1
364 100 1 1 1 10 100 1 10 10 100 10 10 10 1 1 1 10 1 1 1
620 1 100 100 1 100 1 10 10 1 1 10 10 1 1 1 100 1 1 10 100
522 10 1 1 1 1 10 1 1 1 10 100 10 10 10 10 1 100 100 100 1
766 100 10 10 100 1 100 1 100 100 100 10 1 1 100 100 1 1 1 1 10
648 1 100 100 1 1 10 10 10 1 1 100 1 10 10 10 100 1 100 10 10
1152 1 100 100 100 10 100 1 10 100 100 100 100 100 1 1 1 100 10 100 100
931 100 100 10 1 1 10 10 1 100 100 100 1 1 10 1 100 100 1 100 100
1132 100 100 10 10 100 100 100 1 1 100 100 10 10 1 10 100 100 1 10 100
704 10 10 100 10 100 100 10 10 1 1 10 10 100 1 1 10 10 1 100 10
800 1 100 100 1 10 100 10 100 100 1 1 10 100 1 100 10 1 1 10 100
726 100 10 100 10 100 10 100 10 100 100 10 10 1 10 10 1 10 10 100 10
528 10 1 1 10 10 100 10 1 100 100 10 1 1 1 10 1 10 100 1 1
605 100 1 10 10 1 10 1 100 100 10 10 10 1 1 10 100 100 1 100 1
902 1 100 1 100 10 10 1 100 100 1 100 1 100 10 100 10 10 10 10 100
642 10 10 100 10 10 100 1 1 100 100 1 10 10 10 100 1 100 10 1 10
930 1 1 10 100 10 10 100 100 100 100 10 1 1 100 10 10 10 1 100 100
519 10 10 1 100 10 1 10 10 10 10 100 1 1 100 1 1 1 100 1 1
862 100 1 100 1 100 1 100 1 1 1 10 1 1 100 100 10 1 10 100 100
971 1 10 1 100 1 10 100 100 10 100 1 100 10 100 1 100 10 100 100 1
909 1 10 10 10 100 10 1 10 100 10 100 10 10 100 100 100 10 10 100 100
799 10 100 10 10 100 1 1 10 10 10 100 100 100 1 10 10 10 10 1 100
742 10 10 1 10 1 10 1 100 1 100 100 1 100 100 100 10 1 10 1 100
628 1 100 10 100 10 1 1 10 1 100 100 10 1 10 10 1 10 100 10 10
659 100 100 10 1 1 10 1 1 100 10 100 100 10 1 10 100 1 1 1 100
574 100 1 100 1 1 10 1 10 10 10 10 100 100 1 10 1 10 1 100 1
706 10 100 1 10 100 1 100 1 100 10 1 1 10 1 1 1 100 1 10 100
698 10 100 100 100 10 1 10 1 1 10 10 100 1 100 10 10 10 1 10 10
571 100 1 10 1 100 10 10 1 1 10 10 100 1 1 10 10 100 10 10 10
884 1 10 100 100 100 100 10 100 1 10 1 10 10 10 10 100 100 100 10 10
660 1 10 10 100 100 10 1 10 100 100 1 10 1 1 10 1 1 100 10 1
846 100 100 1 1 100 100 100 100 1 10 10 100 1 1 100 10 1 10 1 1
762 1 1 1 1 1 1 10 10 100 100 10 100 100 100 100 1 100 1 10 1
634 1 10 10 10 10 1 10 100 10 10 100 100 1 1 1 10 10 100 1 100
687 1 1 10 100 100 1 100 100 10 10 1 1 1 100 1 10 10 10 1 100
649 1 1 100 10 10 10 100 100 10 10 1 1 10 10 1 1 100 10 1 100
647 1 1 1 10 1 100 10 10 1 100 10 10 100 10 10 100 10 100 1 10
605 100 100 1 1 10 1 10 10 1 10 100 10 1 100 100 10 100 10 10 1
768 1 1 10 100 100 100 10 10 1 1 100 10 10 10 100 1 100 10 1 1
882 10 10 1 1 10 100 10 100 100 10 1 1 100 100 10 100 1 10 100 100
785 1 10 1 1 100 1 100 1 100 100 10 10 100 100 10 100 1 1 1 100
926 1 100 1 10 10 100 10 1 1 100 1 1 1 1 1 100 100 100 100 100
898 100 10 1 100 10 10 10 10 100 1 1 1 100 100 100 1 100 1 1 100
535 1 1 10 1 1 10 100 10 10 10 1 100 1 10 100 1 100 10 10 10
821 1 100 100 10 10 10 1 1 100 1 100 10 1 1 100 100 10 100 1 100
808 1 100 100 1 10 100 100 10 100 1 10 1 100 10 10 100 10 10 100 10
859 10 100 1 10 100 10 1 100 100 1 1 1 100 100 100 10 100 1 10 10
