20 50
809 100 10 100 10 100 10 10 100 10 100 10 100 100 1 1 10 1 10 1 100
736 10 10 1 100 100 10 1 1 10 1 10 1 100 100 10 1 10 100 100 10
796 10 100 100 1 1 10 100 100 1 1 1 100 1 10 100 100 1 10 100 10
646 1 10 100 100 100 1 100 10 100 1 1 10 10 1 10 10 1 1 100 1
984 10 1 10 100 100 100 10 100 100 1 100 10 100 1 100 10 1 10 1 100
830 10 100 1 10 10 10 1 1 100 1 1 10 100 100 10 1 100 1 100 100
705 1 10 1 1 100 1 10 10 100 1 100 100 1 1 10 100 1 10 1 100
905 100 10 1 100 1 100 10 100 1 1 100 1 10 100 10 100 1 10 100 1
889 100 10 1 1 1 1 100 100 10 1 10 100 10 10 1 100 100 100 100 10
1139 10 1 100 10 100 10 100 10 100 10 10 100 100 100 100 1 100 100 1 10
728 100 1 100 10 100 100 100 10 1 10 1 1 1 10 100 10 10 1 10 1
675 1 1 100 100 100 100 100 1 100 1 10 10 1 1 1 10 100 10 1 1
539 1 1 1 10 1 1 100 100 10 10 1 1 10 1 100 100 100 10 10 1
633 100 100 1 10 10 1 10 1 1 1 10 10 1 100 10 1 100 100 1 10
843 100 10 10 100 10 1 100 100 10 100 1 1 10 100 10 1 100 100 1 1
759 100 1 100 10 10 10 1 1 1 10 10 10 10 100 100 10 100 100 1 1
685 10 100 1 100 100 100 10 10 100 10 10 1 10 100 10 100 10 1 1 1
783 10 100 1 10 1 100 1 10 1 1 100 100 100 100 10 100 1 1 10 1
700 1 1 10 100 100 100 1 100 1 100 100 1 100 10 10 1 10 10 10 10
692 100 100 1 100 10 1 100 100 10 10 100 10 1 100 10 10 10 1 10 1
843 10 1 10 1 10 1 100 10 10 100 1 10 100 10 100 1 100 10 100 100
1023 100 100 1 100 1 1 100 1 100 1 100 100 10 1 10 100 100 10 10 10
567 1 100 1 1 100 10 10 1 10 10 1 10 100 10 100 100 10 1 10 10
540 1 10 1 10 100 1 100 100 10 10 1 10 10 10 10 100 1 1 10 100
460 1 10 100 1 1 1 100 10 1 1 10 10 100 1 1 100 1 10 10 1
983 10 1 10 1 10 100 100 100 100 10 1 100 1 100 10 100 1 100 10 100
568 10 1 100 1 10 10 10 100 1 1 100 100 1 10 100 1 1 1 10 10
540 10 100 1 100 1 1 100 1 1 1 10 10 10 10 100 10 1 1 1 100
825 1 100 10 10 10 10 10 100 1 10 100 100 100 10 10 1 100 100 1 1
988 100 10 1 100 1 100 10 10 100 100 10 10 100 100 1 1 10 100 10 100
788 1 10 100 1 100 1 10 1 10 100 100 10 10 1 100 10 100 10 100 100
672 10 10 1 1 100 1 10 10 1 100 10 10 100 1 100 100 1 10 100 10
887 100 100 1 10 100 10 1 100 1 1 1 10 10 100 100 100 100 100 10 1
146 10 1 1 10 1 1 1 1 10 100 1 1 1 10 10 1 10 10 1 10
478 10 1 1 100 10 10 10 10 10 10 10 1 10 100 100 1 10 1 10 1
783 10 10 100 1 100 100 1 100 10 10 1 100 100 1 1 100 1 1 100 10
918 100 10 100 10 100 1 1 1 100 100 10 100 100 1 1 10 10 100 100 1
913 10 1 10 1 100 1 10 100 10 100 100 100 10 100 1 10 100 100 10 1
506 1 1 100 100 10 1 10 10 100 1 10 100 1 10 10 100 10 10 1 10
847 1 100 100 100 1 100 10 100 100 100 1 1 100 10 1 10 1 10 1 10
728 100 1 10 10 10 10 100 1 100 10 10 1 10 100 1 100 1 10 10 100
493 1 1 10 1 10 1 10 100 1 10 10 100 1 10 1 1 1 1 100 100
665 100 10 10 1 100 100 10 1 1 100 1 1 1 10 10 10 100 10 100 1
791 100 100 100 1 1 1 10 1 10 10 10 10 100 1 100 100 10 1 100 1
728 1 1 10 10 10 100 1 1 1 1 1 1 100 100 100 100 100 10 1 10
989 10 1 100 10 1 10 100 100 100 100 100 100 100 100 1 10 100 10 10 10
785 10 1 10 1 100 100 10 1 1 10 100 100 10 100 100 100 10 100 1 1
813 10 10 10 100 100 10 100 10 1 1 100 1 10 10 10 100 10 100 10 100
1077 100 1 1 10 100 10 100 100 100 100 100 10 100 100 1 100 10 10 100 1
412 100 1 10 1 1 10 10 100 10 10 1 10 100 10 10 1 10 10 1 10
