20 50
3391 10 1 1 1 10 1 100 1000 1 10 100 100 100 10 1 10 1000 10 10 1000
3359 1 1 10 1 1 1000 1 1 1 1000 1000 100 10 1 100 100 10 1 100 1
6577 1000 10 10 1000 1000 1000 1000 100 1 1 100 1000 100 1 100 1 1 1 100 100
6674 1000 100 10 100 10 100 1000 100 1 100 10 1 1 1000 1000 10 1000 1000 100 100
5576 1000 1000 10 10 1 100 10 100 10 1000 1 1000 100 100 1000 10 10 100 100 10
5417 10 100 1000 1 100 100 1000 1 10 1000 10 1 100 1 1 1000 1000 10 1 1
3821 100 10 10 1 10 1 10 1 1000 10 100 10 10 100 1000 1000 100 100 100 100
6077 10 1 1000 1 1 1 10 1 1000 1 1000 1000 1000 10 10 1000 1 1 1 10
4887 100 10 10 1000 1000 100 10 1000 1000 100 10 1 10 1 100 100 100 100 100 100
6489 10 1 10 1 1000 1000 1000 100 1 1 100 100 1 10 1000 1000 1 100 1 1000
9161 1000 10 10 1 10 1 10 1000 1000 10 10 1000 1 1000 1000 1000 1000 10 1000 10
3590 100 100 10 10 10 10 1 100 100 100 1000 100 1 10 1000 1 10 1 1000 1
4280 10 1 1000 10 1 1 1000 1 100 1 1 1 1000 1 100 100 1000 10 1 1
3989 100 1 1000 100 10 100 1000 100 1 100 100 10 100 1 10 1000 10 100 1 100
6682 10 1000 10 1 10 100 100 1000 100 1000 1 100 10 1000 100 100 1000 1000 100 10
10493 100 10 1000 100 100 1 1000 1000 1000 1000 1000 10 1 100 1000 1000 10 1000 100 1000
5542 100 100 1 1 10 10 10 1000 10 10 1000 10 10 1 100 1000 10 1000 100 1000
4630 100 1000 100 1000 10 1000 1 1 100 10 1 1000 100 1 10 10 1 1 100 10
9584 1 1 100 100 1 1000 100 100 1000 1 1000 1000 10 1000 1000 10 1000 100 1000 1000
6429 1 100 1 1 100 10 1000 10 1000 1000 10 10 1 1000 1 10 10 100 1000 1000
7300 10 1 10 100 100 1 1000 10 1000 1000 1000 100 10 10 1000 1 1000 1 1 1000
4463 100 1000 1 100 1 10 100 10 100 10 100 1 1000 1 10 10 1 1000 1 1000
5696 10 1000 1000 100 10 100 10 100 10 10 10 1 100 1 100 100 1000 1000 1 1000
3777 1 1 1 1000 10 1 100 10 1000 10 1000 1 100 100 100 1 100 1 100 100
4905 100 100 100 1000 10 10 100 1000 1 1000 1000 100 100 10 1 100 1 10 100 100
1442 10 1 1 1 10 10 1 100 1 100 1 1 1 1000 10 100 10 1 10 10
6377 100 1 10 1 1 1 1000 10 100 1000 10 10 1000 1000 100 1000 10 1 100 1000
6826 1 1 100 100 1000 1000 1000 100 1000 1 100 10 1000 10 10 1000 100 100 100 1
6290 10 1000 1 100 1000 1000 10 10 1 1 1000 10 1000 1000 1 1 100 10 10 1
7182 10 10 100 10 1000 10 10 1000 1000 10 1000 1 1000 10 1000 1 1000 10 10 10
5545 1000 100 1 1000 100 1000 10 10 1 100 10 10 10 1 1000 10 100 10 1 1000
876 10 100 100 10 10 100 1 10 100 10 1 100 1 100 10 100 10 1 100 1
6444 10 1000 10 100 100 100 1 1 1000 100 1000 1 1 1000 1 1000 10 10 1000 10
7574 1000 10 1000 100 1 100 1000 100 100 1 1000 1000 10 1 1 1 100 1000 1000 10
4736 1 100 100 10 1 1000 100 100 1 10 10 100 1000 1000 100 1 1 1000 10 100
6569 100 10 1000 1000 10 1 100 1000 100 1000 1 100 100 1000 10 1000 10 10 10 10
10435 1 1000 1 10 100 1000 10 100 1000 1000 1 1000 100 1000 1000 10 1000 1000 1000 10
3496 100 10 1 100 100 10 10 10 100 1 100 1 1000 1000 10 1000 1 1 10 1
2845 10 100 1 10 10 100 1 1 10 100 100 10 1000 10 10 100 100 1000 100 1
7346 1 1000 100 10 1 1000 100 1 1000 10 1 100 1 1000 1 1000 100 1000 1000 1
3958 10 10 100 1000 1 10 1000 100 100 100 1 1000 100 100 10 100 100 10 1 100
5782 100 100 100 1 1000 100 1000 10 10 100 1000 1000 10 10 10 100 1 1 1000 100
6288 1000 1000 1000 1 10 10 1 1 10 1000 10 10 1 1000 100 100 1000 100 1 10
7568 10 10 100 1000 1 10 100 10 100 10 10 1000 1000 1000 1 1000 1000 100 1000 100
9386 1 1 1 1000 1000 1000 1000 10 100 1000 1000 10 100 1000 100 1000 100 10 1 1000
4731 100 10 100 100 1000 10 100 1000 1 10 1 1 10 10 100 100 1000 100 10 1000
2790 1 1 100 10 1000 100 1 1 100 100 1 100 100 100 1000 1 1 100 10 1
5669 10 1 100 1 100 100 100 100 10 1000 1 1 10 1000 10 1000 1000 1 100 1000
5416 100 1000 100 10 1 10 1 1000 1 1000 10 100 1 1000 1 10 1000 100 1 1
3463 10 100 1 100 10 10 10 1000 100 10 10 100 1 10 1000 10 10 1000 10 1
