20 50
7444 1 1000 1000 1 1 10 1000 10 100 100 10 1 100 1 1 1000 10 1000 1000 1000
5385 1000 10 1 100 10 1000 10 10 1000 1 10 1 1000 1 10 100 10 1 1000 100
5482 10 1 10 10 100 100 10 100 1000 100 10 1000 1000 10 1000 1 1000 1 10 100
9457 1000 1000 1000 1000 1 1000 1000 10 10 100 100 100 1 1000 1 10 1000 100 1000 100
7440 1000 1 1000 10 10 1000 10 100 1 1000 10 1 1 100 1000 10 1000 10 100 1000
5554 10 10 100 100 1 100 100 10 10 1000 1 10 1000 100 10 1000 1000 10 1000 1
5562 1000 1 10 100 10 1000 100 10 1 100 10 1 1000 10 10 1 1000 1 100 1000
4592 100 100 1 10 1000 1000 1000 10 1 10 1 10 100 100 10 10 1000 100 1 1
7479 10 1000 100 100 100 10 100 1000 10 1000 1000 1000 10 1000 1000 1 10 10 1 10
3691 100 1 10 100 1000 1000 10 10 100 10 100 1000 100 10 1 10 100 100 10 10
9797 100 1000 1000 100 1 1000 1000 1000 1000 1000 10 1000 100 1 100 10 100 1000 100 100
5467 10 10 100 1 1000 10 1 1000 100 1000 1 1000 10 10 10 1 1 10 100 1000
4777 10 1000 100 100 1 10 10 100 1 100 1 1000 10 100 100 1000 100 100 1000 1
6592 100 10 1000 100 1000 10 1000 10 10 10 100 10 1 100 100 1000 1000 10 1000 100
6254 1 1000 1000 100 100 1000 1000 10 1 1 1 10 1000 1 1000 100 1 10 1 10
5506 100 10 1000 100 100 1 100 1 1000 1000 10 10 10 1 1 10 1 10 1000 1000
4165 1 10 1 10 1000 1 10 10 10 1000 10 1000 10 10 100 10 10 1000 1 1
5350 10 1000 1 1 1000 10 1 1 1 1000 100 1 1 10 100 1000 1000 100 10 10
6910 1000 1000 100 1000 100 100 100 1 1 100 1000 10 100 1 1000 100 1 1000 100 100
4607 1 10 100 10 100 10 1000 1000 100 100 1 100 1000 10 1000 10 1 1 1 10
4516 1 1000 100 10 1000 100 1000 100 1000 100 1 10 1 10 1 10 1 1 1 100
3385 1 10 100 1 10 1 1000 1 1 10 100 1 100 100 1 1000 1 1000 1 1
7580 1 1 100 1000 100 1000 10 100 10 100 1000 10 1000 1 1000 100 1000 1000 10 1
5786 1000 1000 10 100 1 100 10 10 10 100 1000 100 100 100 100 1000 1 1 100 1000
3535 10 100 10 10 100 10 10 10 1000 1000 100 1 100 10 1 1 1 1000 1 10
4635 10 100 10 1 1000 10 10 100 10 1000 100 1 1000 100 10 1000 1 10 10 100
4906 100 10 10 1000 100 100 1 1 1 100 1000 100 1000 100 100 10 1 10 100 1000
4722 100 10 100 1000 1 1000 100 1000 1 1000 100 10 10 100 1 10 10 1 1 100
8683 10 1000 1000 100 1000 1000 100 100 100 1 1000 100 1000 10 10 1000 100 100 1 1000
5375 1 100 10 1 1000 1 10 100 1 1000 10 1000 100 1 1 10 1 1000 1000 100
4007 100 100 1000 10 100 100 1000 10 100 100 10 1 10 100 1000 10 100 100 1 1
6546 1000 1000 10 10 10 10 1 100 100 1000 1000 1000 1 1 100 10 10 100 1000 1
7371 1000 1 10 1000 1000 1 1 10 1 100 1000 1000 1000 10 1 1000 100 10 100 100
5467 10 10 10 1 10 1 1000 1 10 100 100 10 1000 10 1000 1 10 1000 100 1000
7748 100 1000 100 1000 100 1 1 10 1 10 1000 1000 100 100 1 1000 1000 1000 100 100
3637 1000 1 1000 10 10 100 1 100 1 100 1000 100 10 10 100 1 100 1 1 10
9355 1000 1 1000 1000 10 1000 1000 1000 100 10 10 10 1000 1000 100 1000 1 100 10 100
3725 10 100 1 1 100 100 10 10 1000 100 1 10 100 1 100 1000 10 1 1000 10
4512 10 100 1000 1000 100 1 100 1 1 1 100 1000 10 10 1 10 10 100 1000 10
5465 1 100 100 1 1 100 1 1000 100 100 1 1000 10 1000 10 1000 1000 1 10 10
9262 1 1 10 1000 100 1000 1000 100 1000 100 1 1000 10 1000 1000 10 1 1000 1000 1
5277 10 10 1000 1 1 1000 1000 1 100 10 10 100 1 1 1 1 1000 10 10 1000
4526 10 10 100 10 100 10 1000 10 10 1000 1 1 1000 1 100 1 100 100 10 1000
6303 100 1000 1000 1000 10 1 100 1000 1 1000 1000 1 1 10 10 1 1 100 1 1
3562 1 10 1 10 100 10 100 10 10 10 1000 1000 100 10 10 1 100 1 1000 1
6587 1000 10 10 1000 10 10 100 1000 100 1000 100 1 1000 10 1 1 100 1000 100 1
4735 1 1 1000 100 10 100 100 1000 100 1 1 100 10 1000 1000 1 10 100 100 1
7461 1 100 10 1000 1000 1000 100 1000 10 1 100 10 1 1000 100 10 1 1000 10 1000
3573 100 1 100 1 10 1000 1 1000 100 100 10 10 100 10 1 10 1 1 1000 1
2467 10 10 100 1000 1 1 1000 10 1 1 100 10 10 10 1 1 100 1 1 1
