20 50
6189 10 1 100 1000 10 1000 1 1 1000 10 1000 100 1 1000 10 10 1 1000 10 10
5464 1 10 1000 1000 1 1 100 1000 1 10 1 10 100 1 1 100 1000 1000 100 10
2875 1 10 1000 100 100 1 10 1 100 1000 100 100 1 1 1 10 100 100 100 1
8499 10 1000 100 1000 10 100 1 1000 1000 10 100 1 100 100 10 1000 1 1000 1000 1000
5547 10 1 1000 1000 100 100 10 10 10 100 1000 1 1 100 100 10 1000 10 1 1000
3716 100 1 10 100 1000 1 1 10 1000 10 100 1 10 10 100 100 100 100 1000 1
5386 1 10 1 10 100 1 1 1000 100 1000 1 1 1 1000 1000 1000 10 10 100 10
4609 1 1 1 100 100 1000 100 10 10 100 1000 10 100 10 100 1 10 1000 10 1000
4447 100 1000 1 1 1 10 10 1 1 1000 1 100 100 1 1000 1000 10 100 10 1
2238 10 1 100 10 100 100 100 100 10 100 100 1 100 1 1000 100 100 100 10 1
7333 10 10 10 100 1 1 1 1 1000 1000 1 1000 1000 1 1 100 100 1000 1000 1000
5418 10 1 10 1 100 100 1 1 1000 1 1000 1000 10 1 10 10 100 1000 100 1000
1835 10 100 100 1 10 1 100 100 1 10 100 1 100 100 1 1000 100 1 1 10
4510 100 100 100 1000 100 1000 10 10 10 10 1000 10 1000 100 1 10 10 10 10 1
3502 10 10 100 1 1000 1 1 100 10 1 100 1 10 10 100 1 1000 1000 1 100
5674 1 100 1000 10 1 10 100 10 100 10 100 1 1000 100 10 1000 10 100 1000 1000
5483 1000 10 10 1000 100 100 10 10 1 1 10 1 1 1000 10 100 1000 100 1 1000
4543 1 1 10 10 100 100 1 1000 1 100 1 1000 100 10 1 10 1 1000 100 1000
4515 1 100 1000 1 100 10 100 10 10 100 1000 10 1000 10 10 1000 100 10 10 10
5630 1000 1 1 100 1 10 100 1 100 10 1000 1000 10 1 100 100 1000 10 100 1000
5156 10 10 1000 1 1 1000 100 1 1 1000 1000 1 10 1 1 1 1000 10 100 1
5259 1 100 10 10 10 10 1000 1000 10 10 10 1000 10 1000 10 10 1 1 100 1000
3929 1000 10 100 1 1000 10 100 1 100 100 1 1000 100 100 100 1 100 1 1 10
2457 100 1 10 10 1 1 1 10 1000 100 10 1 1000 10 1 100 1 10 10 10
3740 1 100 10 100 1000 1000 10 100 1 10 1 1 10 100 100 1 10 100 1000 100
4367 1000 1000 1 1 100 10 1 10 1 1000 10 100 1 100 1 1000 1 1 1 100
3510 1 1000 10 1 10 100 100 1 1 1000 1 1 1000 10 1 100 100 1 1 100
7312 1000 10 1000 100 100 1 100 10 1000 1000 1000 10 1 10 1 1 10 1000 10 1000
5835 10 1000 1000 100 1000 100 100 100 1000 10 100 100 100 10 10 10 1000 10 1 100
3232 10 1 10 1 10 1000 1 1000 1 10 10 1 10 10 100 1 1 1 1000 10
3593 1 10 10 1000 100 10 1 100 10 10 1 1 10 100 1 10 100 1000 100 1000
8456 100 1000 1000 1 1000 10 100 1000 1000 10 1000 100 1 1 10 100 1000 100 1000 1
5629 100 1000 1 1 10 1 100 100 10 10 100 1000 1 1 100 1000 1000 1000 100 10
3820 100 1 1 1 100 100 1000 10 100 100 100 100 1 100 1000 1 10 1000 10 1
4727 1 100 100 10 100 1000 1000 100 10 1 1000 1 10 10 1 10 10 100 1000 100
6720 1 100 100 1000 100 100 1000 1000 1000 10 10 1000 10 100 100 1 100 1000 10 10
6317 10 1000 10 100 100 1 10 1 1 1 10 1000 10 1000 1 1000 100 1000 1000 1
4596 1 1 1 1000 1000 1 1 10 100 100 1 1 10 1 1000 1 1000 100 100 100
4659 100 1 1000 100 100 1000 100 1000 100 1 100 1 1 10 10 10 10 1000 100 10
6260 100 10 1 1000 1000 1 1 1 1000 1000 1000 10 10 1 100 10 1 1000 1 100
6576 1 1 1000 100 10 10 1000 100 100 1000 10 100 100 1 1000 1 10 1000 1 1000
3450 1000 1 100 1 1 1 1 10 100 10 10 1 1 1 100 10 1000 1000 100 10
8281 100 1000 1000 10 1 1000 1000 1 1 1000 100 1000 10 1 1000 1 1 1000 1 10
4533 1 1000 1 1 1 10 1000 10 10 1000 100 100 100 1000 100 1 10 100 1 10
5732 1000 10 10 10 100 1 1000 100 100 1 100 1000 1 1000 10 100 1 100 1000 100
6602 100 100 100 10 100 10 10 1 1000 1 1000 1000 1000 1 100 1 100 10 1000 1000
8644 1000 10 10 1000 100 100 10 10 1000 10 10 100 10 1000 1000 1000 100 1000 100 1000
5404 10 1000 10 1000 10 1000 10 1 1 10 1 1 1 100 100 100 10 10 1000 1000
2623 10 100 10 100 10 1 100 10 10 100 1 10 100 1000 1000 1 1 1 10 100
3582 10 10 10 1 100 1000 10 10 10 100 1 1000 1 10 10 1 100 1000 100 100
