10 30
42203 10000 100 10 1000 1000 10000 1 10000 10 10000
11511 10 100 100 1000 100 1 100 10 10000 100
22496 100 100 100 100 10000 1 10 1000 1000 10000
2704 100 100 100 1000 100 100 100 1 100 1000
32084 10000 10 10 1000 1000 1 10 10 10000 10000
14284 1000 10000 100 10 1000 100 1000 100 1000 1
12487 1 100 1000 100 100 10 100 1000 10000 100
22191 100 10 1000 10000 1000 100 10 10000 10 1
31148 10000 10 100 10000 10000 1 100 10 1000 10
20280 1 1 10 10000 10000 10 1 1 100 100
11271 1 1000 100 10 10 10000 1 100 100 1
31042 1 1 1 10000 10000 1000 100 10 10000 10
22262 10000 1000 100 10 10 1000 100 1 10000 10
12270 1 10000 100 1000 10 1000 10 10 100 100
33179 1 1 10000 100 1000 1000 1000 1 10000 10000
23194 1000 10 10 10000 10000 1000 10 100 1000 10
13222 100 1 1 10000 1 1000 100 1000 1000 100
14040 10 1000 1000 1000 10 100 10 10 1000 10000
12364 1000 10 1 1 10000 1000 100 100 100 1
12171 10 1 1 100 100 1000 10 10000 10 1000
20617 100 100 10000 1 100 100 1 10000 100 100
32177 1000 10 10000 10000 1 100 1000 100 10 10000
3036 1000 10 100 1000 1 1000 10 1 1 10
21218 10000 10 1 1000 10 100 1 10000 1 10
12102 10000 100 10 1000 1000 10 10 1 1 1
12242 1 10 10000 100 1000 1 10 100 10 1000
31273 10 100 1 100 100 1 10000 10000 10000 1000
21256 1 10 10 10000 10000 100 100 1000 100 1
11421 1 100 1000 10 100 100 100 10000 1 10
1241 10 1 1 1 10 1000 1 1 100 100
