711 7356
97334 27442 61510 71142 38966 31252 77012 20894 53646 17804 78072 97130 17332 3422 58082 79580 19700 66738 66460 41742 76372 99090 68666 70416 56784 75664 91504 47674 80084 28940 63180 77418 56380 24690 81262 28050 88644 58272 48942 74992 8778 27012 4824 26110 63136 95608 5688 15540 62344 4852 57280 38714 36644 58648 41834 93428 34310 66040 73804 14394 94980 36982 24514 84062 94374 5774 12110 15720 96748 93754 90710 5526 53470 28238 64338 49308 23844 70024 64846 86188 7578 54828 57604 44222 13476 99436 70352 80488 98180 76858 27584 93158 13838 84800 9922 40916 23276 22032 56634 20024 48488 80048 58252 34660 8284 22588 83968 32126 25314 48812 51016 32892 3640 8620 9816 49818 40758 12870 63008 38936 89726 90592 64796 3562 8094 74718 77180 31370 29452 66518 51392 10642 79268 42346 45302 87550 97636 29268 52378 22948 10782 36098 88542 14420 77420 31060 96940 50880 43928 59948 89816 33652 83242 87314 69918 91334 94734 47096 55406 56888 46316 39500 67530 25582 81844 12830 45834 79478 74800 30916 35130 85580 99716 23670 32704 77134 87434 29642 28012 31360 22292 50530 65012 5532 70548 67632 29570 65280 47430 84974 22168 93746 24474 22400 52030 39020 67932 97864 18498 42730 61482 53626 61012 61196 9998 93714 38328 30134 23356 99042 61494 45646 49572 59208 83882 20118 26838 46154 18100 74266 63830 72970 714 21006 95368 52744 60026 96002 83310 78522 71434 77494 64850 32446 38688 7550 26158 9718 37684 82216 41462 31880 60566 91032 23790 77150 43852 50626 23302 94656 57594 87130 67624 91012 8136 95696 43754 864 24400 59766 79384 95834 37258 76936 28278 8648 17188 87138 18364 87574 69354 92528 52156 29918 16264 75944 39770 60114 59272 63070 87472 16866 82902 87800 40580 23740 16198 84332 24602 40596 76800 36688 36428 14056 46326 97408 22702 63514 84546 73768 83790 86602 66294 35946 49222 82556 11888 88990 75374 71160 52058 95548 20728 67662 83346 61306 91402 99542 78340 48706 72842 55138 85394 9268 1896 64422 39380 57300 60638 23924 31066 44428 10524 30062 80372 59744 45322 24962 48732 20694 28824 33492 16240 49550 33856 32290 43558 25256 64534 54600 6666 37374 42440 24762 46642 44334 89182 18724 1632 49820 42646 65400 26950 85872 95462 7320 45614 73486 64984 27048 26882 93808 93242 75824 76060 27096 8112 52322 85056 72646 6920 91720 10018 82064 16480 89362 26396 5660 8084 60732 88182 83432 58834 15130 69302 86998 55152 47618 60482 20136 74664 87362 46646 67904 63186 22704 95000 4000 75024 80054 76644 14648 4476 19366 29414 20954 41430 88512 59316 82218 49242 80202 65648 40780 95330 67654 27776 83186 15270 20962 3320 22638 8322 49964 23244 4210 5370 50946 8210 13098 30998 17556 60448 68176 36920 89860 89128 11054 78370 81148 93270 60316 61348 91620 1094 89380 59272 61572 72564 74542 82532 8586 29882 90854 91252 53124 27766 96622 4070 35974 9718 67770 53530 2868 35946 23152 92726 57776 34204 71094 38922 27472 64112 32972 19092 65204 55056 11066 26776 27618 85606 42010 36204 15486 65566 27454 68610 93332 56778 5382 62008 99198 73150 15536 2064 9094 71392 27492 66870 5594 31290 38494 65770 95400 4170 17564 93308 59224 28628 52786 19544 46938 94794 88450 95126 60360 48608 96438 53690 5384 1818 15696 37286 74968 63936 39348 16764 35326 66840 16336 73622 30832 87534 39390 26230 91702 89656 19536 83628 18284 72320 35874 97924 99818 57028 93048 60176 5634 89486 46568 43720 91302 94966 81004 66268 58900 53056 15736 26928 52598 32070 33254 83428 19602 5346 42360 44006 95002 61896 27632 45988 66918 96210 43910 99438 53236 36956 59612 58868 26440 38882 35290 17742 33848 48998 16712 25450 2052 65150 85082 87352 97220 18334 70778 16820 23678 45840 60826 51382 40438 21160 97368 7356 50072 41276 6792 3306 78232 99108 94876 37374 70692 30166 87818 4538 79162 37234 62692 13916 2382 47772 1266 99600 98808 4746 49124 55188 50584 42652 6570 91022 96514 3936 31080 46586 77916 70574 49890 88850 2384 77470 26222 73076 40338 14040 10316 52202 83976 73006 66116 86356 53480 84 18660 84990 37532 486 40178 20818 43136 46746 44542 39648 83384 75620 18936 94002 78898 1530 82850 81280 78998 9072 87058 52038 55814 97374 4238 72492 3082 3056 58846 56562 35842 10208 41550 73372 10692 14430 94188 86530 61174 71434 58882 77262 79756 77816 71262 58652 79344 54112
167 257
368 518
153 223
153 376
94 534
37 397
517 625
332 376
482 602
78 503
18 351
99 360
342 659
233 673
188 306
64 358
316 457
203 240
463 596
376 385
183 594
78 403
383 463
226 584
227 677
81 579
90 677
506 564
255 439
73 597
80 293
113 330
628 643
410 672
302 434
246 639
122 576
264 629
351 574
172 338
564 704
437 649
262 669
404 438
147 367
50 307
207 613
474 646
165 210
70 125
79 480
46 447
567 670
325 709
201 449
75 341
303 371
25 673
378 530
306 671
35 453
406 515
42 172
117 470
225 312
295 441
22 107
9 265
207 690
55 324
103 277
109 448
37 139
175 426
22 78
267 350
414 421
111 583
648 700
464 690
118 236
114 571
294 672
60 305
328 523
523 665
593 688
515 563
364 506
581 645
260 373
233 621
472 536
89 451
356 704
344 635
172 525
71 538
154 272
67 170
21 501
197 677
202 499
234 595
341 683
247 588
31 487
47 609
78 599
289 628
219 595
282 461
130 542
8 634
76 691
389 541
89 502
311 410
204 709
66 207
157 227
117 140
214 457
282 624
153 566
36 277
36 271
288 526
43 289
247 531
135 502
173 675
155 210
542 606
340 419
126 496
124 445
210 557
134 604
510 515
50 675
330 434
23 543
651 707
35 447
79 368
429 582
258 335
160 636
235 434
492 645
52 625
119 411
116 435
367 441
117 160
138 711
222 265
150 364
268 433
210 582
380 434
35 381
98 689
163 665
313 461
199 269
547 608
216 515
366 514
68 346
148 220
153 276
340 566
132 209
423 427
375 711
319 471
456 498
424 602
12 542
302 584
201 582
453 627
328 351
317 544
265 324
51 61
134 610
86 595
244 372
147 362
294 697
172 699
168 412
166 479
101 371
31 666
37 363
373 501
427 602
137 489
494 595
186 576
461 681
73 623
470 476
67 597
223 445
621 660
173 607
79 439
434 517
17 144
82 392
455 544
385 613
102 128
9 258
180 284
649 658
127 690
599 624
1 221
116 393
108 497
13 633
373 558
248 689
563 657
463 626
133 468
359 434
115 357
218 278
168 676
452 465
122 398
3 274
85 392
78 665
140 543
133 462
554 587
150 248
542 589
370 439
105 161
210 703
440 587
224 331
151 657
272 495
265 421
250 604
514 573
88 94
115 366
244 369
255 528
345 523
433 523
203 215
90 409
36 297
595 705
80 632
193 501
585 647
571 700
57 346
334 399
389 528
395 652
301 376
7 116
445 697
54 695
138 328
687 692
152 600
78 653
155 302
165 296
209 662
237 551
169 338
195 522
75 599
259 358
170 186
97 494
86 221
288 361
435 530
404 544
300 540
332 383
102 159
324 646
290 461
151 700
361 615
75 137
420 647
61 550
106 388
171 517
170 198
84 223
406 427
109 619
519 621
65 262
67 188
107 325
284 523
294 404
123 145
318 660
374 647
482 612
492 602
56 703
164 620
260 471
177 308
151 380
153 693
484 686
81 323
90 306
284 602
667 687
7 448
573 692
162 669
478 667
59 444
303 361
245 415
170 346
19 697
312 429
142 608
369 491
336 492
307 688
46 692
317 664
144 284
56 543
28 312
298 370
37 338
80 207
321 663
244 444
90 460
15 59
233 632
316 689
102 286
73 128
212 705
497 674
18 410
91 164
71 349
432 560
560 691
54 548
57 201
326 376
7 559
562 634
203 340
317 688
10 520
487 691
38 487
111 156
175 512
567 648
343 517
114 608
390 395
269 606
7 195
212 578
170 590
468 587
101 115
489 645
226 445
226 261
268 700
450 542
202 473
97 708
390 505
419 708
208 381
388 593
154 494
210 497
520 709
40 308
443 537
524 695
259 595
405 527
143 564
42 535
99 295
314 368
343 698
14 293
14 113
146 354
594 699
50 503
263 361
1 19
206 510
6 497
16 186
222 256
80 397
52 394
496 551
281 342
253 294
365 371
267 543
24 255
271 327
154 385
302 597
136 641
135 493
74 177
238 681
157 402
179 320
48 346
368 380
23 637
21 593
268 701
571 647
2 406
532 635
28 609
303 328
382 415
167 596
535 701
3 361
283 369
176 258
186 403
4 74
290 702
103 669
163 624
5 140
11 161
8 112
58 481
637 639
149 348
241 579
451 498
264 685
47 72
477 490
195 711
35 433
574 673
78 539
450 469
105 565
292 658
69 394
119 259
240 492
200 660
454 522
173 348
155 275
312 649
282 396
336 405
126 651
148 298
502 664
59 388
299 582
279 708
550 677
32 455
531 706
53 203
262 558
315 701
65 273
198 653
160 308
292 397
291 422
411 635
99 488
164 387
483 584
56 462
211 546
423 681
232 442
530 541
139 161
56 358
80 428
134 184
196 387
513 664
168 680
74 668
57 540
583 681
34 613
18 52
237 597
34 367
385 634
163 241
336 429
278 366
117 351
229 518
92 228
317 630
277 619
378 450
100 417
77 371
542 689
175 233
10 598
174 593
377 672
238 283
140 667
173 493
49 481
467 645
352 617
232 465
60 684
66 345
301 372
331 575
53 333
307 364
251 689
5 270
188 462
283 688
1 59
158 605
118 406
238 514
243 686
518 536
300 368
75 539
492 632
324 639
554 625
20 624
247 291
184 346
393 480
317 702
306 700
430 686
133 561
86 192
423 570
447 559
316 683
51 248
320 374
42 167
117 337
215 343
447 608
15 133
324 325
444 489
163 257
291 495
149 600
123 568
182 308
625 655
40 298
126 623
398 567
77 455
184 679
593 627
154 219
5 444
161 274
69 320
267 479
113 187
454 573
148 309
22 299
40 439
318 397
179 354
27 674
108 472
495 574
280 599
273 517
537 656
193 283
213 365
287 470
61 548
211 212
111 399
208 530
73 458
5 263
9 567
146 694
4 176
277 473
348 684
4 177
66 293
550 599
11 62
183 534
8 512
429 457
175 373
64 599
449 624
141 411
329 338
174 396
8 10
208 682
151 464
105 392
5 193
487 567
68 130
264 615
122 558
29 226
69 371
265 541
1 542
25 702
255 602
432 662
198 472
98 478
398 458
300 690
232 683
315 424
215 269
89 152
311 463
596 694
236 466
52 103
13 46
308 530
35 507
286 498
102 511
26 390
130 322
137 544
494 534
20 484
414 658
495 577
11 298
17 667
33 256
71 710
228 587
65 566
45 401
489 561
61 642
353 390
41 310
517 550
150 446
382 470
247 487
280 457
188 583
148 404
216 325
324 658
30 379
76 631
345 462
662 681
263 319
209 651
48 612
415 458
13 532
202 339
420 540
486 599
153 667
240 278
548 654
510 708
90 547
144 341
366 625
562 687
153 388
25 520
170 478
201 518
363 660
113 127
146 444
121 497
82 207
204 591
33 690
323 699
694 711
346 576
250 293
99 393
66 211
23 172
413 561
273 295
158 560
275 560
150 670
94 174
144 694
92 361
182 192
36 162
344 623
237 430
256 604
150 156
14 299
5 8
9 60
374 452
666 711
325 501
640 645
320 645
73 317
50 628
375 440
264 527
98 514
160 477
440 483
240 463
340 693
181 223
185 664
203 636
375 445
117 245
233 459
226 547
40 688
319 685
413 657
358 410
157 451
328 573
178 416
463 608
41 194
177 557
172 297
533 691
316 677
222 475
240 614
489 668
108 313
258 268
480 670
135 380
155 253
125 625
44 669
97 349
352 570
34 68
301 624
141 215
216 625
53 391
226 640
484 491
192 209
126 669
225 517
126 705
164 410
415 435
250 410
249 315
90 353
439 563
120 128
564 645
139 568
44 697
357 632
586 644
105 158
240 708
95 391
268 592
501 539
330 359
590 618
67 548
58 399
305 634
65 508
434 705
454 577
26 364
421 694
497 559
113 594
504 581
628 641
181 479
318 648
444 459
168 174
78 389
292 317
24 709
165 710
232 587
521 710
306 404
489 696
415 520
186 543
258 637
595 614
493 503
7 585
442 666
267 449
127 694
8 299
43 314
264 388
230 707
235 701
81 433
110 590
433 658
84 229
47 421
140 460
453 617
25 308
393 616
130 310
74 521
150 502
215 643
63 454
397 518
380 433
322 591
449 465
24 598
283 511
247 517
89 381
62 524
230 711
73 346
117 416
409 681
60 665
137 208
30 457
1 675
397 601
476 607
461 613
30 169
57 696
224 570
459 683
111 375
273 581
529 539
127 322
331 556
95 595
152 618
86 540
100 112
145 416
524 553
81 160
256 441
489 700
110 290
553 592
166 666
330 378
312 323
503 604
271 346
194 425
191 696
4 479
32 353
253 523
184 507
54 83
203 271
55 163
277 455
44 533
532 682
307 652
76 646
234 658
66 316
127 582
299 683
207 510
575 690
237 679
273 511
186 620
446 540
27 632
57 166
144 344
28 234
84 525
260 338
91 571
454 632
39 519
45 214
180 200
263 643
87 520
239 332
137 472
104 333
192 456
106 351
497 557
24 147
118 285
251 447
12 689
281 379
511 524
302 395
342 544
209 427
456 526
149 565
129 254
610 699
118 514
376 586
191 263
159 540
282 391
274 584
263 524
221 262
38 302
36 115
201 284
149 279
95 374
308 576
520 556
334 572
148 676
302 343
58 629
330 589
135 188
391 663
21 572
256 521
59 197
160 235
64 149
555 683
227 433
227 634
438 507
23 325
172 435
443 463
555 572
72 272
518 559
499 528
317 404
370 625
355 569
268 615
170 389
169 492
218 611
32 435
256 554
221 299
68 476
319 361
111 507
513 696
101 243
670 683
474 700
210 500
272 600
13 227
545 560
61 544
338 482
261 486
284 563
17 402
386 475
95 141
591 644
529 567
56 96
455 684
381 570
290 319
219 524
14 321
143 540
154 572
5 520
452 551
617 707
331 354
74 93
374 666
447 580
105 657
624 673
49 387
91 620
597 689
252 341
352 553
36 514
214 651
178 361
147 186
244 506
434 602
49 225
365 498
359 598
235 666
402 567
51 144
86 140
289 570
73 549
1 398
543 572
445 618
11 139
583 667
365 565
321 561
18 66
55 597
99 233
147 467
94 255
515 573
143 454
393 703
88 665
51 693
337 413
110 407
214 681
83 338
557 558
115 621
20 128
586 607
367 589
217 673
269 320
17 565
307 562
84 289
575 674
16 225
4 262
413 594
450 621
353 683
524 681
20 534
291 337
642 709
413 523
215 656
261 436
139 701
205 523
665 703
225 595
138 670
288 643
18 204
219 516
233 510
298 422
41 687
520 583
424 657
374 545
359 584
464 521
10 518
153 525
142 561
248 542
570 687
512 586
326 389
74 294
277 566
209 449
57 425
87 582
58 142
194 619
391 457
381 587
479 698
63 365
145 163
303 611
214 321
67 140
348 475
187 216
89 598
237 698
44 309
2 206
18 692
378 707
90 710
150 685
79 466
55 403
446 607
143 215
340 672
203 551
137 456
376 610
260 386
22 324
198 633
163 474
129 504
125 659
11 618
536 626
355 537
211 405
437 653
205 432
175 348
67 664
171 415
127 519
15 188
296 703
217 600
282 700
89 367
158 436
32 267
358 634
23 379
624 651
223 621
260 328
428 622
105 623
377 613
156 627
91 510
654 678
61 567
625 653
187 653
13 642
257 337
90 617
320 582
5 234
510 663
33 135
99 140
294 470
283 679
296 318
53 284
146 684
480 694
116 363
243 709
267 663
263 517
49 297
383 407
54 619
32 442
16 564
542 572
7 560
309 570
474 594
336 436
150 459
69 587
108 120
90 503
510 519
139 269
238 293
316 407
241 354
153 159
4 587
48 160
45 345
268 604
159 512
503 654
162 506
505 588
194 594
134 459
65 524
337 627
412 691
343 671
12 533
521 677
339 479
183 566
351 502
74 439
132 450
331 450
284 480
146 358
452 492
429 666
78 314
507 688
244 431
398 530
414 643
335 691
354 479
20 467
347 417
229 628
140 337
411 542
49 342
6 592
91 548
235 512
581 589
383 392
80 269
105 711
86 559
231 457
199 654
91 612
352 573
64 449
174 294
158 268
570 614
40 425
28 318
200 570
200 374
96 500
262 444
222 336
320 371
34 568
170 609
501 600
175 377
117 699
112 586
241 685
440 511
167 544
203 358
361 553
94 402
129 566
182 462
339 556
450 647
354 578
344 530
5 113
336 410
163 600
434 450
21 627
121 210
87 198
170 709
139 690
226 319
125 576
81 89
74 188
73 485
215 580
145 157
210 562
252 338
513 644
366 404
25 565
404 606
20 85
251 263
266 677
127 202
496 508
230 313
653 681
289 541
242 279
50 312
487 685
516 572
137 654
514 709
62 431
217 325
211 673
340 605
90 639
340 552
107 502
202 277
66 684
234 696
349 480
201 363
163 270
249 589
396 640
138 535
36 426
146 424
60 672
517 698
383 637
85 702
609 655
348 672
31 230
236 451
44 352
400 430
29 636
183 369
294 381
37 196
94 239
24 194
134 578
254 639
109 538
524 576
33 255
576 580
356 561
142 505
123 269
208 441
495 599
92 248
76 186
158 219
56 696
2 91
159 542
93 586
215 390
37 59
61 302
483 687
222 638
93 135
17 165
359 567
313 538
37 439
56 528
233 343
388 453
202 311
14 405
70 334
247 428
356 629
129 432
77 249
83 407
213 386
51 616
59 451
329 420
249 253
58 69
156 518
226 695
302 703
111 134
445 611
21 653
263 364
471 483
690 695
461 520
550 598
362 413
305 530
332 677
553 651
225 264
171 180
365 543
22 403
303 695
471 572
499 675
40 449
267 436
478 588
545 550
111 218
108 684
215 662
486 616
67 616
114 187
361 688
416 699
530 639
73 450
180 348
509 518
423 528
26 459
225 541
71 117
90 405
262 377
255 585
276 419
97 139
90 163
68 424
619 710
202 493
157 362
119 178
82 638
496 550
179 542
89 135
10 203
173 618
90 147
697 711
311 343
182 531
466 564
150 277
27 596
255 560
81 322
148 328
26 548
431 635
634 644
270 457
49 156
179 287
52 387
229 355
296 405
267 435
156 412
45 123
276 576
83 216
69 144
129 319
570 691
325 469
6 572
228 628
146 570
376 641
497 587
429 583
342 668
16 422
53 562
168 522
31 710
147 181
62 370
173 381
116 432
329 663
152 555
8 598
492 556
529 566
153 305
416 440
563 700
388 520
1 302
294 571
86 396
356 686
29 256
301 536
34 502
388 541
277 357
171 531
270 708
307 600
346 508
78 99
472 695
66 249
369 708
409 569
5 104
184 372
8 557
472 512
198 501
576 644
282 498
165 570
142 661
318 613
466 485
17 515
9 635
50 222
323 621
79 90
368 591
87 584
457 567
413 667
293 695
277 441
153 391
177 268
432 665
308 665
305 370
128 365
124 207
131 226
222 619
311 413
190 508
178 500
72 387
56 613
127 432
253 633
346 681
472 598
413 469
240 424
363 525
42 356
22 636
268 486
164 624
48 624
148 263
5 59
164 368
421 637
211 326
696 700
9 330
303 363
449 507
379 498
48 372
216 268
54 703
203 683
232 568
186 281
34 325
411 449
326 602
409 459
544 698
497 602
193 492
299 426
356 532
269 694
517 680
91 280
299 318
209 638
544 623
581 711
69 307
618 656
477 608
185 607
125 706
323 528
234 388
373 460
386 615
482 613
149 299
106 464
211 568
196 262
58 438
337 454
87 320
344 603
350 587
24 392
374 698
392 458
278 306
144 323
171 481
27 435
257 328
43 668
103 280
353 380
47 73
468 601
426 675
465 643
212 328
48 541
327 609
78 253
459 562
51 544
99 338
400 507
8 141
532 693
138 380
9 100
20 44
302 474
189 513
243 609
106 378
236 569
248 537
86 98
261 469
464 568
47 147
310 390
449 562
436 444
150 554
573 598
134 154
253 617
143 498
21 266
79 265
12 364
124 444
52 80
143 394
104 182
198 621
55 353
426 646
127 299
457 648
55 564
442 635
206 485
87 464
130 485
174 613
26 541
227 492
217 321
273 412
175 473
586 624
130 678
68 706
30 595
138 303
208 624
312 624
581 649
326 688
603 615
79 184
22 339
159 214
162 236
292 480
283 338
134 212
58 708
422 592
280 375
96 546
36 82
78 123
231 314
336 567
5 403
126 600
218 235
147 218
266 457
252 706
12 555
131 657
46 631
480 681
645 705
308 369
517 645
276 356
195 233
267 305
512 614
77 136
285 428
88 612
86 611
88 588
103 449
285 300
63 284
90 511
229 499
76 146
62 609
236 502
70 376
112 489
6 673
9 103
332 426
194 607
174 547
575 692
186 405
72 331
312 470
177 367
446 451
327 422
344 345
22 25
139 609
214 665
162 631
549 627
309 412
406 698
420 570
240 315
173 660
425 446
243 569
579 630
468 670
180 531
14 577
183 255
252 525
353 547
228 567
360 700
192 606
168 403
261 456
257 663
103 305
477 684
352 689
370 532
94 200
266 539
188 701
258 380
72 360
123 515
377 560
99 554
281 336
535 594
17 413
12 126
364 470
11 612
313 344
114 574
427 665
244 615
361 692
37 591
8 68
375 487
56 451
186 361
70 500
458 592
548 591
326 375
524 627
533 595
138 185
349 586
567 699
260 706
155 339
42 272
408 585
594 690
35 216
237 659
506 603
7 263
95 297
301 571
551 560
409 696
4 706
229 272
110 284
156 183
650 660
55 526
39 377
81 420
162 416
400 699
53 250
436 586
624 684
257 316
46 617
239 501
356 566
110 285
166 197
368 604
408 547
215 225
378 492
420 569
158 601
241 699
279 323
476 576
163 497
159 232
54 455
2 89
597 702
128 616
58 530
341 463
57 241
461 553
7 410
147 332
475 658
91 120
534 691
421 667
400 503
182 414
121 216
539 663
237 409
213 470
47 301
247 301
24 313
64 656
86 424
141 625
440 542
159 404
309 344
211 517
73 644
87 137
112 566
334 463
6 287
99 543
8 606
211 310
208 571
287 328
126 459
62 621
153 551
71 167
241 311
437 586
95 380
201 258
370 546
128 578
70 278
397 430
88 120
317 428
93 359
542 559
312 569
389 461
133 480
274 414
545 640
124 218
555 584
593 693
652 665
484 639
16 74
123 489
273 585
379 459
237 408
648 662
372 409
48 203
119 336
75 678
117 342
26 485
14 297
325 550
89 420
392 568
508 534
26 513
15 322
114 185
303 689
381 522
66 175
331 586
533 624
247 513
222 471
367 440
131 602
26 296
402 428
233 665
270 453
441 466
293 430
295 428
406 691
96 635
418 677
536 602
315 627
102 500
21 102
45 190
559 625
177 193
20 480
121 564
213 265
263 342
424 564
344 457
167 184
30 524
182 242
443 682
263 584
575 595
423 665
185 352
33 478
25 43
66 90
271 293
167 649
225 532
494 709
320 377
630 683
287 442
109 527
29 86
194 266
569 679
418 599
134 663
430 494
90 152
69 540
339 533
35 658
374 500
126 370
140 509
198 676
490 585
298 496
66 185
83 91
143 583
48 57
277 388
543 666
466 512
192 599
615 635
11 331
64 594
314 405
267 314
55 245
61 480
452 453
1 28
444 641
173 239
71 587
468 510
267 622
137 142
552 595
279 344
405 579
334 470
87 284
41 109
528 710
486 698
12 328
270 629
85 111
13 618
500 559
487 706
82 402
78 651
290 313
137 365
383 594
72 350
320 672
88 313
210 658
20 427
57 163
601 625
349 463
203 560
581 688
189 597
128 147
112 525
361 439
545 663
526 614
116 670
274 678
393 619
202 531
376 602
51 674
128 454
312 655
147 570
79 438
464 709
373 559
402 537
23 91
475 567
117 276
277 667
255 450
49 192
537 613
6 264
340 454
116 682
177 281
184 535
409 521
473 609
207 572
165 486
69 410
272 663
109 497
107 562
292 431
182 468
10 398
178 333
454 650
474 519
184 323
58 431
319 624
290 665
42 72
24 131
214 298
559 684
324 452
24 430
348 480
421 497
63 500
180 634
181 523
302 569
285 301
119 597
86 87
655 700
355 652
262 268
379 700
218 693
481 502
168 638
113 148
383 678
476 685
294 691
165 647
362 578
99 162
290 304
94 121
11 260
555 649
407 659
264 709
385 628
112 689
445 496
89 116
138 347
59 478
85 184
197 529
72 679
493 584
451 460
599 615
536 556
175 402
40 155
524 640
115 227
333 672
317 394
10 307
246 449
134 288
434 617
100 459
188 276
537 576
333 547
37 248
26 651
292 650
43 395
215 256
19 278
315 363
630 655
20 381
50 484
475 585
264 462
95 615
96 302
31 359
354 632
231 282
219 323
13 405
62 466
393 622
283 480
242 581
680 710
205 659
347 562
217 265
360 680
225 665
39 172
488 697
340 493
241 470
307 436
194 348
53 88
220 494
222 550
306 625
22 672
354 648
42 227
338 420
111 384
483 659
26 347
12 138
231 632
324 371
259 377
182 709
471 647
166 336
438 686
182 260
125 352
431 653
115 207
311 533
205 242
134 478
284 541
54 502
138 586
325 346
333 513
20 560
90 659
229 577
24 57
18 44
153 444
186 213
197 518
103 671
63 261
172 465
343 486
262 604
300 667
190 699
44 330
226 427
264 613
377 492
173 320
57 646
29 347
381 595
247 450
151 406
126 140
317 373
498 555
160 545
396 531
268 411
117 626
28 218
453 665
64 602
473 558
212 253
304 694
206 369
175 303
13 301
450 553
291 412
84 515
120 330
151 170
103 259
361 379
160 620
242 270
225 584
185 341
478 701
564 615
152 634
360 621
23 206
394 574
381 417
240 348
83 440
347 502
217 470
260 531
368 456
323 422
18 412
36 212
261 408
208 511
153 606
504 528
36 118
197 506
55 246
77 81
88 461
61 126
59 562
291 382
38 406
427 680
326 353
96 177
564 587
295 427
487 661
85 675
337 707
13 191
489 522
218 228
533 569
7 596
466 530
127 164
135 608
362 637
42 440
491 674
358 565
233 377
180 675
50 437
10 552
68 502
30 481
129 541
157 352
223 362
216 375
314 561
224 474
276 671
385 400
361 679
424 520
504 651
136 593
184 496
431 434
241 303
289 340
359 667
357 516
370 521
204 318
68 151
360 495
275 508
248 270
259 625
319 654
582 593
33 144
348 387
2 530
2 207
490 574
6 67
31 283
80 227
186 390
313 525
271 534
9 537
378 437
471 616
27 673
506 523
111 462
173 657
73 156
140 500
272 711
188 207
118 146
15 317
194 617
529 583
303 663
278 604
219 514
13 677
3 150
441 449
304 459
79 320
535 686
454 560
193 538
129 391
68 609
65 256
75 271
93 462
59 181
395 529
173 683
61 206
635 694
97 267
602 608
331 414
527 535
305 344
499 598
103 596
136 213
249 676
64 515
94 544
331 682
227 489
59 476
162 558
491 671
514 704
58 607
122 365
92 522
216 447
87 599
228 405
198 407
121 507
85 357
13 621
67 686
263 607
538 573
37 378
42 546
46 531
156 539
478 693
236 368
228 418
393 557
33 384
558 617
17 42
418 420
209 223
529 582
348 625
11 111
38 381
177 375
84 679
72 226
166 454
48 693
301 427
77 266
169 372
110 465
197 470
50 207
303 529
333 400
407 709
370 557
509 512
174 483
38 623
64 525
223 400
482 664
273 402
448 541
7 659
422 683
189 447
327 600
152 181
400 709
43 311
470 529
132 580
588 668
58 389
244 698
79 593
255 580
234 415
168 640
78 98
187 327
17 711
171 466
185 288
45 621
457 678
370 616
340 535
342 463
263 626
54 272
477 644
239 551
62 665
452 657
139 679
178 614
89 330
107 365
76 436
627 631
206 310
457 670
184 523
443 464
322 518
422 468
295 536
89 351
217 694
496 636
666 688
175 677
424 547
395 611
397 629
372 687
51 497
133 180
50 698
101 331
561 666
280 705
332 569
151 485
339 449
288 380
450 615
377 473
60 201
397 467
520 533
20 592
301 455
280 636
430 525
298 631
56 503
12 56
209 309
257 554
57 421
391 495
529 547
114 224
185 350
234 317
14 288
152 217
505 569
567 653
42 588
15 112
405 653
377 472
399 688
207 678
260 332
118 456
224 549
39 205
247 536
293 489
566 710
432 688
298 357
338 697
235 508
146 697
471 558
120 252
407 620
557 708
216 266
254 284
207 669
54 447
561 648
441 518
262 692
522 598
151 441
503 606
360 520
162 677
230 663
504 572
68 170
388 491
143 705
94 469
93 166
289 608
71 74
73 532
548 579
200 256
278 450
653 708
48 209
60 336
476 525
479 710
599 655
59 596
173 534
215 234
181 649
261 577
33 674
127 169
274 321
162 442
8 83
328 711
215 257
74 626
483 589
132 273
84 281
28 265
246 389
321 389
434 458
67 238
119 280
261 480
7 338
70 174
430 493
259 271
421 675
184 278
183 565
116 491
310 475
25 571
420 493
11 203
117 197
70 587
158 400
249 352
127 661
401 503
335 687
275 507
501 594
377 576
31 504
531 625
293 689
47 524
93 392
93 577
467 479
121 658
248 262
1 272
105 594
279 681
259 374
393 525
123 292
41 430
16 68
17 176
336 506
3 619
272 687
48 479
182 562
516 622
370 482
461 689
13 83
129 446
267 571
462 470
35 245
132 229
217 287
454 487
224 268
295 707
15 520
543 632
103 356
200 290
256 650
79 409
271 465
211 433
245 296
218 467
66 265
221 393
42 402
248 352
239 600
119 633
200 202
359 613
159 429
206 240
263 598
72 362
100 539
393 425
91 248
310 435
332 467
323 631
216 410
359 445
130 351
357 639
246 551
129 383
260 622
627 649
349 359
441 562
142 234
16 515
298 334
392 674
96 677
45 192
79 379
295 652
4 425
236 668
118 430
479 596
597 649
265 687
324 579
192 579
130 213
203 566
372 375
392 486
228 531
39 593
512 621
273 477
72 176
54 324
229 658
324 415
151 710
300 488
117 296
84 452
424 580
309 633
369 693
599 698
5 110
223 690
100 124
170 530
187 222
39 476
45 462
258 370
6 148
513 579
139 538
184 428
360 432
301 617
267 610
53 467
157 532
363 692
480 547
210 356
406 699
72 86
29 173
328 388
609 612
578 652
266 386
355 612
501 644
597 674
298 549
157 405
158 190
141 601
155 507
474 477
141 379
257 380
201 648
378 652
261 339
305 625
120 369
163 419
80 174
516 664
93 190
131 373
3 28
386 518
138 647
393 524
81 365
52 211
243 544
308 398
440 656
632 655
229 447
290 626
96 431
251 420
42 696
413 498
10 651
252 406
347 364
384 666
146 310
366 457
244 308
379 698
51 539
421 539
26 168
503 711
427 456
82 591
33 327
170 453
206 643
268 522
348 416
84 507
124 414
379 641
231 488
628 687
79 357
219 231
189 224
431 688
284 549
89 668
222 535
333 565
4 393
423 471
184 305
367 616
239 581
372 657
24 384
229 304
242 296
242 411
43 468
309 338
75 254
296 323
3 418
189 548
31 547
65 500
325 642
480 683
51 146
158 234
362 522
134 325
463 549
411 476
104 372
191 221
35 425
363 468
554 584
34 303
136 391
383 544
498 696
311 581
113 353
407 699
10 16
25 148
10 685
11 238
67 627
591 619
224 684
467 562
590 696
139 608
56 688
115 157
346 352
227 575
49 499
664 690
247 396
24 587
207 607
236 427
178 278
270 520
299 661
146 438
380 597
205 447
278 511
573 631
39 361
154 177
376 656
209 375
312 618
229 253
376 696
258 448
310 448
376 524
405 522
270 620
281 350
129 249
246 709
179 225
294 320
34 269
160 466
377 408
534 633
63 373
255 635
175 590
282 691
364 700
418 481
220 228
169 239
249 286
188 569
36 284
400 477
25 509
253 510
84 367
54 668
120 148
548 624
52 526
249 484
37 559
71 585
34 112
284 393
178 287
64 583
311 324
175 522
271 303
162 273
391 492
243 702
243 465
134 365
223 325
210 593
151 313
437 482
194 653
585 705
163 447
432 463
555 677
346 700
534 542
289 609
283 481
331 405
192 578
263 315
192 651
599 675
266 568
243 561
348 381
288 348
42 601
121 544
58 536
111 406
417 465
155 538
451 494
13 687
63 695
26 521
6 430
170 693
94 561
47 160
104 434
512 648
22 533
53 534
187 579
205 460
257 708
164 380
45 514
33 628
214 332
123 454
229 657
435 449
85 439
300 505
392 570
45 667
370 411
50 364
121 633
297 520
65 629
76 81
100 283
631 671
581 697
27 104
168 390
165 504
111 405
181 205
202 485
134 439
185 210
49 332
184 651
565 576
250 489
137 642
414 668
14 200
121 629
230 695
81 418
307 554
317 476
41 652
184 204
86 647
174 392
449 600
309 588
2 340
503 600
390 558
224 442
123 476
152 206
173 423
50 217
49 482
408 686
107 371
71 592
88 133
193 322
494 615
125 415
189 276
62 103
63 240
157 591
40 204
73 555
210 656
434 652
578 640
124 466
452 692
353 447
495 689
107 170
495 654
430 648
619 637
205 560
476 647
182 364
6 235
349 470
6 424
326 397
469 495
467 597
321 537
367 608
24 693
138 169
329 632
124 155
133 427
155 437
656 701
14 338
180 522
297 585
565 573
36 564
35 226
250 528
161 242
364 659
42 161
352 430
78 151
286 679
103 686
265 348
416 530
181 639
165 222
61 387
180 617
95 444
150 425
9 675
22 394
152 550
171 622
77 179
604 649
130 194
55 670
104 448
131 357
55 365
129 381
336 407
117 509
157 491
370 529
40 487
277 634
199 606
93 412
209 569
133 190
546 575
123 190
69 84
387 581
110 339
431 514
436 441
471 528
308 394
381 672
202 703
622 656
549 609
206 444
261 301
89 111
423 430
198 614
325 539
15 507
472 597
293 422
273 474
105 387
143 658
155 510
182 430
196 203
461 466
350 523
49 420
252 649
360 618
144 445
447 622
383 630
71 267
662 692
189 589
104 127
135 443
359 385
621 690
102 422
64 463
300 561
105 597
391 427
261 298
190 499
136 234
233 586
17 79
295 489
71 358
282 574
238 499
540 662
275 475
402 435
399 521
87 396
441 568
223 346
529 665
488 629
461 594
26 634
62 380
210 399
108 157
231 259
201 414
523 647
20 374
385 418
182 599
9 262
499 572
624 672
151 245
469 485
61 271
160 269
645 689
17 57
230 648
432 672
317 545
367 488
122 195
189 247
42 442
223 368
248 466
68 618
74 280
273 391
350 437
177 339
100 673
508 564
139 364
140 661
239 482
181 271
223 332
60 127
294 348
274 561
255 349
429 544
371 572
242 327
90 242
80 272
47 494
416 662
285 569
299 398
235 669
582 596
565 648
321 458
287 404
10 30
107 243
408 467
50 700
336 352
272 408
369 530
76 383
223 448
347 414
110 253
88 124
14 227
117 390
97 443
20 490
2 422
662 693
126 398
435 681
413 517
64 170
208 454
294 409
23 458
24 586
136 577
292 398
1 141
101 615
32 423
284 621
40 478
484 585
454 528
36 48
237 274
535 695
215 370
276 293
159 346
257 375
109 608
273 307
291 390
217 526
71 214
369 566
275 360
102 623
183 269
2 462
383 444
535 595
432 573
570 631
204 552
71 691
461 480
538 672
6 152
538 625
533 675
136 424
100 217
9 270
73 595
265 460
22 360
354 664
128 214
107 337
67 584
1 53
226 582
56 499
139 311
239 561
98 272
7 288
60 213
519 675
68 279
83 579
249 303
372 435
156 375
56 560
45 506
166 429
131 603
323 461
308 548
173 501
79 614
257 558
241 439
257 416
382 527
79 306
379 640
252 437
125 578
163 439
8 46
106 539
146 600
169 562
557 675
598 606
454 548
173 622
281 707
31 671
115 656
111 167
203 631
661 668
86 397
113 609
459 679
109 134
47 246
341 516
167 683
281 330
149 684
259 356
520 540
224 386
299 638
150 295
18 161
173 259
25 484
318 678
501 510
55 433
285 572
168 565
211 351
163 689
255 276
124 424
634 657
528 570
257 401
294 605
183 239
119 216
291 365
25 691
120 545
93 162
102 348
300 520
94 567
376 447
383 429
485 512
458 535
373 437
169 404
76 300
381 640
148 416
322 548
77 542
219 684
586 679
27 62
404 575
39 626
477 627
439 693
123 645
162 349
15 45
113 168
26 110
290 525
70 99
152 186
153 499
636 707
438 657
58 613
375 614
337 350
272 381
291 368
282 522
224 524
647 669
77 431
87 329
17 491
412 682
149 248
365 612
122 620
428 546
470 473
87 201
369 537
151 618
83 321
80 466
49 389
26 487
214 618
525 709
172 633
558 636
159 670
314 668
553 689
304 705
61 448
146 309
639 660
167 290
220 533
88 507
200 419
54 649
123 319
288 686
154 609
50 129
16 294
257 282
415 478
448 545
80 268
158 614
135 144
170 604
127 319
90 357
197 594
354 659
227 427
55 349
43 398
91 597
342 694
352 356
20 612
458 488
131 563
190 251
418 631
598 690
618 711
349 675
337 649
562 632
256 442
258 532
346 559
270 693
376 578
75 400
255 628
543 569
336 531
69 116
448 634
126 612
70 408
370 412
54 659
25 495
130 142
1 706
161 550
149 413
310 478
128 661
270 353
187 194
89 445
226 604
72 443
89 411
342 489
283 405
109 171
497 505
17 388
55 113
348 493
168 702
521 666
101 531
326 425
276 487
36 298
434 447
565 696
175 533
20 361
39 526
240 355
23 591
65 279
428 564
6 150
274 290
644 666
174 182
534 579
304 686
88 193
175 562
577 655
348 463
623 661
317 444
52 162
545 662
572 584
417 661
69 140
103 625
391 656
28 274
388 563
120 284
633 706
497 512
140 690
272 616
352 459
167 652
332 480
269 603
332 395
111 439
14 22
233 487
327 556
279 460
233 326
42 276
104 413
2 94
319 507
218 597
558 571
26 109
308 324
475 694
245 556
401 653
413 499
281 555
52 59
85 691
296 481
517 582
428 670
382 582
443 565
401 620
51 55
95 233
108 633
34 205
212 312
230 299
552 636
349 491
99 618
133 522
125 263
10 208
52 709
246 253
29 585
172 564
76 153
68 591
441 591
170 416
376 637
531 678
29 116
20 394
36 285
14 277
172 678
467 558
206 471
205 624
56 241
108 156
88 187
359 452
628 635
2 529
198 339
378 478
233 660
300 465
115 406
14 703
358 702
69 214
35 81
532 695
19 441
343 383
12 470
36 459
45 455
160 277
458 530
96 180
307 450
224 558
304 440
186 643
99 576
7 165
39 163
38 172
405 540
85 631
247 404
536 569
64 255
463 490
345 707
15 580
18 218
598 677
294 544
91 525
265 627
145 317
617 619
129 253
401 680
408 464
255 570
384 679
119 166
526 548
84 449
84 680
252 610
28 145
442 543
344 671
73 647
292 484
613 673
299 407
68 433
102 320
370 583
83 127
1 172
169 422
305 388
246 429
379 507
87 135
179 415
202 482
85 415
260 433
103 249
209 377
450 527
407 426
235 427
193 307
72 291
96 245
13 427
195 672
192 432
83 278
47 692
259 549
471 565
652 672
137 580
283 609
506 592
25 646
513 582
37 567
584 678
504 658
65 445
177 664
158 576
146 261
50 259
121 703
211 321
139 471
37 109
329 342
441 666
365 625
83 257
3 498
200 681
340 468
146 589
43 250
447 539
604 606
128 472
58 357
15 128
30 216
397 542
85 487
632 640
13 508
462 521
101 205
343 501
380 524
510 696
252 632
71 183
287 687
270 507
66 98
68 298
443 448
425 511
470 665
110 409
320 467
446 654
89 202
30 135
61 370
25 453
85 218
316 590
88 324
314 566
235 375
8 19
257 379
90 459
268 316
228 451
531 707
15 299
106 132
48 83
330 610
229 384
106 115
352 636
13 473
72 499
214 572
147 588
194 645
159 235
191 391
364 503
341 477
104 287
369 628
617 667
165 517
155 281
184 459
242 532
206 568
249 491
7 127
200 207
153 582
102 470
237 291
472 609
191 291
138 247
195 264
475 684
79 192
144 515
55 262
234 400
212 277
239 403
214 612
308 349
70 492
185 505
253 551
22 249
71 500
71 575
175 536
20 157
140 537
46 382
253 422
218 362
453 699
445 671
47 197
313 443
143 376
308 469
371 706
328 458
123 658
405 604
3 553
286 518
89 267
95 644
496 576
278 282
74 255
377 644
250 476
198 506
41 76
206 489
470 490
73 349
13 104
73 92
315 689
437 678
309 476
282 510
242 310
300 443
28 328
333 526
216 251
29 63
472 679
25 540
215 584
228 570
143 300
108 660
430 467
31 274
140 477
102 614
128 702
15 68
378 498
304 707
441 547
320 701
39 217
359 386
142 571
123 596
227 556
51 204
157 272
125 618
6 692
276 468
310 355
196 244
65 586
266 591
372 698
19 231
274 482
335 343
7 540
242 253
228 544
126 441
387 700
262 404
457 686
574 629
335 350
458 623
190 624
17 156
571 609
235 413
74 200
599 687
243 332
320 520
264 579
438 624
109 658
193 448
279 352
50 383
317 564
570 675
449 618
521 593
181 592
4 371
64 522
78 491
150 571
141 594
242 344
77 536
234 554
358 625
327 701
9 247
241 503
350 541
71 594
417 522
291 405
392 580
560 649
175 610
52 543
273 442
310 680
41 277
91 340
360 420
339 343
175 182
464 554
185 472
11 412
244 589
123 154
274 488
115 194
119 481
424 487
537 662
448 488
257 452
362 486
392 679
303 693
8 274
447 626
17 677
75 387
5 103
217 369
92 619
307 635
288 584
207 293
217 498
129 424
352 637
54 139
363 373
385 566
198 295
322 618
530 685
406 681
47 86
185 225
240 508
33 417
200 470
46 228
52 488
457 525
7 120
348 674
112 614
103 473
322 411
58 519
135 682
502 507
293 454
33 353
113 565
404 632
327 331
201 655
350 681
47 317
18 647
158 225
586 599
35 454
178 648
303 314
406 542
450 551
46 98
41 545
71 301
666 699
482 614
54 552
276 483
457 623
364 612
248 332
53 195
41 682
387 481
202 308
40 257
170 206
8 375
76 479
696 698
177 346
437 501
530 614
85 315
22 305
69 578
357 436
314 694
206 653
101 707
38 46
69 81
181 197
104 491
570 646
325 349
370 528
154 260
500 566
82 344
558 623
419 584
127 625
29 500
423 461
230 312
103 235
90 645
106 689
55 101
614 641
128 388
62 301
234 256
92 163
195 705
60 704
210 709
204 221
270 676
186 653
248 524
20 537
30 147
218 689
8 221
208 610
38 490
555 664
410 627
6 117
210 674
140 542
84 102
391 471
339 639
103 333
282 636
84 584
147 461
51 642
224 318
38 452
127 396
245 502
466 683
249 453
440 630
334 700
5 239
462 581
406 586
195 469
627 681
39 167
101 242
8 471
605 676
431 448
176 435
177 377
374 431
159 350
29 177
306 337
26 551
23 541
183 273
7 698
365 507
221 458
498 706
517 548
134 192
125 383
387 639
193 311
383 613
43 318
226 691
81 567
88 487
101 343
145 678
247 266
145 391
36 532
121 701
112 276
47 250
450 554
41 667
248 600
277 482
16 704
177 690
3 281
216 607
246 523
85 643
303 612
77 527
69 579
49 269
348 593
178 695
108 248
185 644
82 508
92 308
382 617
196 270
48 655
430 475
250 340
334 551
557 577
270 482
178 372
494 607
78 694
54 388
449 514
631 681
214 345
224 666
339 524
516 579
26 544
282 536
171 672
243 443
132 473
360 589
604 631
228 289
195 623
129 233
243 513
401 616
450 650
14 562
615 673
99 156
269 469
121 394
34 467
246 256
449 621
135 543
108 292
263 572
451 508
134 175
164 318
546 574
228 543
202 589
349 352
11 707
86 569
84 592
57 113
113 573
197 528
49 419
492 697
273 599
115 546
660 704
100 144
154 587
452 589
96 329
373 581
305 413
343 437
398 532
115 439
454 618
542 566
333 530
175 179
96 486
82 411
395 443
318 691
312 523
119 452
315 551
549 625
292 340
91 349
406 437
406 694
306 351
255 594
21 70
203 335
53 656
404 613
119 266
213 311
76 458
483 604
32 687
252 572
132 284
321 557
496 567
270 551
356 574
35 633
14 337
301 695
266 305
56 663
392 659
18 281
277 282
182 586
226 517
47 488
144 246
57 598
252 567
235 246
603 672
57 516
145 226
294 443
141 684
146 292
510 630
64 563
156 426
330 586
85 509
262 698
92 536
178 653
225 331
391 588
360 670
542 648
302 461
106 429
154 620
128 469
104 222
149 476
105 385
342 362
428 510
19 286
71 539
116 348
191 247
184 206
530 671
42 455
435 635
142 163
328 517
238 395
215 691
67 83
412 602
149 301
136 495
518 527
206 330
493 552
282 312
49 159
412 519
61 227
42 99
107 542
499 699
368 524
225 246
37 499
27 502
130 164
382 572
527 670
310 315
535 555
127 522
558 662
303 390
183 427
28 630
85 401
196 246
100 179
148 502
429 574
145 399
35 261
277 303
35 422
60 335
243 597
10 506
192 242
211 272
187 258
127 663
42 96
292 652
139 299
511 648
501 560
164 585
282 410
72 327
102 207
169 241
41 693
156 551
41 371
146 392
95 366
536 659
179 199
95 218
387 546
100 149
28 434
450 543
49 455
20 395
11 550
410 634
439 523
69 348
70 393
124 305
413 506
65 213
76 577
427 557
124 694
23 312
460 492
98 123
11 15
318 651
368 657
101 237
375 537
474 552
169 480
235 596
288 464
356 671
55 110
250 628
156 264
487 613
152 581
204 584
510 628
282 543
288 586
490 499
185 300
334 540
64 390
579 626
201 355
184 564
228 693
119 461
488 592
37 463
52 627
112 186
130 207
319 459
77 496
317 538
497 681
3 484
252 683
236 625
7 197
413 688
23 236
134 379
108 347
541 603
398 538
586 696
135 222
217 383
291 548
494 672
387 475
347 453
306 614
102 137
295 450
158 285
366 604
93 169
484 699
479 639
137 356
166 674
335 434
241 343
193 547
263 583
170 480
20 488
574 583
239 406
57 409
41 223
136 157
347 625
16 440
248 470
347 353
65 344
220 380
22 685
367 426
30 376
251 644
358 568
285 682
22 154
273 501
90 258
288 579
177 423
587 617
97 384
79 319
230 596
71 564
267 605
336 668
183 437
135 403
31 140
101 497
395 618
13 601
306 468
73 189
100 484
158 270
247 464
396 573
281 326
174 340
32 103
452 557
400 505
511 690
244 536
267 330
176 665
354 543
436 664
333 396
435 486
122 461
88 681
233 553
273 593
525 695
194 534
369 565
363 439
155 680
469 638
134 392
408 707
410 457
148 214
405 438
402 645
281 333
603 663
266 684
78 185
340 591
215 588
19 182
173 606
77 411
155 562
581 646
614 648
278 381
151 370
481 623
205 515
658 695
446 660
417 500
144 283
163 231
265 329
129 223
79 115
20 626
6 102
47 352
550 590
454 681
186 414
179 610
361 394
43 586
75 83
354 463
285 600
209 321
45 459
53 207
331 432
267 646
374 458
222 639
221 380
191 565
337 514
78 386
116 357
148 403
665 671
53 193
152 707
400 417
344 414
404 460
541 606
333 659
191 706
25 468
380 617
35 437
482 591
322 628
6 402
414 694
66 368
61 432
130 629
300 565
257 671
82 451
7 426
425 440
188 656
229 430
409 431
137 409
67 518
144 462
274 458
50 605
124 377
72 685
157 482
556 587
334 653
69 99
46 145
262 522
147 331
201 603
639 645
257 631
506 696
66 449
64 491
129 495
188 501
126 699
455 578
586 590
77 546
28 520
440 510
446 686
162 443
240 525
336 463
107 320
228 604
358 669
184 690
57 139
151 576
391 506
288 358
108 600
180 292
280 318
307 655
84 488
76 375
34 511
114 337
261 711
440 448
349 593
249 524
9 634
74 92
195 551
100 246
513 557
121 424
11 669
108 220
357 519
100 707
201 626
278 443
170 208
548 632
188 230
132 502
222 284
451 524
236 401
390 401
441 650
399 640
62 289
264 407
50 316
267 704
419 579
6 415
146 472
134 548
312 711
153 341
460 655
282 289
527 624
602 630
97 274
152 580
248 490
74 579
24 700
289 649
461 523
651 672
265 641
202 317
54 65
381 405
494 634
359 624
87 696
130 184
474 683
80 189
104 572
7 561
372 597
130 646
293 295
115 319
43 211
335 590
201 614
488 699
396 668
428 694
120 650
91 212
73 513
245 356
296 329
44 279
221 678
489 598
428 628
571 598
604 690
326 374
38 481
494 603
315 486
337 564
250 335
501 657
289 701
179 632
318 499
366 529
96 494
185 580
223 613
459 678
210 353
559 683
185 544
392 480
229 246
547 616
385 512
435 647
387 506
390 490
12 290
163 494
569 652
110 531
395 460
192 429
290 365
29 541
429 672
242 250
267 664
57 312
375 515
122 337
16 214
146 366
413 622
92 587
438 495
173 424
163 490
20 387
444 681
660 693
387 612
501 515
97 161
98 294
330 360
395 426
359 531
205 537
573 667
9 505
183 612
172 405
109 590
130 611
201 509
95 522
189 412
158 570
294 412
271 556
380 579
292 676
244 454
306 685
44 482
275 603
650 683
251 313
51 224
64 340
274 586
257 586
132 581
146 171
69 397
311 415
77 85
54 160
10 434
223 252
134 146
566 655
35 141
250 632
411 657
213 452
626 703
281 607
503 514
534 669
382 670
355 672
135 587
58 462
190 564
163 457
105 486
228 670
159 452
238 585
591 651
103 256
148 629
185 583
98 569
94 315
46 55
88 157
13 141
77 227
198 508
88 420
200 244
44 655
612 680
181 552
10 267
412 596
311 397
97 439
115 468
154 655
427 490
296 532
522 607
71 257
185 308
123 643
405 651
334 461
67 116
174 320
152 344
448 520
278 612
89 271
298 513
83 175
587 634
140 476
85 388
39 245
408 422
62 219
90 476
115 193
145 419
56 217
541 629
339 408
575 637
476 697
469 615
607 681
61 168
317 411
53 471
294 426
591 709
496 684
408 701
63 637
394 457
75 117
249 530
488 588
308 406
59 339
271 598
52 595
235 638
13 503
387 457
145 235
250 582
461 643
255 696
284 535
197 695
184 587
539 701
351 628
378 555
220 529
145 284
134 326
132 523
194 513
95 603
226 523
398 653
200 635
252 345
110 323
137 621
211 355
5 342
399 535
68 526
349 375
343 573
94 196
66 443
247 668
160 455
234 476
234 430
411 570
644 696
106 375
434 710
242 620
260 411
291 407
653 689
498 536
215 281
493 517
176 250
369 528
195 427
190 267
216 427
534 560
533 655
105 627
235 282
466 474
390 578
323 542
54 374
437 568
316 594
219 622
69 378
396 488
116 685
30 529
426 603
167 218
209 456
226 367
658 711
247 523
594 708
37 373
522 622
608 696
263 365
223 302
632 667
245 402
35 494
38 281
141 146
235 283
108 458
99 455
66 439
106 311
198 678
203 258
302 521
119 279
64 421
402 516
191 630
32 332
299 602
122 360
252 427
160 494
103 522
450 589
189 423
67 448
68 535
62 682
246 478
134 452
145 283
289 470
266 494
55 85
406 502
4 337
343 695
480 703
515 584
271 618
209 354
184 388
160 180
217 364
349 513
38 620
414 650
426 612
41 120
284 538
568 601
299 517
188 335
187 495
131 134
374 643
525 683
2 655
548 562
104 140
35 186
51 608
409 611
180 489
155 682
402 450
90 479
76 621
199 270
595 630
425 434
64 222
35 229
308 641
135 508
404 580
407 705
101 589
142 253
89 597
151 326
108 339
384 519
244 429
24 616
211 623
229 584
204 653
576 652
638 672
110 552
321 434
59 223
44 699
217 389
75 576
654 676
251 647
91 295
35 332
21 709
327 522
344 496
1 192
504 644
31 310
90 578
124 177
86 568
432 646
333 472
247 638
467 700
217 709
99 349
641 682
519 576
190 311
175 238
228 666
78 464
61 324
58 583
290 382
495 571
53 702
103 240
283 453
331 596
128 221
224 508
189 446
352 361
169 196
367 483
320 555
283 535
613 676
360 425
160 417
104 112
261 645
626 652
356 533
286 324
339 473
443 497
246 374
386 395
56 450
381 524
54 225
237 572
209 628
62 84
61 619
207 219
194 257
569 676
55 703
49 357
131 268
24 501
165 496
398 585
286 526
39 193
35 676
64 552
655 675
79 590
149 586
150 394
138 189
439 609
226 420
190 203
313 357
89 280
498 680
354 637
110 146
308 651
166 327
357 600
101 584
253 600
593 696
591 654
228 419
253 679
473 555
664 710
405 493
382 645
218 455
270 400
425 678
162 398
135 237
376 528
246 563
192 306
15 486
4 32
323 584
482 560
249 460
140 145
275 344
446 667
33 619
270 325
238 676
223 482
122 453
147 213
196 293
63 174
97 441
527 554
48 401
141 463
25 63
95 553
508 541
254 700
101 496
118 390
442 444
199 250
33 653
171 239
298 611
205 228
412 466
398 496
632 634
216 524
386 440
215 585
33 453
21 536
369 690
286 675
118 395
465 694
220 556
116 426
298 636
38 595
460 508
372 671
460 541
12 289
491 697
234 519
113 140
351 523
39 288
176 620
14 250
73 328
629 638
438 512
91 225
74 148
281 306
142 413
143 608
401 602
248 346
74 495
17 510
3 493
293 654
418 524
205 260
366 409
647 704
487 521
244 433
154 617
398 452
608 615
170 636
42 219
18 322
376 647
117 395
89 223
616 655
242 245
286 631
397 486
512 588
102 355
36 268
281 593
51 116
168 287
318 631
46 479
97 239
388 493
55 315
52 642
71 708
334 336
253 691
87 578
389 645
152 494
6 711
300 691
636 673
79 474
176 471
268 434
395 653
260 381
261 603
281 683
38 307
250 585
193 691
310 535
286 586
27 226
54 428
30 259
186 601
44 120
351 565
158 224
298 689
237 604
170 175
213 597
20 664
214 470
12 180
225 571
495 691
326 546
430 474
362 399
637 667
235 687
395 396
3 517
375 553
445 584
7 77
481 649
81 445
269 580
129 401
272 659
104 599
133 600
127 576
249 284
115 651
80 597
329 352
207 649
3 92
334 636
34 130
332 711
303 475
236 485
632 700
80 673
296 493
415 555
45 335
428 698
244 622
317 679
136 573
28 664
541 704
153 220
559 584
51 218
188 233
545 555
628 704
449 497
352 470
177 203
194 701
120 526
530 699
115 689
174 387
66 518
194 527
273 359
97 314
537 642
293 537
136 678
153 461
64 667
404 461
624 687
48 673
76 295
35 50
9 543
280 617
343 484
238 566
80 490
647 666
640 684
523 670
163 434
483 499
670 671
123 471
55 90
102 112
670 701
170 680
3 600
17 600
360 611
241 479
282 630
147 465
21 496
68 529
28 36
184 625
153 571
224 390
493 684
42 566
23 464
53 260
85 339
356 474
502 519
531 554
574 669
271 700
121 506
164 634
203 528
247 493
476 643
393 540
73 262
139 200
600 650
226 636
6 667
374 676
493 561
193 497
428 505
19 552
135 446
606 666
280 384
100 589
65 519
120 409
373 380
97 489
160 501
262 494
232 636
63 492
92 341
392 469
54 239
198 673
285 496
150 611
29 692
252 401
103 651
304 537
1 507
386 694
77 177
436 621
518 599
215 383
24 473
299 432
74 627
422 579
370 474
337 704
7 648
362 600
187 291
613 695
475 633
266 611
195 252
98 562
31 413
577 676
220 545
42 159
330 552
456 674
170 657
341 378
210 633
151 270
114 617
133 500
277 287
561 588
82 347
604 615
70 599
116 184
690 710
69 700
81 145
291 544
383 483
121 485
498 501
18 392
677 686
498 502
38 291
315 584
280 485
137 475
52 695
557 649
97 309
431 491
404 425
301 330
220 578
276 341
372 702
195 489
125 211
154 249
168 475
515 572
215 395
119 310
336 364
401 667
66 480
222 642
91 114
406 460
387 652
242 374
155 203
192 278
136 452
186 416
63 601
198 382
143 333
597 708
168 642
191 578
328 495
55 343
577 709
312 557
400 563
247 434
573 588
153 552
167 577
134 267
446 611
213 481
178 404
516 658
578 588
242 525
488 515
27 208
5 286
666 705
14 67
93 450
415 443
66 629
222 309
136 292
252 557
207 502
61 388
358 427
231 337
286 512
61 325
625 710
464 674
60 320
145 479
417 536
182 640
88 602
21 94
449 706
127 345
95 176
28 227
591 635
378 628
193 505
135 694
50 465
102 543
255 621
201 438
225 553
620 709
416 617
404 636
128 278
267 462
199 492
153 430
52 604
517 623
376 544
271 560
206 371
34 461
346 426
183 252
457 460
126 696
200 335
265 650
157 430
282 509
84 681
100 171
229 296
323 650
30 394
64 97
222 511
81 642
80 259
191 499
76 651
133 508
339 405
75 617
337 559
153 317
90 193
337 695
18 77
272 602
21 87
655 665
59 633
91 448
9 610
60 472
95 179
48 593
15 279
302 635
218 695
182 592
132 611
51 267
496 606
438 474
332 709
323 493
311 662
200 667
373 391
29 416
163 670
234 427
44 289
451 492
83 348
512 680
579 665
156 459
115 400
582 643
336 417
70 150
208 334
32 702
400 687
84 591
30 407
173 315
40 430
88 364
547 705
130 256
115 211
207 456
368 686
549 643
533 645
236 446
628 705
336 471
398 702
39 405
490 688
97 230
37 48
276 360
295 359
150 516
13 198
394 557
149 546
262 271
6 576
184 646
57 512
409 505
438 447
9 266
301 633
466 570
162 406
220 311
509 539
217 527
365 657
312 699
129 441
17 230
226 686
103 162
425 510
275 682
97 154
70 123
102 485
162 268
592 612
80 251
159 448
330 521
264 455
30 78
124 632
227 423
97 257
457 655
31 700
369 591
230 415
73 675
159 505
257 659
10 325
501 587
199 683
198 412
505 606
486 659
443 538
225 465
214 551
135 262
174 245
52 565
407 452
428 478
479 602
141 468
162 201
563 616
68 88
555 597
473 619
522 542
81 112
389 545
205 261
129 546
296 482
83 283
233 608
38 306
353 366
190 567
38 519
280 655
27 141
135 247
138 450
18 346
224 256
72 668
375 484
32 541
294 369
330 334
207 378
197 424
100 335
166 204
119 589
283 417
266 273
55 227
26 212
57 636
236 338
542 604
188 681
452 678
290 518
174 372
446 668
201 332
36 452
112 278
179 205
96 513
506 600
154 319
304 636
337 512
331 342
401 425
122 581
28 555
7 11
443 546
497 705
174 549
565 652
459 575
54 576
10 487
288 587
358 529
673 693
237 375
412 449
202 580
124 238
121 582
377 421
404 586
447 460
574 675
397 464
79 503
52 308
88 226
444 638
295 681
311 597
74 583
129 177
376 495
283 594
95 97
58 615
473 584
476 530
285 298
354 457
172 325
137 483
8 489
465 677
31 411
379 500
30 546
137 547
85 135
230 435
243 474
58 308
236 297
314 488
76 464
381 659
203 382
359 513
388 424
436 568
190 651
152 283
681 699
303 653
449 614
36 213
158 214
416 507
330 469
127 231
625 651
350 483
219 279
234 667
180 293
318 635
105 418
266 411
630 642
281 574
365 500
208 235
47 450
405 676
31 109
89 621
368 503
23 529
298 661
268 708
54 630
201 240
455 632
185 434
200 625
290 629
136 373
192 442
315 607
63 580
582 620
35 388
322 632
316 555
239 259
330 601
182 677
153 437
123 147
113 428
289 445
34 445
159 172
467 616
238 641
8 27
242 669
340 618
441 560
27 256
407 665
310 476
29 53
132 312
49 705
34 577
56 434
1 274
254 577
555 658
124 140
193 634
134 685
300 629
605 666
379 400
352 523
292 458
224 705
273 396
173 413
624 657
130 171
147 200
161 689
104 283
287 673
441 665
316 435
431 554
134 486
530 536
277 610
315 632
413 464
133 433
98 487
152 308
354 513
93 156
75 685
453 678
199 306
329 437
137 268
311 452
499 500
43 485
286 382
78 161
147 528
63 315
14 307
283 354
206 390
36 72
368 404
409 575
304 698
510 658
7 395
149 710
250 471
182 541
305 579
145 196
66 522
475 673
130 217
244 651
265 364
162 696
6 705
77 256
287 348
355 687
120 572
190 420
61 440
177 522
176 340
679 690
123 487
262 555
42 586
100 206
225 295
64 469
95 396
88 493
204 512
64 409
74 293
164 555
55 545
373 401
210 438
263 668
291 372
251 595
451 546
299 361
236 612
533 535
153 454
333 496
381 633
67 524
254 542
96 639
186 445
423 472
130 704
388 687
376 546
81 416
256 548
114 122
501 573
343 593
154 662
320 461
324 672
608 634
49 483
424 561
46 247
5 400
268 286
51 505
190 427
88 621
2 656
146 151
107 130
571 617
176 251
214 406
43 638
193 675
110 164
320 526
175 215
302 398
20 288
382 508
428 607
241 705
124 268
145 590
197 592
352 509
104 674
34 315
233 312
94 374
498 570
224 545
85 570
78 439
137 496
128 360
524 567
508 703
195 703
30 308
243 550
112 582
188 570
416 623
158 494
179 332
330 501
306 487
103 568
85 325
369 404
104 653
341 346
192 519
19 467
186 706
235 346
472 531
303 346
28 237
319 331
274 384
245 603
217 569
131 536
7 429
291 396
154 287
113 598
56 636
31 197
277 615
663 701
596 607
2 4
377 540
149 504
588 620
180 517
533 604
351 399
85 217
394 454
499 609
327 535
81 235
300 418
304 491
507 653
213 433
111 403
185 392
197 204
62 418
168 326
331 576
74 600
47 369
278 449
259 462
313 478
323 704
191 219
25 290
193 605
328 681
344 633
292 456
410 553
51 410
306 385
618 646
258 409
14 654
247 650
602 631
337 412
402 426
319 683
315 459
515 574
426 533
179 469
416 615
418 488
71 112
402 445
108 269
317 506
355 593
86 217
479 606
18 342
568 593
5 676
119 397
1 509
47 167
140 581
367 377
215 312
346 525
248 710
109 268
78 705
128 511
260 414
626 628
357 680
34 341
378 622
560 598
382 504
83 174
153 307
195 496
146 260
406 528
4 64
216 345
349 697
236 507
569 574
272 589
86 546
547 557
266 451
213 374
180 706
70 423
478 696
382 653
116 500
415 697
85 558
396 485
265 280
296 599
463 620
626 675
474 711
218 587
358 432
157 167
524 592
273 487
144 663
92 494
254 626
528 628
11 306
391 632
231 509
15 398
210 276
139 276
371 664
212 492
186 438
246 535
347 419
107 647
226 455
76 141
9 583
508 538
284 570
155 332
4 246
16 700
329 574
81 456
291 624
471 493
120 188
328 586
456 636
138 694
12 68
91 377
214 442
175 609
547 592
127 654
177 500
213 367
488 645
178 240
52 267
152 289
17 145
296 533
7 392
75 128
253 470
513 623
195 497
490 604
90 134
479 617
254 677
573 604
151 660
440 634
335 619
122 267
23 212
310 334
28 530
4 421
285 586
43 629
63 542
266 476
96 120
167 219
255 691
339 658
161 569
150 676
334 562
94 278
99 603
10 592
246 572
320 477
70 662
409 457
191 455
173 384
249 534
522 546
191 649
247 408
141 706
123 530
167 268
111 392
620 693
147 596
440 680
119 238
343 585
87 597
58 200
592 643
302 453
25 207
407 672
100 172
228 379
259 341
379 696
37 700
262 490
86 345
171 393
94 222
386 393
382 471
245 672
652 678
62 228
35 593
673 689
282 546
214 536
255 325
349 428
302 608
253 528
68 394
78 350
34 533
365 461
519 619
2 538
243 684
357 706
218 466
249 577
2 79
67 326
527 678
30 431
361 527
44 303
125 323
30 316
330 575
358 365
323 473
135 313
493 656
150 384
325 650
22 179
515 706
1 455
479 525
309 696
397 525
626 664
142 359
35 115
1 560
613 619
120 196
389 531
551 607
202 253
448 631
307 480
70 597
67 479
159 284
351 393
464 556
415 669
176 700
49 599
86 536
223 243
251 392
200 521
105 309
307 607
74 349
232 521
308 348
224 461
71 329
452 470
89 539
212 611
688 702
88 481
18 694
110 648
606 685
357 545
95 453
338 534
663 673
560 631
38 521
289 623
144 574
425 470
79 102
24 531
197 639
551 655
88 520
156 577
45 661
46 237
454 605
308 571
284 513
188 245
166 267
64 96
41 84
152 277
23 167
334 388
468 571
162 484
400 452
126 362
303 606
179 668
563 573
73 446
227 536
141 345
180 258
252 430
210 493
411 575
61 249
102 110
91 561
97 165
89 112
384 619
564 624
251 271
102 339
324 500
437 506
514 591
16 79
16 136
143 544
227 429
106 155
281 410
248 416
342 606
183 608
231 706
416 644
428 711
75 469
153 227
517 647
10 299
171 457
75 84
285 530
363 422
237 415
175 668
24 311
204 668
31 240
79 695
148 356
19 518
30 398
227 710
334 628
259 308
175 353
95 673
43 436
323 437
10 183
16 397
267 392
109 277
321 478
170 593
399 419
144 436
133 555
164 215
23 659
169 345
423 493
87 111
187 675
88 281
20 238
161 306
74 87
401 508
80 503
320 598
499 557
18 22
229 663
293 616
481 584
212 588
164 360
566 597
251 351
312 591
496 507
20 227
317 385
88 601
25 177
342 573
79 610
117 468
163 589
37 696
162 218
79 188
432 690
130 296
131 492
68 482
437 473
30 263
95 571
387 686
4 517
172 431
179 444
51 314
463 649
446 612
399 473
213 576
636 669
367 496
253 696
220 387
83 649
53 561
368 554
357 358
112 269
388 417
152 357
73 284
308 452
6 590
417 508
335 565
81 508
111 676
510 676
562 679
125 541
67 113
141 576
343 616
205 592
212 320
24 637
403 545
367 537
285 396
353 536
441 664
275 548
349 405
291 418
35 520
468 652
528 584
340 471
177 633
113 654
157 234
88 571
213 412
273 325
217 680
40 43
111 335
312 422
131 468
178 692
217 578
252 261
152 506
144 162
482 632
457 537
352 640
626 696
244 578
579 593
399 430
201 483
37 42
155 401
73 123
395 506
509 578
241 290
35 452
566 648
321 466
151 206
372 460
427 647
20 607
341 543
321 546
102 336
73 406
352 696
410 501
154 696
272 531
312 506
56 683
28 606
678 685
31 383
311 710
548 655
158 663
492 679
84 218
69 246
195 464
169 436
564 572
480 552
63 167
535 586
189 368
234 323
280 594
97 415
4 340
309 507
183 517
192 496
402 494
548 550
40 654
559 647
263 429
29 356
499 628
149 686
350 386
144 360
508 695
56 513
293 702
202 569
31 519
531 664
132 384
179 611
253 306
66 106
431 692
317 582
285 597
191 613
94 185
231 494
443 594
54 115
532 664
53 406
433 555
269 556
414 659
242 300
399 415
130 137
314 460
15 630
299 339
63 200
390 537
182 215
43 337
115 487
192 320
291 578
276 698
71 384
555 642
590 625
558 699
51 703
216 592
178 418
243 393
49 534
43 610
584 641
264 273
44 333
75 699
90 221
294 649
486 620
466 641
66 658
27 177
454 457
174 644
193 568
219 440
250 377
386 699
58 461
31 72
383 675
573 674
117 361
213 352
189 480
319 478
29 659
110 666
266 486
409 708
111 189
266 538
275 502
146 301
330 648
41 377
164 435
502 587
155 167
527 559
141 502
12 468
65 514
131 227
246 369
432 544
567 593
157 296
273 533
425 577
146 177
133 506
172 257
42 380
372 607
166 381
347 524
418 466
563 645
109 532
449 609
412 579
159 264
329 665
446 577
398 595
31 375
166 655
282 460
53 642
274 341
315 318
256 354
138 703
396 463
140 274
65 587
165 582
6 406
306 502
371 377
190 437
194 303
303 394
243 601
440 623
207 589
32 599
470 481
41 322
458 706
661 688
199 650
415 596
98 128
316 641
168 464
228 454
156 644
183 198
120 204
216 227
141 636
40 363
384 521
105 624
109 506
70 463
336 662
195 602
127 145
61 486
8 273
75 231
57 542
139 574
151 644
251 623
548 564
334 426
67 124
454 599
230 465
72 602
123 296
178 644
94 360
22 412
220 388
386 641
6 653
280 660
37 594
143 249
217 439
279 453
265 623
321 417
357 565
145 290
207 336
471 494
3 93
214 629
231 434
69 509
644 657
391 449
381 430
39 470
221 555
101 583
335 567
64 439
621 696
126 298
111 130
363 383
365 496
229 285
216 263
454 483
49 215
432 558
422 668
69 280
446 533
203 461
571 677
315 555
169 305
148 607
114 320
59 678
207 665
416 517
362 656
133 460
110 221
49 80
215 573
399 458
135 509
485 506
169 359
73 399
316 402
314 575
50 379
486 548
170 711
31 116
545 567
85 375
193 671
275 574
276 531
425 480
173 397
277 629
14 512
587 632
97 213
383 709
47 463
200 610
359 503
6 663
293 698
129 221
76 239
272 451
77 541
97 387
392 465
100 412
55 423
217 645
291 467
244 553
51 57
66 245
435 583
281 666
18 473
538 564
577 647
11 226
12 563
111 208
278 539
370 572
31 113
232 663
371 603
175 229
10 706
260 295
357 547
442 582
320 619
438 563
196 339
120 661
376 634
108 492
228 528
95 271
246 334
207 515
100 166
186 669
252 415
167 265
249 393
23 300
182 477
553 697
89 346
183 353
195 208
110 522
51 531
127 303
43 146
309 548
55 419
487 528
383 505
191 539
6 594
317 563
130 328
400 645
457 649
499 571
302 303
130 479
60 126
67 650
256 566
294 471
105 471
263 433
228 413
382 550
158 572
60 624
219 254
156 205
496 540
151 311
21 465
103 523
104 334
251 680
436 574
284 605
367 510
122 637
7 296
338 363
257 600
634 646
219 495
89 695
48 185
53 500
288 482
31 291
49 336
59 636
204 245
299 524
196 213
563 670
272 384
210 617
48 104
263 350
147 628
129 309
64 378
108 636
405 591
119 402
398 703
101 691
228 569
289 677
418 613
23 381
325 577
60 401
42 469
112 251
56 711
345 490
451 535
89 269
216 583
533 580
362 706
185 438
117 503
60 79
4 146
120 674
344 501
326 444
666 669
25 518
344 602
654 675
40 519
187 619
236 318
424 536
304 626
196 522
346 695
468 686
212 338
497 608
529 683
298 663
357 636
134 628
341 483
2 704
360 686
408 548
