64 798
60 150 30 560 460 190 300 450 80 210 510 170 610 570 250 290 370 580 140 400 50 280 350 320 630 90 310 470 490 270 390 200 340 600 590 160 220 10 530 550 100 620 70 440 230 480 260 180 130 520 330 120 500 240 40 380 360 430 540 20 640 110 420 410
1 28
17 49
7 32
51 54
7 11
36 54
13 57
21 37
22 32
58 59
11 16
36 61
3 34
2 37
38 56
10 41
33 34
27 52
12 35
7 13
20 22
13 53
2 54
30 44
58 60
15 20
14 49
16 33
7 29
35 61
24 27
39 45
39 40
27 63
14 24
27 31
31 60
7 57
12 29
11 17
20 30
1 19
38 59
21 59
13 30
39 58
28 58
4 52
21 30
11 34
14 37
28 44
19 62
7 62
5 19
16 20
7 55
6 16
32 33
55 58
31 37
9 60
27 58
26 37
9 18
43 62
31 62
32 51
6 12
9 19
15 54
1 52
26 43
9 33
3 48
19 25
50 63
26 53
25 61
6 53
48 56
3 50
10 27
44 62
27 34
32 55
46 47
6 63
1 29
27 28
27 61
13 47
18 44
14 28
25 62
30 47
42 47
42 46
17 51
26 27
34 53
23 51
14 52
4 25
23 28
13 35
29 41
35 40
10 32
11 45
12 57
33 47
3 40
47 56
30 63
4 27
15 42
4 56
22 31
22 26
2 22
49 54
19 35
36 44
55 56
52 61
28 57
25 43
15 49
41 52
32 49
24 25
3 60
34 52
7 64
25 45
20 49
7 28
33 50
25 59
37 45
25 33
49 53
29 37
18 33
57 60
50 51
8 15
34 49
4 30
48 62
37 58
19 31
34 41
25 51
60 64
2 21
32 40
5 63
43 59
26 47
16 49
15 35
33 42
5 43
10 29
39 44
18 52
28 35
14 19
17 29
12 26
7 58
12 25
37 60
38 60
53 62
28 49
7 37
29 58
14 17
19 20
59 62
47 49
6 40
46 51
3 32
9 27
6 61
5 61
57 58
15 37
15 43
40 48
21 33
6 30
34 56
16 24
9 35
21 36
45 49
34 46
20 32
13 56
11 20
16 47
41 43
51 62
23 37
2 11
8 26
14 62
49 59
47 58
40 41
45 54
2 3
4 58
5 22
22 63
37 55
33 43
6 21
12 16
10 24
41 62
20 35
37 57
1 49
26 40
44 54
47 48
3 36
47 63
3 22
18 24
3 62
12 56
7 38
32 54
1 36
24 26
17 34
21 24
16 42
9 48
7 40
27 51
20 51
10 12
23 33
51 55
5 55
28 37
13 36
3 52
1 16
31 58
45 60
52 59
24 50
29 30
7 23
38 47
16 32
19 34
35 52
31 56
12 60
15 39
58 62
3 29
51 61
43 60
18 42
13 44
2 39
10 50
42 62
6 52
59 63
15 59
41 55
18 29
26 61
3 18
20 43
22 44
15 16
9 36
7 30
5 25
17 28
22 51
5 28
1 47
2 6
11 14
34 44
30 54
27 56
61 63
3 54
23 36
28 48
4 19
11 44
29 51
36 56
3 55
32 41
24 55
14 30
31 47
19 58
24 58
9 30
18 61
43 45
37 39
2 63
12 20
10 56
11 25
8 40
18 23
35 46
5 52
9 11
24 47
7 44
16 21
12 43
10 47
9 52
8 21
27 38
12 61
3 26
1 21
19 55
9 49
1 40
7 42
18 20
17 54
38 41
14 51
30 53
32 44
27 39
45 64
14 29
24 53
1 50
43 58
9 34
50 53
36 51
6 15
19 24
6 43
44 56
53 57
23 44
10 39
17 60
11 43
2 8
22 48
36 62
19 37
7 54
28 32
3 56
15 22
19 46
23 45
20 50
14 35
38 50
12 30
39 51
21 29
4 45
2 46
17 58
32 58
30 45
26 64
7 61
44 50
28 46
17 45
4 43
21 61
46 60
24 38
3 19
36 60
37 38
24 52
2 28
29 35
15 61
11 48
34 47
21 47
14 60
10 52
34 54
16 53
30 40
20 54
10 20
56 59
8 58
29 42
17 32
14 21
11 26
12 14
9 37
19 49
43 51
18 25
48 60
18 35
29 38
13 20
39 47
4 8
41 47
21 41
32 56
21 64
7 50
54 55
28 29
48 57
20 58
20 62
5 37
44 52
18 60
53 63
26 54
42 63
45 48
31 50
54 59
29 53
27 48
26 63
50 60
2 44
2 61
49 50
1 8
3 31
25 29
19 36
39 46
4 51
8 39
48 61
10 44
12 48
42 58
23 49
26 41
3 25
7 45
28 39
43 54
26 38
8 61
1 61
16 48
3 30
54 61
13 28
14 48
22 28
33 52
12 19
32 52
12 38
10 31
18 45
17 62
8 16
25 57
38 54
3 64
20 55
28 42
23 53
24 57
16 30
33 58
3 46
18 39
56 63
35 39
6 60
29 55
16 59
17 56
10 18
7 24
25 56
46 63
7 63
34 64
5 12
33 45
30 39
12 64
15 63
27 54
28 41
47 50
35 45
27 41
7 41
1 39
15 25
4 40
1 46
29 59
43 46
41 51
3 57
36 40
46 64
11 58
6 14
11 42
6 11
10 55
40 43
7 35
19 42
9 20
48 64
30 32
7 10
13 31
39 59
32 53
60 63
1 34
2 25
36 52
61 64
8 14
26 58
6 25
19 41
26 52
38 44
5 27
7 12
16 34
6 58
37 59
37 46
4 10
23 29
11 36
44 64
32 39
19 54
52 56
14 53
25 55
11 51
8 55
8 56
42 52
9 56
1 9
4 55
36 55
17 43
1 20
10 11
59 64
44 61
47 57
58 61
58 64
13 23
24 48
47 54
22 57
30 43
4 22
23 63
5 39
13 46
36 49
22 62
42 53
14 46
14 36
25 26
45 63
9 57
6 36
11 37
6 27
8 27
57 59
2 23
14 16
8 49
16 37
38 55
6 46
53 59
29 62
22 42
30 36
40 56
23 30
13 43
42 44
4 18
37 54
35 50
9 38
18 54
4 16
46 55
38 48
13 32
20 57
17 59
1 62
16 51
41 63
7 56
34 40
3 17
12 54
13 64
2 33
16 18
55 62
12 52
18 32
12 46
4 59
31 61
7 14
20 40
34 50
24 61
26 35
48 63
15 38
23 48
41 50
15 64
1 13
11 35
4 33
11 15
6 23
22 52
11 56
9 39
33 64
26 62
48 58
8 47
1 60
6 26
9 41
52 63
10 45
26 50
10 37
46 50
21 46
48 59
38 61
52 60
14 41
17 40
2 40
17 53
3 11
38 40
52 57
14 54
49 60
23 61
28 47
18 58
21 62
30 31
39 53
15 55
10 53
19 28
14 15
4 46
18 31
7 17
12 22
47 51
23 32
21 58
2 47
51 52
63 64
1 31
33 39
5 16
29 44
24 62
6 29
22 24
38 49
16 46
1 18
29 47
33 37
21 51
15 21
15 19
34 35
44 49
10 62
15 47
14 22
34 48
30 48
3 13
56 60
15 48
31 42
14 26
20 42
6 48
16 64
54 58
29 63
4 48
16 63
16 44
43 55
37 52
35 48
28 43
53 60
4 36
14 32
36 58
15 58
62 64
29 32
28 62
13 48
25 42
11 62
11 32
15 60
3 9
33 53
9 44
8 63
3 27
6 50
4 31
16 54
3 53
38 46
20 44
1 59
28 53
27 33
1 24
7 51
20 63
37 50
33 63
6 28
23 25
5 59
40 47
1 51
14 18
10 15
60 61
