80 799
85265 22540 85740 59640 71835 4995 60130 37085 37040 68640 27955 97430 84315 99890 75530 87750 56230 5145 16980 4970 63280 43485 27750 24940 49315 99315 52055 12040 92960 77865 62865 78220 400 30360 19620 53990 35355 79745 91070 54150 30140 780 33340 14450 82425 8865 83960 38655 95765 82695 43620 59045 26175 53125 83980 57245 52440 17790 69285 45395 95650 13905 5375 77810 26020 6750 31795 61370 68250 4625 97280 80145 5400 30615 94590 87825 21235 60305 8235 17000
25 29
15 67
28 66
12 61
30 52
32 60
38 65
48 65
30 80
44 65
11 77
59 67
18 65
26 64
33 43
62 64
51 52
3 47
19 39
37 41
5 13
65 68
22 68
17 23
12 73
12 25
26 46
11 20
31 74
13 36
35 61
20 62
62 71
4 21
16 59
49 70
61 78
54 75
7 63
13 59
21 27
25 43
27 54
2 13
7 36
48 50
30 42
4 75
7 61
5 62
30 77
27 69
6 73
9 25
27 47
14 17
18 63
8 42
19 74
38 70
25 80
35 48
6 49
54 57
35 39
34 58
42 71
47 56
2 73
28 56
2 72
5 18
55 64
33 42
3 64
7 51
10 39
7 78
33 80
11 21
15 22
17 65
7 53
44 46
16 58
39 40
54 71
38 79
7 40
1 20
16 36
17 50
34 57
10 25
44 64
27 53
18 49
44 52
23 49
22 39
27 48
1 26
10 34
5 26
13 20
57 71
57 69
20 55
31 33
36 40
21 42
12 34
9 29
40 71
4 25
36 62
40 49
25 41
14 42
12 14
7 35
21 22
11 73
1 67
13 41
53 61
32 74
2 77
36 72
25 39
47 69
3 76
33 69
68 76
26 44
32 79
13 54
6 38
39 63
11 27
64 67
62 68
58 73
3 72
22 43
13 45
10 36
44 55
66 79
7 46
49 67
39 79
3 39
32 65
45 75
10 14
37 64
12 71
79 80
19 73
7 21
41 54
43 62
22 67
4 71
49 80
63 65
5 67
34 75
14 77
5 74
20 75
12 47
5 19
30 75
19 50
40 45
12 62
30 59
5 8
16 61
60 61
22 40
44 78
25 40
65 74
19 56
66 67
3 65
44 53
52 63
25 78
63 72
28 45
8 35
69 70
38 55
41 70
43 75
7 62
63 75
16 22
26 32
28 60
32 61
26 29
40 56
40 72
24 72
28 55
9 69
7 55
32 35
31 34
34 77
30 48
40 48
4 37
12 46
4 24
20 21
46 54
64 65
46 69
67 78
30 43
72 74
42 74
9 32
52 57
10 68
2 24
65 69
62 78
42 60
9 63
35 46
12 64
52 54
57 73
22 48
8 46
18 21
27 76
23 70
24 67
48 67
4 45
27 43
20 27
62 79
8 48
17 57
10 42
43 70
6 52
6 44
13 71
2 14
44 60
11 56
37 57
66 74
36 78
70 78
10 38
30 53
38 58
8 50
2 63
42 46
19 21
31 80
51 66
10 50
14 69
15 37
31 78
38 78
25 56
30 64
76 80
29 62
52 72
5 16
3 31
55 77
9 48
33 79
45 76
31 42
8 67
33 58
2 31
71 77
25 44
26 59
29 41
59 65
36 45
23 31
36 77
33 71
42 73
68 74
9 37
61 79
18 35
5 72
4 39
62 73
23 72
42 59
71 78
7 19
10 56
11 49
26 51
28 37
56 58
5 43
1 30
20 72
29 58
30 35
17 38
35 49
25 35
44 51
36 65
52 66
23 54
22 78
13 53
37 39
56 71
67 75
19 44
9 36
12 19
59 71
2 51
22 51
41 52
41 47
10 28
38 75
37 70
10 49
42 49
8 52
17 30
21 37
20 68
11 76
42 70
6 35
15 69
5 33
39 60
23 25
26 60
8 39
48 49
14 64
27 65
31 68
23 38
53 54
5 46
43 56
35 67
2 66
8 24
3 59
29 48
43 67
14 18
64 77
21 67
7 12
41 50
47 64
10 23
19 23
11 38
22 47
74 79
46 73
27 75
35 73
2 46
4 8
21 78
39 64
23 79
16 63
54 67
10 22
35 58
25 27
36 44
8 49
24 28
32 68
1 60
42 44
15 74
58 67
26 56
24 52
11 68
10 41
43 52
28 33
61 77
2 39
35 44
58 63
1 53
29 71
56 78
20 70
33 77
10 69
13 51
41 64
46 78
40 51
30 74
74 80
46 68
54 78
20 44
2 26
17 34
46 80
39 57
51 62
11 79
20 30
3 28
16 76
47 68
62 70
3 61
38 64
24 60
47 63
42 43
12 69
5 20
28 31
27 35
28 41
26 42
25 37
13 74
42 63
39 73
52 55
17 72
3 52
48 56
41 42
34 74
52 76
20 60
52 64
18 43
46 75
12 59
2 36
35 68
51 72
45 72
35 70
11 12
18 33
35 36
10 27
66 76
4 42
13 40
51 65
32 77
9 40
63 71
13 38
35 66
45 50
60 67
36 41
3 15
73 80
54 65
7 68
9 57
42 68
73 76
17 36
20 35
14 53
27 72
63 79
16 65
57 80
31 75
8 27
6 11
2 11
50 73
9 35
9 62
24 74
14 34
24 54
34 80
32 80
3 43
28 47
23 44
19 38
9 13
4 51
5 17
11 53
7 10
28 40
39 48
29 78
16 43
10 63
2 76
27 68
40 59
8 74
4 59
12 60
27 60
9 64
55 63
35 59
36 39
5 48
47 62
37 44
13 24
2 40
7 39
67 74
50 54
11 52
50 62
49 79
25 59
8 9
22 26
4 32
53 71
46 58
8 69
4 33
39 56
55 73
49 74
60 65
47 50
5 32
10 32
57 74
32 73
27 79
9 74
24 27
13 27
8 12
45 71
28 52
58 74
53 65
11 80
4 46
61 76
31 35
34 46
33 59
20 28
43 48
19 22
16 80
42 67
35 72
51 57
55 75
54 61
27 34
5 23
21 23
22 57
31 38
6 13
59 64
65 77
3 14
25 31
61 69
22 79
6 62
19 30
19 43
15 68
55 66
9 68
44 69
1 5
17 35
54 66
19 62
23 56
15 72
12 33
12 39
9 26
56 70
17 22
61 65
24 75
29 47
33 64
39 55
13 28
65 79
15 23
37 60
21 54
53 64
5 24
33 52
63 67
31 53
43 50
44 62
21 69
7 73
3 33
13 25
23 78
4 78
4 30
28 34
8 14
27 56
31 48
26 54
6 75
51 56
6 21
16 68
12 43
48 66
37 46
22 23
1 2
12 74
16 40
39 50
49 55
45 74
44 58
27 59
24 32
6 32
1 33
37 42
21 40
42 62
54 59
8 26
43 78
61 75
14 51
51 64
50 79
11 54
1 29
27 50
37 71
38 47
44 57
14 71
3 18
27 77
33 49
51 76
12 26
6 72
6 15
42 75
1 76
11 31
34 69
59 73
22 45
29 66
4 34
36 64
51 79
75 80
58 71
16 24
30 47
6 65
4 72
28 78
8 20
38 53
22 71
1 25
6 34
11 40
2 80
11 32
40 53
4 64
49 78
18 80
27 80
8 18
50 51
9 59
13 77
7 56
56 72
34 70
23 76
15 41
23 48
38 52
30 38
19 79
46 61
34 72
36 52
52 79
36 54
10 48
32 67
56 62
29 37
17 49
56 66
20 58
72 78
9 12
45 64
75 79
19 55
37 76
2 50
51 77
26 76
27 55
17 31
44 66
42 78
44 76
33 56
15 63
18 60
34 51
19 65
54 63
3 17
39 61
20 37
2 9
35 37
34 63
3 25
13 69
18 57
64 80
26 52
48 61
15 40
14 46
16 27
13 78
2 15
3 49
30 34
10 75
24 51
13 58
17 59
3 69
56 61
38 46
