68 1998
128 4 96 176 264 84 8 156 136 240 32 144 228 40 120 192 28 116 200 204 56 52 236 72 148 212 92 168 256 152 36 48 268 164 132 80 180 124 20 252 232 160 76 244 16 208 248 60 224 220 184 216 104 260 64 44 272 172 112 68 140 196 12 24 100 108 88 188
29 46
45 62
32 53
13 14
36 61
15 59
24 35
12 49
5 53
33 41
13 41
10 30
41 66
20 46
10 43
2 38
30 51
10 55
35 65
3 15
28 54
38 60
16 65
40 58
5 32
19 50
7 26
36 41
13 57
15 67
10 24
7 56
7 53
14 18
17 23
24 57
15 61
53 55
4 23
15 68
15 27
17 48
7 50
2 15
28 61
13 64
26 63
5 19
7 41
16 47
8 45
60 63
30 60
18 26
55 60
10 14
8 58
13 36
3 62
2 18
12 62
12 60
50 59
3 44
14 17
25 39
18 32
22 35
31 49
41 63
21 46
34 44
24 36
4 24
14 65
1 67
19 40
35 53
18 49
20 37
2 67
14 19
14 50
14 52
3 21
35 41
6 21
16 46
50 58
18 51
1 51
15 57
34 64
22 34
35 43
12 39
15 26
17 24
24 47
1 10
27 46
21 40
9 39
43 50
6 7
27 62
3 19
10 62
10 38
13 24
28 63
16 23
2 28
15 29
35 61
8 64
48 52
6 25
4 26
2 42
8 38
3 64
61 64
50 61
15 60
64 68
12 41
36 38
39 54
16 31
2 24
50 54
14 46
26 48
26 65
39 50
10 19
27 60
1 25
19 63
3 55
14 33
5 16
35 51
2 50
56 67
40 47
8 57
37 50
11 20
38 54
5 31
3 52
12 33
9 45
26 44
43 57
13 22
30 45
11 34
3 32
2 48
18 25
4 7
1 30
10 35
17 21
47 62
10 48
21 67
6 55
29 44
22 52
21 59
6 12
9 36
28 42
5 61
13 61
21 39
5 46
18 42
5 24
50 55
14 26
32 62
28 55
6 58
28 52
22 28
5 40
7 40
3 49
39 40
58 60
12 38
35 47
5 21
3 56
1 44
7 36
59 67
17 59
10 45
44 48
42 50
8 14
44 45
3 8
33 42
18 63
1 14
20 58
4 16
51 55
25 59
31 34
23 37
7 49
35 58
25 51
12 58
14 27
16 68
6 41
61 65
26 36
19 68
31 58
4 50
8 20
4 11
33 53
12 42
4 30
21 41
30 66
40 41
1 47
48 59
23 24
32 52
38 41
25 50
8 59
21 31
24 63
5 13
1 18
59 66
45 49
39 49
17 42
13 68
8 68
60 66
15 62
12 23
9 26
1 21
58 65
21 62
40 65
56 61
1 23
44 55
31 64
31 48
26 67
10 36
12 66
14 61
31 56
24 41
52 60
46 50
25 60
10 63
17 60
6 56
7 45
27 65
53 63
14 16
4 35
31 44
22 62
45 58
19 41
16 34
29 51
20 52
29 62
38 61
21 58
18 33
20 60
25 66
1 62
9 63
25 49
4 12
16 41
3 51
16 61
33 56
22 44
1 17
36 39
4 51
25 48
13 63
11 32
37 47
21 42
56 59
4 41
42 46
10 51
2 34
11 56
9 33
1 61
30 50
7 46
52 67
30 46
49 60
17 49
61 67
3 50
49 68
37 49
32 42
3 27
28 30
14 15
33 64
28 59
2 6
15 21
12 17
9 21
3 65
34 47
19 45
37 51
21 26
41 64
34 58
45 50
11 27
1 5
1 2
47 58
22 58
1 48
41 65
14 49
32 64
4 61
17 63
24 45
23 40
5 35
4 65
4 68
2 58
35 37
26 27
42 68
20 33
8 37
8 30
8 36
30 65
26 34
4 67
9 59
12 52
42 54
8 27
53 64
8 55
51 57
13 34
35 59
41 47
5 62
17 57
20 66
18 41
41 67
25 62
14 42
31 55
38 44
2 62
31 53
45 51
2 54
10 44
30 59
39 65
34 35
28 34
1 22
8 60
36 43
17 37
34 61
4 27
62 63
5 43
22 25
45 47
4 38
24 54
21 54
17 46
40 66
43 47
30 62
1 34
33 47
20 56
1 66
17 40
4 34
27 31
3 31
23 29
34 50
43 55
43 54
25 29
6 31
36 65
1 65
62 66
23 26
26 54
9 42
27 66
52 61
4 25
11 50
20 63
11 52
43 60
15 46
16 59
4 44
11 61
25 44
37 58
11 23
6 51
30 42
14 22
6 16
8 62
34 57
4 57
22 64
22 31
1 42
2 20
14 40
3 5
52 63
21 37
31 57
33 65
3 9
7 32
14 36
8 54
45 48
63 65
2 47
25 61
7 31
10 33
39 68
4 36
6 32
6 15
24 30
31 40
28 29
52 54
33 40
24 43
24 59
20 30
60 61
35 67
35 52
3 57
1 60
16 37
27 59
51 64
27 67
25 38
47 61
29 47
32 60
16 28
22 46
15 63
26 33
33 49
4 43
17 58
22 40
50 51
15 64
42 65
16 20
2 21
42 56
50 57
33 58
38 49
26 35
62 65
39 60
57 60
37 39
31 63
9 10
5 20
20 57
8 48
7 19
6 18
14 37
2 33
11 49
53 67
35 66
37 66
5 52
67 68
22 38
54 59
32 54
39 42
36 52
14 39
24 39
8 15
42 53
18 53
20 31
37 67
10 64
56 60
27 38
35 55
5 60
9 41
38 57
44 56
4 49
7 14
57 62
12 61
48 68
28 68
31 41
53 54
44 60
27 54
32 46
5 47
13 30
49 67
47 60
14 41
12 32
13 38
27 47
12 68
51 60
29 59
42 45
4 52
43 61
44 62
33 34
54 64
35 57
53 60
26 41
27 37
12 36
20 59
7 39
5 14
6 33
41 56
18 56
44 57
21 44
37 54
1 32
39 45
9 18
40 44
38 47
23 45
24 34
15 23
32 67
12 56
34 66
60 64
23 39
13 25
34 39
3 11
26 45
26 47
12 35
48 65
13 23
4 58
47 68
25 63
8 41
25 41
41 55
1 20
7 23
22 27
11 18
26 64
13 28
19 29
43 51
25 56
30 44
12 29
9 23
31 66
19 58
9 24
5 25
26 50
21 36
56 66
29 53
8 11
30 43
2 41
38 59
48 62
16 18
7 21
23 31
5 41
2 17
24 44
10 47
42 61
18 55
4 15
36 44
21 53
30 55
7 60
27 58
28 41
9 44
34 54
15 17
20 35
8 32
50 56
18 59
6 60
2 12
23 54
6 48
42 67
9 37
7 67
12 24
18 62
8 33
23 62
13 56
9 34
5 15
16 35
47 59
28 31
29 31
3 20
57 63
10 25
17 33
5 66
29 61
27 44
16 40
33 37
4 48
9 49
31 62
13 48
26 32
53 59
1 63
2 40
10 37
19 51
14 31
29 36
22 47
8 56
35 40
5 57
38 58
8 29
4 17
5 67
42 60
25 58
28 50
12 21
25 46
26 51
18 54
14 59
41 59
46 60
31 67
27 29
31 46
27 36
34 46
10 29
53 68
59 64
27 50
4 32
21 24
29 38
20 26
36 59
9 14
43 66
6 63
58 63
9 52
41 57
46 62
41 61
12 54
11 19
3 18
21 30
34 42
8 19
54 60
21 32
9 61
2 61
13 67
1 50
26 66
1 19
35 49
15 32
19 23
26 31
17 41
40 42
20 54
7 25
18 66
25 47
29 33
24 64
22 68
14 64
2 14
7 37
3 10
16 66
33 59
34 60
10 26
45 56
9 27
13 43
25 26
30 54
12 46
2 23
26 43
55 68
12 26
38 62
10 20
25 43
26 29
41 53
57 64
11 64
1 41
24 55
37 38
13 26
6 34
25 64
36 58
15 47
48 50
25 54
15 31
16 53
15 42
30 32
36 40
31 36
12 51
2 16
22 37
18 60
3 35
55 63
27 35
18 39
4 55
1 46
32 37
34 43
23 68
19 26
26 57
23 36
16 64
17 55
23 32
10 61
2 7
5 6
18 37
9 54
26 38
35 38
61 62
24 60
15 38
9 58
33 36
37 42
51 59
51 66
1 28
11 67
60 62
25 37
16 67
2 60
11 40
1 29
13 62
7 38
45 67
5 29
29 48
39 64
51 56
30 61
13 19
9 31
22 49
15 54
3 34
11 33
11 59
14 38
24 28
28 35
32 48
21 22
65 67
20 21
4 64
22 29
4 18
66 68
10 12
43 44
18 21
8 53
18 57
15 35
55 57
25 52
1 3
12 37
30 52
28 57
41 58
27 45
5 48
7 27
11 17
9 47
21 33
8 46
23 35
11 54
16 27
8 65
52 59
22 66
14 20
30 37
3 30
2 31
5 59
9 40
22 67
7 29
1 24
23 64
39 58
54 56
5 28
19 56
3 23
38 66
49 62
47 52
62 68
33 46
3 38
30 48
40 63
11 26
7 30
46 65
27 40
8 31
59 62
52 58
42 43
16 55
8 26
46 49
16 57
13 55
26 55
1 13
38 64
51 67
10 17
29 65
53 57
30 57
9 56
2 5
9 62
14 56
2 9
17 22
7 12
19 42
31 42
1 6
27 41
4 66
13 60
23 60
38 40
29 66
14 60
33 44
3 28
58 61
16 58
5 17
20 53
10 58
54 66
5 54
1 35
18 48
7 22
12 40
54 63
3 66
2 44
17 51
7 52
27 55
29 64
16 25
20 64
32 34
19 25
18 50
28 62
10 13
8 25
5 7
39 56
17 53
44 64
50 53
26 58
9 22
29 34
28 45
39 57
1 27
11 22
33 39
1 39
9 11
13 39
15 53
9 50
15 18
20 61
15 50
49 56
2 64
51 63
5 36
33 50
15 19
18 20
25 68
8 34
23 52
29 57
6 24
30 35
2 55
46 68
13 44
10 28
8 24
8 49
27 32
8 9
17 47
23 41
29 58
28 49
21 65
16 42
40 59
15 43
36 63
8 51
22 60
20 36
45 46
6 42
12 16
40 68
7 48
31 37
31 65
3 7
31 50
3 40
41 42
37 59
1 57
56 57
24 27
24 48
48 67
37 43
16 49
22 41
51 54
14 24
29 39
12 25
9 15
19 43
23 50
35 36
19 34
21 55
5 42
24 33
46 51
44 58
12 50
2 51
18 22
18 58
3 16
6 14
21 38
1 54
54 62
13 35
40 45
11 46
15 30
21 56
11 15
17 68
1 11
55 56
41 46
15 45
46 67
55 58
35 68
24 40
13 20
6 10
16 51
40 56
18 47
48 56
20 48
29 67
1 31
22 33
26 53
36 42
8 12
4 39
6 66
14 68
29 54
50 60
27 43
52 66
37 68
18 23
50 68
36 49
41 49
41 44
17 27
8 66
23 42
55 62
6 9
17 64
16 54
20 45
54 67
8 47
30 39
26 52
6 53
37 55
8 39
4 22
53 61
27 51
31 59
27 33
41 43
22 32
10 32
23 46
25 28
21 48
21 68
22 24
24 58
16 30
40 50
5 18
65 66
18 35
17 26
33 57
7 17
22 39
64 65
21 61
10 66
2 39
8 67
3 24
6 54
15 48
19 57
7 65
32 68
47 50
9 17
5 51
55 67
37 52
11 13
18 36
14 25
10 16
14 53
26 42
1 40
47 66
25 53
10 53
6 26
8 28
5 11
45 64
4 54
53 58
10 21
63 66
16 56
5 64
58 66
33 60
32 33
2 63
10 50
28 58
11 41
32 38
47 55
12 53
3 29
48 53
19 20
37 53
10 46
19 24
49 50
8 16
7 51
50 64
14 23
19 53
11 63
3 45
4 62
3 67
19 67
22 59
46 48
42 49
21 35
8 50
38 48
11 47
3 43
28 38
47 48
3 14
5 26
22 61
12 55
18 61
39 59
18 27
24 65
45 66
65 68
13 18
46 66
41 52
13 17
12 59
6 59
41 48
23 61
44 54
15 20
29 30
39 48
16 60
29 68
4 33
14 21
16 22
53 65
24 68
9 20
35 45
45 57
33 61
10 23
11 68
27 64
30 34
46 58
12 13
31 61
7 59
49 63
20 27
4 6
8 42
24 26
34 40
2 68
31 51
29 37
7 34
10 67
33 52
18 44
2 30
7 16
4 29
1 45
38 39
6 28
3 61
55 66
28 33
22 63
42 59
32 56
24 56
43 63
51 58
8 22
28 44
36 64
26 39
29 49
30 58
22 30
5 38
24 31
8 40
17 34
54 68
46 56
6 67
49 58
9 28
23 58
47 65
2 27
21 29
3 36
38 43
43 45
52 57
6 68
30 53
33 54
32 63
28 43
22 53
13 53
23 48
23 59
9 66
5 65
28 53
8 44
35 54
21 64
37 65
63 67
32 40
1 64
3 39
13 33
44 49
26 62
46 54
49 53
34 48
26 61
3 33
20 47
27 39
38 65
11 28
56 62
16 52
25 45
8 10
18 38
28 60
35 64
43 68
17 50
5 8
17 30
1 43
34 68
11 21
25 35
1 58
23 33
59 61
31 39
29 40
42 52
7 43
46 53
12 48
2 32
29 43
15 51
23 65
38 53
52 53
16 63
19 64
36 47
19 32
16 38
23 38
17 67
10 11
30 64
59 65
20 28
16 24
14 55
10 18
63 64
11 39
13 15
2 65
46 63
27 68
44 61
21 51
47 64
30 41
24 53
7 55
14 57
16 19
9 64
27 30
42 63
42 48
3 12
17 36
19 55
10 49
12 67
2 22
14 58
32 65
6 61
5 63
55 64
9 16
8 13
5 39
48 54
38 55
63 68
36 68
29 32
8 52
7 57
17 54
44 52
6 49
26 68
20 42
2 45
33 68
7 11
26 28
49 65
10 65
35 63
24 50
38 56
30 63
22 56
7 28
4 5
35 42
18 30
15 56
43 56
24 49
2 59
17 39
11 37
18 31
6 38
19 28
14 29
21 23
13 54
34 65
2 46
15 25
6 50
2 13
43 58
19 21
58 67
48 60
1 8
20 24
18 65
52 56
2 36
27 63
50 63
25 32
57 61
25 42
45 65
59 63
49 54
19 46
9 30
8 35
40 57
18 19
18 67
37 64
6 52
10 31
53 56
1 12
29 60
13 27
49 55
11 62
64 66
25 67
57 66
33 55
12 19
1 26
6 46
15 66
62 67
25 65
51 62
14 44
40 60
64 67
11 31
39 43
14 30
48 61
40 43
24 46
2 10
22 51
5 9
24 37
11 66
39 66
54 55
5 30
28 32
19 44
30 68
29 41
46 57
25 33
55 59
12 63
6 29
12 30
11 44
49 66
24 32
36 57
26 46
28 56
59 68
40 62
22 55
18 52
23 63
1 52
11 45
7 9
4 42
17 43
20 44
4 37
62 64
26 59
47 53
22 65
25 36
36 45
29 55
37 57
22 36
28 66
24 38
34 67
3 41
4 40
24 29
46 64
5 37
18 43
7 33
26 30
39 51
12 34
15 36
10 52
23 47
14 66
19 52
2 4
35 62
45 59
36 54
51 61
48 51
29 42
39 52
4 13
7 13
21 52
16 17
39 44
33 45
15 41
31 68
20 29
31 33
11 60
33 63
26 56
53 62
14 34
38 67
31 38
13 51
17 61
3 37
20 55
18 40
4 46
35 39
42 55
10 57
2 3
11 38
5 12
33 51
40 48
15 49
4 59
41 51
12 43
2 49
13 59
26 37
29 52
36 55
13 45
21 49
9 19
40 51
22 43
15 40
4 63
17 35
14 43
31 52
21 50
11 30
32 47
1 55
10 39
22 23
9 67
21 57
48 57
36 53
48 63
23 34
13 49
51 53
27 56
22 50
13 66
50 65
27 49
21 47
36 62
23 44
19 49
17 66
23 28
56 58
49 52
23 55
34 63
19 39
3 58
27 28
9 25
14 63
14 35
12 64
38 46
10 22
37 46
4 9
42 62
5 10
4 19
47 51
19 59
3 4
10 56
56 64
1 7
24 62
14 32
32 55
60 68
42 44
16 50
7 63
18 29
18 46
30 40
12 65
17 52
30 31
45 55
3 13
11 14
5 23
11 35
1 36
30 56
38 63
28 47
17 32
8 21
42 66
4 21
18 68
13 52
13 29
20 38
40 52
41 54
44 46
5 68
17 56
4 60
32 41
3 48
6 13
27 52
43 67
2 37
15 34
22 45
19 66
16 44
24 51
5 34
42 58
8 23
6 47
20 67
27 53
16 48
21 28
9 48
34 59
3 46
32 57
22 26
4 28
19 48
37 48
12 44
6 43
2 29
57 59
16 45
1 15
13 40
36 50
24 52
12 20
15 37
12 47
27 48
56 63
8 61
44 50
19 38
61 68
4 10
17 19
21 27
28 51
21 45
44 51
2 43
50 52
8 43
32 43
48 55
17 18
31 32
52 65
19 47
12 57
66 67
42 64
40 53
24 42
36 51
39 61
60 67
54 65
34 56
13 32
7 47
13 50
2 66
12 27
30 47
4 20
15 44
2 53
12 22
20 49
17 44
27 34
9 32
34 45
14 67
28 67
6 65
25 34
3 22
34 37
39 63
7 68
36 46
19 60
16 26
6 39
15 24
23 43
18 45
10 59
32 39
13 46
36 66
44 63
37 41
7 58
37 45
9 57
49 51
26 40
9 60
3 17
43 64
10 41
41 60
33 35
30 33
4 14
31 43
31 47
11 57
23 67
15 22
16 29
28 46
52 62
2 57
59 60
20 65
14 28
46 61
19 36
25 31
56 68
38 51
23 57
46 52
16 33
44 66
6 27
33 48
6 44
3 60
21 63
12 18
24 66
6 36
57 58
28 64
45 53
7 54
48 66
19 27
32 59
2 26
32 35
15 28
34 52
3 26
9 51
3 54
7 8
38 42
58 64
47 57
7 18
1 4
51 52
18 24
4 45
55 61
39 46
36 48
20 51
11 43
11 48
26 49
13 31
57 65
2 8
32 36
55 65
36 60
12 14
33 67
47 54
54 61
11 24
40 67
3 68
19 61
35 44
52 55
35 46
36 67
18 34
21 66
43 53
40 49
38 52
21 43
43 65
37 60
9 12
15 58
3 25
1 9
32 50
15 52
9 53
23 49
44 65
19 65
23 56
5 33
2 52
46 47
50 67
50 66
39 67
7 20
6 30
45 60
6 23
9 55
34 36
3 47
30 67
36 37
18 28
32 44
16 21
