77 2568
95148 78246 90942 41307 70749 39399 55335 12192 30405 73608 38367 10524 98667 65346 7812 17490 18903 10065 11181 33015 95295 82692 41982 86220 31368 89595 36375 33837 88974 98259 51123 84120 76503 42063 10056 47250 81459 50022 44070 96492 23628 67065 7014 22296 17040 14823 24414 35943 9516 35592 53586 89439 2916 80196 75660 18912 54420 12033 52749 43392 94920 3870 27510 71421 30561 22197 3300 96648 72216 47367 93141 95841 14430 153 18135 31467 99606
20 73
14 77
72 76
7 27
23 27
38 55
8 16
30 64
39 52
1 27
4 67
15 51
20 35
11 39
15 76
19 63
12 25
8 33
37 44
31 62
46 63
16 18
10 60
58 71
23 41
11 21
22 32
25 67
38 77
40 57
15 75
27 37
70 74
16 71
18 43
5 71
2 53
6 28
1 50
27 43
48 73
8 28
44 57
10 72
2 77
30 43
50 64
2 45
11 51
2 10
23 71
35 58
15 44
33 39
10 71
32 34
43 77
47 65
2 69
50 67
16 19
7 70
3 34
3 76
13 57
17 36
17 22
27 29
19 24
53 56
59 70
8 76
54 74
40 59
20 23
46 58
52 75
46 54
47 52
3 56
67 70
21 60
16 76
19 37
11 15
8 22
48 69
4 15
9 45
9 39
69 76
30 58
2 44
36 61
47 51
9 69
7 21
26 32
62 71
43 69
11 48
1 57
46 61
2 32
1 54
10 74
2 57
15 58
1 26
14 74
14 56
55 59
36 67
43 57
10 26
16 65
30 63
1 53
8 30
10 13
65 76
20 53
4 13
10 70
47 59
5 66
27 57
28 68
30 72
29 31
9 58
12 63
17 19
38 39
53 77
28 72
45 52
64 74
65 71
34 39
44 70
43 75
21 56
48 62
31 75
36 60
2 22
8 75
58 75
13 31
23 29
7 41
24 33
28 65
36 56
7 17
24 49
67 75
37 46
16 63
19 73
41 56
14 58
7 31
10 65
62 66
9 44
41 64
18 51
2 8
6 59
49 51
15 46
37 58
24 46
50 73
6 54
8 66
34 62
24 36
34 47
30 67
29 48
2 21
45 58
50 52
34 44
36 53
2 37
1 18
3 28
44 72
9 66
27 60
28 42
13 17
9 25
5 42
27 52
49 60
26 49
13 66
47 50
56 66
24 69
68 74
42 74
1 11
47 60
32 63
12 44
30 54
29 56
8 52
68 73
49 64
14 76
37 63
25 68
28 56
8 10
3 74
29 30
23 45
11 38
37 54
25 65
14 16
34 58
72 73
1 48
3 12
8 47
16 28
16 21
18 62
10 31
30 69
24 56
11 73
31 46
54 71
13 72
34 52
4 14
5 59
10 32
16 41
12 22
40 46
36 75
18 38
48 57
5 63
43 50
61 72
34 65
4 72
39 47
37 38
21 75
56 73
15 77
6 76
65 72
30 77
5 75
65 75
9 52
4 35
4 58
49 57
30 51
50 76
44 45
33 45
53 66
33 76
12 38
9 40
23 53
17 70
55 61
45 62
49 69
11 74
28 43
45 76
34 50
21 59
1 75
30 44
1 41
17 67
9 70
30 55
32 74
18 44
34 76
8 71
37 60
59 66
21 41
33 62
10 19
35 56
41 52
19 46
21 49
18 20
66 70
20 63
49 52
11 53
18 75
27 45
19 42
66 76
10 45
41 48
40 70
53 76
4 57
54 62
4 21
26 38
29 63
31 38
1 76
19 50
6 37
14 66
38 40
68 72
3 33
43 51
18 45
24 77
34 60
23 51
33 70
6 36
7 40
7 56
40 68
37 48
60 61
38 63
30 70
42 50
9 10
6 77
57 75
19 28
26 66
42 75
5 40
9 22
4 51
5 18
18 34
1 36
10 76
18 72
25 62
9 18
21 72
16 20
8 55
2 52
6 17
49 56
23 52
57 63
15 39
45 77
28 64
13 20
45 59
37 61
48 67
30 52
14 29
8 68
42 62
18 61
10 49
11 40
2 70
6 62
1 61
36 48
10 61
24 68
13 38
4 16
13 43
60 71
36 47
20 72
40 48
26 50
10 57
44 63
33 50
16 48
9 76
21 32
45 55
13 63
50 70
52 71
13 48
22 51
24 76
69 70
20 49
38 64
36 57
24 50
39 64
6 65
14 57
12 62
16 32
8 19
31 70
20 27
14 68
28 49
4 8
45 65
4 39
35 42
51 66
19 26
10 18
11 12
40 71
31 37
11 44
1 6
28 41
50 51
43 58
1 44
2 4
9 72
19 39
15 52
7 44
33 77
8 69
7 32
38 48
6 7
34 40
1 15
3 27
3 17
44 55
74 75
58 60
29 58
23 63
62 72
62 67
66 77
15 65
13 75
44 48
22 66
10 59
38 43
41 58
23 68
7 54
11 61
8 42
55 71
63 74
3 35
15 36
35 48
29 72
3 48
15 61
59 62
16 37
50 65
15 48
70 72
29 42
20 69
27 33
4 47
9 68
19 62
10 37
4 17
40 67
35 66
35 67
57 69
27 75
28 57
32 75
19 58
14 51
53 62
26 35
21 48
55 72
48 64
22 37
62 70
5 38
1 24
54 60
8 29
23 34
3 20
8 53
22 31
22 69
20 65
12 34
3 14
17 59
41 62
53 54
43 63
3 21
10 38
69 72
2 75
28 33
36 69
53 61
26 39
21 63
17 73
15 73
6 69
29 35
51 77
59 76
18 24
11 69
64 71
12 53
15 40
14 30
22 67
32 60
16 64
26 56
9 38
41 66
28 48
70 76
17 45
4 46
31 49
49 68
41 54
19 47
25 72
5 27
56 57
32 33
25 59
44 59
1 19
14 28
44 49
35 69
11 32
50 55
51 73
29 38
57 61
4 12
14 27
9 54
15 37
50 77
37 71
28 38
15 17
17 61
14 37
24 60
7 50
7 51
8 50
61 64
32 59
33 40
44 64
5 70
9 77
44 60
51 70
23 64
38 61
38 68
60 66
32 47
49 58
28 73
21 39
14 46
5 15
1 30
61 70
18 27
50 61
2 50
4 29
6 50
5 7
10 34
74 77
1 66
27 49
57 62
49 67
21 62
7 49
17 51
58 73
14 60
16 58
20 75
37 51
12 40
17 44
12 49
34 56
16 17
17 30
17 77
10 22
44 73
21 38
33 55
7 74
8 58
1 40
35 40
35 37
48 53
7 35
31 58
11 27
16 30
4 11
6 9
47 48
20 51
34 36
3 53
10 28
48 68
34 73
16 42
36 65
48 56
9 28
13 51
10 17
14 63
11 54
8 54
31 43
5 20
52 66
2 65
46 69
15 47
11 35
38 75
11 58
10 75
50 74
24 34
47 62
7 11
57 58
7 45
1 33
13 62
29 37
39 72
3 40
32 49
8 38
41 60
59 74
34 77
35 46
7 60
43 74
34 55
31 63
11 49
30 61
39 49
24 63
4 71
7 72
1 29
30 42
18 69
63 77
3 68
9 15
21 28
22 74
29 68
72 75
18 40
41 75
12 72
10 67
2 62
9 55
27 32
59 75
5 29
20 26
11 62
40 55
4 54
7 53
45 64
28 51
3 42
12 26
2 46
6 51
46 53
4 59
17 71
24 59
36 77
23 37
18 37
5 17
55 65
7 38
27 74
42 65
59 77
2 54
41 71
13 22
12 64
67 77
28 77
11 45
18 70
19 29
15 49
75 77
7 30
7 37
33 72
56 71
14 33
35 61
39 54
2 71
39 63
14 32
30 33
43 76
31 34
1 70
5 61
57 67
17 40
35 41
16 50
16 22
25 57
21 55
4 20
20 40
35 39
26 57
11 19
17 76
21 40
29 39
51 61
52 76
34 57
10 52
39 76
31 33
3 52
8 73
14 17
32 72
29 50
16 36
58 72
14 45
12 15
3 5
5 60
50 56
5 52
25 49
9 33
20 46
53 55
29 67
3 77
29 64
49 59
7 46
55 74
52 72
49 50
38 44
13 42
4 56
52 60
10 69
25 51
42 51
23 69
22 34
21 73
40 65
34 53
37 76
33 41
40 52
8 20
19 44
28 39
17 52
20 56
14 38
29 41
11 22
8 62
19 59
54 57
3 67
47 54
42 64
14 36
24 27
26 68
26 41
47 56
18 46
10 58
35 49
20 37
2 5
46 75
10 62
35 63
31 51
44 69
22 40
18 57
19 72
4 77
15 67
63 69
9 37
2 59
8 70
21 54
40 76
39 43
13 54
22 24
18 59
7 71
7 9
17 55
64 68
19 41
30 71
19 61
19 52
39 51
11 59
6 30
55 66
13 28
6 24
39 61
13 33
45 67
14 35
21 27
40 77
33 71
26 47
45 63
39 42
35 70
8 61
60 65
11 70
44 61
55 62
24 26
23 61
26 28
21 66
8 74
44 56
31 61
26 67
13 55
8 15
10 14
12 52
11 56
5 24
7 10
59 69
22 55
3 15
13 68
12 20
7 68
28 45
39 56
16 56
19 45
3 46
29 54
24 42
22 41
28 40
6 29
12 39
17 18
18 54
6 45
13 27
24 58
6 70
6 22
45 47
42 52
45 60
23 40
36 50
5 68
20 47
36 76
10 30
38 57
6 33
14 26
2 26
11 20
3 26
41 74
10 41
39 70
3 72
60 67
2 28
31 76
3 69
68 75
29 47
46 56
18 68
5 44
13 76
46 76
51 68
29 65
21 26
6 41
34 66
17 49
3 58
18 41
22 63
4 5
35 74
22 27
12 43
20 61
15 24
56 68
4 45
16 26
6 18
8 36
43 45
3 64
34 59
19 65
20 74
43 52
51 64
38 58
35 77
12 74
35 72
12 45
34 54
24 62
32 45
12 21
4 22
17 23
21 58
17 35
48 49
32 37
6 21
5 53
1 31
41 45
27 73
13 59
17 68
6 42
44 66
1 77
41 42
31 59
19 75
17 38
34 71
31 56
54 67
17 31
20 32
9 30
26 54
55 64
23 77
32 77
18 47
43 60
14 18
27 55
2 49
35 38
64 76
1 7
1 37
26 53
17 57
16 25
52 67
1 10
71 75
23 31
25 61
19 55
3 29
46 50
45 70
3 71
13 32
24 73
11 46
25 55
42 56
15 70
34 46
24 52
23 24
9 67
73 77
68 71
41 57
5 65
56 61
25 46
31 54
24 61
8 51
36 55
34 45
2 67
6 14
35 60
65 73
60 75
53 68
39 57
2 60
13 40
65 69
69 73
29 66
16 33
1 52
28 44
12 46
71 73
54 63
12 14
27 61
40 66
9 20
43 70
7 65
34 61
51 58
63 72
56 75
28 74
27 65
42 48
4 63
30 50
20 31
24 67
23 70
55 69
21 77
38 50
35 45
8 49
25 52
33 38
27 58
30 57
4 24
19 54
61 71
41 69
14 64
7 34
56 76
16 59
45 61
48 70
52 70
64 75
12 60
40 41
33 51
48 60
4 53
47 72
57 66
26 70
1 28
9 71
8 17
32 35
32 73
39 48
21 31
54 65
18 22
17 29
26 36
24 70
9 23
48 71
9 61
45 75
5 8
4 40
36 58
17 47
56 67
20 48
3 39
13 50
42 66
49 70
11 13
66 68
13 36
32 61
64 72
76 77
13 64
21 35
23 47
22 57
54 69
63 70
29 62
11 37
49 66
41 50
30 74
13 67
42 59
13 26
33 64
27 47
37 53
61 73
10 33
8 63
47 58
6 49
2 31
1 3
9 14
26 30
42 69
37 69
20 62
14 43
37 59
8 37
54 59
41 76
18 49
1 62
26 43
53 57
21 76
7 77
17 20
31 50
27 50
21 34
20 54
28 34
20 55
1 65
55 63
38 41
54 61
31 44
20 43
49 74
22 42
74 76
47 49
22 47
9 63
13 77
52 68
2 76
12 35
20 66
24 74
43 66
64 67
15 53
3 37
57 72
32 55
1 8
3 22
8 31
5 37
3 45
44 71
13 37
34 69
21 22
8 41
57 68
35 50
10 39
67 72
17 54
31 52
21 25
18 39
12 24
20 42
64 66
10 53
38 59
8 64
48 66
59 63
7 73
33 37
41 49
8 35
15 27
39 58
26 74
32 46
12 18
51 63
25 42
5 34
3 13
35 57
15 66
21 45
25 32
26 58
29 44
41 77
22 62
33 35
31 35
28 30
19 77
23 36
63 65
22 30
42 54
35 55
50 63
6 71
19 66
63 73
20 44
15 25
21 24
46 68
9 75
26 46
8 40
11 42
10 46
20 24
24 32
9 12
70 77
14 22
2 30
2 12
15 55
20 68
7 12
24 51
7 33
10 64
6 34
2 56
45 53
6 38
1 35
59 61
5 72
6 39
39 68
66 73
17 26
3 49
48 50
15 31
4 19
12 36
7 20
16 70
66 74
53 64
43 53
15 21
7 29
49 62
36 37
20 45
20 22
20 29
44 74
33 49
11 47
18 66
36 49
6 11
22 56
17 43
43 59
17 63
22 59
4 65
19 40
7 19
47 67
20 36
48 77
41 61
7 16
12 71
16 49
40 53
69 71
16 73
6 13
4 6
41 51
10 42
2 17
8 39
15 59
60 74
33 53
4 30
2 66
9 57
33 66
54 70
17 42
49 71
30 73
6 35
30 53
16 61
43 44
31 60
11 72
52 64
18 28
30 31
3 8
20 39
4 37
41 43
33 46
5 45
35 68
16 54
19 25
46 64
14 23
51 71
6 57
28 75
42 58
1 67
14 15
70 71
9 62
6 27
67 69
29 55
27 77
33 47
3 65
4 68
1 34
51 67
22 77
53 72
44 77
23 48
2 29
29 52
9 36
39 65
11 57
23 30
12 61
18 52
38 73
1 59
24 53
14 42
7 28
20 67
27 54
2 51
33 34
10 24
3 11
30 68
61 76
26 77
22 76
22 35
38 49
1 12
14 48
3 9
48 58
21 47
40 51
5 21
63 75
56 64
1 2
5 41
29 57
23 50
32 71
22 49
58 67
34 70
26 55
25 66
4 52
36 70
19 32
44 52
45 66
16 72
1 21
72 77
53 71
14 54
22 65
58 68
22 38
22 33
37 68
28 60
35 44
44 65
9 32
38 54
8 57
19 60
5 64
6 75
4 7
52 62
12 37
27 72
37 39
53 59
4 62
29 34
33 57
2 18
5 58
8 21
23 56
68 69
15 62
24 44
61 66
16 67
15 16
29 40
4 26
49 65
7 63
51 60
6 67
67 74
38 47
20 34
59 72
16 77
54 77
35 47
12 68
9 60
38 72
6 47
59 67
3 36
25 31
39 74
43 56
37 64
16 51
12 55
33 63
16 57
20 60
27 62
30 47
8 13
17 27
22 39
21 33
18 64
3 25
17 39
19 74
5 9
24 39
36 52
30 75
46 74
3 55
13 74
29 61
59 64
25 44
19 38
32 43
58 74
3 31
5 49
14 21
41 55
30 45
1 51
46 51
34 43
32 56
40 72
4 76
1 56
29 36
39 46
9 46
49 63
14 19
19 69
10 25
23 55
12 48
21 53
9 56
28 61
1 72
37 45
42 53
42 49
19 70
20 21
26 40
42 57
17 66
31 69
38 70
59 65
54 73
27 34
28 32
7 62
44 53
7 66
25 35
23 28
18 71
58 66
56 60
2 3
16 40
10 44
11 34
47 73
45 50
36 41
61 75
6 16
19 48
18 63
17 21
26 48
37 62
70 75
40 56
5 22
50 66
63 67
27 53
24 29
43 64
31 45
23 58
16 46
55 68
34 41
26 62
51 52
12 56
13 21
10 51
42 67
6 46
23 33
7 67
19 56
17 58
10 11
17 60
60 62
26 61
37 49
2 55
1 64
58 63
60 64
38 52
38 62
11 66
5 48
11 31
15 43
26 45
31 40
50 53
10 63
12 30
19 76
4 43
35 52
38 46
22 71
29 74
31 36
20 25
4 64
37 42
3 6
11 33
3 44
32 54
15 34
4 34
9 13
22 26
47 69
19 57
25 36
17 64
12 77
10 16
25 26
1 49
32 53
1 5
23 62
6 61
42 73
13 49
14 67
44 50
36 73
8 77
6 74
7 48
49 55
51 72
37 65
22 48
11 14
11 18
72 74
40 47
65 66
12 50
18 67
54 76
7 55
46 49
17 25
6 56
24 28
12 65
21 44
15 33
20 76
46 73
34 48
4 28
29 73
27 31
10 23
15 74
40 61
25 74
25 27
30 32
27 36
39 77
31 71
4 70
3 23
54 75
14 75
16 45
6 10
42 68
7 75
6 48
24 75
33 56
8 11
10 27
24 65
11 71
2 20
10 50
37 73
3 70
20 30
16 55
2 43
21 52
9 48
4 49
22 52
16 27
19 30
34 72
44 68
34 64
14 72
27 69
58 59
2 7
33 65
15 19
14 70
31 42
29 51
4 50
22 43
45 54
40 69
51 55
18 29
13 65
21 36
14 59
36 40
32 48
44 76
25 71
8 44
20 59
14 20
3 16
53 65
4 32
26 37
27 70
2 38
22 70
40 44
30 60
48 63
10 54
42 45
28 71
7 76
55 76
2 24
25 34
69 77
8 18
23 67
28 37
73 76
67 73
8 65
15 41
7 23
18 31
50 68
12 70
13 41
3 18
16 53
18 35
11 29
31 39
32 42
1 25
27 68
9 16
12 76
45 46
18 65
30 34
69 74
13 60
38 45
36 62
17 33
25 41
21 30
48 61
36 43
19 49
56 74
47 64
3 30
27 41
47 53
10 66
5 23
23 35
8 48
5 6
27 30
15 28
27 39
13 45
8 23
5 74
35 53
23 44
40 43
48 75
28 67
4 73
2 40
46 48
5 56
13 18
23 42
9 21
9 27
44 47
2 63
10 48
26 76
7 25
32 64
45 56
16 39
5 16
25 56
4 36
53 69
33 67
20 52
55 56
18 48
21 57
24 45
60 63
15 26
41 68
3 54
36 63
26 63
47 68
24 25
28 31
5 54
49 61
23 38
33 74
43 62
26 33
35 73
27 46
43 73
7 18
5 36
58 70
1 46
61 69
1 17
30 49
16 60
7 58
5 62
16 29
12 32
26 75
10 21
28 70
43 46
65 67
37 66
22 64
29 71
5 69
52 74
11 25
7 8
40 73
63 71
1 45
22 46
39 73
39 55
35 65
19 33
23 54
35 43
13 39
32 41
2 74
53 73
36 66
6 60
34 42
6 72
57 71
17 74
17 46
61 74
22 53
21 68
66 71
25 43
44 67
10 20
58 62
6 52
62 73
33 60
11 65
46 55
14 62
1 69
13 24
32 51
51 75
53 60
25 37
10 56
33 44
5 30
17 75
45 51
27 35
25 38
27 28
14 24
18 25
37 67
8 45
23 66
39 44
17 24
6 63
37 77
6 32
66 75
28 55
5 11
63 64
43 68
61 67
6 64
52 55
16 66
25 54
12 42
4 23
37 75
42 70
10 68
15 32
10 73
3 51
8 56
62 63
6 15
8 24
40 54
55 67
16 47
56 77
52 69
23 49
24 54
38 56
16 75
5 55
7 43
30 62
3 50
12 54
18 58
47 55
15 22
18 60
9 35
4 75
37 56
26 64
31 55
11 75
67 71
15 69
11 52
68 70
8 72
27 67
39 59
6 43
53 63
12 59
20 58
37 50
6 8
1 71
19 27
51 62
66 67
52 65
31 48
43 47
11 23
14 53
50 71
46 77
38 51
64 73
3 61
36 64
9 42
6 73
15 20
20 57
25 39
16 43
33 68
20 33
46 62
33 59
61 77
6 26
14 34
58 76
12 13
5 39
34 75
12 33
6 68
42 71
46 70
21 61
60 68
12 73
30 35
21 43
50 60
55 57
40 49
24 64
34 74
25 60
18 53
5 32
57 76
54 68
61 63
56 70
43 65
40 63
20 38
23 65
40 58
28 76
15 72
39 41
25 70
24 38
41 73
63 76
35 64
32 70
14 61
3 66
10 43
16 68
34 67
18 74
22 58
35 75
12 16
18 55
14 44
32 38
28 54
30 59
24 31
47 57
36 71
31 67
39 75
1 20
8 60
17 41
29 53
51 76
33 69
28 46
25 28
19 51
14 69
22 25
40 74
47 71
22 68
57 64
23 32
1 4
41 65
13 70
1 58
30 36
18 19
23 75
26 34
18 30
46 65
22 73
23 73
2 48
25 69
9 74
22 54
4 9
10 77
24 40
5 26
6 58
30 46
12 69
3 62
39 67
12 51
18 23
64 69
31 65
64 65
41 59
18 73
2 23
33 75
42 46
30 56
48 51
14 41
47 75
50 62
4 27
23 39
37 52
39 53
36 59
42 61
34 38
67 68
1 16
29 76
57 77
34 49
31 72
4 66
38 66
25 47
35 62
32 52
36 54
4 55
25 77
25 45
53 67
3 43
24 66
12 47
46 67
1 14
35 36
32 57
63 66
22 45
16 69
53 74
41 44
58 61
60 76
39 62
60 72
14 31
32 76
29 77
20 64
12 57
32 36
32 69
37 47
15 56
4 42
34 35
21 67
41 72
8 12
5 73
59 60
13 46
17 62
19 21
45 72
26 31
11 55
37 57
61 65
11 64
26 44
6 19
3 75
22 61
3 73
27 63
3 57
24 57
50 75
11 41
62 64
51 59
54 56
26 51
17 48
64 70
14 47
57 70
19 71
58 77
23 43
40 42
52 59
24 55
51 53
13 58
45 69
68 76
1 9
27 48
11 77
45 71
52 73
18 42
3 4
42 77
5 35
31 41
45 74
39 71
1 38
18 56
2 42
9 49
27 56
3 19
21 29
55 70
16 62
15 54
3 60
30 39
55 77
28 50
46 57
7 57
8 67
50 58
21 65
29 43
29 69
17 56
28 35
9 26
31 53
27 64
13 52
41 53
48 65
64 77
11 17
18 26
2 39
2 47
9 51
21 23
63 68
32 62
16 38
21 37
5 28
9 34
14 55
15 57
8 9
25 29
48 74
38 71
34 68
4 74
57 60
1 60
25 40
18 32
35 76
43 71
7 61
23 60
19 31
13 44
48 52
6 53
65 68
22 28
71 72
73 74
26 69
15 50
62 77
7 22
11 68
50 57
24 30
17 69
6 40
17 53
13 53
8 25
15 71
28 66
52 58
24 43
26 27
13 16
7 42
2 27
1 32
50 59
7 47
51 74
1 68
9 41
46 52
14 49
39 45
3 24
7 59
1 74
2 35
15 23
30 76
10 15
58 65
12 17
9 64
19 22
17 34
2 6
42 60
34 37
42 44
13 15
7 64
11 24
59 71
2 13
28 47
62 69
47 76
54 66
5 76
3 47
33 54
13 61
52 57
46 66
26 42
39 50
31 74
15 42
9 47
4 31
32 67
13 23
35 54
21 46
23 76
30 41
28 59
31 73
14 40
31 47
2 36
12 29
36 51
21 42
29 59
48 76
3 41
51 65
51 56
36 45
16 31
27 40
61 62
13 35
13 25
14 65
6 25
24 72
25 53
25 30
12 27
4 41
20 77
28 69
42 43
18 77
29 46
29 45
5 50
28 52
5 12
37 43
54 64
2 58
2 41
25 63
8 46
54 58
17 37
66 69
45 57
29 32
65 77
30 65
10 47
33 73
9 73
25 58
6 12
29 60
38 53
35 51
9 53
55 60
2 68
6 55
49 53
26 65
24 71
68 77
37 41
38 74
26 72
4 48
14 25
4 25
47 66
9 19
59 68
20 41
56 62
55 58
1 39
12 67
1 47
55 73
12 58
49 54
19 34
4 10
8 34
39 69
42 55
11 16
56 59
65 74
22 44
9 31
4 33
8 14
11 67
21 69
58 69
40 50
