527 8377
520 3650 2060 5270 1910 1380 4640 2960 3420 4740 3830 4540 2790 3620 900 1990 4820 3860 4040 3480 1850 2290 2620 3900 3760 4200 1070 340 280 4490 3280 4720 760 1870 540 2690 610 590 2100 980 4310 4230 1580 4480 1470 2670 5110 3520 1400 3450 360 1590 370 3360 3200 960 3600 970 1730 90 2570 4850 530 1110 930 1480 1560 4430 1900 660 2850 1310 4290 70 3130 730 5050 2730 2350 1050 2080 4240 740 2410 4030 1040 2200 4800 4610 2890 1800 1500 630 4260 2900 1620 3840 2550 3350 1950 3950 3580 4710 3810 1420 5040 2150 3730 3020 2880 4390 2190 3850 2630 220 2920 60 1080 3030 2830 4990 5030 390 330 3680 1240 300 4550 4270 1210 640 990 860 3920 1430 2600 1830 4780 1720 1300 1090 5020 4330 510 1810 490 2800 4810 3660 3640 4090 4370 2770 2560 440 2820 3890 450 470 50 1440 2990 3720 270 1740 190 3880 1930 4110 4840 140 3410 2000 4380 2460 4870 230 2300 3390 2010 2450 350 2940 4630 250 690 4300 4970 830 3590 2840 4560 4180 80 3330 2250 1360 1970 5260 1260 3460 3690 400 4050 2650 5010 1690 4600 3750 4080 1640 3090 3930 4750 5170 5160 4520 1330 1350 2070 880 4170 4980 1520 2970 4190 3180 4100 890 320 3440 1530 4140 750 2750 4150 1270 20 1940 1320 2540 2780 2490 180 3790 130 3000 1020 4650 1860 3190 260 1890 1060 3110 3210 4660 1700 4070 2210 570 1290 2700 4440 2340 2810 3910 1010 3550 2130 2950 4890 3530 4460 2270 1490 940 2930 1250 3430 5080 1980 710 480 600 3970 4730 3990 210 5070 4320 1610 1920 4010 3870 4220 4920 2470 580 2440 2660 1750 3150 5090 5150 3060 3510 1460 1880 120 3380 160 1780 720 4350 3320 670 2860 2320 310 4830 3140 4670 3630 4340 4790 5220 2520 4620 3940 2090 2420 1600 5130 5100 1190 410 110 1840 3300 2430 910 4950 460 2640 1120 3270 2120 2680 1230 2260 680 3010 1180 4690 3370 2220 3340 1770 1030 2740 790 4120 3220 200 2480 1660 3070 1820 3470 4930 3240 5180 2170 1410 5120 3400 3770 4700 1510 430 4760 2050 800 5190 3960 4510 1450 4680 3570 4940 4250 3160 1650 3250 4000 3290 2580 2510 2020 2610 3040 4210 840 650 2330 1100 3980 4770 2180 4470 850 4960 2360 2710 1280 10 2500 2240 3540 240 1150 1550 3670 4450 2040 1390 5200 3820 2380 2160 810 4900 1790 4020 2110 3260 4500 1680 1710 170 770 4580 1200 3170 4130 3700 4410 2280 1340 1570 40 5060 5210 4280 290 4160 3710 500 380 1630 1760 3100 1540 820 1130 2910 3780 150 2870 3080 3310 780 30 4880 2760 2230 550 2590 4420 3230 1670 4860 5230 1370 920 620 2400 3740 2370 3500 2390 3560 4590 5140 2530 1170 1220 3800 5000 2310 950 3050 3490 560 4060 1000 420 2140 4570 3610 100 5240 870 1960 4360 2030 700 4910 1140 5250 1160 4530 2980 2720 4400 3120
199 527
88 247
7 426
290 470
360 444
182 511
400 432
396 524
271 527
169 472
3 473
236 292
136 290
305 386
9 45
220 451
205 357
45 333
213 239
160 281
63 318
291 397
66 430
419 438
406 478
321 451
20 370
163 527
377 400
42 327
34 382
329 500
292 435
454 476
37 213
341 477
264 512
22 338
405 506
401 447
30 199
158 382
190 216
106 246
222 332
417 468
95 253
78 421
221 304
447 505
265 471
74 444
97 385
112 513
283 340
354 392
233 472
12 391
195 234
121 507
356 479
299 490
91 427
135 289
185 401
107 224
277 303
78 256
98 124
102 474
243 495
150 275
175 363
57 489
7 264
326 352
175 321
416 425
5 411
340 417
65 221
143 440
59 501
206 360
146 261
198 447
165 199
205 521
387 493
71 284
315 507
83 248
162 329
351 494
416 441
4 157
365 481
339 508
407 522
102 418
260 287
112 178
82 452
335 486
31 378
169 516
156 407
39 133
102 495
98 521
249 520
122 240
34 519
294 418
137 163
243 355
117 490
111 345
50 490
191 228
83 371
27 163
221 252
239 324
48 498
110 215
68 132
204 386
239 278
48 302
180 263
1 60
155 391
3 126
116 128
329 524
67 203
240 524
269 407
238 290
20 247
79 246
148 499
231 423
172 274
77 464
43 411
356 427
342 470
151 224
31 175
153 202
145 439
50 312
303 410
366 446
221 223
175 186
146 356
297 348
313 385
415 490
160 474
98 354
198 434
140 160
204 343
134 184
194 431
116 131
129 214
90 332
431 511
176 506
361 439
90 482
121 369
84 475
21 142
291 465
19 178
305 328
162 481
168 292
227 456
294 360
28 397
236 339
459 494
82 314
77 254
25 219
116 188
54 315
263 321
37 57
209 516
28 256
236 409
16 33
28 402
74 215
344 522
159 247
172 375
71 320
139 366
325 376
86 305
19 344
166 217
64 83
92 225
215 475
33 466
54 386
66 209
323 477
328 366
134 297
224 378
99 111
41 95
83 119
56 510
111 357
115 463
194 317
142 324
95 136
242 456
148 327
56 129
209 318
14 185
207 280
17 506
65 158
149 401
178 469
150 392
213 361
165 401
61 204
328 360
187 228
318 516
246 340
89 336
111 485
439 524
4 511
262 358
132 527
115 347
274 502
285 342
184 312
358 524
149 164
99 340
19 437
358 453
400 501
170 241
272 508
244 313
34 439
157 426
272 485
476 513
281 472
100 453
39 434
12 413
308 405
96 232
155 207
276 285
194 424
49 448
142 280
112 390
218 246
438 473
283 433
65 335
101 225
47 125
137 340
277 399
329 457
59 265
380 497
259 276
5 40
216 483
67 227
335 440
316 473
98 345
3 198
151 182
250 463
46 496
14 230
56 81
4 184
340 379
315 503
387 461
151 175
238 464
218 506
270 315
31 366
11 92
14 256
229 451
416 503
96 394
142 505
94 415
33 249
185 239
23 445
90 388
210 340
181 444
80 397
272 456
295 388
224 483
351 471
284 402
287 310
166 196
166 286
190 207
37 443
131 258
80 527
111 388
348 477
88 480
210 233
394 462
120 141
226 512
102 138
315 476
71 86
136 244
56 365
192 390
106 479
207 344
109 167
88 117
62 296
401 474
105 470
90 318
18 262
460 515
17 333
1 207
188 290
214 490
89 282
32 295
88 138
335 475
285 312
28 46
360 369
132 291
185 327
347 524
235 368
147 476
350 408
181 250
29 202
315 414
162 411
25 85
22 194
7 20
113 175
236 278
153 272
32 193
304 481
175 318
6 431
436 508
63 414
19 51
323 438
327 359
369 462
196 504
139 426
158 196
250 301
7 304
86 176
79 511
83 314
25 205
267 435
177 402
415 450
54 265
207 320
112 497
393 496
177 344
222 301
45 197
240 451
233 337
59 92
143 154
386 427
451 526
202 251
152 180
390 448
173 313
115 151
159 480
33 333
93 389
72 284
211 512
133 456
88 187
292 348
22 160
62 176
125 186
290 393
116 441
34 451
393 479
124 408
108 314
127 335
59 465
265 340
26 424
138 196
18 472
180 231
150 196
128 266
182 380
385 433
111 130
360 414
269 364
38 387
154 162
175 316
49 398
106 515
31 102
24 126
434 522
256 273
23 291
38 149
9 111
410 514
78 158
329 410
183 215
211 448
6 139
319 431
166 250
335 441
31 138
361 407
514 515
7 326
453 494
35 141
22 381
208 261
44 390
82 377
470 490
47 95
8 498
21 480
371 511
77 230
9 466
115 398
103 377
304 369
124 306
138 256
37 223
114 402
59 305
86 97
166 246
96 506
82 233
181 252
151 293
184 347
184 240
80 437
376 442
227 251
320 432
30 209
264 424
164 402
125 410
375 523
118 286
430 449
193 252
222 298
291 522
347 377
21 93
30 46
126 293
135 403
77 343
107 284
171 337
195 202
14 409
135 269
183 232
505 514
25 325
100 264
74 361
208 527
42 183
276 503
497 517
305 317
50 450
7 412
452 521
352 415
295 357
192 228
310 437
267 401
301 317
235 502
24 124
316 486
216 235
77 219
111 422
225 402
96 156
299 482
205 523
74 505
86 513
38 201
9 505
404 501
97 284
120 343
339 434
73 519
281 391
472 497
8 325
69 321
140 347
186 241
11 376
186 473
140 285
282 493
358 363
340 518
71 406
47 225
180 387
107 353
167 526
208 289
430 477
280 409
363 502
244 485
251 425
289 492
140 316
82 413
362 459
148 454
185 439
219 316
229 303
39 177
16 109
130 461
270 513
11 225
144 235
50 249
332 449
340 378
346 526
72 76
229 502
26 264
29 295
145 386
119 479
99 345
148 292
140 374
15 366
309 366
41 366
28 448
164 419
136 317
190 309
65 162
248 303
15 30
452 511
208 295
232 257
194 384
256 449
378 423
127 365
317 509
23 366
63 171
277 340
46 463
133 226
389 501
147 155
207 375
282 395
180 361
93 111
263 300
136 273
194 355
281 350
52 135
98 434
251 257
191 394
134 445
110 256
156 215
196 220
463 518
122 250
434 457
474 518
80 135
55 172
263 479
90 147
151 421
268 442
258 393
452 519
458 507
38 435
316 319
117 429
43 239
452 485
238 316
257 447
275 510
310 466
154 443
227 399
34 425
199 386
231 368
463 491
2 508
109 237
162 470
166 451
84 199
264 364
218 302
19 220
191 283
338 385
123 482
67 81
127 148
248 364
179 299
53 418
39 433
254 479
11 142
221 466
80 381
399 515
49 377
295 407
209 519
116 472
397 400
156 286
230 330
87 497
328 463
388 419
9 146
406 429
125 172
28 68
273 446
96 507
224 443
124 288
76 463
286 422
94 159
39 306
199 382
29 74
310 522
47 337
138 490
66 188
241 410
18 249
454 479
413 473
167 527
60 119
135 280
7 514
345 443
160 365
299 435
125 233
49 77
270 296
150 457
1 295
16 77
192 489
407 420
39 352
105 268
102 348
232 416
234 387
121 333
291 437
64 482
93 197
54 220
20 441
82 384
7 128
245 403
70 98
16 221
73 418
172 467
28 182
14 241
81 387
258 295
43 478
49 356
117 143
52 338
242 467
165 443
98 437
80 389
96 203
167 454
89 481
265 515
228 241
206 505
10 310
154 192
14 181
204 510
2 407
203 384
150 489
102 214
29 387
48 339
138 509
120 387
80 289
17 479
52 405
120 410
227 433
30 334
26 322
72 163
167 490
62 467
119 237
299 470
251 423
123 464
303 467
2 337
254 316
130 241
287 306
85 382
159 443
31 415
235 482
150 348
86 395
312 491
334 513
357 510
381 451
150 259
56 239
11 79
27 291
424 446
105 231
21 384
371 452
128 326
119 188
199 414
261 495
323 354
39 250
97 405
216 405
350 382
117 384
123 240
142 502
13 289
94 462
138 185
221 509
102 280
238 257
303 353
110 288
145 396
88 191
281 478
94 288
287 367
111 320
163 520
71 91
99 479
18 281
372 509
184 387
142 323
55 488
306 416
256 517
352 401
393 521
72 513
148 181
108 307
500 516
11 488
22 387
378 417
302 385
126 323
56 101
69 488
3 332
37 130
15 95
23 58
363 446
43 74
63 426
460 469
273 282
71 419
138 242
145 527
12 159
58 429
45 406
7 425
63 113
10 472
167 413
21 523
11 470
416 495
401 413
352 458
7 70
151 510
192 409
257 321
211 281
6 122
236 323
291 494
88 174
133 239
278 369
37 200
326 495
36 108
82 148
13 274
370 426
107 161
78 88
353 472
138 189
171 457
277 326
164 346
24 297
287 420
265 289
98 499
6 48
22 506
281 469
396 512
8 297
12 31
111 122
386 462
409 415
383 426
21 201
137 493
160 237
318 507
207 260
56 397
127 186
225 332
164 497
158 379
8 472
478 497
196 266
261 356
468 516
232 254
94 508
159 426
419 457
90 466
165 285
59 406
41 195
382 495
19 310
33 482
96 361
355 428
273 336
33 282
197 345
326 455
219 314
273 430
24 111
90 101
75 420
46 96
249 525
108 366
159 316
8 70
154 451
95 421
251 281
51 493
333 383
322 370
479 504
15 74
204 341
137 252
169 484
152 270
3 222
41 139
190 330
295 435
381 416
192 467
138 162
197 457
94 478
36 413
115 223
252 418
24 289
90 105
48 243
266 415
93 414
470 523
153 194
283 470
83 93
195 293
271 413
215 372
309 464
70 148
40 341
410 473
136 384
51 285
482 489
124 463
257 381
5 523
300 400
213 433
82 202
86 177
302 442
25 484
269 418
149 340
41 452
432 459
63 211
479 511
480 509
328 493
124 385
364 467
196 257
162 465
42 195
209 401
106 271
157 427
49 307
289 301
40 357
272 292
112 515
409 413
42 241
52 247
1 158
277 474
358 491
160 508
277 420
275 507
339 470
3 281
118 441
247 476
99 238
77 111
303 506
60 73
334 419
178 513
62 232
7 390
105 141
285 406
107 135
293 313
157 274
290 301
153 446
23 151
295 370
100 416
26 412
254 281
181 202
174 208
259 307
190 227
92 316
18 215
134 390
236 456
184 379
13 494
17 432
23 233
86 123
130 207
156 354
94 121
211 338
179 354
55 427
236 299
5 524
342 524
133 389
80 365
99 197
279 458
295 503
440 484
215 523
61 199
198 262
380 445
354 360
92 253
39 329
132 212
290 388
189 352
257 436
246 363
183 249
187 237
81 172
11 327
278 383
30 269
38 379
158 317
180 497
352 455
310 411
244 484
120 355
109 467
245 384
6 451
44 69
67 521
141 501
106 171
103 423
39 316
353 522
96 518
194 313
289 498
318 383
133 397
152 468
220 521
187 460
119 180
151 159
283 373
93 526
196 346
355 503
456 484
19 97
215 337
150 320
160 292
467 508
281 525
103 370
82 320
277 298
298 311
25 96
340 510
153 421
14 379
497 521
317 322
268 349
158 226
284 295
93 350
134 307
147 233
155 328
370 507
105 471
213 450
41 312
422 432
119 504
24 104
153 234
354 439
90 507
170 295
115 362
296 308
50 333
65 144
138 337
259 379
24 348
355 523
166 287
121 201
273 426
152 480
467 526
400 404
242 273
201 525
54 63
213 319
39 403
268 278
474 488
26 448
22 466
77 127
112 445
156 365
190 472
205 426
116 374
190 333
219 462
392 504
5 149
247 431
28 412
13 141
89 189
85 450
107 270
100 404
476 510
163 437
92 334
90 137
384 421
93 393
67 358
91 404
250 419
492 505
258 432
38 212
137 169
330 479
403 460
183 352
454 478
116 435
25 310
212 221
245 486
348 417
334 407
45 163
69 125
358 455
231 245
380 452
258 412
98 287
56 231
253 517
405 434
312 363
63 150
131 346
143 317
85 267
204 515
281 374
181 251
4 324
255 435
157 359
93 227
328 405
48 405
75 86
306 363
435 517
230 327
182 372
184 440
249 283
362 436
99 104
352 387
38 112
468 470
397 453
301 395
236 455
18 68
45 473
29 507
172 455
483 493
7 69
32 448
98 473
178 462
175 334
251 314
435 441
220 480
308 442
68 445
215 243
246 320
130 416
202 296
32 485
100 207
226 445
217 423
38 406
218 445
386 459
151 279
214 280
78 411
84 200
47 471
279 517
87 207
142 363
147 203
365 526
216 506
460 487
351 371
68 512
328 384
209 507
271 465
130 493
11 439
307 343
175 387
237 300
247 472
376 403
61 523
132 503
3 280
40 269
146 473
135 468
141 293
132 322
141 191
173 285
207 412
344 413
75 274
258 455
10 97
35 98
197 271
8 212
66 118
130 434
223 227
179 340
156 268
6 491
58 253
208 267
166 193
8 228
184 297
230 450
384 390
296 359
32 108
269 500
421 458
26 428
253 415
57 86
52 263
63 261
222 284
460 518
96 464
9 114
50 255
242 422
186 525
363 483
175 471
230 398
21 348
428 508
413 527
149 284
176 499
70 470
74 375
73 83
262 270
218 361
411 526
77 212
27 336
141 143
195 269
214 522
121 493
254 288
86 425
233 429
195 349
491 496
280 341
174 291
281 285
309 523
207 368
31 69
19 53
196 475
67 147
236 272
14 383
24 343
165 482
190 386
2 211
231 400
366 460
81 419
300 453
92 152
138 217
155 480
127 282
109 307
130 357
104 279
123 457
3 442
167 201
22 444
67 329
12 72
55 90
334 426
310 327
298 516
232 408
396 504
151 339
278 468
274 362
29 101
7 214
112 394
193 376
125 404
490 519
408 444
408 512
300 496
271 492
171 400
224 518
99 457
74 252
32 432
46 198
46 428
17 460
476 507
183 246
222 322
95 504
262 508
348 472
168 372
63 168
30 101
231 350
49 135
168 320
165 289
423 459
292 519
102 154
32 88
408 525
419 518
28 392
14 276
103 180
14 110
46 414
118 359
15 257
94 276
174 486
195 251
190 251
114 272
172 434
336 444
335 409
4 307
456 506
237 303
280 419
211 430
106 110
110 347
219 392
69 223
295 363
40 263
122 376
30 298
334 401
334 480
107 300
457 517
401 445
398 516
289 304
300 499
257 325
176 303
176 526
373 516
158 164
177 253
123 134
13 56
330 371
311 417
143 482
33 369
151 203
335 402
12 133
93 157
308 433
185 294
100 287
274 329
461 510
57 296
407 448
260 496
412 482
5 427
144 502
448 469
24 339
15 459
89 314
232 425
250 519
21 175
196 200
8 360
279 520
167 171
269 283
410 434
431 471
247 298
431 513
29 113
7 488
293 365
58 68
261 367
129 254
138 322
143 398
249 357
360 412
118 294
123 302
49 290
327 511
215 388
384 489
17 416
102 267
297 480
87 444
207 261
155 510
35 487
184 375
357 360
132 395
207 514
160 465
279 488
150 492
214 525
238 266
379 470
80 201
158 503
234 397
403 423
207 224
273 514
287 406
262 510
81 265
122 161
377 430
206 351
48 480
92 247
104 163
177 230
166 375
12 512
69 475
194 304
342 388
3 498
86 476
217 510
62 138
31 126
156 167
390 403
229 355
210 365
185 387
13 242
184 477
23 90
501 513
57 118
230 500
274 470
55 287
136 254
160 413
371 517
183 236
316 457
43 201
61 455
182 365
264 382
428 510
35 268
166 259
420 430
61 153
409 470
218 282
145 454
118 488
116 270
328 506
138 228
70 327
264 329
56 384
149 294
272 415
6 167
13 319
193 425
85 124
402 427
101 270
396 427
199 350
196 330
240 281
15 421
218 372
135 350
2 334
287 411
16 262
9 176
61 395
45 441
310 454
268 348
94 152
51 328
426 443
284 332
121 415
152 351
75 296
89 351
105 381
149 280
123 363
188 466
262 374
128 315
340 457
469 485
18 311
47 127
271 514
377 414
174 391
333 337
22 88
1 238
121 230
6 292
144 196
8 63
202 407
10 130
294 348
64 424
9 449
43 355
84 514
119 468
240 261
101 192
110 350
233 493
83 499
345 499
247 365
260 325
295 465
34 155
54 251
23 53
427 482
21 301
272 368
112 346
104 270
155 173
26 299
300 517
509 518
366 383
290 482
112 421
39 49
406 418
78 428
128 395
261 315
86 106
207 364
238 304
52 403
154 523
198 318
143 165
315 323
76 352
144 417
219 433
306 365
126 449
509 510
221 379
284 486
271 475
281 499
161 503
157 523
140 513
134 273
287 524
18 334
40 431
297 465
90 286
419 524
401 524
251 338
50 70
64 243
188 193
160 464
5 385
261 451
87 149
114 394
258 463
229 282
148 342
276 500
112 202
269 327
175 189
236 274
70 79
163 400
222 382
219 413
41 126
208 439
326 332
123 341
194 352
199 492
149 354
326 437
340 397
297 450
41 364
140 325
142 322
117 467
54 417
142 403
123 468
206 403
103 353
9 189
286 306
134 144
44 422
207 288
169 288
223 362
40 78
312 342
78 342
231 285
96 454
219 492
180 338
152 460
108 148
97 199
241 261
338 509
109 340
73 334
47 147
260 392
189 462
22 311
482 523
214 271
75 397
405 413
285 507
35 437
215 463
22 303
84 250
50 445
146 487
235 374
56 82
50 258
486 516
106 192
136 413
214 325
215 448
159 492
239 338
21 89
123 508
85 169
146 333
162 306
215 221
52 142
180 273
9 382
37 209
92 281
215 273
207 270
202 392
157 514
105 336
330 425
111 349
35 89
7 397
218 324
148 174
46 211
55 504
176 341
163 222
63 502
141 364
124 189
46 313
15 247
39 521
38 422
295 447
61 477
284 288
121 272
344 355
52 334
349 493
344 499
206 413
1 431
39 186
159 427
77 151
94 241
172 509
95 220
29 166
1 175
81 91
319 340
171 348
55 330
126 443
495 516
355 468
3 137
277 405
337 486
215 342
253 523
162 427
413 496
379 403
355 446
254 436
79 525
135 423
155 446
134 482
113 427
176 299
97 472
413 515
195 244
49 482
161 257
375 410
114 407
155 502
57 146
242 435
130 490
27 313
286 320
85 354
130 224
57 308
137 264
75 492
240 483
94 429
179 503
187 190
122 341
387 403
273 486
52 279
149 283
96 290
233 236
4 7
308 357
124 421
74 102
214 392
172 267
304 448
56 491
315 348
134 333
183 277
146 186
68 192
203 306
106 389
23 454
83 105
157 497
403 411
342 474
28 244
96 352
353 367
362 506
220 370
84 145
31 211
434 456
330 496
91 439
44 104
39 269
381 465
204 260
286 493
108 392
269 313
1 89
193 379
514 521
124 128
47 514
137 351
230 488
225 257
62 128
84 485
159 215
238 461
150 371
248 329
187 472
285 502
264 453
249 464
38 170
3 15
419 431
31 466
87 456
83 217
152 507
84 367
96 475
115 237
140 238
217 379
21 197
16 417
98 498
113 415
49 455
120 208
197 440
230 316
35 416
465 524
41 224
129 450
417 520
70 211
149 259
151 401
249 515
271 451
303 428
356 509
25 225
114 510
36 73
89 395
452 500
318 364
192 394
230 282
284 466
270 346
91 503
82 467
296 416
18 324
283 471
417 521
123 398
373 414
64 483
15 90
287 358
122 414
327 516
277 414
206 225
8 241
166 304
209 378
365 465
259 505
363 481
20 94
63 446
331 384
456 472
67 130
387 495
110 239
161 218
132 241
274 489
1 484
88 489
61 149
316 516
349 523
105 384
34 157
67 117
434 485
63 340
362 461
295 496
324 478
80 257
161 271
118 462
185 447
146 305
279 350
265 363
22 221
61 272
9 496
106 419
17 223
32 67
147 503
92 360
139 225
206 332
378 516
55 250
88 407
78 191
113 387
250 256
103 312
164 382
213 488
147 183
174 482
134 506
348 497
83 228
320 516
428 520
166 248
44 518
181 482
161 364
212 326
29 200
168 232
94 329
44 394
8 355
264 441
144 376
353 435
32 186
179 364
26 65
89 396
28 503
69 434
17 393
242 400
172 259
131 501
292 391
129 513
214 415
119 443
137 408
276 502
162 508
68 70
115 489
22 456
115 494
31 486
9 479
84 122
105 112
115 132
203 309
114 481
111 241
155 219
247 348
283 518
395 449
200 301
35 501
27 48
24 221
220 409
106 486
102 338
33 95
31 252
229 446
31 258
163 192
342 398
326 451
471 484
82 151
45 437
255 301
316 502
262 394
318 525
442 507
62 398
304 464
155 364
367 418
431 443
414 476
354 459
410 411
246 334
148 439
317 461
360 487
177 391
406 472
283 320
106 176
211 308
436 466
3 381
362 493
224 417
233 324
335 380
186 328
445 469
131 383
231 385
440 489
75 177
381 461
336 353
214 306
73 178
238 415
47 259
111 292
355 377
298 444
368 422
40 114
245 302
161 297
220 428
23 251
183 506
242 325
336 355
408 410
93 450
236 453
60 499
283 322
130 430
300 426
212 354
61 342
85 423
20 191
312 517
53 319
327 455
83 193
439 504
16 188
23 209
38 438
184 364
216 384
28 512
301 512
360 516
9 387
56 168
227 302
472 513
222 401
124 501
286 356
30 186
138 214
52 501
231 466
329 399
134 268
119 306
278 390
118 132
41 117
73 195
59 223
278 359
180 403
204 325
245 333
453 512
155 217
249 480
195 373
59 160
150 274
3 71
264 300
342 480
286 512
278 325
43 237
35 371
254 351
371 391
249 293
7 120
17 408
151 192
67 252
77 482
48 122
76 277
322 384
357 476
54 329
41 116
222 525
56 182
17 132
179 356
149 479
469 501
43 426
174 272
472 496
19 231
134 269
60 257
269 487
85 455
82 195
130 140
205 447
400 413
358 525
207 333
141 514
111 460
190 473
135 232
188 378
269 417
445 506
296 506
110 165
1 31
90 488
13 185
103 146
110 519
88 375
352 363
97 468
374 490
56 161
171 393
83 441
315 492
122 496
23 83
285 512
39 423
176 184
220 335
390 482
86 167
419 433
39 470
296 381
304 436
71 121
147 415
84 477
286 461
32 515
446 485
153 403
12 321
25 269
18 191
93 494
378 514
203 475
181 433
397 478
6 64
454 455
417 424
194 510
107 218
72 345
90 436
10 315
263 385
87 195
38 100
41 325
359 472
59 411
447 518
229 242
52 150
173 214
62 392
19 193
185 221
138 167
150 454
27 460
27 65
29 124
132 335
309 449
118 515
346 435
242 367
464 481
195 305
163 167
154 422
457 477
217 318
181 416
21 419
273 351
285 423
505 513
272 301
200 429
257 270
7 25
338 361
94 477
230 287
49 145
355 415
327 367
1 345
326 403
77 358
512 514
14 215
145 251
266 516
391 433
120 281
447 491
293 294
146 484
147 237
98 155
51 469
67 258
140 464
269 290
1 445
298 362
95 206
226 480
216 222
360 435
461 469
17 179
40 335
66 201
64 197
33 54
362 382
303 518
55 83
493 505
93 423
298 308
193 497
130 506
400 451
334 420
150 462
17 177
289 406
268 350
61 208
127 162
222 443
68 112
11 411
61 284
170 394
99 356
232 411
61 185
316 374
45 479
40 131
241 498
119 464
333 484
446 519
183 259
64 109
60 220
138 299
206 411
450 453
231 420
5 469
30 397
184 206
221 371
3 85
22 241
140 166
202 276
304 305
261 374
103 464
493 518
277 389
347 396
25 26
11 452
321 508
127 224
191 525
29 522
19 136
12 444
36 460
280 364
326 331
17 138
291 312
301 501
187 469
207 276
348 449
111 291
219 409
305 403
191 470
363 482
201 360
197 433
207 366
69 426
32 468
33 438
458 490
288 477
11 472
374 475
140 222
54 445
226 340
227 474
37 121
96 211
289 411
73 479
206 506
386 444
35 304
214 439
90 163
99 240
203 425
142 329
3 144
189 280
324 339
477 492
1 113
112 325
296 486
358 464
265 492
254 391
185 403
45 462
149 159
20 208
294 439
152 431
353 374
260 333
198 252
302 402
178 366
220 308
304 385
72 495
374 473
266 481
378 496
4 109
25 514
81 170
452 458
354 479
295 412
191 522
28 418
261 377
370 510
60 522
249 403
359 378
393 397
276 507
121 225
371 378
191 424
258 303
119 404
109 221
185 237
189 207
114 365
346 454
134 168
352 400
6 125
246 477
172 289
60 478
444 494
30 470
306 441
107 118
449 495
113 448
107 517
89 292
467 516
216 524
394 406
359 435
35 42
163 348
73 410
49 118
317 350
201 266
6 36
375 402
66 335
191 193
208 515
87 143
339 478
110 436
50 142
3 503
244 495
369 400
191 296
171 482
19 379
123 247
101 489
209 443
177 349
338 407
197 399
115 251
17 159
340 527
58 78
54 60
264 465
198 337
89 432
46 440
239 429
83 258
84 479
425 508
71 118
21 118
414 511
175 348
307 382
20 101
107 458
8 393
312 348
13 128
103 410
126 235
127 220
301 430
417 514
124 317
232 244
188 350
84 481
242 382
95 117
272 406
407 474
440 494
313 498
64 478
90 111
226 271
289 514
2 403
49 509
181 426
251 427
146 243
201 386
300 346
260 456
286 473
73 263
76 487
221 255
176 517
502 517
124 489
376 482
13 198
61 422
216 230
413 439
22 408
408 494
375 478
363 382
27 266
38 370
214 222
325 469
471 483
117 355
364 481
447 482
167 169
40 494
293 513
22 371
212 472
274 432
308 412
57 202
95 526
227 372
62 126
131 428
245 324
169 360
14 477
416 476
204 354
18 107
52 77
408 435
338 357
97 450
10 105
159 199
249 498
188 197
207 244
269 413
344 377
290 443
57 417
202 441
323 503
49 453
165 375
270 526
86 471
251 303
70 126
193 377
15 265
52 103
184 471
165 407
259 325
41 147
74 318
270 481
304 465
230 479
8 157
1 305
89 288
148 184
114 140
80 386
84 410
274 405
222 241
221 462
16 473
175 521
87 211
218 410
335 408
371 476
128 333
299 466
54 79
384 518
20 32
17 324
159 332
140 250
421 435
146 514
187 201
448 476
61 172
207 273
305 322
153 200
60 78
314 427
287 457
326 369
352 478
210 308
38 293
97 99
88 236
175 469
257 388
151 514
111 415
142 384
151 516
359 408
12 441
240 275
202 261
36 382
63 486
60 337
184 329
150 185
77 154
412 428
410 485
1 342
123 185
331 481
249 396
15 84
85 316
29 335
228 266
100 355
117 367
87 381
183 415
283 474
270 306
101 512
21 502
180 256
122 154
49 292
152 444
51 126
249 430
119 413
20 313
326 422
114 241
227 344
38 208
39 523
72 430
148 279
49 156
357 446
84 461
23 411
328 427
371 381
248 523
148 520
137 303
265 514
34 123
152 403
184 269
278 478
91 256
104 419
282 494
168 448
374 412
49 167
328 408
17 337
175 401
394 451
275 482
264 463
103 279
75 330
359 429
252 470
477 496
15 458
66 446
52 124
253 331
454 462
120 338
315 333
125 165
52 466
144 501
37 80
283 311
100 233
210 474
75 82
187 298
345 365
150 224
44 233
67 241
89 105
2 368
234 416
44 225
415 512
376 382
119 266
376 497
47 57
38 66
274 307
375 424
319 418
119 411
33 309
462 507
208 224
31 374
75 489
31 261
139 527
84 129
236 358
170 493
103 308
267 326
132 460
295 401
52 300
111 217
214 487
284 329
170 214
246 348
58 393
88 451
39 274
4 113
105 214
48 488
32 96
282 394
20 206
210 281
140 170
250 287
166 335
132 253
28 185
507 519
23 284
40 414
169 499
86 133
136 414
53 506
33 55
87 439
67 481
279 447
234 402
205 516
283 447
335 519
116 163
35 218
234 492
179 367
3 150
143 454
33 94
43 138
193 206
209 498
175 379
258 323
200 505
85 209
190 397
396 519
59 262
69 422
53 118
104 375
178 265
45 495
198 503
223 287
18 282
265 512
212 337
326 433
101 329
200 272
35 439
48 210
264 308
73 155
131 362
56 256
194 254
425 458
98 271
111 225
329 334
217 501
84 183
318 469
76 483
28 424
188 524
135 202
30 384
277 423
374 486
370 457
485 522
26 197
25 254
37 179
48 319
151 247
200 357
118 498
284 380
149 316
232 512
129 275
68 317
3 7
172 526
207 258
133 429
49 291
234 426
247 404
27 519
256 343
69 164
306 398
102 175
487 520
117 414
337 508
427 434
165 391
19 493
302 352
51 185
162 288
17 485
165 304
261 473
285 428
114 214
32 155
42 469
13 326
46 142
138 443
179 323
270 524
414 504
278 465
85 194
277 337
257 507
139 283
461 488
77 354
6 297
169 333
166 174
267 492
1 63
397 423
104 196
215 382
145 468
126 296
191 272
217 349
429 524
145 460
11 457
379 398
59 238
486 487
459 523
243 509
296 452
313 323
34 356
284 349
114 508
92 344
253 426
228 401
185 296
35 142
38 143
108 190
192 386
229 353
167 446
366 477
271 425
379 395
104 368
230 278
347 433
277 363
32 288
33 164
33 232
38 130
144 239
112 164
29 324
11 277
156 440
70 395
255 383
153 233
354 499
78 282
22 51
377 407
271 282
51 408
24 141
156 512
216 272
51 499
323 468
201 415
116 498
244 270
8 109
172 360
286 446
232 478
226 378
80 363
293 509
194 484
442 489
138 402
236 297
47 470
315 375
52 453
249 271
326 432
94 187
125 474
75 163
125 419
441 520
163 216
88 521
4 348
309 365
234 322
376 463
97 343
376 428
35 445
244 527
439 523
80 266
25 448
94 154
22 393
29 246
172 302
12 316
313 318
211 217
82 240
177 231
35 290
164 420
226 246
228 309
149 163
193 342
261 341
21 371
457 500
53 91
67 508
348 434
168 506
45 273
47 423
341 384
7 321
310 462
401 426
124 387
50 317
417 513
225 415
163 256
191 376
258 499
192 213
91 423
44 71
355 506
122 507
109 286
67 168
47 298
207 215
178 487
110 488
432 458
274 312
234 328
202 415
147 354
197 513
180 523
261 280
113 412
372 446
207 245
64 480
45 215
451 516
139 359
502 521
171 240
156 349
144 370
110 222
101 131
163 199
417 479
385 461
166 225
214 343
2 51
101 227
39 354
53 314
312 475
73 471
117 177
224 348
119 385
172 519
135 514
61 416
225 329
185 261
310 499
224 264
90 181
4 249
421 479
219 343
99 499
4 5
288 341
17 58
134 495
191 231
187 497
261 463
239 510
278 524
120 241
297 416
37 433
193 242
419 482
245 418
125 333
238 467
33 214
175 520
163 389
43 353
234 378
332 422
273 301
170 230
136 280
22 137
12 453
293 430
97 120
141 315
31 452
102 141
120 339
216 415
204 412
2 67
158 200
107 372
62 267
274 467
374 505
128 404
287 288
257 387
179 507
64 279
368 515
249 487
102 107
79 479
126 439
142 520
32 466
125 400
107 463
367 512
427 444
176 368
249 433
102 455
70 125
216 394
28 203
309 518
94 466
221 369
425 489
401 521
256 292
30 65
164 367
27 201
55 498
214 479
88 167
62 242
8 424
96 178
150 434
137 381
58 105
232 443
144 287
226 263
392 518
47 500
295 452
396 487
219 363
2 318
106 260
87 119
90 375
287 384
37 403
506 510
106 429
86 330
159 462
297 508
76 390
115 247
90 165
325 362
51 264
226 526
52 168
285 293
216 334
25 327
86 261
278 523
190 253
326 483
77 298
65 443
238 287
99 230
140 403
413 480
29 55
27 478
12 360
44 431
199 485
160 507
19 92
79 250
178 453
125 236
161 418
266 269
125 457
160 461
118 435
170 390
16 392
115 484
161 463
42 98
142 171
113 230
481 496
280 440
130 411
53 281
135 384
415 474
42 99
143 212
333 392
52 184
40 485
364 498
31 404
79 440
190 279
266 338
219 330
39 159
251 263
248 299
108 285
33 298
25 94
28 72
306 313
85 473
475 506
62 297
342 499
204 350
70 108
27 96
260 358
63 219
65 380
51 477
77 347
79 188
11 101
250 403
282 332
362 374
13 443
192 487
146 381
118 245
379 465
2 400
247 412
7 237
183 430
105 212
201 251
278 294
145 323
113 146
167 206
111 416
404 511
225 367
323 439
74 213
188 267
92 337
471 478
249 446
153 315
69 282
154 216
187 265
256 475
170 336
81 283
154 413
198 203
140 148
129 365
30 437
396 495
113 260
243 297
142 347
163 377
265 382
250 512
313 338
189 371
114 348
185 311
34 244
380 404
220 365
309 505
86 450
116 296
108 158
127 275
26 130
38 56
8 334
72 147
156 461
79 505
71 130
309 524
175 229
23 468
35 299
247 251
202 399
428 443
217 317
57 229
210 393
388 398
302 523
30 322
430 504
5 396
245 368
152 421
100 293
37 67
228 421
75 472
286 344
405 454
122 504
372 522
455 525
41 142
282 497
58 272
46 116
170 494
339 430
192 319
80 402
305 479
210 320
67 429
289 422
46 380
97 331
267 484
269 399
146 255
173 456
420 474
172 185
91 275
182 444
278 418
337 377
277 421
39 105
265 355
219 222
232 340
99 172
76 144
239 314
127 443
342 354
157 328
110 440
272 470
507 527
413 428
57 123
93 169
17 444
178 419
157 333
6 422
185 471
187 491
63 248
30 307
67 282
20 378
331 521
190 307
198 214
344 458
67 257
111 482
446 492
391 488
22 112
127 174
243 367
204 324
148 155
2 155
175 417
177 249
63 203
59 258
299 525
53 340
22 415
232 397
124 299
13 362
77 379
24 202
367 371
95 178
171 218
20 361
137 413
56 292
194 453
28 310
171 239
170 188
365 446
336 352
34 362
32 247
110 150
31 525
113 128
67 321
44 374
252 358
179 209
367 460
173 472
193 370
60 361
262 505
181 438
30 289
144 357
372 399
305 467
187 286
108 112
206 321
75 353
412 469
251 328
39 107
286 439
19 229
307 349
306 438
400 499
166 178
106 509
107 384
107 356
180 206
74 526
391 418
131 319
94 392
76 192
197 361
156 264
124 138
139 477
405 470
102 307
82 94
247 300
447 475
240 399
96 274
260 268
277 438
188 315
450 466
88 328
363 520
305 381
143 490
38 440
199 296
170 279
436 455
159 317
124 440
320 515
115 185
109 507
6 99
153 443
216 355
357 489
160 172
378 445
36 522
299 432
368 527
279 440
90 454
305 397
211 254
156 363
77 110
199 330
171 232
295 392
9 494
161 401
153 242
360 390
227 473
47 386
128 274
34 412
184 502
23 74
36 107
85 506
284 291
269 439
100 493
268 467
4 85
9 250
25 222
141 168
264 298
20 128
178 517
171 444
126 318
177 273
38 57
30 129
375 431
420 501
438 452
258 329
1 519
117 375
125 438
84 303
60 502
44 260
2 139
384 394
327 458
128 410
312 370
375 527
179 253
107 120
72 149
75 298
35 458
74 312
86 223
244 338
404 409
232 331
148 210
29 448
352 475
253 305
144 185
377 460
54 437
181 317
77 445
327 362
137 367
71 482
20 37
56 301
119 453
7 402
65 122
20 353
314 373
23 328
24 271
300 323
56 222
1 457
22 427
314 406
414 460
140 397
196 237
132 453
217 357
298 326
176 312
28 478
430 454
168 300
106 443
224 253
209 213
163 258
396 473
199 285
201 268
403 442
57 80
225 479
46 377
238 457
309 372
85 305
50 60
246 350
192 431
365 495
59 134
254 306
455 463
117 450
123 390
99 344
364 415
20 527
466 507
236 268
410 429
135 328
232 387
23 213
187 366
163 495
172 326
97 237
235 472
24 40
89 280
135 343
108 445
116 362
89 492
6 216
367 450
207 339
23 254
70 457
240 493
313 454
31 440
220 284
34 514
303 492
288 319
27 46
195 387
30 250
10 240
393 461
351 508
39 508
55 416
79 112
228 446
32 86
461 511
131 229
383 477
430 481
69 232
33 345
196 293
320 378
24 239
312 441
220 275
318 451
191 247
155 504
358 403
43 393
317 428
89 343
158 214
103 120
89 341
409 422
218 277
174 431
303 452
8 210
266 382
83 234
288 380
47 438
251 285
134 189
77 311
207 225
499 521
49 430
495 499
136 231
245 468
233 368
117 243
135 340
435 516
86 141
303 332
400 481
309 310
22 503
215 262
20 48
131 342
166 310
75 300
434 470
125 204
265 406
212 412
21 430
122 467
16 311
75 179
200 283
272 436
174 418
433 514
374 401
82 323
149 373
24 478
71 295
443 483
195 454
239 402
156 420
231 291
2 379
219 356
71 432
204 408
219 483
3 485
38 289
29 472
277 492
364 430
131 407
418 437
245 336
158 303
273 287
122 306
12 113
47 235
395 499
155 314
216 378
355 408
74 101
322 463
79 378
98 240
18 242
472 480
246 498
261 468
143 513
30 454
51 480
43 433
334 525
59 129
10 157
306 308
342 525
418 505
6 131
36 470
291 380
321 354
190 359
274 397
122 411
13 210
19 99
71 319
94 164
318 329
206 433
57 362
134 276
380 462
149 489
299 426
187 215
7 55
144 279
190 367
8 201
69 299
48 316
154 262
181 324
2 493
370 467
35 419
26 250
209 448
209 316
148 274
413 452
194 288
84 373
208 377
300 443
419 444
275 452
280 342
37 45
109 207
205 482
192 221
87 102
236 490
31 172
290 471
60 511
201 229
113 465
3 103
122 366
97 222
234 309
66 450
90 283
26 339
72 256
504 507
181 495
191 436
324 527
132 373
10 147
248 318
146 222
230 392
122 153
411 455
302 382
399 520
329 502
12 14
288 461
261 478
285 477
156 486
170 356
87 429
65 362
353 418
178 461
52 271
105 182
243 327
87 405
127 408
452 453
249 503
208 277
170 317
58 196
122 147
200 216
419 429
239 297
52 190
174 221
159 444
85 328
106 136
111 438
81 302
257 513
90 490
55 280
21 447
111 393
143 406
346 396
202 507
84 317
193 452
125 395
120 221
89 490
140 169
22 362
37 507
450 499
291 359
328 476
150 374
4 178
149 356
260 399
282 498
186 398
299 380
294 314
78 263
104 311
15 44
77 326
225 241
71 467
454 526
30 468
7 165
37 378
327 379
66 207
256 328
50 453
39 249
118 480
420 477
369 412
30 270
338 488
306 317
268 469
53 327
35 148
134 391
180 489
384 411
93 282
94 342
128 129
427 449
114 513
221 502
238 507
55 369
141 345
355 514
167 482
250 476
181 199
423 512
412 424
38 356
134 169
350 463
277 301
89 450
72 123
144 262
290 415
70 162
197 323
378 435
214 240
344 394
237 278
143 263
92 414
390 477
375 477
63 175
36 150
22 384
57 95
32 455
123 249
440 455
59 68
55 431
228 264
250 259
44 397
323 421
343 476
29 323
201 338
212 489
171 290
134 277
219 518
119 384
117 314
111 267
354 410
71 173
5 170
20 245
216 399
246 515
393 471
158 185
34 139
97 117
139 262
28 138
118 492
308 325
228 514
307 386
121 277
338 372
135 241
51 239
288 304
41 479
493 497
280 370
36 428
12 96
7 518
396 447
183 398
107 335
74 97
131 425
461 465
17 519
201 407
458 466
238 423
44 48
348 461
279 475
13 137
18 298
205 476
67 527
135 479
247 522
91 517
122 360
59 425
247 504
10 23
126 364
67 444
404 463
16 26
171 450
163 501
349 370
83 458
182 332
39 331
40 386
258 266
49 287
185 490
65 245
316 368
58 495
52 393
104 449
122 271
250 344
198 329
55 502
24 471
429 451
225 395
2 11
48 111
179 258
27 490
505 520
110 123
136 526
127 216
17 166
44 353
342 513
13 94
207 330
138 261
282 419
109 160
335 518
314 353
291 468
186 407
23 77
218 223
55 127
216 488
320 428
72 223
235 341
5 336
69 345
133 356
90 512
101 138
210 510
148 426
46 341
206 463
295 336
167 289
102 279
131 179
8 301
74 425
242 315
59 358
272 479
429 501
293 401
243 375
76 329
193 458
103 414
66 426
254 383
151 468
133 167
52 178
254 485
132 424
142 391
131 194
270 463
236 262
151 226
37 453
364 391
175 508
279 468
109 149
45 385
59 388
205 515
344 451
91 413
106 397
350 429
29 220
155 503
189 393
52 284
380 436
176 348
204 497
136 269
271 520
251 304
36 375
130 147
347 371
174 388
295 449
65 257
69 208
69 266
24 308
171 281
86 406
5 472
334 492
58 428
122 243
432 479
12 25
140 281
231 510
378 462
149 206
20 386
194 438
253 318
60 158
121 290
141 489
141 321
338 406
93 100
14 236
231 233
232 364
256 426
73 135
78 288
108 297
149 504
30 368
1 379
117 158
263 480
72 420
275 435
2 64
391 397
25 285
156 163
225 509
67 253
72 451
4 485
246 411
61 241
283 399
183 422
134 475
239 493
228 316
44 355
80 388
154 316
175 262
87 271
54 65
26 85
160 380
39 240
283 316
198 254
84 394
199 446
56 211
227 253
309 522
107 170
370 371
53 153
76 429
298 502
155 400
222 484
8 224
364 480
182 514
235 435
182 399
77 246
296 314
300 405
120 488
18 188
336 368
274 311
184 498
64 411
269 526
85 308
50 332
283 318
89 295
93 312
107 511
277 376
3 519
123 187
333 445
172 229
174 491
290 380
480 492
105 198
290 358
140 218
29 316
96 310
13 257
382 431
174 472
186 322
302 314
314 407
324 342
40 326
141 500
200 468
412 441
110 337
116 190
114 195
25 243
41 392
32 286
44 90
380 475
195 403
13 313
12 374
333 348
278 422
58 229
21 491
241 322
151 196
36 481
175 252
332 342
176 372
119 507
124 192
70 170
139 345
271 322
191 484
105 197
53 70
386 524
33 413
462 525
463 499
112 316
19 518
245 460
46 471
209 260
127 501
112 379
196 472
182 383
223 506
106 413
80 168
74 350
281 366
270 276
293 502
223 393
225 472
424 452
338 430
73 259
386 392
149 232
61 70
262 487
52 489
135 346
278 513
23 173
55 112
83 336
224 512
84 314
144 475
171 421
65 77
48 216
338 454
91 213
212 374
170 486
40 284
117 322
194 235
495 513
168 312
86 416
250 386
70 360
89 279
148 197
48 315
146 197
73 348
198 231
149 292
400 437
106 328
235 238
231 340
234 313
140 365
131 150
325 359
42 134
1 208
164 322
79 178
144 209
116 146
170 187
382 408
294 514
446 453
143 515
10 346
64 516
286 348
176 342
58 510
129 166
62 133
428 498
50 308
331 522
337 438
200 439
76 81
346 432
471 514
491 524
66 429
31 40
198 477
116 268
12 13
244 276
60 411
164 255
19 77
188 234
373 459
140 181
114 160
122 275
162 235
314 518
182 526
20 134
185 199
173 512
203 408
216 385
167 365
144 252
502 526
222 363
445 449
107 310
120 198
230 339
61 357
67 471
21 471
220 322
114 479
7 206
191 472
402 490
117 376
305 499
47 443
338 368
282 518
4 63
424 514
210 401
301 518
77 374
302 399
11 400
135 417
203 416
208 245
134 375
365 389
72 423
229 323
39 132
96 150
136 392
157 435
82 370
6 268
452 460
209 350
149 230
419 488
61 325
110 361
44 372
323 446
169 342
61 382
293 447
34 484
77 243
387 458
240 356
208 476
282 340
94 218
142 430
219 383
7 139
292 344
51 226
246 433
4 71
149 226
145 228
269 444
59 294
250 261
10 188
141 162
406 518
65 334
186 361
90 316
190 203
81 502
2 197
130 359
56 246
388 487
299 417
66 447
337 475
67 378
17 445
320 524
196 440
106 107
217 520
237 477
202 458
412 516
108 336
477 527
65 464
8 266
30 416
199 318
270 496
321 509
150 486
51 201
8 290
102 256
19 398
126 515
148 300
29 394
116 191
22 230
128 517
2 392
448 459
104 478
80 496
197 406
224 456
93 475
77 513
97 214
214 220
47 343
250 274
234 368
255 332
238 450
90 113
130 421
384 420
391 428
180 325
113 370
27 439
10 504
21 51
80 361
17 484
141 208
169 390
156 416
261 285
228 325
359 503
147 416
130 331
83 452
174 313
12 429
83 322
263 361
47 185
235 522
288 424
283 450
402 499
49 400
116 354
248 414
203 428
118 234
398 433
265 453
161 291
136 263
212 432
40 402
18 66
257 417
14 17
144 188
185 279
26 439
286 485
82 211
278 463
137 496
112 312
18 231
100 320
353 476
121 219
222 416
194 478
43 134
11 513
376 410
133 168
168 418
29 45
161 225
123 153
296 311
291 343
66 440
304 423
151 517
446 497
2 108
379 428
57 443
226 255
32 181
232 394
23 234
392 396
306 375
67 160
200 486
392 435
253 462
224 469
116 480
140 405
3 418
95 159
347 525
72 258
338 371
319 416
341 456
9 50
37 388
79 127
230 335
138 475
133 136
68 506
214 491
248 513
237 416
20 443
97 100
69 259
421 471
9 404
61 281
362 378
25 365
106 320
34 513
212 442
424 486
17 202
267 341
257 330
29 474
45 332
170 388
69 399
188 240
187 429
174 403
148 385
375 408
273 438
185 259
111 497
513 515
232 330
18 489
35 303
33 112
25 297
60 102
348 448
317 405
35 342
47 189
10 184
160 473
1 438
56 390
197 461
326 527
431 493
155 250
143 452
241 320
7 383
348 372
460 461
266 308
50 134
325 462
451 456
257 414
271 321
200 333
109 165
287 452
440 472
253 381
70 524
336 431
36 172
117 290
6 514
215 381
12 436
146 362
6 145
370 412
197 427
83 133
146 458
97 154
226 286
81 146
130 142
3 399
446 522
114 289
478 485
160 441
143 159
423 464
200 303
369 506
45 483
126 434
60 406
443 446
54 404
68 136
348 427
79 470
81 363
36 70
96 148
228 236
262 443
292 364
80 250
152 497
233 314
341 421
220 272
103 143
470 524
165 374
182 310
124 151
285 333
260 525
52 223
8 488
57 331
115 210
173 204
66 142
52 122
145 147
96 99
20 84
172 181
87 441
171 519
241 264
223 486
118 334
213 285
293 354
12 171
488 502
171 500
21 279
138 187
84 269
257 304
119 252
114 466
40 497
255 324
51 263
328 397
316 426
83 373
99 522
247 358
190 275
58 266
227 296
372 423
272 401
138 157
36 523
36 369
19 66
182 284
14 300
113 183
115 147
382 477
54 352
265 299
261 292
39 364
92 474
178 313
395 524
342 424
77 186
73 264
316 403
140 298
43 83
220 427
131 446
439 464
287 497
483 486
373 419
132 387
110 438
275 313
144 339
120 457
450 508
52 414
46 342
96 138
72 526
45 317
148 258
190 526
351 421
25 362
173 405
352 410
62 204
52 181
277 384
192 269
132 376
25 288
78 445
161 247
9 295
60 160
31 414
266 404
309 451
17 233
148 283
297 333
214 216
191 238
21 362
276 442
97 121
48 106
171 200
149 276
188 376
323 519
241 337
209 475
53 222
425 518
212 450
121 315
56 199
155 165
58 206
108 326
49 131
88 422
10 392
254 524
49 308
54 133
344 412
10 14
285 346
54 196
46 358
41 57
385 466
176 220
116 237
46 431
132 470
183 209
276 472
136 361
286 300
69 151
251 371
361 414
44 286
192 475
113 205
277 416
69 470
4 196
357 473
239 329
230 344
67 490
371 404
422 475
135 156
246 263
258 446
106 441
190 331
265 295
78 207
426 448
15 206
44 140
72 75
171 418
39 45
54 425
16 474
74 468
400 449
82 143
69 273
92 301
362 477
18 504
297 398
262 287
140 277
57 173
469 508
190 272
168 491
360 445
187 441
457 525
27 502
65 327
249 445
153 333
169 498
300 462
23 40
43 249
423 456
13 299
302 379
194 380
99 123
190 468
241 421
82 473
73 236
121 295
211 260
144 474
205 453
43 384
223 330
192 428
134 515
406 422
71 423
16 425
258 320
123 412
511 515
69 398
253 394
103 290
250 449
283 524
88 338
152 299
475 491
135 483
120 225
251 432
68 426
58 240
74 336
192 305
95 525
4 428
46 255
263 457
22 192
213 509
38 133
242 254
16 105
179 394
142 313
77 96
272 428
2 526
61 338
298 355
296 338
254 428
254 286
209 506
4 497
46 92
408 409
24 448
163 228
143 441
312 521
6 81
87 356
113 424
48 487
100 442
135 361
72 483
123 409
274 519
207 395
311 342
285 427
247 425
245 376
64 439
73 364
381 443
134 434
160 166
115 488
94 212
264 460
93 448
284 411
235 303
223 408
45 254
31 381
35 421
132 312
144 362
126 286
77 310
401 438
454 483
258 313
154 360
456 526
180 412
151 334
336 396
9 199
249 518
406 495
120 402
318 408
93 245
95 474
204 391
122 217
312 406
53 481
162 313
225 502
47 427
137 230
130 190
203 371
211 326
46 94
89 388
380 401
188 284
376 457
95 259
301 345
53 211
380 386
487 510
72 238
131 423
12 158
93 514
425 476
72 348
69 268
17 291
215 223
3 358
298 389
425 505
334 514
238 496
89 210
158 161
203 246
60 201
176 381
163 417
287 405
158 499
81 426
251 268
301 379
83 325
149 424
310 434
24 338
64 68
129 272
218 351
429 488
221 513
273 418
84 163
73 383
175 256
9 245
80 357
465 521
266 526
85 199
243 491
75 267
42 336
10 21
84 351
168 239
15 64
360 509
325 506
228 516
439 509
135 173
110 487
194 264
142 155
249 267
84 275
14 506
154 472
48 372
118 394
237 487
440 482
81 373
357 450
313 360
250 260
65 510
30 116
151 405
114 480
22 189
126 329
56 227
185 285
45 88
159 259
54 320
151 362
80 177
11 237
310 512
8 524
182 299
64 239
255 496
330 459
256 359
10 81
48 52
317 513
396 480
191 516
201 353
237 295
231 503
235 434
27 303
5 313
68 310
337 352
39 435
178 310
225 385
98 462
179 410
202 417
218 493
206 481
13 301
184 186
267 465
5 425
6 368
478 521
152 251
15 495
3 339
56 475
147 331
63 341
414 479
157 449
221 479
17 222
92 184
260 444
51 333
143 320
210 367
185 419
106 163
215 392
319 517
321 333
417 435
504 510
253 352
42 375
246 303
25 282
203 345
36 45
142 308
463 516
277 502
69 94
31 254
25 462
67 330
249 261
61 487
221 236
193 419
23 71
53 381
202 481
4 21
240 274
23 249
114 351
51 490
42 207
88 130
72 429
80 129
139 171
334 362
5 35
170 492
401 505
45 159
167 170
33 158
117 157
111 346
91 176
209 406
32 215
272 446
256 333
299 487
17 83
245 279
325 475
279 412
278 455
129 451
106 228
33 385
204 429
204 437
52 401
26 480
256 527
31 186
27 361
231 491
481 523
212 235
8 375
9 48
71 307
224 309
159 190
417 434
164 456
12 156
77 290
462 467
312 407
99 128
459 518
208 290
294 500
316 518
188 500
133 461
41 127
36 217
189 234
218 466
15 61
211 373
42 262
144 366
105 491
189 278
272 379
147 282
23 492
138 387
194 516
178 427
300 481
127 474
130 247
64 338
456 502
335 439
91 163
256 367
414 466
154 234
435 443
77 337
115 126
63 287
36 480
63 362
225 490
162 233
191 267
121 249
60 294
56 189
63 458
280 481
65 247
47 55
331 486
334 479
253 261
232 317
311 330
83 204
136 491
146 457
167 202
93 94
375 494
341 437
83 166
61 360
169 373
10 344
131 153
79 476
108 130
157 275
231 512
2 35
11 519
102 321
354 365
46 284
35 253
246 435
183 505
65 322
91 383
316 345
239 519
98 154
342 350
180 502
45 365
172 433
153 282
53 415
188 458
78 513
15 368
292 356
129 477
184 261
133 371
154 287
109 384
252 494
202 360
224 395
39 480
201 424
122 503
204 216
199 276
108 491
197 439
218 411
355 509
13 425
235 443
481 499
101 363
256 308
185 268
77 417
429 502
195 521
65 480
300 368
350 498
260 473
322 409
42 53
293 410
235 492
132 228
200 410
67 120
354 494
69 350
123 448
107 329
375 422
135 253
43 502
198 526
313 461
246 440
311 475
101 510
229 511
74 497
138 309
508 511
45 322
158 474
123 271
76 306
111 508
440 458
17 273
111 274
235 423
78 273
77 78
120 215
308 400
259 448
49 351
43 468
281 324
86 257
264 416
189 466
390 431
110 401
205 293
16 411
32 367
240 414
80 222
82 280
227 297
133 280
48 204
262 359
171 507
62 335
36 457
304 440
358 487
4 172
12 217
13 457
316 448
18 241
38 276
50 167
155 188
38 390
245 369
134 231
45 439
40 67
415 433
261 365
330 399
279 509
19 448
110 218
131 337
206 524
77 216
152 195
65 320
439 475
318 480
92 217
46 247
149 510
259 342
14 33
159 425
503 515
12 147
237 277
3 461
352 523
129 345
104 483
111 253
91 328
326 486
12 85
77 119
19 392
18 387
200 219
129 479
237 288
289 437
436 503
13 386
83 400
103 153
182 471
64 324
395 426
317 331
62 339
93 238
461 508
43 493
10 463
24 510
297 517
192 439
297 334
34 325
87 158
184 381
90 522
167 217
349 491
158 322
85 487
24 229
339 354
82 493
314 478
41 352
114 183
197 460
199 261
371 388
121 138
234 424
130 288
275 285
229 238
22 301
33 246
50 320
1 215
447 523
263 401
102 205
393 507
270 405
440 446
152 365
229 337
197 224
83 182
266 305
137 456
127 310
174 420
149 237
119 364
286 380
223 418
12 64
60 250
93 371
101 232
391 430
224 313
176 478
219 295
36 371
274 480
10 297
76 189
180 265
202 230
136 348
213 516
185 223
180 279
142 309
9 507
468 481
211 305
38 39
164 174
376 451
123 424
65 106
449 511
25 78
104 284
26 338
10 302
180 246
190 366
18 57
29 191
82 397
147 250
283 335
4 330
190 332
119 518
438 460
89 219
129 168
206 461
9 30
71 504
103 404
277 353
110 204
104 177
207 427
330 468
286 307
22 154
357 405
363 477
66 252
102 203
364 459
432 445
246 449
138 419
247 353
167 185
148 375
402 442
172 465
332 485
3 206
239 340
201 377
25 386
17 212
359 476
435 449
20 44
392 495
149 461
156 462
318 357
267 296
164 446
163 355
41 411
208 390
165 286
50 398
77 89
474 510
266 359
176 505
114 154
329 351
392 428
275 281
33 484
476 490
63 250
36 255
350 460
120 344
160 437
284 355
242 323
300 327
211 344
11 491
128 231
153 298
95 199
312 399
124 144
49 96
204 282
54 115
77 120
98 310
174 426
20 184
31 329
201 379
251 396
158 234
237 432
37 115
124 397
308 465
44 170
343 394
296 460
165 350
193 347
54 466
126 180
307 374
40 517
269 394
155 233
95 461
226 511
261 387
319 409
147 489
146 446
82 481
99 514
33 197
502 505
229 472
13 67
63 156
240 454
154 346
48 140
181 449
64 259
49 392
317 371
284 333
185 284
43 322
195 270
395 437
198 354
371 397
115 498
78 293
65 105
134 503
319 393
45 109
33 397
156 207
456 474
371 488
134 283
238 277
134 154
135 163
180 300
111 432
431 507
206 467
443 450
24 83
220 484
83 189
61 501
326 400
21 207
7 15
72 301
132 254
27 430
157 430
172 279
401 418
215 349
236 403
308 414
4 252
103 133
30 152
114 219
115 277
213 337
154 505
180 182
299 392
239 369
13 129
149 193
285 500
19 332
311 320
127 461
104 500
378 393
12 518
187 332
7 353
31 183
5 130
434 437
38 91
320 483
282 390
257 306
98 414
14 174
227 518
167 186
489 500
140 452
116 519
425 456
107 448
324 500
23 167
207 367
390 447
71 141
68 159
45 341
319 432
18 513
65 502
179 326
54 109
87 499
223 251
379 520
318 474
11 364
218 499
29 117
298 334
8 477
210 246
124 287
44 160
270 429
82 247
271 505
74 144
43 55
30 344
141 292
139 378
75 77
202 489
78 394
120 151
218 434
61 277
115 239
127 342
139 285
24 93
349 352
376 523
177 252
194 446
70 252
239 273
56 77
136 497
40 293
65 448
147 260
92 262
43 310
178 287
192 333
69 162
70 458
37 418
132 205
84 293
260 526
269 387
219 474
19 527
24 509
129 487
66 106
158 347
324 503
96 189
66 141
57 307
6 210
15 168
149 287
55 238
43 364
252 258
286 483
260 265
132 235
204 313
376 462
78 367
181 349
72 340
269 369
23 37
13 454
4 98
295 493
88 123
174 178
349 351
37 439
212 511
449 524
87 469
277 506
406 497
122 219
452 508
186 257
308 468
125 501
307 494
235 292
300 415
364 518
360 424
303 437
57 206
182 304
113 258
144 428
21 237
168 265
21 435
68 306
327 469
66 165
61 78
390 401
316 470
199 408
152 455
140 451
371 484
115 519
171 365
351 370
179 506
241 272
387 489
245 443
195 483
4 97
94 150
125 221
28 212
155 406
419 485
245 517
58 331
419 459
324 483
417 460
72 339
97 482
328 501
237 290
271 354
47 191
182 462
83 498
53 477
178 195
429 507
151 153
148 501
239 423
202 499
61 118
284 490
107 221
219 466
151 488
33 286
354 455
18 144
131 305
174 407
414 493
309 381
427 461
26 368
101 468
210 491
70 201
215 286
201 442
309 322
288 369
34 218
119 467
360 495
247 515
142 468
78 147
17 412
118 412
291 411
396 443
7 401
463 484
76 367
379 474
45 68
174 321
162 445
145 232
152 350
21 104
255 524
94 379
32 463
91 155
241 468
333 477
385 421
47 480
105 501
49 84
221 278
15 371
87 283
113 282
63 463
183 491
243 466
49 526
377 409
18 70
303 378
438 491
346 497
218 298
399 448
54 55
45 377
196 450
11 294
169 186
82 206
42 416
375 460
331 393
129 130
264 379
21 206
79 202
102 117
201 491
120 282
138 395
91 327
451 466
49 521
27 226
17 271
422 441
375 384
88 456
191 319
15 122
182 254
158 288
270 331
200 409
62 496
178 203
242 476
197 215
216 443
67 277
13 162
143 345
25 450
56 140
172 278
259 402
390 397
86 250
49 487
383 482
39 416
279 518
189 335
77 442
101 215
40 476
366 520
1 311
377 383
231 255
314 401
80 271
266 501
296 373
404 418
88 404
288 303
78 506
14 505
127 261
41 258
52 207
305 503
116 372
34 305
69 507
432 469
164 424
41 458
56 61
89 516
141 167
45 389
283 424
277 395
173 183
118 170
208 256
19 318
69 83
11 273
207 510
356 508
160 226
287 300
60 348
209 280
294 420
114 391
205 415
3 216
295 349
10 432
81 287
16 503
136 208
188 318
89 194
225 495
338 523
106 277
98 418
174 488
244 427
164 274
107 136
78 350
204 438
298 426
20 138
201 244
93 156
166 251
119 263
366 521
134 230
19 290
205 324
451 518
84 124
131 232
231 320
117 122
295 343
164 230
185 283
354 406
111 232
109 381
63 409
240 312
68 346
18 83
4 61
323 500
117 202
287 307
154 496
80 95
8 206
153 187
101 121
275 450
276 346
291 414
7 435
372 513
25 279
161 400
20 34
401 511
192 438
122 378
56 497
151 445
24 374
66 435
21 28
191 447
379 392
139 140
352 357
77 317
197 247
293 413
136 204
118 459
138 526
143 203
304 396
81 127
125 496
245 325
175 461
146 292
208 280
65 90
236 432
13 463
453 474
239 418
212 505
15 101
36 302
359 397
76 102
88 125
247 447
196 518
278 480
133 255
130 343
139 397
266 397
199 524
152 384
341 382
403 469
183 293
336 450
241 516
173 473
445 501
162 248
96 448
173 487
53 427
70 471
100 516
404 467
49 142
178 477
270 469
237 501
10 72
58 176
324 374
288 382
236 349
214 351
18 309
326 428
169 414
241 391
292 481
58 149
351 444
95 365
254 405
159 302
254 325
490 497
248 461
180 187
150 162
137 339
351 389
305 405
55 411
31 150
124 274
84 399
26 120
257 258
10 35
197 240
277 310
374 512
182 455
366 480
32 180
277 341
180 190
324 347
2 195
332 341
421 438
31 309
37 144
84 411
66 273
193 357
35 486
42 54
37 474
33 153
331 416
181 278
277 443
140 311
94 126
39 502
20 88
282 319
283 313
213 402
112 440
237 461
125 332
165 187
226 508
396 464
233 279
296 464
234 436
181 298
395 515
169 306
177 501
57 180
388 394
179 327
211 374
244 438
72 350
162 190
251 451
114 131
68 389
336 380
131 433
315 368
180 397
256 470
442 514
151 237
199 443
39 98
88 415
226 331
28 178
59 191
16 519
41 215
229 419
108 113
57 323
121 149
292 337
250 483
26 179
199 364
454 465
351 411
220 519
84 356
175 494
467 524
255 457
356 400
197 265
145 478
18 244
200 312
64 84
245 346
111 223
152 179
328 425
77 462
105 447
378 439
43 479
128 516
19 365
255 314
2 276
427 527
387 422
236 355
37 76
337 487
252 309
104 304
215 478
144 416
204 499
45 303
320 513
75 453
365 457
180 355
250 333
46 508
2 166
65 437
314 517
93 225
65 307
25 121
33 468
42 408
124 281
410 481
15 17
386 526
22 234
277 330
227 379
417 489
277 444
140 449
114 174
1 111
79 339
50 425
37 262
201 524
65 527
155 354
64 278
11 134
172 502
152 422
14 312
306 451
155 384
442 450
94 391
263 294
354 394
230 323
69 325
118 437
18 338
28 201
25 304
215 290
232 465
117 385
266 286
96 327
105 109
63 154
57 340
118 153
354 389
114 506
336 389
165 293
98 204
203 505
188 495
91 373
274 336
369 397
43 262
384 496
318 456
8 120
6 260
179 523
78 493
68 404
41 484
40 493
84 149
41 130
167 354
212 290
141 148
61 160
293 376
82 142
384 514
158 385
424 464
330 393
282 511
215 308
101 319
125 160
5 191
123 353
119 327
31 345
38 428
329 336
49 111
52 378
193 380
370 456
212 394
1 486
52 428
157 247
43 331
374 510
169 468
47 436
114 297
88 314
156 408
288 408
103 322
90 373
231 422
21 216
110 124
80 307
97 325
64 250
331 504
73 521
254 355
233 392
31 36
57 223
387 428
26 525
258 450
304 508
218 457
214 328
208 388
70 449
98 182
67 473
250 456
192 217
183 247
305 380
432 527
79 432
197 423
83 283
126 457
86 270
108 152
63 421
60 498
323 411
206 311
109 255
141 462
342 411
272 411
80 375
135 275
183 291
81 253
167 315
309 407
94 418
23 313
381 453
498 512
222 411
114 202
103 264
91 95
157 517
98 150
63 167
47 224
31 263
7 172
175 527
269 275
191 213
213 462
93 508
61 275
168 245
252 341
31 66
45 82
110 492
184 403
290 311
140 470
267 367
126 499
88 473
315 335
46 174
327 520
313 354
135 379
25 79
124 338
309 347
343 474
243 324
34 474
198 292
88 461
223 355
3 23
162 333
333 418
419 432
32 435
208 474
252 482
259 437
119 448
389 464
162 348
395 485
298 482
192 523
103 505
205 431
127 479
130 209
272 338
136 224
72 498
14 471
155 300
47 245
137 346
320 506
87 201
267 505
264 507
67 387
297 369
357 455
190 382
21 134
144 520
82 484
91 255
392 525
36 117
341 462
126 435
359 498
97 276
68 496
87 256
42 424
267 450
275 336
136 505
31 439
321 480
390 450
43 292
233 372
95 305
390 423
132 153
220 283
123 209
209 514
158 431
267 485
41 175
290 523
28 228
426 474
50 262
296 388
273 326
261 384
185 323
312 434
304 467
215 321
181 282
23 149
141 230
429 514
34 274
6 441
176 334
380 523
119 209
13 355
60 340
16 344
72 522
247 433
234 419
26 211
257 404
72 261
74 169
59 273
23 504
339 415
203 405
333 492
322 389
349 490
412 443
52 380
382 523
276 422
50 257
267 449
1 185
125 343
107 264
3 84
397 440
109 335
301 437
6 307
77 344
127 359
250 302
114 354
4 279
190 322
120 455
10 282
175 497
32 397
191 494
275 509
136 175
194 221
69 354
262 409
80 286
188 481
258 509
101 252
408 522
23 432
251 415
208 276
95 346
131 210
261 413
114 166
334 375
173 353
263 320
130 512
249 469
475 493
65 458
471 486
211 322
56 134
124 309
93 383
249 379
7 189
331 337
343 408
84 522
11 262
35 163
137 144
155 179
72 286
146 338
229 247
208 338
243 314
239 414
180 285
229 366
74 158
265 451
35 517
396 402
191 286
4 448
314 334
195 230
9 453
51 315
76 216
318 410
326 375
340 435
224 449
176 186
367 519
118 184
44 179
23 429
105 522
19 278
42 525
194 527
139 163
105 168
130 184
85 175
405 493
16 510
50 223
18 386
202 491
451 521
408 450
371 434
342 526
146 256
160 439
17 203
472 514
92 482
415 451
169 509
118 524
75 381
83 438
34 105
380 442
196 469
279 355
4 351
117 278
131 524
149 467
310 424
62 199
201 457
132 393
358 506
38 42
209 492
73 296
123 243
173 262
297 519
408 411
85 511
53 196
340 487
37 122
122 419
296 477
285 465
78 116
336 437
301 415
378 481
76 492
126 149
160 191
154 284
374 493
268 282
188 396
103 337
239 378
259 416
47 505
7 398
263 400
105 464
14 170
164 447
226 476
197 466
68 491
17 410
413 416
84 109
367 410
7 449
56 402
88 419
170 220
161 334
104 194
367 506
79 486
131 427
57 222
75 446
217 421
148 282
370 396
7 153
207 324
383 415
91 410
195 410
184 296
238 337
129 410
13 156
78 231
86 219
57 193
179 274
34 321
80 371
28 277
441 469
134 316
286 296
227 341
117 182
14 57
266 280
257 351
176 392
347 446
272 298
43 145
287 362
65 270
56 206
140 191
320 357
107 325
41 185
11 264
127 167
126 512
360 482
14 496
175 415
172 331
324 498
112 324
151 268
145 290
137 186
235 333
87 252
203 254
372 505
73 342
311 443
213 329
183 487
225 343
85 236
112 303
352 518
170 258
318 326
77 468
179 206
191 293
382 437
100 331
33 97
141 377
80 390
364 404
289 310
125 230
127 447
45 258
197 475
307 472
271 440
38 267
325 405
308 337
178 264
60 370
10 369
198 360
57 312
25 324
25 28
103 229
335 347
6 384
13 261
76 398
441 502
277 487
212 281
391 490
6 304
228 308
21 391
324 517
311 337
43 275
295 505
160 176
202 482
265 520
56 68
52 70
223 438
131 331
215 477
176 414
325 348
134 438
420 513
62 129
299 427
323 404
222 419
218 320
111 502
95 224
245 505
114 395
78 365
240 336
419 523
188 344
116 140
241 490
335 460
193 515
6 427
14 515
91 522
62 362
298 379
93 499
68 131
69 291
10 145
42 432
79 324
140 195
49 481
303 399
158 471
409 439
389 428
156 241
108 411
127 473
200 239
322 323
112 134
89 472
139 362
163 480
4 306
182 467
316 462
76 103
60 518
161 384
94 170
65 476
225 381
239 377
90 257
17 481
6 287
176 215
246 434
58 324
87 228
319 522
69 385
142 168
255 320
63 512
379 463
165 292
274 390
92 496
33 435
13 316
43 271
92 398
11 437
202 494
37 187
114 358
26 142
66 249
310 316
78 258
38 125
63 94
1 293
438 463
94 101
29 254
315 431
22 73
278 395
13 193
32 399
88 343
16 162
22 203
216 479
71 500
279 342
313 466
198 481
22 310
187 489
48 396
75 128
32 408
267 325
38 436
364 520
400 459
163 200
211 345
77 334
84 167
78 328
132 263
73 458
50 329
67 495
99 477
308 367
1 178
291 372
517 524
13 275
289 428
63 256
146 455
308 336
191 355
106 225
210 289
344 494
35 442
139 246
104 410
286 355
352 465
47 211
41 348
130 286
12 350
272 481
287 466
132 379
137 377
9 190
130 485
460 483
140 318
56 190
166 319
357 522
38 341
120 336
63 514
47 362
13 325
6 11
81 310
278 506
14 357
246 314
415 425
75 488
144 223
8 400
42 420
125 168
14 445
125 185
154 194
183 186
405 417
185 334
136 435
139 199
65 222
306 511
388 423
106 183
342 500
486 522
54 259
196 305
21 151
245 248
374 460
327 381
293 504
252 375
109 347
218 456
105 500
43 508
241 260
72 142
350 487
431 432
360 460
86 159
216 371
96 171
59 208
90 426
110 518
7 45
43 100
189 200
227 381
155 167
96 431
255 294
143 194
291 302
79 203
327 486
201 452
48 144
314 410
146 215
157 246
46 514
154 353
335 497
163 416
313 420
54 85
29 80
34 455
73 163
19 48
91 440
66 282
153 456
333 488
20 321
36 230
219 325
109 527
44 475
52 212
295 436
39 372
50 454
256 407
43 326
235 511
99 160
25 482
480 488
89 506
65 213
214 460
90 178
395 432
122 323
278 341
403 507
112 200
105 223
226 366
479 494
184 236
96 194
84 187
4 102
55 355
184 274
53 426
415 418
10 223
347 352
9 322
127 436
23 508
324 353
113 317
86 269
279 419
76 479
313 387
28 524
138 389
32 238
403 408
199 472
157 437
28 365
46 241
403 474
109 313
282 495
420 500
337 416
89 361
22 191
26 488
229 512
149 469
7 376
2 113
129 256
415 424
449 471
186 300
8 102
77 280
232 366
371 459
293 522
49 221
332 498
292 414
76 247
107 414
83 337
26 37
89 338
31 402
185 217
366 390
35 392
67 80
351 423
195 215
151 336
332 481
342 478
209 375
141 487
254 267
102 306
49 414
116 504
65 232
315 427
307 346
104 418
49 418
101 401
52 303
215 264
163 410
269 386
154 246
163 468
345 360
43 337
198 418
439 488
401 512
171 367
6 312
300 402
176 203
353 360
356 372
68 282
296 415
339 400
193 212
108 410
187 300
310 341
378 501
174 376
150 509
255 278
208 219
111 309
133 245
138 327
131 443
216 396
102 204
237 452
133 134
55 485
164 228
193 278
131 252
292 463
17 204
120 504
207 357
302 464
76 96
341 454
274 372
10 516
219 250
141 440
416 445
127 142
106 447
28 167
217 447
31 403
67 98
352 461
103 222
335 400
262 361
189 237
79 98
225 240
172 182
223 433
177 301
94 136
202 354
126 356
317 320
313 418
235 510
87 443
7 145
34 130
343 463
13 138
123 455
111 400
228 527
446 521
335 405
50 449
29 108
121 257
176 376
188 255
62 231
95 441
255 500
35 293
26 146
23 521
224 498
132 203
176 325
199 253
474 485
445 450
329 361
256 408
34 245
137 525
119 178
125 141
76 171
242 280
30 139
29 176
342 358
391 415
340 381
68 224
188 421
35 204
131 327
66 442
518 526
171 283
16 57
166 191
261 480
235 320
32 35
4 147
63 272
323 368
310 392
51 385
68 420
98 371
369 465
199 213
159 353
139 520
128 527
85 270
60 184
22 365
143 483
198 456
69 122
93 116
196 493
84 288
133 464
93 515
293 353
11 60
111 437
266 510
297 401
445 512
67 343
166 254
17 172
35 360
81 448
259 308
241 524
66 527
62 89
217 503
149 435
61 444
292 493
445 461
6 200
403 491
42 372
370 526
9 82
86 91
80 104
159 348
172 436
8 377
157 481
112 173
226 455
280 468
29 215
233 335
327 439
287 295
169 179
441 448
30 374
149 459
28 241
10 492
210 434
6 346
447 459
160 373
261 286
149 249
375 455
68 194
250 442
368 376
141 319
128 340
351 446
40 246
104 133
128 450
11 518
352 516
198 281
152 470
92 506
306 522
337 503
44 268
230 285
101 339
167 224
121 280
152 304
36 414
65 163
95 145
87 156
111 184
89 273
437 509
115 332
220 317
379 452
298 505
126 327
143 350
27 383
84 322
143 497
54 147
300 491
78 336
144 377
31 226
1 14
41 508
5 142
37 500
53 228
396 496
105 291
208 463
345 486
184 488
26 382
388 400
38 431
78 400
27 119
209 437
223 254
284 307
176 236
317 485
100 515
206 232
41 464
157 289
84 120
250 527
16 310
444 472
36 459
225 425
138 259
200 476
79 237
99 313
91 219
66 511
198 358
257 397
11 257
205 268
180 313
421 509
219 385
283 355
319 391
163 176
77 465
7 516
91 435
303 335
194 398
350 476
181 296
186 478
152 329
235 358
244 326
226 430
120 335
60 150
290 389
347 499
323 362
55 182
51 53
131 279
378 492
206 395
147 468
37 252
321 406
133 337
231 343
6 285
100 226
129 521
356 371
172 352
247 248
11 340
393 517
276 278
455 518
36 464
189 510
25 436
205 432
10 185
199 273
166 265
312 453
173 382
167 512
87 253
74 177
129 495
81 452
71 158
226 367
271 293
477 512
84 162
355 445
102 508
21 108
227 412
60 88
42 449
114 139
120 285
191 499
17 259
302 403
197 510
88 241
3 284
481 511
57 328
437 498
382 450
250 413
173 254
49 276
78 289
208 314
202 436
28 62
20 420
46 60
63 454
162 358
310 312
322 516
163 419
92 297
284 335
205 338
489 509
116 482
220 524
260 457
113 324
8 183
225 499
331 506
291 307
26 121
150 290
42 174
151 312
139 273
166 494
175 463
37 184
81 354
145 449
225 310
411 448
112 411
135 242
146 179
270 332
221 297
157 388
252 389
328 393
185 445
19 272
117 509
320 525
276 350
313 344
255 257
375 392
187 356
61 456
68 392
301 514
103 166
216 388
94 338
27 405
99 254
313 333
425 501
108 517
312 461
414 480
209 419
222 439
15 462
224 462
248 411
357 439
181 203
295 433
12 105
166 317
449 492
117 313
152 281
46 417
151 439
274 306
48 265
276 324
163 240
344 397
59 430
238 380
199 361
255 491
323 415
27 239
3 282
28 374
27 524
55 264
133 453
78 414
154 431
150 495
88 395
14 167
150 277
313 470
54 307
146 388
36 381
234 390
357 434
254 294
151 230
92 425
193 217
20 257
246 521
188 423
63 191
365 522
13 477
135 503
162 279
289 402
47 417
224 455
219 390
45 500
184 256
95 193
10 142
409 501
235 276
96 443
32 143
236 304
356 503
127 130
85 324
66 132
111 392
31 168
81 164
354 366
274 319
196 505
305 427
198 510
100 173
81 316
156 173
179 207
57 339
154 390
199 453
22 212
41 445
274 318
304 504
164 221
220 304
138 362
84 311
277 349
227 394
64 219
283 343
7 137
17 500
21 324
84 472
425 524
208 321
5 397
113 380
204 340
31 208
191 493
223 447
373 444
481 522
102 202
166 379
196 372
239 396
397 461
179 412
23 466
187 494
383 458
23 111
376 515
236 463
93 314
281 397
211 450
182 266
396 432
325 413
231 324
64 272
359 527
281 303
70 376
373 438
23 229
36 264
63 371
24 260
66 247
55 494
23 247
241 270
424 474
368 507
130 433
399 482
341 522
45 507
110 191
276 426
381 413
57 345
29 155
127 171
17 455
281 325
382 462
7 483
181 319
89 484
261 287
108 230
46 147
33 473
19 153
189 454
154 511
263 452
85 370
197 412
263 438
183 454
304 453
270 301
77 270
163 505
416 440
281 385
98 358
115 245
106 470
368 446
79 453
351 369
271 415
92 520
177 411
266 456
132 474
275 442
304 384
436 461
23 475
95 229
99 402
276 292
285 481
321 442
21 209
156 352
42 149
146 363
173 464
395 441
108 467
103 497
222 500
230 293
68 250
87 214
119 207
183 417
118 458
76 124
128 208
404 474
40 520
440 464
140 445
158 178
52 232
287 507
45 243
486 525
47 322
7 406
201 340
214 426
131 143
87 417
23 50
86 212
154 463
45 527
145 475
287 469
365 397
45 216
348 381
194 216
3 259
116 357
192 340
240 360
47 173
107 371
155 385
54 328
356 383
259 306
238 299
176 451
