939 5850
20898 6381 49104 97452 98775 51561 10575 26361 261 29475 45054 98280 15777 9819 5049 43434 33246 91170 38232 13554 8532 39969 80298 90630 77400 55782 96480 42822 64926 36234 6093 85815 96498 9081 83259 49158 60633 47727 75510 60885 31086 74448 59157 747 84258 64197 44172 17496 9252 36297 31050 17775 76257 65232 62289 7542 21006 12654 50355 85932 2781 10332 25632 99270 19404 62784 48429 33921 10503 77823 48690 95472 52272 7848 96219 36522 25929 94275 54018 89073 84456 38952 6840 60705 58068 23022 68238 32967 35667 72477 72783 38439 36693 98406 91602 9981 61182 40023 43893 25569 17838 92583 74934 70101 54315 25038 60516 80235 73197 68418 69300 57654 7362 30033 18351 19314 53046 40482 52272 42597 66843 25047 34929 3537 23454 26523 13509 38520 20430 57402 17982 92151 3870 92907 62253 58176 17937 76653 92295 91125 45063 15489 48771 6309 99405 21015 25614 6336 15381 77886 2817 82215 56817 37737 85743 34155 18144 53145 72675 92457 64431 44541 84609 68292 91332 747 80352 9261 77391 26532 54270 76338 42012 56934 82638 95301 31833 62136 1629 47205 93906 4446 29412 50724 96066 69048 84870 14211 22185 11430 60552 40500 55962 45153 62676 47286 99783 43020 10431 77166 69543 18594 7389 65448 75519 90018 60741 61236 6048 62370 8433 99945 20700 37836 4554 16758 60768 89424 84852 36837 54738 45405 77328 64593 44442 39996 11871 44226 36900 76194 21384 60336 94779 28773 25776 24183 72675 40401 85410 32607 56655 47727 32553 77346 39447 90990 94104 216 34299 78948 37044 89037 78237 14373 53622 22680 8253 19377 66897 45153 49455 42165 5481 98118 24822 85140 76185 97497 25533 15480 83988 82188 63198 70425 13419 2646 61416 7515 56745 95706 40356 93780 38628 18585 62037 46134 41256 70290 19404 62037 69327 68850 4203 74799 66969 29016 13824 97038 80397 39348 12519 64386 75420 29601 34803 88839 86130 96210 50238 42867 45810 90585 36648 84429 63063 52569 30564 58203 22851 49959 20241 46062 72693 24435 20853 93546 7335 34668 90585 87732 27909 56988 52110 57213 86580 86904 46044 72711 37008 96282 15570 36702 40752 6102 21123 57699 58671 5571 15903 35406 9414 90027 81468 82107 68346 56205 75645 75672 44766 20115 63396 72666 77094 15498 29871 63675 56295 29808 36378 47187 79974 51939 83880 74610 11934 58887 32310 70596 64458 2097 5994 73863 92115 41346 9855 60453 97551 85500 36117 42309 59499 99513 68859 36594 68895 52614 261 79074 36306 36630 80145 16272 42453 64017 90882 54378 76797 77076 78858 41247 79164 38745 68994 71271 80082 32742 31716 77625 72126 21717 73818 31617 21222 96561 68202 44010 49176 68454 76968 85473 58968 57114 55638 55314 75015 405 63576 51804 77472 96327 46935 56628 35064 69822 81783 15138 2556 67383 46656 74673 89091 74358 6282 64206 70920 28377 8208 73980 96822 39060 13338 9684 96165 22860 18882 25074 23256 82449 30762 54612 78768 77697 65124 13824 1404 46899 82854 3951 14274 83394 32508 57258 11637 92673 21456 82548 21042 83547 10413 71757 22599 23751 81432 72657 495 306 97722 23751 36639 28476 32247 69300 60057 97371 83115 61452 98154 19854 19287 66321 57132 51786 23571 68769 44460 45018 5202 19386 82449 15615 91134 5040 93249 26451 31581 93735 26748 29295 71370 17280 11664 3618 86571 71712 54873 23571 33165 53019 97317 52443 19332 54441 58122 42894 23202 2574 41796 28404 21951 78129 97902 66978 83169 45036 93420 14742 38763 74061 97929 64026 91332 9585 67635 77895 81288 22500 55350 68337 29403 52659 20781 48735 7101 78894 45513 84186 35352 41202 66474 11187 19323 64368 78156 56376 9396 71577 25011 2052 99522 22932 66069 90846 86400 87588 22626 67680 63972 77967 36018 93366 84519 10683 95985 91611 43461 41499 29682 32697 36585 96156 43875 55899 14409 75924 12276 77697 1386 37278 33633 900 14094 53586 91737 486 41166 68247 22050 5130 99 11952 52380 84609 22626 48366 30105 19971 43749 13680 52659 80325 63720 50427 36216 78120 26343 2376 9702 27720 93537 97218 28611 7623 50796 74232 61992 91953 96363 84042 50967 50346 95985 57240 88848 72504 5598 18945 92466 3231 86508 99018 83547 50220 49437 73647 28341 29664 76023 91926 57375 69552 89145 39870 31068 39933 67986 93051 85779 64341 77085 90630 68571 73071 47862 57411 45567 7344 76356 91917 10566 62856 44820 47997 66969 94248 21645 95301 77796 97659 41112 89055 21096 84141 28917 6048 24075 50787 99099 63738 69012 30069 8253 37584 57024 56115 94986 56475 17343 25227 48393 27909 41976 93204 75897 8937 41346 51426 58122 19134 49077 99225 62082 24066 83367 44883 30105 61326 95670 83088 78948 64674 67050 87192 2250 24066 97191 51129 80541 14535 76347 82818 96327 18315 76014 26109 27243 71244 77535 85356 44271 80496 38475 6345 4554 75726 51219 88551 37044 774 25524 15984 65448 92565 57060 21582 16632 54252 72702 51057 68778 49050 33867 65097 67356 63765 45090 48492 35010 22617 87732 33165 3114 26199 93393 61551 1917 98496 3987 92844 99270 29511 62712 18603 75960 19773 40176 46476 74016 12879 97524 96678 15813 31383 15660 37053 95148 60741 85536 84042 83358 27162 71091 40356 53352 64476 55791 9162 16857 13671 1998 16119 43173 18603 34713 73017 38367 28782 19494 66267 95544 17010 62937 11349 48393 78588 48393 97425 39321 87822 35352 76563 14976 6435 70803 22212 24795 26595 85257 41643 40257 41148 11655 37314 59742 252 64215 98100 29025 83700 64359 24561 54603 81180 35901 56880 59760 38187 54297 52965 79893 43533 29529 48753 49959 54216 70956 28638 34695 10107 24165 28836 51246 35811 66141 10980 36063 84249 62964 18972 67941 27315 43533 22536 8487 33318 79407 22131 25389 87588 75087 5274 31113 58500 54018 34956 12717 78867 17478 47403 88965 41643 76239 40203 77445 96264 5067 67392 80505 68022 40257
623 747
117 250
32 791
531 649
532 606
330 355
426 606
359 857
160 866
251 619
266 536
204 764
615 754
297 584
446 483
520 790
77 501
214 234
275 737
324 598
308 460
393 925
79 119
218 473
630 834
83 718
254 899
689 841
5 696
213 890
183 401
544 598
172 732
609 879
319 791
291 573
23 437
676 889
494 838
539 777
71 244
198 219
473 687
645 743
468 527
523 632
291 689
115 304
607 927
21 385
33 748
688 755
101 636
181 855
133 671
105 936
145 397
187 606
149 761
688 773
350 892
385 390
51 508
53 642
692 934
149 894
544 933
291 931
10 758
111 435
447 557
339 659
471 825
342 891
270 515
814 830
112 167
245 865
171 396
387 670
184 369
158 463
90 241
792 902
391 896
249 762
51 935
368 600
152 218
167 795
596 620
38 147
135 677
489 582
157 308
391 876
517 561
221 889
256 579
534 617
20 873
397 552
498 698
380 927
251 569
213 358
584 808
115 490
160 336
178 765
817 847
15 617
434 459
535 741
243 570
26 333
9 686
244 584
123 345
453 491
174 782
423 917
279 749
139 838
119 453
100 290
308 324
702 711
671 863
498 607
249 283
187 443
477 775
420 649
420 881
263 738
215 345
189 347
722 725
394 410
319 846
182 373
254 428
260 582
253 346
506 694
164 926
260 330
637 748
566 637
86 752
191 376
168 651
603 898
48 242
615 699
178 759
217 302
152 606
327 691
161 732
102 438
624 731
160 875
566 903
212 726
373 752
176 460
505 529
80 150
304 558
118 717
368 382
278 392
734 869
269 916
214 492
528 546
606 780
165 731
396 680
715 860
456 835
357 655
603 678
204 501
56 470
243 490
531 868
381 571
534 609
308 316
167 851
712 846
20 449
597 937
232 560
17 541
274 482
600 723
198 318
73 546
419 805
755 787
73 597
118 763
46 317
135 302
440 908
543 545
455 484
40 556
161 284
229 809
549 589
46 681
709 876
310 446
416 756
236 727
47 333
16 426
109 630
233 893
595 746
426 882
88 782
512 649
117 300
743 851
88 284
524 582
613 725
390 392
632 721
66 105
165 649
272 826
545 622
348 748
281 767
602 749
378 762
238 616
248 480
114 440
281 864
3 581
124 518
29 314
206 273
352 749
192 337
40 908
7 54
130 752
468 884
543 554
446 521
294 506
376 866
514 875
183 725
721 898
296 832
368 497
542 676
287 743
509 589
154 636
231 834
29 761
6 617
9 283
364 596
20 506
732 898
313 614
134 236
12 324
235 911
24 441
386 726
411 517
63 165
137 927
561 565
538 704
117 872
99 724
730 812
651 737
89 418
245 661
379 460
98 760
692 818
108 301
637 826
61 688
468 785
415 889
356 413
215 424
199 523
171 822
114 702
564 659
249 259
345 567
875 938
348 721
17 472
91 675
153 515
212 743
413 703
166 895
756 779
834 939
419 630
329 926
275 540
163 714
419 765
829 867
205 317
154 671
31 40
726 781
100 821
297 611
33 446
131 770
375 765
623 680
294 847
602 847
125 502
323 376
176 336
63 208
494 767
874 884
83 679
142 338
130 801
363 518
190 383
150 484
102 758
221 878
769 904
180 463
243 555
522 648
20 133
370 913
527 570
572 665
159 166
48 347
26 838
736 779
381 919
433 579
179 409
34 397
248 916
750 758
100 276
641 667
533 888
438 647
511 792
474 685
315 825
691 848
286 676
71 744
295 775
598 741
487 759
177 668
262 834
643 841
359 399
159 192
171 494
698 801
270 881
208 329
241 628
614 762
460 547
87 686
285 674
306 504
222 728
136 854
1 508
50 770
419 579
30 171
224 747
575 739
58 424
180 185
441 476
226 652
792 819
460 599
579 928
399 433
697 818
293 669
26 394
251 480
441 640
53 710
272 603
116 834
188 664
219 564
164 251
158 262
99 518
189 484
110 832
215 773
440 599
157 718
92 376
751 844
76 910
51 356
293 577
662 814
303 377
486 782
366 808
492 600
162 553
15 284
210 890
470 597
192 208
548 892
50 463
139 533
109 400
293 813
248 792
479 785
419 447
235 606
306 657
294 834
620 891
671 883
221 636
683 724
203 748
40 104
477 884
87 573
481 549
246 770
516 722
354 671
493 731
83 652
141 939
198 224
263 269
49 237
429 586
162 502
9 540
33 226
386 458
439 936
219 512
413 935
146 839
182 749
279 831
231 847
628 682
111 541
190 421
293 323
572 806
90 502
203 754
56 106
429 762
71 170
377 608
498 761
267 905
325 403
275 707
418 419
237 591
390 487
301 369
411 914
660 854
293 575
193 840
488 718
298 578
359 530
220 485
708 837
276 350
403 604
333 649
631 699
532 740
32 721
669 901
134 566
405 575
54 716
31 139
431 545
328 373
693 834
216 227
334 759
655 684
376 763
344 870
268 886
35 462
311 666
418 523
86 122
641 922
525 639
273 900
212 690
512 789
178 498
43 143
111 461
74 588
293 767
470 730
666 883
643 875
56 806
333 910
465 803
310 741
20 754
236 808
282 318
306 883
50 521
99 459
544 695
63 444
141 621
379 827
351 897
400 906
557 649
220 270
292 382
52 236
125 182
249 456
30 128
209 466
195 231
310 397
535 879
67 552
43 100
358 420
748 873
399 402
1 423
726 874
795 822
501 896
85 889
64 280
58 125
694 874
180 349
177 440
180 631
614 623
340 674
259 792
390 919
163 634
253 823
454 794
543 553
585 732
345 594
61 291
238 770
581 729
736 892
367 801
500 771
870 878
198 901
5 871
564 868
315 452
479 673
284 787
733 764
609 789
48 877
387 438
266 415
306 778
134 929
253 255
46 930
545 861
43 866
452 568
1 264
6 894
538 642
27 307
59 257
797 925
6 668
30 924
230 705
127 860
514 928
295 374
350 585
485 524
55 360
187 304
419 804
650 897
529 639
58 586
168 291
117 530
108 892
545 577
153 211
438 489
207 493
354 505
669 817
192 637
626 654
297 727
234 293
750 808
493 733
502 864
257 764
755 859
632 877
468 547
643 851
121 184
164 207
430 557
510 764
161 684
140 578
523 559
422 934
785 911
91 402
63 719
186 541
606 616
291 854
274 465
71 589
385 403
19 322
208 541
277 888
662 791
757 759
83 145
169 638
207 244
269 805
145 282
235 383
113 858
178 188
642 710
723 919
218 634
67 545
283 624
673 867
438 827
23 767
27 79
57 818
106 933
78 623
328 896
603 901
162 312
7 242
139 684
494 724
605 753
350 823
364 679
509 611
145 167
570 600
308 404
52 537
589 832
302 493
379 787
137 859
27 108
273 699
236 367
96 783
244 468
645 853
336 439
250 622
504 853
485 827
10 737
495 798
393 785
550 697
355 700
271 831
333 556
274 727
300 302
355 881
575 629
547 907
61 473
533 598
411 699
431 697
348 692
776 826
205 419
172 501
69 651
155 326
541 929
196 436
108 211
585 606
715 845
249 794
168 657
436 665
174 313
172 655
365 917
9 567
439 671
504 936
248 464
152 608
304 584
102 862
663 873
30 626
472 835
88 298
115 669
780 912
330 520
469 881
716 808
92 757
467 744
113 408
595 668
311 312
224 333
239 575
493 569
307 419
227 331
93 903
410 605
348 576
47 606
267 748
307 373
796 886
261 409
144 583
148 813
196 917
560 857
368 761
113 538
482 860
389 746
57 812
423 875
518 655
13 156
127 377
397 848
458 829
54 905
689 911
352 609
17 126
205 234
46 215
342 390
488 641
789 905
193 838
220 918
787 853
329 717
217 876
389 770
456 827
824 851
12 394
367 933
22 89
359 908
290 837
279 455
88 370
792 879
495 571
563 632
266 394
359 774
179 234
605 833
16 578
129 608
34 643
317 550
267 361
219 328
80 916
544 852
451 844
138 440
130 780
10 734
630 709
538 844
685 841
308 326
504 854
424 655
99 341
520 825
81 231
126 700
788 939
343 469
576 827
267 866
249 354
113 814
551 674
247 528
352 839
440 740
34 290
318 505
233 446
160 548
369 678
636 871
229 323
185 802
56 431
304 541
118 777
353 499
406 521
581 876
20 684
10 355
421 464
512 619
245 643
10 250
770 894
624 661
382 637
393 645
157 787
492 553
284 637
9 832
175 236
420 646
10 209
358 756
514 746
509 666
80 163
310 939
516 534
150 699
134 455
257 490
391 879
504 653
597 678
337 534
259 666
105 748
832 894
654 848
103 600
261 414
326 710
525 741
154 740
277 529
84 725
527 698
272 293
117 354
150 214
25 301
526 804
30 615
501 767
380 807
432 764
298 610
243 549
109 651
345 672
218 835
191 483
536 716
561 768
375 846
145 883
66 422
25 631
56 582
340 788
253 929
23 104
292 557
457 469
70 545
731 843
705 742
419 702
35 521
58 605
841 884
445 551
567 680
350 548
248 781
785 898
846 921
627 676
503 601
721 878
39 585
94 820
454 710
262 561
212 514
533 907
134 262
390 583
644 804
212 378
596 726
22 533
268 771
41 607
70 750
15 366
420 762
757 822
15 123
526 919
4 332
339 514
188 198
445 926
108 530
467 498
370 633
215 504
195 935
61 207
627 938
216 371
88 178
361 911
457 640
367 596
159 505
173 256
179 625
293 301
338 560
768 769
89 755
276 597
377 721
459 693
565 595
801 825
475 624
166 805
279 742
88 184
266 454
714 909
682 860
671 763
509 693
77 912
693 853
350 758
597 704
1 614
452 566
711 896
237 681
240 931
79 510
397 565
507 595
486 588
583 834
80 818
453 658
81 746
223 700
640 764
456 583
654 806
433 480
46 447
480 638
280 925
174 895
28 703
13 574
450 674
90 618
124 679
120 502
152 276
484 500
785 795
357 905
105 339
179 629
703 798
388 869
266 757
496 591
213 270
258 281
442 615
766 927
145 498
193 382
278 802
487 661
366 772
326 708
211 678
185 412
24 285
10 87
422 486
363 386
798 923
795 826
396 476
58 288
1 896
458 469
159 239
372 731
709 880
348 899
265 564
427 684
357 358
346 478
534 886
436 656
388 609
593 831
219 608
265 773
420 811
91 923
553 561
140 705
223 827
199 210
304 419
541 925
506 904
429 860
461 758
325 589
505 686
269 637
706 779
205 908
719 895
407 870
114 180
300 367
272 575
97 392
177 741
195 864
101 289
423 846
57 481
498 588
55 555
285 832
71 475
243 422
103 855
435 753
86 857
44 899
621 851
12 468
349 387
523 569
115 350
84 608
772 791
651 816
194 760
194 598
664 930
206 427
359 533
702 868
488 772
410 734
160 331
410 673
90 290
128 428
87 660
248 822
230 496
221 848
610 688
853 897
99 717
381 687
759 838
900 903
247 360
818 829
449 919
236 493
691 910
430 560
761 857
130 887
456 822
296 596
195 657
668 758
148 881
354 879
472 817
478 592
319 467
94 886
586 829
634 824
175 606
84 396
434 479
472 758
571 655
29 788
906 939
382 794
1 346
409 787
217 655
61 669
452 848
133 871
31 428
267 869
98 623
901 916
72 739
327 490
289 416
831 898
273 474
205 783
325 829
140 890
186 883
478 854
356 566
274 314
606 637
193 764
437 778
709 810
335 908
266 883
540 579
41 432
472 516
278 532
485 559
580 593
7 52
683 723
249 609
415 871
289 497
599 849
549 718
37 711
82 225
213 603
184 223
323 845
692 873
308 354
47 485
459 768
220 876
10 319
139 930
554 770
694 799
132 292
166 721
567 676
514 809
36 329
359 800
587 821
410 887
5 276
229 664
85 724
760 917
819 874
19 791
410 709
651 827
205 348
807 864
155 876
227 628
747 813
467 677
275 600
234 404
129 789
166 257
237 303
888 930
272 831
57 872
47 286
17 635
50 793
366 841
267 628
205 682
488 500
315 884
189 560
15 768
178 435
454 762
82 682
216 457
205 385
259 755
176 563
336 477
292 543
684 716
578 628
258 749
384 618
237 336
249 676
316 758
90 577
749 883
152 800
683 904
9 265
200 821
350 445
834 930
545 756
626 763
791 855
708 792
241 877
49 507
211 695
562 863
42 176
338 610
410 777
178 343
178 308
144 224
533 796
265 555
287 597
714 855
105 119
297 719
400 904
278 348
715 768
14 587
831 903
306 319
64 778
56 490
280 368
702 747
266 588
321 738
524 578
348 435
274 769
220 888
244 895
67 282
478 799
65 913
19 178
327 857
53 492
14 864
810 889
123 159
67 283
95 719
74 651
94 217
194 668
14 534
143 709
215 426
23 775
92 912
405 428
29 98
212 736
210 215
20 652
12 723
345 864
322 844
278 553
556 661
714 740
9 649
291 308
173 279
61 670
298 829
256 589
370 588
2 610
795 857
286 689
340 899
75 902
629 709
42 555
720 881
287 638
296 384
10 47
366 626
73 416
277 332
131 426
14 367
362 650
584 796
285 535
163 400
318 350
62 786
64 258
356 698
645 802
60 257
361 579
705 895
129 552
316 631
2 643
325 548
461 640
82 809
419 553
135 414
255 395
459 586
65 458
183 502
53 797
134 290
110 761
22 253
560 907
465 752
516 797
305 707
267 896
120 735
514 639
579 783
55 926
463 637
540 743
103 621
692 817
361 753
613 653
167 221
304 418
147 927
306 439
94 753
227 471
388 708
579 716
119 708
771 913
418 603
550 809
276 535
28 801
142 768
34 194
552 751
391 565
156 452
19 336
214 401
154 768
299 400
726 925
273 359
62 505
740 888
99 249
554 834
338 746
415 542
8 367
20 510
162 912
440 760
73 82
690 905
677 779
314 362
109 800
149 185
484 640
780 796
28 800
30 501
3 110
294 512
614 749
537 856
22 324
488 787
833 894
583 723
372 579
20 269
48 803
385 545
261 307
566 788
80 274
435 627
705 929
171 173
78 364
68 862
284 729
72 159
617 737
98 122
297 857
153 681
287 812
698 838
600 659
240 631
35 686
177 856
75 433
350 686
416 727
183 365
18 864
79 345
499 556
222 775
49 125
171 416
10 328
425 588
126 678
124 409
425 483
548 675
585 808
305 372
250 717
307 440
205 664
90 673
112 403
321 523
440 870
39 726
634 830
214 471
6 323
78 449
28 919
252 748
60 693
55 450
399 539
319 906
450 780
559 692
570 921
39 387
73 229
163 576
227 670
163 890
135 510
343 399
738 769
750 772
129 696
172 724
618 658
18 188
350 743
343 488
315 725
831 844
656 662
210 589
233 450
334 474
461 768
416 478
191 516
586 758
117 522
341 861
162 808
743 759
285 542
3 712
258 321
246 378
205 739
662 780
62 387
761 804
127 607
301 847
447 829
344 509
584 661
180 479
470 787
81 752
413 844
163 836
238 873
136 186
623 719
179 289
134 300
23 33
147 291
179 405
343 420
93 545
278 636
10 64
803 872
147 786
315 651
453 822
258 529
275 527
306 696
254 547
707 781
453 648
247 395
363 828
151 630
132 654
50 449
629 883
482 546
281 430
91 621
695 933
68 140
468 721
10 672
377 718
164 780
64 550
248 429
278 805
280 638
725 891
574 857
508 827
313 339
299 735
358 485
461 795
720 781
107 113
638 666
475 546
7 570
2 640
120 156
303 584
683 884
38 885
361 780
301 879
222 919
572 820
213 221
309 860
354 647
45 824
120 324
384 881
45 443
130 590
364 606
286 504
186 691
79 232
54 438
639 744
415 906
363 499
324 788
217 536
282 782
665 882
750 852
925 931
199 816
147 530
848 881
437 842
408 446
718 731
425 902
388 615
84 691
560 757
293 517
137 610
470 695
77 490
280 627
52 929
168 323
396 917
13 872
260 423
282 825
556 778
338 923
52 301
480 577
175 380
139 170
65 356
135 303
366 859
389 855
160 203
626 818
88 799
255 314
176 889
417 530
147 482
249 638
591 593
585 816
233 612
15 447
190 536
775 820
107 852
125 758
43 685
445 727
534 815
87 142
4 148
232 248
606 855
259 334
106 621
137 792
70 886
122 204
508 789
47 887
96 466
552 679
186 615
84 465
4 327
145 305
709 744
373 893
127 449
511 578
203 732
1 24
748 853
490 599
133 906
365 750
59 866
415 716
215 801
36 319
180 447
598 920
80 422
591 809
661 762
128 166
137 933
4 124
13 216
460 519
66 765
343 518
76 809
102 318
787 832
6 925
418 695
425 504
88 520
82 777
819 918
409 633
356 638
680 757
88 456
203 778
625 938
829 831
45 796
3 891
251 252
309 400
289 469
260 386
22 267
188 815
115 356
458 831
549 636
819 853
159 916
292 642
42 102
258 753
294 395
167 931
234 855
415 783
332 477
264 797
144 904
790 844
247 921
142 472
656 807
773 774
716 769
98 903
114 708
647 896
174 306
458 874
920 929
321 812
437 732
578 692
109 532
155 323
148 440
274 931
490 803
184 254
223 478
189 489
210 276
46 489
118 864
345 865
305 365
414 585
144 285
647 653
709 715
95 499
5 655
129 706
567 891
11 502
49 74
224 460
412 787
85 375
257 751
42 55
421 466
118 712
209 847
342 924
487 580
325 745
466 794
865 901
618 646
94 229
656 869
386 472
472 652
134 500
1 341
272 340
9 631
135 518
43 369
141 725
826 871
198 642
198 760
25 755
262 429
417 558
420 438
445 741
551 711
477 791
383 806
650 857
520 557
329 659
534 536
787 887
300 386
218 713
301 560
441 743
221 336
235 808
413 870
124 220
422 638
399 718
66 361
435 473
480 527
311 362
654 732
301 321
654 820
716 811
573 706
244 360
302 395
107 124
355 875
498 628
129 557
370 639
422 855
782 936
119 931
569 747
370 615
167 499
165 322
214 227
77 577
38 139
772 908
315 455
539 888
616 742
26 272
25 28
376 831
161 235
593 913
126 206
318 568
272 304
736 874
256 489
115 624
316 392
91 679
561 645
422 891
493 507
279 288
16 606
373 803
5 559
285 331
27 106
219 227
8 925
410 519
739 879
33 88
162 795
699 827
571 707
592 628
10 168
414 421
40 114
28 634
300 902
36 272
63 94
335 639
197 556
210 799
6 435
459 602
392 721
172 357
274 875
597 838
251 458
889 893
632 837
761 779
26 829
813 890
449 642
91 656
173 918
440 537
15 204
472 914
468 591
573 788
59 622
245 780
507 530
232 856
27 729
362 444
283 453
534 918
331 532
791 862
146 749
646 687
9 305
268 848
445 775
115 396
389 600
390 443
131 826
104 328
63 472
56 142
574 658
31 394
602 694
447 870
5 555
167 244
514 575
53 760
646 669
67 384
212 266
246 723
59 880
296 389
899 900
71 118
371 588
137 300
460 531
87 642
347 433
77 740
2 534
337 469
471 933
16 290
500 915
190 335
32 906
240 372
315 688
419 648
315 899
421 539
282 795
338 818
699 731
401 753
25 540
758 858
368 571
338 520
190 562
503 533
811 901
404 697
177 274
421 862
143 262
187 705
589 600
232 892
221 936
190 403
262 726
37 195
89 371
692 838
112 171
545 663
280 655
136 305
189 503
280 303
2 372
6 230
688 888
84 112
392 497
582 844
131 605
41 636
196 925
830 886
67 113
564 895
399 709
14 901
247 304
18 747
15 337
432 518
271 462
653 803
67 536
33 442
222 750
130 640
430 666
176 302
414 802
11 488
312 758
69 398
867 905
621 777
11 626
613 651
220 431
127 851
601 878
477 729
11 231
83 347
277 688
32 120
562 744
713 720
265 552
221 784
483 565
221 519
109 201
294 572
479 762
149 748
530 538
384 490
166 846
138 525
177 694
38 560
58 83
81 234
148 550
252 832
378 660
673 862
554 838
512 602
496 710
395 912
39 937
512 875
762 917
47 829
424 791
135 682
117 268
73 549
366 872
360 649
227 758
726 745
94 238
545 729
134 778
891 895
101 424
401 917
247 669
190 792
152 673
39 422
337 818
482 534
72 777
285 726
55 91
590 649
98 859
422 561
123 169
484 878
676 817
603 633
18 804
410 690
205 788
757 880
641 857
233 402
2 280
608 757
245 442
279 293
237 716
66 468
565 777
207 429
83 377
733 862
365 443
387 902
338 664
331 546
573 717
418 749
539 552
569 882
117 203
645 677
56 385
107 608
170 641
342 917
106 175
395 599
487 731
83 891
251 331
363 482
360 659
144 157
138 354
214 243
263 297
331 810
536 816
182 537
667 819
404 501
489 672
740 751
25 292
426 622
550 921
543 925
53 603
571 797
126 861
8 911
397 410
348 469
441 691
144 406
198 863
244 595
294 440
234 506
61 607
507 787
803 900
7 340
432 815
302 884
649 870
124 588
641 709
577 906
348 813
288 652
247 320
3 600
643 792
234 292
450 751
20 843
342 437
73 916
596 876
59 683
676 692
268 599
160 323
105 217
50 452
327 569
79 255
832 912
468 713
166 815
672 890
368 712
575 720
678 791
386 740
85 702
336 861
268 377
19 701
74 821
819 928
257 465
611 663
133 372
598 779
779 858
105 194
66 137
542 574
250 397
69 370
58 774
169 589
226 911
323 757
389 602
28 449
45 96
71 250
262 439
261 534
839 842
362 468
283 847
52 398
122 776
648 896
137 344
193 301
258 835
854 868
436 646
386 731
385 407
24 116
550 743
492 791
218 557
302 568
2 244
80 689
534 587
92 123
69 223
756 833
368 615
233 784
355 691
37 411
670 778
272 504
194 423
70 288
85 779
628 777
481 762
432 721
65 787
333 421
880 928
470 825
594 757
750 901
510 771
35 113
53 726
382 923
65 79
747 866
288 353
336 630
468 866
321 609
361 481
280 645
404 724
753 849
655 699
204 839
670 795
356 602
249 754
557 927
4 390
285 775
470 763
341 853
69 594
463 546
116 831
420 795
392 877
79 444
264 418
800 809
700 904
663 820
628 771
477 876
82 812
248 838
17 587
93 826
173 690
158 189
851 936
93 925
296 353
3 98
348 443
382 465
128 554
74 577
101 869
47 888
39 271
559 671
319 321
392 693
695 841
897 914
386 539
236 657
220 868
385 410
231 614
856 874
29 851
424 650
91 137
565 826
24 359
500 755
104 855
423 743
386 412
319 923
604 909
137 502
363 752
96 467
189 815
422 687
48 906
67 99
156 774
377 529
42 219
212 553
76 734
83 345
614 935
120 592
151 793
289 366
373 627
284 513
277 928
92 639
548 723
432 618
181 638
53 341
227 364
732 757
24 888
241 650
73 809
32 633
144 877
31 89
379 474
79 581
390 830
179 838
274 845
286 747
214 360
244 402
408 439
413 512
71 208
422 864
542 679
263 895
529 839
141 220
450 506
156 938
298 699
459 852
293 451
398 906
399 463
198 305
240 634
350 471
137 564
295 323
24 702
94 794
268 404
779 800
352 684
88 590
207 346
87 104
518 693
603 699
64 730
100 934
606 608
414 524
320 831
181 707
25 643
231 269
633 757
72 90
236 430
24 101
51 869
836 938
107 392
135 606
797 822
393 793
28 374
8 302
362 826
387 843
447 787
166 199
389 758
60 603
635 919
228 797
362 647
58 927
233 925
367 585
124 657
520 524
736 872
268 897
11 371
398 508
438 766
173 816
74 687
318 880
14 542
305 342
397 692
802 807
193 675
667 677
644 756
703 837
395 462
6 113
113 194
491 580
522 622
132 714
365 933
88 142
231 882
240 628
127 738
191 696
618 891
495 855
617 896
378 390
40 935
479 824
90 270
135 817
182 470
18 29
43 837
89 372
476 629
277 791
41 810
211 267
636 694
115 573
826 939
129 286
44 725
643 645
443 921
122 480
442 591
54 938
174 375
92 926
391 771
50 331
68 797
153 914
478 595
367 880
86 743
392 514
210 446
450 461
738 920
414 497
231 621
140 909
99 565
113 627
664 818
742 771
6 448
385 512
653 668
768 794
146 774
345 747
138 258
677 923
151 560
73 272
302 879
509 832
382 851
20 292
850 893
194 484
856 925
421 867
175 176
249 525
179 918
263 870
213 506
830 839
18 239
78 578
682 779
78 342
553 939
304 686
143 188
226 472
209 924
130 559
202 625
187 800
98 377
74 546
38 550
803 861
550 617
749 919
774 903
170 882
735 880
488 652
400 540
140 402
61 884
80 445
6 859
540 737
485 673
152 300
570 596
51 334
282 439
182 635
450 734
156 181
520 902
646 698
139 158
24 814
40 798
77 860
189 867
64 818
811 826
138 649
218 759
203 559
584 893
529 578
175 189
39 362
254 389
314 565
416 647
309 589
211 759
177 680
199 841
353 564
580 836
194 388
125 554
319 459
362 623
47 390
113 369
464 895
156 687
196 544
806 913
792 935
209 909
473 888
421 805
228 601
395 864
616 851
31 55
227 401
11 732
424 687
186 687
729 839
114 286
334 465
502 836
52 627
171 857
586 789
417 681
92 817
237 240
516 754
435 722
516 570
417 532
188 685
705 877
737 910
200 627
659 799
536 930
626 906
33 832
577 827
450 675
15 756
364 549
181 700
350 356
79 678
572 935
256 628
265 731
354 892
126 530
117 119
15 812
194 270
209 520
100 684
530 926
63 572
326 430
121 193
63 714
150 592
234 433
436 836
184 644
101 533
418 772
285 779
604 893
299 891
333 575
282 727
104 426
184 713
278 488
15 886
307 706
459 641
231 322
356 370
95 517
325 590
27 668
300 833
376 929
440 795
430 785
210 326
387 517
619 753
864 921
352 836
154 329
68 585
168 524
232 491
424 843
641 859
634 646
72 379
727 844
64 329
14 460
6 422
100 696
317 392
535 675
123 599
492 559
871 930
21 884
140 698
613 757
151 774
191 654
447 532
131 442
800 831
161 809
601 915
3 920
196 563
30 241
497 824
745 757
294 630
238 834
761 917
376 787
59 823
60 429
471 599
154 307
435 656
9 332
199 656
68 150
474 794
243 292
926 932
545 718
719 884
472 779
318 775
373 789
65 108
112 583
201 438
339 689
676 878
278 904
416 520
189 497
476 570
240 909
644 857
287 666
69 829
103 638
66 157
319 531
660 902
796 857
190 929
105 133
479 653
226 412
740 876
80 582
656 684
82 495
519 816
360 682
39 728
102 694
720 758
83 318
646 705
318 613
397 897
218 246
341 744
270 748
387 721
502 514
144 550
132 192
732 820
255 927
396 679
251 260
559 711
18 859
107 780
155 508
13 124
158 775
774 841
105 477
890 934
597 642
34 591
28 118
680 750
67 719
421 797
227 281
280 506
483 824
699 760
395 631
494 650
469 826
71 664
288 893
456 909
763 937
388 911
243 802
684 864
151 569
201 596
43 287
264 605
244 825
380 788
123 438
78 799
682 939
379 741
205 369
202 354
127 845
163 709
222 778
321 783
177 243
638 804
270 909
44 600
234 472
332 475
155 399
317 326
865 884
252 317
72 558
39 619
407 891
116 123
444 763
420 539
573 777
482 780
156 711
38 791
123 633
408 794
341 391
105 371
498 813
317 866
129 609
443 633
452 804
320 691
198 757
320 419
90 111
459 847
343 587
880 892
268 559
738 802
144 639
288 423
122 817
24 826
52 80
283 538
200 809
720 908
465 876
14 287
658 936
391 571
355 635
296 497
227 444
578 762
31 500
148 694
397 887
62 226
241 891
11 759
491 651
86 585
274 534
111 311
584 866
557 854
84 175
79 284
424 857
386 789
136 157
117 330
455 480
13 753
442 834
727 812
187 445
176 343
79 849
244 474
418 643
178 305
3 196
435 599
411 709
305 811
614 887
13 293
27 936
235 512
235 624
377 519
518 845
56 923
708 834
320 832
747 752
318 780
71 713
413 782
94 403
399 866
142 477
590 646
537 698
414 710
610 639
106 431
9 64
103 605
75 714
7 797
82 615
232 333
98 327
187 850
574 674
82 546
390 706
139 143
765 934
356 671
105 709
54 689
26 406
712 821
338 344
11 579
147 295
2 303
283 739
245 309
575 659
262 455
493 670
113 779
320 752
103 768
281 463
245 884
283 721
181 687
501 901
406 555
497 800
429 512
489 512
522 771
134 208
794 862
10 754
297 904
66 615
492 540
570 698
378 786
41 573
199 342
162 287
578 710
197 808
150 752
116 454
23 494
378 497
272 273
649 759
63 235
157 380
334 530
249 554
707 901
759 856
405 781
181 617
653 664
307 738
349 564
167 870
651 671
201 410
147 814
143 324
531 842
62 192
185 854
296 450
423 803
265 877
463 840
481 767
260 311
143 362
153 722
173 394
303 767
564 865
360 406
55 740
465 506
61 439
673 732
318 699
404 751
684 697
49 80
14 738
243 675
138 379
214 678
80 822
46 913
80 286
44 256
229 469
387 480
898 905
457 521
59 697
35 375
35 287
540 677
25 487
457 889
146 529
83 315
234 521
272 613
71 290
409 680
372 795
572 815
17 680
224 272
404 531
46 437
571 722
378 574
273 365
757 910
312 602
865 930
402 708
557 782
76 84
670 713
403 704
392 665
303 512
537 764
31 773
32 245
185 549
642 923
558 882
387 573
287 701
244 345
589 661
55 323
412 619
399 777
251 450
2 489
356 745
457 492
687 774
66 117
19 705
730 748
63 90
459 522
350 503
378 460
364 642
627 837
638 753
227 558
333 429
544 668
136 816
701 869
105 804
594 834
328 542
345 813
370 891
231 335
80 257
125 184
254 791
143 642
116 201
399 506
192 776
523 702
910 914
434 552
695 771
99 449
144 504
423 700
440 485
248 363
75 198
223 449
140 171
282 776
465 936
276 595
499 846
793 827
830 871
198 442
642 876
378 909
151 464
149 493
32 219
561 676
494 816
469 709
482 602
485 491
287 558
81 411
3 455
382 693
510 914
151 673
68 470
471 515
239 370
381 863
311 714
328 852
202 879
329 443
324 937
293 441
632 730
9 784
58 512
484 798
600 927
233 886
123 866
374 648
67 897
148 576
167 867
257 919
469 805
73 765
566 673
331 471
326 803
434 735
716 913
101 887
247 889
62 163
202 481
391 490
462 650
122 171
492 676
257 498
141 805
650 751
441 521
334 768
264 758
200 311
483 536
300 592
131 243
196 588
551 623
133 916
69 815
162 384
38 781
26 540
438 824
465 818
280 575
386 837
337 568
549 858
36 931
336 345
541 924
447 503
250 352
58 467
582 937
570 740
217 685
302 673
537 756
189 688
314 562
294 604
431 917
745 808
583 780
118 469
40 729
75 742
152 931
113 357
327 534
13 778
254 605
114 908
10 725
83 426
405 919
688 847
67 428
94 393
448 923
658 705
263 389
76 192
180 206
337 531
472 655
855 884
330 880
36 683
314 422
74 373
224 648
112 137
788 807
24 884
248 802
731 783
238 523
308 493
623 920
28 320
780 899
37 858
328 345
450 706
365 637
373 619
252 883
322 410
738 897
55 59
132 417
82 158
277 282
140 305
195 454
275 909
76 465
325 528
79 404
166 488
258 765
685 743
23 669
443 482
40 121
208 358
729 898
845 895
521 711
222 886
333 432
11 112
318 461
266 693
250 557
240 837
641 675
501 569
105 327
13 190
672 734
437 845
74 345
524 706
360 575
483 786
735 899
764 932
173 267
204 739
89 896
5 242
439 870
373 549
358 874
156 809
256 302
762 826
257 464
186 734
694 900
113 745
107 919
429 750
189 667
448 810
50 328
56 119
271 453
49 485
74 750
537 813
740 815
158 197
83 480
78 287
145 472
429 769
107 220
345 799
353 860
233 539
613 668
495 596
199 908
297 529
192 452
395 787
166 230
278 418
354 604
81 739
35 832
54 507
18 134
546 776
242 353
636 760
64 591
87 265
218 612
162 349
130 592
110 228
144 502
2 776
536 854
171 757
57 816
767 916
177 438
202 407
111 723
109 438
113 423
328 476
6 390
94 446
50 644
201 583
110 405
471 759
336 850
234 665
1 501
241 711
361 713
187 421
21 863
702 928
275 511
480 864
551 710
307 611
10 626
19 693
301 885
334 737
303 582
860 877
636 880
453 750
148 266
212 343
32 235
644 672
259 615
406 919
159 694
622 730
43 819
167 589
370 733
20 638
385 806
115 625
562 911
395 759
41 755
228 386
98 202
62 750
486 923
7 51
113 884
347 884
251 719
801 866
550 668
215 691
614 629
234 520
69 811
396 914
345 579
217 459
653 744
111 743
732 841
474 930
126 527
329 759
693 798
550 589
59 607
153 221
184 665
336 360
214 541
274 841
215 392
236 669
293 862
376 639
201 609
539 732
267 892
534 739
593 830
1 126
665 711
156 362
618 878
347 828
342 504
399 849
327 493
188 455
441 924
674 867
324 817
308 415
262 854
386 725
47 509
110 419
100 930
456 899
274 695
513 526
302 614
135 735
462 810
310 424
140 192
253 794
68 903
63 257
206 579
271 712
54 264
378 488
549 863
422 556
118 140
442 695
504 573
253 320
8 548
508 839
120 686
26 877
504 690
153 641
185 402
362 448
197 824
250 400
547 665
137 798
57 194
10 809
43 851
178 858
470 678
442 801
273 304
335 812
290 667
624 671
91 884
238 528
569 786
33 704
347 831
179 851
123 591
46 754
37 224
412 696
742 748
442 656
394 754
204 697
162 755
729 883
139 431
236 396
242 513
55 255
36 618
665 806
232 792
672 897
603 751
211 379
315 489
95 557
779 810
754 899
159 866
595 841
213 908
413 438
643 937
471 648
435 815
205 717
269 640
567 792
139 273
246 596
304 844
40 102
219 442
275 882
32 473
454 500
226 902
70 409
210 333
383 824
529 911
344 517
521 774
23 596
521 648
76 569
99 612
689 842
868 872
647 749
345 817
294 354
521 837
40 900
374 382
470 932
358 721
207 408
344 473
467 520
289 434
284 650
20 783
471 621
248 267
61 792
118 566
38 615
114 686
54 659
25 698
35 463
166 888
410 852
96 266
212 721
25 772
511 530
659 753
156 207
738 837
792 868
817 854
238 400
86 701
57 489
165 172
353 755
436 482
818 856
100 807
485 582
56 670
644 652
685 750
105 222
289 350
202 402
188 857
555 717
180 620
79 861
437 486
860 916
379 887
349 415
27 340
54 741
161 738
217 623
660 901
245 858
84 181
691 847
485 868
129 466
255 686
721 735
228 400
244 887
18 500
49 857
153 562
53 700
208 348
59 464
849 922
588 863
191 459
45 703
800 802
777 877
238 740
117 656
227 611
145 844
122 552
58 60
323 712
112 431
121 587
213 292
75 672
257 503
251 833
13 268
231 678
59 205
109 543
363 492
77 349
485 695
642 882
216 362
279 762
63 195
50 238
766 802
436 908
20 544
378 610
495 763
183 199
347 358
289 642
36 542
450 661
147 704
812 835
687 896
171 647
524 841
638 935
82 83
6 128
76 486
8 516
89 627
427 441
140 834
532 726
87 398
30 709
90 158
448 924
504 612
229 570
14 24
77 401
596 647
848 861
614 889
328 647
292 300
376 729
337 623
539 653
350 731
533 786
546 659
10 155
239 510
188 219
571 774
705 807
100 205
108 119
624 709
83 904
553 792
174 463
445 910
457 771
76 665
337 717
243 822
189 516
354 803
317 910
850 896
511 729
32 423
302 361
9 93
371 869
400 620
527 604
337 862
177 290
458 559
639 769
257 365
61 556
85 464
227 884
292 349
73 379
18 440
419 576
822 930
261 288
81 354
319 645
618 858
556 933
83 504
544 826
786 880
512 786
167 641
332 711
129 196
21 229
380 898
24 345
143 428
271 924
69 849
320 501
616 766
245 706
214 336
182 365
283 830
249 457
311 672
596 895
41 372
352 430
600 883
458 460
355 709
660 702
555 563
13 859
401 655
89 393
460 864
774 824
58 792
184 512
131 789
256 552
76 642
334 724
6 312
451 913
156 322
147 334
313 553
294 793
252 672
198 852
815 929
674 684
304 322
264 604
151 555
153 286
398 399
47 858
108 310
121 873
486 553
57 904
395 668
623 755
65 114
152 341
37 637
210 707
26 725
353 483
156 493
724 881
636 720
31 312
86 484
99 199
712 823
146 291
171 311
482 861
522 829
20 627
62 746
489 490
750 838
591 850
324 623
172 922
299 730
532 662
753 794
259 305
141 609
262 878
371 748
458 565
188 542
175 904
508 803
138 427
21 75
256 643
212 282
12 571
58 108
68 922
200 637
272 727
898 927
415 677
454 774
183 773
354 889
159 676
199 582
174 916
174 524
496 608
156 210
118 779
116 386
335 741
124 148
561 798
515 784
376 724
617 697
161 671
169 683
177 834
354 815
827 904
71 310
100 887
39 880
346 625
231 619
82 298
236 737
333 802
23 455
736 814
182 832
632 669
323 696
254 416
76 851
234 937
274 860
472 772
459 625
752 938
153 383
229 744
293 392
461 791
78 684
65 495
604 825
254 754
301 306
481 590
257 404
131 146
162 906
402 717
465 522
173 407
288 390
396 631
427 525
579 731
155 741
596 715
575 692
342 875
187 814
111 125
234 637
308 537
463 770
412 629
712 927
568 704
410 772
360 576
237 516
671 723
810 917
649 743
585 777
368 374
491 841
14 601
739 784
679 768
149 285
102 150
175 773
86 388
920 930
147 601
114 320
56 539
66 260
217 283
109 729
263 929
156 657
4 150
333 459
660 848
475 617
456 462
420 639
83 880
486 855
222 348
404 628
181 899
344 779
145 234
228 533
312 337
193 280
105 899
707 750
412 547
525 534
422 797
897 912
177 939
26 928
246 359
805 806
272 861
141 797
668 936
343 763
69 340
348 417
138 385
181 939
70 496
45 318
105 411
558 933
133 877
300 852
214 579
135 533
714 824
435 735
40 113
141 510
325 855
301 372
61 488
614 689
549 569
776 933
727 839
665 670
165 707
357 417
270 662
257 305
208 698
374 638
77 269
435 526
190 202
596 619
723 891
112 496
566 695
540 929
385 464
830 875
436 902
65 93
481 553
814 868
755 905
10 238
437 899
174 719
501 763
605 824
195 249
635 651
18 879
767 807
348 712
625 690
198 432
359 598
290 698
271 639
624 772
208 632
392 875
340 715
459 905
99 301
812 903
236 313
764 820
667 833
277 309
110 876
214 361
45 324
493 629
705 751
249 551
159 624
500 921
126 583
303 612
69 780
431 835
250 692
327 469
210 477
120 698
457 927
108 893
587 644
604 712
149 219
296 513
428 594
268 619
643 755
197 293
397 784
304 744
80 525
370 616
129 499
33 720
118 532
169 744
520 529
659 885
362 742
262 312
441 443
549 553
104 823
98 897
231 484
713 915
416 812
366 698
66 571
827 926
735 753
136 250
887 936
34 135
248 869
634 670
567 870
202 429
99 632
187 486
104 790
523 616
373 894
31 83
122 818
437 551
282 823
555 731
351 547
562 733
320 455
570 787
367 913
556 824
215 406
284 792
204 616
67 658
119 819
69 360
224 409
624 813
304 673
400 580
548 669
155 379
323 789
256 277
547 672
165 304
330 543
751 800
26 549
182 905
151 893
115 582
593 745
109 690
405 606
10 571
613 669
358 825
563 751
43 447
191 339
14 81
219 504
728 901
86 889
569 916
404 866
272 280
789 863
418 561
259 489
120 122
94 513
255 515
364 662
272 651
570 631
892 926
402 768
475 556
11 340
616 688
431 652
874 907
651 676
358 703
239 413
347 863
560 892
199 907
79 331
85 792
356 557
318 677
23 115
100 331
61 928
197 349
668 740
19 42
383 592
218 684
65 771
433 742
114 288
69 676
378 492
560 767
319 788
711 757
603 663
564 576
225 244
66 161
393 838
356 364
103 239
105 708
133 159
338 623
280 686
65 218
323 646
801 889
530 697
303 394
532 701
536 905
57 915
592 661
228 299
258 881
329 728
142 257
678 789
436 650
602 912
479 661
482 784
446 867
145 626
153 598
332 899
190 201
670 786
504 531
437 588
29 797
156 765
583 603
456 816
567 804
807 822
452 876
221 425
346 370
6 875
536 684
381 879
39 662
419 841
508 679
9 871
817 857
5 663
336 752
286 790
530 803
634 688
154 814
286 426
189 818
771 794
12 703
351 608
163 695
455 877
280 350
534 665
313 896
271 392
130 397
347 419
341 411
597 672
67 504
402 476
418 885
211 810
870 921
152 925
863 895
350 774
84 99
262 655
63 660
154 794
283 405
372 747
708 820
53 347
502 645
44 321
307 752
99 506
111 733
847 869
311 607
103 777
515 936
70 570
241 609
50 137
142 684
695 858
361 596
472 939
102 572
157 565
711 902
740 875
630 651
50 170
653 924
15 625
330 474
512 874
244 650
153 520
251 879
30 354
324 337
338 684
324 669
580 677
328 806
58 470
221 918
274 339
162 727
499 768
251 753
53 849
105 928
505 832
4 659
205 411
419 891
625 769
206 870
405 418
69 644
437 701
210 657
492 774
485 628
274 724
138 402
161 582
673 753
72 687
725 841
650 671
266 652
577 695
179 659
349 473
20 439
311 873
179 241
216 697
418 442
165 555
293 750
161 352
200 840
574 850
449 538
282 573
266 927
117 606
196 735
614 839
663 914
419 639
594 771
401 430
214 373
179 648
338 431
177 816
194 552
118 830
128 249
226 478
314 573
870 900
177 185
463 651
415 481
258 590
75 175
389 392
713 737
73 253
542 869
510 566
332 382
190 842
658 792
296 558
180 669
545 614
34 125
790 881
523 783
6 85
516 615
38 834
407 607
276 456
485 566
227 897
504 891
374 466
429 658
315 496
79 393
297 775
153 595
64 320
145 469
503 552
21 150
99 404
73 125
887 897
650 902
193 323
401 807
36 807
282 933
20 330
184 317
19 234
164 291
321 574
450 916
276 348
92 104
25 324
56 419
4 131
34 817
102 246
58 778
246 664
451 661
261 447
392 551
403 635
113 721
509 703
412 791
237 500
171 670
152 543
211 298
56 634
288 602
446 813
58 160
137 597
880 913
270 538
311 667
462 789
219 321
148 413
730 766
575 873
538 873
213 369
341 839
149 510
772 783
432 673
330 468
235 881
792 849
360 467
185 898
437 773
3 305
234 846
352 568
544 866
495 848
151 243
60 816
404 619
78 542
199 246
159 814
293 362
80 187
181 359
774 865
29 409
197 851
212 264
227 684
374 838
568 689
436 638
687 872
467 525
277 818
9 925
282 938
5 834
433 578
456 838
151 837
150 597
81 601
79 367
23 680
793 898
389 635
694 698
275 520
399 519
111 539
35 308
532 636
362 840
296 308
424 669
491 576
128 175
613 908
233 694
307 783
716 919
9 535
78 486
600 785
185 597
519 645
246 546
363 838
795 801
118 299
25 184
661 749
785 798
239 682
455 857
431 481
305 894
684 744
175 831
256 380
163 863
730 905
351 842
483 898
34 184
674 827
60 828
488 555
568 828
310 398
148 716
51 548
635 819
117 676
673 677
419 516
171 724
597 619
152 891
93 170
119 734
118 806
151 489
177 821
507 523
49 560
290 510
512 751
67 620
112 842
170 630
134 614
278 825
147 419
250 659
110 604
8 465
894 925
121 570
576 716
489 620
608 871
278 517
64 573
408 488
275 911
514 894
87 274
16 434
15 904
307 596
359 690
17 375
212 229
284 364
308 766
233 924
118 263
344 755
204 780
72 431
312 872
361 478
89 480
127 636
612 737
43 514
644 800
249 818
27 46
184 488
758 906
112 935
601 864
246 894
553 696
7 184
302 334
793 810
288 580
8 841
25 30
329 889
751 882
29 718
132 798
661 752
10 843
462 542
188 486
454 859
123 669
742 843
2 839
102 653
292 524
641 719
444 475
313 604
522 794
130 155
445 837
318 724
123 700
185 752
38 137
165 605
263 302
344 625
278 742
344 573
123 739
574 679
534 539
386 623
376 721
656 676
454 747
325 329
97 575
214 596
195 638
124 744
252 713
197 471
214 359
210 641
171 245
37 135
134 287
722 823
885 924
34 587
482 597
287 782
584 621
59 792
99 937
235 509
598 821
824 918
433 617
205 362
429 735
244 477
80 493
81 176
559 761
71 276
645 872
253 749
221 742
129 826
165 710
275 932
422 498
300 682
145 190
430 715
374 891
78 282
121 440
111 445
679 892
231 759
333 632
680 704
216 217
243 900
472 888
242 578
243 703
322 347
214 267
139 535
296 552
105 494
635 828
611 668
335 372
327 699
57 656
98 772
84 217
64 928
96 220
455 539
166 615
309 789
136 745
269 639
387 776
628 793
572 643
297 425
400 514
399 774
110 412
579 790
22 286
666 927
169 418
279 355
589 725
722 859
187 357
605 615
309 518
534 750
667 740
35 889
298 624
694 830
105 720
256 514
756 824
448 685
183 277
855 929
158 287
99 938
71 908
796 855
214 281
393 880
367 609
810 930
218 224
18 745
637 860
247 393
175 312
49 518
184 776
574 859
312 452
308 740
6 308
843 892
31 854
592 858
477 641
606 743
363 503
103 165
764 910
334 655
3 4
476 514
159 378
403 528
415 564
402 545
13 853
151 858
619 798
574 687
52 378
848 923
304 849
419 918
379 666
299 355
410 795
132 244
168 879
728 733
752 883
17 768
335 927
311 741
700 917
756 790
54 939
392 903
730 787
547 613
213 678
148 354
645 777
164 226
189 934
16 910
767 905
665 762
402 767
211 549
188 591
290 327
719 728
263 790
118 741
590 623
97 463
427 742
199 288
123 854
70 512
373 647
369 825
303 313
203 868
191 776
61 755
616 895
111 801
132 867
327 856
697 731
395 766
529 738
521 651
468 923
602 830
624 706
796 892
394 531
568 683
306 816
631 856
32 882
635 817
544 666
147 306
221 709
104 191
170 245
213 257
204 378
762 882
453 744
162 596
583 606
175 938
363 593
423 825
698 860
245 572
761 824
247 733
7 557
63 143
165 333
521 750
415 721
509 829
29 262
606 919
547 617
436 613
86 228
196 582
362 534
219 774
222 591
521 541
216 678
646 716
613 794
86 929
397 705
39 316
177 372
766 824
794 799
54 563
409 786
666 757
338 482
577 854
696 784
470 857
702 926
252 529
139 843
752 842
518 802
98 343
253 317
230 718
487 627
852 877
11 883
160 453
48 92
387 773
795 814
99 395
21 152
363 669
216 300
878 929
803 827
253 283
348 520
190 286
333 915
61 725
22 754
363 762
816 923
72 503
49 258
529 670
173 843
6 109
351 830
304 622
704 824
133 244
123 919
71 898
49 242
191 611
228 596
378 833
77 135
795 823
612 825
189 338
41 166
46 401
636 671
31 879
160 550
484 507
155 457
79 781
390 820
498 899
579 811
77 866
99 505
602 885
609 910
154 856
134 624
896 935
15 928
257 785
360 702
517 860
240 922
624 894
389 448
320 569
253 922
572 657
123 658
422 565
271 922
9 372
136 396
752 809
380 646
717 736
676 865
46 348
23 349
726 800
168 371
338 673
512 540
327 764
591 637
510 532
291 433
513 679
52 316
739 797
283 429
112 121
149 419
249 410
146 562
33 118
21 570
90 175
598 780
743 855
408 880
393 403
253 418
340 734
293 930
245 393
531 843
140 191
227 236
576 642
85 462
233 475
165 440
61 765
599 728
116 636
346 526
243 658
763 767
211 356
418 516
657 912
221 908
268 889
260 278
18 156
97 321
91 745
230 252
121 859
452 537
434 683
16 318
248 889
298 619
398 854
254 553
276 936
330 701
186 803
354 645
379 715
225 341
265 433
310 591
81 632
20 726
660 784
29 649
2 159
593 676
238 659
169 394
304 471
158 618
124 932
135 884
740 903
130 366
132 257
172 649
432 572
329 454
52 601
191 363
374 869
62 538
796 799
129 615
378 925
747 874
587 916
104 555
151 244
491 816
278 733
504 817
12 320
16 41
29 404
342 885
100 109
73 466
435 910
372 567
209 315
142 350
35 883
477 761
238 474
380 862
64 405
334 596
595 752
533 539
18 828
195 621
201 507
182 781
164 271
200 782
335 655
67 558
769 896
304 692
365 843
60 323
687 740
24 817
579 871
153 282
328 329
351 385
108 242
528 848
495 788
395 870
347 676
168 938
22 122
5 96
176 617
49 687
178 587
422 736
339 893
809 887
624 837
121 683
692 812
306 506
389 834
368 685
121 702
525 818
527 755
269 689
589 655
201 367
86 119
572 692
592 599
414 701
787 896
145 878
244 538
293 305
85 166
31 205
62 314
327 820
732 840
288 863
75 571
344 718
172 417
245 274
68 830
237 301
565 673
265 673
633 863
277 458
121 439
482 581
5 571
319 720
263 407
308 532
107 665
378 761
358 414
316 488
318 710
471 760
578 701
853 920
175 494
158 616
655 741
233 733
51 537
20 577
53 218
347 431
288 386
145 575
409 910
670 745
284 871
225 284
165 921
333 538
827 843
30 700
190 351
84 264
702 876
605 700
360 449
25 299
382 396
311 608
176 783
430 541
132 226
1 671
383 803
698 844
203 500
23 134
413 845
27 711
732 807
109 132
445 722
17 849
373 530
245 722
267 725
310 812
605 939
389 530
419 718
87 775
398 545
196 376
79 550
559 666
170 842
659 757
325 335
733 860
358 739
139 618
218 617
145 474
531 892
164 853
53 180
752 852
318 520
470 789
118 253
276 930
424 775
110 404
33 75
386 866
642 856
575 865
615 788
576 920
167 557
271 685
105 126
466 574
355 795
749 833
654 912
667 699
451 621
29 713
3 172
650 820
101 675
230 297
271 614
300 363
407 629
65 622
710 924
279 841
330 616
88 465
446 575
241 487
687 916
255 419
9 751
741 777
44 167
561 932
75 305
261 574
283 564
111 568
107 499
275 855
552 857
506 671
494 819
62 602
557 579
115 451
20 424
390 852
223 486
464 872
342 707
4 693
316 746
579 743
630 865
775 905
329 781
158 930
189 463
543 750
39 881
162 308
340 418
95 288
381 712
257 319
605 637
445 650
870 882
326 374
75 663
53 158
839 895
89 416
580 811
672 777
141 702
451 898
74 250
349 799
394 698
102 832
138 578
100 872
93 445
237 519
154 495
797 900
660 861
202 493
29 93
40 223
161 775
299 721
96 493
4 136
515 596
537 556
174 302
303 420
288 922
525 589
15 767
56 512
321 460
339 570
630 722
309 612
138 275
384 515
370 497
645 889
37 921
717 889
403 755
223 725
167 696
206 928
275 441
10 902
494 901
168 776
144 780
476 771
614 914
536 577
361 513
19 607
285 517
100 118
31 666
345 354
440 829
202 651
530 689
193 767
531 739
325 738
41 83
126 200
12 210
194 846
88 234
526 662
727 785
142 885
210 630
221 683
97 332
316 872
129 514
71 236
84 760
49 576
210 240
633 836
779 786
445 454
238 533
591 774
42 868
356 490
157 573
198 547
582 639
58 576
37 232
18 342
662 834
51 816
270 720
736 886
316 744
328 567
94 662
136 270
37 540
280 528
429 516
344 560
324 915
273 528
328 826
163 725
7 407
104 921
523 536
124 529
49 865
268 322
298 408
32 180
1 702
134 939
104 219
584 646
189 644
773 846
359 367
286 528
363 823
506 642
51 171
598 818
380 578
40 311
495 864
296 358
71 750
403 496
468 885
466 521
160 261
30 625
191 563
338 875
530 547
161 765
11 712
121 483
63 876
457 528
58 912
217 367
633 893
730 788
394 454
237 802
292 925
765 939
143 929
150 504
149 698
544 724
636 639
466 926
406 540
72 314
161 611
200 761
334 550
581 632
46 217
80 152
262 741
139 426
90 612
75 557
341 470
703 809
148 156
214 406
579 780
37 104
539 658
297 426
593 761
760 846
37 148
820 845
334 539
568 815
125 939
294 798
101 535
458 838
347 604
352 796
359 535
184 722
602 744
282 286
475 504
547 849
760 893
246 936
429 934
443 499
308 912
364 782
352 686
387 462
234 393
717 934
528 585
757 858
109 939
27 192
196 660
296 674
41 732
3 655
714 929
138 863
334 805
563 616
561 782
514 730
51 84
657 837
504 899
193 284
217 347
306 539
734 838
208 472
340 819
206 700
29 91
511 805
87 546
239 553
246 379
47 790
307 871
240 682
61 470
46 593
797 855
124 601
378 678
84 230
102 536
19 85
551 731
461 926
14 224
177 733
212 594
333 725
516 572
178 469
392 770
243 244
272 810
373 437
827 842
324 329
274 757
23 348
380 915
77 494
503 788
660 836
498 915
329 392
21 382
267 280
374 598
362 465
334 491
381 639
20 926
525 628
465 926
340 725
749 891
320 610
284 420
603 690
535 847
388 929
185 808
563 612
747 875
127 239
409 614
489 547
382 587
116 571
83 889
198 375
93 504
399 696
148 782
196 913
2 766
425 855
595 699
212 810
22 451
573 774
97 829
