917 7176
2706 2946 2880 2352 1986 2274 144 4560 3972 2886 2790 4074 270 3462 1218 1080 714 2130 4500 3084 3408 2700 3702 60 2712 1902 5268 4914 12 5358 3180 4848 192 2166 3186 3810 894 2328 972 1782 1560 1734 1884 1506 3318 24 5190 3612 1182 4764 4740 2268 5154 4620 1092 1020 648 2502 864 1956 4614 4320 30 1410 522 546 3048 2388 786 4986 1926 4062 4548 4818 3492 2376 2724 5262 1590 2658 4314 2928 3528 4248 600 630 1494 5082 1116 4224 2484 4176 4518 3690 4890 1758 2304 4650 4920 846 960 1602 2412 2208 2610 4452 2970 1866 1392 3984 672 5370 4398 1842 2844 3798 3366 3732 4146 3252 1584 4428 150 4950 3660 294 456 1680 1566 114 930 2838 5238 4956 804 3102 2586 378 5028 2076 2742 72 1248 5286 2952 1362 2922 690 2358 3666 1668 5304 5478 1002 1314 5112 1422 4008 4884 1578 3126 1932 834 2976 1548 3654 5004 5184 948 1038 660 2778 4260 2982 2262 3750 5472 2292 2532 5454 4272 4446 954 1398 1440 5094 1890 720 3168 792 3216 1968 1308 3300 3228 3156 3054 2826 1044 5256 3900 4212 5220 5274 2910 2568 4440 1050 732 3594 1962 4014 3066 3918 2142 1062 2808 2346 3684 5232 2340 2904 882 4164 3768 3828 3018 3762 48 5340 234 1350 4578 138 5280 4806 5466 1776 4080 1206 2784 4908 3006 5178 906 3210 2106 2988 1386 5034 4776 3708 3816 1446 210 390 3384 5430 4404 1338 1098 4068 2556 4266 2682 3738 4350 912 1320 2256 4626 2196 2964 4422 1380 3192 852 4458 54 5196 3864 2094 3162 822 1992 3498 1434 4470 180 4230 4896 3108 2868 4506 2670 5400 2406 3378 354 1542 4734 4308 4392 3330 3504 5382 4728 576 5118 1086 4374 2694 2034 5448 4194 4368 2016 4032 2232 1620 5490 3852 5412 2028 4830 2454 5328 492 480 2382 858 1464 3786 3978 996 384 4416 4980 1212 3774 4638 2496 5298 4590 3444 870 1344 408 1356 1764 4962 5040 216 3780 2286 1188 4866 120 4674 2334 816 3030 252 2874 36 4254 4752 3636 4002 4596 3060 198 2760 2172 1974 96 2820 3618 4056 540 3288 396 1860 3096 2652 2064 1812 3588 2394 3198 1818 1512 4926 414 3582 4104 1518 828 3414 3264 978 2832 4530 3642 4770 840 2940 228 2430 876 2022 2184 2100 1242 1608 3744 3624 5130 4116 4716 4218 3234 3312 5316 4488 4338 1920 2544 1128 5076 3540 810 1458 3846 696 3354 372 5310 3078 1008 1290 246 504 1170 2622 5046 534 4692 966 1896 2052 186 4494 2688 4782 1134 3306 3024 4128 5334 738 3894 3564 5364 5124 4938 4206 3036 990 4140 3042 4086 3426 2310 4482 5136 2592 918 624 3960 5502 1104 3930 3840 3912 402 4134 4236 3132 4584 5100 2466 4110 348 4566 5250 924 2442 2046 264 5022 3480 1032 678 4656 1980 5388 4854 642 3450 4284 1452 2202 1554 3138 1770 4050 1176 1698 5052 3072 366 3996 984 3954 426 5016 5070 798 3000 564 2058 1794 1656 2646 2580 3924 654 750 1140 4698 420 4038 4944 4170 5148 3438 768 4800 42 5424 1470 1848 4968 4278 360 2178 1158 3420 4476 1614 1530 4932 3630 5166 162 1428 2892 1296 1944 2796 4026 2436 450 1662 552 1650 684 3258 4182 4836 1908 2124 4542 570 4992 1632 5496 5376 4812 1914 1164 3516 4044 2772 2298 438 744 3360 222 3888 1488 432 4302 936 498 2634 4524 5058 2574 4974 2934 3858 4092 3456 4662 2226 4344 510 1194 4242 486 2244 5208 4464 1998 3792 2628 2370 1254 1722 2958 1740 5406 756 3396 1596 3090 4098 3756 2856 5436 2070 1854 2160 2664 4902 6 3324 3510 3906 4602 2766 204 1374 3834 1878 4722 3966 1524 4200 5064 306 1326 2082 5106 1152 2598 3552 1674 4554 2994 1260 4356 1824 2802 4122 3390 1746 4152 3342 5394 2520 5244 1710 1368 2514 1476 2676 468 1728 3282 3336 2322 312 5322 2562 3534 5352 1644 4512 4434 1074 336 5088 300 330 2220 5418 4824 1026 582 4536 4326 282 4290 4860 1068 3144 702 1014 618 3348 1686 774 2004 3204 2718 462 108 558 3402 1230 4158 3270 1404 3870 2850 3936 2010 3150 5160 3714 2916 3600 2640 3672 3474 4644 1200 168 1938 2214 4380 288 90 2316 84 726 2550 3948 4362 4296 2538 3114 1500 126 780 4758 3174 4608 2748 2136 3678 2448 1122 5202 1110 2250 4746 3522 3822 1950 3576 3486 2472 2154 1284 2040 3726 666 3882 5214 156 4872 3240 2400 2112 594 1302 2238 240 4668 2424 4842 1056 3648 5010 2898 2862 1716 132 4386 3558 3468 1272 606 1806 1638 1416 4878 2730 3012 528 1572 2190 4794 2460 2148 3804 2088 5442 2508 1236 4332 3720 4572 2118 2490 276 444 1788 474 3942 1830 5226 4680 78 1872 4686 3696 5172 708 5346 1332 516 2280 1752 5460 3294 942 900 3606 324 3990 3546 2754 1482 2604 5142 1146 4188 3570 1278 588 888 2814 4998 102 2736 1266 2418 3246 1536 3276 2616 66 1626 762 612 4410 3372 318 18 3120 4704 1704 258 2478 2364 5484 4788 5292 3222 4632 1692 3432 3876 2526 1800 342 174 4710 1224 1836 636 4020
61 414
131 519
171 571
41 209
33 523
687 913
158 581
379 867
159 275
170 804
83 87
194 357
12 102
244 261
84 677
756 884
510 625
217 817
686 887
268 458
299 822
406 745
174 242
46 804
100 409
147 218
221 258
269 333
546 722
217 612
150 551
258 490
258 809
731 770
326 598
149 446
788 863
74 333
14 141
677 792
144 252
478 699
222 596
53 358
380 900
505 813
413 682
96 179
613 708
534 631
733 807
173 586
35 88
458 670
489 788
110 172
532 722
321 670
651 825
293 356
219 473
156 833
88 536
311 456
275 807
155 790
496 714
331 850
554 631
111 230
357 374
474 900
137 728
194 389
174 442
230 679
575 674
648 856
623 841
286 424
187 392
20 516
144 476
37 803
121 504
34 582
118 717
115 298
129 845
272 709
42 353
451 893
97 724
619 741
434 804
364 551
436 713
186 696
651 779
68 419
440 761
387 398
345 500
222 274
311 899
339 418
382 886
565 584
496 879
182 526
25 728
672 681
381 686
162 443
493 711
58 69
603 617
2 435
281 720
52 229
7 399
287 521
188 388
64 742
382 554
429 736
518 892
459 906
438 616
251 770
3 492
304 706
223 520
214 432
597 620
299 610
83 733
153 347
537 541
629 732
281 902
146 427
44 358
412 455
655 912
519 550
19 99
583 707
49 458
102 306
618 656
156 503
331 653
706 868
318 903
98 138
465 592
375 647
353 541
435 575
126 852
496 849
106 729
539 839
446 500
534 673
459 841
319 626
624 652
180 601
70 132
730 836
518 802
222 669
119 165
688 885
463 696
746 769
607 749
109 850
204 626
572 601
88 192
401 880
124 634
73 423
572 791
27 603
145 663
285 336
350 881
131 186
133 910
16 626
333 763
463 595
571 814
43 302
110 118
422 781
183 684
309 859
469 736
519 521
81 170
350 704
344 345
550 676
157 689
369 717
229 519
69 510
448 784
89 328
130 748
56 411
80 721
388 432
74 123
55 691
173 302
4 159
513 714
545 857
28 796
213 323
321 882
556 717
547 830
262 848
592 891
333 821
194 224
33 585
54 347
412 747
266 597
240 677
135 402
22 197
132 233
356 746
217 374
638 803
538 606
456 569
117 503
184 407
184 848
76 651
18 541
610 759
385 831
494 660
551 837
362 630
19 729
713 915
580 760
223 595
566 694
393 902
113 562
395 713
572 709
369 582
79 596
379 596
232 780
100 599
458 680
28 92
586 747
454 867
11 723
45 506
248 698
332 571
393 879
19 537
439 640
193 576
725 845
659 812
363 594
512 765
105 786
455 829
344 434
53 459
392 577
84 459
4 441
6 243
341 477
269 520
392 481
400 765
581 671
302 563
29 297
159 294
347 540
107 478
256 434
97 130
111 417
73 370
322 813
48 632
327 504
60 679
610 858
35 268
349 527
19 266
349 878
360 467
446 513
167 518
151 847
835 851
513 706
51 103
712 829
377 429
686 872
412 549
172 278
261 499
125 202
428 747
472 549
746 869
711 773
135 296
154 653
235 486
448 729
277 311
457 665
55 518
30 646
882 904
24 82
139 626
272 895
301 888
121 330
807 863
304 378
367 491
256 524
362 596
272 473
131 254
69 480
767 904
669 769
534 705
309 313
149 860
308 829
454 460
160 494
137 600
52 913
543 641
95 134
183 620
540 748
108 412
466 483
486 911
49 245
313 635
205 860
71 326
130 569
564 776
59 879
19 784
722 725
119 162
533 544
815 842
461 710
247 537
71 605
438 844
99 826
52 603
177 412
273 903
446 759
582 686
141 340
746 799
228 777
157 257
681 702
544 737
351 894
409 506
92 459
85 749
16 913
42 661
262 798
286 871
167 528
627 792
292 679
443 916
341 615
97 888
382 656
522 636
215 619
614 711
294 552
416 522
231 387
112 796
169 469
233 830
443 689
439 868
332 847
261 902
402 907
783 867
524 787
362 525
77 303
43 547
102 656
503 620
327 621
289 733
13 144
226 721
204 691
408 530
89 175
507 642
477 857
442 595
114 683
207 474
567 607
357 593
525 638
335 360
245 833
70 620
65 770
141 392
892 916
467 686
164 788
296 440
19 455
95 368
327 569
238 472
818 883
118 804
537 690
317 793
448 819
33 436
293 895
75 406
38 361
637 824
421 593
19 682
44 441
548 661
287 361
195 630
30 431
258 510
219 836
555 827
171 230
516 786
405 874
123 744
672 890
500 780
732 868
132 801
494 782
66 630
117 601
34 312
36 508
655 677
77 723
479 871
604 710
697 781
9 589
334 374
343 796
53 499
323 519
320 465
366 578
269 857
50 222
41 628
814 914
3 472
127 800
25 404
626 820
697 770
424 781
108 285
598 828
2 878
251 571
352 806
170 519
549 625
134 346
179 418
391 642
19 279
80 680
671 777
152 433
228 531
115 251
612 623
559 722
553 576
220 366
739 805
189 561
24 85
469 562
18 96
217 496
106 603
17 859
238 529
308 799
790 829
457 737
350 431
72 797
140 167
423 626
477 547
485 610
464 512
337 440
130 307
161 281
370 533
422 668
39 421
513 882
467 879
750 768
120 409
54 635
579 754
57 499
673 674
288 583
302 618
175 199
31 277
253 499
94 504
643 762
52 158
348 450
283 620
51 170
735 789
148 727
265 389
468 520
14 95
262 477
416 749
252 493
302 725
595 708
491 524
419 723
324 805
285 481
69 518
311 686
243 258
334 411
208 609
321 439
182 443
701 917
316 394
103 386
421 779
282 789
262 675
262 830
442 631
119 708
773 862
691 889
23 65
280 639
21 188
399 444
234 765
75 809
494 619
306 659
102 555
799 847
454 797
119 365
190 469
279 793
810 854
80 358
508 795
8 10
520 613
872 874
197 488
64 595
186 295
96 731
612 675
30 386
486 647
123 629
461 645
473 805
62 370
29 390
348 485
619 708
132 854
226 850
38 226
393 849
334 836
708 813
347 788
237 630
147 454
794 832
410 625
496 561
166 185
1 160
733 875
304 716
557 916
356 891
393 468
304 744
834 897
110 811
556 845
517 592
81 155
47 252
390 864
520 906
141 731
144 364
348 760
150 242
180 771
311 753
667 770
84 845
277 883
259 328
205 477
236 887
16 82
510 649
229 678
373 743
515 750
449 552
390 904
817 892
335 732
73 748
497 671
188 641
280 552
743 898
268 570
137 683
19 794
89 461
591 608
103 490
176 772
549 729
890 916
89 457
5 479
72 171
666 700
440 611
49 563
306 541
207 586
147 486
687 846
573 905
337 590
282 796
153 708
520 619
142 175
89 428
334 590
357 502
308 747
20 713
257 348
577 763
2 331
321 752
27 826
628 718
551 749
227 464
180 392
414 843
572 753
156 589
213 240
334 452
88 259
510 765
48 178
256 724
303 898
72 429
62 158
37 43
180 770
374 581
223 510
168 433
51 498
60 146
293 745
54 498
153 245
254 867
604 858
22 411
428 862
6 677
137 329
170 421
337 558
536 537
519 653
8 727
415 475
132 750
201 643
336 563
212 603
247 385
75 213
95 498
434 680
186 557
574 661
10 537
521 858
58 410
346 665
295 705
383 485
54 341
152 353
21 870
172 698
574 866
31 391
716 895
422 892
168 746
110 745
749 873
526 743
89 471
49 648
255 871
520 654
109 594
197 564
414 542
731 775
272 758
451 629
576 867
6 270
190 785
526 730
410 707
304 804
68 550
44 228
109 791
330 347
131 772
8 603
727 891
111 427
360 710
383 493
165 244
158 797
42 511
185 533
528 636
566 667
147 516
485 529
236 576
247 356
142 539
70 473
681 785
447 784
645 693
42 605
280 905
40 149
278 880
234 774
129 556
151 897
591 632
244 539
449 745
351 373
557 644
516 800
614 629
428 916
393 876
483 776
66 781
289 531
272 516
476 657
188 880
437 853
260 282
354 741
194 731
416 662
483 738
32 399
226 889
698 705
504 731
157 371
465 775
712 803
535 629
276 713
272 397
298 786
370 591
289 838
81 132
545 913
252 402
460 730
559 863
532 850
638 903
109 541
171 591
65 591
386 853
670 913
99 657
126 447
439 506
97 638
344 902
141 367
142 729
124 234
407 616
652 705
118 424
8 674
776 808
58 269
165 260
47 160
187 334
3 678
795 899
158 700
652 881
41 503
201 685
689 719
319 802
164 490
13 167
450 853
659 773
277 671
127 275
105 668
341 528
198 370
7 227
113 127
386 658
675 758
181 353
514 655
93 771
61 367
159 277
315 386
88 871
761 836
227 429
304 723
50 181
500 830
173 910
169 374
37 242
331 613
187 544
367 890
14 143
510 877
406 563
408 774
502 795
265 809
171 891
9 203
519 699
550 888
637 869
61 373
644 708
59 717
299 726
577 605
413 646
219 784
546 813
128 855
357 877
163 543
389 399
547 896
339 588
733 824
112 909
725 808
707 761
497 796
697 837
142 386
633 753
377 836
578 656
86 572
459 804
219 370
87 742
504 633
264 833
157 892
296 717
262 341
428 625
332 430
169 647
247 369
21 162
790 885
214 434
583 661
494 501
223 558
276 701
118 875
562 906
294 686
231 404
561 889
60 475
95 822
293 881
555 744
142 516
405 484
296 525
238 381
358 735
400 597
429 525
633 676
213 232
139 559
65 587
89 405
10 258
458 829
284 604
93 780
628 758
496 705
34 453
281 683
30 541
415 648
81 625
3 136
802 827
34 393
166 591
51 832
224 834
644 696
411 885
75 230
756 869
432 838
435 830
41 42
131 608
437 695
224 594
82 719
203 440
393 728
471 548
129 477
103 439
492 619
99 822
177 342
68 245
186 480
1 479
386 568
53 819
26 167
72 686
163 262
698 838
60 560
333 628
542 705
44 697
853 868
23 724
163 423
204 808
133 856
184 226
210 610
239 689
614 907
547 628
250 274
357 648
154 775
648 884
41 87
825 843
18 716
4 46
230 756
488 746
140 664
622 910
86 627
129 621
21 790
229 867
199 759
678 854
156 242
168 789
548 762
263 446
191 456
272 698
633 888
439 598
543 626
106 698
748 858
103 369
197 726
103 336
634 728
565 898
9 888
399 485
278 567
244 405
196 203
626 841
803 833
121 827
21 589
586 805
809 896
316 544
52 721
482 851
445 770
179 325
705 836
112 128
23 611
237 884
210 622
115 359
470 711
269 606
473 630
61 178
738 821
247 476
497 504
456 568
282 667
29 116
1 735
213 848
182 636
397 483
543 742
506 732
184 916
670 850
91 824
93 778
60 253
682 891
286 501
788 822
432 743
62 897
468 623
26 68
134 771
95 167
724 884
553 817
632 881
294 714
13 428
460 733
24 458
553 620
252 316
343 502
46 916
14 31
208 701
514 521
336 615
152 825
159 784
202 336
288 545
455 723
65 507
207 310
232 668
394 910
328 669
237 699
52 409
620 632
293 809
65 760
303 418
34 410
7 377
227 632
146 663
215 893
740 763
484 887
154 487
403 434
236 822
381 407
433 823
187 681
237 707
148 673
536 687
88 552
677 802
304 760
670 896
759 768
351 509
188 460
260 497
98 574
464 728
473 499
168 743
31 148
42 251
348 861
515 725
872 889
298 453
277 485
803 894
10 904
270 290
230 698
362 372
515 558
173 355
81 646
690 725
260 262
478 541
4 411
248 895
430 751
257 605
262 549
51 383
89 108
144 169
251 521
548 861
76 99
85 744
49 760
531 675
53 94
587 643
626 740
78 183
214 584
520 887
32 136
103 630
481 628
148 506
315 736
144 568
450 567
55 109
423 510
347 733
219 380
553 710
29 781
179 382
736 757
236 816
91 666
321 468
380 531
314 797
105 282
517 540
104 156
595 822
155 512
573 644
186 798
576 758
667 678
1 3
186 577
60 304
66 367
546 870
328 554
402 628
706 899
378 398
33 311
524 902
19 327
754 882
204 286
478 781
49 506
802 837
569 629
372 756
231 876
44 437
1 754
243 762
220 910
391 883
327 807
303 422
305 891
297 891
289 470
139 730
122 172
28 389
134 555
151 537
42 305
279 765
21 618
192 639
160 317
301 304
366 445
55 562
561 711
78 209
625 707
489 865
452 912
495 727
59 756
219 714
488 698
489 586
508 686
398 644
162 582
502 573
287 894
79 479
771 878
90 309
471 640
470 774
47 726
451 548
470 901
233 887
32 548
523 632
364 673
55 805
266 820
71 855
12 607
95 819
331 803
559 879
161 316
256 737
242 551
276 653
173 559
663 834
119 334
115 654
389 768
158 701
462 715
224 296
255 761
598 811
581 788
181 744
420 812
421 457
128 161
60 61
376 387
117 793
668 744
418 675
652 677
621 834
324 414
495 648
109 601
101 107
502 684
400 902
220 890
244 607
661 780
33 74
158 866
364 887
441 872
347 613
95 289
54 819
190 698
88 221
213 267
374 862
147 254
75 142
680 879
91 264
361 702
529 806
682 804
403 802
45 440
117 619
733 780
606 646
312 632
19 858
163 544
130 661
287 362
420 641
642 704
247 816
39 467
257 384
323 443
630 893
100 524
172 644
253 528
120 510
219 584
45 399
17 819
159 644
409 833
499 688
521 804
57 118
328 888
87 740
137 162
127 703
110 273
74 547
436 745
77 507
346 610
100 814
7 331
123 492
216 728
280 807
256 843
188 715
201 599
388 606
217 493
369 587
631 637
687 718
94 196
22 767
328 698
300 730
13 473
224 692
400 452
487 520
84 468
213 303
413 786
205 539
83 898
283 451
86 812
716 849
528 888
83 346
24 721
9 107
83 307
166 540
5 239
47 822
370 812
112 290
56 412
358 559
290 532
46 348
1 876
171 701
162 912
540 871
230 262
321 619
205 512
112 453
462 503
56 163
51 131
502 725
655 909
23 98
191 550
188 204
688 875
101 172
420 687
631 809
83 713
412 712
30 681
86 419
553 742
366 454
425 561
344 859
526 768
255 903
15 199
601 774
72 411
43 751
316 471
51 484
11 243
477 608
564 854
539 668
72 810
372 518
572 857
217 542
743 789
81 908
473 594
68 823
233 583
6 588
73 599
90 635
444 643
452 580
742 849
60 807
271 489
104 770
594 708
467 757
244 558
146 336
210 627
224 839
705 877
43 446
122 183
247 809
535 853
266 707
515 626
6 688
13 524
266 589
355 808
305 400
532 736
413 827
410 465
395 540
361 485
170 492
47 530
155 459
353 801
246 654
238 474
89 107
413 657
546 915
72 888
359 687
51 249
798 901
276 865
118 738
261 446
311 436
107 687
608 810
601 773
560 857
90 144
319 712
304 480
4 256
50 273
300 916
358 418
365 560
138 686
70 183
92 502
623 870
177 270
120 540
180 910
292 702
528 709
690 708
617 749
411 485
228 916
109 353
400 477
658 770
96 655
561 765
459 477
43 209
391 705
50 816
73 534
700 830
151 465
431 545
3 32
754 780
91 292
234 356
677 748
287 574
73 185
295 546
344 693
23 479
150 849
110 882
220 579
545 835
117 146
158 828
137 689
396 847
281 693
364 636
497 772
264 818
238 607
149 558
380 703
91 395
559 778
31 176
472 548
316 743
314 701
469 538
41 80
254 576
751 897
379 878
303 872
500 731
240 653
168 273
138 862
232 287
21 93
309 370
690 709
268 273
786 804
7 689
6 320
496 914
399 645
803 821
804 841
164 561
510 740
46 150
457 842
84 886
276 700
672 763
619 672
280 799
41 706
341 657
387 473
134 333
66 522
256 423
693 827
793 811
140 374
686 803
361 726
75 308
102 257
394 743
274 615
845 848
521 725
13 223
712 762
124 388
328 821
175 234
34 373
203 229
5 427
745 863
303 419
476 656
333 566
632 783
143 582
565 852
226 346
85 235
42 872
220 442
417 806
114 437
315 355
256 426
484 500
44 74
34 545
445 713
673 796
13 495
687 876
169 710
30 404
242 795
572 754
203 576
583 864
538 909
358 718
132 721
109 536
129 743
334 642
38 883
344 627
10 757
412 874
144 703
21 134
510 800
252 458
250 678
528 639
639 716
240 905
600 806
378 599
140 182
231 730
227 234
356 879
645 740
17 807
250 871
185 886
24 171
781 907
49 334
212 406
67 910
417 748
618 913
55 561
246 555
277 773
272 729
375 892
163 818
81 901
162 811
7 525
18 687
165 208
225 694
5 601
207 299
49 475
318 392
311 559
383 502
285 755
39 850
619 870
194 746
421 821
20 474
249 415
62 782
787 901
30 84
444 748
280 809
558 768
750 785
451 731
375 725
187 794
93 892
289 343
140 157
264 864
53 658
258 854
373 664
198 790
306 576
301 889
130 394
52 248
459 517
87 802
158 596
87 177
378 470
225 586
205 502
98 723
87 266
346 538
163 703
788 887
565 914
266 407
362 879
245 644
287 555
128 754
456 836
133 523
191 771
52 189
396 407
13 116
19 471
304 625
440 495
619 910
756 900
618 622
276 619
401 801
55 690
343 485
319 321
136 400
36 816
199 901
738 913
33 219
225 369
342 536
390 881
34 261
75 640
86 240
451 816
242 667
217 788
310 634
295 639
726 815
4 857
52 854
79 641
24 469
296 356
119 172
361 653
389 753
79 189
213 450
77 835
211 228
297 404
86 807
125 604
95 710
187 330
209 451
415 855
198 369
641 911
338 690
367 884
281 816
563 817
349 623
446 718
420 549
136 520
197 659
132 857
129 839
98 363
274 793
532 703
357 675
150 230
422 470
523 616
558 820
84 755
429 709
21 807
240 319
351 487
853 887
86 725
399 863
377 581
74 109
75 776
184 684
569 626
722 862
64 489
212 722
8 705
233 713
201 506
562 655
407 611
121 228
63 570
133 778
29 632
280 611
164 678
189 838
306 584
181 573
151 497
71 678
111 717
379 857
56 708
2 689
553 895
402 489
289 885
438 625
433 462
601 892
223 598
197 767
207 390
286 299
315 595
11 249
64 239
89 730
507 539
333 662
283 842
504 669
170 322
586 887
29 486
264 356
364 400
398 404
286 421
276 781
59 893
189 451
403 742
191 722
13 751
216 867
40 416
198 202
354 729
493 658
454 663
222 749
242 712
276 688
788 868
38 44
221 285
484 793
448 539
468 592
270 825
69 570
93 346
296 346
254 310
515 779
335 458
119 366
461 578
134 900
66 355
517 669
249 362
592 840
187 325
628 714
158 670
173 673
530 552
358 499
594 702
54 799
101 637
13 518
24 452
111 573
171 526
6 124
493 513
410 721
448 800
79 760
456 676
414 579
489 789
531 799
353 871
216 331
29 713
47 720
479 508
645 909
721 798
123 778
90 825
124 575
172 620
400 407
113 185
411 826
405 599
8 643
82 295
8 465
698 710
563 766
170 744
617 833
177 221
315 720
720 781
18 279
26 77
60 279
238 547
497 744
496 519
170 671
463 725
323 430
111 896
657 790
435 607
97 620
478 732
405 560
184 243
532 899
301 796
367 571
2 585
205 414
214 819
468 638
564 876
327 645
249 404
395 472
35 868
350 880
122 669
540 908
171 917
353 665
49 379
831 870
129 603
198 506
304 778
373 778
123 579
432 503
272 650
228 840
163 759
552 716
167 761
356 658
120 821
185 508
396 881
69 272
113 788
349 696
50 601
174 855
607 613
202 723
178 795
240 271
415 532
59 410
125 778
39 857
384 512
491 554
258 302
397 434
165 899
426 683
384 663
15 98
423 911
164 640
296 406
200 352
148 514
597 881
119 174
709 728
225 822
531 802
397 855
408 420
52 200
242 907
443 678
11 471
195 716
74 764
208 467
132 250
104 164
735 868
285 739
152 719
732 865
371 537
129 777
35 734
102 686
22 380
320 881
522 652
381 605
210 477
132 572
327 840
250 865
307 533
171 317
147 379
42 317
8 573
16 255
491 608
460 668
381 726
638 707
429 665
131 432
598 635
138 639
405 842
59 547
428 550
707 911
377 380
100 700
106 553
57 420
219 492
524 704
25 172
355 822
646 763
526 643
16 172
336 684
473 873
654 880
93 704
197 238
7 135
399 517
714 828
180 287
2 289
407 738
302 453
424 472
286 475
799 840
53 367
116 185
54 219
137 761
52 507
181 735
649 874
53 614
656 799
364 413
692 867
279 805
235 598
251 805
58 115
311 424
228 753
2 730
391 779
74 290
41 543
547 898
332 555
20 724
151 674
116 741
667 854
545 663
171 574
344 896
140 435
655 877
183 891
403 465
126 315
249 413
518 798
235 565
305 810
461 650
344 677
15 904
157 765
76 289
390 838
17 349
647 836
79 753
372 456
104 423
276 340
195 870
673 735
217 846
302 631
188 917
121 667
225 731
51 199
131 825
129 749
685 690
36 690
214 732
80 643
263 855
716 839
124 835
575 686
519 761
374 453
17 411
177 876
176 629
556 646
637 745
126 723
562 595
92 153
33 735
544 818
316 607
105 426
405 630
376 709
291 422
717 870
408 734
57 863
167 745
187 647
85 583
268 343
123 523
505 842
79 200
462 874
340 716
477 482
256 261
182 223
179 879
319 567
36 813
306 747
186 879
217 852
275 889
558 740
68 686
30 110
490 497
197 316
341 695
447 759
773 898
180 850
545 768
192 583
297 573
193 769
171 748
272 424
382 440
58 652
777 883
139 880
312 408
456 771
577 584
413 438
380 641
810 839
804 855
555 901
366 569
151 370
405 695
209 640
305 446
87 781
292 329
147 389
187 651
104 448
695 890
112 542
611 908
695 891
47 374
187 387
632 763
20 100
789 815
787 838
78 467
4 728
506 614
75 438
150 565
179 489
72 98
160 285
566 769
191 859
557 810
34 581
61 741
167 681
158 441
160 321
550 803
192 538
770 868
235 435
56 533
461 653
287 482
504 646
166 475
240 423
3 845
638 887
409 829
378 693
535 592
121 482
319 454
404 593
600 686
249 465
106 389
637 898
500 658
81 356
229 377
377 695
511 805
110 525
242 897
240 452
198 714
175 181
299 849
400 544
196 295
496 859
332 334
731 772
125 490
134 858
512 563
797 870
162 800
302 794
12 897
674 844
152 344
461 633
277 390
246 601
379 462
645 729
209 709
558 812
179 700
309 766
202 373
273 819
491 872
243 912
34 643
697 826
50 144
15 449
163 214
568 661
18 736
101 820
383 664
287 683
31 813
25 817
426 768
599 622
192 653
91 274
8 338
631 673
397 480
574 889
322 866
371 465
781 845
402 750
268 834
475 847
134 565
313 820
871 886
3 28
339 674
331 662
61 530
527 696
435 480
290 810
606 865
139 834
460 592
428 814
96 690
202 444
206 871
219 610
17 215
78 365
11 667
110 128
616 883
158 901
481 595
151 184
448 659
755 832
232 760
491 752
640 790
2 399
474 621
22 350
637 814
585 649
662 875
366 401
297 541
164 840
185 458
531 566
133 879
708 889
686 807
28 142
707 756
58 331
56 831
220 675
291 731
126 246
262 865
271 317
853 915
265 901
200 622
123 720
639 727
105 785
59 614
117 660
5 899
552 738
689 696
270 403
137 493
51 220
627 678
31 66
805 857
238 557
611 788
8 775
78 280
564 631
125 396
235 265
70 536
419 533
598 646
185 624
106 840
348 649
454 713
280 880
567 801
692 855
308 573
213 216
496 578
613 823
177 761
462 524
555 807
121 495
180 361
320 608
103 236
663 700
278 370
94 510
416 802
129 365
114 896
431 459
623 758
62 239
221 411
55 216
200 490
341 912
439 676
689 857
87 325
263 911
794 831
401 704
73 487
161 445
383 424
387 621
172 896
164 650
127 688
554 894
426 464
373 657
67 502
11 713
149 341
147 564
406 636
543 889
141 714
865 873
302 757
531 714
43 884
78 793
149 347
20 804
318 915
152 632
458 675
615 767
306 875
60 623
469 848
31 547
73 539
34 604
66 306
412 518
139 629
302 748
192 774
108 152
68 602
212 677
279 512
131 474
247 466
31 379
20 834
412 808
468 728
395 427
754 844
94 651
149 852
330 545
41 507
239 789
142 318
133 822
534 711
735 774
70 171
744 821
630 751
96 791
12 61
125 445
528 708
241 566
528 881
817 895
241 747
289 566
113 357
266 639
585 682
576 681
505 753
158 500
427 701
342 495
3 840
172 778
62 410
632 875
116 648
342 801
244 779
707 829
763 823
622 639
220 312
184 619
424 609
581 604
60 709
83 112
87 389
97 617
253 335
637 696
320 612
162 660
134 704
451 781
21 163
48 173
344 381
563 917
244 330
400 771
568 801
95 428
293 477
23 621
222 573
675 906
474 569
30 119
55 895
441 558
81 90
175 529
29 904
754 909
36 462
47 456
25 769
715 794
72 640
200 271
116 854
227 701
486 605
536 781
381 511
28 300
193 456
27 272
83 505
161 729
190 226
82 504
361 873
295 778
216 481
788 797
581 648
122 169
94 691
262 318
179 342
73 720
610 721
433 537
29 54
89 624
15 113
66 79
466 486
361 879
841 913
437 652
279 548
4 699
22 874
264 590
116 286
122 201
45 46
117 726
197 290
407 657
61 376
142 621
103 489
119 141
57 233
234 782
138 256
479 891
5 803
113 591
232 523
41 874
330 717
200 374
92 178
852 869
223 709
134 154
237 396
12 465
767 778
529 596
273 641
53 464
281 911
564 905
277 890
516 726
266 325
502 894
10 67
518 540
856 868
236 752
107 522
413 854
316 527
60 362
617 917
243 315
325 855
356 433
312 897
272 684
27 55
369 399
191 236
114 528
718 799
364 491
197 447
34 695
67 654
83 696
335 484
187 475
291 337
27 312
151 296
234 445
25 845
5 89
198 441
323 384
135 208
579 799
217 815
401 788
455 857
283 430
40 816
81 176
32 743
242 262
173 732
6 847
26 570
305 458
202 640
272 346
208 750
539 782
375 817
34 575
260 849
73 914
226 663
301 641
458 503
696 699
523 669
43 69
422 853
864 896
89 326
366 740
55 292
265 311
374 877
492 627
519 717
422 594
536 793
331 727
706 902
254 464
334 612
479 609
82 536
44 455
59 628
200 803
375 710
573 718
36 421
376 777
307 591
739 757
468 854
471 876
264 917
143 222
781 891
218 320
671 901
132 320
15 818
760 855
276 503
97 293
92 130
317 609
104 424
223 755
260 536
633 701
277 798
607 875
767 892
650 841
54 451
210 453
449 509
374 479
558 843
102 208
59 648
496 841
25 764
499 509
213 514
120 723
175 369
336 649
11 642
855 882
108 759
363 659
835 881
311 683
393 603
528 831
353 478
31 558
56 205
496 862
204 777
274 792
661 820
131 339
14 299
37 464
474 717
4 476
822 841
162 681
815 851
65 199
100 591
484 753
559 685
373 783
201 403
92 392
489 637
454 768
264 275
346 521
475 542
15 359
162 442
671 719
25 292
458 608
32 254
155 541
335 342
588 771
16 555
507 691
164 435
160 525
115 290
193 478
223 887
309 736
252 616
603 641
423 800
279 792
112 897
468 915
578 811
336 906
492 685
146 905
181 430
207 657
273 502
421 563
752 777
231 347
15 85
635 773
2 501
586 783
350 693
112 314
185 400
183 386
175 411
16 522
353 524
126 736
388 798
396 420
670 768
649 777
211 650
163 251
186 364
27 724
330 875
564 625
55 225
379 548
423 599
768 880
222 369
30 675
493 505
290 690
212 353
12 118
386 558
406 907
8 409
186 785
715 772
56 170
410 750
631 769
269 794
103 548
324 509
524 562
577 693
163 448
214 889
77 806
79 578
726 905
407 612
319 376
31 572
215 257
578 770
102 176
673 808
333 686
671 725
724 787
459 818
16 599
32 171
154 681
255 556
290 800
313 669
448 697
332 505
406 889
487 715
556 902
339 545
510 828
474 892
246 401
51 544
54 722
641 651
527 559
5 71
58 418
605 756
53 362
68 719
131 506
133 327
151 311
597 866
32 912
183 504
351 562
184 410
351 806
475 540
525 570
306 849
697 792
441 696
586 752
329 768
609 876
185 901
343 902
74 213
187 813
261 738
278 574
141 396
626 768
658 760
529 550
742 829
761 786
485 673
455 548
560 602
390 629
427 867
44 588
286 294
57 663
254 645
817 839
408 909
628 829
598 639
767 888
13 188
98 711
530 582
266 478
141 732
63 395
771 886
189 326
166 636
257 670
150 479
123 868
264 570
424 664
645 684
221 705
22 309
798 804
175 728
242 679
710 877
236 453
237 519
609 613
172 193
41 266
630 664
216 471
455 898
239 702
160 670
12 70
8 615
652 729
553 716
598 606
124 699
225 749
323 587
265 870
305 715
75 652
31 32
401 553
319 659
96 705
225 233
42 218
635 884
341 781
206 810
108 892
475 554
110 692
417 733
174 341
374 442
116 838
103 914
573 596
248 447
382 408
854 888
206 500
4 223
73 546
377 395
554 556
341 407
217 324
122 598
167 829
60 226
85 365
22 666
705 733
305 548
42 637
484 841
596 598
112 184
236 717
386 899
209 840
473 588
14 596
49 524
560 713
428 788
29 186
560 834
602 720
354 573
325 729
145 777
45 99
645 863
704 765
195 389
370 454
745 889
570 621
447 638
497 691
122 283
80 184
137 693
498 554
147 867
587 897
697 844
246 472
234 588
90 279
3 504
156 741
64 429
132 483
335 399
672 877
69 630
305 691
410 717
172 286
38 745
149 316
227 784
395 776
147 670
670 907
39 858
18 280
447 642
770 890
186 206
82 496
293 423
484 579
43 725
235 309
340 401
67 146
152 735
225 358
504 771
22 811
154 650
184 299
32 498
8 285
127 305
96 497
6 377
294 561
685 908
346 633
248 536
268 477
189 323
169 905
118 445
8 543
71 505
244 475
544 700
328 371
101 764
56 912
300 589
586 851
36 368
61 637
494 746
525 586
57 604
134 227
542 747
76 231
209 656
378 426
158 795
154 208
465 837
400 628
285 318
357 473
164 236
97 662
406 507
576 634
505 618
448 724
648 846
344 579
218 839
194 629
440 914
407 888
69 243
337 736
24 149
205 279
124 249
336 766
486 642
259 660
194 611
589 901
801 870
305 306
23 322
397 771
6 628
112 190
551 617
133 197
823 852
833 853
146 445
138 454
264 842
379 818
157 169
739 768
116 598
536 689
38 408
339 610
93 519
284 814
458 871
214 680
92 884
439 450
16 876
91 277
210 768
93 218
126 294
526 637
413 718
235 394
612 860
51 358
207 854
4 695
93 339
376 404
563 729
207 384
95 705
240 704
682 709
33 443
784 915
12 392
22 114
617 729
126 381
290 576
147 206
370 651
691 861
545 814
21 309
242 486
259 889
375 754
120 311
95 792
136 605
118 728
208 779
544 778
202 378
636 705
279 630
771 901
90 214
195 269
525 857
22 421
79 607
473 624
80 609
106 650
327 527
343 388
298 409
343 533
48 725
321 540
657 810
97 545
182 542
557 676
563 905
9 617
284 649
235 559
247 404
210 760
438 880
104 517
728 756
26 385
270 678
28 349
49 382
350 672
543 612
583 804
742 830
25 261
180 747
87 791
107 724
470 898
563 634
471 826
153 462
163 829
183 575
14 90
477 526
313 786
150 491
80 604
501 859
216 816
28 734
261 396
793 866
551 894
221 406
587 656
217 616
419 815
55 449
130 315
291 656
298 697
704 731
513 647
416 523
306 509
63 382
679 837
156 193
550 575
582 716
276 809
73 463
339 909
258 910
328 751
17 197
73 619
303 814
159 564
511 771
175 307
810 874
461 469
626 829
612 901
215 797
673 803
571 881
589 664
158 460
450 710
154 356
436 536
94 864
96 799
543 892
483 508
67 230
692 694
54 163
677 851
102 882
478 489
219 792
265 854
547 747
536 825
105 352
375 748
405 572
248 833
497 893
201 256
374 476
289 706
334 585
463 598
315 412
131 515
497 856
231 902
153 571
175 326
229 553
80 589
325 761
441 869
578 894
11 150
224 379
123 581
233 385
115 891
529 810
119 485
25 494
394 524
207 557
301 866
245 478
139 262
674 817
513 566
69 259
14 530
702 721
3 261
69 849
224 230
321 906
19 508
77 910
589 886
15 731
593 754
242 853
79 465
128 760
479 529
332 661
93 762
541 662
288 434
416 436
102 596
517 885
757 764
44 869
354 387
810 893
41 854
23 97
78 651
448 455
236 900
328 744
132 807
427 488
305 503
718 849
209 510
111 897
144 529
155 886
574 741
326 639
191 788
532 883
203 209
62 183
713 837
207 873
254 367
11 700
474 741
141 579
232 299
19 98
255 463
660 842
89 246
117 213
61 812
823 850
300 902
134 471
660 783
135 713
489 765
12 50
504 788
204 618
49 412
113 716
146 195
54 802
159 688
11 315
231 565
199 657
174 541
402 845
417 486
237 785
356 549
493 719
654 719
883 892
446 800
39 123
6 20
57 199
11 567
709 905
135 722
224 657
760 870
138 474
325 745
47 338
119 574
129 875
284 669
39 893
68 852
293 886
44 449
31 514
154 844
85 709
212 742
170 688
550 608
630 762
188 454
459 657
638 770
363 868
127 708
140 193
3 508
170 433
138 889
423 666
308 427
21 590
297 656
89 818
468 807
314 496
542 624
26 280
44 726
630 635
309 346
650 774
395 487
327 579
331 616
264 468
253 720
248 903
313 597
310 819
868 880
99 576
305 701
161 461
52 679
364 755
189 698
166 440
147 312
273 652
362 887
552 865
390 429
816 891
326 411
743 856
793 830
104 624
15 114
581 818
311 608
427 454
685 860
20 848
834 880
581 713
75 529
84 269
599 911
458 521
256 611
728 836
224 878
172 450
602 846
40 205
116 733
315 464
386 695
483 859
624 800
502 844
634 768
377 796
281 879
303 821
204 649
408 480
34 122
135 789
336 641
19 788
220 648
132 173
314 796
849 875
69 585
19 566
192 271
658 815
174 379
313 575
286 395
713 716
6 909
233 502
587 824
345 808
165 681
53 803
12 410
605 814
105 738
106 892
20 93
284 482
544 598
22 73
213 886
49 91
210 534
61 195
617 717
483 713
381 523
84 417
57 148
677 810
393 493
526 800
199 573
114 281
117 306
284 467
78 475
641 781
324 540
243 695
217 223
121 481
350 519
336 811
236 814
460 875
33 574
583 816
13 831
489 738
545 672
472 532
515 848
230 283
725 844
390 639
194 260
6 50
726 779
31 77
176 639
140 320
180 415
253 607
328 411
401 411
204 716
144 212
7 457
205 329
737 908
564 626
125 165
176 863
177 390
23 94
643 850
231 601
292 507
485 577
240 496
44 396
123 218
432 584
579 883
497 910
192 748
133 275
301 871
219 687
128 284
358 642
423 750
365 808
43 687
503 804
152 814
200 202
477 676
167 716
225 705
256 764
589 818
43 186
749 807
76 143
283 397
267 461
215 462
23 559
811 899
64 199
319 679
487 720
196 516
416 764
531 619
460 565
206 633
193 615
203 656
35 145
215 327
184 332
1 514
111 607
330 729
29 703
199 689
492 608
195 721
146 411
411 417
292 905
292 477
466 625
591 856
16 579
408 424
209 575
567 840
745 891
491 858
288 581
470 508
635 802
138 669
135 762
163 908
315 626
361 899
367 583
607 901
223 759
391 468
141 420
137 806
607 773
40 857
531 813
262 678
569 634
103 878
302 415
71 501
498 569
100 863
160 372
34 232
102 366
40 488
728 752
253 852
214 698
280 705
56 660
122 272
417 665
79 864
124 884
736 809
374 916
59 376
62 316
525 720
250 913
63 601
25 591
417 893
327 853
490 749
127 762
11 206
25 122
670 708
679 843
241 314
175 715
267 518
492 861
38 239
359 902
643 701
24 182
537 811
353 736
359 718
758 767
257 345
554 601
645 858
2 891
40 706
37 781
540 911
172 574
644 798
304 375
355 813
247 405
60 685
149 422
495 579
301 620
171 476
110 687
69 702
407 583
509 680
318 376
510 617
653 768
260 638
542 875
252 707
121 573
376 701
562 708
285 850
329 343
666 891
89 131
109 872
607 853
82 526
590 807
340 746
560 596
512 683
356 501
272 780
464 582
523 599
102 493
789 838
161 875
187 453
308 315
436 647
667 877
46 881
59 135
190 591
98 113
350 459
194 878
28 481
537 893
197 528
520 850
100 650
466 657
629 909
521 539
196 741
565 631
320 387
22 537
52 184
32 286
17 575
568 641
64 880
468 733
433 456
70 812
9 773
124 274
123 486
98 807
704 782
116 572
83 538
184 560
592 788
543 657
12 533
177 458
101 470
612 694
378 713
116 536
71 808
143 519
59 501
209 430
242 819
435 730
220 638
43 705
362 739
14 778
198 546
343 845
303 505
611 612
639 915
216 588
553 769
106 213
732 883
53 608
93 209
495 527
293 899
91 858
184 629
825 849
454 692
159 519
310 736
113 797
161 486
880 888
260 737
190 718
254 806
155 382
546 810
144 588
308 710
122 319
225 442
343 854
399 665
332 883
166 535
704 843
538 820
281 891
181 752
73 325
200 817
37 796
121 286
620 689
147 793
266 392
135 430
381 915
618 881
719 870
263 511
568 858
407 882
183 343
189 686
196 799
172 819
386 532
389 531
540 771
52 225
63 268
517 770
500 756
217 427
113 597
102 607
243 882
194 744
69 620
268 716
163 758
182 876
33 428
268 881
254 577
345 693
518 597
58 292
363 772
634 635
260 601
806 870
363 685
539 751
618 732
434 903
430 771
446 670
56 800
146 692
270 711
599 757
535 683
197 519
216 845
322 357
88 693
227 728
137 511
356 717
77 778
121 487
330 694
251 607
780 865
208 482
422 680
310 418
14 645
277 533
572 729
9 16
45 288
116 795
735 865
144 398
74 219
65 174
88 231
790 886
13 498
93 602
273 644
564 685
472 689
331 646
44 409
223 359
234 498
569 638
109 696
97 723
70 98
672 875
746 862
29 130
737 884
246 363
86 317
263 522
474 620
150 796
248 325
120 322
236 517
605 663
540 648
273 553
112 617
790 857
32 348
596 809
368 910
164 695
355 833
540 560
210 452
597 603
609 824
135 490
36 47
700 769
118 775
245 611
528 835
57 264
63 881
108 366
291 444
585 628
118 467
119 832
120 519
334 490
110 836
163 650
239 342
487 792
47 636
583 628
59 147
76 155
106 897
403 545
281 435
250 533
661 722
338 403
667 686
225 407
717 728
281 368
23 264
337 612
130 245
619 680
305 597
312 427
643 823
616 774
15 410
698 773
108 612
436 832
748 888
312 668
267 851
217 750
100 242
228 564
82 487
312 875
413 666
579 712
178 772
242 350
63 680
195 748
370 914
699 720
561 893
503 540
152 192
130 275
59 817
398 559
79 294
493 582
159 689
270 429
254 643
68 643
42 332
358 384
165 172
72 73
242 502
142 452
359 593
575 688
83 263
695 762
213 712
232 837
111 300
232 784
586 711
193 847
481 800
295 744
196 711
250 490
54 765
231 503
508 588
147 266
10 502
82 728
21 124
584 728
516 745
53 386
490 519
476 867
407 642
1 275
9 682
283 367
107 801
304 420
77 344
486 657
311 868
497 786
327 747
134 527
538 609
240 582
141 620
23 90
314 429
21 279
142 794
510 531
20 365
341 646
755 792
284 667
692 891
287 348
107 821
243 562
45 783
61 83
257 266
12 860
608 884
638 650
406 518
261 820
382 690
413 428
626 835
80 337
296 742
40 677
660 694
301 561
119 431
368 796
220 258
233 593
678 742
243 792
597 831
702 806
62 108
234 375
524 616
113 635
222 378
255 667
351 406
164 760
455 677
431 629
498 801
197 266
436 649
366 729
523 564
390 851
30 68
802 819
431 866
389 622
3 166
701 775
127 670
550 567
185 579
69 407
144 811
8 490
28 166
405 627
415 865
241 662
122 654
157 911
40 110
433 578
113 651
258 401
217 592
8 304
524 836
851 863
382 417
517 772
222 372
61 131
304 764
243 616
780 826
191 298
144 768
293 801
290 683
261 549
56 773
405 531
202 773
510 848
697 777
3 531
348 621
227 841
278 552
676 899
403 617
486 812
546 598
222 303
687 759
420 856
167 664
567 910
318 644
414 738
14 419
113 641
150 911
359 586
194 865
200 260
465 540
666 725
368 559
247 842
384 700
204 350
53 844
238 264
370 453
71 734
267 429
356 579
35 655
30 414
182 773
164 354
479 592
646 746
288 866
279 712
256 310
289 432
297 327
522 815
98 834
35 639
185 393
522 681
635 649
313 576
126 845
358 455
151 595
227 893
236 522
168 855
212 253
87 196
566 567
463 779
120 639
338 464
4 491
209 317
105 709
203 515
88 275
70 596
595 618
370 789
45 203
312 640
73 902
117 439
369 806
415 762
127 427
549 726
564 890
235 829
365 554
558 610
418 863
194 834
637 902
485 915
14 889
598 700
471 665
372 776
807 909
94 515
156 498
554 663
15 353
256 609
91 303
352 844
541 875
210 660
90 880
65 131
721 754
85 195
388 483
213 538
570 743
99 587
244 651
280 833
180 833
449 629
8 533
618 882
311 464
834 841
112 751
900 915
382 617
343 374
751 776
290 541
474 686
130 582
302 474
659 786
201 255
247 248
502 612
271 614
67 693
430 739
444 677
636 817
276 365
353 514
122 275
646 753
144 772
139 267
97 691
447 657
123 157
294 556
191 674
417 557
353 532
417 787
150 529
249 500
387 537
224 515
413 477
183 265
271 911
109 578
196 400
160 319
139 864
107 751
252 660
98 175
207 417
224 328
144 622
691 916
279 894
74 753
692 788
159 320
209 368
591 781
170 615
215 429
25 50
263 778
235 308
391 600
31 442
364 437
239 891
695 748
392 424
43 349
202 229
40 915
787 860
107 449
442 451
76 139
185 449
383 536
698 730
219 788
591 609
638 736
58 190
361 741
436 655
654 714
102 570
634 878
103 647
3 104
161 833
323 633
691 779
19 462
204 339
413 873
127 232
134 362
225 455
398 852
389 543
93 338
463 590
564 648
737 811
486 760
148 599
23 390
71 203
334 772
213 906
872 893
568 684
31 197
219 728
31 534
727 828
480 595
124 806
634 721
239 360
241 350
19 605
104 894
3 498
23 417
107 622
46 411
69 682
153 475
501 536
546 886
207 353
521 765
293 567
278 677
186 473
411 748
539 606
412 833
232 690
754 878
180 537
122 352
7 506
49 678
426 661
167 481
89 711
534 623
504 860
456 823
20 397
801 872
512 838
24 135
207 735
404 592
25 145
230 758
678 753
624 655
122 212
548 667
527 759
700 782
522 782
208 280
227 466
16 292
132 478
725 871
195 441
239 364
85 501
309 615
299 718
43 831
552 563
502 647
593 889
107 463
293 763
84 383
121 580
662 848
617 728
362 468
220 470
310 518
291 702
176 633
91 657
216 917
4 574
575 889
594 732
324 585
7 85
581 750
802 810
74 209
389 822
229 230
247 502
105 375
607 686
131 684
293 787
617 895
363 758
200 488
484 493
679 757
298 600
184 829
261 885
623 752
44 914
305 721
432 478
299 506
733 911
539 670
282 838
560 765
661 740
186 289
173 421
45 620
247 492
860 866
629 631
737 916
120 886
535 577
265 709
516 793
551 783
279 869
470 849
187 283
748 795
475 782
273 848
147 210
854 917
85 100
818 864
234 745
399 440
72 235
194 559
544 678
337 475
50 294
92 732
93 785
222 885
103 733
326 354
310 616
549 909
298 667
66 489
354 701
350 577
101 307
164 783
11 131
146 917
236 336
84 655
209 904
176 426
456 648
250 330
230 542
522 627
648 896
690 762
227 729
473 866
85 799
473 665
416 882
47 429
525 697
125 771
469 751
70 232
295 722
356 732
157 363
232 806
351 638
568 635
293 870
672 871
62 163
508 614
575 599
397 673
662 877
321 626
249 496
532 735
556 747
9 143
406 777
80 352
143 807
436 740
262 323
484 917
101 757
23 436
643 650
582 754
272 689
313 497
179 695
252 893
601 873
367 495
28 193
208 403
137 471
157 451
296 642
163 648
41 777
601 902
455 889
94 358
105 400
392 421
164 511
199 780
16 120
400 568
167 687
447 737
90 100
177 831
124 171
287 547
403 478
356 826
159 570
335 406
295 794
62 419
153 322
115 705
217 502
295 611
149 305
315 428
632 914
826 873
70 80
506 589
64 637
680 683
16 80
581 865
96 341
77 590
764 886
411 870
182 211
64 855
291 357
371 690
318 541
803 913
145 388
334 873
595 719
380 749
371 566
238 902
541 697
243 337
300 339
712 789
48 188
215 502
32 834
172 821
40 505
390 528
726 769
59 777
534 856
369 544
23 435
16 608
626 752
86 237
96 223
425 739
89 846
100 635
207 362
166 438
56 860
582 675
689 808
61 390
717 874
39 799
58 866
170 441
20 35
652 714
66 843
578 775
327 368
422 512
673 907
301 615
662 691
424 734
120 748
97 513
434 509
312 747
251 599
687 915
41 634
462 815
355 602
260 892
99 417
333 446
288 568
224 600
255 664
29 587
29 301
193 434
413 474
175 877
309 325
411 649
376 915
289 402
137 324
422 859
768 836
310 370
172 794
462 843
316 457
768 788
274 715
207 300
61 757
114 333
458 787
388 485
190 882
6 382
513 654
212 428
14 191
21 44
66 207
652 820
375 469
140 545
413 604
429 759
26 378
9 713
65 641
567 916
105 358
276 479
156 226
193 833
385 588
156 845
201 323
252 854
393 474
59 70
220 570
74 868
572 841
57 819
601 891
715 766
290 850
408 837
533 572
272 833
245 768
781 795
623 785
113 126
268 290
354 680
495 544
427 626
198 779
356 396
558 878
239 478
362 451
246 728
264 418
342 432
217 350
673 829
741 843
462 820
440 475
391 573
29 693
197 681
334 376
28 375
159 265
159 342
31 752
563 590
109 342
182 849
229 724
6 344
34 491
96 722
618 710
644 893
562 643
432 797
723 894
22 323
62 113
270 752
612 839
40 162
345 454
434 674
300 727
48 603
460 716
16 826
345 756
22 573
249 278
299 759
279 426
437 635
715 879
434 894
76 442
306 380
286 546
456 563
404 636
16 651
312 606
275 558
173 813
421 900
455 775
307 389
82 356
415 856
72 105
89 157
136 687
266 660
141 715
149 603
44 836
806 873
17 45
84 471
207 822
435 864
351 584
343 390
31 193
260 329
46 357
480 550
472 650
251 775
140 459
17 310
120 883
102 900
111 904
8 558
193 603
795 864
521 731
228 383
201 453
503 634
263 442
249 544
192 633
336 444
592 779
81 567
35 780
245 560
401 492
308 874
412 639
376 411
378 531
714 819
48 281
324 514
389 616
609 850
185 498
26 406
82 626
122 428
260 608
424 788
411 547
509 903
609 666
145 396
629 786
608 661
211 391
620 688
336 349
81 913
535 787
775 894
579 820
380 501
651 874
49 50
103 527
481 489
877 878
335 422
309 882
67 262
11 190
76 723
42 679
256 391
258 340
354 560
469 729
612 826
67 152
423 850
128 604
91 317
351 681
61 491
299 628
154 690
677 782
132 740
606 745
133 229
326 657
637 873
96 212
275 374
779 806
20 509
475 559
110 470
22 807
165 784
502 912
553 805
314 479
329 498
186 495
118 715
339 371
831 866
232 773
697 799
369 402
307 687
125 388
475 727
745 855
185 233
276 394
169 825
298 425
350 563
118 417
352 902
585 736
8 518
49 619
481 646
327 626
237 460
163 359
270 858
541 586
37 116
877 899
286 821
434 455
231 600
141 889
44 634
128 368
567 654
58 676
241 813
317 626
813 915
453 622
71 771
772 795
174 664
352 578
69 511
168 573
456 871
483 561
95 630
173 711
293 663
21 106
224 294
735 828
198 584
129 253
396 719
121 736
98 710
5 165
694 881
272 797
70 647
524 906
38 158
290 469
195 558
144 363
74 83
471 589
334 365
40 56
280 602
39 228
778 780
649 755
543 555
468 565
223 462
2 897
209 606
652 825
634 692
47 393
478 546
242 693
481 707
274 452
46 133
627 850
42 832
374 558
428 544
59 144
708 797
128 652
331 369
102 278
91 628
259 367
28 544
670 812
690 800
246 328
401 660
23 80
290 533
436 834
705 861
55 772
324 711
321 335
143 438
195 449
465 812
358 645
414 685
373 751
56 481
472 546
133 295
387 422
761 897
293 502
599 777
63 607
316 771
138 906
736 761
8 108
328 508
353 586
821 911
380 447
466 600
482 640
161 631
470 520
231 609
352 567
112 238
52 790
123 822
112 469
287 476
103 197
590 747
304 586
333 402
654 897
341 461
357 632
591 887
202 603
295 626
535 915
814 881
118 163
176 674
272 314
51 517
441 688
226 903
544 664
15 914
444 586
610 849
189 599
21 495
707 903
393 461
105 394
310 396
24 811
678 744
19 512
262 664
574 713
214 700
141 914
289 791
78 500
102 376
528 738
70 734
379 494
565 702
117 174
525 872
3 517
473 657
115 264
457 898
213 452
258 318
55 810
327 428
436 505
449 849
252 389
57 513
311 740
564 869
339 490
850 885
85 834
726 756
133 304
225 344
269 806
240 749
665 741
672 765
133 672
591 809
589 907
100 288
114 478
83 347
99 808
679 878
319 508
11 486
514 760
631 714
236 588
31 706
479 854
513 600
284 889
204 887
749 910
49 670
35 123
102 338
82 571
148 606
59 584
353 380
417 534
495 742
421 912
2 401
99 311
871 877
718 765
152 884
681 791
504 562
352 840
31 368
167 195
172 568
251 517
362 841
7 625
498 549
23 356
336 626
157 385
102 530
183 477
175 915
206 914
648 652
153 276
423 889
124 299
550 804
126 539
574 883
269 582
435 759
117 520
127 735
870 882
419 472
191 891
499 823
38 39
413 532
240 386
488 853
161 332
741 862
271 485
417 535
389 690
88 135
152 514
640 867
500 905
28 530
176 739
141 383
11 749
536 917
149 765
182 594
119 319
4 459
97 437
642 761
31 802
200 497
466 857
541 611
72 714
488 519
150 535
492 547
195 826
727 892
738 793
196 903
109 809
861 865
28 239
744 850
716 894
125 432
412 528
159 209
805 914
108 869
246 689
174 839
294 601
308 445
591 758
308 558
285 542
782 785
107 775
438 831
41 607
60 698
645 859
222 853
94 327
122 626
192 788
160 458
493 647
190 881
86 885
636 741
332 491
9 414
580 584
99 485
327 650
311 820
64 256
208 776
96 507
610 734
237 811
276 664
69 779
241 245
305 473
21 339
354 723
401 759
623 671
354 728
583 872
78 384
259 494
179 901
460 605
481 687
685 756
110 276
649 812
303 586
53 74
449 660
249 457
546 863
562 751
751 820
316 325
659 823
486 786
72 529
210 408
20 771
366 379
464 897
649 855
418 820
172 627
178 841
202 663
107 219
237 909
291 488
782 793
76 728
570 633
308 666
462 522
318 838
432 632
327 692
98 630
536 849
66 834
509 809
299 419
557 752
87 866
295 434
175 402
180 521
240 644
250 843
168 236
21 619
166 252
429 806
173 198
723 897
416 748
118 612
219 840
224 353
368 496
421 465
223 363
464 575
169 421
484 610
365 721
495 681
682 865
277 784
38 730
140 798
121 181
27 73
518 536
36 719
503 642
365 767
165 730
613 721
256 728
102 190
376 595
17 687
236 623
232 519
349 429
135 785
775 792
309 783
812 872
333 388
88 479
465 638
107 382
235 492
690 795
52 391
152 629
45 751
274 805
216 708
673 819
2 792
117 543
28 627
397 641
524 874
115 501
55 618
467 593
95 633
98 628
271 529
352 409
202 324
877 917
241 607
232 907
72 518
96 783
653 658
154 311
251 561
342 643
297 311
373 906
51 807
16 743
69 808
359 719
364 460
66 552
344 630
280 370
159 221
407 676
410 458
232 250
92 165
315 627
649 754
615 861
474 768
691 914
87 408
218 841
160 778
179 560
106 697
475 679
505 728
109 825
461 714
749 831
310 801
516 714
172 682
87 500
368 670
523 643
3 271
396 880
63 783
189 851
11 359
43 563
287 537
199 457
455 883
802 846
240 302
763 796
391 464
239 477
409 638
602 833
266 799
35 688
301 869
264 598
352 906
521 850
197 272
609 745
443 596
106 805
312 664
224 715
209 501
545 805
204 641
751 885
358 832
469 545
228 907
273 462
623 825
414 477
354 614
278 395
154 334
657 802
349 585
511 689
352 904
247 738
16 178
426 657
506 799
595 600
4 504
196 863
194 201
126 394
829 879
160 559
365 755
579 827
634 914
447 716
66 399
303 664
436 481
240 249
130 490
541 643
88 745
176 436
119 885
594 796
374 802
244 331
87 619
207 488
404 741
331 348
559 571
617 769
242 265
673 859
170 783
644 731
667 801
155 598
608 655
305 654
667 710
659 784
411 533
74 194
262 305
99 278
425 437
696 892
189 883
194 239
128 872
107 834
520 824
403 671
173 727
229 387
129 715
135 761
89 345
723 915
163 289
357 411
166 188
7 845
660 865
352 609
344 404
772 819
762 912
67 460
170 221
141 201
553 858
463 703
272 718
262 267
57 101
436 575
187 583
100 787
387 763
85 892
148 904
91 113
266 588
40 861
206 215
233 238
83 215
554 895
47 905
388 762
96 670
183 638
18 346
222 228
85 772
139 533
39 794
733 755
508 806
707 836
670 803
72 80
267 662
38 236
494 859
94 385
317 840
358 675
85 258
37 119
315 669
56 697
65 165
215 780
320 800
501 807
529 804
87 522
840 917
383 669
614 782
354 837
426 533
294 756
75 576
19 114
293 557
231 708
300 345
316 425
252 521
380 526
302 589
509 775
720 905
102 494
746 836
241 521
446 681
533 560
33 368
317 566
214 718
100 265
459 460
401 404
183 434
121 167
276 335
196 282
546 835
274 747
580 662
908 911
129 623
411 834
251 394
435 829
655 914
780 901
200 613
383 884
15 564
436 841
263 745
160 881
20 357
640 651
555 781
142 213
66 842
285 830
8 125
8 747
11 589
56 515
710 788
325 881
504 828
238 792
156 175
369 513
88 166
97 418
449 653
204 487
501 856
368 895
541 764
447 530
124 860
498 702
320 382
336 869
542 827
680 723
184 214
378 594
171 444
28 679
645 718
26 320
31 648
51 777
275 786
253 796
67 688
13 491
176 623
502 673
523 541
7 440
609 863
161 417
252 568
161 759
286 679
77 160
167 205
62 280
341 814
265 364
594 716
193 913
649 697
408 782
214 394
575 581
621 872
97 187
611 623
208 663
668 832
238 831
265 343
407 629
260 859
453 462
408 877
118 516
516 885
534 653
233 310
26 66
329 773
13 356
20 332
73 683
138 342
263 498
19 887
167 284
66 827
132 724
669 771
59 244
653 654
165 423
82 184
596 659
666 797
257 278
24 717
400 402
342 448
74 705
255 429
423 614
96 739
279 500
559 894
241 451
181 337
122 660
665 916
112 426
31 591
678 769
26 135
179 699
585 740
52 784
543 596
107 662
5 330
405 859
289 684
597 694
881 913
760 803
627 748
108 414
8 507
503 873
491 783
139 202
41 759
440 818
483 497
357 723
602 809
17 649
112 362
62 724
190 678
206 659
684 720
87 561
378 490
213 626
79 348
606 852
605 613
139 675
185 204
117 153
217 725
305 675
324 479
159 625
245 848
621 902
413 739
529 800
409 844
102 692
349 872
240 590
101 484
668 677
334 787
84 384
523 818
262 297
597 836
69 519
10 582
499 515
94 727
366 663
93 484
120 277
529 757
618 743
142 457
441 805
318 771
174 599
444 574
29 75
257 561
290 618
202 840
583 752
527 745
401 787
456 496
617 726
122 873
472 890
367 772
265 698
196 390
545 560
201 633
2 187
103 539
204 841
45 637
441 657
117 245
261 728
527 820
126 631
145 320
386 873
129 384
139 146
178 783
378 892
99 500
18 339
205 895
197 521
103 437
572 802
147 276
3 352
172 844
33 500
347 734
130 613
772 895
328 480
286 730
512 583
133 465
88 188
433 776
257 782
334 798
438 884
129 251
141 385
321 520
194 519
6 311
61 712
49 759
118 520
134 396
450 721
560 781
322 630
785 806
241 651
132 493
20 28
446 881
564 758
706 797
310 413
497 843
26 310
164 478
399 730
25 484
49 190
401 874
118 617
363 704
10 337
329 356
225 679
160 851
355 632
431 769
321 660
347 875
16 559
360 734
3 497
558 717
28 816
706 828
284 718
86 564
222 552
253 602
78 485
501 563
260 514
133 783
322 452
322 899
844 852
156 545
821 872
215 266
754 814
328 846
121 196
257 505
723 841
98 871
488 551
162 742
292 376
72 548
178 774
105 608
621 775
25 893
247 626
83 109
281 850
502 887
41 698
89 366
424 726
35 484
220 814
141 704
6 487
398 622
66 299
135 522
361 766
375 570
123 691
576 641
340 368
334 695
521 638
112 506
181 453
227 690
13 546
778 788
367 477
789 847
447 907
463 758
9 230
474 879
107 878
293 869
555 890
85 187
162 831
481 719
312 723
89 707
578 889
402 836
126 587
141 363
83 536
345 565
484 879
202 294
135 594
206 212
251 442
542 576
789 800
425 868
28 422
37 239
239 819
593 602
3 50
221 403
22 357
332 705
50 253
63 857
745 826
20 787
531 597
45 277
563 623
42 695
69 389
302 518
145 335
701 723
822 911
91 713
177 621
115 398
267 544
141 838
222 588
155 249
99 803
577 579
297 874
82 862
267 755
458 887
61 309
539 547
292 632
22 806
169 525
58 748
616 904
534 717
459 522
655 896
114 662
743 821
564 722
173 769
161 408
82 624
693 734
162 296
287 895
224 769
477 748
73 218
125 734
316 413
687 796
61 537
9 39
602 619
73 489
337 859
89 222
267 869
146 861
384 907
685 708
230 488
653 858
287 745
115 175
448 565
587 765
189 807
501 840
78 139
121 620
140 251
67 269
638 866
29 597
37 174
111 577
206 461
23 899
699 848
204 736
714 764
359 552
397 852
702 834
350 409
368 446
562 662
44 596
36 755
110 424
587 619
61 407
3 454
150 301
13 90
2 688
478 850
132 898
521 570
376 811
395 889
257 497
454 760
355 722
427 599
592 622
681 789
231 420
338 520
451 580
53 198
295 613
547 594
130 620
468 889
164 186
87 211
506 768
727 829
211 544
415 731
185 755
192 876
397 736
592 809
173 679
258 531
486 532
57 626
625 637
548 554
215 538
362 871
163 861
433 568
249 357
380 652
304 651
196 665
61 916
305 683
385 386
271 470
269 587
410 633
590 705
454 764
512 564
348 407
623 851
310 604
82 358
273 540
9 495
126 151
504 901
349 382
569 669
68 841
372 758
297 769
263 285
717 883
524 840
292 587
79 661
161 798
723 734
259 679
220 477
390 503
499 620
44 212
526 587
789 898
226 230
177 206
55 849
250 631
95 558
496 535
259 794
89 748
300 781
17 162
635 870
27 466
639 770
549 701
159 369
605 871
786 791
690 859
295 471
48 278
712 766
76 345
306 410
292 343
43 385
81 512
80 822
562 676
97 152
76 131
217 703
141 332
144 203
175 266
190 325
179 195
433 489
186 786
123 353
121 385
22 702
41 817
334 913
306 660
54 243
176 550
275 578
166 369
453 654
589 591
522 612
656 825
247 297
344 911
236 403
251 871
337 465
239 593
782 905
851 874
342 453
361 909
7 743
232 652
205 289
450 881
77 682
485 518
399 900
83 385
49 783
171 237
103 274
498 879
53 413
464 660
54 562
285 802
292 631
513 667
631 815
218 901
329 412
371 626
31 554
701 772
13 913
73 517
159 726
814 830
173 288
427 815
687 698
248 279
313 746
90 499
151 704
405 508
136 598
447 872
482 826
104 601
309 579
175 648
549 615
640 825
399 823
313 672
262 402
778 855
527 909
91 545
489 665
369 571
628 730
172 346
555 828
208 372
99 911
428 542
500 724
417 549
125 509
22 491
364 902
99 813
32 669
31 271
333 707
209 720
232 392
337 459
843 913
49 606
105 657
335 445
43 529
302 872
348 814
223 833
615 652
530 571
90 219
898 899
212 540
401 746
347 411
37 570
14 127
81 820
348 417
223 496
304 371
214 313
348 435
167 385
43 487
713 841
212 554
158 466
176 539
119 355
460 859
295 766
683 863
124 420
478 887
14 398
560 587
163 191
246 304
460 735
49 719
734 904
78 260
234 906
81 703
246 808
161 757
222 473
200 219
616 810
329 517
655 758
379 414
469 908
265 826
543 694
48 640
400 917
428 815
28 581
378 506
93 144
416 903
234 873
607 736
146 818
112 702
214 362
309 562
7 421
146 251
70 630
152 612
170 575
165 914
353 906
124 287
351 353
51 247
330 574
101 694
248 694
422 439
15 900
742 861
450 559
304 767
414 443
42 715
553 668
168 494
502 905
194 295
415 555
637 653
583 619
149 366
31 563
578 727
439 634
95 572
168 810
666 905
570 888
647 770
412 688
334 839
152 173
573 793
499 649
52 613
430 583
343 454
275 434
137 617
207 241
94 236
267 579
269 464
628 800
427 660
436 682
596 625
37 829
714 840
235 475
127 657
249 802
238 411
266 454
676 748
71 163
321 400
404 692
309 808
366 681
309 745
284 706
357 491
472 721
66 829
507 878
76 842
373 503
68 370
221 839
258 458
499 661
109 634
435 799
280 888
781 903
465 789
43 871
45 734
316 497
576 646
608 790
492 687
31 355
668 903
158 162
200 400
244 332
166 827
460 865
627 874
530 880
222 504
658 796
227 915
149 172
306 499
152 708
170 262
336 344
539 614
221 437
104 774
743 883
243 372
570 890
325 628
277 689
446 679
535 796
48 429
298 472
469 837
54 377
254 551
451 687
78 472
31 604
480 520
104 804
6 62
560 641
744 803
131 501
409 742
683 911
452 534
289 732
427 905
76 528
141 693
149 241
83 443
481 714
295 640
253 449
242 580
142 889
256 339
345 523
69 733
230 291
234 236
571 730
298 711
12 581
320 649
21 340
404 769
112 615
341 540
466 818
372 839
119 417
94 483
438 859
572 587
370 626
39 485
555 564
42 655
628 833
275 717
257 786
474 824
356 760
212 343
147 528
281 783
354 370
293 315
25 363
156 445
214 430
123 917
32 445
17 436
49 705
187 338
171 759
283 425
226 479
325 874
34 472
444 496
314 626
342 749
47 747
863 873
54 144
26 528
357 712
440 610
421 644
6 338
217 263
119 863
35 178
134 361
45 534
486 796
102 666
412 700
349 668
398 475
509 741
774 789
30 312
301 842
53 444
508 750
658 722
786 890
306 620
158 404
136 461
9 11
595 736
335 698
52 627
232 472
209 624
384 696
398 514
295 676
274 691
156 272
287 419
399 741
404 591
15 260
71 259
367 839
566 737
615 773
83 761
173 263
354 617
283 298
205 694
418 440
350 463
419 730
254 775
392 479
327 693
571 879
96 683
453 639
130 881
132 542
127 596
382 897
548 831
126 700
631 719
581 647
210 413
551 868
457 506
859 898
18 266
516 571
91 198
170 461
551 809
25 622
17 765
385 503
214 623
320 327
135 637
425 535
6 719
247 298
61 694
498 700
833 845
559 891
197 570
577 771
70 493
85 880
166 910
370 717
148 410
325 819
3 86
635 903
35 176
366 572
39 791
491 881
127 226
306 889
176 851
638 695
278 382
344 445
477 529
10 695
410 461
628 686
108 879
421 570
242 806
403 708
701 711
105 170
378 601
613 822
40 368
533 547
190 582
163 326
537 727
447 787
280 521
35 737
199 906
289 596
19 220
539 706
528 593
285 813
169 280
655 768
742 859
12 612
271 412
389 677
205 471
403 602
786 835
134 149
142 355
34 265
381 555
461 592
247 288
341 870
236 644
2 305
78 523
740 845
59 713
177 307
342 717
481 647
241 540
479 541
200 474
590 844
458 475
217 706
257 801
307 709
79 646
170 858
96 602
138 773
134 667
240 636
132 228
506 862
179 902
515 582
472 656
261 482
304 674
350 725
710 718
29 510
25 521
595 845
492 497
243 436
90 152
701 899
104 151
262 839
717 895
237 382
4 694
683 810
621 744
264 666
790 872
757 873
209 357
420 538
391 540
20 891
6 773
499 681
131 678
814 821
818 892
308 817
152 544
630 636
90 662
780 894
37 322
295 673
442 751
147 797
813 866
343 791
335 483
228 522
411 550
240 495
13 905
368 731
373 610
186 211
407 571
406 535
736 818
149 758
105 369
169 902
308 317
213 870
670 783
236 858
19 803
10 314
160 765
583 826
196 905
1 2
468 557
28 232
658 793
