77 275
38 26 5 43 72 25 46 51 41 9 66 16 64 10 4 61 6 32 52 33 36 42 45 7 37 8 56 12 70 17 50 11 23 39 22 3 30 24 49 57 19 13 74 48 69 28 1 47 65 76 15 71 35 34 18 75 60 55 67 31 21 77 59 2 73 27 20 14 44 58 62 68 53 40 63 29 54
41 73
35 61
17 58
18 31
41 50
1 9
26 28
18 28
51 75
48 59
10 65
42 49
63 66
18 70
3 47
15 21
56 69
70 76
3 76
17 36
49 69
34 47
20 64
35 68
11 13
31 56
3 18
15 25
20 35
6 65
8 64
28 58
30 64
26 31
33 72
5 41
30 63
11 37
32 36
9 46
30 53
15 17
20 54
16 64
38 39
39 51
20 48
15 42
7 70
10 75
1 66
25 59
56 72
12 42
13 37
16 56
56 71
25 50
20 63
47 72
3 29
59 66
43 49
20 72
57 72
5 44
37 40
30 68
16 49
3 63
30 49
32 56
65 74
2 54
58 72
56 70
21 53
2 4
58 61
3 67
36 68
12 43
47 48
27 57
28 32
39 71
27 76
38 51
54 61
11 51
30 41
7 42
5 13
3 69
7 15
26 61
31 40
41 46
3 48
37 66
13 48
15 37
8 59
32 57
28 75
4 64
26 69
2 37
63 76
11 66
45 49
27 72
34 55
10 44
26 72
25 38
11 59
39 47
63 74
36 56
13 59
16 23
18 73
2 63
24 68
1 8
21 56
31 47
42 69
57 73
32 50
6 54
21 29
17 37
17 33
38 58
51 61
6 43
27 74
14 49
45 66
29 44
2 25
19 20
20 58
20 33
44 72
35 54
63 64
7 68
3 73
50 67
6 52
11 45
47 50
8 51
2 48
32 71
5 76
58 69
5 23
61 70
1 43
73 74
25 28
27 56
2 19
9 49
26 43
33 56
1 7
71 77
67 71
32 42
30 74
46 73
30 34
23 41
35 42
25 31
47 60
40 62
15 70
18 68
7 50
41 68
35 48
6 47
27 40
11 42
10 35
26 40
10 28
7 49
15 24
44 77
58 77
47 59
49 50
17 43
25 77
48 77
39 74
45 64
31 35
5 55
4 59
11 63
26 52
9 37
60 66
33 64
25 60
29 61
29 45
18 51
12 45
20 71
13 75
2 16
16 61
14 60
53 60
45 53
5 6
1 73
64 67
45 77
9 39
23 77
58 75
24 30
31 68
1 5
3 53
6 66
32 76
2 36
60 72
8 28
26 60
8 23
22 35
25 57
24 54
26 33
17 64
30 32
11 23
10 33
2 5
23 26
4 23
35 52
7 18
13 25
13 19
5 70
16 57
26 51
17 22
13 63
11 48
14 65
58 70
39 48
40 55
4 30
51 59
59 75
66 70
12 74
9 51
10 31
2 73
