61 370
51784 63216 39216 85208 57928 30280 77384 95944 9184 65152 19544 99448 45640 88856 19744 86368 98384 1616 55856 9088 63336 37152 61520 47848 19584 13384 32504 67920 15480 85496 28952 67256 79520 68160 83272 37448 98432 60656 33384 38432 25800 83736 37872 71432 72584 57616 88608 1784 90040 75280 10864 53368 43240 3192 32024 93640 47384 64520 92368 62864 80832
11 56
41 48
5 23
14 61
13 46
5 47
52 53
59 60
18 51
17 27
21 33
7 57
51 61
17 50
39 61
11 55
12 38
19 55
44 59
17 21
21 52
20 21
8 20
13 40
6 38
10 55
3 20
46 59
3 55
14 29
22 28
17 57
9 26
39 42
19 58
2 48
3 40
38 49
19 24
18 20
21 51
17 22
15 35
18 36
18 30
28 35
14 38
14 37
1 43
53 58
30 44
27 35
51 52
5 12
26 37
6 55
52 60
28 41
15 60
1 19
30 55
15 30
9 52
45 57
50 55
37 57
12 20
48 50
1 21
6 27
5 45
8 18
48 53
18 42
32 48
26 31
19 25
29 59
8 21
10 59
42 58
33 60
8 51
10 20
38 47
17 58
6 32
10 32
32 38
21 35
2 8
38 61
33 61
7 20
1 17
31 49
15 59
6 46
18 33
9 28
18 58
15 58
27 36
3 50
2 15
28 59
13 19
24 32
18 38
35 43
16 30
30 31
26 59
49 58
33 40
19 23
23 30
7 24
25 59
22 42
56 61
36 61
8 43
43 51
1 38
2 37
6 14
20 32
26 30
17 43
28 43
33 50
4 14
4 47
22 50
5 32
2 39
18 32
14 31
9 30
9 38
14 36
25 52
8 46
53 57
21 60
58 61
19 37
9 33
47 52
39 60
2 30
27 50
8 9
6 34
38 60
20 27
3 22
18 29
21 50
4 57
54 57
42 56
21 53
9 21
34 61
12 49
19 36
3 35
50 53
27 33
5 36
10 22
12 36
6 52
12 45
27 34
22 44
42 52
37 47
20 35
3 53
26 53
16 34
15 31
27 32
19 34
51 56
38 57
18 47
11 54
16 60
11 38
26 52
41 60
50 52
12 51
6 36
23 26
29 61
29 46
1 8
37 40
12 33
46 51
41 47
42 59
17 29
32 59
1 58
10 36
20 44
17 44
42 57
23 25
26 55
13 34
6 17
8 50
25 43
8 14
45 48
20 31
32 61
13 56
2 23
8 12
18 27
6 22
36 46
32 34
21 47
40 47
26 32
21 25
42 54
15 44
16 41
18 35
42 60
36 44
42 47
37 59
35 60
3 37
4 22
10 43
43 47
28 38
10 34
35 49
30 41
20 46
21 59
9 41
15 56
24 41
12 60
40 41
34 60
33 35
36 37
45 50
4 61
42 49
2 27
28 31
19 54
6 9
60 61
21 55
1 4
23 43
8 53
4 16
13 36
40 54
52 54
1 46
3 38
19 26
14 40
39 58
34 56
31 40
6 56
6 50
20 36
11 23
29 45
14 21
37 46
10 15
18 46
9 39
53 55
22 59
6 23
7 31
23 24
28 52
55 57
4 21
20 56
36 51
37 60
14 15
18 26
11 24
24 27
54 58
47 54
39 54
4 55
2 59
10 12
20 26
8 17
17 51
4 29
19 57
22 40
3 11
27 39
1 6
19 21
38 50
8 19
2 57
47 49
5 10
17 18
1 30
45 52
26 46
16 17
42 45
7 32
2 4
32 39
17 45
26 27
10 49
7 54
37 58
5 55
41 43
9 32
3 13
19 33
51 58
10 44
28 45
8 49
9 16
14 17
31 58
27 49
10 35
29 40
7 52
23 41
10 40
12 35
15 48
23 61
6 54
35 56
5 13
13 51
