888 2893
4866 3768 1206 1650 2634 2010 3276 4302 534 1278 2502 198 1320 3066 4764 1200 1890 3228 4710 3222 4596 2628 2358 3420 3576 3948 4872 186 1470 726 2688 390 5280 2436 4854 1362 2496 5052 5094 732 1638 1428 3060 1962 2682 3366 2412 4836 384 2316 2760 1086 792 282 1230 4578 4116 1644 612 810 5262 1746 2190 4878 624 1866 3702 714 5268 3168 3870 2460 4092 702 1602 4338 4002 1926 2730 2790 3780 4590 2700 4416 4554 1776 606 4842 2592 2352 4824 4062 2616 4398 2712 4884 2322 4992 1212 1572 4452 4938 1140 2490 2472 3984 3204 576 4356 1692 4026 3606 666 4602 1782 2220 2118 4164 906 648 4218 1380 4086 4038 1326 954 888 2988 408 192 5070 3426 3906 4668 4632 5100 2766 1950 1122 180 780 2802 1188 3018 4692 2976 2442 4902 3402 4620 1302 1266 3012 3594 570 690 1104 3456 3852 1218 894 4542 1986 138 1044 456 324 2736 4662 1806 3966 3522 444 2040 270 1788 1698 5016 2160 984 4860 4386 1740 102 1800 1254 2130 3582 684 2796 2418 210 4194 4428 2388 4980 1626 4008 3288 3762 3960 204 5322 2112 1596 546 3108 3390 1716 2484 618 4614 2070 1476 342 1050 1182 1350 5028 2532 2874 2268 3030 4800 3972 2346 3324 1560 3750 3294 3564 942 3654 2568 1722 2208 1194 552 3630 918 528 2652 276 30 4740 2256 4050 5004 1608 834 2232 4464 4446 4182 2328 4278 816 4236 1842 1176 846 1092 3258 2508 1440 2862 672 4254 480 36 2580 1296 3732 2694 3978 4314 4950 4524 3498 912 5250 3126 1116 1416 4206 3090 2034 2226 2052 264 4560 2868 5292 336 2526 2370 1098 234 660 5088 4536 4986 3216 3372 3078 2466 3774 3996 4110 360 3384 2658 4920 1314 4680 4272 5238 3474 2334 1074 2520 3738 3162 4212 5256 2394 2382 3876 1026 240 2598 936 2964 1530 3186 972 3432 3912 828 2928 2286 1404 2022 852 4776 3810 2172 3378 300 840 1968 372 114 5172 4896 1338 4134 1956 1752 1152 594 4230 1446 2940 4794 2028 4422 564 654 2916 42 4932 4584 2292 3618 4530 3942 1704 4308 294 4332 4686 90 756 2376 4788 120 2244 132 3486 4458 5232 1764 4656 3558 858 4830 4146 3036 4548 996 2742 1836 2514 450 4746 3726 1578 4224 3084 3900 216 2106 1272 3636 2886 354 1134 396 1674 3342 3516 5046 1008 2280 4752 750 2262 2856 426 1854 3120 4968 5106 5082 4068 1932 144 5010 786 2448 4470 4716 4956 3252 4698 870 3102 1038 2166 708 3600 2004 1458 2148 3660 1056 12 5316 4368 1728 1158 1236 2670 2076 1812 2994 1668 5214 1374 3642 174 4074 1938 3804 3246 4080 504 3174 1998 312 4926 4170 4326 588 864 4380 402 1656 1224 4344 2832 2892 1080 4266 3696 4320 2646 2202 3318 4506 762 3528 1536 1974 5220 522 4512 4818 366 558 3144 2808 510 1680 3690 4392 3882 156 414 2304 600 1872 4572 5202 3240 3210 462 1284 930 4158 3744 1758 2724 4626 2604 1332 1542 516 258 3360 3546 2124 2058 1356 3198 2274 1398 1584 948 1830 1818 2850 3006 1062 2838 2364 1566 2538 2250 498 2136 3468 420 330 3354 924 474 5208 3450 5190 3798 432 5154 2184 5244 1308 1878 1620 3150 2904 960 2478 5112 4848 1914 3000 4782 2142 3846 3720 1662 468 4434 126 2982 1290 4200 1794 4152 24 990 4128 3192 1128 2946 822 3666 4290 1500 3894 1002 2622 3918 3024 1260 3786 5058 3306 4098 774 318 4374 3132 678 3264 4176 4908 5034 3612 2826 1908 5136 3156 2820 3438 1068 54 804 2556 2424 2706 3330 636 3462 3414 4440 288 876 3684 3336 3300 3348 1020 738 2088 4242 5286 2082 744 1944 2100 4140 2748 3312 5124 4770 4518 2574 4650 3492 1506 2016 1518 2640 3444 2922 1614 966 4914 3114 1848 1554 4350 3054 1392 5178 2550 768 1464 1734 2784 3840 438 3678 1248 4020 2844 2778 1980 4638 1686 1386 3048 1902 5076 4032 2430 2046 3588 2214 48 4296 5298 1032 4248 2880 18 3480 1548 1860 2934 1512 4974 4608 3270 3714 1170 900 4500 1524 3504 6 5184 3624 1434 3096 2754 978 168 5040 4494 3864 3510 72 2562 3822 1884 1992 4476 5166 60 2676 1422 4722 3180 4044 2814 5148 4260 96 696 222 1896 4362 4482 1344 3570 5022 4728 378 4998 2952 1242 4962 5328 3828 1920 4056 1770 4704 306 1488 252 2406 3930 2958 1452 3756 2064 3816 2094 246 3282 1014 2586 630 84 4188 2454 5196 4674 2544 3990 5310 2340 4944 2238 3138 3042 2196 1632 4812 2898 4122 3534 228 1494 1710 4806 582 1146 2610 882 2970 2154 1368 720 162 3396 3924 5274 1110 3708 1410 1482 150 2910 348 3954 4566 3234 3408 2178 3552 66 540 108 2664 2400 492 5142 486 5064 5304 2310 3672 4758 3072 4104 4890 4734 3648 3834 5118 2298 78 1824 642 4284 798 4410 3888 3540 5130 4644 5226 4014 2718 1164 3792 1590 4404 3936 5160 3858 4488 2772
349 611
521 869
569 692
154 210
112 565
4 38
238 333
247 408
270 358
300 339
99 606
115 793
643 799
239 734
51 159
242 509
298 398
366 437
330 628
16 555
687 774
373 651
124 251
85 394
305 828
468 609
33 662
90 357
228 671
445 729
408 854
524 742
188 853
175 617
517 761
20 218
68 303
10 608
665 713
543 723
8 368
821 873
104 535
332 853
251 754
452 587
28 533
322 388
384 439
323 463
626 691
79 234
655 887
220 778
43 431
156 531
14 659
339 348
53 490
134 254
336 673
200 559
70 579
65 101
17 523
136 286
418 650
493 577
699 790
871 876
310 616
616 781
466 573
345 581
179 222
395 440
15 375
56 833
459 875
329 517
267 847
193 802
84 248
689 743
41 46
181 534
222 557
205 244
6 454
528 760
41 137
619 853
261 865
310 802
194 211
15 501
377 737
332 778
483 538
244 455
300 620
749 815
105 497
208 212
30 101
675 858
359 627
142 364
740 819
252 665
589 739
211 213
458 607
334 362
590 797
164 540
516 591
16 167
127 420
551 698
104 308
643 648
547 691
284 842
318 538
7 698
450 792
459 820
437 469
269 321
154 437
440 776
785 851
132 842
410 791
566 606
277 443
307 367
453 638
330 459
308 626
395 618
24 533
793 865
240 267
483 485
176 793
133 186
487 692
1 660
520 593
133 690
88 454
42 90
143 243
104 330
797 845
269 615
792 813
112 820
53 693
60 237
164 627
302 335
11 370
17 385
296 731
383 417
244 585
628 694
303 680
65 81
710 782
468 512
212 436
457 719
310 448
326 732
477 716
640 721
238 266
117 135
236 809
430 721
17 869
146 183
613 667
86 566
251 676
468 801
227 399
49 870
30 353
306 382
422 430
269 773
442 872
363 453
89 479
138 554
13 98
188 487
792 858
480 757
302 432
74 361
552 707
1 632
226 556
427 703
492 674
93 762
172 319
416 515
121 224
197 633
442 449
30 653
758 760
24 47
140 642
261 342
140 766
104 587
757 791
171 366
348 836
601 854
74 337
255 875
12 69
546 729
373 784
424 505
199 864
106 325
269 525
381 821
52 623
553 593
28 727
234 829
51 772
321 531
491 683
180 670
509 861
228 841
367 715
360 536
342 759
63 386
104 583
487 734
415 431
319 339
574 678
597 679
824 870
586 616
86 691
89 139
212 220
100 845
158 664
51 433
403 481
514 695
41 315
381 525
684 764
226 867
258 727
197 764
522 597
32 710
191 296
141 579
73 830
287 606
23 445
248 592
514 594
72 841
430 463
44 296
580 694
54 159
637 641
55 307
351 432
293 722
309 547
515 841
320 539
241 844
70 625
126 769
172 393
683 781
70 185
217 728
345 793
128 665
470 810
580 799
102 254
636 654
502 564
212 437
329 728
541 544
560 608
116 314
21 559
613 727
151 346
329 704
190 732
436 721
732 865
316 837
639 759
63 546
145 524
317 511
347 425
15 277
138 723
520 875
82 169
197 519
184 855
322 786
496 521
173 454
411 782
138 700
89 703
15 259
517 566
147 255
177 639
317 510
261 516
28 257
338 438
245 589
362 800
138 654
172 652
158 565
31 568
156 472
93 801
148 241
239 689
117 192
490 619
614 888
2 112
625 887
279 537
247 596
497 501
308 754
60 176
22 824
221 684
178 867
507 625
190 786
129 435
311 482
188 705
118 346
17 828
254 491
521 560
19 620
58 446
29 511
739 781
664 875
191 568
202 477
55 677
207 546
299 756
234 632
41 355
142 471
247 834
727 729
578 854
224 256
297 826
661 743
175 739
328 568
467 640
310 341
331 510
95 632
684 704
684 835
160 664
180 518
334 409
250 811
260 556
565 631
504 520
526 750
13 366
262 469
105 135
200 847
560 707
536 576
475 796
86 835
776 832
601 611
61 392
205 284
432 737
141 696
712 878
419 865
116 340
209 501
167 865
106 827
222 281
100 685
203 206
384 734
89 349
447 465
670 871
108 166
431 791
113 554
365 482
30 668
173 285
237 729
515 641
54 519
314 824
70 396
308 862
83 527
402 595
289 833
554 589
16 753
542 637
304 567
32 314
650 783
554 583
399 580
29 551
489 697
182 608
642 713
138 653
504 835
495 558
522 625
35 645
150 407
269 287
5 188
479 773
145 395
237 736
474 570
215 629
69 346
102 884
42 258
740 875
631 841
210 232
150 560
131 484
394 819
417 804
36 58
221 420
391 720
291 713
719 806
140 470
211 428
270 577
563 734
18 717
15 612
175 598
300 870
239 806
538 554
506 613
491 570
134 418
176 186
26 725
512 718
205 283
397 801
613 850
17 331
367 695
231 469
220 762
87 789
193 723
257 287
319 739
320 719
656 812
318 632
720 755
309 348
370 822
332 677
44 578
101 312
658 729
101 525
690 875
341 687
116 750
251 409
784 785
139 246
364 820
285 644
342 667
265 671
154 415
71 774
430 672
529 692
377 783
190 329
275 832
375 677
115 393
446 577
120 499
374 717
780 815
596 690
374 849
534 728
135 316
94 114
420 760
572 678
400 461
77 673
304 544
315 585
648 692
269 365
162 253
6 210
172 669
375 601
112 562
643 793
220 712
348 794
385 447
407 884
189 254
661 832
266 470
427 833
167 519
538 691
163 846
618 702
125 476
13 378
163 691
531 631
662 785
634 641
484 721
484 771
89 554
305 523
341 683
577 584
690 800
29 83
816 829
6 206
24 780
838 849
10 645
478 506
409 734
132 740
517 570
72 302
160 717
119 711
738 866
334 592
196 613
463 636
106 483
160 525
491 792
196 298
488 850
248 468
452 862
81 787
222 602
325 663
499 510
349 717
320 639
556 824
93 714
513 861
90 198
196 732
171 500
390 438
12 617
626 662
307 808
183 499
394 781
62 156
77 600
172 673
10 815
642 714
285 731
28 383
59 433
532 632
593 601
141 813
386 403
144 202
27 625
80 832
29 334
359 373
184 779
385 877
373 382
691 870
25 800
161 522
259 326
12 34
322 634
699 722
130 216
767 790
182 757
464 615
154 841
108 873
567 847
228 548
78 545
211 330
332 383
97 707
141 569
274 564
91 448
555 600
111 228
134 389
64 803
606 707
20 250
137 656
211 504
576 745
537 831
370 390
115 722
587 671
167 291
458 705
219 442
672 781
246 409
741 828
401 724
32 305
143 190
60 834
186 807
99 233
54 867
589 831
44 741
180 329
534 679
131 613
18 555
26 635
298 458
274 716
177 754
215 335
384 652
744 801
757 830
140 182
58 75
384 879
78 261
174 392
521 621
143 607
384 479
226 769
7 203
407 534
303 357
690 738
176 304
190 468
237 674
154 191
790 854
178 503
420 447
379 650
327 426
161 583
262 288
293 806
57 710
91 633
201 727
127 320
484 548
145 765
717 721
456 778
671 882
813 884
654 789
60 343
181 240
310 437
83 557
717 787
237 672
338 444
613 741
243 792
171 356
280 675
138 562
100 373
299 497
106 509
354 460
243 342
371 687
157 459
60 386
404 557
134 347
23 406
341 444
171 797
312 774
222 268
799 878
55 128
86 107
141 634
821 866
61 450
160 178
140 752
55 358
555 664
306 337
13 558
228 387
216 713
160 282
630 804
231 296
457 617
80 111
58 274
474 772
431 459
138 442
181 320
194 263
118 781
733 821
311 718
299 340
321 467
156 297
239 251
535 631
509 517
2 388
215 820
436 676
186 711
280 727
692 745
66 232
184 770
291 752
198 458
137 665
145 305
300 514
29 152
377 608
716 887
560 784
451 855
305 351
2 523
101 440
289 530
2 845
293 653
397 750
240 278
95 690
167 386
372 593
434 800
224 700
773 828
16 828
27 826
569 780
153 781
640 816
289 416
291 601
801 888
209 571
1 370
620 824
61 868
404 628
203 515
682 881
712 771
604 748
311 566
32 791
142 810
556 877
225 607
4 772
361 454
779 782
3 434
155 186
171 278
321 494
95 700
49 472
761 855
25 449
463 794
438 571
605 699
491 556
327 469
434 632
584 762
195 470
501 698
123 790
585 810
609 820
314 795
626 679
511 829
182 452
304 499
416 608
288 778
87 408
575 799
521 815
229 553
189 356
117 651
158 384
207 669
502 608
418 843
174 689
616 760
94 437
9 72
25 543
148 656
575 661
353 851
579 700
55 348
396 540
500 570
314 780
271 757
202 817
247 445
291 664
236 310
523 809
623 761
110 248
118 345
333 395
394 869
714 788
378 494
406 825
76 681
137 411
662 774
322 329
113 220
192 283
360 689
373 857
492 752
59 627
96 348
156 622
53 263
264 796
244 762
586 882
425 703
472 780
129 164
258 678
451 570
355 509
102 379
54 631
273 699
475 551
372 884
206 490
352 884
307 827
163 254
157 541
142 780
379 757
506 537
282 348
238 668
657 728
248 316
596 654
67 281
41 442
470 684
123 173
33 549
390 792
471 771
529 787
160 506
152 718
418 529
427 477
416 533
177 485
460 550
66 704
297 489
608 739
217 290
543 644
612 656
383 584
127 478
196 580
343 502
734 863
441 632
393 478
318 333
376 557
327 724
301 477
179 594
36 403
474 555
293 591
14 784
726 878
654 887
337 851
185 377
153 478
154 423
101 459
199 755
619 855
252 704
295 712
86 647
113 529
431 513
353 609
210 704
325 499
165 839
401 699
242 497
67 584
550 756
223 413
85 291
814 822
18 718
275 463
265 819
569 813
55 400
529 640
368 804
317 844
706 871
165 797
389 740
398 491
671 826
222 779
120 839
162 795
102 718
137 175
334 594
614 847
238 305
106 222
659 698
318 652
71 782
155 746
817 819
185 552
781 815
505 583
58 863
644 721
604 752
637 733
309 883
551 621
178 451
484 504
108 649
433 801
96 379
166 220
50 67
189 625
300 884
204 810
104 498
419 432
501 571
378 824
27 841
50 290
505 888
33 573
143 469
95 826
239 271
107 290
407 439
437 801
531 603
46 528
6 645
80 620
139 453
264 639
86 375
264 375
178 476
585 652
68 750
101 423
795 860
429 786
574 725
210 327
117 831
163 174
31 391
294 376
469 557
334 366
79 377
384 883
533 539
205 533
364 461
6 744
346 494
64 256
297 374
480 717
373 842
375 706
567 753
709 764
128 537
119 556
151 232
345 751
230 371
6 741
82 777
274 453
496 683
402 431
508 704
497 530
88 341
304 306
61 185
254 731
169 783
321 470
306 433
75 240
60 402
55 722
641 706
552 820
157 234
627 650
512 640
261 819
465 506
311 660
498 874
322 670
190 538
343 548
109 685
247 627
144 376
213 754
89 761
8 407
192 853
434 828
191 874
110 134
70 733
225 323
346 615
383 430
214 383
78 356
421 530
598 643
54 702
520 761
404 632
29 780
167 812
598 808
294 761
420 484
461 763
172 630
131 295
501 821
534 652
191 798
457 772
544 732
340 850
92 453
218 583
482 533
316 319
13 144
58 651
60 535
383 685
288 813
863 873
322 728
307 318
130 368
285 322
148 216
152 200
300 653
326 880
435 533
99 692
431 632
143 249
48 323
2 841
553 625
466 862
45 279
494 841
504 563
366 560
384 863
314 416
211 363
260 654
576 673
347 747
532 789
659 861
717 744
605 731
401 667
75 225
180 270
331 571
311 789
257 482
451 596
101 379
103 770
234 581
13 522
114 388
668 773
240 652
166 514
36 190
79 351
342 625
158 213
462 486
344 858
295 880
300 822
114 220
489 668
512 760
135 575
131 789
197 220
439 668
545 572
62 141
214 397
196 545
27 284
503 819
488 872
390 819
426 835
142 351
402 537
528 650
377 887
155 207
479 583
455 662
114 421
278 849
472 811
161 718
148 563
330 438
175 719
483 826
87 679
136 394
363 729
366 604
64 541
705 732
3 123
96 479
315 399
322 875
155 602
648 650
421 620
256 556
124 213
172 639
287 669
17 280
245 300
683 727
307 355
377 762
106 625
118 405
511 641
318 399
402 799
19 307
189 410
266 736
618 878
257 444
354 684
547 736
406 475
75 388
58 512
414 679
34 855
628 884
328 800
354 441
128 572
702 717
474 659
290 549
225 547
106 117
824 885
227 839
95 509
759 869
301 755
392 784
499 543
280 384
721 790
59 611
26 799
235 398
615 773
311 600
287 497
399 535
293 854
392 607
243 843
304 383
2 290
7 850
113 648
100 592
454 737
441 713
478 687
200 782
293 538
392 781
233 339
486 605
110 645
212 745
58 682
451 507
182 744
468 687
521 789
73 218
41 302
571 840
819 887
7 565
129 391
395 682
4 72
404 468
518 626
185 435
422 848
279 547
305 865
55 360
187 347
424 740
657 835
140 815
53 466
220 859
637 843
168 721
425 883
426 601
64 453
103 618
402 403
220 887
458 674
262 397
152 854
501 673
423 746
423 622
762 879
431 754
669 830
8 745
163 723
579 678
47 684
439 771
32 639
106 460
371 514
243 663
117 868
369 846
469 845
469 846
616 816
192 524
370 761
119 158
488 656
417 823
14 221
32 478
651 664
293 625
513 804
134 842
625 750
274 345
78 462
210 306
325 480
39 455
252 643
345 602
205 758
225 441
469 551
429 732
103 323
259 592
369 865
503 696
61 464
179 787
693 727
344 369
71 78
474 750
439 468
79 843
485 523
171 525
396 782
144 338
59 167
287 753
675 723
747 878
132 429
100 883
424 527
88 301
228 423
138 416
644 646
434 462
109 342
274 638
43 148
489 598
293 331
66 312
34 761
470 848
325 739
446 452
384 536
592 869
174 254
109 558
661 870
119 381
26 328
225 395
612 715
396 801
254 851
116 652
290 624
84 221
46 252
828 832
47 289
201 467
139 473
192 744
50 399
660 725
418 882
59 154
562 730
368 408
742 817
162 687
466 762
355 527
645 719
265 362
246 630
684 773
245 345
678 707
355 646
631 668
98 674
228 712
289 444
13 702
1 543
198 569
648 738
620 727
96 431
65 649
2 715
600 782
455 460
13 346
620 645
241 258
3 107
213 582
207 289
740 870
670 782
336 821
154 181
44 167
153 264
269 612
315 802
207 535
83 726
165 723
289 888
385 847
387 666
298 335
437 624
149 642
390 754
7 584
682 743
37 355
289 343
37 630
115 226
308 334
298 828
169 403
35 399
32 207
107 440
802 818
515 577
2 324
392 445
196 880
744 830
661 676
50 774
376 486
651 703
286 381
630 849
34 839
34 627
832 886
458 517
189 591
610 798
270 728
729 884
720 820
138 777
245 871
336 672
530 581
718 848
424 466
241 601
83 510
513 558
161 651
197 716
338 507
112 869
391 630
639 758
282 556
644 689
6 709
379 580
41 504
148 793
561 667
34 702
256 811
381 537
15 621
225 864
327 580
578 874
728 789
218 714
439 527
256 622
80 751
91 486
510 869
84 693
181 740
631 848
553 855
158 742
64 90
275 785
417 638
566 654
106 134
104 527
146 887
200 307
546 801
77 728
788 803
85 125
3 111
180 860
578 778
508 584
359 458
767 836
587 736
109 853
56 816
625 695
400 472
572 787
201 609
241 413
519 748
445 680
853 862
338 375
233 651
117 640
194 871
15 269
9 613
549 694
302 851
142 165
66 885
717 811
699 757
642 847
419 548
51 96
481 743
16 565
31 696
510 584
34 62
27 806
450 762
58 422
332 487
298 779
130 721
138 292
94 312
450 595
217 507
176 249
55 821
245 731
75 436
188 880
174 472
219 645
26 150
554 713
183 775
83 833
468 809
190 714
98 655
111 472
169 558
147 240
17 731
354 374
155 408
647 648
214 766
369 468
237 871
167 192
134 246
538 765
19 418
79 296
283 686
515 617
294 432
48 102
10 34
130 131
137 881
655 820
775 807
88 633
161 334
420 555
155 468
289 535
418 582
740 828
180 456
210 587
209 875
834 865
67 538
371 548
254 800
155 823
338 532
380 824
369 385
375 576
581 627
73 387
166 520
458 491
507 874
417 701
468 630
85 268
688 868
237 490
38 625
420 438
417 625
94 476
371 571
10 148
3 543
16 672
258 276
223 627
425 733
415 498
367 530
592 772
141 530
364 812
44 129
327 868
167 263
114 743
378 380
175 838
583 630
763 803
513 650
636 827
335 554
211 469
265 288
45 694
103 247
23 863
193 333
869 875
149 455
298 352
245 568
395 517
24 720
507 701
12 436
307 553
142 273
416 795
129 866
143 769
704 830
638 754
193 330
15 510
648 678
306 792
3 395
252 374
451 673
561 596
270 742
538 616
137 627
29 531
18 267
121 275
720 808
588 783
90 255
21 552
25 158
404 801
177 329
580 683
36 297
214 413
42 562
124 242
481 878
216 752
476 536
527 568
434 607
218 773
242 809
195 407
148 274
193 644
318 413
195 639
456 582
560 658
200 743
166 407
492 636
429 704
232 627
82 440
113 415
33 776
781 864
11 514
672 761
100 611
196 781
81 334
562 840
653 728
570 809
129 802
596 722
330 395
200 425
46 706
508 790
764 823
511 638
233 729
215 815
33 185
516 638
419 585
245 689
113 883
179 304
750 850
264 500
206 645
376 825
672 797
77 826
595 824
774 881
481 587
319 658
354 841
35 635
125 355
116 524
442 835
259 549
41 412
21 712
312 842
213 232
196 640
202 631
305 710
531 851
453 564
717 767
2 309
204 303
49 99
176 708
511 666
54 123
74 179
346 524
87 470
269 862
8 406
294 625
398 632
4 566
62 534
429 816
345 850
152 415
192 674
8 601
506 714
654 739
603 641
731 743
273 801
33 812
308 472
105 523
88 259
590 825
534 807
327 695
108 189
5 717
230 533
125 865
202 595
172 418
204 316
51 528
86 651
212 237
356 357
619 782
323 551
26 620
17 142
167 810
48 618
4 73
351 698
220 740
675 838
233 677
196 820
234 847
460 707
210 737
306 607
364 446
183 442
251 397
101 623
579 802
4 424
680 724
179 240
189 499
348 871
494 578
627 651
238 475
55 522
650 781
240 405
25 339
281 573
144 499
290 366
209 229
11 346
277 546
562 809
88 698
37 170
723 780
435 467
317 723
128 421
505 547
716 841
94 524
236 666
511 683
561 768
171 276
519 614
261 547
509 699
28 851
590 643
48 856
285 529
188 701
329 330
272 692
340 871
288 868
686 720
111 793
104 428
405 838
182 695
408 643
494 718
136 277
169 384
491 753
446 823
266 637
53 202
173 189
13 544
184 786
140 874
88 182
167 636
649 743
226 650
154 542
317 818
48 81
216 217
573 736
51 625
283 389
451 601
157 850
126 860
234 559
55 109
151 775
327 606
134 641
255 651
264 733
272 700
801 826
272 483
467 693
38 192
324 402
278 870
325 831
50 749
407 803
49 837
68 484
496 583
106 541
377 556
212 554
66 767
184 852
528 543
82 846
310 432
413 641
162 514
103 505
300 811
183 762
493 631
238 273
338 735
89 275
368 775
131 578
284 540
18 775
43 139
716 769
279 744
147 272
59 587
477 794
397 663
337 415
254 325
33 89
394 472
865 888
375 779
541 595
471 677
335 616
510 795
665 680
295 871
49 607
168 703
182 260
491 597
115 816
257 852
732 776
323 406
124 420
448 867
129 260
772 813
600 607
688 729
115 670
350 645
113 254
325 791
42 775
254 544
62 207
342 477
81 603
803 861
27 163
81 430
241 349
110 306
701 789
208 538
182 508
530 791
488 786
652 853
422 544
105 205
350 379
280 364
710 841
269 331
706 717
182 599
38 365
441 622
340 883
659 669
82 866
40 95
307 551
100 444
132 794
577 859
217 697
129 315
141 647
26 512
113 807
387 663
37 184
408 454
318 414
493 866
114 183
563 772
331 346
712 873
171 312
671 673
257 407
315 411
339 463
480 825
371 597
12 370
626 684
747 830
170 421
772 832
30 365
140 818
17 634
578 695
376 412
83 592
278 370
4 493
80 272
392 736
86 755
565 873
190 498
250 785
136 211
334 633
355 802
154 418
577 626
327 386
377 585
5 76
86 234
535 597
444 700
6 604
6 383
358 529
601 718
320 843
616 754
549 599
6 80
143 741
255 805
305 422
373 826
428 774
131 292
241 792
338 757
95 437
179 859
105 708
133 523
404 846
135 389
550 888
90 281
574 883
567 773
375 489
342 533
203 667
583 735
400 684
123 542
614 820
119 680
82 625
56 633
615 846
222 614
333 825
394 863
144 151
422 688
437 793
421 858
401 549
36 867
344 428
703 782
149 883
402 783
254 371
600 611
242 729
458 677
304 653
234 494
515 603
46 664
145 251
417 541
29 125
451 514
416 847
453 758
556 671
304 682
464 509
286 574
512 835
253 690
242 569
114 602
49 324
264 775
586 779
806 871
383 702
311 412
38 574
331 399
578 734
231 316
48 687
125 154
101 559
398 795
598 842
498 703
276 725
56 367
334 533
423 494
192 460
272 482
209 827
418 769
507 842
63 294
153 705
316 464
3 635
231 653
371 688
695 842
29 638
163 398
103 278
345 854
517 888
208 579
281 315
47 695
81 504
101 606
325 538
56 58
145 587
291 705
119 722
98 472
90 507
41 198
249 561
266 402
285 504
174 452
245 392
473 649
358 480
169 339
341 537
457 481
323 537
434 636
476 817
257 766
149 758
1 183
499 778
28 214
339 575
152 776
283 792
545 765
626 682
300 356
4 651
207 287
168 744
246 733
365 432
321 526
515 706
97 391
306 687
640 679
382 452
582 813
388 411
333 452
102 459
290 510
39 352
76 429
700 882
65 524
351 722
168 220
164 653
50 498
70 740
139 158
489 785
511 698
414 424
243 698
182 750
21 241
775 866
354 867
245 577
323 742
148 784
78 533
186 804
542 747
200 813
403 682
297 841
141 651
19 236
411 453
351 522
247 263
340 592
303 820
118 242
190 863
55 212
353 811
521 833
209 385
32 682
755 762
532 544
45 703
65 838
425 726
43 113
199 711
428 535
326 569
359 844
86 793
21 229
783 868
369 653
55 585
137 846
611 761
40 383
56 697
412 580
312 373
621 743
103 411
15 90
438 807
236 748
449 744
122 411
118 202
176 670
95 760
154 341
327 396
161 662
168 797
495 715
518 588
456 817
85 317
71 229
249 329
154 436
127 139
577 767
48 61
173 328
263 493
46 681
380 861
55 775
230 430
576 767
219 815
289 496
464 879
140 884
97 267
500 807
344 605
435 678
148 652
447 450
178 226
460 565
585 629
244 265
520 733
347 545
353 473
110 325
31 753
448 550
44 585
25 348
312 441
235 697
142 482
103 629
501 606
79 689
519 779
95 767
306 595
646 669
97 137
26 454
552 729
55 793
232 240
85 657
365 690
115 674
240 335
809 852
277 382
457 612
294 413
228 406
78 492
243 579
55 351
261 688
543 711
324 403
639 728
515 621
92 114
46 473
253 747
510 673
543 566
448 691
74 883
3 8
280 833
562 583
611 828
320 781
89 593
37 636
421 811
609 748
617 631
234 629
572 825
387 623
29 479
43 559
409 498
168 775
268 281
233 506
601 789
285 590
610 777
433 472
485 546
75 621
681 877
339 446
285 827
453 489
133 784
115 123
98 642
289 878
6 653
512 861
247 385
232 466
4 291
345 509
75 865
103 163
183 777
438 612
107 883
469 750
111 615
513 759
24 180
31 575
151 192
646 866
340 400
152 709
88 499
528 799
2 651
707 802
576 621
169 544
48 761
9 246
678 752
260 661
390 618
346 444
220 373
18 880
176 395
659 758
156 392
317 582
100 398
382 504
566 614
28 697
39 133
175 366
306 421
464 623
262 794
73 638
265 599
566 827
95 816
466 570
723 888
233 490
52 314
286 857
50 320
111 848
111 704
19 460
339 587
154 213
36 341
714 722
410 660
626 796
625 879
339 368
278 457
402 763
298 465
49 291
398 855
128 508
430 508
50 606
151 833
47 269
586 778
67 594
651 746
169 223
118 595
15 607
371 885
80 530
628 690
322 556
149 193
139 290
156 682
322 525
17 546
544 658
399 801
239 740
773 804
30 282
168 499
219 786
504 654
489 731
366 449
308 543
346 766
357 491
855 884
118 470
40 454
131 509
411 537
717 834
353 849
841 850
457 528
220 722
385 745
158 352
320 777
234 727
369 753
191 319
771 843
702 828
622 767
57 489
459 628
311 484
92 243
230 316
220 873
233 265
597 854
666 756
44 803
118 238
165 638
18 145
177 838
579 856
395 742
261 439
32 147
95 202
443 798
62 86
223 705
334 379
88 464
80 625
229 364
514 657
68 470
438 725
94 495
235 836
434 864
346 666
584 655
781 827
354 464
70 708
378 487
412 773
311 817
92 423
167 377
287 552
371 473
612 874
32 47
20 248
182 662
362 493
79 459
206 220
431 605
683 851
209 670
686 696
654 720
440 455
419 546
81 413
209 414
603 617
359 551
40 471
222 232
346 726
200 748
12 451
208 280
418 632
162 775
147 451
71 879
188 543
399 590
619 837
690 741
191 851
266 422
202 358
169 882
314 840
607 769
291 429
378 798
384 433
220 343
185 822
44 318
510 760
79 356
55 383
639 664
673 710
513 680
629 728
196 646
281 747
350 540
450 793
172 612
173 536
20 416
472 722
517 879
430 558
314 488
101 682
410 820
160 694
526 765
15 406
563 882
248 553
259 824
757 815
712 769
494 670
384 662
481 764
455 880
522 875
631 822
483 576
349 724
116 854
191 346
150 436
667 781
190 839
217 252
651 740
535 617
14 445
275 660
47 328
791 848
433 537
12 161
852 888
661 793
167 715
134 829
324 636
231 843
113 763
90 833
58 712
309 754
113 651
415 880
69 473
388 738
566 698
225 304
312 833
84 714
580 817
623 839
39 245
95 645
595 675
522 694
342 698
123 696
6 437
447 820
414 783
53 589
157 213
689 762
688 834
487 582
47 177
30 371
838 887
7 154
489 538
161 553
485 850
266 645
82 357
374 493
169 656
35 276
475 623
217 385
73 817
164 341
105 397
203 523
313 486
