542 2653
70464 69216 69668 47572 27340 64344 79832 61484 8684 25140 6296 71512 90436 49080 45496 3324 14264 63112 38404 2664 99812 77412 94076 67252 73228 24620 51652 31196 74788 32272 72088 45248 66892 7160 58228 94228 71504 38056 21116 45592 28600 27408 82508 19032 41892 28000 87760 21560 91112 26164 24220 56328 68980 83700 88984 42208 8320 40632 73400 48512 38308 10892 59164 5196 83456 82796 64832 20364 86256 85944 65952 14852 78760 48456 33880 86056 76456 21640 7616 32972 13208 31832 54704 82184 80940 43684 89796 89256 49724 28600 37764 53436 4896 62332 58632 88352 45128 88868 8712 31380 40216 40072 11640 18972 88524 45516 5028 30384 32560 12640 63352 11172 9876 83460 58764 90812 27144 13964 45472 76864 7972 48640 30296 12864 10972 54332 66620 21504 8604 40740 18288 48820 80808 29924 67788 69328 40848 38220 65120 38812 16264 93876 49984 91548 77336 74152 82356 4476 53520 93236 46744 61488 41872 42444 39760 18248 62184 6376 39748 70784 12520 58036 19600 93324 87956 52796 28060 28800 56420 93176 33020 72684 87048 48408 64228 64380 22556 11988 34260 76072 5220 46408 2968 47092 88852 42724 30744 16440 14504 70492 87220 27024 93932 72228 85752 81884 90428 13808 76092 46844 6980 9108 84932 59436 57512 49156 89220 45472 26552 23480 86948 31768 69884 89912 44264 24140 32632 75008 40576 12544 10904 93204 4972 4832 30836 90720 52120 21260 4528 28208 33508 76912 2720 18440 1752 25636 33000 90972 36512 59548 14448 23460 56724 49736 13368 66392 39284 11408 41396 79856 23948 17704 38464 94324 22532 69296 85040 74652 55960 54972 68264 54876 97292 36392 38720 99040 62024 37124 90008 98536 62080 69860 87400 18800 85004 764 85188 24284 77576 91992 69544 66928 75100 8008 61248 97632 42708 46288 37688 64076 66664 5948 18948 63952 7744 23072 62992 69768 60192 52996 33708 22268 88264 86512 6472 73264 87272 57068 97544 30256 14464 32492 97180 89560 40496 23836 52596 48612 35528 90280 12684 2188 61636 97036 66140 69376 85512 94536 4548 45700 12936 38252 33376 1196 90168 39844 39864 42848 62316 2812 73100 76776 35304 35684 66336 41204 59516 18928 89812 60448 74616 67900 62636 36248 30340 94180 5620 15848 88712 10168 26956 67052 13824 25736 68248 3992 30984 8108 46836 93300 76328 85340 70072 11628 21020 1812 52828 45944 20740 42640 6388 95352 75944 34428 97004 6284 28604 2620 87536 82720 78192 14488 49772 57424 40220 83424 61412 71204 56936 73652 64500 33260 58988 99976 44884 80004 1788 63120 91352 87932 71164 97740 48688 47104 32164 45688 53384 26176 13712 6328 74300 91904 20812 89476 49324 26440 72896 76140 63048 95240 49788 92952 28496 74180 92924 38788 19588 60116 67312 10940 48044 38472 8676 62136 85572 6244 7820 4364 97824 21532 10688 72124 78840 96904 61596 28160 88748 99900 69704 51792 95136 19488 44740 89036 59072 3072 93228 78656 28592 60536 89592 42044 99004 63672 4176 49984 35324 11996 54344 33144 98932 30436 5264 77768 27336 32268 5924 16084 32164 41032 33280 92704 60516 43428 81736 84992 11904 40372 63644 40492 904 18644 82532 65316 82312 52116 15296 83040 64108 35044 16184 28444 65476 86852 6208 58216 19116 77536 39704 16684 18564 72984 74792 44484 16408 56528 29472 93716 96896 58520 34204 63204 77160 82144 28516 24880 99664 9216 7916 63768 44256 24096
47 68
188 542
305 395
14 65
215 537
384 508
16 226
298 467
149 491
66 141
257 421
23 483
102 439
93 147
54 225
38 169
56 147
139 198
462 471
387 441
360 508
32 51
66 411
326 332
429 440
67 466
302 366
148 160
167 339
67 449
55 391
457 534
59 370
62 311
54 57
310 475
242 358
285 373
355 455
307 358
74 427
65 510
319 390
34 161
415 452
96 208
39 507
189 301
127 443
40 50
285 294
66 538
360 389
218 229
263 284
87 333
492 505
122 248
87 210
1 205
33 87
211 290
96 328
232 500
2 273
472 527
89 339
66 147
242 406
298 450
1 536
49 382
201 411
87 165
62 372
83 228
312 478
119 285
21 525
173 362
292 380
184 243
73 246
1 102
334 453
7 52
157 409
150 483
429 519
291 375
391 489
184 477
291 506
53 341
442 490
142 288
159 281
391 507
108 486
146 497
4 456
27 318
389 417
94 118
45 193
392 405
360 378
132 204
9 454
303 418
264 422
187 386
171 277
202 523
27 167
191 224
21 306
168 177
244 385
313 479
343 523
208 404
329 398
260 425
130 188
100 203
51 128
321 505
42 436
116 366
300 505
218 494
188 360
64 449
194 439
277 331
251 429
142 269
189 314
43 69
106 281
430 500
75 192
259 306
278 433
8 231
166 247
278 312
84 188
15 536
136 314
249 377
53 318
198 405
82 204
222 246
179 526
398 434
218 452
79 391
97 391
2 422
22 522
404 423
240 542
49 305
158 485
234 437
257 297
13 355
189 304
132 490
194 225
520 537
149 317
16 527
199 310
295 378
202 391
69 70
247 286
43 529
311 355
77 192
109 442
253 362
243 356
34 165
119 315
11 352
492 504
93 388
336 518
258 520
182 201
10 401
129 275
246 414
112 447
91 260
66 219
298 369
19 441
300 516
55 449
129 352
94 517
185 277
80 511
179 377
46 345
197 346
285 377
122 516
498 538
48 336
214 476
55 143
172 420
26 57
354 450
343 377
365 399
121 223
458 525
296 470
94 289
239 368
45 183
2 62
22 33
374 375
375 404
108 484
138 423
371 525
235 294
246 261
35 207
271 395
208 469
8 122
164 196
70 186
86 120
124 492
191 494
93 242
380 394
312 517
407 414
6 529
359 521
346 482
111 542
244 474
108 532
92 103
323 446
207 287
323 502
266 421
41 425
250 518
247 355
169 209
194 538
385 435
15 300
46 376
73 331
102 339
9 504
257 450
366 387
291 457
360 366
51 537
248 465
36 516
41 452
66 485
172 397
17 475
177 412
411 451
6 518
84 301
249 461
213 465
99 361
20 493
261 281
361 391
116 290
139 276
334 388
65 235
343 368
228 466
434 476
41 166
68 532
242 496
459 507
33 274
101 219
7 371
27 360
181 397
201 453
121 235
312 396
331 362
495 517
175 473
80 138
113 345
173 272
116 223
11 438
406 420
382 497
13 347
103 188
66 492
17 147
286 524
306 409
76 121
78 469
6 390
349 487
242 450
16 453
304 463
62 487
58 409
7 107
2 136
76 292
84 423
77 402
187 298
74 515
221 508
86 189
272 323
339 517
193 208
401 523
23 102
118 305
53 115
81 191
130 367
177 276
288 449
28 75
190 404
108 172
328 489
146 435
33 362
47 210
214 363
208 400
15 120
46 114
173 438
312 453
428 474
19 242
25 240
88 529
21 122
132 493
35 472
315 515
321 477
365 389
66 246
96 122
143 253
21 232
66 111
331 421
137 378
29 511
288 429
49 342
15 406
56 503
118 281
122 343
36 428
432 489
190 382
178 502
257 379
9 262
72 76
292 485
43 435
90 419
399 520
193 535
103 510
36 204
37 429
36 446
113 328
70 269
193 532
120 498
12 154
341 412
379 410
170 464
271 427
157 417
121 344
294 342
258 337
328 483
264 512
26 101
27 421
22 251
15 92
55 428
68 262
437 444
55 386
238 457
145 210
343 403
217 374
106 381
51 456
279 324
376 521
173 217
52 470
247 422
246 284
135 384
285 453
72 264
70 107
289 465
138 241
369 444
314 377
106 408
212 533
343 392
64 216
343 462
250 358
1 485
336 474
392 456
45 363
406 485
168 169
170 475
87 460
228 383
191 539
181 368
6 284
43 55
118 290
44 494
214 399
62 212
392 442
360 514
59 78
81 247
504 520
266 513
272 394
209 523
435 483
105 109
279 469
380 503
126 444
325 393
16 169
118 416
215 423
186 392
52 438
126 214
74 376
374 523
384 467
109 406
194 498
289 419
157 420
509 526
179 265
42 174
199 442
215 231
353 477
45 523
114 369
313 516
96 157
184 226
427 515
419 468
206 299
415 462
31 266
1 308
19 123
9 362
63 496
142 154
436 452
181 483
24 248
271 496
450 458
76 194
20 65
115 417
204 461
241 290
158 272
367 540
144 272
190 437
303 499
148 474
75 246
22 277
404 520
335 374
2 493
76 314
93 107
74 488
84 386
33 361
57 73
145 148
346 532
149 475
279 348
30 261
32 222
433 515
41 155
53 500
43 169
281 480
25 441
85 315
220 323
137 476
239 515
384 501
114 364
173 474
166 377
38 250
264 456
50 394
37 333
53 430
230 283
106 268
81 267
417 515
6 515
47 122
414 459
215 384
467 533
213 232
134 365
393 434
265 285
21 33
38 76
212 214
203 232
186 310
313 476
180 463
138 147
150 173
431 511
164 400
191 197
218 509
286 330
101 214
340 386
176 411
326 372
140 162
83 403
20 266
224 473
222 495
184 333
275 323
50 377
389 505
76 518
204 394
429 528
62 84
85 97
118 258
155 393
110 272
154 345
290 476
432 523
103 445
2 37
205 375
13 384
250 539
120 517
355 407
154 256
212 439
108 342
370 448
397 405
385 518
504 534
57 353
500 536
91 109
164 542
79 258
444 452
133 308
38 145
123 128
209 537
199 469
200 430
40 211
191 408
200 294
441 512
124 406
75 168
3 44
99 198
206 489
83 274
445 507
291 310
294 345
62 303
257 425
451 463
134 311
41 400
265 460
214 271
245 264
189 468
365 477
304 499
259 523
254 379
185 233
460 491
52 294
130 488
17 249
16 127
214 332
121 535
272 519
69 464
164 471
397 529
66 225
98 238
145 212
5 542
424 492
145 309
348 448
49 454
43 272
268 304
258 332
51 328
5 332
142 200
116 263
263 275
293 352
106 448
111 407
5 316
328 533
3 396
146 261
344 399
69 302
83 485
187 250
60 365
166 350
285 485
143 302
127 496
239 344
84 313
10 87
219 239
123 391
288 403
67 172
273 340
68 342
114 518
49 182
128 270
6 97
71 251
283 319
24 281
113 314
201 280
242 260
427 441
360 522
75 210
151 480
297 366
6 92
238 407
37 232
107 410
136 296
312 467
262 441
348 463
348 480
139 160
25 120
163 355
435 521
289 430
57 355
28 529
154 504
256 284
249 317
162 535
264 514
489 524
295 319
102 176
126 180
40 421
311 510
258 498
210 517
42 179
361 381
44 467
153 442
426 466
39 234
78 414
166 292
342 343
322 402
40 187
446 472
82 129
134 387
29 89
178 303
285 533
79 426
72 81
242 430
130 400
271 419
142 273
186 269
184 220
216 431
108 211
105 287
55 438
85 187
406 473
196 400
340 486
22 445
87 438
13 81
236 516
19 24
145 329
233 359
248 334
103 488
78 342
375 516
45 65
75 331
300 503
24 325
274 526
103 435
142 316
6 346
384 442
5 50
289 344
153 187
198 244
478 499
52 528
57 524
103 350
105 207
111 520
5 33
109 344
114 374
164 489
179 219
12 82
231 407
316 510
329 414
21 98
99 321
406 542
16 323
100 143
220 519
291 346
91 427
97 374
46 205
1 400
26 106
226 388
160 340
168 378
437 531
19 271
148 457
18 99
300 311
215 292
97 488
364 397
127 462
50 302
123 227
278 529
143 352
226 279
19 172
199 385
80 436
239 411
48 141
257 375
280 435
49 319
169 444
73 350
27 340
19 185
343 465
113 442
43 372
133 384
86 479
59 237
142 417
210 373
169 295
58 465
182 245
276 512
198 394
63 85
114 441
76 360
192 507
179 292
71 146
31 43
92 317
60 412
491 495
125 431
30 165
381 478
28 525
81 464
61 428
167 183
10 430
122 366
373 412
257 369
227 473
80 231
6 101
10 416
50 150
58 162
195 469
164 304
45 258
50 141
32 37
310 382
123 273
487 534
88 108
411 476
308 534
164 195
23 462
210 385
233 299
44 397
326 475
209 408
316 524
48 474
135 380
128 487
84 93
198 263
40 426
270 347
175 232
190 235
92 207
147 182
132 203
152 516
139 387
19 239
205 426
12 382
39 470
320 436
471 479
302 454
205 370
225 271
114 171
83 491
154 187
107 270
31 475
173 376
46 158
169 520
306 414
259 396
69 182
45 479
24 98
29 451
255 431
366 370
121 209
63 162
240 492
136 253
273 328
173 364
108 492
335 398
108 152
225 418
475 540
284 445
148 204
73 539
137 503
17 62
11 393
376 447
235 298
61 146
41 231
165 515
150 230
503 509
450 457
351 485
21 296
409 515
199 381
48 249
33 218
74 502
188 291
380 481
1 266
104 284
361 494
75 439
261 339
51 377
91 230
397 517
325 476
386 406
228 442
53 67
319 333
296 528
468 521
124 471
15 79
119 326
377 468
56 189
58 532
120 287
234 239
108 529
146 489
158 496
97 463
481 521
267 523
92 286
98 152
259 374
343 537
18 445
331 439
279 491
130 187
139 235
109 224
487 496
16 69
75 265
116 440
316 333
120 201
263 473
123 262
36 42
290 512
418 503
187 527
78 421
453 469
210 487
64 79
96 146
20 205
212 443
341 463
243 488
430 452
41 171
36 151
361 513
22 50
21 446
64 192
102 369
122 340
35 342
319 523
126 400
5 15
227 256
47 88
73 341
273 539
36 133
61 205
139 273
88 465
49 222
167 394
65 223
359 457
332 398
160 370
336 368
22 186
44 209
94 249
79 327
122 531
46 359
23 219
142 276
49 157
414 446
146 333
92 232
66 210
109 276
134 251
5 44
26 118
427 523
226 264
207 404
362 509
115 537
155 501
282 307
430 515
137 469
61 467
384 470
467 536
363 441
267 336
121 123
253 425
74 319
92 133
73 308
51 411
78 365
147 500
229 490
275 292
36 352
209 222
118 392
249 523
170 412
251 352
114 224
196 281
298 523
274 381
50 66
405 418
35 59
287 475
231 235
217 434
222 422
44 297
188 301
48 197
226 419
275 464
235 432
110 115
107 494
52 197
72 261
29 78
330 391
294 409
169 346
23 53
238 461
52 339
402 435
134 455
216 421
148 239
182 395
165 433
372 468
165 520
372 416
315 391
398 483
282 516
37 249
347 415
139 155
394 534
304 460
389 416
300 499
202 524
304 522
272 350
353 405
44 202
15 466
89 321
47 523
175 359
22 531
101 149
141 445
373 423
315 322
109 487
152 245
306 476
98 488
166 182
383 477
214 309
290 397
234 353
17 542
277 409
149 441
506 532
150 301
161 497
268 439
383 416
144 224
197 442
97 508
128 275
22 63
52 132
511 527
157 539
70 537
122 503
423 534
332 513
345 519
314 541
320 418
353 509
422 483
42 401
259 449
356 388
5 86
232 356
352 419
515 519
120 298
60 89
97 182
327 483
138 258
42 161
421 496
178 271
139 346
99 296
110 268
117 470
26 88
12 168
42 288
274 450
203 309
30 346
494 498
296 316
163 385
109 335
378 381
303 406
76 154
66 87
25 80
372 390
289 324
346 444
165 212
113 231
112 393
361 458
95 482
213 428
74 91
297 363
428 438
171 208
56 382
95 255
151 511
513 526
143 439
414 428
105 267
111 151
130 470
128 238
121 280
150 355
80 123
384 428
232 524
166 484
174 233
97 165
38 213
91 171
127 373
45 484
110 452
184 512
155 344
233 515
334 337
86 410
114 276
178 527
26 518
280 503
228 434
297 489
110 362
310 459
191 448
92 375
228 246
276 451
11 262
329 539
108 194
490 511
38 255
205 265
311 537
518 533
456 514
294 392
56 251
407 436
160 393
189 297
155 381
279 306
138 314
181 467
327 473
47 379
48 99
13 335
174 444
94 416
205 518
10 218
41 519
156 308
144 266
233 331
118 474
418 510
131 406
114 293
522 529
119 405
272 298
278 389
255 321
153 193
102 309
262 469
183 438
93 216
281 506
158 193
330 395
183 432
52 84
101 286
36 451
137 300
216 535
213 483
115 250
108 139
324 346
285 526
54 150
322 437
309 455
396 415
93 440
371 374
298 410
176 263
148 193
392 541
384 502
294 406
147 527
346 473
134 341
230 495
81 462
434 451
112 130
45 306
201 315
323 413
285 427
427 449
1 234
259 337
175 267
282 448
260 459
89 441
53 68
202 309
329 399
242 423
109 256
155 445
344 407
135 518
60 218
38 186
119 261
22 444
75 288
329 334
91 538
129 223
32 94
419 494
130 259
285 287
457 466
57 192
118 429
107 456
88 489
283 441
150 162
29 501
346 387
394 528
142 437
388 460
259 400
54 529
28 499
60 362
205 277
272 327
164 461
498 521
43 83
75 316
42 396
129 425
268 512
204 401
40 207
508 529
298 451
187 497
55 436
72 83
143 276
199 218
290 354
423 500
194 535
156 489
422 474
329 453
229 408
292 490
27 467
102 163
397 496
381 533
206 456
177 189
279 416
211 508
169 419
147 435
94 325
154 161
40 347
253 530
42 472
238 531
230 387
153 220
180 440
131 500
256 320
40 403
116 386
19 366
108 361
138 160
166 379
306 358
126 343
404 416
27 349
490 540
107 383
62 233
128 183
58 170
239 345
52 227
127 413
157 246
260 335
292 494
136 232
253 381
8 120
410 481
363 542
29 331
323 347
191 233
202 390
16 287
364 444
247 281
70 438
172 311
49 156
207 208
112 247
245 358
68 234
18 140
334 424
100 337
109 239
279 508
10 268
194 196
235 505
269 480
135 393
344 520
310 408
53 159
85 113
230 321
219 522
277 391
20 81
318 514
61 161
52 264
29 138
96 112
148 229
283 342
384 530
38 215
52 258
312 316
136 493
229 317
143 360
57 176
203 337
288 298
238 363
401 478
86 88
204 386
244 303
208 443
116 182
74 127
103 253
245 520
333 368
157 510
45 361
92 374
119 337
332 521
336 530
120 391
171 482
255 423
174 461
309 373
70 477
245 502
237 487
6 104
76 405
25 428
378 468
176 356
128 263
188 389
182 224
178 393
164 174
478 492
130 285
371 512
438 464
160 235
116 388
251 487
129 377
247 467
439 511
66 379
1 220
399 476
211 341
239 377
40 306
145 304
68 489
463 504
358 455
155 436
10 526
258 385
124 436
497 530
154 360
22 373
312 346
252 540
107 129
55 155
4 125
56 207
112 214
187 283
181 488
91 371
83 232
16 307
113 397
103 219
229 400
272 491
102 132
7 274
52 75
337 510
310 372
414 541
486 537
15 23
257 432
453 532
6 213
81 364
63 469
472 538
203 482
122 409
133 511
135 532
189 345
208 262
19 144
325 359
205 521
107 109
22 356
152 390
313 347
385 473
38 133
406 448
283 528
164 536
35 186
404 481
269 273
59 172
27 274
13 158
122 512
37 100
272 395
27 108
31 355
89 165
6 239
13 112
43 456
260 508
206 353
8 477
117 317
341 477
28 540
77 423
372 495
191 316
303 404
216 478
84 483
63 302
27 153
87 466
28 48
56 411
175 540
390 414
22 375
346 425
216 458
74 93
271 470
391 473
53 142
403 438
227 303
181 406
175 443
500 527
39 213
107 135
12 286
201 481
452 486
301 517
186 489
203 261
69 443
409 522
123 183
150 537
104 215
349 427
25 279
209 405
212 301
198 532
145 151
299 418
79 119
41 230
218 323
16 254
147 307
204 251
312 337
294 331
280 532
14 69
69 268
281 373
345 383
237 426
207 242
191 380
407 412
217 424
12 322
205 390
197 435
227 408
132 499
303 493
384 407
168 242
28 307
2 379
304 507
369 483
174 275
123 465
315 406
148 438
57 469
456 473
117 245
366 499
85 413
285 324
256 313
302 462
118 330
140 269
69 125
222 305
150 255
149 502
173 426
121 383
82 176
1 356
39 210
184 521
52 511
146 264
386 541
11 340
24 227
379 538
40 174
285 381
69 152
217 224
244 470
165 509
32 337
133 526
180 241
231 246
82 485
183 469
3 510
399 427
270 452
227 242
60 533
77 436
305 369
399 464
18 478
296 322
93 156
112 303
218 320
169 519
185 523
198 338
156 441
330 397
119 426
447 480
187 414
50 110
69 537
441 454
47 375
11 238
134 295
321 403
189 542
155 240
137 338
42 60
110 461
424 433
187 280
275 520
171 340
114 402
179 239
37 267
368 464
224 384
101 445
59 541
359 439
11 505
65 322
5 186
459 510
277 522
46 53
431 500
322 334
163 390
201 393
164 315
191 478
41 502
65 381
2 52
258 384
23 59
76 328
144 179
130 540
4 438
237 413
57 370
36 112
93 277
22 111
245 320
237 433
469 506
218 385
18 67
153 469
24 462
319 388
84 294
286 314
408 466
90 495
89 245
354 476
30 330
265 271
108 503
37 358
203 362
227 486
21 463
164 273
383 396
434 480
50 521
83 288
329 428
264 509
319 528
98 223
3 268
133 539
162 199
320 407
121 173
135 509
8 498
97 442
121 403
52 74
266 416
319 385
11 541
105 249
264 268
272 423
451 490
163 493
239 243
101 442
208 464
34 69
224 236
62 527
136 235
257 314
37 197
303 420
51 474
198 446
110 111
304 448
16 152
317 357
387 507
253 484
225 438
80 199
88 383
298 455
85 229
301 455
221 279
296 532
420 460
85 348
405 451
62 432
184 199
211 373
417 500
131 217
107 162
26 77
380 507
18 147
270 373
124 524
37 125
91 348
260 269
152 347
460 508
247 423
135 302
397 542
311 502
6 394
170 212
5 245
114 248
133 369
49 303
182 389
25 471
136 177
460 512
139 427
200 253
70 176
267 493
9 175
188 213
409 518
114 278
165 511
229 244
67 274
106 192
214 511
141 181
131 496
126 232
203 212
330 482
462 499
194 322
225 342
65 324
79 158
296 306
99 217
292 372
4 402
468 484
165 330
13 530
249 441
431 463
279 481
204 539
59 64
410 507
208 534
348 421
241 541
40 446
196 339
156 250
59 426
275 403
221 413
73 454
281 284
59 513
48 84
5 203
271 332
116 163
147 204
6 521
193 198
127 175
25 123
345 520
316 382
24 35
451 510
160 535
35 252
114 395
81 437
365 522
286 355
168 202
229 268
26 73
68 410
50 475
326 429
79 423
15 322
46 233
23 125
166 202
109 312
214 261
52 515
415 492
177 456
234 274
20 376
392 421
55 314
249 261
293 444
331 448
15 38
200 246
40 296
482 519
376 534
189 538
75 293
94 318
65 408
190 319
382 510
16 464
376 440
14 524
297 348
250 355
273 478
379 527
206 362
247 278
241 439
434 473
386 467
65 433
18 190
407 528
64 486
118 362
476 499
157 502
192 218
95 277
199 356
368 392
148 317
134 338
102 234
161 436
371 406
427 517
283 370
189 333
387 512
144 529
18 177
8 449
462 503
384 480
334 376
260 331
236 534
501 527
109 474
188 481
242 364
7 289
377 430
97 259
393 411
278 441
73 351
313 487
240 307
306 488
392 410
28 349
333 434
206 459
506 520
158 169
121 461
56 536
308 316
482 484
345 468
142 356
376 459
176 260
296 526
261 286
29 299
263 522
75 541
281 417
34 47
85 145
357 374
67 294
30 238
390 490
33 307
447 518
341 343
123 295
95 524
160 461
40 276
297 304
127 268
200 541
20 43
35 158
209 541
82 520
291 386
103 151
147 377
61 485
404 480
51 153
264 496
68 513
25 431
150 369
353 515
143 505
295 499
205 304
196 462
445 482
14 397
55 434
169 300
2 440
53 240
373 537
43 71
73 338
157 514
38 320
433 482
424 454
120 176
147 181
487 501
343 447
403 512
42 206
67 220
20 147
71 111
199 460
456 486
111 116
342 356
176 276
68 86
358 417
47 277
36 167
216 248
125 143
500 503
95 113
120 520
9 233
315 476
250 462
188 341
12 260
16 130
86 345
13 53
86 190
106 353
278 450
111 201
170 513
232 471
447 501
227 538
123 448
220 345
125 434
99 191
199 484
319 472
426 464
141 245
104 263
209 538
212 267
222 271
63 133
449 470
126 519
65 177
235 508
110 463
92 345
119 157
135 303
170 385
150 453
98 179
248 324
201 345
31 455
161 277
139 484
116 196
224 331
112 473
84 374
118 182
36 41
277 386
383 404
48 536
12 267
230 406
144 303
45 341
42 536
303 373
205 483
275 414
45 197
155 410
276 306
111 218
68 530
42 424
80 172
215 219
72 450
406 469
143 279
265 432
216 495
328 330
6 368
100 474
300 521
12 234
186 309
156 474
130 306
267 422
22 323
285 384
150 153
348 377
1 210
225 511
250 286
163 423
319 463
43 438
48 250
294 500
290 472
315 473
122 150
222 253
85 286
239 496
58 138
61 512
263 431
132 525
248 519
430 437
245 537
153 401
137 412
50 239
70 506
246 346
177 323
10 131
118 218
378 491
187 511
25 139
95 266
403 476
189 405
125 502
324 495
246 426
274 444
2 199
157 368
4 360
264 451
175 205
256 454
37 415
356 371
12 225
142 175
126 468
19 380
20 432
28 165
391 405
100 467
360 463
57 208
131 444
59 472
137 183
10 93
419 503
18 375
292 453
335 422
30 225
243 336
208 364
155 467
38 371
68 421
136 482
286 304
53 423
74 315
108 416
262 448
26 282
211 453
149 281
420 526
239 289
2 356
112 452
75 338
99 279
275 540
43 139
177 382
112 318
388 392
96 479
145 174
48 119
235 450
238 277
159 402
274 497
167 475
126 224
22 86
298 415
277 493
282 540
187 456
195 464
352 479
253 518
70 148
168 207
191 467
112 350
208 216
304 467
69 494
76 474
153 446
68 163
329 350
149 305
459 539
46 473
211 317
4 316
407 533
187 287
3 197
144 370
280 313
169 533
449 532
319 404
39 108
138 326
273 364
360 482
313 475
57 315
281 354
358 375
44 295
449 483
79 204
319 460
293 322
94 459
287 437
36 293
72 181
1 379
346 522
4 36
360 536
147 447
182 514
306 456
87 372
269 463
203 472
315 442
421 428
252 468
190 503
26 75
148 368
95 237
395 527
177 279
189 379
191 318
244 271
88 90
9 470
226 363
486 531
167 355
40 232
77 502
216 378
218 377
180 246
125 199
480 484
425 464
20 534
186 479
19 344
139 442
121 401
329 364
471 534
57 183
245 392
52 153
96 238
243 268
334 511
14 165
224 380
106 320
105 264
417 427
94 217
182 267
94 444
351 510
158 299
243 387
296 501
270 541
174 321
105 381
399 409
330 370
214 241
377 521
66 389
351 495
529 539
79 520
33 167
348 359
31 340
412 485
404 483
41 54
338 491
372 386
173 439
242 281
253 461
276 454
272 492
51 231
266 386
187 304
224 386
357 441
267 278
216 232
5 468
92 242
261 485
50 286
49 358
373 516
463 493
107 289
7 296
267 405
149 219
3 495
303 336
179 530
176 487
227 461
245 380
57 414
185 249
376 445
110 224
38 451
32 313
81 226
381 414
74 396
125 424
98 232
169 422
261 493
30 57
110 523
21 90
17 523
228 372
272 535
242 250
426 477
460 482
178 276
130 542
9 332
256 475
240 467
369 492
202 380
54 351
223 516
55 536
26 423
193 222
54 179
168 382
113 538
127 386
44 519
262 380
102 381
486 499
443 507
176 397
117 519
81 213
318 466
39 211
5 198
241 505
419 488
114 442
