73 285
70394 70394 70394 70394 70394 70394 70394 70394 70394 70394 70394 70394 70394 70394 70394 70394 70394 70394 70394 70394 70394 70394 70394 70394 70394 70394 70394 70394 70394 70394 70394 70394 70394 70394 70394 70394 70394 70394 70394 70394 70394 70394 70394 70394 70394 70394 70394 70394 70394 70394 70394 70394 70394 70394 70394 70394 70394 70394 70394 70394 70394 70394 70394 70394 70394 70394 70394 70394 70394 70394 70394 70394 70394
14 69
12 21
4 43
14 40
1 10
14 15
38 69
44 59
5 9
7 52
37 67
6 37
1 63
28 47
39 52
1 57
27 57
16 54
27 72
11 50
50 64
30 37
46 66
32 55
28 69
4 60
18 60
30 69
55 61
44 66
41 42
29 47
63 65
52 62
13 43
14 18
45 51
15 19
34 53
11 34
15 38
20 58
15 66
34 36
19 27
29 68
22 69
3 15
29 49
28 71
11 14
21 66
6 40
21 51
7 40
59 64
40 46
5 71
12 33
32 33
20 73
57 59
62 69
21 46
60 63
6 12
51 56
12 32
59 71
22 40
25 64
20 37
5 34
15 28
7 45
40 62
54 67
53 60
12 31
51 68
32 63
50 57
25 35
33 59
42 52
3 14
15 58
23 40
42 60
56 57
31 52
10 70
23 44
5 13
39 60
2 16
35 70
39 64
24 58
9 29
33 49
10 41
10 56
37 55
9 10
13 66
23 46
26 32
12 30
21 50
22 38
1 27
67 69
3 49
18 62
53 54
22 50
14 55
11 44
1 23
47 54
13 72
18 37
41 73
35 48
33 46
8 67
66 72
6 63
12 70
41 59
16 39
24 72
6 33
24 67
24 33
12 14
65 71
22 61
10 28
19 61
25 56
13 23
6 7
7 21
20 59
7 19
11 20
41 67
17 39
56 68
21 67
19 50
19 40
70 71
3 38
31 69
20 36
28 38
41 43
19 23
14 31
11 51
16 41
21 37
21 35
2 61
5 23
39 49
54 70
15 22
14 27
2 7
60 61
48 69
29 46
4 40
11 71
18 42
38 66
43 47
16 47
56 67
49 68
9 60
16 55
8 55
4 18
24 73
23 48
1 5
1 36
38 60
17 61
8 36
20 49
16 52
21 62
38 67
3 6
2 24
41 49
3 51
26 30
20 69
11 48
25 68
36 46
42 71
44 53
11 12
39 40
23 49
18 33
16 19
28 34
2 31
8 73
53 65
5 8
12 56
32 73
27 44
5 51
25 50
18 49
1 56
36 50
10 71
34 67
26 51
39 42
3 55
33 51
25 45
58 60
51 64
27 41
23 63
44 60
13 37
27 70
59 72
29 45
2 38
5 67
46 51
14 45
36 59
42 45
2 6
16 18
47 61
3 31
14 37
40 71
3 12
11 23
22 25
17 54
11 42
58 61
15 46
12 60
28 29
40 65
56 63
18 65
28 32
1 7
7 61
45 71
54 72
58 68
20 46
3 32
6 42
17 73
16 35
48 70
51 65
51 66
38 48
26 31
38 54
