89 3435
3415 3415 3415 3415 3415 3415 3415 3415 3415 3415 3415 3415 3415 3415 3415 3415 3415 3415 3415 3415 3415 3415 3415 3415 3415 3415 3415 3415 3415 3415 3415 3415 3415 3415 3415 3415 3415 3415 3415 3415 3415 3415 3415 3415 3415 3415 3415 3415 3415 3415 3415 3415 3415 3415 3415 3415 3415 3415 3415 3415 3415 3415 3415 3415 3415 3415 3415 3415 3415 3415 3415 3415 3415 3415 3415 3415 3415 3415 3415 3415 3415 3415 3415 3415 3415 3415 3415 3415 3415
18 89
21 42
10 31
9 89
52 85
7 76
46 56
16 54
4 61
3 18
3 37
4 81
32 78
48 66
80 81
71 77
4 53
30 68
7 34
9 50
15 36
64 86
53 84
44 49
7 50
88 89
29 73
23 81
50 53
37 76
21 84
51 80
54 78
77 87
60 72
19 44
35 54
42 62
10 28
31 57
51 75
16 58
8 34
5 16
6 9
4 70
9 20
7 56
27 77
5 21
14 21
29 78
8 86
3 14
9 26
16 85
18 67
44 88
26 88
31 89
17 46
21 87
66 74
2 59
57 65
41 42
45 86
45 85
4 17
31 84
16 57
34 50
44 60
33 63
56 72
47 72
13 85
33 82
32 63
29 50
18 52
3 30
11 77
46 58
9 77
6 65
4 24
47 59
5 41
32 87
15 30
22 52
55 60
7 77
65 83
2 49
47 61
49 68
59 86
30 54
29 42
2 68
2 76
1 17
41 44
6 45
19 88
17 40
59 74
11 85
53 71
9 21
16 53
38 64
17 42
2 10
59 85
30 45
24 32
65 68
54 63
5 56
18 23
8 37
48 79
6 34
45 50
44 45
2 31
36 74
4 73
1 8
34 73
43 50
33 46
3 45
65 87
41 62
47 50
7 21
17 32
2 88
29 75
21 22
43 52
3 25
77 80
25 32
22 36
72 88
15 76
53 87
3 23
14 36
15 68
56 87
36 79
5 46
24 25
78 81
31 62
14 78
26 36
11 26
79 80
35 58
66 78
31 63
21 52
62 68
25 56
83 88
3 59
45 80
40 77
9 27
3 60
40 43
3 9
24 49
17 83
51 85
10 14
16 62
33 36
31 79
33 56
21 58
68 87
24 54
11 16
23 30
20 45
23 63
26 33
37 77
85 88
43 64
1 54
6 76
20 63
70 72
39 49
57 86
71 89
31 66
42 71
24 45
6 89
19 42
10 88
26 27
3 77
75 77
76 82
12 15
25 36
12 63
24 28
12 56
7 15
25 49
53 85
20 78
84 88
23 38
69 82
8 74
16 86
38 74
13 14
57 72
6 42
8 24
25 40
22 49
20 80
32 65
41 82
20 46
14 84
78 85
10 63
4 56
20 37
33 62
16 84
30 74
27 53
17 65
30 62
10 49
26 34
8 50
5 55
23 26
12 27
67 70
13 31
31 74
69 71
55 74
17 35
44 68
41 75
15 82
39 59
17 49
40 87
34 76
58 61
44 56
16 37
64 88
29 74
43 83
24 60
18 62
27 30
8 71
24 67
20 29
7 40
1 78
7 14
42 59
35 76
15 53
15 64
10 48
36 76
9 32
18 30
70 86
29 40
63 71
48 85
20 84
24 84
22 78
39 77
4 21
4 29
43 65
19 82
77 85
15 57
61 67
36 75
52 83
15 16
6 13
49 78
39 85
40 69
28 31
38 48
7 61
35 51
56 75
37 53
34 68
53 62
22 76
17 62
27 48
23 56
9 85
1 40
39 44
1 53
49 71
61 74
54 75
25 38
42 70
2 83
37 44
10 15
42 48
25 26
27 83
55 80
24 66
21 32
14 57
65 72
84 89
43 54
20 23
36 41
63 80
27 47
54 82
11 25
13 40
4 48
36 54
26 77
2 15
33 57
33 34
35 67
43 46
14 77
50 71
5 85
14 87
21 27
79 84
35 45
72 75
7 39
10 17
1 89
65 70
26 48
62 84
67 73
10 78
16 60
35 61
39 64
50 73
5 81
42 81
6 53
18 47
55 76
29 39
45 81
67 72
56 57
24 34
26 80
47 85
23 27
4 69
37 80
33 37
16 21
25 72
76 79
31 56
36 42
12 70
30 34
52 66
48 83
62 80
59 77
50 88
48 67
6 86
33 88
44 84
30 43
30 65
23 71
22 44
34 41
8 43
18 39
24 37
34 36
21 83
6 26
20 50
6 75
47 75
49 50
31 71
10 81
66 89
40 89
50 54
31 33
21 63
15 31
13 17
7 35
52 86
13 33
8 49
6 55
77 86
2 5
53 55
2 66
25 64
23 68
78 80
3 52
14 61
45 63
59 62
34 72
37 73
20 53
45 66
22 56
1 34
20 27
33 68
60 88
16 29
5 31
23 88
1 12
59 65
22 66
17 61
27 51
47 65
50 74
28 42
31 78
6 83
1 26
39 66
14 46
50 79
9 71
28 36
18 76
51 61
49 81
35 64
45 83
4 25
32 71
25 61
2 44
6 60
28 49
37 50
42 45
20 39
55 82
6 47
57 73
25 69
80 87
58 78
16 28
8 80
74 86
35 68
14 40
31 82
39 52
28 79
10 46
34 52
12 58
54 86
10 32
15 34
19 61
16 81
17 87
67 82
44 81
18 36
40 42
2 21
32 50
40 52
43 81
34 48
14 23
16 59
20 89
19 69
68 72
39 74
26 44
11 80
64 65
47 63
48 50
1 27
26 73
35 70
27 87
12 85
42 86
45 69
30 56
45 51
2 50
12 17
34 37
5 12
9 65
67 69
41 80
61 75
4 58
7 33
13 47
21 88
5 7
20 62
5 25
12 57
72 79
19 58
47 71
14 66
3 73
8 60
9 69
64 77
62 69
7 29
5 43
20 68
16 80
43 79
20 83
15 50
14 58
41 55
57 77
50 81
64 72
26 61
33 89
34 71
64 75
48 68
10 66
52 57
9 60
30 75
56 73
18 59
38 84
16 26
14 56
1 16
34 81
32 81
58 70
44 58
73 83
26 76
19 34
20 76
63 64
24 63
71 83
3 40
29 71
50 68
10 65
14 48
58 82
41 63
51 82
34 42
63 65
42 84
49 65
19 55
26 45
75 89
27 43
81 84
58 76
39 43
39 55
40 68
17 20
12 28
49 52
26 40
8 88
44 62
51 71
38 62
8 66
26 38
42 67
40 45
48 59
24 76
7 64
5 61
34 58
33 35
35 63
43 55
34 83
26 47
14 37
10 33
3 56
4 77
22 65
81 85
2 71
6 81
6 32
35 85
34 40
27 88
67 83
41 59
51 57
58 74
14 55
38 51
73 82
42 50
35 65
18 61
28 45
21 25
48 84
39 58
20 54
38 68
22 25
49 80
54 59
15 79
10 51
20 36
30 52
60 69
58 89
45 48
16 88
7 18
15 77
72 78
12 19
32 33
61 66
23 86
15 23
64 76
8 27
59 61
11 69
25 55
14 33
20 35
16 63
17 30
7 73
44 52
24 68
42 61
55 87
2 89
14 76
39 65
22 34
34 77
31 39
64 67
27 79
1 73
17 86
10 86
33 53
42 46
44 63
81 86
30 39
85 87
62 85
47 81
45 55
52 78
22 83
34 54
50 86
46 73
3 12
2 7
60 77
62 87
1 37
9 34
61 85
15 72
39 81
33 74
46 57
51 59
23 75
45 56
26 39
37 62
30 80
14 39
82 84
57 83
84 85
68 73
72 77
30 88
69 73
12 22
63 74
10 36
34 84
14 30
32 85
38 77
15 88
35 41
23 50
19 89
21 75
23 72
40 81
53 74
19 45
48 87
4 59
8 85
16 39
19 26
7 37
38 81
79 82
28 72
67 75
65 88
14 45
3 5
28 53
75 79
22 54
52 65
50 51
21 40
7 38
70 82
23 28
25 81
61 71
3 13
22 61
56 81
48 82
19 63
37 55
9 45
28 81
68 69
53 70
24 41
38 70
12 16
25 88
50 70
13 76
17 47
15 44
26 65
12 23
7 26
54 62
5 44
1 11
60 68
12 30
24 61
25 42
44 78
25 86
41 64
2 33
19 25
50 65
55 58
66 73
67 80
29 30
29 79
73 78
1 4
17 22
83 85
20 73
38 45
10 27
35 39
27 38
50 59
35 40
30 83
32 72
37 78
10 61
12 18
39 87
12 61
15 47
11 60
73 84
26 78
44 74
2 65
67 84
2 46
5 33
30 81
57 81
14 16
26 59
26 85
8 10
12 37
4 68
28 41
1 81
21 45
55 64
21 43
54 65
36 48
57 58
24 44
22 73
6 46
12 82
35 60
18 53
37 58
12 54
37 56
29 84
13 22
12 77
36 73
36 51
75 83
42 87
32 84
44 50
47 89
58 83
15 19
6 61
18 71
49 82
10 39
61 83
29 76
24 89
22 38
10 47
39 40
5 51
9 33
8 62
16 56
19 56
56 77
25 70
33 52
13 21
34 64
50 56
30 85
46 74
45 88
31 67
45 47
40 76
13 37
7 68
32 48
29 43
6 15
40 86
64 68
3 11
30 44
9 39
20 72
9 41
17 55
8 15
1 49
56 78
13 41
43 56
37 64
60 82
13 28
19 70
47 70
12 64
48 56
24 83
3 68
54 70
45 57
1 43
70 71
38 58
3 80
7 54
44 69
16 44
61 89
11 30
36 39
42 53
45 79
37 65
3 19
5 22
7 88
25 48
33 72
14 59
9 23
6 77
42 55
63 83
1 23
1 76
11 14
9 13
45 46
29 60
60 63
28 71
65 82
15 65
46 77
18 57
25 85
62 66
17 39
38 49
61 87
26 75
51 81
5 18
46 65
69 77
52 71
70 80
18 50
31 51
2 69
12 87
7 32
35 74
31 70
17 71
37 46
43 51
58 62
16 17
60 83
19 62
26 50
52 55
6 70
13 52
32 76
2 51
15 81
5 76
4 82
53 88
68 80
66 68
2 27
8 57
53 72
49 77
74 78
12 73
2 41
36 80
23 70
15 83
28 52
27 73
74 77
10 16
47 76
30 67
14 49
20 28
35 62
74 76
4 40
8 55
36 62
75 81
3 86
26 64
39 89
33 73
17 85
7 10
12 21
54 55
34 86
54 66
74 83
20 55
10 73
13 67
46 80
34 39
9 59
60 75
25 46
64 69
28 34
19 66
31 45
22 35
13 64
15 60
22 51
10 69
9 57
33 47
33 51
2 47
8 59
22 85
27 81
63 82
39 56
36 84
63 84
11 55
24 27
49 73
13 45
40 84
64 79
10 38
17 27
13 57
32 70
67 74
49 66
18 78
52 73
19 81
55 63
66 75
31 49
27 84
52 80
2 70
40 70
8 77
38 69
29 87
21 31
18 42
28 47
36 46
51 69
3 83
19 65
59 89
16 45
28 56
24 48
67 89
31 85
53 67
23 37
36 67
30 55
57 66
10 70
26 71
41 46
32 38
28 63
25 80
20 40
22 47
40 41
66 77
19 68
8 13
22 43
30 42
18 54
40 59
55 73
8 25
53 82
46 63
4 8
10 23
59 73
36 78
47 58
43 75
34 88
71 75
48 72
28 78
68 84
73 76
33 50
80 84
19 28
36 88
9 19
32 77
66 76
39 68
46 59
11 86
36 71
10 64
24 30
38 53
2 42
46 67
77 78
12 31
55 88
17 29
14 18
59 68
21 35
7 41
1 72
35 46
61 63
8 53
7 12
33 75
72 85
60 81
22 26
28 57
21 74
43 74
8 65
2 75
24 42
14 47
24 82
57 84
38 66
3 75
23 42
12 81
78 86
6 78
31 68
34 45
18 19
9 24
20 33
52 62
74 84
25 75
4 42
25 28
23 44
17 37
40 56
4 51
72 80
8 46
31 81
19 59
51 52
9 52
20 58
71 72
2 12
49 60
3 87
16 32
2 87
36 64
57 69
62 82
9 76
16 89
6 80
60 64
49 83
2 8
3 39
36 55
10 53
32 67
27 76
51 72
42 83
48 75
7 66
61 86
27 32
28 83
8 48
17 79
24 52
30 82
18 31
65 79
8 39
70 76
18 77
27 46
16 83
19 51
28 35
46 76
64 74
16 77
19 60
1 74
62 74
54 56
4 15
9 61
8 31
29 88
47 86
28 50
61 82
6 44
23 65
10 58
24 87
30 66
66 82
5 11
60 71
23 84
57 87
33 71
13 60
23 48
32 60
27 36
73 79
10 68
48 88
42 56
24 39
17 21
3 65
10 55
31 42
60 85
79 83
49 64
6 72
17 74
59 82
64 73
33 44
22 88
51 73
11 74
30 38
59 78
1 79
38 80
30 77
19 41
48 49
26 68
31 73
77 81
6 69
54 57
53 69
63 73
58 84
43 57
6 7
20 85
6 59
31 83
17 24
12 51
64 71
29 67
7 70
18 68
10 22
45 73
25 83
4 46
8 52
30 78
35 88
25 78
5 53
58 72
17 28
30 69
5 74
31 52
44 66
5 27
57 68
18 27
59 71
21 59
6 20
27 63
11 49
63 66
8 38
14 20
21 55
35 38
14 82
21 85
30 57
4 65
61 84
28 80
55 59
49 70
11 70
14 60
7 85
40 54
22 41
51 62
10 13
7 31
60 65
11 79
40 50
1 45
80 83
6 8
33 87
27 34
9 37
37 82
7 80
24 35
63 85
56 74
10 85
13 70
11 56
27 71
37 57
58 81
3 33
6 82
4 89
4 28
53 79
17 19
35 73
27 58
1 2
75 82
12 72
13 30
6 43
34 56
38 65
18 58
20 79
14 63
36 70
26 83
37 49
3 34
7 51
73 81
28 43
18 51
9 79
33 79
24 80
42 77
50 62
35 48
51 54
47 48
16 61
3 62
45 82
24 43
13 29
9 80
7 28
23 73
76 83
16 87
34 53
31 87
1 69
28 74
49 85
10 30
30 51
28 75
22 57
27 54
31 34
18 86
8 76
23 67
19 83
47 52
48 76
48 69
47 51
70 84
46 49
41 50
47 82
15 54
65 75
45 54
13 80
55 89
6 64
1 80
21 69
19 32
19 50
54 74
10 60
18 32
38 85
26 89
36 82
24 53
42 78
6 39
17 25
52 63
13 51
7 9
72 82
11 23
1 30
43 78
36 44
18 73
19 76
53 89
11 51
13 69
20 32
15 51
65 66
27 89
11 19
76 78
10 82
59 66
19 53
7 30
11 65
37 39
22 82
35 71
32 83
17 43
45 59
33 81
1 22
74 85
11 57
14 70
14 65
44 61
81 83
26 86
12 42
27 60
45 78
30 79
26 87
82 85
3 36
18 46
16 46
18 28
5 19
54 79
20 56
28 69
23 80
21 47
54 68
6 11
47 83
77 82
38 44
33 66
21 89
29 72
52 70
17 51
31 53
12 88
61 68
50 67
71 74
75 85
56 58
1 25
4 50
12 75
13 16
83 84
26 70
30 64
20 75
1 56
19 86
62 72
18 22
14 50
3 38
7 8
42 85
12 50
29 54
2 73
16 20
37 52
21 70
47 62
24 40
27 33
15 35
56 76
25 68
17 81
21 77
11 59
20 69
2 48
47 55
23 79
20 57
10 80
57 88
72 89
58 64
43 70
22 42
49 54
70 83
36 57
17 89
55 69
69 87
10 35
38 87
27 59
21 67
21 65
8 51
45 53
46 52
43 48
23 89
17 72
35 59
54 89
2 4
39 53
16 36
40 73
15 85
9 66
11 82
1 36
51 76
29 70
20 82
32 69
66 70
75 78
13 88
8 89
71 78
47 84
2 24
3 69
52 69
42 82
13 36
19 84
31 61
60 76
47 53
17 76
11 88
26 69
23 87
9 29
25 41
34 74
17 67
64 70
11 71
9 84
66 88
59 84
39 78
25 66
62 88
29 36
75 76
16 49
27 37
1 38
15 29
47 54
1 70
17 34
69 89
28 62
58 71
5 45
83 86
8 87
17 33
55 86
21 29
10 34
46 81
26 54
33 41
17 23
21 76
56 85
25 73
3 76
33 40
41 86
28 85
12 45
14 54
3 71
77 79
11 67
19 75
4 72
60 74
35 42
19 54
37 67
9 87
22 71
23 43
6 28
38 39
38 52
24 74
46 47
21 57
13 62
82 88
22 79
30 41
54 76
49 72
38 46
43 80
25 77
30 35
8 21
50 77
3 26
37 51
15 87
75 88
23 85
6 23
38 76
2 13
36 43
24 50
28 59
56 66
29 85
2 19
65 73
10 43
43 58
13 46
9 49
26 32
5 69
74 87
43 72
70 89
72 73
60 89
48 60
32 37
23 31
41 78
3 47
2 43
10 20
23 58
16 51
29 34
2 29
27 66
28 29
21 36
38 88
16 30
11 13
37 61
10 57
9 73
18 79
19 67
62 73
1 57
58 73
43 71
18 80
30 58
4 10
53 65
3 50
45 72
17 69
20 26
28 66
35 49
34 78
15 28
10 76
14 35
5 62
19 80
54 69
12 40
41 61
21 41
13 71
37 47
3 6
28 54
3 31
3 51
29 64
47 64
48 61
6 25
22 62
43 68
10 40
78 83
46 72
12 53
28 60
20 70
10 12
5 48
9 10
23 66
25 47
27 65
13 19
33 77
2 39
32 42
12 47
27 39
5 87
76 86
65 74
1 18
8 47
46 87
26 51
17 31
10 75
29 45
2 80
3 82
15 24
11 20
7 72
20 22
39 67
4 71
42 65
2 63
43 60
23 51
79 85
29 59
12 80
87 89
9 35
31 44
16 64
38 86
29 66
22 68
7 82
57 62
19 38
9 74
52 64
8 73
25 60
41 79
29 52
5 28
37 69
3 15
3 67
28 67
43 59
15 39
36 56
6 88
50 55
26 82
20 25
58 80
57 74
33 48
18 82
21 86
44 86
76 87
42 52
48 74
70 74
33 83
60 80
43 85
71 76
11 12
9 53
5 73
20 60
3 46
14 62
69 70
66 84
47 56
18 83
32 44
9 56
73 89
14 43
44 76
2 45
25 65
32 80
6 41
49 58
14 88
86 89
7 65
1 15
5 84
5 59
22 72
27 52
46 86
3 32
5 71
13 83
47 69
16 19
37 75
48 51
24 36
31 43
20 31
12 79
18 85
75 84
7 59
26 35
67 68
35 47
27 62
39 46
23 77
20 67
66 85
23 45
33 84
33 78
14 38
67 86
37 89
25 57
32 56
4 83
18 35
21 48
82 87
47 67
19 21
7 58
46 50
20 88
34 38
57 78
16 70
29 80
8 11
15 86
1 32
37 83
73 74
9 46
6 17
9 40
1 46
30 48
3 43
14 22
2 61
52 76
17 59
6 58
1 31
25 53
27 40
32 59
5 37
41 74
35 56
4 27
3 17
39 76
62 79
38 55
63 67
79 86
1 42
6 29
36 63
56 86
24 79
73 75
1 77
1 84
15 22
2 35
7 13
6 63
38 83
3 49
5 83
21 23
59 80
16 79
1 86
24 26
8 36
10 52
3 41
12 68
11 62
42 63
13 86
43 87
27 35
4 63
13 87
49 61
49 51
60 87
53 57
47 78
6 62
18 72
53 76
73 77
21 46
34 65
45 58
10 37
70 78
14 26
49 55
14 74
4 39
20 66
2 25
16 47
5 15
26 63
4 23
52 72
19 33
76 80
7 45
14 71
39 73
12 49
56 89
49 57
52 77
11 27
61 88
15 62
7 47
6 12
5 34
45 61
11 47
3 24
27 31
50 66
9 63
11 24
46 54
81 87
6 49
14 52
22 28
5 52
4 54
7 81
37 85
20 87
15 89
7 89
41 67
49 87
46 61
57 63
38 57
40 53
23 61
21 49
40 65
7 74
1 61
18 75
11 41
28 84
55 61
48 64
24 64
29 47
21 71
19 31
9 64
56 63
34 82
75 80
11 42
34 85
21 81
65 84
38 47
60 66
17 58
12 48
27 68
15 46
36 89
50 84
41 53
71 80
17 45
9 68
48 89
67 77
1 7
30 61
21 37
26 60
42 47
36 65
5 77
57 71
49 63
68 85
9 36
29 58
35 55
63 89
42 44
57 89
34 69
3 57
14 85
69 84
42 57
32 47
53 78
61 70
8 44
43 44
24 31
15 66
14 44
21 39
11 28
51 55
63 70
52 88
4 22
55 71
55 66
40 74
70 81
18 38
26 29
14 15
28 82
53 63
6 50
27 70
30 49
21 68
13 32
68 88
63 78
1 58
9 38
4 55
43 73
1 67
72 86
63 68
29 77
8 29
14 32
58 75
31 80
14 27
65 76
3 58
7 16
12 13
87 88
39 63
13 53
32 36
69 79
48 62
41 88
41 60
23 34
65 69
11 37
36 52
41 81
8 12
27 74
1 20
16 38
17 68
75 86
27 49
14 89
37 60
12 89
14 34
25 29
39 41
4 60
85 86
33 54
23 55
62 75
25 30
39 75
40 83
28 38
81 89
41 48
53 77
6 16
38 50
35 43
33 43
2 67
33 86
8 9
49 69
63 88
77 88
55 77
59 79
2 9
26 81
12 36
46 51
34 61
28 58
4 74
9 31
23 83
46 64
45 76
12 38
26 62
49 79
6 40
24 65
27 29
2 32
49 88
17 63
1 33
22 46
32 46
52 68
13 26
51 56
1 14
3 10
8 33
24 69
5 29
53 56
5 65
3 42
51 79
40 79
13 23
38 72
28 73
14 25
50 52
54 73
13 74
36 77
23 40
23 52
26 49
29 69
31 72
19 40
3 20
6 57
56 59
7 22
84 86
47 66
7 57
12 20
36 66
35 81
21 66
19 57
30 84
15 43
69 78
1 60
9 18
61 77
26 42
40 72
2 58
53 61
32 79
57 59
29 44
69 74
44 70
15 21
41 73
40 58
43 84
55 70
20 59
48 52
53 73
26 55
33 70
32 86
62 78
5 38
14 51
31 64
35 79
46 78
5 6
2 57
34 67
67 79
18 41
72 87
72 81
61 65
44 75
18 25
31 86
36 40
12 35
5 54
43 49
6 79
69 75
35 53
4 86
37 48
17 56
30 31
37 72
56 61
39 62
80 82
11 21
43 67
46 60
63 77
43 86
49 89
1 65
8 28
3 21
1 52
17 88
23 78
24 46
34 55
6 66
23 57
36 72
17 41
7 25
32 89
73 85
49 59
16 18
2 36
5 26
13 79
24 81
3 54
45 89
37 54
55 75
44 89
69 76
22 74
77 83
3 84
36 85
3 55
1 13
23 74
18 44
68 75
34 59
26 41
14 79
22 64
49 62
45 75
10 59
54 60
40 51
59 60
32 45
39 88
7 53
55 78
2 11
31 65
79 89
63 86
43 62
49 75
27 45
16 43
12 46
4 47
71 81
24 73
4 35
5 32
51 89
33 59
7 46
9 48
63 87
4 11
32 61
8 35
51 63
11 64
20 21
11 31
37 88
37 43
43 63
26 37
9 22
45 64
13 75
12 65
78 88
9 81
66 86
11 46
30 32
35 72
37 86
28 46
32 39
27 44
7 52
56 65
22 32
37 42
9 42
55 85
30 87
31 77
42 88
2 38
28 68
62 65
23 76
67 76
41 83
6 33
42 74
11 29
55 79
11 84
5 88
20 86
16 48
5 35
7 27
55 57
1 29
5 80
74 88
25 45
8 41
47 77
56 62
5 10
54 64
1 24
77 89
6 48
41 71
47 57
36 61
11 39
35 86
41 85
15 75
43 77
1 41
12 52
67 81
36 81
28 40
30 76
12 78
14 68
7 71
36 87
42 49
1 35
11 33
10 41
35 87
30 86
46 85
70 75
23 64
3 48
29 55
29 32
67 88
13 68
32 49
27 72
14 69
18 45
23 24
36 60
20 51
47 79
18 63
68 83
82 86
44 67
52 61
41 65
29 68
51 67
5 57
56 67
20 30
59 83
36 47
26 58
27 82
36 58
29 37
11 44
20 64
31 60
72 76
71 84
25 59
2 17
8 68
1 62
4 34
25 34
51 70
2 78
3 4
43 88
28 39
2 54
2 60
22 30
24 88
1 47
50 57
10 62
32 41
31 88
43 82
50 72
76 85
13 18
46 79
19 43
48 65
29 53
14 72
10 67
56 69
4 31
70 88
18 21
1 75
2 74
41 77
12 32
53 59
4 32
4 45
38 78
50 83
70 79
50 69
18 55
24 47
10 45
16 55
80 86
31 54
71 82
22 27
60 61
11 22
2 22
50 78
31 37
37 79
4 37
19 72
50 58
71 87
58 77
9 72
5 8
65 85
52 59
39 71
49 74
23 69
16 35
11 78
40 88
33 69
11 83
8 54
48 63
64 80
45 74
17 66
62 81
45 60
12 41
23 46
14 73
34 62
70 85
45 52
52 84
16 73
48 86
58 69
18 64
9 75
12 24
4 18
45 70
17 38
39 72
70 73
24 55
66 80
5 82
38 71
58 60
13 34
76 89
15 52
42 68
23 82
50 61
19 37
24 29
35 52
25 44
21 33
28 77
29 51
5 39
20 52
42 60
31 55
29 38
8 64
30 70
56 79
18 87
14 28
21 60
16 78
5 17
21 53
50 60
22 59
60 62
57 82
53 86
44 80
20 77
2 23
10 29
35 80
37 40
40 80
31 36
21 73
17 60
44 54
40 48
19 23
10 26
52 79
12 14
29 41
48 80
37 71
13 25
62 67
2 18
30 40
19 79
12 71
68 89
52 58
31 75
46 83
40 49
38 75
18 84
70 77
38 82
4 84
52 67
60 86
13 15
33 85
6 71
31 59
24 58
7 67
9 47
81 88
30 33
22 81
27 85
19 71
13 48
60 78
38 79
3 35
22 80
10 72
9 11
29 61
56 71
38 61
4 14
34 89
62 71
25 89
23 49
9 15
48 81
56 82
18 74
55 68
34 70
21 54
44 59
40 44
45 77
15 45
3 85
24 70
64 78
5 20
28 44
9 14
1 83
3 88
39 61
1 6
7 24
17 57
15 37
48 53
9 62
74 75
2 72
51 68
41 58
17 18
10 87
65 67
46 88
31 48
13 38
7 62
50 82
30 72
41 43
68 81
15 67
5 36
2 30
44 51
14 19
25 67
15 78
71 79
36 49
38 89
8 56
5 50
43 61
44 71
21 24
25 27
11 50
1 28
25 58
38 60
42 54
28 33
66 83
59 75
29 65
8 32
4 49
8 17
1 88
39 86
61 73
3 64
59 64
30 37
3 74
72 74
19 74
8 70
67 85
30 53
55 81
36 68
5 72
86 88
14 64
20 24
47 49
16 23
62 89
5 14
22 69
22 77
7 17
48 55
44 72
56 84
59 81
10 19
46 69
41 56
26 84
39 60
5 64
35 69
38 54
1 82
34 51
19 24
5 49
9 54
83 89
16 72
3 22
8 61
27 78
19 85
32 57
21 56
37 63
19 29
39 47
3 29
34 60
1 55
11 87
1 44
32 66
32 62
5 70
15 71
58 66
38 43
15 58
41 72
18 33
49 84
42 51
17 75
62 63
4 88
20 81
17 53
25 37
16 82
69 85
23 29
13 78
3 63
73 87
29 83
22 29
28 32
6 84
14 29
32 52
58 68
22 33
5 78
21 34
16 66
5 63
6 56
20 49
15 74
52 53
4 5
66 87
62 77
33 60
40 78
29 57
24 38
30 46
50 64
54 85
18 65
40 63
4 43
37 59
33 65
61 62
8 75
69 88
8 19
2 77
11 68
46 70
24 33
15 84
12 69
59 63
18 88
6 22
21 78
5 67
12 84
27 50
80 85
27 61
35 66
21 44
31 35
30 73
6 27
5 47
42 79
15 27
7 36
29 49
22 37
19 46
65 71
15 80
26 56
53 80
60 70
12 44
41 57
4 16
35 44
60 84
16 25
23 62
51 60
13 44
28 64
14 42
43 69
31 32
37 81
11 81
17 80
26 67
32 68
6 35
2 14
27 41
44 73
51 64
28 86
22 70
27 28
18 49
7 11
41 89
63 79
36 83
76 84
19 78
19 20
34 87
12 26
23 47
42 75
2 6
61 79
8 23
55 56
56 70
20 34
29 46
48 73
4 75
6 36
63 75
17 52
84 87
10 42
32 54
66 71
70 87
55 83
59 70
60 79
26 52
1 51
1 64
51 84
49 53
26 46
1 48
9 70
10 50
7 78
66 72
4 7
6 14
12 74
79 87
62 83
27 86
36 45
9 78
44 57
29 86
3 53
13 43
39 70
36 59
6 73
23 60
78 82
52 89
1 87
23 33
28 51
55 67
32 51
25 54
28 89
22 89
51 66
13 72
4 44
5 40
28 65
22 58
64 66
33 55
36 37
22 45
12 60
64 84
21 80
4 19
20 61
65 81
52 56
15 61
13 50
25 33
78 84
10 74
8 81
12 39
2 52
10 77
66 79
23 32
9 55
31 40
43 45
10 44
35 82
19 35
3 27
34 63
55 62
65 78
24 56
42 64
26 53
36 53
40 62
26 43
28 61
11 72
38 56
28 76
54 88
51 86
24 77
51 83
32 53
13 73
39 45
7 63
54 81
46 71
58 63
13 84
36 86
55 72
51 88
34 47
9 12
43 89
20 41
42 73
32 58
11 36
63 69
58 87
34 79
61 64
6 21
41 66
19 22
5 66
2 55
48 77
39 69
68 79
18 60
2 79
18 37
40 47
65 89
21 38
52 82
64 83
37 68
54 61
25 84
24 62
68 82
5 89
45 49
52 87
33 76
81 82
76 77
42 66
78 87
12 43
7 69
55 84
16 31
41 70
45 65
51 65
2 62
29 63
32 82
46 68
79 88
58 65
31 41
8 83
4 36
8 84
50 87
25 52
8 72
30 60
7 42
15 32
34 49
50 63
53 58
1 71
25 63
10 56
77 84
11 76
16 34
10 71
32 40
83 87
14 83
33 38
5 75
30 89
22 86
44 87
59 87
16 24
3 79
40 46
8 82
21 79
44 53
37 41
42 89
38 73
7 48
59 76
37 74
5 42
6 18
12 66
59 88
2 37
62 64
10 84
11 40
71 85
36 69
41 45
31 58
4 9
44 77
1 9
3 70
21 30
19 87
20 71
9 86
54 80
38 67
35 50
9 28
22 40
55 65
47 87
51 58
40 67
39 82
17 78
57 70
12 34
25 79
4 52
5 60
26 57
21 82
42 58
31 46
7 44
4 6
46 75
6 51
32 35
13 77
68 78
46 48
47 73
6 67
34 66
8 18
15 38
54 84
28 48
13 81
13 89
54 67
6 74
45 62
16 69
37 70
47 74
4 87
46 53
17 82
11 35
47 88
18 24
16 68
42 43
12 33
67 87
17 26
4 78
45 67
25 31
32 55
24 72
47 80
7 49
66 67
24 78
16 40
40 61
9 58
8 16
65 86
35 84
40 82
28 55
51 78
22 87
3 8
25 39
41 52
3 61
17 44
43 47
31 50
4 80
34 43
39 50
67 71
39 54
19 27
52 60
7 79
28 37
13 59
41 87
48 70
1 5
17 50
50 76
16 50
21 50
28 87
2 84
54 77
45 84
62 86
44 46
33 42
16 41
57 64
22 63
10 11
15 33
13 27
15 70
22 53
54 58
22 67
25 35
42 72
20 65
11 43
26 28
4 57
11 38
10 54
64 85
6 37
11 66
11 73
12 67
12 83
35 77
32 74
11 48
53 66
31 47
1 50
46 84
58 85
7 23
53 64
34 57
27 80
11 61
41 54
10 79
38 42
42 76
15 63
14 75
78 79
2 53
17 64
44 47
34 80
19 39
