839 8220
21885 21885 21885 21885 21885 21885 21885 21885 21885 21885 21885 21885 21885 21885 21885 21885 21885 21885 21885 21885 21885 21885 21885 21885 21885 21885 21885 21885 21885 21885 21885 21885 21885 21885 21885 21885 21885 21885 21885 21885 21885 21885 21885 21885 21885 21885 21885 21885 21885 21885 21885 21885 21885 21885 21885 21885 21885 21885 21885 21885 21885 21885 21885 21885 21885 21885 21885 21885 21885 21885 21885 21885 21885 21885 21885 21885 21885 21885 21885 21885 21885 21885 21885 21885 21885 21885 21885 21885 21885 21885 21885 21885 21885 21885 21885 21885 21885 21885 21885 21885 21885 21885 21885 21885 21885 21885 21885 21885 21885 21885 21885 21885 21885 21885 21885 21885 21885 21885 21885 21885 21885 21885 21885 21885 21885 21885 21885 21885 21885 21885 21885 21885 21885 21885 21885 21885 21885 21885 21885 21885 21885 21885 21885 21885 21885 21885 21885 21885 21885 21885 21885 21885 21885 21885 21885 21885 21885 21885 21885 21885 21885 21885 21885 21885 21885 21885 21885 21885 21885 21885 21885 21885 21885 21885 21885 21885 21885 21885 21885 21885 21885 21885 21885 21885 21885 21885 21885 21885 21885 21885 21885 21885 21885 21885 21885 21885 21885 21885 21885 21885 21885 21885 21885 21885 21885 21885 21885 21885 21885 21885 21885 21885 21885 21885 21885 21885 21885 21885 21885 21885 21885 21885 21885 21885 21885 21885 21885 21885 21885 21885 21885 21885 21885 21885 21885 21885 21885 21885 21885 21885 21885 21885 21885 21885 21885 21885 21885 21885 21885 21885 21885 21885 21885 21885 21885 21885 21885 21885 21885 21885 21885 21885 21885 21885 21885 21885 21885 21885 21885 21885 21885 21885 21885 21885 21885 21885 21885 21885 21885 21885 21885 21885 21885 21885 21885 21885 21885 21885 21885 21885 21885 21885 21885 21885 21885 21885 21885 21885 21885 21885 21885 21885 21885 21885 21885 21885 21885 21885 21885 21885 21885 21885 21885 21885 21885 21885 21885 21885 21885 21885 21885 21885 21885 21885 21885 21885 21885 21885 21885 21885 21885 21885 21885 21885 21885 21885 21885 21885 21885 21885 21885 21885 21885 21885 21885 21885 21885 21885 21885 21885 21885 21885 21885 21885 21885 21885 21885 21885 21885 21885 21885 21885 21885 21885 21885 21885 21885 21885 21885 21885 21885 21885 21885 21885 21885 21885 21885 21885 21885 21885 21885 21885 21885 21885 21885 21885 21885 21885 21885 21885 21885 21885 21885 21885 21885 21885 21885 21885 21885 21885 21885 21885 21885 21885 21885 21885 21885 21885 21885 21885 21885 21885 21885 21885 21885 21885 21885 21885 21885 21885 21885 21885 21885 21885 21885 21885 21885 21885 21885 21885 21885 21885 21885 21885 21885 21885 21885 21885 21885 21885 21885 21885 21885 21885 21885 21885 21885 21885 21885 21885 21885 21885 21885 21885 21885 21885 21885 21885 21885 21885 21885 21885 21885 21885 21885 21885 21885 21885 21885 21885 21885 21885 21885 21885 21885 21885 21885 21885 21885 21885 21885 21885 21885 21885 21885 21885 21885 21885 21885 21885 21885 21885 21885 21885 21885 21885 21885 21885 21885 21885 21885 21885 21885 21885 21885 21885 21885 21885 21885 21885 21885 21885 21885 21885 21885 21885 21885 21885 21885 21885 21885 21885 21885 21885 21885 21885 21885 21885 21885 21885 21885 21885 21885 21885 21885 21885 21885 21885 21885 21885 21885 21885 21885 21885 21885 21885 21885 21885 21885 21885 21885 21885 21885 21885 21885 21885 21885 21885 21885 21885 21885 21885 21885 21885 21885 21885 21885 21885 21885 21885 21885 21885 21885 21885 21885 21885 21885 21885 21885 21885 21885 21885 21885 21885 21885 21885 21885 21885 21885 21885 21885 21885 21885 21885 21885 21885 21885 21885 21885 21885 21885 21885 21885 21885 21885 21885 21885 21885 21885 21885 21885 21885 21885 21885 21885 21885 21885 21885 21885 21885 21885 21885 21885 21885 21885 21885 21885 21885 21885 21885 21885 21885 21885 21885 21885 21885 21885 21885 21885 21885 21885 21885 21885 21885 21885 21885 21885 21885 21885 21885 21885 21885 21885 21885 21885 21885 21885 21885 21885 21885 21885 21885 21885 21885 21885 21885 21885 21885 21885 21885 21885 21885 21885 21885 21885 21885 21885 21885 21885 21885 21885 21885 21885 21885 21885 21885 21885 21885 21885 21885 21885 21885 21885 21885 21885 21885 21885 21885 21885 21885 21885 21885 21885 21885 21885 21885 21885 21885 21885 21885 21885 21885 21885 21885 21885 21885 21885 21885 21885 21885 21885 21885 21885 21885 21885 21885 21885 21885 21885 21885 21885 21885 21885 21885 21885 21885 21885 21885 21885 21885 21885 21885 21885 21885 21885 21885 21885 21885 21885 21885 21885 21885 21885 21885 21885 21885 21885 21885 21885 21885 21885 21885 21885 21885 21885 21885 21885 21885 21885 21885 21885 21885 21885 21885 21885 21885 21885 21885 21885 21885 21885 21885 21885 21885 21885 21885 21885 21885 21885 21885 21885 21885 21885 21885 21885 21885 21885 21885 21885 21885 21885 21885 21885 21885 21885 21885 21885 21885 21885 21885 21885 21885 21885 21885 21885 21885 21885 21885 21885 21885 21885 21885 21885 21885 21885 21885 21885 21885 21885 21885 21885 21885 21885 21885 21885 21885 21885 21885 21885
660 737
482 608
179 682
66 620
457 672
505 833
388 512
230 370
165 771
117 262
34 255
180 208
725 791
76 478
699 703
285 323
241 805
321 363
18 696
59 119
201 294
389 431
7 44
593 786
138 262
761 780
455 687
36 248
45 202
34 824
572 789
153 245
641 686
305 478
379 417
555 670
242 296
314 615
475 692
540 799
321 332
128 785
695 746
157 795
195 244
97 410
30 160
226 390
133 835
342 665
184 753
57 158
505 586
324 737
59 179
520 547
86 156
511 776
56 235
221 799
420 546
196 397
147 287
275 587
94 530
163 350
163 523
68 448
268 565
649 765
700 765
600 759
122 344
302 730
657 832
51 88
474 817
271 565
434 717
360 391
199 465
412 807
102 604
271 700
659 791
444 591
66 313
84 563
392 431
301 513
547 593
20 287
292 613
83 496
252 402
163 607
603 714
499 740
438 468
112 397
22 752
250 504
29 622
248 329
198 269
96 210
232 281
352 699
349 427
96 138
145 546
516 534
709 718
16 440
78 600
32 330
248 304
309 680
56 542
5 762
639 748
156 817
88 564
573 834
671 749
298 592
415 656
429 838
73 303
113 793
74 801
125 157
184 327
565 595
224 745
362 471
84 490
435 744
178 505
129 834
188 605
609 704
316 496
318 448
396 578
550 607
104 393
88 674
92 296
235 676
5 722
48 378
31 454
268 635
121 533
769 807
234 387
672 792
572 683
318 393
561 731
74 107
604 659
720 836
37 805
366 424
154 507
37 69
119 418
509 644
579 801
132 456
211 443
178 447
84 141
112 756
580 687
142 144
54 364
467 836
312 723
145 835
21 785
426 542
510 827
132 206
557 788
16 563
497 745
576 804
613 742
413 547
323 825
448 517
382 673
194 614
644 725
308 553
276 479
159 594
231 330
470 741
277 576
221 598
172 756
61 553
110 606
406 728
310 831
152 383
359 469
143 164
535 577
335 611
396 469
267 277
520 612
200 246
32 571
520 733
500 759
558 636
91 525
101 529
746 834
28 661
54 563
672 799
581 632
510 513
93 756
113 813
84 342
555 694
90 672
348 834
511 645
251 323
650 750
149 579
154 229
23 806
34 804
37 401
225 672
239 817
260 511
53 248
589 775
644 767
464 498
193 736
825 827
631 794
159 246
63 409
47 119
86 652
236 286
214 701
115 380
615 798
266 611
283 779
432 570
192 791
671 807
352 625
52 622
233 543
506 586
433 678
466 646
179 358
226 264
239 718
457 713
522 527
127 831
14 584
363 513
136 350
207 317
560 780
302 663
223 555
290 439
313 631
125 760
466 739
194 453
108 443
4 535
284 600
363 769
596 627
613 778
8 445
112 455
134 347
602 834
167 433
130 690
345 522
390 611
202 515
156 527
19 556
6 402
367 578
78 693
329 481
692 764
298 597
483 664
121 307
402 770
639 646
469 672
279 378
45 677
348 537
218 806
284 680
135 806
333 632
156 299
363 466
479 679
97 346
555 685
103 598
136 629
196 730
301 353
115 578
531 637
767 827
294 620
170 563
452 552
534 684
141 145
268 512
61 676
480 600
717 820
385 447
226 723
339 595
433 576
196 791
702 777
196 360
8 800
715 821
46 600
528 713
281 405
822 836
828 829
552 634
642 831
638 813
157 536
112 735
449 519
112 724
331 383
549 650
440 668
156 599
495 648
124 238
318 822
200 250
169 283
174 621
316 727
105 251
279 653
144 337
211 764
415 560
83 625
156 257
339 733
23 158
66 705
640 833
191 328
21 470
206 619
23 619
56 598
254 361
84 200
289 675
233 649
69 542
63 443
123 518
287 775
422 632
56 428
566 605
694 749
209 452
53 712
118 164
392 696
725 816
113 341
78 536
356 564
175 779
293 338
235 691
428 537
45 231
74 536
361 530
369 431
169 253
185 741
437 823
156 233
16 45
187 720
54 84
217 691
222 557
51 269
537 695
364 639
75 598
21 39
109 606
116 176
250 254
109 833
413 499
210 405
4 780
122 387
151 354
172 188
409 739
309 386
270 416
101 510
284 517
328 375
226 681
290 808
713 818
631 661
535 661
661 809
559 767
66 755
420 754
61 647
3 742
651 782
294 770
152 671
548 600
8 67
229 589
537 655
7 583
564 798
10 645
526 591
229 642
614 723
372 419
699 830
577 816
604 716
351 399
491 824
124 670
267 424
675 796
559 714
731 834
412 670
31 816
199 451
115 799
245 749
387 539
56 178
82 559
628 769
298 764
266 525
204 561
345 581
737 791
447 770
338 699
530 649
103 786
271 678
321 747
300 686
38 613
50 248
463 655
509 636
202 399
1 680
121 314
9 793
302 724
284 299
353 491
146 765
36 481
168 375
529 785
405 454
112 415
242 743
395 722
51 169
456 651
253 712
401 689
55 459
376 497
137 756
218 809
64 386
196 244
556 594
460 570
150 281
481 797
358 505
202 640
12 514
187 520
108 739
305 704
240 457
149 276
50 234
572 699
15 661
152 533
510 736
34 803
170 355
460 515
470 585
74 363
42 823
72 725
1 540
78 750
167 227
262 758
355 648
488 502
112 113
29 62
154 777
195 678
74 263
163 395
251 572
20 644
491 613
755 781
264 492
150 796
6 65
89 376
444 621
35 236
143 721
159 746
398 481
342 732
3 283
38 763
92 107
39 102
183 729
321 528
33 812
239 658
475 537
53 141
160 693
105 444
93 816
315 417
57 801
112 475
538 706
460 649
171 280
345 452
151 206
612 674
273 681
200 699
54 82
315 332
346 526
144 470
577 660
515 658
398 558
369 826
418 725
582 596
55 745
25 322
296 495
312 693
618 731
1 541
152 420
175 438
204 522
246 527
289 362
574 830
355 525
356 610
19 780
123 389
745 804
311 351
709 838
389 470
336 507
17 737
369 630
396 616
152 628
628 800
300 502
543 585
682 804
105 418
304 613
294 516
589 680
197 381
21 260
309 620
90 592
31 217
63 805
240 346
434 726
30 113
317 705
634 797
571 757
177 631
187 441
526 687
364 726
45 671
74 422
649 788
72 515
99 718
10 728
409 547
226 797
152 487
82 368
208 519
305 495
298 548
224 312
86 621
411 534
669 716
354 391
276 746
308 426
25 680
100 816
831 836
637 745
166 633
169 398
499 735
582 828
105 148
265 669
157 551
507 514
243 465
620 690
521 726
102 170
428 650
57 569
608 636
60 710
333 420
481 571
167 328
84 606
183 298
143 493
361 552
436 460
772 773
541 571
318 384
332 769
3 184
147 386
80 300
209 642
395 597
210 672
731 820
593 834
318 680
579 607
245 509
81 733
63 639
639 769
449 800
225 739
112 163
22 777
439 523
704 741
432 757
102 124
306 829
332 633
374 808
308 651
334 441
757 823
325 641
35 380
171 233
69 704
24 525
293 671
21 486
45 480
3 495
74 548
296 592
273 356
54 569
556 813
105 151
200 784
218 545
392 407
314 512
153 629
242 460
106 264
418 777
155 314
94 772
294 588
124 595
108 266
443 781
214 321
386 729
258 384
125 534
70 620
472 715
72 687
731 772
327 621
186 461
321 417
521 656
35 835
242 808
468 797
647 726
329 772
279 350
288 323
26 272
40 830
130 583
176 361
96 460
398 411
45 438
379 548
21 639
471 652
139 352
63 836
335 832
16 241
403 712
260 371
194 231
801 833
517 681
147 400
218 277
490 750
113 788
617 656
127 728
97 433
673 769
242 632
305 400
436 643
397 801
293 790
25 241
686 707
7 82
445 520
39 763
246 316
574 660
648 779
195 555
245 416
189 347
199 762
71 611
38 475
182 534
272 770
348 753
43 257
394 798
93 188
187 323
196 337
157 282
527 673
544 824
87 365
23 91
522 602
515 762
121 273
95 268
572 763
86 379
272 704
416 704
246 649
107 686
53 220
307 329
304 622
508 678
600 691
610 771
104 682
265 818
37 371
256 275
296 326
259 752
805 825
314 740
197 677
25 814
340 461
390 727
288 647
308 377
352 739
142 355
30 813
550 666
74 306
475 669
269 360
27 810
34 475
531 620
213 570
48 231
204 559
47 390
503 574
171 481
6 454
307 774
488 827
316 705
51 414
260 450
200 814
428 821
330 430
186 737
223 797
130 318
228 534
64 543
7 766
593 707
24 94
450 569
818 833
504 823
398 718
160 740
378 710
133 185
137 808
282 828
125 784
141 626
304 395
490 703
104 805
126 169
131 150
319 480
173 237
16 505
388 545
792 796
24 570
581 812
292 325
394 655
1 750
589 595
329 814
444 746
381 457
667 812
80 376
47 62
109 620
409 686
84 241
99 269
197 368
755 779
115 461
212 729
453 516
429 437
36 556
295 408
400 436
280 427
584 705
570 731
191 637
71 768
621 835
243 672
259 753
43 405
728 779
48 822
380 757
707 768
96 565
79 627
92 571
316 508
291 828
768 797
130 704
27 427
266 471
602 624
111 470
239 753
359 721
29 604
462 610
443 737
266 284
200 692
265 292
419 488
786 813
370 473
127 699
128 429
168 294
211 239
704 829
135 653
39 645
333 743
73 458
399 814
418 756
631 650
136 340
720 740
308 516
461 692
606 639
638 721
170 489
282 811
552 601
183 204
653 693
263 597
97 481
288 794
316 555
7 771
350 403
129 452
374 375
425 763
654 661
694 698
404 609
246 365
567 693
26 811
5 31
273 502
572 632
605 826
327 839
370 663
625 643
62 703
709 787
144 796
285 814
253 685
335 366
741 763
148 700
487 550
172 193
40 558
660 763
247 821
460 801
197 808
175 727
697 704
289 698
105 428
444 799
99 356
217 264
504 674
482 652
232 523
296 447
252 357
5 814
480 609
129 535
297 770
215 781
306 322
149 223
292 468
146 697
187 711
304 580
172 824
163 806
449 526
431 811
164 667
90 544
183 703
108 225
61 226
240 670
441 639
568 820
192 530
19 530
199 424
628 747
820 824
422 563
397 786
499 783
527 813
115 194
221 683
627 774
26 268
628 632
350 429
32 210
60 479
97 521
462 524
733 761
9 439
217 358
752 819
82 534
121 150
463 651
497 802
32 624
137 310
502 781
81 192
510 712
1 304
437 584
135 746
715 741
118 173
111 414
407 620
324 587
51 137
643 652
675 700
465 740
448 523
86 256
399 570
509 609
254 753
354 735
365 441
487 551
253 673
553 609
531 624
375 722
534 787
50 109
61 66
185 535
325 399
521 673
128 416
50 250
185 238
434 647
317 326
206 643
148 766
114 416
222 642
182 536
311 623
553 783
729 783
349 595
171 709
226 752
65 151
178 693
161 694
87 458
99 433
36 96
2 617
351 760
225 504
679 768
598 698
363 472
229 692
618 805
555 576
137 767
468 612
338 562
351 391
361 770
403 634
226 732
787 795
426 615
443 742
14 61
420 572
372 803
292 551
33 64
512 679
468 593
530 812
305 313
104 178
160 438
368 611
7 50
124 499
19 634
100 489
557 566
633 762
44 816
456 756
441 624
285 728
199 315
278 616
349 833
493 696
20 41
246 545
161 582
48 90
551 710
442 454
246 283
413 820
382 456
418 515
370 640
170 380
54 112
340 485
363 624
24 408
311 338
355 554
153 271
405 753
31 159
63 619
11 21
480 837
477 650
536 663
166 473
458 789
577 817
176 279
11 201
201 343
67 304
566 763
568 811
315 427
38 827
20 646
395 601
657 661
609 629
25 262
198 832
176 820
31 622
526 776
484 770
222 466
103 652
132 830
73 606
472 764
67 586
166 714
652 768
373 745
16 662
121 629
191 546
560 677
478 484
45 722
85 259
186 507
187 803
454 651
415 813
194 362
75 263
676 718
142 205
457 490
207 801
252 631
214 360
631 805
253 367
123 167
586 638
278 662
377 793
72 80
239 603
561 785
296 818
600 811
351 752
645 664
105 586
25 424
223 485
63 613
772 780
29 341
200 730
10 451
560 806
340 769
517 646
397 463
409 466
183 188
110 754
123 791
336 430
34 611
134 588
299 491
100 543
247 475
501 818
322 482
170 807
148 615
123 795
68 730
416 615
75 308
441 611
290 336
91 409
280 485
184 532
265 476
122 211
671 697
6 270
32 724
112 574
475 731
296 415
48 531
392 805
213 785
137 203
176 309
93 820
287 452
35 84
260 508
92 290
355 681
176 433
516 664
360 609
203 311
171 195
161 304
62 814
512 715
246 753
178 813
65 273
221 786
65 831
184 594
705 834
109 785
355 427
357 378
274 583
615 664
337 590
93 356
175 783
336 555
82 283
374 783
585 793
359 506
277 625
128 737
526 546
27 424
441 745
266 829
364 442
290 710
391 613
485 732
250 514
546 833
19 669
330 724
1 692
434 488
131 204
457 746
112 178
292 723
296 385
82 772
134 312
157 406
730 751
501 644
633 721
530 833
28 641
403 506
98 427
683 721
175 192
385 408
260 650
246 331
277 495
87 594
37 812
179 351
516 738
235 478
96 207
646 677
27 722
424 720
303 815
454 807
447 510
286 353
454 698
321 426
81 535
93 403
328 794
531 691
86 619
500 576
28 463
49 153
76 372
301 826
50 159
196 237
114 369
94 819
185 557
474 543
17 284
301 377
140 618
156 752
331 495
706 729
309 506
372 599
77 511
546 706
330 417
143 187
2 87
155 707
240 266
49 236
317 703
20 807
76 191
310 629
197 704
374 585
255 678
423 730
448 666
138 485
341 498
480 741
125 549
28 144
246 509
48 248
45 434
549 599
485 818
9 33
37 508
275 489
385 453
170 194
270 677
723 784
59 201
137 540
475 566
156 822
559 813
13 405
324 441
134 695
120 568
652 758
40 402
11 584
67 281
208 444
628 721
192 557
384 630
73 674
646 791
559 721
377 658
105 247
284 311
448 739
413 490
490 556
229 435
73 742
785 814
111 126
469 523
330 545
446 588
483 820
553 572
391 661
58 543
74 828
105 436
37 806
336 622
13 350
85 287
73 203
45 135
415 593
428 693
40 793
34 315
90 227
244 680
25 762
575 747
606 733
29 261
285 332
117 146
470 609
54 237
660 725
14 360
171 525
469 634
586 747
470 530
318 813
340 670
320 690
192 739
96 286
463 835
389 614
13 530
182 389
15 443
186 240
614 770
247 308
130 200
232 595
530 722
443 565
497 676
320 748
416 617
75 411
100 454
742 751
441 596
435 522
642 729
46 520
160 797
170 655
15 423
226 257
501 591
192 733
9 680
226 794
228 271
27 240
153 690
399 490
196 422
332 730
148 614
243 776
177 739
177 255
338 621
20 675
250 679
461 503
259 306
242 795
39 657
80 139
376 716
68 821
359 457
174 806
244 614
65 628
104 401
161 274
315 435
445 453
579 821
611 797
611 812
304 626
230 289
233 422
17 80
389 577
522 609
548 643
155 832
375 422
724 809
27 306
87 826
677 811
289 314
242 742
506 708
590 829
82 159
206 616
172 775
83 499
316 742
217 803
479 566
32 759
89 800
202 230
369 414
309 835
522 575
400 758
213 299
339 365
223 550
170 456
148 798
435 724
365 784
229 708
318 700
483 639
598 775
378 545
78 168
427 834
70 291
49 609
129 416
298 404
644 752
128 197
67 221
227 315
198 480
34 270
311 356
1 661
611 638
683 810
190 760
530 799
225 524
76 413
324 458
802 827
156 730
15 294
638 694
698 808
48 113
390 531
170 630
150 836
173 430
22 614
466 716
699 731
135 143
103 357
179 508
218 454
451 638
93 335
459 806
50 79
175 440
272 567
75 525
100 232
186 572
124 536
259 389
181 199
490 633
125 475
87 454
90 501
170 653
12 28
660 668
668 670
97 118
57 388
282 639
288 684
293 520
625 809
50 672
377 416
499 606
104 503
248 789
27 100
71 234
112 531
606 761
129 767
805 833
179 418
141 162
74 803
549 563
512 602
177 784
166 734
395 796
457 620
181 757
8 606
149 304
583 838
465 738
25 324
238 647
291 600
416 534
213 534
112 527
116 351
361 771
147 581
139 568
167 611
334 819
42 694
743 808
211 290
450 451
292 590
253 835
202 251
384 404
310 577
289 659
86 308
304 687
488 521
450 601
63 492
669 828
562 594
195 277
691 705
386 633
6 822
33 493
4 538
626 647
51 315
127 643
623 636
47 737
344 765
453 470
57 92
553 755
562 806
549 609
252 393
596 810
90 718
538 752
598 802
321 484
305 377
80 217
44 120
304 333
402 476
615 656
14 348
386 645
120 615
459 597
140 259
7 337
226 565
363 413
438 834
53 792
486 658
538 764
337 805
189 579
172 403
547 564
365 545
300 675
121 665
243 407
390 796
406 585
40 335
365 372
304 740
520 658
76 246
282 621
105 113
442 582
428 488
175 325
500 505
367 788
16 438
618 640
646 737
464 488
297 686
274 768
187 729
617 766
591 612
46 321
340 682
306 782
642 760
466 778
95 791
11 270
376 452
103 580
405 550
268 819
80 760
277 699
274 567
84 455
692 729
213 361
242 747
538 690
138 825
442 509
313 690
287 699
346 837
525 582
542 764
139 570
472 543
154 773
56 306
295 754
81 409
543 703
500 708
423 651
41 86
46 614
118 205
445 519
72 317
116 147
440 721
300 377
204 580
321 765
316 390
461 674
745 758
274 537
550 642
331 738
63 648
68 99
48 769
578 724
412 741
83 718
287 579
207 670
349 412
369 765
132 687
493 600
10 243
313 797
664 839
138 151
596 774
47 88
90 702
149 617
43 489
343 756
460 615
466 472
406 462
257 529
270 321
90 315
169 366
611 695
227 418
223 330
99 596
71 154
83 466
125 707
32 763
281 453
683 700
229 703
536 739
424 598
680 811
63 775
456 644
67 297
550 594
317 621
231 731
479 812
107 297
287 409
489 583
169 399
191 503
135 662
113 780
75 378
230 599
133 598
372 613
212 334
309 537
236 554
29 617
185 355
13 102
357 469
192 833
259 464
108 667
595 709
38 365
48 65
447 801
214 236
27 183
341 687
323 337
131 791
42 470
338 535
381 699
142 534
89 413
270 556
146 338
132 312
446 632
31 814
386 775
320 760
285 564
303 333
381 704
436 583
504 619
320 614
152 295
555 814
341 631
550 676
416 491
337 478
626 683
328 685
282 476
568 634
458 531
73 464
458 792
547 557
444 608
383 527
199 681
180 241
9 621
653 729
314 786
207 569
171 700
176 372
418 514
4 78
9 294
682 787
34 812
401 770
292 380
407 757
408 504
19 517
329 544
450 653
140 394
306 748
167 806
302 681
119 222
205 797
467 710
203 507
51 802
71 237
628 698
342 705
454 773
396 695
191 365
73 432
67 109
324 685
27 37
526 619
175 559
213 721
12 309
531 548
371 421
34 378
550 806
308 768
163 368
641 733
222 515
171 186
369 695
139 798
150 232
193 379
144 262
738 829
490 682
16 196
40 211
134 511
10 158
621 630
581 750
295 709
30 258
89 667
414 624
334 393
246 680
188 828
290 388
348 739
222 459
68 335
181 324
101 680
332 678
453 693
255 443
202 804
146 307
433 669
251 622
531 717
128 566
245 781
385 822
60 647
227 381
413 610
205 734
5 464
21 833
639 745
529 551
596 597
229 303
167 386
339 627
65 528
78 482
221 729
536 629
370 742
380 418
15 342
92 829
263 391
509 821
200 344
117 250
62 720
191 268
117 201
84 558
551 833
231 721
535 749
236 509
122 572
162 736
453 554
580 805
110 813
501 718
36 362
5 768
300 438
348 608
197 290
318 356
173 760
106 613
254 797
290 319
144 320
21 99
25 747
161 233
597 619
141 353
614 641
703 728
631 808
306 346
432 826
39 236
101 319
128 450
12 569
346 365
171 409
296 369
338 776
41 80
392 602
172 614
605 804
360 437
126 234
424 440
5 33
133 821
448 597
685 834
643 693
288 338
541 717
150 411
497 605
315 477
455 496
165 603
365 674
442 675
565 772
401 602
82 771
122 186
336 716
322 724
542 684
356 553
245 760
135 396
23 634
441 612
210 335
580 746
30 277
190 401
351 396
123 719
14 615
301 612
200 269
558 813
245 719
660 750
297 326
18 132
76 331
81 159
48 532
35 142
431 690
602 769
57 369
31 480
380 798
386 827
296 414
575 833
426 747
187 782
280 772
679 724
257 576
241 711
101 141
437 468
477 762
773 838
278 302
342 744
232 371
124 508
338 387
226 627
160 304
60 642
563 833
3 90
278 527
54 591
717 756
23 578
109 513
11 187
52 587
66 690
636 784
235 776
48 540
688 800
94 322
831 834
62 668
484 665
160 465
306 704
134 480
49 630
93 344
597 766
53 492
621 717
100 143
233 502
501 581
280 661
410 587
77 820
438 459
519 640
145 729
463 485
11 803
356 658
356 815
201 466
216 788
616 711
390 553
358 817
222 550
350 655
486 601
379 777
346 611
140 639
83 132
277 543
80 385
210 633
239 307
672 731
500 761
555 761
95 526
224 668
227 256
482 659
297 718
564 768
10 409
136 281
470 555
627 686
66 172
387 750
366 495
755 805
691 820
652 804
216 236
566 806
65 404
148 197
414 553
569 799
217 660
30 830
662 766
145 199
196 759
167 210
231 764
260 837
177 685
204 592
26 509
504 741
19 639
55 838
9 493
442 595
19 489
67 501
180 412
197 830
111 631
111 223
28 535
689 785
399 579
269 701
397 436
122 515
3 16
168 649
168 454
249 691
310 362
136 386
657 718
121 748
194 600
455 674
648 742
508 822
683 795
210 349
583 712
124 426
292 768
439 649
158 493
49 618
78 706
44 82
37 147
595 691
504 818
264 719
552 824
587 782
465 712
77 143
437 748
356 390
368 426
264 458
618 661
312 363
128 248
380 729
355 588
188 464
226 276
283 838
309 398
619 768
239 679
389 605
210 337
219 694
591 602
201 559
445 689
51 352
40 786
54 791
81 109
290 532
48 490
120 141
107 147
516 796
191 466
45 131
72 645
25 742
440 443
484 829
479 648
211 831
130 389
229 751
102 572
32 294
24 535
19 227
336 508
27 113
197 645
245 276
721 823
271 439
108 753
657 749
100 451
468 533
59 773
480 596
55 800
85 671
116 196
250 435
193 823
381 430
679 729
287 461
123 591
110 410
77 272
194 510
222 437
797 838
258 824
599 795
73 641
349 828
168 174
97 184
101 686
263 580
224 812
120 702
279 715
190 207
331 497
271 668
303 540
113 288
318 404
385 640
433 598
527 804
116 686
218 271
736 775
576 658
234 523
301 706
411 835
369 417
200 372
91 644
159 817
17 423
291 596
365 507
330 818
507 546
252 753
19 380
466 735
611 715
210 673
386 392
124 492
240 526
743 775
278 785
200 785
319 369
634 744
40 350
669 796
450 526
157 584
178 592
49 257
646 839
143 754
410 836
52 534
175 197
54 706
76 665
40 759
131 219
464 673
62 681
88 157
732 812
13 389
251 458
581 745
581 585
650 802
147 616
441 660
131 677
157 680
592 707
417 695
733 813
5 471
14 701
367 432
561 625
169 833
611 828
245 450
344 713
149 659
241 821
3 72
7 121
39 686
263 698
340 529
474 746
216 791
444 494
97 832
28 405
388 810
511 552
73 550
200 749
169 819
402 518
85 266
641 829
521 578
120 158
298 707
104 456
408 788
494 673
141 286
383 555
215 384
179 329
213 589
556 686
284 646
233 682
527 727
189 529
472 738
249 638
302 550
815 829
144 329
24 210
283 597
74 351
124 704
336 378
501 729
492 614
225 428
245 819
106 789
566 684
136 723
397 582
63 234
355 367
497 513
138 679
14 268
439 677
498 732
318 568
157 773
216 621
358 376
39 306
523 778
534 760
89 772
59 784
415 514
101 490
175 264
406 420
182 612
44 428
109 659
387 537
276 420
83 157
47 90
30 231
264 653
512 783
71 463
180 784
74 463
727 739
60 193
514 764
409 797
284 374
300 547
35 824
466 570
143 413
358 476
326 496
132 489
534 761
578 716
58 458
63 596
5 790
708 728
240 626
574 729
619 642
294 722
669 757
375 597
328 565
285 318
460 774
515 830
67 767
300 719
84 136
500 689
325 715
52 664
581 608
374 462
532 721
36 644
134 562
282 700
42 341
91 207
85 274
418 587
63 328
401 418
632 710
21 261
77 408
674 744
751 819
597 684
608 769
203 827
491 643
238 755
245 418
262 335
21 245
344 413
75 338
40 264
332 457
320 525
556 755
268 620
482 781
227 786
657 681
189 272
128 755
15 328
82 276
101 743
614 649
120 344
4 58
29 531
250 703
30 301
47 316
745 826
258 823
502 650
727 799
158 371
193 541
367 535
96 111
74 738
46 351
84 547
338 790
214 498
91 703
115 128
716 717
405 771
171 811
78 817
113 138
270 457
368 523
519 736
32 726
368 396
462 747
675 737
4 376
526 670
497 612
7 271
176 587
467 582
549 765
555 585
220 307
338 788
680 691
16 225
304 765
62 688
407 778
83 701
394 691
450 778
561 679
556 777
238 649
114 501
113 510
277 567
255 578
9 752
10 21
2 449
8 697
261 497
586 669
311 520
314 639
693 698
655 739
329 816
35 582
21 388
104 499
84 226
575 755
686 827
192 239
178 523
339 618
356 585
56 451
360 813
108 371
106 670
139 385
45 413
21 215
620 742
548 586
718 821
8 594
190 360
319 377
263 751
239 257
356 442
276 735
834 837
261 392
109 395
383 638
227 513
111 239
398 786
267 392
640 706
329 768
411 424
568 643
572 770
117 711
521 572
236 827
260 807
307 411
122 231
374 548
130 771
47 350
538 823
19 398
273 683
25 100
52 500
13 73
292 350
363 724
530 583
594 809
59 562
215 589
155 415
165 815
194 468
121 188
4 229
196 257
225 670
93 706
20 147
79 508
547 599
46 78
526 678
167 742
45 519
61 544
240 279
287 491
115 227
422 556
764 837
391 493
307 789
83 546
711 829
124 552
703 833
83 169
367 528
299 759
47 392
179 416
449 631
364 370
448 573
323 523
185 210
228 631
2 93
56 403
608 805
590 680
111 667
333 738
4 329
268 657
231 478
137 469
230 414
158 353
189 665
328 692
584 674
44 349
385 441
539 641
172 790
44 113
105 564
574 640
274 614
329 532
667 740
16 681
208 645
328 600
182 621
211 629
323 512
770 839
690 769
105 283
182 647
73 234
258 467
659 803
261 817
479 572
5 581
132 325
235 818
74 90
353 791
169 428
472 701
315 803
203 520
51 576
149 454
200 645
212 568
274 484
426 710
276 580
48 323
671 773
20 293
156 224
142 681
106 501
22 477
221 717
179 387
141 681
54 517
228 778
348 590
85 695
72 294
284 288
528 726
244 424
75 676
433 736
614 763
141 447
417 510
51 382
85 485
36 507
418 646
239 276
246 793
689 729
70 737
16 651
197 688
216 352
470 833
138 212
65 658
179 830
624 668
173 414
91 475
277 783
433 727
196 470
244 336
123 477
36 499
435 576
178 384
607 812
259 715
254 823
135 466
281 543
637 773
558 741
24 740
471 529
42 720
59 754
189 686
522 813
263 534
228 738
221 733
20 159
75 708
16 698
53 290
287 343
619 700
403 812
355 731
72 392
20 183
287 382
206 689
553 633
494 608
397 659
48 327
212 374
41 99
199 677
549 705
198 668
220 370
288 737
185 376
204 543
153 284
536 744
252 321
185 688
73 163
570 706
524 663
379 583
345 458
650 671
59 209
126 573
94 168
618 669
514 690
338 797
95 607
469 555
224 495
479 610
455 582
350 653
359 560
486 631
678 762
220 611
533 548
109 270
587 732
637 713
551 554
87 175
210 235
54 742
522 576
12 340
302 511
518 603
131 496
457 600
730 752
390 709
571 574
357 511
450 539
469 819
189 418
210 598
226 777
122 427
203 521
41 616
36 815
219 457
243 366
89 573
231 537
613 782
154 597
638 716
317 653
149 796
144 623
425 689
334 619
204 490
419 541
79 742
145 345
99 148
62 746
294 470
525 548
263 445
466 791
530 570
184 577
484 830
653 723
125 649
179 777
227 294
293 312
141 734
98 263
559 670
465 600
37 248
108 758
220 780
94 604
57 515
377 614
247 810
387 487
37 60
139 224
67 772
541 820
507 683
523 638
225 418
124 817
31 781
274 420
86 514
15 552
325 806
639 808
397 766
514 578
70 532
530 605
445 475
287 603
270 770
189 224
734 735
271 815
122 731
60 358
448 496
117 370
333 497
152 494
60 712
712 837
226 341
71 634
640 669
187 592
171 312
368 544
23 415
51 647
635 808
259 723
335 837
319 430
218 803
122 634
182 214
248 419
271 433
180 401
36 472
227 583
19 95
38 652
145 314
7 533
781 836
137 335
113 403
654 667
140 793
152 430
117 744
451 564
429 572
492 786
22 678
478 632
255 280
298 770
35 110
190 204
108 823
39 674
413 639
203 215
12 298
470 700
426 489
197 304
251 634
358 500
58 466
303 820
237 801
77 829
707 739
11 731
449 461
342 810
218 379
80 384
64 572
115 219
578 737
201 319
321 455
556 610
319 503
203 549
53 424
29 306
208 274
615 777
399 436
408 487
416 839
298 495
118 545
601 696
47 462
282 723
506 578
173 335
140 206
273 426
407 566
611 811
389 673
120 207
76 373
334 675
254 815
229 613
110 581
256 440
188 754
29 287
124 534
385 577
822 829
13 333
68 96
140 545
206 713
547 750
320 409
147 164
412 511
53 458
51 58
241 609
454 622
558 767
620 802
227 673
101 425
356 689
67 540
20 153
18 308
60 424
75 450
84 181
121 252
304 711
343 543
294 765
495 558
537 644
233 753
71 531
3 492
114 661
274 414
28 737
332 427
26 645
506 530
95 428
280 664
266 320
180 398
111 163
62 369
192 575
412 827
189 305
49 707
503 528
146 576
268 300
406 513
488 646
118 278
194 644
588 712
375 599
471 612
82 266
19 656
732 773
20 540
17 795
452 684
482 607
156 823
199 839
590 816
172 180
626 832
273 306
269 746
392 836
598 772
755 794
311 694
10 211
329 356
355 512
222 572
305 407
80 138
428 741
147 636
3 4
232 384
703 823
64 210
41 621
72 508
195 483
394 686
200 438
74 383
399 622
391 716
25 698
489 594
506 686
137 147
37 726
177 718
136 428
463 672
219 839
445 576
211 337
56 727
403 481
136 345
223 375
499 516
28 830
331 629
385 611
412 636
420 631
574 679
52 581
178 651
308 642
311 643
99 539
8 222
35 449
468 656
430 491
236 824
325 444
244 264
468 521
423 585
55 383
319 687
650 701
327 476
114 303
105 121
394 604
210 296
454 721
485 487
674 783
100 725
126 367
256 634
105 115
365 576
241 691
698 829
419 455
510 558
206 731
269 419
518 627
388 464
344 757
77 175
128 499
146 477
354 441
716 788
337 525
313 793
122 580
130 341
346 714
62 440
641 662
129 333
42 71
129 482
505 765
190 435
263 409
174 372
29 456
97 830
612 621
272 689
291 395
47 724
377 399
102 315
641 729
301 402
321 488
222 404
1 727
642 824
290 815
126 526
467 837
234 793
105 745
802 823
83 117
694 764
194 330
452 742
180 475
579 728
333 805
77 541
183 358
520 784
394 476
318 760
251 805
510 793
286 739
74 164
382 654
331 694
55 322
631 783
397 727
284 797
207 778
94 781
245 316
318 430
194 455
459 632
114 170
469 550
753 835
322 596
349 536
567 837
710 823
43 502
475 499
161 374
304 307
165 239
208 245
436 451
18 134
750 825
651 838
412 622
259 644
88 400
309 486
141 334
154 746
170 269
238 305
32 831
114 809
209 707
44 497
120 435
294 547
669 787
402 445
65 607
296 420
134 279
205 269
158 487
250 578
413 796
594 678
462 481
330 672
416 508
489 548
50 773
42 373
562 670
184 238
474 779
176 544
789 825
140 469
760 818
117 610
82 384
21 192
257 513
161 263
514 694
394 833
147 211
601 755
106 602
299 539
387 440
103 287
416 760
808 824
556 761
229 558
148 270
631 663
353 536
566 819
39 150
489 493
19 194
760 839
520 554
23 281
438 775
314 387
480 754
164 602
481 562
145 771
13 393
41 245
1 684
19 248
79 823
160 318
419 591
374 660
21 291
410 429
299 776
54 415
129 200
84 478
347 593
447 649
86 486
58 144
302 602
8 357
100 222
95 745
173 403
380 613
152 825
400 433
60 819
325 503
117 204
395 833
146 354
243 428
551 807
135 515
116 216
141 225
3 53
332 595
217 594
315 808
52 285
132 335
149 811
830 835
742 822
494 564
167 224
186 454
161 174
72 372
26 826
191 355
530 574
558 720
95 752
353 800
356 797
15 720
43 655
373 634
172 562
245 693
236 685
127 202
580 661
215 612
161 172
22 110
661 725
650 731
238 658
329 758
684 745
425 836
444 572
372 671
96 311
262 661
511 745
64 310
311 732
307 731
55 795
246 771
344 432
217 275
578 813
775 795
318 573
128 421
386 398
286 439
341 397
271 726
193 520
482 508
4 444
295 542
322 787
18 289
424 447
106 138
148 555
519 550
585 784
483 618
126 771
49 727
219 383
595 741
774 782
15 797
315 460
4 817
119 516
317 496
109 673
480 799
25 250
105 154
443 573
52 524
255 521
129 419
366 720
460 732
526 798
168 306
694 820
16 699
310 517
330 601
386 554
153 816
609 789
180 223
535 805
24 710
84 449
59 376
48 819
69 124
142 530
226 552
379 523
72 175
343 344
176 253
544 559
32 119
426 605
512 574
207 743
34 520
701 801
121 632
95 162
540 762
146 814
386 523
186 347
135 651
121 784
201 534
520 785
148 395
37 671
57 628
258 585
313 502
571 774
69 524
68 802
491 682
139 171
649 716
265 363
593 627
429 696
21 497
247 642
202 762
53 695
441 508
315 453
199 235
539 574
508 774
270 480
715 828
383 452
299 811
11 331
705 802
90 362
341 359
445 493
432 710
189 548
181 451
219 834
83 290
388 650
261 802
15 598
514 614
144 591
33 427
328 679
33 423
15 223
708 781
360 638
157 344
290 353
224 572
524 587
297 658
221 390
129 605
22 304
272 648
123 782
552 712
227 275
250 408
119 359
293 707
102 667
312 398
31 492
444 711
70 572
9 300
43 358
304 695
42 155
280 296
75 330
38 648
357 358
217 303
359 837
190 461
674 807
55 366
562 783
349 811
301 610
434 493
600 671
304 651
407 739
420 552
94 314
39 471
444 603
163 294
246 359
39 167
156 649
46 92
253 456
67 807
274 606
75 459
44 354
261 505
428 468
224 475
608 738
49 98
575 636
350 371
99 509
353 696
211 279
349 790
405 609
294 465
644 654
210 490
161 784
97 253
498 513
414 681
407 636
537 619
399 733
12 53
527 627
76 549
65 168
389 752
86 832
303 656
413 523
186 683
383 538
656 730
433 574
352 419
55 379
127 467
427 722
531 659
76 108
298 474
105 776
489 564
97 363
272 388
241 538
230 385
133 527
511 739
84 364
137 263
385 508
11 166
471 770
655 816
45 535
261 718
128 298
108 161
613 838
593 615
468 712
62 618
44 592
205 244
182 833
508 553
734 810
134 650
105 279
217 672
19 150
319 453
245 440
25 276
61 150
209 462
421 786
364 736
170 187
482 716
138 724
350 493
9 303
243 519
21 824
51 521
150 287
157 306
229 530
126 791
266 825
243 615
280 692
676 767
76 86
631 685
95 596
250 284
110 735
17 540
353 709
778 813
90 590
504 762
17 159
4 769
43 63
301 772
29 770
302 641
365 820
200 327
76 810
457 506
282 707
316 471
162 832
77 256
415 737
676 694
213 452
95 385
361 459
50 686
283 525
178 738
450 805
139 383
432 726
386 548
188 593
235 412
12 177
150 715
212 693
171 618
217 335
114 665
345 595
210 533
292 431
401 441
58 816
578 730
212 724
348 393
263 675
327 787
89 172
4 410
329 606
120 437
75 87
444 695
51 690
568 606
156 770
214 355
91 342
224 462
52 756
735 806
362 398
181 603
422 587
319 785
191 452
245 353
472 629
476 481
406 724
405 676
361 612
93 541
8 675
416 583
434 706
28 90
317 376
165 303
49 712
223 593
249 446
526 753
56 65
16 105
385 806
75 775
67 265
636 827
243 593
580 733
500 835
303 418
20 813
665 678
667 744
7 721
87 456
221 507
162 555
11 251
128 549
328 503
3 335
517 747
142 802
308 650
84 447
228 770
277 345
92 511
341 760
454 720
3 747
607 685
40 450
140 563
498 755
86 265
322 676
181 776
95 456
213 645
74 144
14 457
497 529
360 679
741 821
264 364
329 409
82 682
750 810
452 728
171 291
216 759
38 584
532 715
505 820
265 651
11 90
586 782
8 422
210 536
37 121
211 333
528 545
92 404
24 505
106 539
395 677
128 554
624 695
478 783
76 799
183 299
23 331
156 178
553 575
168 718
246 734
126 783
668 720
357 742
341 768
171 678
775 780
290 545
30 662
287 821
677 681
143 590
623 835
13 403
88 792
90 280
472 689
293 469
40 202
58 827
570 657
42 733
157 569
186 679
244 434
335 480
29 33
181 405
627 735
256 339
46 540
49 148
297 711
6 414
409 644
703 729
285 690
78 789
11 742
210 419
145 672
58 408
619 688
679 739
410 734
25 164
350 795
790 798
416 569
375 766
162 527
296 497
255 435
96 504
466 541
330 665
66 819
50 247
242 779
133 319
537 648
305 623
156 205
343 646
2 602
251 318
302 671
408 472
453 522
3 49
299 450
195 427
471 742
258 680
70 87
588 590
546 731
250 733
312 752
98 568
94 483
200 243
81 485
266 681
417 708
191 238
119 634
156 550
238 521
86 372
346 709
279 798
255 700
353 668
252 317
215 812
574 805
343 621
402 499
363 477
409 790
146 368
17 325
320 700
106 757
128 281
124 642
283 611
161 723
314 750
358 548
98 752
477 804
55 284
449 819
116 253
208 803
55 80
218 234
578 808
34 125
140 736
387 648
45 805
362 384
63 765
233 262
58 757
329 809
550 646
530 715
135 506
377 785
684 808
603 610
656 743
22 694
334 682
116 183
312 670
249 359
424 514
335 718
215 490
170 182
115 745
104 274
165 542
203 633
345 611
38 571
84 503
572 726
409 603
102 388
172 281
69 170
106 839
679 813
88 665
163 448
404 687
259 320
138 244
170 633
270 555
405 645
160 221
700 714
596 770
49 680
411 476
14 444
365 753
518 522
275 446
29 469
374 796
429 434
498 668
101 304
304 384
210 352
258 318
297 493
24 512
172 220
205 407
35 47
31 734
213 749
588 667
478 789
423 813
277 399
175 570
128 443
47 168
496 754
341 499
294 589
236 478
459 792
591 784
266 415
144 509
283 702
558 692
333 728
9 329
417 468
421 504
315 568
636 725
298 442
356 532
276 314
365 559
158 176
690 757
155 550
59 733
79 815
107 555
159 805
327 570
191 616
97 718
7 509
457 527
135 539
193 714
250 399
451 640
274 498
193 486
214 648
264 595
113 547
534 549
241 372
237 510
82 619
103 281
403 578
313 366
454 663
330 423
224 230
566 759
294 788
150 635
332 359
85 719
349 809
365 728
310 815
550 630
134 243
401 442
29 794
310 821
261 645
511 666
354 834
27 143
381 773
60 404
23 441
85 532
241 588
251 595
29 810
683 803
547 635
555 659
259 287
414 667
647 657
46 555
164 271
153 782
490 649
54 827
529 836
74 572
600 796
45 122
400 474
386 541
297 782
691 706
390 599
110 157
131 562
375 564
17 149
590 737
36 772
692 705
438 771
227 838
344 749
162 561
550 640
317 779
465 683
506 660
365 526
413 426
334 593
119 627
12 785
201 606
547 801
130 627
105 565
55 427
129 230
158 639
170 340
356 688
284 644
749 760
46 235
523 633
723 810
477 788
76 370
378 627
548 678
74 779
673 806
30 687
62 274
132 494
124 831
183 770
29 373
15 210
408 579
314 568
106 476
561 596
94 659
121 694
241 530
484 555
64 816
172 700
375 700
222 586
35 217
45 715
136 550
220 508
157 580
78 178
135 748
27 638
29 325
282 766
440 499
249 528
166 572
200 409
34 733
70 361
609 824
604 809
6 522
607 737
710 772
133 794
150 592
185 631
510 569
265 374
19 612
240 553
130 660
405 827
361 642
52 72
25 133
300 763
149 377
138 811
201 669
29 652
482 771
681 758
258 701
7 364
296 690
32 328
430 593
584 630
84 473
379 533
371 833
11 448
624 712
56 91
143 668
2 839
604 663
299 767
240 684
61 206
125 322
217 449
72 735
74 160
62 135
258 419
161 791
189 816
674 727
55 254
17 90
627 672
791 804
317 416
28 450
457 660
352 807
652 737
508 692
89 521
315 371
430 528
126 254
327 602
143 389
115 802
698 748
113 700
256 523
11 502
153 250
516 819
415 544
426 792
178 544
741 811
116 542
37 744
206 667
371 690
635 754
320 479
189 633
286 378
338 445
20 429
729 754
110 838
643 718
734 804
6 406
280 660
46 215
33 307
493 566
8 100
20 821
502 531
116 725
118 432
521 686
317 448
324 445
243 728
193 704
124 257
381 759
130 416
86 792
559 620
78 716
435 478
16 581
179 472
35 624
289 370
41 410
130 730
484 623
35 536
317 708
189 830
8 227
200 729
36 589
22 496
194 623
777 819
134 257
148 193
239 498
589 824
48 359
469 705
379 484
596 694
28 214
140 623
300 355
44 220
116 370
105 796
58 704
279 574
81 459
393 439
506 737
38 439
728 755
50 237
269 802
18 583
252 655
172 262
568 728
13 313
69 560
192 444
372 521
445 605
87 98
497 590
20 98
35 281
537 796
228 817
386 518
287 291
421 605
564 662
251 446
316 514
135 329
62 514
8 587
14 699
391 503
8 12
664 712
88 641
473 496
239 628
109 295
81 167
213 823
618 746
111 194
785 798
492 508
249 460
15 354
351 434
542 756
159 319
211 278
221 333
631 722
25 677
776 830
602 722
173 540
10 361
437 689
556 587
272 804
125 231
308 507
308 492
558 838
142 576
11 642
165 416
540 554
331 526
127 540
145 507
208 492
473 753
42 277
413 585
194 326
52 332
31 656
256 423
284 627
119 790
28 697
41 511
369 659
137 520
46 625
407 443
363 735
244 256
191 429
277 572
553 705
460 517
113 239
620 700
177 738
122 582
71 818
726 731
504 816
141 491
270 766
539 731
55 212
369 792
559 832
150 587
7 726
163 463
158 271
577 819
97 368
495 839
40 546
213 711
23 118
147 529
57 357
230 338
14 456
190 822
104 616
429 714
448 475
138 657
585 783
376 478
66 773
95 376
409 725
7 361
167 303
107 359
571 633
23 695
218 816
170 275
649 674
388 502
402 794
170 778
212 239
323 771
40 119
159 289
133 236
212 797
215 354
185 706
332 805
521 527
443 822
161 735
461 582
381 391
435 506
339 734
109 812
9 288
276 560
217 262
182 553
119 518
499 567
752 804
234 813
659 681
432 689
101 136
44 809
406 814
470 809
122 274
288 316
90 218
119 546
9 297
138 415
299 524
110 470
43 529
85 161
321 781
183 543
161 410
621 764
199 784
350 604
223 653
2 164
53 397
22 695
274 543
172 615
731 769
469 787
64 153
398 596
810 824
73 631
523 576
76 425
300 333
436 826
413 567
161 388
502 544
331 832
478 592
34 56
377 487
147 547
512 814
13 96
271 406
52 726
355 626
68 615
54 642
236 726
358 607
587 714
350 451
235 324
503 584
142 548
422 801
158 352
120 518
49 574
140 291
63 190
480 526
35 664
153 346
449 542
42 537
202 341
195 230
229 457
314 789
62 172
167 562
113 331
78 174
519 718
170 578
214 258
215 573
520 543
84 206
653 792
281 367
92 621
719 801
10 557
79 710
281 304
514 538
641 791
277 713
56 791
296 502
479 690
702 794
90 339
79 517
21 477
697 791
487 536
71 820
471 822
487 714
130 399
53 260
641 680
546 822
424 452
47 207
219 676
327 343
784 787
440 592
54 768
264 293
182 414
139 186
646 721
63 136
143 538
53 313
405 554
249 685
443 721
391 392
322 789
24 286
340 647
42 839
455 693
103 319
230 607
506 654
54 193
57 777
214 266
478 488
280 385
129 228
266 416
239 394
4 313
200 733
180 183
304 407
371 462
358 555
513 750
623 825
355 695
291 635
18 165
243 708
226 498
634 700
43 788
323 792
177 695
313 723
313 642
262 267
224 450
170 453
343 650
329 742
167 801
531 815
338 350
540 735
292 372
169 387
88 364
767 781
222 341
446 834
58 770
158 249
600 611
233 819
598 685
75 400
598 702
287 764
149 675
251 568
627 648
537 743
153 300
341 769
7 179
233 372
141 576
706 794
674 820
149 763
243 351
335 733
561 707
20 120
272 279
426 431
225 552
65 689
719 734
630 725
39 207
101 667
110 386
250 644
475 507
739 770
499 536
188 398
556 650
107 532
149 702
317 838
482 569
291 425
48 603
59 735
195 792
507 687
97 259
409 555
610 709
554 812
102 696
200 706
12 30
124 292
67 575
89 491
616 774
128 633
372 716
319 473
529 745
542 555
141 562
166 581
82 172
220 258
54 678
398 537
255 770
565 745
528 791
645 833
74 305
517 632
73 597
51 808
657 737
466 835
274 453
319 329
27 207
393 634
99 216
138 585
137 197
184 341
199 568
169 350
509 741
456 503
335 369
486 524
155 566
211 310
27 597
35 167
424 501
449 795
3 355
524 532
382 624
560 587
380 570
180 788
422 654
198 498
83 574
80 752
511 600
2 175
238 597
173 768
244 358
464 546
249 665
15 476
677 753
486 793
344 604
305 420
271 825
390 734
616 817
104 659
329 452
427 668
227 734
261 596
182 419
299 455
397 536
20 572
109 238
475 784
145 324
555 799
288 774
370 667
206 565
53 685
423 574
143 166
122 752
699 834
35 806
426 600
5 80
12 535
232 329
69 250
402 404
14 410
308 745
130 149
505 800
338 823
50 494
290 622
216 436
343 795
588 732
58 727
612 625
133 314
351 457
553 749
265 297
6 11
424 565
235 297
333 826
439 643
167 788
21 629
289 494
235 731
133 257
318 812
443 587
294 482
12 670
252 336
350 668
88 118
62 641
457 827
158 786
682 735
51 242
49 748
671 814
29 249
271 393
53 264
301 461
459 618
335 770
17 806
200 406
202 499
231 670
194 546
93 350
287 817
666 720
375 758
470 656
558 839
198 429
391 458
117 229
240 620
47 633
220 517
222 618
729 795
95 761
508 833
78 299
601 694
217 758
169 317
267 336
567 797
47 71
172 531
22 505
48 188
716 742
527 725
573 674
361 815
80 431
241 639
194 491
381 474
389 770
94 373
78 388
459 625
20 349
15 126
73 608
376 640
104 239
193 526
416 818
111 565
361 652
722 729
428 606
287 701
626 768
55 731
1 568
428 832
296 744
142 823
288 307
293 473
46 630
391 466
127 468
31 411
154 244
75 324
192 555
138 405
410 419
477 754
336 505
49 754
671 672
155 403
383 600
137 235
342 429
583 594
351 616
95 166
270 565
294 315
667 749
557 561
180 609
46 720
616 778
681 743
202 365
45 548
111 785
430 786
425 769
64 565
20 102
501 816
442 677
542 700
258 743
392 495
103 228
618 837
347 457
148 439
388 492
206 708
255 315
260 520
637 832
36 715
234 700
591 598
259 348
14 326
86 425
343 356
161 773
377 540
405 642
19 796
532 807
417 763
241 565
22 725
483 799
282 674
241 800
50 315
124 648
322 703
133 687
57 58
90 710
487 632
474 652
675 812
213 273
282 583
160 379
608 732
168 345
625 811
606 746
268 338
733 815
147 374
408 622
503 680
422 624
688 782
207 639
610 824
328 466
93 691
6 81
383 653
494 787
29 301
364 835
259 491
245 257
733 738
566 735
575 639
99 681
119 228
26 831
609 772
244 557
649 818
79 260
65 309
674 760
10 229
129 745
10 710
162 573
462 476
49 521
268 707
144 794
623 716
528 672
68 221
156 669
57 769
177 309
235 308
258 604
523 590
227 790
18 673
55 665
220 466
513 575
766 835
438 520
163 306
480 652
45 158
706 829
490 544
216 838
476 719
242 380
410 426
440 734
210 468
105 453
600 705
697 786
355 492
54 181
80 449
9 642
20 288
485 560
280 555
135 296
375 833
42 238
276 396
760 768
684 763
370 644
247 278
419 712
265 632
169 324
293 685
397 731
523 823
190 513
722 734
90 179
353 571
209 469
250 331
664 793
754 774
313 385
347 620
76 611
144 324
157 615
325 802
321 679
141 658
15 362
107 729
281 601
279 621
10 624
190 520
320 793
454 621
388 444
475 805
223 538
569 702
224 786
63 299
128 235
99 399
214 675
693 818
83 492
226 593
427 703
234 359
2 70
535 629
500 810
324 799
117 233
279 412
33 418
145 368
332 534
189 629
176 790
173 239
282 551
28 132
58 260
75 767
722 771
396 406
360 667
18 116
241 784
103 193
194 329
28 593
735 764
121 375
219 754
182 570
423 485
592 619
217 562
4 682
232 766
444 827
414 575
344 460
337 713
126 320
421 822
73 647
658 740
49 459
166 219
327 443
106 820
535 680
99 263
688 726
708 774
239 673
124 678
117 763
410 687
507 603
84 222
484 646
490 533
235 693
101 266
4 392
644 776
270 779
60 415
296 838
577 636
162 410
459 492
186 442
292 486
653 695
79 542
425 440
179 668
104 601
604 837
446 828
6 313
264 281
419 586
41 43
513 597
210 816
635 814
29 650
548 717
475 761
385 662
46 745
428 760
95 588
177 553
61 368
778 805
235 660
320 811
345 838
662 665
57 579
526 691
233 321
567 768
286 686
645 680
260 641
267 717
177 495
338 623
200 594
411 744
323 722
161 341
570 592
73 658
562 571
28 65
398 825
11 800
268 759
81 219
179 354
358 646
367 816
783 825
466 549
403 822
439 517
304 726
212 350
32 57
318 615
290 803
445 507
233 534
421 641
88 270
226 700
27 561
166 210
504 581
329 489
502 565
281 800
452 782
588 658
303 457
526 818
351 611
466 696
62 672
199 200
58 532
12 361
187 328
255 640
394 699
224 616
159 721
566 677
207 327
460 573
340 513
226 669
565 582
497 517
169 815
217 510
38 777
598 608
347 765
29 820
94 166
197 371
342 518
8 128
77 200
327 603
146 351
123 698
95 829
143 525
12 151
337 382
118 663
274 536
172 251
162 409
246 804
194 348
123 143
132 424
133 246
132 692
137 641
392 638
511 668
198 514
378 578
106 688
353 428
370 540
267 296
2 793
364 760
3 818
370 530
69 736
542 577
601 778
745 769
460 759
182 321
210 340
202 737
377 545
285 342
292 314
656 819
322 750
408 829
534 668
144 827
177 468
74 204
292 778
402 632
100 625
17 290
315 626
64 158
296 419
15 706
253 740
394 592
400 730
4 300
633 789
232 461
200 508
390 806
357 823
8 77
432 507
357 477
187 655
80 597
453 645
558 780
193 288
696 777
49 481
75 225
475 583
680 689
589 598
63 134
543 770
744 768
239 296
633 816
296 529
174 682
294 391
469 784
740 755
64 544
71 494
67 700
210 281
495 764
73 395
315 418
415 637
148 328
416 479
405 471
629 834
362 629
159 701
239 444
498 516
135 612
10 570
369 589
134 456
181 325
120 369
467 755
455 639
260 720
252 591
290 536
245 804
419 516
307 530
234 657
253 547
322 502
461 493
404 445
154 588
4 102
53 396
29 732
197 612
167 308
185 506
138 687
632 745
134 694
90 551
554 759
7 245
28 793
600 761
381 529
263 625
409 531
423 618
351 490
96 204
85 509
293 507
253 329
537 538
439 519
363 575
338 618
633 690
393 703
160 621
744 780
93 184
163 756
277 356
117 502
200 709
498 697
312 569
66 100
555 782
202 411
19 407
274 523
686 782
2 50
257 672
120 317
261 733
85 699
199 360
256 442
463 634
575 598
56 509
292 786
100 190
382 468
463 504
262 800
462 828
761 832
367 652
305 492
279 689
668 748
231 675
684 713
83 667
45 446
106 825
44 439
324 575
150 704
313 809
149 288
233 445
466 718
420 737
341 510
63 567
266 753
48 738
283 329
78 785
622 652
534 774
52 823
145 409
135 637
37 579
287 480
493 756
209 473
66 669
634 775
644 666
670 729
197 720
264 341
5 566
283 404
244 800
381 604
331 546
310 375
399 483
587 748
217 642
125 149
319 579
17 36
125 744
180 636
170 302
371 547
49 376
70 725
266 776
149 445
149 444
445 525
116 185
368 421
53 521
752 838
35 520
319 704
609 833
422 517
306 669
274 555
367 593
130 466
364 616
635 664
114 308
36 562
424 570
21 640
113 699
501 544
71 789
247 264
83 832
521 563
31 626
449 703
158 559
175 534
11 643
23 167
56 431
285 792
14 417
404 638
532 559
88 757
699 763
294 456
45 732
310 384
410 748
457 502
392 530
265 493
187 627
79 828
626 764
204 595
156 192
21 137
446 517
283 359
613 779
260 762
312 354
281 470
630 711
395 689
172 433
451 767
91 546
447 696
7 529
491 698
36 137
127 168
555 776
186 187
146 437
429 557
48 162
608 624
88 766
154 745
260 665
708 763
574 697
217 279
499 507
319 513
479 680
4 832
725 807
365 819
276 519
142 507
291 318
599 700
318 533
37 226
10 164
296 412
97 723
438 579
378 472
289 783
37 348
51 376
148 312
391 718
395 404
325 393
443 454
164 166
178 561
509 744
108 775
78 324
129 836
104 567
480 777
311 355
21 317
146 335
79 568
532 641
16 317
132 387
17 23
166 376
367 740
33 441
157 677
296 762
332 812
153 327
81 514
97 281
595 628
18 187
67 544
227 238
495 831
106 286
702 738
315 389
146 709
473 814
269 538
76 503
118 681
476 593
129 805
103 225
347 455
15 70
204 264
5 747
291 581
274 429
191 465
222 778
125 557
686 813
439 625
351 720
362 790
16 92
258 711
88 788
298 432
304 590
7 118
97 127
37 160
78 424
464 679
235 802
411 634
656 789
196 798
429 726
39 72
212 772
581 798
144 602
157 532
252 527
559 811
465 598
10 647
13 346
143 225
39 553
124 811
46 810
370 690
46 228
81 711
158 433
84 681
364 615
24 291
97 606
151 305
221 337
612 699
218 381
423 789
608 800
87 672
81 86
196 492
392 835
466 798
237 823
387 734
50 258
606 727
452 545
207 376
41 687
619 679
107 223
141 744
167 713
37 698
420 554
365 570
481 604
106 488
163 470
157 692
311 369
297 672
24 437
669 825
420 536
246 761
116 736
279 686
67 567
303 582
157 379
359 821
95 422
347 563
338 742
211 608
216 289
204 759
27 87
301 303
206 270
533 734
474 670
472 726
463 658
346 404
103 697
330 591
143 720
413 488
627 817
578 684
288 368
31 385
426 782
321 557
195 723
502 746
81 779
21 172
136 530
439 785
425 816
71 80
26 426
547 650
318 595
484 654
99 727
493 726
190 485
666 783
186 389
459 693
687 781
37 293
711 814
194 585
217 806
240 702
326 599
744 784
479 745
41 415
294 701
361 572
174 411
715 767
563 675
506 619
210 389
274 788
524 650
543 572
377 532
153 754
67 584
70 266
380 539
101 578
54 589
478 754
562 802
744 779
344 598
323 503
167 446
85 91
97 654
200 265
531 716
494 736
507 719
581 726
305 560
175 198
537 630
777 834
567 595
12 134
346 785
283 401
617 761
15 402
200 367
112 138
20 774
181 216
524 550
146 506
429 514
390 827
344 706
206 256
391 659
91 156
346 411
288 513
71 214
162 360
167 729
184 402
270 834
486 557
91 268
559 573
98 618
815 839
34 356
770 831
728 802
141 613
239 665
380 568
88 327
139 371
396 530
370 707
190 309
368 664
104 430
162 426
11 236
14 362
175 330
555 815
631 713
222 531
86 216
5 189
114 778
236 761
275 496
259 423
375 485
435 609
152 498
236 803
61 797
15 318
42 465
263 455
623 729
68 593
91 596
345 546
143 808
227 601
406 519
725 801
156 217
372 434
196 555
84 89
188 509
232 272
293 517
23 388
82 288
272 838
202 293
158 372
711 727
54 620
188 824
88 308
126 837
445 562
451 838
587 823
203 315
54 601
66 386
372 514
329 473
258 259
198 656
237 300
655 670
45 139
372 620
457 737
267 631
60 740
61 106
155 223
64 375
109 287
270 666
446 743
133 196
140 673
427 725
185 520
681 685
142 680
257 593
190 639
96 160
398 493
271 491
4 645
257 489
456 485
523 528
82 569
209 675
434 742
302 468
197 675
85 600
20 337
50 545
434 592
57 301
661 715
309 675
149 539
439 758
144 619
304 647
478 536
99 348
66 105
247 433
74 79
50 447
322 496
56 230
178 349
238 664
304 527
654 744
209 255
209 616
382 464
577 716
447 615
44 538
397 509
343 365
489 524
442 451
222 312
171 420
260 355
392 750
463 546
42 178
287 393
511 673
488 649
229 787
253 610
252 397
303 524
216 299
147 769
547 837
255 575
260 814
8 430
211 263
518 719
534 794
503 540
117 503
545 546
481 537
166 371
463 573
223 641
32 234
412 800
301 637
629 725
219 562
45 822
751 821
675 677
200 503
379 829
34 684
582 809
130 178
396 597
270 682
194 812
70 659
270 353
553 606
486 625
229 773
561 750
522 597
170 172
334 524
82 204
592 699
27 667
636 702
353 378
726 737
355 780
276 322
352 767
364 786
141 747
406 737
502 825
1 11
366 558
8 203
8 769
52 356
227 646
503 705
294 590
181 208
226 655
153 344
56 465
240 531
29 37
41 508
343 545
164 296
341 389
349 588
282 321
118 192
171 330
61 105
35 532
230 736
132 757
554 690
16 323
82 709
231 815
227 630
254 480
5 61
302 425
115 706
308 693
422 438
175 472
280 401
273 668
506 531
110 834
247 492
414 689
264 318
610 789
114 358
21 436
292 540
586 774
277 302
382 396
166 487
255 531
161 315
445 817
193 195
351 783
755 838
461 593
29 452
335 389
422 694
15 371
300 460
18 468
550 818
433 683
129 498
552 766
253 581
601 703
17 556
377 761
176 552
359 609
382 573
401 577
86 97
153 673
95 665
655 799
288 833
474 749
501 645
69 800
602 728
50 748
138 611
381 683
20 471
318 777
206 557
22 263
80 175
169 454
1 14
163 564
721 829
117 321
461 550
385 585
652 707
147 761
156 782
175 729
157 228
107 282
47 371
137 345
103 470
479 787
139 389
252 282
424 697
226 539
275 810
81 450
519 734
414 633
80 237
364 678
262 704
179 765
24 261
57 228
333 671
151 709
548 662
416 594
544 741
153 185
48 101
264 613
409 451
693 723
136 501
118 261
29 752
189 196
398 443
205 328
7 385
133 802
314 685
267 767
190 349
210 328
492 748
367 583
387 692
428 775
143 440
230 566
316 577
612 676
23 494
24 272
327 588
127 461
301 640
371 770
258 745
10 609
6 708
459 831
499 792
5 143
277 457
428 795
750 793
245 369
78 452
116 506
522 592
74 337
101 447
479 576
478 760
470 819
204 639
21 380
572 585
22 656
23 88
82 315
24 217
5 388
742 839
461 595
172 213
116 626
445 547
329 800
145 520
427 805
35 682
146 362
157 797
397 836
356 492
119 492
399 774
263 531
96 458
311 710
127 587
260 749
1 760
115 612
325 800
56 662
29 274
259 577
83 601
354 434
244 827
455 785
163 738
578 679
53 401
188 279
581 755
79 519
661 808
513 726
38 727
178 673
184 522
142 756
42 457
327 599
116 149
644 762
330 334
110 337
784 816
335 640
28 287
320 436
196 302
445 538
398 436
227 696
17 491
60 523
80 568
75 323
556 593
162 614
8 303
338 736
490 611
502 604
347 818
554 626
273 642
350 724
648 720
69 114
3 755
151 580
255 317
215 250
434 620
5 334
46 212
256 309
260 588
32 424
322 364
363 543
89 455
420 543
268 696
145 222
325 693
533 827
60 573
276 435
223 242
317 787
114 124
100 163
517 809
560 761
203 608
198 433
487 570
25 628
397 495
555 641
371 581
483 511
279 335
61 131
176 241
641 660
179 203
381 451
318 591
63 696
390 544
11 98
761 824
120 132
399 729
101 653
290 778
538 759
221 330
463 484
96 319
345 788
28 415
408 591
326 706
400 497
636 671
135 702
734 787
532 569
596 688
242 821
34 184
460 589
612 726
339 632
211 478
216 396
199 637
612 806
742 782
306 411
114 367
358 657
324 692
401 587
430 609
139 652
248 836
127 200
159 497
608 832
228 278
381 444
499 700
265 526
33 199
104 576
113 671
635 717
14 194
225 423
127 150
411 675
234 514
681 749
353 836
498 724
268 490
540 584
634 767
13 97
294 813
40 381
105 147
199 811
454 737
78 665
390 753
183 669
570 746
128 691
102 456
35 164
364 629
135 765
190 302
252 415
285 450
394 480
186 497
2 64
368 493
91 550
12 329
416 495
9 164
195 783
433 493
2 515
318 667
138 427
139 484
429 768
651 828
285 693
447 587
68 650
555 580
510 758
222 567
300 835
390 512
303 664
173 595
387 469
92 371
567 839
10 489
219 811
41 767
25 84
637 770
24 745
42 564
297 545
555 801
153 342
112 418
36 661
75 737
155 506
325 598
449 572
368 672
609 839
14 802
514 577
273 828
370 455
132 163
259 789
8 75
306 427
80 408
512 536
239 409
264 280
399 481
401 480
80 91
208 587
582 693
58 327
140 784
221 465
67 822
722 764
16 523
111 144
92 183
26 286
44 832
443 761
475 767
749 812
94 404
637 744
688 708
15 673
350 547
441 478
149 716
299 637
49 137
152 171
271 571
211 325
237 414
16 143
249 484
794 813
311 350
280 433
45 210
26 182
332 781
504 510
282 474
498 731
415 809
218 373
238 399
144 448
62 591
333 737
340 646
97 404
32 838
577 747
758 829
74 409
16 445
108 504
533 679
19 816
207 645
258 791
373 827
73 454
635 821
227 793
9 641
185 608
50 537
161 587
55 585
22 809
169 316
286 509
141 780
753 767
382 634
574 666
624 822
663 817
415 435
49 184
234 601
153 622
703 748
734 737
165 688
126 714
171 448
187 601
575 771
711 778
124 700
154 273
43 532
342 751
114 799
466 596
376 698
580 683
515 750
27 235
455 533
283 675
306 471
425 546
144 291
36 95
99 194
169 479
86 110
501 824
583 679
389 805
210 722
126 787
46 615
147 344
520 560
256 526
523 588
202 740
193 235
303 601
343 350
464 700
52 123
67 362
35 533
306 806
637 822
195 812
388 675
580 797
316 660
89 503
213 829
239 489
143 500
134 513
758 795
365 787
154 776
522 742
384 792
402 419
718 818
54 666
245 334
98 477
248 443
180 604
196 639
442 654
244 814
640 832
179 598
370 634
595 710
540 599
389 560
23 314
186 838
440 539
238 690
229 711
460 493
662 805
487 519
43 223
132 183
615 705
586 654
73 214
246 522
13 730
24 88
243 580
248 344
98 362
117 413
169 826
645 661
708 810
323 727
480 648
411 779
322 556
197 373
8 514
674 782
206 431
117 682
39 170
290 671
18 598
640 671
392 751
441 755
292 714
182 405
694 832
565 760
319 404
599 745
77 365
683 778
334 456
220 713
310 414
242 500
621 812
622 802
657 789
479 834
32 441
7 484
194 697
203 427
765 804
400 575
220 659
739 832
449 824
571 816
46 312
92 215
106 226
26 536
499 776
546 727
514 580
525 814
101 755
516 782
317 724
431 659
124 764
2 830
449 630
331 543
320 428
59 731
74 368
175 462
600 647
355 642
41 177
72 506
255 691
9 323
205 394
184 635
390 772
417 835
140 538
226 750
601 671
417 581
28 650
45 151
293 452
95 243
588 666
269 289
11 302
798 826
641 787
276 450
437 498
304 756
30 518
193 752
171 315
29 273
216 738
196 435
332 710
147 478
21 569
3 169
682 796
255 344
298 660
320 459
182 667
243 563
171 519
272 329
56 700
354 823
189 643
231 342
54 507
432 770
31 544
75 722
172 425
185 536
54 336
555 811
484 782
405 456
379 689
65 452
363 792
172 476
22 353
649 706
122 588
119 379
230 451
152 824
216 606
5 175
264 369
152 662
24 50
201 218
9 344
235 465
669 726
574 763
694 740
252 784
69 310
429 666
215 253
251 327
721 795
429 752
597 792
297 336
178 266
541 594
516 666
109 696
587 610
391 674
425 810
369 815
213 736
26 431
472 814
419 730
578 784
161 337
186 667
136 623
157 587
661 728
401 786
246 473
329 372
694 718
496 563
723 826
587 670
141 219
128 288
432 793
702 805
77 699
303 574
138 322
627 824
61 440
137 292
194 767
394 771
243 297
27 819
206 615
460 556
322 534
11 281
343 581
279 542
155 356
165 459
565 786
752 817
579 695
368 387
19 124
401 823
76 551
222 353
304 313
254 548
192 572
362 389
464 801
55 277
136 700
177 793
156 181
254 322
60 182
508 575
341 500
247 407
46 81
451 467
505 561
18 233
167 555
33 600
276 485
334 490
145 435
24 639
443 668
464 627
128 238
225 383
468 597
478 684
296 549
475 700
187 497
551 729
529 656
294 295
151 303
548 553
184 458
168 233
134 145
429 594
155 812
108 440
90 109
86 202
147 416
318 688
292 794
229 732
184 257
105 308
249 350
303 373
221 349
86 312
462 746
105 532
121 530
30 237
432 782
339 460
433 748
423 764
46 838
403 626
205 361
571 576
182 334
413 512
233 528
70 203
277 329
53 136
319 539
481 824
148 300
206 303
1 491
22 186
135 427
423 742
388 611
482 572
21 838
326 701
270 730
244 804
37 282
421 797
246 312
120 277
123 626
35 378
327 773
312 517
419 444
292 566
47 138
249 803
159 308
485 821
132 360
606 806
21 744
215 460
100 197
535 774
121 624
72 684
103 422
413 597
749 763
320 334
498 803
513 619
322 440
29 520
666 762
54 337
514 530
205 636
365 816
282 836
378 460
190 518
521 775
118 362
110 524
436 807
306 478
598 674
412 440
559 782
432 737
384 637
456 602
231 437
6 674
153 607
58 775
39 228
210 676
703 803
176 511
112 309
447 766
311 425
147 219
57 449
442 758
154 179
3 627
537 673
427 819
351 728
261 732
600 745
498 595
348 778
247 472
157 689
380 626
730 812
670 814
353 554
556 592
483 675
56 643
53 673
21 378
36 119
112 576
291 831
294 599
461 733
63 832
591 658
208 470
172 325
412 451
98 425
456 497
746 787
378 399
168 501
111 370
438 441
454 747
294 615
102 364
324 455
92 276
573 806
220 442
233 336
56 768
390 503
519 633
431 801
723 797
460 624
472 803
128 601
290 565
410 586
157 474
360 420
368 507
113 228
612 775
25 486
686 731
23 143
99 650
185 819
38 507
156 538
22 748
104 743
362 501
411 677
405 758
159 826
77 562
346 795
102 651
281 799
23 536
679 695
462 756
41 664
640 772
104 531
276 734
12 618
128 585
91 171
12 71
182 697
72 265
105 302
177 659
32 158
548 563
104 820
346 424
315 625
317 488
201 756
87 285
453 620
71 329
65 295
190 398
252 714
693 715
254 598
216 338
554 660
410 520
334 536
595 786
54 442
105 593
132 223
561 623
493 724
244 693
88 326
239 393
39 665
171 452
318 470
486 617
191 416
94 823
115 447
334 473
341 736
97 814
441 810
44 449
764 790
194 765
50 722
201 473
262 458
36 675
262 536
399 835
425 713
218 802
28 509
712 787
96 512
12 110
257 832
526 817
196 296
802 819
537 661
60 84
132 589
169 579
250 459
349 686
286 525
55 435
350 386
242 432
530 628
326 542
419 707
231 442
460 783
133 161
144 189
303 471
143 557
264 431
525 625
290 681
258 755
40 106
439 538
247 439
242 284
281 377
401 825
654 804
651 762
264 499
49 625
236 259
487 635
292 301
404 779
10 507
106 759
569 583
349 361
224 228
342 546
71 148
30 417
198 290
182 768
137 467
297 522
21 551
692 770
312 543
9 413
647 837
256 570
67 111
385 592
160 607
413 582
227 564
6 657
776 779
1 55
252 380
30 429
347 443
578 720
340 426
315 441
8 320
117 288
371 674
326 541
262 605
481 765
762 814
158 548
467 784
315 449
102 148
368 694
302 588
380 417
254 464
528 680
63 104
408 649
120 747
295 624
617 817
101 218
8 468
12 529
258 578
107 794
544 556
162 331
333 668
367 649
626 643
334 352
192 206
238 679
294 572
155 299
174 308
195 791
18 348
153 647
217 224
52 218
89 162
233 268
429 506
364 606
696 743
146 455
394 548
152 248
206 308
382 595
248 445
297 489
201 207
260 643
193 532
724 837
129 468
70 331
38 56
60 437
47 757
27 187
653 715
9 373
220 235
356 839
72 414
415 542
517 709
61 347
631 766
14 177
16 331
29 399
414 537
559 711
94 242
775 831
319 577
187 194
283 691
474 622
451 522
573 727
617 751
425 561
159 612
9 699
517 529
4 563
105 335
493 710
103 467
30 437
604 797
284 791
6 477
14 426
620 654
328 588
32 512
256 677
347 701
476 795
161 688
130 752
546 566
24 773
110 765
100 168
510 559
20 724
284 529
14 40
232 359
3 304
93 578
75 417
178 381
137 811
616 685
208 711
88 747
306 709
23 741
379 553
133 832
637 799
168 582
18 368
498 775
73 751
121 556
331 352
215 699
173 267
339 451
124 156
498 586
688 739
414 830
325 839
167 558
357 739
527 747
177 246
531 808
151 404
242 499
648 733
618 684
625 768
115 396
365 370
100 241
82 620
48 184
174 266
441 719
476 707
131 212
447 463
241 703
121 389
159 621
685 792
36 45
522 806
117 230
367 775
556 614
251 393
45 448
124 472
2 437
157 453
416 525
302 500
207 477
193 740
334 520
147 545
312 395
605 741
4 225
102 149
183 603
464 581
580 775
452 731
171 796
49 553
10 496
218 630
408 440
251 650
298 459
122 390
378 591
23 835
90 222
298 304
121 513
60 545
138 595
134 705
164 321
617 732
6 37
7 174
396 774
98 304
64 301
360 664
491 580
430 479
444 454
360 719
197 557
30 414
369 685
366 836
365 625
430 626
169 670
180 392
509 727
7 602
410 540
425 723
62 341
180 440
131 397
163 550
276 331
642 690
300 692
613 812
159 783
559 787
385 452
523 597
291 806
333 782
127 646
374 747
23 750
441 577
729 821
491 615
6 8
231 711
377 514
586 799
429 463
126 625
583 800
36 676
80 400
484 763
128 446
133 646
81 313
84 662
29 781
376 826
686 826
188 342
501 543
686 821
91 254
648 679
357 463
51 154
69 722
329 468
497 598
126 790
249 810
747 812
132 609
32 689
284 747
542 661
495 730
273 470
149 390
422 823
286 442
13 78
210 480
216 246
649 806
250 477
735 795
712 751
242 774
336 591
133 383
29 368
375 830
162 723
463 731
353 612
107 711
647 729
303 811
159 358
440 824
74 221
377 501
46 653
13 184
246 268
519 766
86 569
27 564
238 641
155 480
251 543
235 518
36 757
39 837
255 836
100 235
303 310
279 351
361 818
296 696
156 749
355 656
391 655
549 802
123 834
339 684
304 549
346 460
567 723
643 663
422 747
806 833
408 661
279 647
193 300
48 130
204 680
390 497
69 427
678 782
523 583
269 484
536 644
97 405
673 722
345 514
460 471
28 773
176 659
258 405
143 680
112 651
14 587
154 336
403 472
237 634
167 358
353 606
526 581
350 366
290 605
222 499
132 245
222 553
188 215
20 811
308 834
145 634
178 338
646 825
684 744
101 566
24 599
283 497
334 823
190 674
38 357
417 597
151 544
304 368
158 366
566 640
1 599
457 520
21 616
655 834
555 660
483 838
35 758
451 685
384 738
323 363
80 454
8 268
67 377
150 834
1 715
486 687
341 579
314 745
79 723
64 154
29 805
506 682
272 469
93 775
131 505
159 681
597 754
164 711
443 683
488 652
697 730
117 501
251 449
22 476
32 161
198 744
133 585
44 792
301 665
235 317
95 533
17 765
438 748
724 769
373 577
95 344
571 646
112 476
26 519
591 711
126 629
103 493
500 604
396 431
333 426
431 640
46 817
230 324
363 599
748 825
23 640
369 789
368 576
245 712
205 332
525 793
332 472
293 523
327 667
239 697
380 398
256 721
364 593
265 502
98 767
346 625
67 240
103 821
189 617
11 316
718 795
16 170
747 834
138 514
541 679
300 531
453 692
76 211
297 656
228 572
336 774
150 634
54 92
355 812
404 599
431 709
328 374
101 826
132 459
333 379
110 743
479 630
67 607
130 695
280 526
255 536
517 758
289 320
45 543
58 79
1 431
235 550
234 366
452 613
443 556
83 372
180 605
144 617
6 641
105 157
137 229
599 765
12 427
79 359
234 829
447 544
115 519
273 762
115 401
266 615
30 818
150 302
776 791
174 672
677 782
566 610
403 772
220 813
612 692
444 815
4 154
57 556
254 387
590 703
442 636
16 418
4 54
107 219
52 349
20 126
261 446
448 767
95 689
413 595
221 501
445 705
23 562
284 398
158 717
347 605
197 533
126 540
516 581
245 606
273 693
469 664
455 584
2 811
232 310
90 481
110 278
167 621
160 278
54 537
299 573
258 387
106 502
243 502
180 501
112 247
682 833
590 742
13 302
112 641
501 557
260 411
339 579
222 243
271 786
277 342
434 621
266 287
231 366
10 396
194 382
96 441
214 447
20 229
173 277
169 619
191 777
814 834
131 343
352 613
8 13
211 471
39 272
207 516
347 615
417 748
324 644
218 766
479 818
30 397
343 384
322 588
442 773
163 695
303 341
184 833
