50 10
50 32 40 5 16 11 29 15 41 47 37 48 31 39 30 38 42 22 12 44 18 33 35 4 43 9 7 1 28 23 20 13 3 36 26 19 25 45 10 46 14 27 2 17 21 24 49 34 6 50 8
34 3 31 36 29 47 28 2 23 48 22 18 15 17 9 46 16 42 45 25 27 33 37 13 26 41 14 50 39 38 5 1 20 44 30
39 39 24 34 43 25 48 20 18 29 5 8 4 36 19 10 1 11 37 46 14 35 31 23 38 22 42 32 12 41 15 26 17 28 9 33 7 49 16 50
4 25 28 48 29
39 35 45 48 13 30 4 10 25 18 44 8 50 37 42 39 21 23 16 17 32 28 47 36 31 43 9 19 38 29 14 6 7 20 41 34 46 5 3 15
9 45 28 39 7 16 35 44 27 38
1 4
44 18 7 38 43 34 50 25 48 3 33 15 42 41 28 32 35 1 31 2 36 20 12 30 29 10 39 27 23 22 24 45 4 5 19 13 44 11 17 47 40 21 14 9 8
5 30 6 22 29 10
1 43
1 14
30 13 32 40 5 28 47 12 38 9 3 42 7 41 50 25 23 37 6 2 39 33 14 4 18 35 21 8 1 48 19
30 46 17 49 16 7 48 19 11 32 21 2 15 8 34 28 20 18 29 36 9 38 12 24 33 39 30 10 1 13 25
50 45 21 23 35 48 42 29 22 33 27 25 13 17 20 1 9 40 19 3 10 46 30 26 7 18 4 36 2 32 34 16 41 31 39 24 49 47 44 38 8 43 15 14 5 11 6 28 12 37 50
6 27 22 50 1 30 21
20 46 20 48 12 31 27 50 38 26 42 22 2 1 18 9 23 4 16 13 49
47 32 22 23 31 13 9 4 29 5 42 6 28 7 19 43 47 37 14 15 33 39 34 27 16 45 44 21 49 20 1 11 36 25 40 48 8 3 50 30 18 17 24 10 41 12 38 2
44 34 23 18 43 9 7 13 20 39 8 11 48 46 1 44 19 28 4 50 22 40 49 24 42 12 45 27 14 5 37 26 35 33 41 38 6 2 25 21 17 32 15 16 47
15 36 29 44 27 14 32 3 18 41 40 9 46 26 5 8
42 11 47 1 26 13 30 35 20 48 3 36 10 50 18 22 38 28 14 39 5 34 7 23 27 44 17 25 45 9 16 24 8 49 2 4 29 46 37 15 32 41 6
30 16 34 21 26 6 38 23 45 2 41 8 44 3 46 28 37 4 24 25 22 17 33 15 10 20 14 49 42 39 40
4 49 23 24 25
34 27 22 11 31 39 12 43 23 2 42 4 18 29 3 9 7 15 17 44 19 24 32 37 25 47 46 45 26 41 16 30 20 34 28
16 15 12 4 33 3 44 45 36 24 13 49 28 42 30 38 34
11 8 38 46 34 5 3 1 48 30 47 13
20 10 33 39 14 20 8 36 41 35 38 43 47 45 18 12 44 1 42 46 13
47 41 9 4 11 35 14 37 25 47 6 33 34 30 31 22 12 15 26 16 48 17 39 8 32 36 23 40 29 3 1 21 45 18 2 43 38 19 7 49 27 24 50 13 10 5 42 28
1 24
34 40 10 47 48 14 13 36 28 31 46 37 20 26 22 7 6 43 34 16 33 2 45 42 44 35 24 41 50 19 11 12 15 29 3
50 40 12 49 35 20 34 6 13 4 9 16 11 33 23 18 25 28 1 42 41 5 17 30 45 14 43 47 48 7 22 21 26 15 19 31 46 27 24 37 2 10 38 29 3 8 39 32 44 36 50
15 5 8 41 47 48 22 15 24 27 4 7 17 1 11 6
3 12 17 21
18 32 33 18 7 43 10 50 26 23 21 37 36 39 34 41 14 31 46
16 42 29 24 18 41 48 2 16 21 34 11 26 20 30 35 38
42 5 46 42 45 9 6 15 26 33 17 38 39 12 1 21 18 32 27 37 35 40 11 20 28 29 3 19 43 16 34 48 36 7 50 23 8 30 31 13 41 44 10
31 31 15 43 32 16 34 48 5 25 20 50 17 10 30 7 29 47 35 14 27 12 28 37 18 13 6 4 8 45 44 38
41 15 19 24 12 18 34 16 42 14 35 21 17 47 9 39 4 6 8 30 29 5 22 44 27 38 23 37 11 45 3 31 32 41 10 20 25 40 1 49 46 36
5 20 14 46 41 29
29 44 28 37 23 46 26 29 43 21 41 31 6 17 7 48 16 4 50 36 9 19 35 5 15 8 30 11 10 32
38 16 1 10 28 38 41 27 31 7 21 32 43 50 39 6 14 34 49 29 9 26 33 5 18 3 47 13 42 36 46 22 48 24 8 11 40 2 30
49 7 33 29 28 13 6 31 41 1 50 49 5 46 10 3 40 34 38 21 45 44 2 20 4 9 23 25 32 26 42 8 15 35 12 24 37 27 11 22 36 19 17 47 48 43 30 39 14 16
16 2 30 12 34 20 19 7 5 50 45 42 27 23 33 46 13
24 34 2 9 3 19 18 47 10 25 7 12 50 43 17 14 42 22 6 29 27 49 16 4 33
46 24 42 30 26 13 22 50 4 7 17 6 46 20 41 18 5 37 8 31 27 49 29 19 39 15 44 47 21 36 35 14 25 16 45 33 48 2 1 43 38 10 32 9 23 28 11
26 21 45 22 29 44 2 9 40 12 10 20 6 49 41 26 34 17 33 31 46 14 35 25 43 16 5
47 44 16 5 31 38 10 17 32 7 26 6 14 22 49 50 36 11 15 42 18 43 9 21 4 48 39 37 20 3 28 8 23 24 30 25 40 29 27 2 19 33 1 34 13 46 47 12
2 47 24
10 33 30 42 28 38 27 34 37 23 19
38 1 19 37 35 2 36 29 4 22 32 18 26 9 41 10 17 20 50 7 16 12 33 43 27 25 3 34 31 48 47 44 40 28 45 23 15 39 38
50 11 45 10 20 13 40 47 29 34 37 17 19 5 23 33 41 28 12 44 42 31 2 50 26 35 46 14 49 1 48 38 8 18 30 25 16 27 4 24 7 39 21 32 6 43 3 15 36 9 22
43 33 34 40 24 18 38 15 20 16 17 28 1 47 7 5 42 23 4 37 32 29 44 21 14 35 41 26 46 30 11 39 36 22 6 43 2 13 3 12 8 27 9 48
28 19 29 31 48 37 10 25 12 15 32 38 44 9 43 50 17 36 28 11 41 34 33 18 23 49 24 46 5
44 24 42 5 45 14 49 7 4 37 2 21 46 16 32 3 1 17 48 26 8 43 25 30 35 9 50 6 34 19 27 20 33 47 12 41 18 23 22 31 11 10 39 36 29
30 42 2 30 18 37 24 40 20 29 28 38 17 41 32 15 3 6 48 23 25 44 10 7 46 34 4 33 1 9 12
47 7 27 45 12 20 15 30 14 41 17 34 26 22 3 19 5 35 32 10 38 24 6 36 50 44 25 29 46 23 4 2 18 8 39 31 37 11 16 49 48 43 21 33 13 1 9 28
34 26 15 38 23 4 12 14 36 34 11 3 42 7 6 19 41 32 27 49 50 13 2 18 1 22 40 33 35 21 45 17 30 43 46
2 21 10
16 48 27 29 31 47 2 1 23 46 33 9 18 38 50 4 8
6 35 16 12 8 36 31
41 28 11 37 8 34 4 22 13 38 48 39 44 17 31 47 14 46 24 16 25 6 10 49 29 3 50 36 12 40 45 32 42 35 2 27 43 23 33 9 18 1
