50 10
0
40 12 29 16 18 49 50 39 11 6 27 17 10 42 43 21 7 41 38 2 44 47 37 15 14 3 1 23 35 26 46 19 40 34 20 9 31 22 28 5 33
16 3 34 19 28 31 42 37 15 38 49 14 33 45 5 17 6
47 20 42 3 36 28 18 11 1 39 33 25 12 7 30 19 15 49 14 17 2 37 24 21 8 23 46 27 22 38 43 50 13 26 44 35 29 16 45 4 41 5 31 10 47 40 6 9
5 6 14 26 3 27
16 45 35 4 8 12 14 13 29 2 42 27 33 30 34 9 23
9 14 7 6 39 31 36 43 18 40
8 8 30 21 31 17 38 35 32
33 49 23 30 4 14 33 34 36 24 16 29 41 39 43 32 21 26 46 25 17 47 9 42 11 13 3 10 50 7 37 44 1 31
45 10 44 45 24 1 48 11 38 2 26 23 40 7 32 49 47 21 12 20 16 28 31 46 41 36 25 35 4 5 27 14 42 39 13 19 37 8 9 6 34 43 15 30 17 22
29 17 9 23 20 39 8 18 47 3 46 44 19 6 26 48 28 11 31 33 37 10 5 34 49 30 22 2 29 16
50 48 10 3 29 25 5 49 30 15 14 22 21 44 34 32 37 41 18 9 26 12 47 7 39 19 27 23 20 16 31 24 40 1 8 17 46 43 4 45 13 38 50 36 6 35 33 2 28 42 11
22 14 17 32 38 24 9 15 10 49 46 27 30 43 5 13 33 21 16 3 31 6 29
45 50 32 20 26 7 44 15 30 1 27 13 39 10 42 28 19 35 6 34 21 9 48 16 23 22 2 29 41 31 25 4 5 8 38 3 14 47 36 37 45 18 40 33 24 46
34 34 7 23 15 49 40 42 20 9 6 41 13 35 19 33 10 17 26 18 45 44 8 12 2 31 24 36 21 29 27 25 38 32 30
23 14 28 46 17 27 26 21 38 36 2 33 47 13 8 23 35 42 44 43 3 37 24 4
50 31 10 40 8 48 15 38 17 23 36 18 9 29 47 37 32 1 24 35 49 28 7 3 26 43 21 44 19 33 16 20 30 14 22 50 13 42 45 27 11 12 25 4 39 34 41 46 6 5 2
39 36 1 17 41 24 38 50 49 29 16 31 32 23 18 34 35 5 12 40 13 45 19 15 47 22 7 3 8 42 14 2 21 48 26 25 37 44 28 33
34 33 40 38 10 3 36 20 49 11 9 19 48 8 2 35 50 14 42 31 6 24 27 25 30 15 43 28 29 12 4 32 47 7 16
42 5 35 41 17 45 27 25 39 16 11 6 15 21 22 34 8 28 7 44 37 43 26 49 23 12 4 24 19 14 30 46 48 18 10 31 3 47 50 20 33 32 1
29 27 17 26 12 23 38 36 50 7 5 2 6 41 33 35 47 29 30 28 14 44 13 3 40 8 24 48 19 46
41 11 50 24 23 47 36 5 45 25 32 42 14 4 33 34 48 19 29 38 3 39 10 44 20 41 22 21 40 7 9 17 26 49 1 28 18 15 37 30 12 8
42 10 34 50 37 45 35 32 44 27 47 40 29 30 39 33 1 36 43 17 6 46 49 24 9 23 22 3 31 13 26 18 28 14 19 11 42 4 15 5 7 41 20
29 12 40 48 7 34 18 19 9 49 6 46 33 45 30 15 8 27 42 23 11 1 13 3 38 28 31 21 39 36
45 36 46 15 50 44 3 42 39 19 35 26 9 20 37 30 6 27 24 10 16 7 32 43 12 5 11 29 13 2 31 45 48 25 8 49 47 21 41 17 40 1 22 33 34 18
32 33 1 15 21 20 13 3 32 19 40 7 23 18 44 31 47 24 14 26 17 11 9 34 46 37 10 36 4 25 41 43 12
43 29 50 49 46 14 17 28 35 7 30 42 10 24 6 37 25 2 16 23 13 21 26 5 27 48 43 36 45 31 20 19 22 12 18 39 9 44 3 4 38 40 8 11
45 30 49 44 45 36 43 11 1 34 18 35 42 4 14 16 47 7 27 5 41 38 6 2 32 22 39 28 12 33 8 31 25 15 40 3 21 46 37 23 29 13 10 26 48 20
12 28 47 30 24 4 26 2 7 23 50 44 14
19 44 9 33 23 27 41 6 28 16 17 25 35 26 2 48 7 47 31 13
37 9 13 7 39 45 5 15 47 42 27 44 1 10 17 11 46 34 19 31 30 48 16 12 37 14 18 43 20 23 25 35 22 3 2 40 4 26
41 2 23 10 6 11 3 13 9 45 29 50 46 7 38 15 33 40 19 28 49 34 5 4 27 25 16 30 21 17 20 44 36 32 14 22 37 41 39 43 42 8
2 32 8
42 9 20 36 18 27 45 1 25 10 19 23 24 31 39 37 48 22 6 49 38 2 30 50 32 3 14 5 16 12 35 15 17 43 11 44 28 29 8 46 4 47 33
45 49 44 20 48 46 13 42 50 14 39 5 10 38 16 45 26 7 1 32 28 40 29 3 27 8 25 43 21 17 2 30 34 33 15 19 11 31 4 24 18 36 6 9 22 47
16 42 8 6 40 32 17 41 20 13 46 19 2 25 44 28 45
40 37 22 26 49 38 20 6 7 33 35 31 29 8 4 25 39 47 32 34 18 5 24 36 12 10 23 1 2 17 46 11 28 14 42 21 19 40 16 45 9
41 11 9 12 8 7 49 37 30 21 1 26 5 14 27 43 23 10 2 15 50 34 41 16 45 36 13 35 46 28 38 4 32 25 47 31 33 44 18 29 48 17
37 7 36 13 21 10 28 19 35 30 22 32 12 39 1 50 8 38 11 27 45 3 25 40 17 34 37 5 20 43 18 4 33 2 47 9 14 48
37 7 19 26 15 1 9 24 44 25 30 31 32 40 48 12 47 23 39 41 33 8 37 13 49 11 10 35 5 27 42 29 46 2 3 50 34 21
33 50 34 33 42 46 36 10 5 2 12 37 44 48 18 24 23 20 29 31 1 35 41 39 28 26 13 40 4 27 49 22 30 7
0
41 41 33 13 31 9 39 48 38 40 37 7 14 49 25 5 44 12 26 28 3 24 32 16 2 43 23 1 30 22 21 45 20 4 42 6 18 19 34 8 36 10
41 50 49 38 48 36 22 10 6 23 18 3 9 29 33 41 45 8 5 4 27 32 25 2 16 24 40 15 20 26 44 46 30 17 37 13 31 35 14 39 21 47
50 6 36 10 5 45 18 42 47 29 48 44 27 34 8 4 46 11 37 24 7 25 12 19 1 33 39 49 38 30 2 32 40 22 41 15 14 23 43 9 26 16 31 21 3 17 13 20 28 35 50
11 47 46 45 49 17 4 8 7 5 38 34
37 50 33 29 8 4 22 44 2 18 30 28 16 5 41 25 1 36 38 7 3 35 12 39 31 43 20 42 37 24 15 9 49 23 14 32 47 46
35 39 6 8 35 12 3 42 7 25 29 22 46 44 17 16 34 9 15 28 26 50 24 30 47 4 40 20 11 43 14 45 31 32 10 48
42 3 8 47 33 14 49 5 30 20 35 32 16 29 6 34 28 38 15 26 36 40 4 31 13 27 44 21 23 24 48 50 11 42 43 22 9 39 10 17 12 46 25
48 35 8 42 19 27 15 46 31 24 43 38 23 47 14 1 45 34 5 7 6 13 9 3 20 16 21 37 30 25 49 48 41 36 40 22 11 29 39 26 50 4 28 33 10 17 2 44 32
20 23 8 42 9 33 14 18 41 40 38 2 26 25 36 44 6 17 24 45 3
7 45 4 17 11 23 5 19
30 11 31 22 27 24 30 36 45 41 2 35 39 46 32 19 49 26 20 40 8 50 28 18 10 47 1 25 29 4 14
39 21 48 36 47 13 1 17 22 40 42 3 44 50 29 9 5 27 20 4 41 49 34 46 12 6 8 15 39 43 38 26 18 11 24 32 31 33 16 14
27 41 35 18 21 31 8 7 38 15 6 4 24 12 11 39 23 37 20 46 19 26 30 5 13 45 14 42
9 50 35 1 48 5 24 23 39 43
17 13 28 30 38 20 34 12 42 21 46 44 40 23 31 5 25 7
29 4 10 7 42 23 17 40 50 6 19 30 1 43 20 44 26 33 24 28 5 37 46 31 49 3 2 9 41 15
49 41 7 30 28 40 35 29 3 49 1 24 39 13 23 11 22 43 45 4 42 10 2 12 20 38 50 47 16 37 8 5 34 46 48 21 33 44 18 19 17 15 26 36 31 25 27 9 6 14
23 20 10 30 35 19 42 9 37 50 28 14 23 6 41 16 24 22 39 49 2 29 4 18
