50 10
30 16 12 2 49 5 48 46 26 19 10 40 37 43 7 8 36 42 50 29 22 4 23 32 27 18 47 6 1 3 11
23 47 27 21 5 8 26 4 20 31 6 1 34 30 50 7 36 22 3 33 42 24 25 38
45 49 22 9 39 34 1 24 8 6 5 25 28 11 7 32 36 12 47 48 14 18 41 21 40 33 15 46 44 37 45 3 42 50 26 2 31 10 16 13 35 20 27 38 30 29
15 11 8 13 2 41 10 36 14 30 33 29 15 28 7 5
31 21 23 20 46 28 9 2 39 44 31 17 47 27 6 24 13 16 43 30 5 36 3 11 45 10 19 7 49 25 29 1
12 10 20 41 23 47 26 30 37 38 36 22 50
42 26 24 13 48 29 18 19 30 8 33 21 47 49 10 9 14 2 12 46 45 25 34 32 22 6 28 40 17 41 1 27 39 3 7 42 36 35 20 50 31 15 44
24 4 36 44 39 30 10 5 25 9 16 29 41 50 42 7 8 21 43 49 14 48 6 18 24
45 12 50 49 14 4 8 31 7 36 17 15 42 6 20 24 27 13 22 40 32 48 35 47 34 21 37 5 41 26 1 18 11 29 44 28 9 33 39 19 30 46 45 3 16 10
29 13 30 6 26 34 37 12 49 20 46 23 22 14 3 21 36 4 17 32 41 29 2 16 19 7 27 8 1 18
30 39 14 25 49 4 42 35 3 47 20 19 24 26 46 9 22 8 1 36 17 21 45 27 29 5 48 7 44 33 43
28 8 23 5 22 37 48 26 47 42 19 12 40 43 10 44 11 31 21 34 2 24 38 7 25 17 35 1 46
9 50 21 18 1 49 35 31 20 40
19 17 16 9 5 6 22 2 13 1 14 26 27 36 48 46 47 3 12 44
1 37
12 19 37 7 20 49 47 17 36 23 31 8 45
24 40 13 50 28 41 6 14 47 37 46 17 18 20 9 36 33 25 12 38 44 43 7 5 11
3 17 22 15
5 33 20 34 8 11
38 50 33 28 31 37 32 30 34 12 6 10 21 29 44 18 1 22 49 9 8 41 7 40 23 3 36 11 45 25 14 38 2 15 42 27 39 47 20
0
7 37 34 15 2 12 39 6
48 14 22 34 49 4 20 42 48 9 5 6 13 24 27 23 25 7 36 16 33 26 37 38 2 40 10 50 47 17 39 11 3 12 28 32 30 44 21 18 19 29 43 8 46 31 1 45 41
18 13 2 44 36 24 40 42 29 7 41 12 26 22 47 46 39 3 4
50 50 41 19 30 48 43 14 26 22 10 8 11 33 25 13 36 7 17 15 16 46 23 4 39 29 20 34 24 35 38 49 42 1 18 9 40 32 3 31 12 27 47 44 2 28 45 37 5 6 21
29 8 41 47 44 31 12 36 49 46 5 11 25 43 48 24 50 28 17 42 39 40 35 6 10 7 34 27 16 1
3 24 29 18
49 45 35 18 26 47 49 29 16 4 24 6 8 5 46 41 23 11 13 20 39 42 15 21 34 27 2 32 31 10 28 22 38 19 36 33 7 12 9 1 25 30 17 37 43 3 14 50 40 44
28 19 9 15 42 39 5 22 32 35 6 31 48 2 1 43 50 4 45 12 10 37 20 47 28 16 46 18 40
36 46 28 48 29 45 18 42 31 27 4 8 34 9 32 49 16 36 5 33 17 37 35 19 39 24 38 10 2 25 7 23 6 47 11 22 43
8 13 39 38 26 19 7 48 50
46 36 28 40 4 3 37 39 42 11 9 15 44 27 50 34 6 31 46 1 25 7 22 17 18 14 8 45 2 26 47 48 35 43 33 10 21 41 13 49 20 24 30 23 16 32 29
48 6 39 47 50 8 2 16 29 10 44 33 3 42 22 43 12 15 32 17 24 4 45 30 11 28 36 19 27 23 14 31 9 7 34 38 40 26 49 37 41 35 1 46 21 20 18 48 5
45 4 33 1 5 20 14 21 23 26 40 43 48 24 44 50 18 31 10 16 32 22 30 19 39 13 36 11 35 3 12 29 2 38 45 9 28 46 37 47 8 34 6 42 27 7
32 26 45 14 4 31 3 15 34 41 25 38 22 19 28 46 7 43 37 33 21 47 10 32 6 17 12 20 2 35 18 40 16
44 4 35 30 29 45 47 1 42 10 32 12 24 38 46 2 11 37 48 39 34 21 20 19 5 14 27 23 36 41 17 26 13 25 16 31 44 50 9 8 49 6 43 28 15
36 29 22 31 24 23 3 44 33 14 21 34 42 47 41 1 46 9 32 43 5 36 20 11 37 13 2 45 35 50 48 17 30 25 4 10 19
26 45 7 16 2 13 12 44 4 29 48 40 47 6 37 25 14 34 38 46 42 22 33 39 8 5 27
30 41 30 48 45 21 25 13 32 12 43 49 8 24 50 37 39 3 47 14 40 33 11 23 19 4 10 9 27 26 6
46 33 20 38 15 18 31 7 12 37 19 39 11 29 5 41 30 16 45 36 47 43 21 3 1 44 17 2 10 4 14 28 49 25 13 22 8 9 35 26 32 34 46 40 27 42 23
7 9 7 1 35 40 24 21
48 38 13 22 3 35 39 30 34 36 29 49 42 44 7 28 37 50 24 45 19 20 46 25 32 21 23 43 41 15 6 10 1 8 16 5 27 14 9 47 11 17 31 18 48 40 4 26 2
36 42 9 2 37 32 25 35 22 21 27 15 13 18 36 3 43 17 20 38 7 49 33 6 44 50 28 16 30 19 26 10 23 11 31 1 47
42 38 41 4 32 5 7 34 33 26 42 44 8 31 22 12 48 30 37 35 25 29 3 17 28 9 20 2 49 46 19 11 40 36 21 14 39 45 16 24 6 18 27
47 20 36 38 4 18 44 8 43 23 31 16 22 21 25 47 50 1 24 17 30 46 28 49 42 27 40 41 2 5 9 33 6 39 48 19 29 34 3 45 13 7 12 32 14 10 37 26
20 18 49 33 24 43 17 37 50 46 30 21 6 39 41 34 42 44 47 27 12
19 47 4 8 32 29 5 21 10 45 49 20 9 33 46 15 11 3 27 7
5 15 22 36 39 24
32 44 33 21 31 32 29 14 12 15 17 48 40 36 13 10 9 20 37 27 39 46 43 3 2 47 25 34 42 45 6 41 11
49 28 43 19 18 49 44 45 9 35 26 31 6 22 24 38 30 39 14 21 4 27 34 2 37 7 29 10 46 16 47 48 32 12 33 1 42 23 36 8 25 20 40 5 17 13 15 41 3 11
2 47 22
24 38 21 50 28 29 1 48 6 8 35 11 40 12 23 36 49 25 15 2 3 16 37 24 18
11 38 20 28 26 3 29 41 33 14 25 36
31 1 40 7 38 39 8 3 22 41 20 36 45 5 30 23 19 31 18 24 37 14 2 27 44 48 46 16 15 47 43 6
44 36 35 2 17 18 32 41 47 38 19 45 26 37 15 31 13 21 10 20 34 46 12 8 43 39 25 28 42 22 49 4 44 29 23 3 14 24 5 9 48 40 16 27 7
41 46 41 15 49 48 43 32 24 39 4 8 29 3 45 21 40 16 11 47 36 10 31 14 1 27 28 13 50 26 30 37 44 23 6 17 2 18 12 42 34 35
21 8 10 19 2 7 23 18 50 20 41 47 13 37 42 22 32 1 40 30 44 35
5 9 2 11 22 1
19 31 49 8 32 10 16 42 18 7 2 26 6 13 50 23 27 34 41 35
49 14 45 34 41 50 30 49 44 32 5 21 1 19 8 3 17 47 35 18 9 38 31 4 39 26 36 12 25 11 16 22 43 6 20 10 40 29 23 37 27 33 15 28 24 13 46 42 48 2
