50 7
9 25 47 10 36 14 1 9 13 37
37 9 46 39 15 17 29 6 35 11 5 31 7 3 47 10 37 33 2 26 22 25 20 44 45 36 28 49 30 41 8 21 40 12 23 4 27 38
8 3 26 37 12 46 9 30 50
11 50 16 17 24 6 10 25 38 36 2 42
4 45 34 46 32
49 22 36 9 10 31 46 8 49 2 34 44 20 41 21 47 40 24 5 50 14 33 11 32 17 3 45 15 25 27 38 19 42 29 26 7 30 18 23 6 43 13 4 1 16 37 12 35 48 28
49 32 34 9 20 7 49 25 18 47 38 13 19 14 29 48 28 50 27 45 10 8 23 5 12 40 43 33 1 3 15 31 35 46 22 24 4 26 37 17 41 2 16 30 42 44 39 6 36 21
19 10 12 28 49 20 9 45 43 27 7 5 3 30 11 6 19 47 8 1
0
16 45 3 40 24 28 4 20 11 18 50 25 26 10 2 17 12
10 37 50 40 4 20 47 13 18 48 7
47 46 27 3 4 25 33 23 43 35 21 16 45 26 11 17 41 15 22 50 7 44 12 42 38 6 8 34 1 30 48 24 37 36 31 39 20 32 10 49 29 28 9 14 2 5 40 47
7 35 13 15 6 27 40 37
23 42 29 4 45 47 25 43 30 9 1 40 7 44 6 8 34 10 15 37 12 5 28 35
14 16 29 9 36 20 10 25 37 45 5 28 13 41 38
28 47 43 44 28 23 26 35 32 10 31 29 16 7 38 21 19 24 40 18 2 39 27 4 34 6 13 33 5
37 18 12 9 21 35 8 19 30 38 43 42 15 16 23 20 50 45 44 3 32 34 26 17 40 2 25 22 27 10 41 5 28 36 7 6 33 46
13 8 1 26 25 33 47 40 15 44 36 49 6 50
18 2 41 15 39 11 35 44 20 13 27 43 22 34 8 6 29 24 21
14 38 49 2 25 40 19 35 29 42 22 26 4 15 11
12 44 23 22 42 2 6 38 1 48 12 19 15
31 35 40 23 26 50 47 41 46 14 44 1 13 8 4 45 10 5 19 11 15 31 36 2 6 21 18 43 34 29 32 16
30 15 36 18 41 35 11 24 4 7 45 30 14 10 32 16 19 40 12 3 47 5 13 21 33 8 49 27 22 28 38
28 50 2 31 30 9 19 23 12 48 15 45 32 10 17 1 33 18 49 27 28 11 47 29 40 34 26 43 44
44 9 45 14 1 47 10 31 24 29 38 48 40 39 20 15 46 35 13 36 43 25 18 4 26 16 19 21 22 12 32 28 33 5 23 41 17 34 49 44 27 3 37 2 11
31 41 9 27 16 37 50 13 45 8 10 4 17 22 32 47 46 11 15 28 40 14 43 6 33 44 19 36 26 3 39 20
45 11 2 34 45 10 28 8 38 21 9 49 3 18 15 13 44 26 42 30 35 32 25 17 7 4 47 50 12 41 6 27 48 23 19 16 14 29 5 31 20 43 39 33 40 22
45 16 24 15 20 48 5 25 7 49 27 29 9 44 39 19 14 35 3 33 50 17 38 11 31 28 1 10 37 18 47 13 2 12 41 4 30 26 42 21 34 32 22 46 45 23
32 25 18 46 10 33 20 29 3 45 12 36 37 27 19 21 35 49 22 15 43 32 6 17 28 48 42 11 40 2 7 34 38
50 25 40 50 7 41 2 28 21 38 32 17 13 4 24 22 12 3 1 14 31 34 5 49 9 6 39 8 29 42 19 37 30 16 35 27 33 47 36 44 23 26 18 45 20 15 10 11 46 43 48
1 36
20 9 15 10 18 31 42 48 49 8 50 41 23 5 47 43 16 29 35 38 11
50 6 47 49 7 15 21 8 24 38 41 11 25 14 28 33 2 45 30 34 46 43 40 42 20 31 9 3 36 48 32 19 50 26 5 44 29 23 22 35 1 16 39 13 27 10 17 12 18 4 37
43 24 16 28 17 23 31 32 43 48 12 50 11 21 6 34 18 9 2 20 15 39 45 49 37 27 19 29 14 8 30 35 4 3 36 40 47 33 42 26 1 46 22 25
33 15 5 49 9 36 4 40 33 16 22 13 3 18 21 50 45 7 26 39 35 34 42 46 19 1 27 28 44 24 20 23 17 25
9 12 38 37 32 30 36 18 3 5
13 35 22 50 10 18 27 17 6 32 47 34 28 45
36 2 24 36 6 40 44 47 39 34 18 49 30 10 26 25 12 33 15 23 35 7 3 16 48 1 11 29 20 28 41 9 21 8 31 13 14
42 33 27 22 5 36 46 8 38 26 15 32 43 7 20 10 19 37 2 42 16 50 35 39 4 17 11 9 31 24 47 13 41 30 29 3 45 49 21 40 23 18 28
27 22 36 49 43 12 26 34 42 10 24 16 32 5 11 20 33 37 19 40 41 17 30 27 25 21 9 18
29 7 1 31 38 43 21 13 15 46 49 2 40 19 30 22 24 34 14 3 25 33 42 5 37 16 23 35 10 28
31 2 30 35 50 19 43 24 41 32 39 5 29 42 44 6 31 28 14 25 20 23 33 9 22 17 36 10 13 48 49 15
20 42 46 10 37 5 9 11 34 23 20 47 21 18 40 32 49 16 1 12 29
49 49 11 26 44 31 21 9 14 17 41 18 42 15 13 46 33 16 28 1 19 47 6 43 8 27 22 4 34 48 2 40 3 25 24 5 38 20 35 37 32 30 39 50 10 7 36 45 12 29
3 7 33 47
44 19 23 22 49 39 41 6 7 28 17 34 12 44 30 10 1 45 29 47 8 27 3 20 36 18 21 38 14 9 16 43 33 35 15 40 5 25 2 37 32 24 13 4 46
10 17 49 48 36 2 33 18 50 39 47
21 2 25 31 33 1 17 13 32 27 44 18 3 15 11 14 36 41 21 34 20 46
15 21 12 43 34 13 18 3 22 49 30 29 17 7 4 37
27 8 28 11 30 21 5 42 18 19 10 40 9 47 4 14 43 3 7 26 20 32 33 44 15 36 6 41
9 13 33 20 43 12 10 31 49 16
6 35 10 8 36 16 13
19 10 29 23 9 27 20 40 13 32 36 21 26 3 35 28 50 14 31 34
0
9 19 30 45 13 27 5 37 50 29
32 5 34 38 48 11 36 41 9 10 3 26 20 47 33 35 1 45 6 42 39 16 50 30 37 14 19 29 24 31 40 8 21
35 32 25 23 38 47 22 5 20 4 44 24 21 29 14 18 9 42 48 2 41 3 36 16 40 45 35 30 33 15 13 11 1 12 43 17
