50 15
30 16 25 33 5 31 10 38 42 23 48 28 26 46 18 45 12 34 15 50 44 21 41 24 37 49 17 39 27 35 19
22 23 8 38 41 16 40 7 14 45 18 29 13 12 26 1 11 32 9 25 43 46 3
32 11 23 26 13 44 19 25 1 41 38 48 32 40 5 30 43 17 42 34 49 12 9 2 3 6 18 20 31 4 39 8 46
43 9 50 32 13 15 36 39 26 1 37 23 10 17 27 49 35 3 28 24 48 45 19 7 22 5 8 18 44 16 30 4 38 2 12 21 33 6 20 41 31 29 42 47
12 38 19 28 5 17 20 37 26 33 8 16 9
29 42 13 35 31 34 20 30 48 23 14 50 24 10 33 19 26 36 28 47 12 27 8 39 5 9 29 41 40 22
30 22 26 40 44 3 6 43 32 49 50 7 33 41 25 16 13 36 45 39 24 29 28 21 11 4 20 48 27 19 9
49 21 12 1 38 40 17 11 9 13 19 20 15 28 6 32 48 24 10 18 30 25 5 29 22 46 2 50 42 14 3 26 34 8 37 35 41 49 7 45 47 23 27 16 43 4 44 33 36 39
14 34 29 50 37 32 14 39 23 33 16 21 7 30 22
24 41 38 3 8 14 46 48 12 25 32 26 42 39 31 11 1 2 44 28 34 7 30 43 23
3 43 12 37
50 2 4 41 39 40 35 42 27 24 44 37 7 1 31 30 47 18 11 46 19 23 13 5 45 17 22 15 36 3 32 28 38 21 49 43 50 14 26 48 34 10 25 16 33 9 8 12 20 6 29
27 3 44 37 14 6 45 32 47 46 9 1 18 25 31 28 8 48 13 36 29 50 5 27 17 33 4 11
28 45 31 25 14 49 19 32 12 28 18 23 3 8 36 15 38 6 4 27 2 35 37 44 29 11 33 47 41
24 33 31 25 4 14 6 35 17 1 40 12 45 39 10 19 48 21 28 15 50 43 47 36 2
38 19 50 18 20 47 34 46 13 7 44 12 15 17 14 43 24 48 42 5 10 8 37 32 40 22 36 26 29 35 28 41 9 33 49 25 6 31 11
2 35 40
6 28 36 29 26 34 31
33 34 20 45 9 40 8 7 22 17 36 13 3 19 46 29 11 24 31 18 48 10 39 23 32 43 2 42 30 15 1 12 28 27
39 28 41 22 45 15 31 7 29 9 3 43 46 8 17 2 42 20 27 25 37 44 16 33 48 21 49 24 40 35 30 50 32 39 34 26 36 18 11 14
48 29 20 44 28 16 34 38 6 30 49 32 1 2 47 9 12 46 23 18 36 11 26 27 7 35 19 4 15 24 41 14 21 31 37 17 50 39 22 33 13 40 3 25 48 8 5 43 10
16 8 50 7 22 27 38 47 10 29 19 25 24 15 32 13 49
50 28 30 19 33 47 2 39 17 20 12 23 27 35 11 24 38 26 43 34 41 22 50 15 32 18 36 40 7 29 46 21 45 10 8 13 42 16 3 48 37 5 6 1 4 9 44 25 14 31 49
38 24 8 36 46 17 26 14 5 18 39 2 28 11 4 22 40 6 35 10 15 50 34 38 1 32 37 49 16 7 45 29 48 13 19 21 42 41 30
37 23 20 36 33 25 16 5 50 30 22 46 1 24 18 44 45 32 17 19 2 8 49 10 48 43 28 11 39 27 21 12 47 9 34 14 41 6
42 6 29 25 11 48 39 44 7 24 5 16 36 50 38 45 31 22 46 19 1 27 3 15 33 13 20 49 14 40 23 30 28 2 10 35 21 17 26 41 37 47 18
31 28 13 10 19 8 20 34 7 40 43 29 37 27 36 44 22 3 42 46 5 15 45 12 11 47 41 24 33 30 2 38
14 9 48 28 5 49 1 43 19 27 44 50 30 22 36
14 22 29 8 2 37 32 44 1 7 31 30 13 49 11
31 1 36 6 14 24 48 25 33 34 17 19 16 35 3 30 42 45 29 12 47 39 23 27 44 50 5 15 9 26 49 13
19 23 50 13 17 41 22 32 43 1 2 33 7 39 24 35 20 31 5 15
35 48 3 49 41 38 29 35 43 32 19 50 16 25 9 10 47 21 28 42 1 37 4 46 23 36 39 12 45 20 40 34 13 14 33 44
29 19 14 36 11 37 48 45 9 20 26 42 47 22 34 35 46 49 24 12 3 10 33 25 39 29 31 8 23 1
23 5 2 29 18 47 22 7 40 21 10 27 11 39 46 31 34 37 36 1 23 6 38 41
34 40 16 24 14 19 37 38 33 8 34 31 1 48 26 44 29 42 15 11 35 17 28 23 13 32 21 27 46 50 30 36 4 43 6
31 16 42 19 7 12 50 47 30 39 24 38 40 48 41 33 34 43 27 17 31 23 28 46 3 5 4 21 8 45 35 6
1 5
40 42 37 23 33 24 31 1 48 5 18 19 3 39 40 36 30 44 4 35 41 28 2 17 27 15 11 7 9 20 46 26 22 38 8 29 14 43 21 32 49
11 16 11 41 7 29 25 42 15 48 27 38
2 15 7
21 34 7 38 18 15 44 23 4 9 6 24 21 28 11 26 33 31 36 16 48 14
39 6 43 48 10 17 22 28 15 49 31 44 14 1 26 4 9 35 3 23 36 8 27 46 18 30 13 32 2 42 21 19 20 50 41 47 40 24 25 11
15 20 30 13 45 34 10 50 44 2 43 12 49 40 19 6
17 41 13 3 31 18 48 50 9 36 25 17 10 19 14 20 15 30
5 2 32 27 31 42
19 37 20 26 3 7 11 43 28 10 13 5 46 15 27 17 29 42 19 6
1 40
9 3 9 49 44 41 47 36 39 26
18 3 16 35 10 40 15 24 13 50 23 46 11 8 1 20 43 14 45
27 35 2 48 37 13 41 26 38 43 42 18 20 28 15 30 46 5 7 33 21 49 11 9 27 8 39 23
44 28 5 19 21 11 7 16 26 23 29 8 47 1 40 14 4 12 45 13 32 15 6 36 18 25 33 22 37 35 48 50 38 10 44 3 27 30 42 43 34 24 31 46 2
50 23 47 50 30 14 40 7 17 26 24 49 21 11 5 19 25 37 43 32 41 2 1 4 9 39 28 16 33 31 13 29 6 22 15 12 3 20 42 8 10 45 48 44 46 36 34 38 35 18 27
11 39 24 23 21 7 6 34 3 30 10 29
29 6 5 45 23 17 43 42 31 48 40 41 46 20 44 10 33 49 1 15 19 36 50 32 21 11 37 34 26 4
18 35 38 33 49 30 26 4 6 46 42 16 45 7 39 13 34 10 31
39 12 50 7 29 35 23 28 32 1 19 4 24 40 26 22 14 49 39 21 3 8 18 42 20 45 10 33 36 16 47 9 11 13 41 15 5 2 6 30
12 35 32 8 23 28 20 38 10 39 43 6 30
18 33 43 9 42 35 10 29 31 23 21 18 48 14 49 3 45 19 7
24 12 22 15 35 25 43 26 1 30 37 7 39 46 20 27 38 6 28 10 44 49 45 21 36
34 1 36 16 17 30 25 18 38 50 29 20 35 31 42 12 43 21 49 24 45 14 26 8 19 32 41 28 10 39 34 47 15 3 22
30 40 50 10 23 29 15 36 24 41 31 43 42 33 39 8 37 4 27 22 2 12 48 30 3 7 1 46 38 5 34
41 36 18 14 40 7 32 46 43 37 13 23 16 5 1 22 28 49 25 20 45 12 6 19 34 26 3 38 35 30 47 41 2 21 39 4 15 33 48 44 27 9
0
19 18 31 2 11 30 47 49 25 9 42 33 6 38 40 36 14 4 17 41
4 9 2 25 28
