50 15
40 24 32 6 26 37 34 28 18 29 10 39 23 3 31 17 35 19 16 20 30 8 2 11 33 4 21 9 40 7 25 36 27 12 14 13 1 22 15 38 5
40 23 31 22 34 17 16 35 4 19 29 40 10 11 9 7 12 33 39 8 3 6 27 13 32 24 26 30 14 18 5 36 15 20 28 37 21 25 2 1 38
40 31 23 39 12 29 17 25 36 19 14 2 3 9 40 38 5 7 8 21 15 4 33 35 27 32 13 37 22 11 24 6 20 30 28 18 34 1 10 26 16
40 7 28 38 3 14 32 27 23 20 40 16 2 18 35 8 9 36 6 29 22 4 26 21 11 33 5 37 10 15 25 17 13 19 31 24 30 39 34 1 12
40 22 8 17 24 28 26 13 11 19 27 3 35 16 6 32 33 4 18 30 38 12 20 31 9 37 10 36 25 23 14 29 39 2 15 40 7 1 5 21 34
10 48 50 44 41 47 43 46 42 45 49
40 24 15 1 12 3 22 38 21 13 23 26 10 6 37 16 36 33 32 17 18 14 28 34 40 4 9 35 7 19 27 25 20 5 39 11 8 31 29 30 2
10 41 42 43 50 44 49 46 45 48 47
10 49 47 45 46 43 50 42 44 41 48
40 24 14 2 11 16 37 23 8 28 25 3 1 13 12 19 36 30 27 9 39 33 5 10 34 15 17 31 18 32 22 29 26 4 40 38 20 6 35 21 7
40 3 27 16 4 22 6 5 1 13 2 31 36 25 9 17 34 40 20 33 8 23 19 37 11 10 30 21 15 18 35 7 12 38 14 28 26 29 39 32 24
40 35 36 11 28 38 1 14 25 32 22 17 10 3 7 2 21 6 34 39 5 19 13 26 29 12 30 15 24 33 23 27 8 18 4 40 20 31 16 9 37
40 22 24 19 4 20 10 34 31 35 7 15 6 23 12 1 32 33 29 21 18 17 5 3 8 14 37 13 11 27 25 9 40 28 38 30 16 39 2 36 26
10 50 42 44 41 45 46 43 48 49 47
40 7 15 1 33 35 9 12 2 37 40 36 5 19 8 20 31 11 14 23 34 13 24 3 6 29 10 39 16 30 22 26 27 21 4 18 38 32 28 25 17
40 27 29 22 3 28 7 20 30 35 2 33 24 12 37 40 6 11 4 38 36 26 32 14 18 17 8 25 34 21 23 16 19 9 13 1 10 39 5 31 15
40 35 30 24 7 8 12 3 5 25 11 36 18 29 33 31 2 4 19 22 32 15 16 10 21 6 1 34 13 28 9 27 39 20 40 14 17 37 26 23 38
40 4 6 21 24 36 2 5 26 23 38 13 22 20 16 32 14 9 18 7 12 3 25 39 30 31 27 33 15 37 1 19 35 34 17 28 29 40 10 11 8
10 48 45 49 41 42 47 46 43 44 50
10 49 44 46 43 48 42 45 50 41 47
40 10 8 33 22 38 1 12 3 16 37 20 34 17 15 25 24 32 7 5 27 31 18 6 26 21 19 35 23 4 28 9 36 2 13 14 30 29 39 11 40
10 50 48 41 49 43 47 44 42 45 46
10 41 48 43 46 42 49 44 45 47 50
40 35 1 24 36 37 8 27 7 3 11 34 9 23 39 33 15 28 22 5 31 6 16 2 12 18 4 40 29 19 32 26 21 14 20 13 38 30 10 25 17
10 44 47 48 42 50 45 43 46 41 49
10 44 49 48 50 42 41 45 46 47 43
40 22 12 30 13 39 11 1 23 27 32 40 35 21 15 2 20 18 29 19 28 17 31 33 7 26 4 3 34 9 10 25 16 24 37 8 36 14 38 6 5
40 33 34 14 19 12 4 2 21 37 11 31 36 22 35 30 38 27 17 39 28 18 8 5 1 25 10 6 7 24 15 26 16 9 40 23 29 32 13 20 3
40 17 24 32 37 2 26 27 29 25 34 7 8 35 28 33 38 10 20 15 3 5 11 4 14 30 18 19 16 31 13 23 21 6 12 22 9 36 40 1 39
40 37 6 3 36 38 32 29 17 40 5 12 18 35 21 19 4 13 8 33 34 2 14 25 16 11 27 39 28 7 9 10 15 24 30 31 23 26 1 22 20
40 24 23 36 29 39 20 25 1 13 26 40 34 9 27 35 32 22 37 18 33 15 4 10 11 28 21 5 8 3 38 30 6 16 12 2 19 7 14 17 31
40 26 5 39 8 9 11 31 25 30 14 34 15 29 23 16 40 37 27 19 7 3 1 6 32 33 22 17 35 18 12 13 24 28 36 2 20 38 4 10 21
40 29 26 31 27 25 37 28 12 30 17 15 5 33 11 23 24 10 20 34 3 4 36 22 13 39 38 35 40 2 32 7 1 21 9 18 6 8 16 19 14
40 1 29 22 18 9 26 17 28 8 13 14 2 19 38 31 7 5 24 11 30 10 37 36 6 34 32 21 33 4 39 12 3 23 25 40 27 35 20 15 16
40 37 20 19 36 1 33 15 25 8 23 26 11 7 16 34 29 12 2 9 21 30 3 39 32 17 40 24 31 35 10 5 38 28 14 18 13 22 6 4 27
40 9 23 34 28 16 31 14 25 37 36 2 38 5 13 30 40 3 24 10 8 22 27 1 39 19 17 33 11 6 4 35 12 21 20 26 15 18 32 7 29
40 17 3 35 32 34 40 24 26 28 13 22 19 20 14 23 6 21 4 36 37 27 11 25 31 18 12 5 38 30 29 10 8 39 16 1 9 7 15 2 33
40 10 29 7 8 37 5 6 3 32 1 17 33 36 11 39 19 22 20 27 18 23 9 30 2 25 26 16 12 21 28 24 35 14 4 13 34 15 40 38 31
40 14 16 10 11 30 23 37 6 39 18 38 1 12 29 21 8 26 3 15 20 32 31 24 34 2 27 28 33 36 19 9 40 22 5 25 17 35 4 7 13
40 6 27 22 34 13 36 16 24 29 10 3 32 8 11 39 20 7 9 19 2 25 28 37 40 12 18 35 26 23 33 1 17 31 14 4 5 21 38 15 30
40 23 12 32 5 1 16 34 3 33 36 37 25 7 19 35 28 10 29 39 38 40 21 9 27 30 4 15 20 8 22 11 13 31 26 6 18 17 2 14 24
10 50 43 48 42 49 44 45 41 47 46
40 3 19 13 36 11 2 40 5 30 25 35 27 23 24 15 21 34 9 14 7 38 22 26 33 20 32 28 16 12 39 4 18 1 8 37 29 17 10 6 31
40 25 38 37 11 28 12 14 13 32 17 4 5 23 24 6 21 15 39 34 9 36 3 2 10 40 31 33 18 19 35 8 22 27 20 1 30 7 29 26 16
40 9 39 34 38 21 25 11 26 10 1 16 2 40 33 36 7 3 31 35 27 30 6 5 8 28 19 15 32 37 12 20 18 23 4 29 22 17 24 13 14
40 7 4 3 11 28 15 30 9 13 34 39 29 18 27 19 17 31 33 8 23 12 25 20 16 2 10 32 35 5 37 38 26 21 40 6 22 24 14 1 36
40 5 21 34 12 25 28 35 3 6 30 23 37 32 26 22 11 19 24 38 18 29 33 10 14 8 13 36 7 2 1 27 39 31 40 16 17 4 20 15 9
40 11 4 19 37 5 9 33 13 32 39 7 17 34 14 22 30 1 38 20 21 10 15 2 27 26 8 35 12 28 40 31 6 16 29 3 36 24 23 18 25
40 38 20 28 34 6 19 12 5 40 11 7 9 16 39 26 32 30 17 37 36 8 25 1 29 13 18 15 3 2 31 4 23 10 35 24 21 22 27 14 33
40 18 28 27 11 23 7 32 31 22 26 13 16 34 38 6 10 1 8 39 29 3 37 40 19 9 25 21 20 35 14 24 17 2 15 30 36 33 5 4 12
14 29 35 20 21 36 26 25 39 13 30 12 4 40 11
6 18 13 17 5 23 38
35 1 8 21 12 33 7 34 31 44 41 6 50 48 11 35 27 15 4 2 19 13 47 16 22 30 14 46 40 26 37 23 17 42 32 38
41 23 35 49 36 30 38 40 1 18 20 32 37 8 22 6 43 24 28 7 42 34 19 14 44 45 5 2 26 10 39 4 46 47 31 16 50 17 15 9 29 27
39 22 26 16 32 15 43 24 40 44 50 20 23 29 13 18 14 27 17 38 33 48 42 5 3 28 11 49 47 7 36 25 4 39 30 21 31 8 2 9
7 2 16 36 4 35 17 27
7 34 25 5 35 45 26 1
43 1 2 3 4 5 6 7 8 9 10 11 12 13 14 15 16 17 18 19 20 21 22 23 24 25 26 27 28 29 30 31 32 33 34 35 36 37 38 39 40 43 44 49
45 1 2 3 4 5 6 7 8 9 10 11 12 13 14 15 16 17 18 19 20 21 22 23 24 25 26 27 28 29 30 31 32 33 34 35 36 37 38 39 40 43 45 46 47 48
43 1 2 3 4 5 6 7 8 9 10 11 12 13 14 15 16 17 18 19 20 21 22 23 24 25 26 27 28 29 30 31 32 33 34 35 36 37 38 39 40 42 45 46
42 1 2 3 4 5 6 7 8 9 10 11 12 13 14 15 16 17 18 19 20 21 22 23 24 25 26 27 28 29 30 31 32 33 34 35 36 37 38 39 40 47 48
46 1 2 3 4 5 6 7 8 9 10 11 12 13 14 15 16 17 18 19 20 21 22 23 24 25 26 27 28 29 30 31 32 33 34 35 36 37 38 39 40 42 43 45 46 47 48
44 1 2 3 4 5 6 7 8 9 10 11 12 13 14 15 16 17 18 19 20 21 22 23 24 25 26 27 28 29 30 31 32 33 34 35 36 37 38 39 40 42 43 44 45
44 1 2 3 4 5 6 7 8 9 10 11 12 13 14 15 16 17 18 19 20 21 22 23 24 25 26 27 28 29 30 31 32 33 34 35 36 37 38 39 40 42 43 47 50
47 1 2 3 4 5 6 7 8 9 10 11 12 13 14 15 16 17 18 19 20 21 22 23 24 25 26 27 28 29 30 31 32 33 34 35 36 37 38 39 40 41 42 44 45 46 47 50
