80 20
77 65 7 39 44 80 57 59 47 5 37 18 68 1 11 41 17 4 10 56 3 54 23 64 58 28 43 8 16 35 22 70 33 6 75 51 15 25 60 67 79 13 53 72 29 2 20 34 30 77 62 24 42 32 19 40 71 73 21 50 9 48 61 76 14 52 31 55 63 74 45 49 46 78 36 27 38 69
42 78 8 2 63 79 20 71 21 19 55 68 52 4 67 66 64 60 16 24 47 57 9 25 32 41 23 43 10 35 49 12 27 34 76 22 28 39 36 26 42 14 61
21 63 39 3 6 54 71 78 1 12 18 32 33 31 8 40 38 19 45 10 50 44
9 8 22 40 38 62 10 66 59 2
31 12 70 5 9 58 31 76 69 41 80 38 29 3 10 8 11 53 7 67 66 52 47 54 16 79 1 21 18 35 15 14
62 77 19 45 42 11 60 55 68 14 17 61 43 49 76 80 21 16 2 50 29 63 33 35 8 75 30 18 74 13 66 26 10 34 71 58 27 78 39 46 25 53 47 64 1 5 23 62 6 32 4 52 20 56 54 3 48 28 67 40 15 69 9
59 18 41 20 44 53 21 11 1 38 50 12 34 42 10 46 22 61 51 39 78 65 60 59 24 15 27 62 31 63 71 6 2 74 80 5 49 3 28 70 58 32 13 54 4 48 23 36 56 69 57 47 25 16 67 14 33 30 29 37
62 44 67 12 80 39 34 58 24 71 45 8 62 64 5 65 73 11 79 46 35 74 72 57 21 37 63 70 2 61 10 31 25 1 48 36 18 68 7 42 54 59 66 49 53 4 77 50 55 29 6 60 26 28 13 14 76 51 38 32 27 30 15
34 26 36 27 64 40 62 73 50 76 25 4 67 70 21 7 78 72 59 2 68 34 29 41 30 46 1 20 18 12 17 10 6 53 23
3 31 45 12
9 71 51 12 48 19 63 78 25 70
2 8 62
17 67 2 66 42 77 79 28 44 47 3 65 22 53 29 35 23 75
23 72 70 63 71 8 42 53 77 78 1 64 44 49 45 15 7 80 51 5 14 67 25 75
17 20 14 44 67 50 8 10 27 65 48 42 2 23 21 63 17 9
5 37 55 6 17 29
6 22 54 26 58 55 16
25 46 32 34 1 28 51 37 47 42 50 70 12 45 26 53 2 36 30 55 14 15 65 31 77 38
47 69 55 6 9 33 51 18 21 36 68 79 73 23 15 25 26 45 40 14 7 5 28 67 34 22 75 71 50 10 61 32 35 1 52 54 12 47 16 19 41 60 49 43 76 13 58 11
27 65 36 58 8 37 55 4 39 59 43 29 17 45 9 71 61 73 49 72 66 1 7 25 50 64 3 30
27 78 45 12 33 28 16 3 5 49 39 7 17 67 71 30 20 2 13 10 74 23 26 40 56 42 6 1
14 37 72 53 54 52 30 5 38 64 14 16 40 50 20
5 42 70 11 32 4
55 12 11 9 41 15 58 5 32 35 65 47 68 39 74 57 55 73 30 70 76 1 50 19 2 33 71 72 21 17 23 20 13 46 40 26 37 31 18 49 25 56 22 43 54 52 3 63 48 8 79 62 78 75 61 66
53 14 3 63 74 46 75 13 49 47 57 78 6 70 80 45 59 33 68 12 36 62 71 26 32 43 52 8 34 37 72 51 39 44 53 4 40 24 77 11 28 38 65 5 55 7 2 41 16 29 69 15 17 60
35 33 13 78 44 30 79 42 29 36 52 3 39 50 15 57 59 80 2 7 32 51 61 74 70 68 63 8 47 56 14 22 34 24 48 12
12 51 44 15 66 65 70 6 59 2 25 57 56
37 32 47 73 36 38 58 8 16 33 27 15 56 52 50 11 46 54 62 3 53 63 19 49 44 24 75 21 20 37 10 7 64 74 72 65 12 48
72 6 24 61 44 30 28 58 13 31 57 20 52 2 42 41 47 51 22 7 65 16 74 34 36 73 23 8 60 5 29 11 26 75 43 33 1 70 76 72 69 53 27 18 77 21 56 15 19 48 68 45 54 9 71 14 50 78 63 37 25 67 66 39 12 59 3 17 46 79 40 32 64
50 67 29 42 61 7 69 12 41 44 6 62 46 74 68 30 17 77 32 5 22 54 36 23 73 34 20 4 57 75 58 49 70 51 18 14 15 19 78 55 39 52 13 26 60 80 38 25 16 11 9
63 59 55 73 47 71 37 10 27 30 2 8 12 76 43 78 35 51 9 36 57 48 72 26 77 74 16 45 15 29 22 39 14 5 41 80 17 53 13 11 7 61 40 34 42 21 75 25 67 24 1 65 4 50 23 69 54 31 58 3 56 33 52 79
24 36 64 15 44 46 51 39 22 23 37 10 58 75 19 31 68 71 59 33 53 13 11 73 5
29 57 36 67 19 65 22 39 18 51 20 37 10 6 43 44 74 23 48 54 62 4 5 38 8 79 12 78 17 58
27 19 7 23 42 8 35 79 22 70 12 5 30 58 13 25 73 40 67 31 51 14 27 26 63 36 56 74
6 17 3 53 32 48 25
25 74 19 51 6 23 10 33 37 11 49 28 59 13 25 4 52 70 53 55 80 24 44 65 50 18
42 69 41 74 80 76 79 29 51 36 64 63 37 18 77 17 33 5 38 1 27 68 24 66 8 45 30 9 46 2 50 75 3 73 59 39 47 49 70 13 6 57 71
58 57 47 39 77 40 44 50 29 19 80 48 15 79 20 59 31 69 53 58 36 27 6 16 1 17 33 51 71 55 41 5 14 72 22 34 28 52 37 46 66 7 13 76 25 18 56 62 64 68 30 3 2 67 42 9 21 35 26
43 13 48 31 68 42 9 52 29 25 3 21 30 44 55 59 75 7 26 71 32 35 69 19 23 22 27 78 12 72 43 61 77 60 74 16 11 34 15 64 58 70 46 17
4 56 59 6 7
27 28 48 2 22 53 69 63 15 34 60 67 76 78 36 31 50 16 13 41 57 39 27 9 70 10 29 75
48 71 15 64 51 23 27 22 14 25 4 65 35 77 20 52 1 61 57 54 26 78 68 34 66 58 7 12 19 36 29 60 11 42 45 59 43 17 67 24 75 9 16 76 13 6 40 53 31
65 6 38 33 15 51 16 19 13 17 76 50 32 57 24 58 5 55 28 29 9 54 22 14 78 42 68 66 47 52 27 36 77 71 79 69 39 61 31 18 21 65 64 34 43 44 10 59 53 62 3 67 11 4 37 60 7 70 30 63 20 8 25 80 41 75
47 48 35 58 46 74 50 44 59 6 34 17 42 32 9 4 40 52 65 18 61 41 47 29 73 68 8 31 77 3 22 60 55 53 21 70 24 27 7 11 5 43 36 2 15 1 72 26
57 37 16 47 2 4 59 69 62 19 17 74 72 14 60 6 36 9 12 29 56 28 7 15 79 71 30 46 18 3 49 41 73 8 75 53 22 63 34 40 55 48 13 54 23 80 76 21 44 66 27 64 32 78 24 65 39 67
16 40 37 41 18 8 70 63 66 43 2 29 52 62 12 32 21
30 54 36 57 31 7 9 27 53 8 77 28 59 75 55 49 15 34 6 32 68 29 21 62 66 37 18 43 45 4 63
77 3 7 18 24 80 56 13 4 28 36 60 53 44 14 1 51 45 32 10 40 26 63 71 76 55 16 43 15 62 2 35 79 46 49 78 23 70 37 21 30 72 22 12 75 5 58 38 42 6 77 33 9 67 19 48 31 59 65 74 64 41 20 27 17 57 34 8 47 54 73 39 25 29 69 11 68 61
22 20 54 43 55 77 73 66 41 7 70 21 45 62 37 60 9 14 19 16 42 12 38
2 25 49
80 32 80 37 63 53 51 33 46 69 14 45 25 75 50 77 61 66 56 6 38 15 22 43 27 79 1 19 5 2 39 64 49 76 52 23 42 59 78 71 67 60 40 36 13 20 21 47 70 16 65 8 18 10 31 24 4 12 3 68 11 29 62 30 54 26 57 28 72 9 74 7 44 41 58 34 73 48 55 35 17
11 9 3 5 58 22 30 37 70 59 77 71
47 11 55 15 78 60 29 61 67 71 37 65 51 46 8 44 54 7 64 32 30 53 49 34 38 12 28 19 74 80 16 59 36 47 13 31 66 22 68 41 3 4 45 2 9 27 18 72
63 50 25 55 51 46 8 59 78 10 2 45 73 38 29 44 43 31 53 24 71 15 13 12 17 20 77 9 16 22 21 52 75 79 19 47 57 3 69 54 40 41 60 5 66 62 61 37 4 27 39 35 74 11 64 30 26 70 49 23 63 1 48 68
9 63 22 58 13 53 48 20 42 73
16 67 79 26 13 25 37 9 54 50 1 71 14 60 4 46 20
76 57 5 11 18 17 22 60 49 65 28 78 15 76 25 51 58 13 21 30 26 79 29 52 38 9 45 50 20 14 27 63 53 43 34 56 24 37 61 6 3 40 67 66 62 8 1 41 73 46 10 39 2 80 33 70 7 71 75 23 32 31 36 4 69 35 72 74 19 42 54 55 12 64 77 68 44
53 62 2 61 30 74 22 15 41 35 52 9 4 33 21 25 73 57 63 29 26 54 24 40 50 14 39 56 31 7 20 10 65 42 60 64 36 5 72 71 44 27 53 13 3 11 8 68 28 80 55 49 12 37
43 53 75 77 20 13 73 34 7 41 28 43 58 35 70 10 33 74 42 11 24 52 63 2 55 46 68 27 45 47 14 36 5 60 67 23 49 37 39 15 56 8 62 12
44 66 33 41 24 61 57 13 16 6 76 46 27 2 72 71 34 37 11 77 26 21 49 25 3 64 39 9 59 35 54 10 45 75 23 15 32 63 60 4 68 62 52 58 1
6 32 67 27 71 30 52
70 77 72 10 54 26 12 25 55 2 16 1 74 62 9 23 48 80 40 56 67 6 58 37 30 49 78 3 29 76 59 47 33 45 44 4 18 43 41 65 34 20 53 17 66 60 28 46 69 7 8 71 22 73 32 68 63 61 51 21 57 79 15 64 39 5 11 13 42 38 70
34 75 2 73 28 43 21 26 51 24 77 63 35 30 72 29 57 37 17 40 60 8 4 61 66 68 15 13 48 5 38 34 64 55 32
79 52 9 51 44 79 56 21 58 77 47 11 69 62 31 34 19 3 13 33 8 43 4 76 54 10 71 2 29 35 38 57 55 5 28 50 46 60 64 15 65 72 24 40 70 14 66 20 53 17 41 80 12 30 36 61 27 45 73 1 6 16 49 32 68 25 18 39 74 48 22 59 42 67 26 75 78 63 7 37
44 9 2 23 24 33 74 75 66 41 4 28 78 58 68 29 11 63 42 59 20 19 15 70 52 31 5 47 71 60 6 22 69 27 80 10 1 56 36 49 44 48 34 64 40
27 19 54 72 42 60 10 58 24 17 48 65 78 38 39 56 64 55 63 18 46 40 44 43 30 14 52 51
32 80 53 62 24 2 39 19 40 43 46 10 49 37 66 12 63 1 23 74 3 69 15 25 68 48 32 14 45 20 47 67 4
34 64 19 80 43 65 25 16 37 9 11 63 51 32 58 6 52 77 28 66 23 26 53 56 36 75 46 45 71 4 76 42 27 47 31
14 58 1 9 27 75 25 51 65 55 23 41 74 68 34
42 33 62 12 4 43 1 52 67 73 72 53 7 18 5 6 26 40 11 25 48 55 71 80 56 47 50 74 27 29 51 10 41 65 13 57 35 38 16 79 22 17 14
40 61 30 75 46 28 34 56 9 68 38 65 15 20 2 51 1 72 80 3 52 11 71 42 26 49 23 54 41 45 59 5 6 8 57 24 18 64 19 13 14
38 23 46 65 39 27 53 55 31 15 38 52 21 33 13 44 60 51 42 57 10 73 49 22 34 30 17 4 11 37 80 5 74 18 77 76 12 7 64
22 6 47 45 39 77 49 72 13 56 75 60 70 44 5 11 19 69 23 20 31 15 25
69 51 21 8 52 54 32 23 75 16 77 28 70 3 17 56 34 18 62 36 35 79 6 39 71 80 45 41 1 20 59 73 19 60 27 26 57 55 9 40 44 46 53 63 24 12 61 22 49 33 72 14 68 29 43 38 11 74 37 31 4 66 47 13 58 78 10 25 76 64
42 53 80 51 15 71 69 57 16 45 10 73 56 49 17 68 50 33 6 5 79 13 24 26 2 21 12 36 37 14 58 60 61 65 43 19 67 29 9 78 46 77 8
43 12 4 70 2 55 31 77 15 58 71 21 28 38 49 11 9 17 40 36 7 51 73 35 14 44 29 6 75 62 76 23 72 47 33 25 43 20 80 64 78 59 60 69
68 58 32 76 17 64 8 28 12 23 20 48 4 9 24 38 74 44 25 11 30 54 45 1 16 50 2 52 69 39 14 60 75 42 53 66 31 35 77 80 5 46 15 79 21 34 33 63 73 40 41 10 51 71 18 6 29 78 43 65 19 22 68 27 62 49 26 36 47
66 47 43 63 8 22 5 21 66 15 61 80 16 62 57 33 1 74 53 50 28 23 71 9 38 26 73 10 48 11 17 58 55 70 29 51 76 31 79 39 60 30 67 45 40 75 46 42 2 56 35 32 14 34 36 3 4 24 69 37 41 18 12 77 65 72 52
79 62 63 17 73 44 35 64 47 11 13 37 78 80 51 19 23 53 28 12 59 29 40 9 74 68 14 79 6 61 36 54 31 20 57 56 15 18 50 5 39 58 3 24 10 48 75 46 22 1 16 30 25 33 49 8 52 43 21 66 7 69 76 67 77 55 27 42 70 72 41 32 2 4 45 26 60 38 34 65
1 70
79 51 18 64 12 40 24 16 54 15 28 47 29 36 59 73 33 6 57 56 53 11 7 38 37 32 1 55 46 72 58 60 10 31 2 41 78 25 48 50 26 9 74 5 20 67 19 71 69 43 17 45 14 21 61 70 77 44 63 75 27 79 39 23 22 62 30 65 8 68 35 80 13 4 3 76 66 34 42 49
75 64 34 19 75 27 47 62 28 24 31 48 52 12 2 68 67 70 71 18 1 65 46 15 63 6 25 74 23 37 66 61 36 44 73 7 14 50 26 40 41 20 77 13 10 79 55 45 57 8 51 69 30 43 58 4 3 16 17 60 72 32 22 80 9 33 76 53 29 11 49 39 21 54 56 78
8 10 42 2 58 57 18 74 63
39 20 53 5 40 39 63 49 75 16 43 65 26 52 69 44 54 70 24 12 51 38 41 2 23 77 60 37 25 34 68 1 11 45 32 13 59 50 55 31
73 65 51 1 10 41 19 4 56 58 16 78 23 9 25 50 30 72 68 48 79 38 75 27 43 66 26 11 63 3 18 69 77 32 20 47 40 8 59 24 17 36 35 39 29 5 73 12 64 45 60 76 71 49 7 37 14 44 74 55 28 67 62 2 22 61 46 15 33 13 31 6 70 57
19 29 53 25 3 37 30 7 18 54 79 27 49 78 16 61 58 56 48 59
55 75 76 4 39 10 8 77 80 61 35 9 53 49 23 48 46 58 36 25 18 31 40 38 65 52 78 66 6 79 45 34 73 64 55 19 22 43 51 33 70 71 62 37 12 21 72 11 14 30 41 2 27 56 29 50
29 68 55 43 15 41 54 27 24 1 13 26 44 10 65 30 40 16 62 5 76 51 36 2 49 33 22 63 7 71
11 74 62 46 24 9 55 1 77 63 79 57
19 26 51 63 59 77 3 79 12 69 55 7 32 57 24 28 61 75 33 8
9 18 73 75 25 46 72 80 76 7
76 77 19 57 62 44 67 52 53 46 11 36 56 29 7 51 42 22 60 43 15 28 25 17 18 49 20 31 73 66 68 16 6 45 37 30 4 39 8 24 41 61 65 12 75 27 50 23 14 70 71 58 33 74 40 59 69 79 55 48 9 5 72 54 10 78 38 80 26 21 64 3 13 76 63 32 47
66 78 46 12 37 77 61 35 16 11 15 7 38 51 76 32 62 47 10 29 36 43 54 22 4 39 20 57 53 68 59 72 6 1 21 14 67 33 63 31 8 18 74 34 30 50 58 42 69 27 71 48 41 44 9 60 55 3 17 65 26 25 19 45 70 79 13
9 37 47 38 74 42 58 48 61 53
69 23 61 67 30 75 43 33 37 56 18 40 66 63 79 22 60 16 50 31 4 45 54 80 57 46 64 24 2 69 74 3 78 76 1 42 7 55 12 25 26 51 15 68 11 36 41 59 28 62 52 17 72 65 32 49 5 48 38 27 58 9 8 39 35 44 73 29 10 19
68 3 68 65 49 7 25 28 11 73 6 35 13 69 45 39 12 62 44 33 71 5 79 16 64 37 31 67 47 51 54 41 40 15 55 23 58 36 29 32 61 77 2 34 60 20 9 22 57 43 4 19 30 42 18 59 21 78 46 72 1 76 48 50 75 8 10 74 70
5 37 16 30 22 3
35 4 68 15 76 33 56 12 18 2 74 80 10 25 50 61 9 37 78 60 41 23 59 14 22 1 46 30 67 43 49 47 35 20 27 13
75 54 25 4 26 77 58 55 72 51 43 14 64 75 46 52 16 10 11 15 38 35 61 48 22 34 19 49 60 79 7 42 18 80 13 3 70 37 44 27 6 32 76 24 66 41 67 57 47 62 28 36 29 74 9 20 71 78 2 63 50 5 21 69 39 73 8 65 56 33 1 45 17 59 12 30
57 28 22 31 19 36 50 10 41 18 47 4 74 77 7 48 9 12 75 60 20 33 24 17 30 76 25 39 15 59 66 52 46 32 16 6 70 40 78 1 23 51 65 38 62 45 55 27 42 21 49 64 71 72 13 8 5 14
