80 20
77 72 25 3 63 22 18 16 27 29 73 21 11 60 57 50 30 51 45 23 68 10 65 41 5 67 1 9 36 12 26 6 13 44 74 31 14 56 79 33 37 62 59 17 2 64 70 19 15 66 7 76 35 32 40 52 53 49 69 80 78 55 4 54 71 38 47 24 61 28 42 8 34 77 48 39 46 58
12 43 47 22 16 59 53 67 64 46 42 63 37
40 54 38 14 69 64 36 75 72 79 74 11 17 24 42 35 29 32 59 19 44 16 4 52 80 20 15 41 50 43 57 22 68 63 9 10 5 25 51 30 66
75 34 10 12 51 6 27 39 14 2 42 25 28 44 66 76 73 79 65 68 43 36 52 26 71 50 74 47 58 8 19 75 49 4 29 31 60 5 54 63 7 21 57 70 80 18 9 1 11 15 23 59 13 62 37 56 45 69 41 17 24 46 33 35 30 67 16 32 72 3 61 64 55 22 40 78
49 78 1 69 68 62 16 40 21 18 5 39 28 54 7 25 67 76 38 9 52 23 79 12 53 2 63 31 70 80 48 22 11 10 56 26 41 47 15 6 32 35 46 43 65 71 3 64 27 60
68 69 46 6 59 40 1 38 20 42 66 60 25 51 35 72 10 22 36 15 7 73 29 62 54 41 24 75 48 58 16 80 53 52 8 30 56 65 27 32 50 55 4 44 49 76 12 43 34 17 2 79 18 78 3 45 61 28 71 33 74 5 21 47 77 63 19 39 70
15 44 56 42 39 67 74 6 12 8 66 61 11 40 57 55
44 16 61 5 74 32 63 14 51 72 42 49 69 2 11 21 8 4 55 50 62 54 35 52 29 59 71 24 3 76 45 6 12 34 19 33 70 60 80 9 30 56 66 79 65
2 30 37
1 10
46 52 60 37 12 1 51 68 49 38 66 30 44 20 42 8 10 41 7 29 31 16 17 6 26 4 64 57 39 45 21 24 56 32 78 3 74 72 55 33 18 22 63 54 46 62 71
51 3 5 77 35 2 4 48 68 19 49 44 37 10 42 1 58 6 24 65 76 20 21 71 16 62 69 40 12 74 75 30 13 63 47 52 67 15 56 33 34 29 14 22 38 46 80 53 23 78 11 57
13 43 79 37 61 73 50 74 51 42 56 57 54 58
76 54 53 11 37 62 17 7 47 57 66 26 32 65 64 56 36 31 42 39 13 18 60 16 61 71 72 51 58 29 23 63 59 28 14 77 76 21 19 48 45 8 2 55 52 35 30 74 43 44 75 34 78 5 73 33 80 68 46 24 6 41 67 3 1 79 10 12 20 9 15 49 69 27 25 50 22
66 73 71 41 28 5 74 40 1 47 48 59 19 43 33 31 35 67 8 52 11 20 57 53 60 13 61 14 3 76 4 36 17 15 37 12 58 6 44 16 45 38 75 72 42 9 25 54 24 18 30 77 62 80 69 51 63 2 32 78 79 46 7 70 65 23 26
6 70 73 47 72 60 10
5 21 53 40 80 71
55 39 38 29 66 53 42 55 43 2 30 34 56 26 78 3 25 17 45 51 49 62 77 68 44 32 18 58 64 24 7 5 13 36 60 21 73 6 65 10 9 4 37 8 61 23 80 52 63 1 67 19 48 57 12 31
4 18 54 19 33
49 37 55 2 35 54 10 8 77 39 16 14 69 33 72 15 21 13 67 11 43 65 25 68 38 74 28 36 70 61 45 66 48 57 58 41 40 76 27 7 29 59 1 34 31 80 52 32 62 6
20 6 5 1 41 74 10 68 37 52 73 3 11 76 39 70 46 31 23 32 67
60 12 77 8 1 78 73 46 64 13 6 72 15 32 53 60 33 59 20 63 80 75 25 38 74 21 34 65 52 22 66 3 56 23 17 45 48 2 5 7 41 47 69 70 37 42 39 50 76 62 79 68 49 35 30 16 27 9 10 36 61
43 42 51 34 55 40 11 47 37 48 29 45 10 78 77 67 12 79 24 38 56 27 39 6 17 65 3 36 25 59 72 63 68 76 5 60 7 61 35 19 28 41 80 62
49 41 55 12 66 38 13 69 4 17 72 78 52 22 29 1 8 57 79 71 44 21 15 20 19 74 80 62 47 24 59 2 34 53 30 33 31 48 10 51 63 70 43 37 64 26 5 6 40 56
51 53 72 2 77 49 42 36 55 39 38 52 28 73 32 44 67 50 11 29 70 23 27 40 5 3 24 61 15 35 80 79 21 6 46 8 10 12 17 64 58 48 59 19 37 76 16 74 60 62 25 7
57 12 25 53 27 44 35 39 10 24 23 57 63 18 75 13 26 37 33 64 72 73 45 5 51 31 80 16 69 74 6 54 7 14 42 28 50 66 43 60 4 21 48 11 56 46 65 58 41 67 32 62 78 40 71 68 19 61
39 10 18 69 31 74 59 53 65 58 30 76 12 72 3 21 1 68 79 75 11 50 54 16 34 29 38 60 73 37 7 22 57 71 66 14 27 44 33 42
27 15 30 55 28 48 19 54 69 3 51 38 16 11 66 57 61 64 80 76 43 10 29 39 70 4 40 27
27 48 76 19 22 56 10 35 17 23 55 20 2 9 47 70 46 72 38 4 50 8 24 31 3 44 32 80
39 1 69 59 70 54 56 46 50 78 48 61 5 2 49 73 37 66 47 22 36 30 16 80 18 33 31 26 63 23 34 77 17 6 67 20 13 44 3 45
11 44 25 51 73 43 1 19 34 63 50 74
48 65 58 27 64 25 72 8 21 9 6 39 66 71 59 1 31 56 34 35 48 69 19 57 32 44 12 33 43 36 61 20 30 7 52 78 4 54 26 13 73 40 28 10 24 49 62 46 63
44 43 23 64 36 42 26 60 35 38 66 39 29 3 16 49 34 8 48 10 15 28 41 63 30 32 17 40 21 67 65 5 55 11 52 6 44 27 68 57 61 75 73 50 4
80 1 71 42 21 37 13 6 35 80 33 34 31 60 70 79 47 16 57 17 77 46 19 27 22 7 65 15 40 53 18 55 28 75 39 12 26 44 76 52 45 38 8 2 67 72 30 5 51 64 20 62 9 4 36 61 23 59 58 10 63 32 78 74 24 73 3 25 29 66 50 69 49 41 68 56 43 48 11 54 14
40 4 33 24 17 66 50 49 73 68 35 51 10 77 32 14 61 9 52 30 63 67 39 16 76 54 41 7 64 62 47 3 18 46 42 26 5 28 48 80 40
14 29 64 2 37 5 20 79 75 39 51 56 34 50 22
19 66 65 55 51 39 75 71 60 52 41 7 49 72 80 25 34 35 53 77
77 5 77 23 16 9 56 64 53 8 39 30 31 11 75 32 12 60 71 57 48 33 78 50 47 59 3 22 20 52 76 62 7 67 55 4 80 49 41 25 13 66 36 28 70 65 79 24 63 37 44 61 35 54 38 51 34 73 1 45 10 72 69 2 17 27 74 40 29 15 58 14 43 18 19 42 26 6
64 40 9 52 19 41 6 26 12 76 73 66 45 21 46 13 64 70 14 16 20 55 27 78 53 39 43 72 61 11 62 32 36 50 34 8 69 22 2 1 4 38 5 44 60 35 7 47 49 79 75 28 74 10 67 57 37 15 68 42 71 17 18 63 80
46 32 58 53 49 73 4 76 50 36 57 11 69 15 38 56 18 22 77 37 54 43 20 55 70 68 28 23 75 80 3 65 21 5 16 12 41 19 67 47 24 6 27 74 10 60 78
17 80 15 72 43 5 64 13 33 28 21 19 63 45 75 18 78 73
8 80 8 50 61 26 63 31 48
29 25 50 7 22 9 47 23 76 43 26 71 35 17 52 36 62 37 12 66 67 19 15 11 5 78 68 28 63 75
55 77 6 53 37 68 10 36 64 80 55 23 32 59 49 17 43 56 40 47 71 69 42 54 8 1 28 35 52 21 4 46 5 15 38 79 14 70 34 25 67 51 50 31 30 72 74 16 29 76 2 63 18 66 58 26
54 58 47 60 79 67 37 29 80 10 39 53 64 69 59 16 25 38 33 35 72 45 63 18 55 13 19 2 70 21 6 11 34 62 32 31 73 26 15 42 44 24 74 20 8 51 57 9 12 56 28 3 46 76 48
30 77 4 57 28 43 60 19 70 13 45 34 75 21 3 22 30 29 23 48 18 11 32 64 51 20 63 31 61 53 2
41 76 63 29 15 37 2 34 11 30 43 38 50 6 32 49 10 66 40 35 79 53 20 68 47 51 59 54 77 80 48 19 3 13 64 5 25 70 72 60 28 69
78 38 3 16 47 23 76 30 20 32 11 52 79 51 6 48 45 58 68 42 13 59 65 64 61 55 29 54 49 62 66 69 74 73 8 9 43 10 17 39 41 40 5 26 25 70 67 18 27 21 63 35 33 72 60 14 34 57 53 19 22 46 36 2 44 12 1 37 50 31 78 75 15 71 77 80 56 7 28
49 70 14 21 63 16 52 46 50 74 42 28 40 80 30 79 32 25 41 43 54 57 44 71 36 4 19 1 29 27 38 11 37 73 48 9 58 23 60 2 62 68 15 49 33 7 22 51 3 34
58 27 34 51 25 30 45 50 44 3 74 4 10 78 14 42 23 20 66 69 57 29 19 5 72 24 32 39 8 18 35 6 21 26 31 2 41 7 37 47 12 40 54 52 38 11 62 58 49 28 43 9 46 79 16 76 55 71 22
56 71 21 79 62 37 75 49 77 72 60 51 24 10 3 6 2 25 63 74 13 57 14 64 61 12 73 17 52 80 4 32 46 30 42 50 35 33 76 18 55 58 28 31 8 38 43 40 56 36 69 59 65 16 9 20 78
62 11 49 18 15 63 16 4 55 67 40 77 57 33 34 23 46 32 7 52 13 38 45 73 65 61 22 21 26 79 3 47 8 54 25 14 2 56 17 80 44 30 10 66 31 19 9 48 24 70 20 76 72 62 58 12 36 78 51 64 74 5 29
78 66 56 1 5 51 60 40 2 57 9 7 77 16 23 32 79 19 80 67 38 42 4 78 73 46 10 43 25 6 41 71 59 24 11 65 72 33 27 70 58 36 52 37 48 76 26 30 8 34 75 14 69 29 50 49 20 63 12 45 28 13 53 74 61 54 21 62 35 64 47 39 15 22 68 55 18 3 31
31 66 51 40 79 62 15 71 50 65 56 60 34 13 76 61 32 59 17 57 47 1 54 31 72 20 46 30 23 38 75 22
36 39 4 37 30 40 29 24 60 10 2 9 49 41 77 57 3 69 43 1 48 5 12 34 58 44 47 36 80 76 13 22 11 68 50 63 32
80 8 26 76 3 19 78 14 59 40 16 35 47 5 79 33 71 74 18 63 21 48 27 56 28 49 6 75 13 9 64 73 30 62 68 60 52 7 69 72 32 39 15 57 4 10 41 50 38 11 70 1 65 23 22 36 44 43 61 77 66 51 20 53 31 80 58 17 34 45 2 37 46 12 24 67 25 55 42 54 29
69 2 35 32 50 3 64 16 76 29 80 26 68 79 24 48 36 67 10 8 69 20 59 62 51 49 53 66 18 52 34 60 22 47 12 74 14 46 70 41 13 27 78 65 43 31 39 45 72 58 77 42 21 15 33 5 6 40 37 1 9 30 63 38 7 44 55 17 4 73
36 56 39 48 31 21 12 77 51 20 30 53 40 1 45 18 75 65 49 64 36 69 62 17 66 25 79 78 38 44 42 28 68 80 72 70 13
16 46 24 27 44 48 62 56 28 12 3 75 76 68 70 18 73
8 43 35 66 30 33 7 57 56
23 18 19 24 17 43 73 3 32 45 29 39 11 70 5 66 8 41 40 33 27 13 4 50
5 51 24 60 25 19
29 53 23 43 80 60 51 50 42 10 20 24 36 5 21 16 29 19 26 58 66 74 65 68 59 8 27 28 7 9
66 43 38 50 67 7 8 18 79 20 15 74 54 14 2 69 12 52 75 56 13 16 37 55 31 53 23 60 41 9 29 19 22 32 40 27 33 17 21 59 78 61 71 46 39 25 24 45 57 68 70 73 77 44 49 64 51 63 72 1 4 65 48 11 30 80 28
32 38 62 32 9 23 5 2 16 80 40 30 60 69 59 37 1 27 46 78 49 54 48 6 57 15 19 25 33 72 75 47 52
53 78 3 80 26 22 55 1 76 66 13 41 19 14 45 67 34 7 73 58 51 57 48 70 68 46 52 65 75 25 69 74 61 47 42 54 62 50 24 16 6 35 71 44 56 23 18 72 4 27 63 33 79 10
45 44 18 37 80 21 30 55 45 35 41 53 63 47 10 67 50 7 24 66 13 32 60 14 49 6 64 74 19 59 57 51 48 1 15 56 29 34 54 3 31 68 58 73 11 4
73 9 74 49 54 46 71 6 31 61 8 47 12 34 22 58 35 38 17 56 70 66 40 10 36 20 43 79 76 67 68 27 21 42 41 28 69 1 13 15 65 37 23 80 73 50 64 77 25 14 5 19 29 59 52 45 51 32 55 72 60 63 2 26 39 18 78 53 48 44 24 33 7 16
63 20 67 68 9 41 54 40 60 39 61 76 75 15 78 31 65 50 52 4 49 46 8 16 58 24 5 72 27 3 18 62 74 43 22 30 34 79 37 77 19 12 36 32 56 14 71 7 23 48 17 70 42 26 13 33 38 66 6 25 51 55 47 35
11 65 80 28 73 46 22 39 40 61 17 27
11 1 77 23 46 71 76 5 48 75 59 26
5 73 6 27 56 34
63 74 9 2 48 77 24 69 34 45 75 78 42 64 71 68 58 6 3 37 27 18 28 5 47 55 72 35 16 56 53 25 80 70 20 57 26 31 65 7 51 73 59 15 52 44 33 54 30 61 1 17 39 50 4 19 12 38 11 67 79 62 63 40
73 76 46 44 72 9 38 61 67 70 49 16 71 33 57 73 48 27 77 15 32 5 6 1 19 69 4 37 39 12 2 21 28 45 26 43 55 41 74 78 79 20 14 3 11 30 56 66 7 17 65 63 23 59 47 10 60 68 50 53 8 36 31 75 35 80 22 62 54 34 29 25 24 18
24 50 17 43 24 52 2 68 46 7 11 19 1 30 28 57 6 4 48 41 49 59 70 42 79
39 32 55 40 29 45 17 9 47 6 19 56 7 5 54 28 11 15 65 34 78 4 39 35 52 50 67 57 31 38 22 66 79 25 51 60 36 42 48 80
29 17 57 41 32 23 73 61 5 1 8 69 21 22 78 34 58 52 76 45 53 20 65 59 66 63 77 80 71 50
4 80 79 72 69
58 60 41 25 55 69 74 58 40 47 80 28 73 70 75 33 11 14 66 27 63 31 67 23 8 6 39 45 68 42 54 18 48 12 37 16 51 34 22 72 10 77 57 53 44 26 5 59 4 56 15 71 76 24 13 2 43 49 50
6 55 74 62 30 73 28
36 35 13 1 49 54 33 10 30 59 11 2 17 72 19 37 64 14 7 47 52 4 76 6 50 43 75 61 42 16 38 26 20 65 57 41 58
5 72 44 28 12 16
42 42 65 61 20 3 11 55 28 17 22 58 19 25 41 66 80 32 33 12 21 5 53 4 1 18 27 70 76 8 16 56 38 39 49 64 43 23 44 24 48 36 29
30 13 46 28 25 17 43 33 3 15 64 38 39 54 12 23 53 79 74 32 48 21 44 10 7 36 69 62 60 77 19
13 50 36 46 21 42 13 58 80 8 64 66 23 72
2 26 10
74 26 80 31 9 35 73 38 30 50 69 55 5 60 24 25 65 16 27 7 32 39 36 45 67 20 72 22 14 37 58 23 57 68 40 29 1 66 47 44 3 79 70 54 52 74 42 8 2 76 6 15 41 34 71 64 56 62 49 53 18 43 51 21 28 17 19 59 61 13 33 11 10 77 75
12 78 49 4 75 2 37 15 41 13 51 70 11
58 25 14 41 74 48 27 80 21 7 46 4 72 54 69 61 60 2 11 66 23 57 45 62 31 58 16 79 20 63 37 29 43 15 26 35 47 12 42 17 32 18 70 67 53 55 49 10 77 34 24 40 36 50 30 75 73 9 71
42 47 28 57 8 7 11 58 56 38 22 77 61 78 13 66 72 70 51 36 1 12 18 25 16 50 76 46 53 2 26 52 63 64 49 80 48 75 37 30 24 19 59
6 36 6 52 48 22 56
46 51 71 34 69 17 65 37 19 74 10 28 43 55 7 3 29 1 4 72 46 32 30 59 23 13 48 6 57 45 68 77 5 76 20 73 64 18 31 75 79 63 78 14 44 33 16
25 66 43 58 80 4 40 77 6 73 74 12 46 62 44 15 70 14 10 79 5 28 2 23 64 30
26 63 67 6 23 58 69 41 13 35 12 20 7 27 78 26 79 21 17 38 70 71 62 47 61 80 59
20 22 11 69 23 29 62 2 15 70 21 3 17 36 16 64 31 43 71 44 55
9 74 59 64 45 65 68 10 70 51
70 34 66 49 74 29 13 48 41 12 65 46 62 18 40 50 30 20 59 39 23 4 64 72 69 19 14 51 52 22 58 60 75 6 31 57 10 68 11 42 78 76 2 43 45 73 71 8 25 79 56 1 21 27 5 17 7 47 35 24 67 53 15 26 55 3 80 38 61 9 37
26 61 64 59 26 36 72 48 24 45 33 73 34 13 63 77 67 46 20 10 18 68 31 56 22 70 9
21 35 40 28 39 24 23 17 7 33 67 52 70 4 32 60 68 64 74 16 27 80
46 65 43 6 76 36 42 19 23 73 53 4 13 27 15 70 30 35 52 16 59 33 49 78 38 66 80 72 20 11 41 24 58 68 69 3 45 50 28 79 54 64 46 18 77 9 14
