80 20
80 16 4 77 37 71 5 11 49 64 17 32 55 39 33 21 25 3 38 79 27 78 54 8 30 50 14 42 40 53 31 44 69 80 41 68 1 47 63 19 6 70 10 57 76 12 28 52 62 58 26 29 73 9 59 24 15 51 48 43 60 34 36 72 35 22 56 75 23 45 67 46 66 20 13 61 7 65 18 74 2
79 47 60 17 54 29 71 30 72 79 56 13 50 68 9 14 70 48 37 53 18 46 78 67 24 23 11 27 32 25 4 8 63 58 7 19 31 10 41 40 36 65 16 2 76 52 62 73 1 45 21 77 75 44 34 42 5 57 74 26 55 15 12 61 66 80 28 6 39 64 69 3 33 38 22 35 43 51 49 20
80 12 24 76 46 66 64 77 15 34 18 56 2 60 11 51 9 1 74 19 8 47 28 6 49 38 40 62 67 29 80 70 25 7 79 58 35 42 17 39 48 69 53 32 65 4 10 22 21 75 59 55 14 45 50 61 26 52 68 30 43 78 23 54 63 13 3 73 27 71 44 36 37 57 20 16 31 5 72 33 41
4 36 5 23 27
17 54 80 26 22 48 8 14 41 10 61 34 44 64 62 53 57 59
11 42 9 52 54 56 37 2 8 20 57 39
58 22 75 44 43 68 14 31 53 56 40 52 59 61 8 45 77 76 71 15 37 46 35 5 2 6 48 29 65 79 63 70 36 16 42 34 21 9 32 50 49 18 47 51 39 13 11 7 78 17 27 72 20 28 4 54 38 1 73
44 26 6 20 39 38 55 42 14 18 71 13 80 76 4 23 15 28 62 66 60 45 65 56 73 12 77 35 72 16 8 46 33 19 69 75 57 67 21 29 24 68 7 47 58
80 54 10 36 57 23 22 73 5 8 12 71 28 55 4 69 17 40 6 27 47 2 38 48 75 26 61 11 35 60 67 13 1 59 49 33 58 51 24 66 14 32 70 56 68 3 29 30 21 19 65 80 76 78 64 74 77 37 25 52 43 16 53 62 79 41 39 63 42 44 20 34 18 9 46 45 72 15 7 31 50
50 63 37 45 13 29 6 68 61 62 56 41 14 2 15 57 66 48 16 20 19 8 79 55 53 80 21 74 38 26 47 33 64 4 43 24 71 67 34 75 59 73 46 51 65 9 18 39 35 78 5
73 38 49 72 33 66 19 37 1 26 32 80 31 28 45 13 58 10 8 62 6 4 43 68 57 42 20 25 73 27 12 55 74 47 15 40 56 78 24 44 9 35 48 23 41 51 11 77 36 30 52 59 65 46 18 5 63 16 2 70 50 60 71 53 64 76 79 22 17 54 7 75 29 21
79 72 79 22 17 63 1 41 27 4 80 55 76 75 23 31 60 8 39 53 32 38 19 68 47 52 59 37 65 24 40 58 78 18 36 34 67 14 29 61 70 35 33 42 49 16 6 5 46 44 20 57 3 45 48 77 64 74 69 9 73 62 43 56 13 15 51 30 50 10 28 54 26 12 71 66 21 2 11 7
53 2 22 52 3 41 44 26 25 80 10 71 55 69 47 42 70 50 27 16 51 73 77 65 45 4 15 75 32 62 29 38 61 17 37 21 53 76 6 58 48 54 79 12 59 8 13 9 60 1 64 40 23 24
25 20 77 66 15 58 70 69 14 44 3 56 40 7 26 25 55 11 46 59 78 72 27 64 39 74
34 40 8 29 68 15 67 2 59 75 54 25 37 60 17 71 78 74 34 33 46 58 64 65 30 36 61 19 24 57 5 41 4 21 39
12 30 32 22 8 62 33 51 61 73 79 25 21
71 39 44 30 52 4 56 69 32 13 64 18 21 10 24 1 70 57 12 43 41 62 25 36 63 47 22 35 55 78 38 34 75 6 7 14 3 5 15 58 37 26 42 48 76 31 79 29 17 49 2 53 50 8 77 33 54 23 27 60 66 59 45 65 11 28 68 16 51 61 72 19
5 33 55 66 39 61
35 29 33 43 11 52 55 10 12 73 9 69 78 24 41 30 70 39 22 38 62 23 63 28 76 34 51 26 5 42 21 58 77 36 13 25
77 27 79 5 6 71 77 24 70 19 52 28 11 67 47 56 51 73 26 74 60 78 39 49 2 53 16 29 76 20 42 1 66 14 4 38 3 10 75 9 61 57 62 55 33 41 65 23 22 30 35 32 13 12 25 36 31 50 69 64 48 8 40 63 17 18 21 54 43 44 59 15 46 45 7 72 80 34
12 54 55 9 24 56 33 10 57 73 30 12 34
15 41 46 35 18 75 61 51 5 16 13 66 26 71 43 38
27 45 29 4 69 72 78 21 47 38 50 25 52 53 17 57 76 19 62 63 49 28 35 66 32 59 33 74
80 36 50 37 67 39 22 78 20 16 70 12 72 13 25 27 62 34 21 54 48 1 2 6 18 23 3 47 45 61 35 11 60 5 33 59 66 71 4 29 7 19 69 51 53 8 63 43 56 77 74 80 14 10 40 79 15 65 73 28 46 30 31 9 75 44 52 76 68 58 26 42 38 24 17 49 64 32 57 41 55
11 63 73 50 29 60 80 46 57 27 54 69
70 9 7 4 68 72 6 51 8 42 77 43 37 59 79 50 19 55 26 62 2 22 52 61 63 48 25 1 58 12 60 41 24 3 49 29 73 53 35 56 69 46 54 11 28 21 40 66 67 10 13 17 15 45 14 34 23 80 76 71 44 70 32 57 18 5 47 75 33 36 64
6 24 58 75 50 31 27
65 39 20 69 74 15 28 21 67 57 47 36 13 5 29 76 27 10 33 68 45 6 34 71 4 63 78 1 50 14 32 58 65 60 44 70 3 31 77 7 52 61 30 79 22 24 64 43 9 26 54 2 56 12 55 25 23 66 51 41 35 46 11 16 49 18
69 25 17 52 51 2 30 62 46 26 15 76 78 74 21 4 23 27 53 34 38 49 44 66 33 60 54 6 43 5 57 45 31 35 8 59 56 67 41 71 3 39 65 37 80 10 12 19 14 32 11 40 73 58 50 36 79 42 55 70 48 9 13 72 24 29 47 77 64 16
77 60 54 78 8 17 12 22 38 40 26 58 15 6 7 56 32 39 75 37 79 23 43 68 67 34 30 24 53 13 71 1 11 45 49 74 61 18 19 73 50 16 41 42 31 57 48 62 76 47 52 3 27 21 29 63 72 35 51 4 69 64 44 59 65 46 14 33 55 28 10 9 2 36 66 70 20 5
56 59 76 48 46 2 75 3 27 42 57 34 80 13 69 6 50 54 65 38 33 26 16 23 25 45 74 5 51 62 40 20 32 4 22 30 60 73 49 63 24 52 21 67 8 66 10 68 79 19 1 35 56 17 9 47 58
72 50 36 49 5 17 53 25 18 7 9 37 55 38 8 16 64 45 60 13 69 62 2 47 30 66 21 41 73 79 46 61 76 11 75 33 27 31 24 35 44 58 39 19 20 78 70 14 40 68 12 43 51 67 56 34 80 59 63 1 52 22 48 10 32 65 74 57 29 6 28 3 15
66 11 67 26 18 42 2 70 20 63 47 59 40 23 68 10 64 14 4 78 44 56 57 45 77 76 55 32 7 33 80 36 79 60 9 13 49 15 34 46 17 71 39 25 73 62 54 38 48 37 3 21 24 53 75 43 16 50 6 74 35 27 52 12 41 5 30
52 67 25 43 70 12 21 22 62 10 7 68 1 29 35 20 3 30 8 39 47 5 54 53 19 2 13 74 9 65 51 69 61 66 18 57 58 41 73 76 31 75 40 50 32 56 33 15 48 38 59 72 23
53 43 57 18 50 1 12 31 42 59 9 76 10 60 70 75 68 48 6 2 73 53 78 64 25 35 4 61 54 20 38 16 8 47 29 77 17 45 24 74 65 13 52 46 56 28 72 14 30 19 80 23 67 37
46 29 15 16 45 68 21 79 27 5 13 30 35 23 43 57 25 71 44 40 51 75 34 24 80 39 46 4 54 1 58 66 78 74 53 36 14 60 12 33 47 19 77 52 50 18 64
79 24 65 57 16 64 6 46 62 9 12 40 66 20 50 41 23 32 28 49 56 54 25 33 76 78 75 72 26 19 5 1 11 48 61 55 31 71 42 69 77 27 58 60 47 7 29 30 18 43 22 3 35 15 52 44 36 17 45 70 13 37 8 68 34 10 21 38 59 63 14 51 74 53 80 79 67 73 39 4
66 49 69 14 17 63 45 5 50 20 30 21 34 80 2 7 27 60 11 61 71 15 3 52 55 1 4 16 29 24 77 51 18 78 70 47 32 74 41 46 79 23 26 38 44 8 57 39 75 28 12 9 68 43 62 6 36 73 13 72 64 56 31 40 22 37 67
78 76 63 48 3 66 58 39 1 33 59 78 2 8 60 40 12 45 27 36 61 28 17 73 64 41 65 16 13 32 35 74 54 31 38 19 75 68 23 46 50 55 70 57 6 79 5 10 43 29 72 56 15 52 42 20 80 53 51 9 18 47 62 14 26 37 11 77 49 25 22 69 7 44 21 71 67 24 4
58 71 1 2 47 68 48 54 30 25 23 76 15 26 80 77 9 6 58 44 75 19 20 70 73 69 37 22 62 24 41 32 21 11 63 59 14 3 42 72 10 12 46 45 31 28 4 13 78 17 55 5 35 33 43 34 64 57 52
9 45 55 72 32 20 73 64 8 75
25 2 62 12 25 18 35 42 68 72 79 74 21 29 77 1 73 30 60 64 14 50 69 61 51 48
25 68 16 76 19 77 72 30 29 45 80 11 36 43 9 27 12 35 50 51 18 55 57 7 74 23
23 40 72 68 60 80 35 66 63 32 19 55 73 33 8 9 57 49 4 22 61 56 1 44
57 5 31 76 52 14 79 7 6 53 35 77 66 57 43 36 3 62 4 40 45 48 56 63 61 38 26 10 34 71 33 28 50 47 51 75 12 17 55 42 72 60 29 22 21 65 9 68 13 1 19 64 73 37 67 41 44 32
61 15 6 13 72 79 11 32 29 10 16 21 14 68 24 51 59 9 33 73 50 5 41 61 60 80 20 54 3 39 37 76 7 77 1 75 26 31 35 52 34 46 25 66 74 65 47 43 36 62 30 49 12 19 56 57 8 70 45 53 67 63
64 56 29 1 55 72 62 25 45 60 67 69 68 9 42 50 22 12 40 5 71 51 15 13 14 27 21 3 80 79 54 64 33 2 20 70 11 74 52 61 41 77 39 57 37 34 47 75 58 53 78 4 31 8 76 35 65 73 63 24 16 59 38 30 17
61 34 14 59 49 55 65 47 4 69 23 38 57 19 25 8 71 7 75 6 45 72 67 52 27 30 20 24 51 58 13 68 54 26 61 60 22 17 9 21 64 31 32 50 18 12 35 36 41 63 74 5 53 1 39 3 48 44 42 78 70 77
23 15 77 23 25 19 5 28 46 76 67 33 50 45 14 56 34 7 59 8 6 11 36 20
12 46 44 57 41 7 78 79 8 25 51 50 12
7 59 80 72 2 9 66 68
12 79 4 64 67 63 32 13 11 26 20 22 61
24 16 73 46 68 9 26 44 41 54 32 80 5 4 6 2 20 65 66 70 35 60 36 39 78
52 77 24 21 42 18 6 29 69 54 25 4 15 73 62 59 33 44 20 67 38 30 45 64 35 14 72 41 46 47 1 71 7 8 32 37 2 56 9 65 27 55 76 80 63 48 11 16 10 28 61 36 68
45 37 10 36 47 26 39 65 68 48 5 80 51 21 55 9 2 23 31 22 38 45 78 62 56 25 61 79 67 11 35 20 40 75 41 7 29 58 17 46 74 70 63 28 77 16
43 70 4 76 9 35 52 41 30 40 58 61 8 49 13 59 31 25 22 77 7 23 37 44 3 19 57 27 60 24 18 21 53 6 51 56 63 45 79 5 48 43 14 12
44 41 15 50 78 57 65 61 47 25 76 8 43 62 44 16 51 4 35 38 67 79 54 40 19 37 77 17 80 30 12 1 33 70 20 24 3 31 39 28 68 9 10 48 34
63 38 50 46 52 12 18 57 13 71 32 61 42 35 10 66 29 8 54 79 31 51 77 53 49 44 59 2 20 22 41 11 3 62 73 48 15 6 26 80 16 4 33 56 65 39 23 70 47 28 21 5 7 36 24 40 55 63 60 9 64 78 69 30
32 50 9 7 63 60 41 31 15 10 30 38 77 56 39 40 68 64 76 6 35 2 28 21 45 32 29 73 51 27 4 1 22
7 52 64 2 73 75 39 58
17 12 29 30 10 18 77 58 40 8 7 53 62 48 65 11 45 35
76 79 33 34 58 66 35 18 50 17 61 80 78 46 26 77 45 13 36 62 48 69 37 19 52 2 47 39 53 11 16 25 28 55 54 68 30 40 9 4 21 74 20 5 23 10 57 6 3 65 72 67 75 73 51 41 60 59 24 29 63 15 7 76 27 32 64 8 12 14 22 70 42 49 38 31 43
17 19 51 1 58 2 50 28 11 46 41 65 78 59 12 44 62 63
59 69 10 73 35 16 60 45 66 48 72 19 59 32 44 70 9 27 50 49 65 53 25 12 46 54 79 18 8 28 67 30 14 29 43 24 52 55 34 58 22 47 80 7 68 2 78 40 36 11 75 23 37 5 33 13 1 17 74 62
42 76 14 75 47 80 9 46 7 77 66 31 57 12 63 50 30 61 28 78 8 56 23 70 34 48 65 13 10 42 18 62 79 49 26 1 67 69 39 68 71 32 44
69 2 36 77 5 62 11 6 71 31 60 23 25 8 1 40 35 44 14 79 17 75 46 27 42 22 63 57 51 45 68 53 64 19 18 20 26 33 66 28 58 80 21 76 70 72 50 48 30 10 39 55 9 12 74 29 7 56 67 54 24 43 52 37 47 69 61 4 34 78
31 35 65 11 67 60 70 80 59 9 30 49 45 71 21 32 68 63 28 22 37 56 48 39 6 13 47 79 29 7 44 2
2 23 75
1 33
80 60 77 51 28 6 1 23 68 53 2 45 64 57 74 73 7 26 79 67 39 46 37 15 14 71 72 55 3 20 75 49 12 62 54 76 78 22 43 32 69 50 24 4 66 9 59 48 44 17 34 13 29 42 21 16 33 41 35 63 80 10 8 65 25 38 40 70 61 30 58 31 52 18 5 36 27 11 56 47 19
26 52 79 55 71 40 17 65 10 62 36 58 4 80 31 50 57 34 18 48 25 56 24 64 73 77 53
60 13 51 75 4 57 44 78 35 54 67 60 30 79 32 68 47 8 52 61 46 38 48 80 71 42 56 25 55 39 22 20 70 5 9 16 53 6 27 50 12 2 69 76 63 1 43 65 49 24 62 31 29 36 77 21 41 45 26 10 58
62 24 61 72 42 23 30 80 75 57 21 77 53 33 60 32 50 28 6 15 58 10 2 34 8 12 38 40 35 56 65 19 47 79 37 67 29 45 22 16 3 17 43 20 54 26 4 13 11 39 73 36 59 68 18 44 78 49 27 14 9 25 51
52 15 19 76 21 58 80 45 32 28 12 60 37 56 66 8 3 39 48 38 29 30 33 23 78 63 35 14 42 22 57 18 9 50 46 73 49 4 71 20 11 16 64 34 55 70 44 53 51 6 65 27 1
49 65 2 3 70 50 51 36 73 5 74 47 62 29 13 48 9 59 6 17 37 78 32 30 43 53 7 38 71 22 75 12 77 35 42 60 46 63 45 76 8 40 24 80 1 25 54 16 67 31
41 7 56 49 61 69 16 72 47 42 65 44 40 70 21 60 14 43 1 77 54 26 80 5 58 11 79 18 50 24 2 48 9 45 51 38 20 25 59 78 63 31
25 6 58 20 7 75 43 29 76 26 51 10 56 12 36 2 52 44 74 50 66 49 13 4 21 45
30 17 31 16 4 11 55 44 60 51 68 58 65 43 75 15 24 54 40 74 80 42 27 63 62 70 2 3 10 69 33
23 2 36 15 63 40 52 61 37 11 43 9 12 32 21 6 64 49 48 62 24 69 19 70
75 47 64 27 29 38 9 76 48 22 78 60 19 31 59 63 42 49 30 50 73 5 61 11 39 57 35 4 10 54 28 51 77 3 53 80 32 62 71 66 46 58 33 26 44 37 79 2 52 70 14 68 16 45 13 69 56 75 7 36 8 12 41 43 65 21 24 23 15 25 55 34 74 20 67 17
53 30 28 44 55 18 5 77 64 17 47 15 63 8 38 71 6 40 67 52 14 62 54 7 16 27 19 79 36 25 58 29 80 13 59 72 9 21 66 12 26 34 69 42 39 74 70 48 68 11 20 35 22 2
77 65 30 15 79 18 37 80 31 46 23 66 7 17 51 42 27 26 78 68 32 57 69 58 36 47 9 48 3 61 67 11 8 24 72 70 52 74 76 1 45 12 20 35 71 60 19 28 2 73 25 38 63 41 4 54 55 34 22 29 21 59 33 44 64 10 49 56 16 43 75 5 62 40 53 77 39 13
25 54 19 12 36 30 80 32 42 9 39 38 62 68 10 65 8 21 55 41 40 37 3 67 22 43
78 51 4 50 74 72 53 80 64 75 19 30 54 38 48 28 3 15 37 20 46 76 17 55 27 26 16 66 33 59 39 78 43 2 62 1 67 9 57 63 65 49 45 36 79 61 10 69 60 14 11 44 18 42 6 77 21 25 52 8 23 31 40 35 5 47 24 56 32 73 7 41 68 34 22 13 29 70 58
51 68 80 62 42 59 37 23 52 76 38 51 61 50 11 25 5 77 21 29 79 20 36 69 64 6 8 74 7 45 12 70 28 31 34 67 48 49 63 35 73 3 72 16 40 46 1 2 18 26 78 13
13 24 21 67 64 4 12 14 79 20 15 46 77 41
13 38 58 59 23 42 32 35 57 75 9 61 12 74
41 20 44 80 74 62 70 22 59 25 29 1 35 53 72 33 17 64 27 2 69 73 51 8 48 31 56 65 58 39 75 21 32 14 5 10 49 71 45 57 11 63
16 71 63 72 73 48 10 24 32 5 16 23 2 62 18 60 65
75 38 27 70 36 22 75 19 67 11 14 35 26 69 56 55 47 21 57 48 8 58 52 66 12 25 80 2 59 24 40 65 28 43 42 29 54 61 79 4 72 3 37 64 49 9 50 39 77 71 1 17 13 41 73 78 18 30 20 63 45 23 46 53 15 32 34 76 68 60 7 31 10 44 74 16
4 75 1 53 18
26 45 66 2 10 25 57 24 56 76 7 39 13 16 77 40 43 71 27 14 9 20 8 52 51 38 58
42 72 16 52 77 37 11 43 76 31 78 2 55 79 32 73 62 27 6 71 21 25 46 65 15 10 17 4 68 7 64 61 45 50 54 18 69 34 41 22 44 49 19
50 2 54 22 1 58 76 10 60 35 37 16 55 17 71 62 5 24 50 80 15 25 31 46 52 30 53 47 27 4 59 6 72 9 73 78 42 38 18 74 12 75 69 48 29 33 39 36 61 34 23
1 11
10 9 59 49 24 58 13 46 20 79 4
14 28 41 75 59 60 10 58 26 13 54 6 29 53 39
9 11 5 7 22 77 26 54 53 70
63 78 44 35 41 32 29 47 5 8 43 16 39 23 45 1 42 55 61 59 4 67 7 64 65 27 20 76 40 57 62 51 36 38 71 50 22 24 17 49 11 18 66 15 58 68 37 60 2 13 10 69 12 9 33 52 3 28 14 72 34 30 80 79
17 1 14 33 37 15 52 27 62 77 31 35 49 6 25 17 26 79
