80 15
30 9 46 17 28 6 64 45 75 72 22 2 31 53 33 8 60 68 73 39 49 63 52 35 32 24 61 58 5 69 37
50 11 8 36 76 46 20 1 30 73 7 34 64 22 5 4 67 18 41 26 35 47 19 68 65 62 66 57 60 3 38 55 6 24 56 77 45 80 39 40 12 48 75 79 37 27 71 33 23 10 43
74 51 42 37 21 78 76 56 8 52 49 13 71 55 69 3 18 64 17 57 15 61 66 5 19 46 65 6 11 63 38 33 47 45 28 67 25 54 74 79 39 22 72 29 27 70 43 24 53 35 41 44 20 12 31 4 34 9 50 1 14 40 59 75 36 58 2 26 68 23 62 60 32 48 10
34 68 50 52 34 43 11 27 30 74 4 19 78 2 41 39 77 31 42 59 35 44 79 48 6 16 56 58 24 72 63 57 54 18 75
3 73 70 7
18 67 9 54 44 13 80 78 16 8 49 42 18 43 48 47 24 3 29
80 64 8 67 40 36 48 61 55 1 39 63 34 35 12 29 6 50 53 24 41 18 69 58 30 20 33 49 77 57 5 68 22 11 17 52 71 3 74 79 31 65 7 43 51 23 4 19 59 75 45 70 21 78 60 27 28 16 37 47 10 56 44 38 72 54 9 15 25 26 32 73 13 62 76 42 66 46 80 14 2
5 31 23 60 18 54
39 56 51 39 19 61 1 76 33 12 28 27 47 41 69 6 46 53 24 55 16 54 77 64 3 9 65 68 66 63 4 73 14 13 62 67 7 5 57 8
48 38 65 23 59 33 27 73 53 13 40 5 72 62 70 30 78 18 16 32 24 34 2 74 54 26 9 1 47 36 3 17 4 56 45 42 39 48 63 80 50 43 55 58 29 71 37 35 46
22 4 65 25 24 32 53 55 70 18 54 47 15 78 75 67 2 31 41 62 12 77 60
41 55 30 42 75 24 4 5 79 37 9 50 1 52 31 39 6 3 57 32 22 69 27 38 16 49 53 34 13 74 33 70 26 21 64 10 23 45 72 67 63 29
10 26 32 25 18 21 59 44 10 45 69
3 34 47 58
67 66 25 74 19 60 44 47 35 7 5 62 42 59 73 30 8 55 70 31 29 72 10 3 58 6 49 77 36 43 14 17 61 34 33 76 32 71 57 11 69 52 46 54 26 2 79 27 56 4 68 16 24 23 39 64 12 13 53 40 1 45 50 80 15 37 51 20
28 68 49 74 44 33 18 63 52 61 19 23 70 3 32 35 77 9 22 45 10 37 31 79 13 11 73 47 43
73 8 10 54 26 58 38 1 28 49 48 47 77 51 35 16 14 57 22 41 4 31 70 76 30 29 32 45 50 73 56 33 46 72 6 61 66 78 18 27 79 43 39 64 9 2 53 36 24 52 69 25 21 20 34 44 37 75 55 68 17 19 80 59 5 42 11 63 7 67 65 13 12 23
80 42 5 74 32 61 64 50 4 36 76 46 48 57 3 21 12 1 19 22 26 58 73 35 54 43 45 2 80 9 60 51 55 8 78 16 18 66 69 56 10 25 41 63 75 24 6 67 34 47 62 44 28 52 15 7 13 53 38 17 40 72 77 33 70 27 20 29 30 59 11 39 49 71 14 23 68 65 31 79 37
10 20 47 58 51 54 8 77 15 68 37
37 69 53 21 61 30 72 29 55 28 36 67 65 66 9 18 22 51 32 59 15 33 38 50 26 6 64 24 75 70 13 12 34 5 16 31 54 1
2 3 79
28 7 72 55 31 43 75 62 2 80 35 30 1 69 25 28 56 47 22 59 57 49 60 45 53 63 70 48 44
41 57 40 49 64 58 74 2 10 22 44 19 76 3 32 80 4 51 38 36 26 60 31 66 20 17 18 65 37 67 13 16 11 24 21 9 69 23 54 43 29 70
29 29 76 55 20 25 69 14 28 68 58 44 16 51 37 30 48 5 7 39 31 1 46 34 10 64 60 61 38 57
22 58 4 71 67 76 59 69 78 16 77 37 36 54 79 45 38 1 28 17 5 6 13
25 11 73 52 47 16 62 66 7 45 9 46 55 54 19 68 80 4 64 57 43 2 44 35 10 33
69 52 66 43 47 54 26 71 36 15 68 2 33 73 50 5 70 77 1 3 57 40 34 56 13 48 69 60 64 21 55 32 59 12 10 16 65 44 17 78 72 31 42 49 30 35 27 19 75 20 7 76 62 38 22 9 53 74 24 46 41 80 18 63 11 29 79 8 45 58
26 50 25 64 22 56 10 58 55 67 38 16 5 70 4 30 79 69 32 74 14 60 24 26 51 27 42
3 12 28 68
5 63 35 6 40 4
30 50 22 26 72 57 74 5 78 19 77 64 15 63 32 31 69 41 8 39 11 1 3 44 52 10 4 59 24 65 9
4 20 4 31 23
59 7 34 74 37 2 57 50 1 8 65 51 53 27 6 75 55 69 36 24 47 54 14 13 29 66 43 42 79 9 12 67 52 16 63 46 44 21 32 20 31 72 39 61 64 35 58 56 11 17 77 5 70 62 18 73 15 48 38 23
66 57 58 36 54 10 12 45 48 16 42 47 15 28 38 46 40 62 3 4 32 44 75 41 55 68 60 64 1 66 51 24 76 21 65 71 52 13 29 9 73 67 5 59 8 2 37 25 30 18 43 33 26 72 79 77 61 56 63 74 78 34 22 69 49 17 80
43 50 1 10 46 37 20 23 29 69 45 34 56 48 18 26 17 60 54 53 28 38 76 41 80 61 51 52 13 55 39 16 2 24 5 70 25 73 57 44 65 75 19 32
42 12 52 58 61 63 40 51 9 28 2 33 53 11 57 17 56 71 14 65 16 55 70 67 23 30 20 37 43 48 31 64 29 25 77 50 45 15 21 49 80 36 38
12 5 19 65 44 61 12 48 38 20 80 42 34
23 6 40 4 44 59 29 76 30 54 69 12 71 70 62 38 52 64 33 11 73 21 55 61
28 9 65 67 17 60 40 16 29 20 23 21 14 58 39 38 46 41 44 47 73 55 74 6 36 5 25 72 33
35 45 22 25 43 44 52 77 14 23 56 72 74 28 19 10 1 60 15 73 27 5 7 40 16 58 33 13 30 62 36 2 47 55 20 78
45 51 40 70 57 58 8 1 29 2 69 35 24 10 11 12 28 15 66 47 32 3 14 38 68 5 78 62 16 65 76 43 71 75 67 25 41 45 59 77 34 26 64 13 42 49
74 54 7 1 5 67 36 32 38 23 2 57 9 78 39 26 63 53 46 6 60 70 3 28 31 16 47 75 13 8 24 30 20 18 21 33 19 44 43 65 58 77 62 40 17 22 76 37 80 74 55 52 59 69 66 41 27 71 48 61 25 12 64 34 49 50 35 29 10 56 15 51 73 11 4
34 51 17 69 26 56 76 15 48 29 65 68 39 47 41 3 45 35 73 16 61 6 34 63 79 38 4 18 13 43 31 5 53 60 71
29 23 45 69 30 19 52 59 5 53 20 68 11 63 65 18 36 28 51 54 34 32 62 27 2 14 42 25 26 33
65 6 34 72 69 51 50 22 36 13 68 53 64 33 9 41 20 75 10 66 14 60 40 15 57 47 26 55 58 43 46 63 74 49 42 11 67 62 45 54 44 3 76 59 56 71 7 1 52 5 77 27 65 39 4 48 80 38 78 30 2 37 21 35 25 73
6 23 47 73 78 69 48
69 16 51 29 65 72 25 39 55 6 9 28 1 18 56 4 58 40 3 67 47 54 34 11 74 35 68 23 14 20 13 27 7 52 33 64 48 60 61 57 37 42 76 66 22 50 77 32 43 71 19 2 31 63 62 15 73 46 44 30 45 53 49 36 69 70 75 78 10 26
11 77 55 67 49 54 51 74 34 58 76 71
29 29 31 50 59 61 76 42 68 44 36 33 74 41 7 19 39 58 3 49 70 5 46 60 52 63 32 65 6 8
15 76 42 43 44 67 15 30 64 58 28 20 74 32 7 55
77 53 33 78 15 79 47 70 64 37 48 39 6 21 57 38 71 26 44 73 46 5 40 16 55 13 29 68 77 24 58 76 56 66 50 3 31 74 41 18 28 8 2 12 11 62 14 4 69 30 61 80 1 45 67 60 42 20 27 19 75 52 25 54 63 7 36 59 43 49 23 22 34 65 51 35 9 10
0
62 19 33 80 68 77 5 67 34 59 63 8 46 16 49 45 9 56 60 65 6 3 29 31 13 25 66 58 10 62 15 54 47 75 37 23 78 71 70 57 69 40 53 36 12 14 51 55 17 18 61 35 79 74 11 38 7 32 76 73 24 20 4
58 22 18 27 69 13 47 68 58 36 11 60 38 64 52 15 79 41 66 71 48 45 59 1 61 49 5 24 6 35 65 53 57 77 4 19 78 32 34 37 9 33 63 40 51 50 55 21 76 29 17 8 30 20 75 39 42 2 73
16 8 24 53 75 12 72 2 19 51 69 55 16 63 37 31 35
5 15 16 6 56 23
33 78 55 46 42 25 29 75 21 26 59 3 32 6 53 40 62 79 57 8 9 10 4 39 1 11 71 41 33 44 63 18 27 60
52 8 66 80 16 49 37 48 63 40 5 57 10 20 31 43 38 12 55 56 25 19 21 70 44 4 6 69 3 27 61 42 54 65 46 7 52 67 23 47 22 36 30 50 39 9 18 73 1 29 51 62 76
42 58 56 45 80 44 21 11 49 39 65 71 40 41 24 3 36 68 59 52 6 50 62 55 54 60 47 4 35 2 48 46 53 5 26 9 15 34 14 51 10 43 27
45 34 8 50 16 39 53 80 27 24 9 55 22 64 49 67 29 30 2 75 77 18 69 31 20 12 47 4 58 25 52 13 62 54 3 65 10 43 6 14 59 57 32 36 37 19
41 3 54 64 27 37 11 79 24 73 71 12 16 75 8 57 48 80 23 63 53 36 20 13 9 28 5 7 66 14 60 22 18 65 31 29 35 77 33 76 55 61
0
9 50 30 52 53 32 63 77 51 11
66 70 42 69 73 44 63 39 35 38 7 25 53 6 28 14 72 21 50 11 56 45 62 24 66 32 80 41 29 2 22 18 30 43 16 54 65 79 61 13 26 77 3 59 19 31 57 15 58 27 49 52 8 74 34 48 60 12 4 46 17 47 20 68 75 10 76
63 30 28 78 24 29 64 34 72 59 31 2 53 65 22 12 73 10 38 11 58 37 19 42 80 46 63 70 79 25 56 45 33 48 55 8 16 60 13 5 52 75 27 3 23 49 6 18 39 44 67 68 76 43 57 74 35 9 21 7 47 77 17 61
7 19 55 57 4 43 20 42
62 4 68 21 19 41 6 49 29 64 48 8 45 23 66 32 34 35 61 14 30 80 3 22 37 15 36 59 43 42 18 56 12 63 76 39 5 44 79 16 52 78 65 72 2 71 25 67 27 47 70 9 74 54 24 75 10 20 77 46 40 69 55
63 69 35 56 46 8 41 45 48 10 52 38 58 25 21 19 7 36 75 22 20 72 59 71 16 32 15 4 28 24 2 3 6 13 67 43 79 60 34 42 80 11 65 53 49 14 12 30 17 31 73 57 63 5 78 76 26 44 55 1 51 37 40 27
14 17 66 43 15 16 37 69 8 39 12 20 49 59 52
15 10 67 49 24 38 6 56 40 47 42 55 14 78 18 4
28 18 46 37 29 78 34 14 64 73 45 15 12 17 5 2 62 61 23 42 24 20 38 22 51 79 4 60 66
58 26 51 69 18 17 65 6 11 31 60 8 44 33 80 24 30 21 23 49 64 47 28 53 62 61 59 54 52 7 19 77 4 16 71 35 78 32 68 66 55 5 75 72 27 9 3 57 36 76 10 41 74 70 48 79 58 63 22
7 45 26 74 38 41 75 1
60 29 36 69 42 51 24 49 76 50 59 37 47 58 61 56 9 43 14 34 18 71 32 17 39 23 33 55 60 57 74 4 20 44 75 22 12 16 53 72 68 65 73 80 70 28 79 54 5 45 64 46 27 2 13 10 25 66 67 21 52
51 65 47 79 24 72 29 6 37 4 17 76 34 11 38 57 45 64 69 22 20 35 60 18 14 53 30 48 67 54 40 74 49 56 33 31 66 27 80 75 7 68 36 3 78 70 2 44 5 77 1 28
45 23 18 70 53 3 65 30 2 50 62 17 69 20 16 31 15 44 8 55 19 67 26 10 73 14 9 35 66 77 6 37 48 56 46 51 61 59 5 80 42 4 21 39 28 27
10 16 37 19 43 26 33 29 47 61 79
27 70 30 2 14 47 55 25 6 28 12 79 62 44 20 22 9 13 68 64 71 23 40 63 37 34 11 36
3 2 6 59
16 3 63 39 67 48 16 59 25 47 42 31 57 65 1 74 2
76 70 74 41 1 4 16 20 35 32 15 17 13 71 49 22 14 39 69 66 53 55 58 46 44 54 65 30 21 60 76 47 23 59 18 45 9 27 5 43 73 51 79 25 42 72 77 7 40 26 37 80 10 52 50 24 38 64 29 12 63 36 34 33 78 31 8 56 2 62 75 19 57 3 11 28 6
79 4 19 36 37 30 56 26 71 44 59 21 13 27 53 77 5 79 6 29 28 73 69 12 35 16 2 15 62 8 32 67 78 65 41 23 20 54 33 47 46 3 38 51 42 49 74 61 22 7 31 48 70 68 1 57 66 60 14 63 72 50 17 58 25 75 76 55 11 24 34 18 80 43 64 10 45 52 39 9
40 7 54 34 66 52 33 46 38 69 24 70 22 71 35 29 51 63 16 50 5 15 76 18 57 32 78 14 45 6 72 3 74 4 17 53 2 28 20 55 77
17 40 43 33 62 53 37 31 3 71 28 69 44 2 56 11 66 79
18 53 24 27 32 41 52 50 28 6 58 34 49 13 69 79 64 63 73
32 27 10 9 1 26 39 44 53 79 78 21 66 54 37 36 12 77 61 6 7 72 80 17 34 58 18 15 4 59 68 48 41
39 46 71 35 33 24 56 3 38 79 32 45 62 48 67 76 63 44 19 77 73 66 50 72 4 39 36 7 49 27 53 6 26 80 51 16 2 70 34 78
66 45 44 10 13 70 80 41 66 28 2 77 35 17 36 58 55 33 18 4 29 3 74 12 73 34 20 46 25 11 76 57 24 7 31 14 21 75 53 15 56 48 51 65 1 39 72 42 67 64 52 71 79 23 59 69 61 78 8 22 38 62 63 37 30 50 49
0
39 62 48 8 64 60 30 68 34 76 53 23 38 19 2 24 9 49 46 29 20 75 15 14 79 56 21 6 67 80 27 11 74 54 77 28 33 78 10 3
47 16 21 67 26 17 55 6 57 35 75 41 69 77 29 22 68 27 11 37 3 71 10 28 2 44 79 20 74 54 53 43 32 36 4 15 31 42 40 78 70 65 25 12 63 38 62 19
41 12 58 43 8 69 27 25 32 38 7 22 74 34 28 44 37 49 80 36 48 10 61 46 29 23 55 30 13 57 78 33 31 14 77 72 54 75 53 45 62 16
72 7 21 64 38 55 12 60 71 73 37 29 26 77 31 51 48 17 67 18 19 69 32 65 42 78 80 43 57 63 41 40 22 59 49 25 34 33 58 68 27 44 56 79 76 61 14 8 6 4 47 53 45 13 46 62 50 16 35 2 5 54 28 20 23 10 52 24 74 11 75 39 3
63 22 40 26 10 79 30 54 68 74 27 29 37 58 18 3 41 75 16 72 21 11 73 36 25 57 62 38 42 4 71 66 46 17 39 78 12 19 55 70 35 45 28 5 52 50 14 23 20 31 34 33 64 13 80 69 67 47 6 2 24 49 56 63
27 76 20 63 7 62 49 3 32 5 10 11 25 66 46 24 80 16 79 74 39 44 19 2 42 52 34 18
