80 20
39 11 68 43 69 19 56 42 70 48 12 18 22 32 62 63 34 76 49 72 74 73 64 75 44 30 55 45 35 4 78 67 15 10 40 2 29 36 7 39
63 63 31 80 57 22 14 19 55 64 50 61 48 4 35 34 30 20 21 79 38 10 41 39 3 1 68 67 75 44 6 16 73 54 52 33 15 25 18 2 71 5 47 11 69 58 23 53 12 28 74 29 40 45 62 49 77 65 56 24 7 72 9 59
14 3 42 62 20 43 51 46 8 58 22 55 73 17 66
15 58 5 9 27 73 66 62 55 39 17 76 42 19 65 32
3 54 59 49
60 69 67 26 58 74 52 77 7 53 5 12 65 45 35 21 17 31 16 6 13 49 78 20 43 38 11 44 79 24 32 64 19 51 46 33 60 62 54 30 41 71 63 57 25 56 18 40 28 23 37 9 76 80 15 10 47 59 39 27 55
17 73 72 65 2 19 6 80 62 38 4 69 51 56 34 59 63 31
78 71 41 19 79 60 15 22 68 34 28 25 45 21 48 74 80 8 47 54 62 7 61 78 46 57 4 12 9 32 2 50 13 49 77 23 72 75 17 55 37 5 11 52 36 42 64 65 73 59 33 70 56 14 39 44 66 1 69 63 27 30 18 51 16 24 58 31 43 76 20 29 40 26 35 53 3 6 38
71 22 49 10 68 21 33 16 79 76 19 67 29 23 56 70 47 6 44 61 59 39 71 35 4 51 37 5 63 78 13 42 7 43 45 72 80 2 48 36 75 27 69 17 28 64 20 40 12 8 66 9 46 3 55 54 52 24 18 50 31 11 74 1 26 57 25 65 32 34 15 53
33 54 5 6 47 12 28 18 74 42 49 17 10 73 65 59 32 25 61 48 3 63 53 75 79 27 64 62 2 56 21 1 66 67
69 5 60 49 16 9 72 67 28 38 64 59 68 63 66 48 35 37 78 4 24 29 30 62 22 73 43 57 56 70 25 76 65 14 69 21 26 2 10 44 39 15 3 20 13 1 12 58 54 19 75 79 23 61 42 71 47 52 41 7 36 34 50 27 55 40 32 53 74 8
19 24 27 67 45 6 19 26 44 9 25 23 7 8 78 18 73 71 77 34
40 22 45 47 68 73 10 23 56 5 70 67 53 72 20 31 77 65 78 71 46 28 1 12 8 26 76 64 74 63 24 69 49 6 51 59 57 34 30 27 13
47 32 22 43 63 51 57 46 16 34 47 36 44 12 10 1 29 2 66 75 50 11 76 25 68 4 39 56 60 31 80 21 20 77 30 61 49 40 69 6 41 5 7 65 19 15 42 79
35 77 69 60 67 47 16 19 61 80 68 48 39 62 22 46 23 71 74 40 59 4 8 36 44 41 35 57 9 21 63 75 27 25 18 53
65 45 23 33 77 19 14 29 76 55 56 9 8 62 67 20 32 31 64 34 6 53 39 2 10 49 50 5 44 4 17 74 47 15 46 65 26 12 3 27 51 73 60 13 28 41 68 40 16 71 61 72 48 57 36 63 22 42 21 52 24 1 54 70 58 37
19 53 35 1 34 55 19 39 50 29 40 14 17 57 20 73 2 23 69 70
62 10 66 25 27 36 68 69 5 47 53 56 30 54 32 9 75 20 19 21 40 6 28 44 50 8 72 79 71 52 61 63 39 58 64 11 33 65 37 76 74 34 26 78 67 3 57 41 4 18 42 1 7 46 22 48 38 17 16 31 14 62 45
58 16 67 52 73 15 11 2 30 9 56 3 46 14 65 32 70 77 69 51 41 18 27 79 36 37 68 5 64 63 74 23 57 21 24 61 34 28 1 59 20 31 54 35 38 76 71 58 80 8 4 49 66 55 12 60 40 13 19
4 35 75 73 6
8 1 4 43 35 73 80 25 56
4 65 68 52 17
13 40 33 1 14 66 56 15 64 77 51 3 55 35
71 43 24 59 26 21 52 20 45 16 49 42 35 8 80 25 55 67 30 46 40 2 69 38 27 79 57 53 6 22 74 9 63 51 75 56 1 13 18 41 5 17 15 14 23 7 61 48 34 44 77 12 68 37 19 28 78 50 29 73 76 54 32 60 39 64 70 66 4 31 10 36
37 59 45 56 53 30 35 34 8 61 77 31 44 4 68 14 20 52 75 62 17 5 18 6 40 25 76 50 1 70 58 9 11 54 66 49 71 36
34 79 3 75 54 29 15 12 61 38 55 57 20 25 30 5 66 77 43 2 18 52 24 48 44 8 80 39 36 26 59 16 1 19 10
5 4 7 6 41 66
44 20 32 2 77 80 65 12 13 46 76 5 10 56 71 55 74 22 15 34 78 64 40 44 69 36 1 37 54 30 28 73 68 45 24 72 62 57 29 59 23 27 38 3 9
35 33 1 53 58 77 26 57 34 39 12 76 70 68 73 9 5 3 6 62 54 30 51 47 67 72 28 25 20 43 66 80 27 75 8 19
24 23 56 43 60 37 65 75 49 51 2 50 21 61 46 44 72 32 79 52 45 54 15 6 7
70 3 59 12 71 30 20 38 66 27 44 35 63 43 40 56 37 50 79 75 8 53 60 29 33 19 64 76 25 72 16 15 68 74 54 65 77 28 48 32 47 49 10 17 36 62 9 46 42 67 45 78 6 7 55 2 18 61 11 24 4 22 23 39 73 5 26 41 57 21 14
35 47 5 71 37 74 58 26 16 30 62 41 36 43 14 63 10 9 52 15 35 48 68 73 33 78 20 49 75 76 2 23 72 61 25 70
70 58 78 80 54 15 5 69 79 35 77 25 31 28 43 32 52 74 68 62 2 51 26 9 42 37 4 30 3 14 40 16 53 34 64 13 23 20 22 24 47 7 71 66 11 59 55 33 6 41 12 48 61 39 60 29 19 27 75 36 45 76 1 21 10 8 63 56 17 65 72
42 34 19 24 39 49 18 55 20 6 38 25 31 40 78 3 52 4 50 27 46 33 41 47 59 56 12 8 75 65 61 53 16 17 11 13 66 21 57 37 35 29 22
46 19 28 24 67 23 35 80 76 70 44 11 31 55 57 43 7 4 49 17 36 29 65 15 18 58 66 56 1 69 47 40 68 52 10 72 74 73 42 77 59 75 3 71 78 45 64
22 46 27 42 17 67 4 32 73 10 55 37 41 1 70 44 23 31 35 68 71 9 15
67 80 4 56 72 29 70 13 79 24 12 34 9 63 33 69 1 75 5 78 50 28 58 7 65 20 37 21 15 27 41 19 16 52 25 36 66 38 35 42 53 23 14 49 67 30 45 76 71 55 46 26 68 8 59 32 57 77 48 43 31 40 61 2 54 74 47 44
73 72 77 21 52 43 57 9 76 53 4 68 30 7 36 65 20 3 51 69 44 23 13 15 61 45 75 50 42 33 29 47 18 38 70 59 58 17 55 22 1 73 39 19 6 79 25 60 37 10 12 31 26 32 74 56 16 49 46 54 71 80 14 24 40 66 28 27 2 67 41 48 5 78
16 32 48 3 46 22 29 70 54 41 12 56 21 63 51 66 31
68 53 1 20 19 43 62 73 72 24 22 26 68 52 61 38 33 37 64 35 54 67 79 74 40 39 17 78 32 16 7 50 70 47 29 4 55 8 51 23 36 27 31 10 63 66 15 57 58 71 48 56 42 77 30 21 3 34 41 2 6 14 45 13 69 5 9 60 49
80 10 70 28 59 21 11 76 24 78 25 51 75 35 5 50 63 4 57 30 14 20 47 44 68 45 39 9 15 29 26 46 64 80 16 54 36 27 3 72 73 22 12 8 79 58 7 60 37 2 56 66 52 41 19 13 42 48 69 62 17 38 53 77 31 18 67 32 23 71 49 74 1 33 34 43 55 40 65 61 6
21 24 47 14 48 77 67 10 34 31 19 74 64 54 30 68 8 55 37 4 7 63
10 54 22 53 79 40 73 2 48 19 59
43 25 10 56 2 55 37 48 49 35 38 7 3 51 16 6 31 34 43 28 60 58 26 65 19 76 46 77 59 74 40 80 20 5 50 68 21 9 22 27 70 52 41 69
57 64 58 15 33 35 8 21 36 18 47 27 4 1 76 66 40 31 23 3 28 14 72 34 48 12 42 29 11 60 53 70 6 56 13 69 26 38 68 61 30 32 63 37 79 20 44 55 25 17 75 74 67 54 71 16 19 24
45 22 77 43 5 69 75 30 80 44 7 15 51 31 67 1 53 79 52 28 50 45 11 78 12 2 71 58 37 19 39 61 32 20 48 38 3 66 74 33 35 76 72 26 65 40
58 2 15 5 55 77 40 25 66 61 48 12 75 78 76 34 20 24 69 32 30 80 42 36 27 39 33 16 22 9 10 11 14 3 65 67 21 64 58 37 54 51 6 47 26 45 72 8 50 7 71 4 62 70 63 19 56 38 74
62 28 15 73 2 45 6 34 27 30 40 32 63 10 79 67 44 64 69 54 70 53 48 49 77 31 72 24 26 14 57 13 8 19 68 5 9 43 35 33 38 41 61 17 75 4 60 66 55 7 1 46 59 39 65 12 78 47 20 36 25 23 21
55 8 9 58 75 2 78 48 59 71 16 56 61 23 18 53 69 36 28 76 67 64 34 45 11 15 62 4 37 72 52 26 7 14 73 44 30 80 51 13 5 38 39 60 21 17 19 41 63 50 54 24 57 25 31 32
73 16 9 62 35 61 66 48 70 23 55 71 3 40 76 64 20 49 42 5 44 47 4 50 74 36 72 65 12 58 7 53 24 73 13 17 69 46 22 37 21 34 78 26 41 63 57 11 52 54 80 30 2 60 59 51 33 56 18 67 8 29 19 1 14 45 27 32 28 79 38 6 15 77
47 30 70 63 58 5 35 39 37 1 56 54 16 9 57 76 52 71 67 79 22 49 23 11 6 29 13 47 45 10 12 53 61 48 34 36 60 46 66 15 8 65 78 33 75 51 41 43
63 19 42 29 12 73 27 52 48 33 35 31 37 9 65 58 66 24 57 10 11 53 21 28 22 38 59 39 54 67 69 63 20 4 56 51 18 61 45 49 75 14 60 70 68 46 15 17 64 23 16 7 74 77 62 71 78 26 43 34 44 25 76 30
80 61 28 63 55 68 56 39 25 9 7 3 52 10 12 76 47 20 80 6 65 41 48 32 26 73 58 79 11 16 62 19 15 50 57 30 29 59 21 4 36 67 45 34 46 78 31 72 13 70 1 18 38 64 24 44 37 14 66 69 43 33 49 22 8 2 35 71 5 77 42 75 54 51 23 60 17 27 53 74 40
18 79 33 51 80 68 3 47 35 22 32 1 63 2 9 60 71 20 70
21 53 31 59 32 7 74 61 43 33 16 54 80 4 11 24 10 15 18 67 66 57
43 65 46 12 55 56 79 62 58 36 34 37 4 53 70 22 38 80 51 40 1 63 64 69 16 44 71 78 41 15 33 24 48 42 3 45 43 17 52 21 30 67 9 76
5 9 28 54 75 63
66 38 17 20 41 13 33 60 31 16 63 48 70 27 40 69 3 79 8 71 12 30 9 18 73 19 5 1 74 52 53 21 45 43 47 66 26 24 51 37 28 39 35 6 7 4 15 42 75 2 46 36 55 76 68 59 65 14 34 57 61 22 44 72 67 11 10
77 59 79 4 17 13 41 52 39 6 8 47 73 5 51 9 61 75 62 46 70 34 14 15 44 20 72 23 35 18 78 69 24 45 25 7 76 31 55 53 33 2 26 30 21 64 38 74 42 77 43 28 11 65 22 60 68 10 67 27 80 58 56 40 19 3 32 57 71 54 12 16 36 1 66 50 49 29
68 52 11 77 37 69 40 7 72 27 51 43 61 79 36 9 34 78 67 73 31 49 25 15 38 28 71 4 70 64 42 58 13 46 12 22 48 76 29 14 50 65 8 53 2 63 59 26 33 56 10 3 5 39 24 62 20 1 30 66 74 32 17 23 6 18 80 57 47
35 20 26 36 45 52 39 48 21 70 73 47 4 5 8 76 22 80 59 28 54 68 46 6 42 62 43 33 65 69 67 71 37 11 77 16
29 75 71 2 45 7 73 40 19 48 79 29 16 80 35 31 21 50 25 67 26 65 59 17 60 54 53 10 68 49
11 13 56 77 12 38 28 76 17 49 23 3
71 75 14 65 55 4 62 38 15 7 3 41 9 10 73 30 18 44 42 27 66 35 68 21 17 46 51 5 63 24 32 34 64 58 2 20 23 36 59 11 13 60 26 76 12 47 33 70 50 57 67 29 61 19 69 31 48 54 77 16 52 1 56 78 71 80 6 49 45 79 39 25
66 56 13 38 58 65 48 43 37 53 46 27 36 28 19 18 44 68 51 15 41 62 23 6 1 7 59 74 60 77 76 24 29 79 17 50 72 3 8 22 26 16 61 33 47 12 63 75 49 14 32 20 78 34 54 40 66 67 5 73 10 31 80 9 64 69 35
15 5 61 45 76 23 79 63 1 27 35 80 41 77 49 33
19 79 21 52 46 2 4 74 48 3 71 37 7 63 36 67 26 45 55 24
41 39 74 23 8 58 33 7 69 11 61 55 36 24 63 43 62 6 73 49 15 56 17 27 51 14 19 34 13 21 10 25 20 35 57 29 46 66 72 50 2 37
3 36 58 72
74 42 57 17 65 34 50 48 25 73 46 5 63 66 59 67 10 27 58 41 6 62 60 52 8 80 68 75 29 55 32 61 12 39 47 7 15 44 38 43 40 19 13 70 20 30 31 2 74 71 35 16 78 37 21 45 28 22 77 36 24 1 53 72 23 54 79 56 14 76 26 64 51 3 11
12 16 3 73 58 20 80 75 14 63 79 34 29
65 23 24 80 57 6 40 42 77 56 54 66 37 2 4 22 65 36 8 67 61 17 46 29 12 51 31 48 1 70 20 28 21 60 64 62 35 27 78 68 14 39 75 76 9 7 55 43 53 71 34 50 73 30 32 63 72 10 19 52 45 79 49 58 47 41
4 38 28 63 47
28 43 6 77 59 25 47 62 63 8 40 64 19 24 39 32 18 9 10 37 75 7 67 72 2 1 45 42 21
14 48 27 30 70 35 10 67 75 37 39 76 12 38 8
72 38 54 74 79 13 8 53 47 1 60 25 33 39 61 12 76 48 30 16 27 17 57 68 35 24 75 37 9 71 31 49 51 67 14 21 3 6 42 26 19 23 28 29 59 80 62 69 63 36 56 2 52 45 46 41 11 20 15 22 65 4 73 70 72 43 32 58 40 44 7 78 10
47 7 20 42 80 35 55 27 58 76 5 25 48 79 52 18 44 67 23 10 64 6 37 62 50 77 61 2 1 34 31 74 29 69 68 40 75 45 51 17 54 47 19 36 32 28 9 43
35 56 63 40 24 45 31 49 21 25 52 42 12 69 5 26 16 55 14 71 43 30 70 8 65 75 44 77 74 35 66 76 22 37 18 28
31 42 19 11 54 60 6 64 48 12 71 79 15 49 34 26 41 25 57 23 21 38 59 74 7 32 29 47 62 50 17 66
11 56 23 13 42 12 67 1 2 61 50 16
58 30 36 23 49 38 14 64 33 77 28 74 44 32 61 80 6 53 24 72 51 62 65 10 5 9 76 67 25 69 41 34 60 48 19 71 70 66 47 20 21 73 59 46 18 29 13 37 50 26 68 12 55 4 57 2 63 40 43
5 55 17 26 10 62
33 11 43 35 8 46 22 33 61 27 25 26 44 77 66 73 34 16 36 7 57 65 4 14 40 37 80 60 21 29 48 51 69 55
67 55 57 80 15 14 37 78 70 79 1 77 21 63 23 9 8 58 47 52 74 38 32 56 28 45 59 13 41 19 30 44 33 48 5 71 61 65 7 18 3 31 20 60 68 17 73 35 11 4 75 66 29 6 24 39 62 54 53 42 22 76 64 43 40 51 67 34
42 35 77 49 67 39 48 14 11 4 51 73 56 9 12 75 52 23 2 70 54 65 44 41 19 61 3 24 13 53 29 25 26 55 28 79 34 6 63 42 10 7 66
6 36 16 59 11 24 56
43 20 34 28 64 79 56 1 9 27 47 26 74 66 10 43 14 13 39 60 25 23 54 45 46 4 18 80 22 6 42 50 59 76 2 24 53 72 5 57 73 37 36 12
63 34 24 45 35 29 37 44 10 76 6 1 79 22 63 77 18 32 59 61 5 16 8 9 11 28 80 30 52 49 20 12 75 2 15 17 64 70 3 13 62 38 46 50 58 39 25 43 26 14 36 69 27 21 19 42 33 31 53 51 57 4 55 71
16 23 73 46 5 78 29 30 38 21 7 13 44 2 53 33 27
62 27 61 39 62 33 59 28 67 21 26 24 3 4 55 54 44 19 65 49 66 30 18 64 73 12 22 32 58 43 15 47 5 29 11 76 35 6 70 57 68 14 69 71 42 51 41 52 79 34 53 63 7 46 48 36 40 60 2 10 31 23 1
78 27 65 63 39 14 50 18 56 60 3 12 69 28 58 44 34 36 49 9 37 13 68 10 76 73 16 61 40 55 8 29 62 22 6 71 54 67 78 77 32 24 23 59 26 45 19 7 43 64 51 66 21 30 42 52 17 72 35 74 33 31 47 20 53 11 48 25 2 4 80 79 1 46 75 15 57 41 5
28 64 15 66 54 46 23 55 9 65 67 50 17 69 73 45 20 35 60 7 6 4 70 57 44 71 41 36 22
10 70 62 50 69 28 31 75 48 58 72
54 71 79 39 35 25 75 33 2 30 16 68 5 31 20 9 6 29 62 27 34 43 7 54 55 76 11 58 3 57 65 47 61 10 51 69 37 4 21 67 48 53 41 80 46 18 73 64 23 63 66 77 32 19 17
0
69 68 70 73 26 53 51 16 30 19 49 74 80 55 40 14 36 39 56 21 48 62 5 64 32 77 63 37 20 28 61 45 29 50 4 13 76 2 8 67 22 43 58 69 25 42 31 10 34 59 33 54 11 27 41 9 38 79 6 57 52 18 78 75 12 3 17 60 15 71
38 16 12 80 67 75 70 25 11 8 21 30 45 26 33 22 15 74 50 13 14 62 34 18 27 55 66 59 72 1 24 53 40 29 36 76 63 42 39
37 49 43 4 77 40 10 73 20 9 46 50 19 75 54 61 57 64 72 70 3 16 37 79 5 62 1 71 15 35 24 69 7 38 2 28 11 14
77 53 21 76 11 7 57 60 70 3 9 16 68 10 46 17 72 26 78 12 74 49 18 13 63 48 69 33 29 58 61 2 36 23 55 40 41 39 51 20 28 25 59 77 27 47 22 64 71 73 62 5 14 75 24 54 56 8 38 34 4 15 79 6 19 80 52 67 30 1 50 44 35 43 42 32 37 31
68 47 17 40 52 60 26 69 59 28 23 63 77 78 72 13 3 46 54 35 75 53 14 32 2 19 12 71 44 34 27 76 51 21 7 5 18 64 16 58 68 62 8 49 9 41 65 57 74 67 61 29 42 4 37 39 38 15 48 6 43 10 33 1 73 36 30 70 50
