80 15
64 47 60 61 31 45 20 33 50 51 17 14 7 28 27 11 52 59 62 12 9 3 48 5 56 40 32 46 1 21 8 44 18 36 58 24 15 42 6 43 57 2 23 25 35 39 26 49 55 13 64 16 22 63 38 34 29 41 53 30 10 19 37 54 4
16 74 80 66 75 71 73 76 67 72 77 69 78 68 79 65 70
64 49 54 63 10 53 40 13 58 25 16 8 12 44 4 15 31 43 35 27 29 7 42 17 46 32 19 61 50 28 59 45 18 3 38 37 56 55 26 6 20 39 5 21 1 48 51 41 62 24 9 11 30 33 22 52 57 64 2 23 36 34 60 47 14
64 2 57 18 19 23 60 21 11 35 1 39 26 46 31 55 36 58 61 63 64 52 20 50 59 38 47 34 10 33 25 48 27 62 37 3 51 30 12 13 40 22 15 24 42 43 41 45 8 56 5 32 14 44 54 17 16 4 49 7 29 53 6 28 9
64 10 59 11 1 24 43 51 19 42 6 53 30 39 34 5 47 64 56 63 21 3 55 33 18 14 46 26 61 7 23 49 28 31 54 57 35 25 40 13 37 17 29 27 16 9 58 4 45 20 22 2 15 52 50 12 41 48 44 38 62 8 36 32 60
16 77 79 70 78 71 65 66 75 76 67 74 68 72 73 69 80
16 75 73 72 76 68 77 79 69 67 78 80 65 71 66 74 70
64 42 1 11 39 9 19 5 17 21 20 61 40 58 59 43 60 3 2 22 50 25 56 57 29 13 27 49 36 62 51 47 64 41 63 4 33 24 45 31 34 38 10 18 35 28 54 23 26 46 14 6 7 44 53 37 16 52 32 48 15 55 12 30 8
64 14 57 54 51 17 2 11 56 8 4 63 19 25 6 62 64 34 26 41 7 44 28 10 61 32 55 40 47 23 60 1 39 50 48 27 45 18 20 33 12 3 15 58 30 13 29 31 9 24 42 16 59 52 35 43 49 36 37 38 53 46 21 22 5
64 32 63 30 53 35 56 55 10 62 12 52 17 25 6 59 24 61 43 34 27 7 48 21 3 51 41 28 4 14 23 2 42 49 57 50 18 44 29 40 39 64 19 38 33 26 47 60 1 16 46 5 58 9 13 11 31 15 8 37 36 54 20 45 22
64 5 64 2 16 36 41 26 40 13 28 11 34 3 47 4 55 33 14 8 27 51 18 50 29 22 12 15 38 20 43 45 44 58 62 21 46 32 49 24 35 1 7 59 61 52 53 39 37 9 30 19 31 42 48 17 56 60 25 57 23 63 54 10 6
64 45 6 32 26 53 41 64 57 17 56 8 44 35 27 18 54 12 24 15 13 51 58 42 52 39 43 20 9 37 10 63 50 61 34 29 16 48 1 19 30 23 7 62 49 5 4 28 25 11 40 33 21 60 2 47 31 55 22 38 3 59 36 14 46
16 74 76 69 71 68 67 78 77 75 73 70 80 79 66 72 65
64 22 11 10 19 17 46 9 30 48 20 12 28 35 54 5 39 13 1 38 23 25 43 16 53 26 31 34 50 60 51 24 36 3 41 59 33 55 49 58 32 8 47 4 56 40 44 21 42 64 29 63 62 45 2 18 6 37 7 61 57 27 52 15 14
64 51 38 48 26 6 30 28 55 62 47 43 31 46 32 9 29 16 13 56 7 53 10 18 58 5 24 44 63 60 17 35 19 33 27 22 34 39 21 50 2 36 61 4 14 59 40 8 49 42 15 57 1 64 52 20 11 12 37 45 25 54 41 3 23
64 42 53 47 35 31 52 10 11 21 25 26 32 23 36 51 62 16 3 4 56 2 57 43 19 15 12 49 27 45 63 61 8 30 34 48 37 17 38 24 46 50 7 44 33 29 28 64 18 20 60 14 40 55 41 6 39 59 5 22 54 58 1 9 13
64 22 49 54 23 42 11 35 1 64 40 63 41 18 28 44 8 59 26 62 39 3 47 10 38 24 50 57 60 34 14 43 9 29 32 56 61 46 6 33 19 15 37 2 58 45 30 7 25 13 48 36 27 21 4 53 52 20 17 31 5 16 51 12 55
64 64 63 11 9 48 12 16 18 28 32 1 46 44 54 38 26 29 13 3 2 40 21 7 56 50 47 43 14 62 34 33 61 10 53 6 37 57 19 24 27 15 5 55 17 31 49 59 4 52 60 36 35 45 39 58 42 8 22 51 20 41 25 30 23
16 80 69 73 76 71 77 74 67 66 68 79 65 78 70 75 72
64 42 64 59 6 30 23 17 49 34 22 8 9 4 55 57 27 12 52 33 18 40 36 15 11 61 2 53 51 62 3 24 45 29 63 14 37 47 21 58 16 39 25 19 43 54 7 28 26 48 41 46 32 31 56 50 13 38 1 35 60 10 20 5 44
64 20 14 12 61 38 48 21 28 10 54 23 2 33 46 25 37 30 34 31 32 43 60 22 1 17 64 27 56 15 42 26 6 13 39 5 7 4 29 55 51 52 24 35 63 44 9 62 58 11 19 47 40 41 53 57 16 59 18 3 45 50 49 36 8
64 21 63 62 56 34 46 14 36 52 18 1 7 30 6 29 25 55 8 51 43 53 45 10 3 27 32 59 40 48 50 39 28 9 11 15 17 49 42 5 26 60 44 2 47 19 54 61 23 33 31 58 57 20 13 35 38 12 16 22 4 41 64 37 24
64 5 26 54 48 62 36 43 32 44 50 13 51 4 1 56 28 2 60 22 19 21 52 37 39 35 14 64 9 61 42 11 29 34 24 47 59 58 33 40 53 6 8 18 10 31 20 57 16 46 30 27 3 7 23 38 49 45 25 15 17 55 12 63 41
64 16 12 6 7 52 46 44 8 20 53 15 49 62 34 10 21 33 17 58 5 25 23 40 59 1 47 3 45 31 26 51 38 29 41 32 50 18 9 35 39 30 57 56 54 11 19 63 22 60 37 28 64 42 48 43 36 55 13 61 14 24 27 4 2
64 51 18 22 48 10 28 17 59 43 2 36 14 34 31 27 52 13 53 40 33 5 38 16 26 9 12 21 54 23 62 61 56 60 35 20 58 46 63 11 15 6 47 49 64 55 37 41 39 3 32 42 4 57 8 30 44 19 1 24 29 45 50 25 7
64 51 28 26 29 52 10 58 34 46 59 31 8 42 22 6 45 11 38 54 64 19 7 23 43 5 24 12 25 55 20 37 48 50 56 9 16 17 1 3 36 63 27 62 47 44 2 40 21 30 61 39 49 15 35 33 18 4 14 60 57 41 53 32 13
64 48 8 56 17 19 31 57 45 35 61 4 33 34 20 11 63 29 58 40 51 27 37 28 3 62 12 54 52 46 38 32 55 2 30 49 22 47 43 10 5 39 53 7 16 64 24 6 50 14 25 36 1 9 21 18 13 41 26 59 42 23 15 60 44
64 18 39 62 34 1 54 46 6 42 63 12 36 57 22 47 11 7 8 40 13 16 51 64 32 30 31 37 33 3 20 48 4 21 61 50 28 35 58 23 26 2 24 14 53 45 52 15 5 44 25 27 56 43 55 29 49 10 41 60 9 59 17 38 19
64 24 51 60 34 6 18 35 38 14 28 15 55 22 46 58 27 31 26 25 3 40 12 7 19 49 41 52 30 9 32 13 48 29 8 62 5 20 21 39 37 47 11 45 42 53 44 17 23 36 33 4 57 50 64 1 43 10 2 63 61 59 56 16 54
64 43 19 33 9 64 47 26 10 62 20 1 22 4 40 28 5 13 3 12 30 23 18 46 38 36 49 58 51 57 25 54 37 55 15 16 34 17 29 32 7 48 14 6 53 24 2 27 61 31 63 42 50 44 60 39 41 8 56 45 52 21 11 35 59
64 1 39 36 29 11 23 15 16 32 58 41 34 18 7 47 53 40 49 30 3 17 10 2 19 61 63 57 4 60 35 8 12 14 59 48 56 54 44 22 46 45 21 6 31 43 33 9 26 50 38 42 28 62 25 55 13 20 24 64 52 27 5 51 37
16 67 76 68 79 70 77 72 66 74 75 71 78 80 65 73 69
64 51 58 8 9 63 62 41 7 10 36 40 11 45 38 42 6 16 53 39 18 56 33 14 30 27 34 47 3 12 17 32 55 15 50 1 49 48 5 29 19 54 43 4 57 23 44 64 13 26 2 31 59 22 25 21 37 52 61 60 28 20 46 35 24
64 18 39 17 4 23 10 31 51 52 37 44 7 36 21 47 43 12 28 62 20 40 19 58 48 32 55 30 35 41 14 56 29 49 33 1 3 16 9 8 53 64 2 26 6 22 60 13 24 54 11 59 45 57 61 63 42 27 25 15 5 50 34 46 38
64 17 32 64 16 9 56 43 33 21 7 4 22 2 44 60 46 29 42 37 5 19 26 8 3 38 57 34 41 48 1 47 62 35 49 55 36 13 18 61 28 31 54 52 14 24 12 50 6 30 53 59 40 45 58 27 15 51 11 25 63 20 23 10 39
64 12 57 59 42 61 55 20 40 53 7 15 48 43 52 9 30 4 51 37 25 46 3 33 31 50 54 21 32 28 5 35 47 44 26 1 23 6 2 17 62 34 58 18 64 60 22 29 45 49 56 8 41 13 16 11 24 63 38 19 39 27 14 10 36
64 8 6 48 41 14 49 1 10 23 3 28 21 43 53 29 64 20 9 26 12 46 51 13 36 45 56 58 34 38 4 59 35 39 52 5 32 61 57 2 27 60 16 37 18 63 19 33 62 54 17 30 24 25 50 7 11 31 47 40 55 22 42 15 44
16 66 72 71 74 65 78 69 70 75 79 80 76 77 73 67 68
64 12 61 1 14 56 11 41 47 45 35 64 59 39 54 4 58 49 6 21 33 20 43 53 7 25 9 52 26 5 10 13 30 2 32 8 36 27 29 3 38 19 51 17 16 44 60 42 40 37 62 50 48 18 28 57 55 31 46 22 63 23 15 34 24
64 36 52 10 60 5 43 41 47 39 46 2 56 49 59 31 58 26 1 18 28 48 33 44 29 57 54 16 38 53 35 8 22 42 17 50 62 6 11 63 45 55 21 51 40 14 64 34 9 19 32 37 30 4 27 23 25 15 24 3 13 20 7 12 61
16 67 79 75 78 69 65 71 68 80 74 77 72 76 70 66 73
64 50 18 31 51 14 60 6 41 54 3 46 38 59 58 21 61 2 10 29 33 30 35 42 5 25 49 45 1 20 27 17 47 37 26 15 9 36 7 52 28 53 48 12 24 11 8 4 62 44 32 63 56 13 23 57 22 19 55 34 16 64 39 43 40
64 19 28 43 14 2 23 58 45 44 3 38 64 40 20 16 42 32 48 7 55 33 12 25 53 6 5 56 27 54 13 49 52 50 61 29 21 63 8 37 31 11 9 39 35 47 1 36 4 62 17 34 60 51 26 30 59 41 46 57 15 24 10 22 18
64 3 45 13 21 43 44 25 24 34 17 64 10 42 56 41 51 38 40 4 5 33 23 12 63 2 58 7 30 52 15 22 53 49 6 39 48 16 37 18 47 55 14 27 11 59 60 32 62 20 61 19 9 31 8 54 50 28 29 26 1 46 36 57 35
16 75 65 67 79 71 69 66 74 68 78 73 72 70 76 80 77
64 58 44 29 62 27 3 46 63 2 59 45 16 21 61 24 5 30 7 9 25 54 53 37 10 40 19 41 50 57 39 38 4 22 47 32 23 28 26 12 8 15 14 56 43 60 55 17 48 34 51 35 18 64 49 13 20 31 42 11 6 36 1 33 52
64 10 51 32 49 63 13 5 11 7 25 50 1 60 12 15 39 31 16 41 6 59 54 48 21 3 58 24 26 19 40 36 43 37 20 4 52 57 8 44 34 27 47 18 22 2 53 35 42 30 64 46 17 62 33 55 61 14 56 28 45 38 29 9 23
64 3 60 26 46 27 59 32 44 35 43 47 57 54 25 45 31 40 1 55 63 28 7 48 12 9 37 2 21 30 13 62 16 33 6 17 36 49 15 4 56 58 53 64 23 41 5 50 61 14 39 42 20 10 29 11 19 18 22 34 51 24 8 52 38
64 42 62 52 9 32 26 50 31 51 34 37 49 58 1 22 28 12 46 3 36 38 63 29 13 35 16 61 56 5 64 40 54 2 17 27 59 53 20 6 47 11 24 55 23 19 18 30 14 43 48 4 41 25 7 44 45 15 57 60 10 8 21 39 33
16 78 74 67 76 65 66 69 73 70 79 68 77 80 75 71 72
64 28 32 10 46 50 27 60 63 24 51 43 41 20 39 44 5 33 47 15 62 12 14 34 26 57 35 16 64 45 58 21 49 59 40 19 4 23 1 55 8 56 54 61 6 18 52 17 31 22 48 38 25 7 11 3 53 9 2 42 37 36 29 30 13
16 65 76 67 78 69 73 66 77 74 80 68 72 71 79 75 70
64 24 3 28 33 57 59 58 8 11 6 14 4 53 10 13 22 1 60 38 27 26 46 51 50 43 52 17 39 12 55 23 47 2 20 31 25 19 63 7 37 34 56 41 16 21 5 40 18 61 36 44 30 48 32 9 54 42 62 45 64 15 49 29 35
64 36 61 42 59 22 35 9 18 3 7 53 55 26 60 32 57 43 5 48 2 6 20 25 62 47 11 30 28 1 52 46 4 29 31 15 27 54 39 64 38 19 37 49 44 10 24 14 34 33 23 58 21 40 16 17 63 8 41 13 12 50 51 45 56
16 79 73 65 76 68 80 66 67 69 75 78 72 74 70 77 71
64 59 60 21 36 57 39 53 58 24 6 15 40 18 26 50 47 3 25 41 1 32 11 28 49 27 61 22 51 14 10 17 37 16 8 35 54 33 12 7 34 20 62 9 48 52 23 13 4 2 45 19 38 56 55 43 29 31 5 42 30 46 64 63 44
64 10 46 63 4 37 62 59 64 43 23 36 3 31 30 32 39 5 15 58 7 8 44 51 14 56 33 9 6 18 19 27 25 47 21 57 24 29 38 50 13 41 48 34 28 40 54 1 17 20 60 55 26 61 16 49 12 42 45 11 35 52 22 53 2
64 14 44 27 53 28 19 35 13 52 49 42 55 64 30 21 51 37 60 58 26 48 22 36 41 2 34 3 43 59 17 33 32 20 56 54 15 31 39 61 9 4 29 63 57 5 50 6 25 10 62 11 16 23 46 7 45 40 12 1 18 47 24 38 8
64 40 37 45 60 8 47 55 9 13 32 56 38 35 50 36 12 64 1 15 41 44 53 27 3 7 52 4 61 21 17 25 26 63 58 23 57 14 20 2 16 48 46 33 59 11 39 19 31 30 10 22 62 5 49 51 29 18 6 34 54 43 42 24 28
64 2 26 44 64 28 33 27 49 19 23 13 17 50 46 31 34 51 7 41 63 18 25 10 16 5 22 15 1 40 37 11 24 8 45 43 4 20 38 62 53 39 30 58 35 32 29 52 12 47 59 6 57 48 9 42 14 36 54 60 61 3 56 21 55
64 18 30 36 11 12 35 49 54 22 9 2 44 58 16 1 34 48 10 45 50 52 51 53 15 41 5 6 7 59 57 63 39 3 46 28 37 29 38 43 33 32 14 8 60 4 20 61 23 40 56 42 26 19 13 17 24 55 21 27 31 64 25 47 62
16 73 65 77 70 80 72 67 66 79 74 75 71 68 78 69 76
64 58 33 19 61 18 17 4 32 5 53 11 12 57 36 1 56 8 44 64 23 28 63 55 3 60 49 41 46 34 40 13 48 30 47 45 51 50 7 43 54 26 2 31 35 14 37 10 62 52 39 21 59 42 25 9 22 38 15 29 24 20 16 27 6
64 48 53 47 8 24 3 21 16 46 12 5 49 23 45 7 4 11 19 38 2 55 32 20 52 33 10 57 31 17 1 37 64 26 9 27 50 42 30 6 51 59 58 62 43 15 54 39 22 14 60 63 61 25 28 34 41 29 44 18 40 56 35 13 36
64 48 12 14 51 33 31 15 4 58 55 41 23 30 5 28 62 45 7 25 9 10 53 57 44 49 18 61 64 3 56 63 17 6 46 20 26 1 11 38 13 8 34 54 36 52 32 59 24 42 40 29 60 47 27 50 43 21 22 39 37 35 19 2 16
64 4 19 62 42 21 11 20 30 22 13 2 16 17 52 53 48 32 58 28 44 14 56 29 15 43 59 50 41 54 6 45 63 36 55 38 25 49 3 18 51 46 10 47 37 7 27 9 12 1 40 24 26 8 5 23 60 64 57 33 61 34 39 35 31
64 19 31 16 9 23 61 50 60 54 30 8 18 52 42 33 28 45 27 10 24 15 5 43 6 51 56 17 2 1 48 37 25 21 53 26 11 49 32 22 57 14 58 62 4 47 59 38 34 36 7 55 12 44 63 13 39 46 40 3 35 64 41 29 20
64 20 49 2 29 13 31 39 7 19 58 35 38 55 40 42 44 61 53 45 22 34 1 33 37 62 5 52 47 10 25 36 16 54 9 43 24 64 12 14 56 15 28 60 50 21 6 51 48 41 27 23 17 30 59 57 3 32 11 46 4 18 63 8 26
16 75 78 69 66 74 68 73 76 70 72 67 65 77 79 80 71
16 78 76 75 71 69 73 80 70 66 72 65 68 67 79 74 77
64 59 9 35 56 31 33 21 54 55 27 17 7 13 16 20 47 36 41 10 30 57 44 61 39 12 14 52 3 37 43 22 50 11 38 45 1 53 62 29 63 6 18 34 49 51 5 40 2 15 64 32 48 58 19 23 46 28 8 42 24 4 25 60 26
64 16 32 48 27 29 43 24 14 60 7 42 50 64 22 56 51 33 45 52 61 12 5 44 46 4 1 2 13 59 28 11 37 54 38 57 63 25 58 3 41 31 23 47 9 39 15 20 19 21 36 49 34 40 35 8 55 6 62 18 26 30 10 53 17
64 34 60 10 28 14 49 8 3 42 31 59 36 58 7 40 38 45 9 16 47 15 57 13 37 29 18 26 17 12 62 48 50 24 25 55 56 53 64 43 41 22 27 52 61 23 2 30 54 6 32 20 5 4 44 1 21 35 63 51 33 39 11 46 19
64 25 3 30 40 28 15 16 43 22 4 46 7 55 1 36 45 24 5 57 23 12 47 58 26 21 38 13 33 9 64 18 54 34 42 53 29 14 8 41 10 56 60 2 20 59 49 19 48 31 44 32 35 62 63 17 27 61 11 39 6 51 52 50 37
64 14 38 57 54 60 35 41 22 47 24 37 1 20 44 9 33 51 6 48 17 45 36 4 12 52 53 56 58 2 40 46 64 55 13 16 30 3 61 7 10 50 29 27 43 11 21 28 32 34 39 31 23 59 8 42 18 5 15 63 26 49 19 25 62
64 19 43 46 26 23 33 63 4 30 56 41 64 60 6 59 37 45 48 13 9 62 11 57 50 47 21 52 53 7 58 38 25 54 2 49 29 31 22 27 35 32 34 55 1 39 28 3 24 20 51 18 36 12 5 40 61 16 8 10 42 15 14 17 44
16 70 76 75 79 80 66 68 74 71 72 67 73 78 69 65 77
64 16 63 12 7 25 6 62 30 8 4 10 28 59 14 39 29 32 52 58 50 43 27 3 13 17 44 20 38 5 46 26 48 64 34 57 1 24 2 19 35 60 11 54 21 9 33 15 18 56 31 49 47 37 45 36 40 22 23 41 51 55 61 53 42
64 12 30 27 13 45 35 8 52 23 4 60 44 54 17 48 55 1 22 39 51 26 36 7 31 24 32 25 41 50 42 10 16 40 2 3 56 9 33 19 59 5 63 58 37 47 21 43 18 53 57 11 20 49 64 28 62 46 61 34 14 38 15 29 6
16 68 73 71 66 69 78 79 65 77 80 74 75 76 72 70 67
47 46 32 11 79 45 61 62 2 69 13 51 6 55 34 75 47 31 50 73 53 42 26 52 70 66 15 25 63 9 71 5 67 78 8 21 20 7 23 28 43 58 24 56 12 74 40 72
21 41 29 76 26 13 42 67 8 60 63 46 23 55 77 14 58 25 30 11 36 80
7 55 58 22 18 9 80 74
69 3 8 56 12 79 43 48 7 16 30 24 63 20 62 51 37 67 76 17 33 36 19 22 74 9 66 54 77 38 70 44 10 68 45 71 47 18 72 49 46 23 25 59 55 40 69 29 11 34 1 32 21 50 65 80 26 27 64 28 2 15 5 14 78 60 39 42 61 73
72 1 2 3 4 5 6 7 8 9 10 11 12 13 14 15 16 17 18 19 20 21 22 23 24 25 26 27 28 29 30 31 32 33 34 35 36 37 38 39 40 41 42 43 44 45 46 47 48 49 50 51 52 53 54 55 56 57 58 59 60 61 62 63 64 65 68 70 72 74 75 79 80
73 1 2 3 4 5 6 7 8 9 10 11 12 13 14 15 16 17 18 19 20 21 22 23 24 25 26 27 28 29 30 31 32 33 34 35 36 37 38 39 40 41 42 43 44 45 46 47 48 49 50 51 52 53 54 55 56 57 58 59 60 61 62 63 64 66 67 68 69 71 72 77 78 79
72 1 2 3 4 5 6 7 8 9 10 11 12 13 14 15 16 17 18 19 20 21 22 23 24 25 26 27 28 29 30 31 32 33 34 35 36 37 38 39 40 41 42 43 44 45 46 47 48 49 50 51 52 53 54 55 56 57 58 59 60 61 62 63 64 68 70 71 73 76 77 78 80
72 1 2 3 4 5 6 7 8 9 10 11 12 13 14 15 16 17 18 19 20 21 22 23 24 25 26 27 28 29 30 31 32 33 34 35 36 37 38 39 40 41 42 43 44 45 46 47 48 49 50 51 52 53 54 55 56 57 58 59 60 61 62 63 64 65 66 67 68 69 77 79 80
70 1 2 3 4 5 6 7 8 9 10 11 12 13 14 15 16 17 18 19 20 21 22 23 24 25 26 27 28 29 30 31 32 33 34 35 36 37 38 39 40 41 42 43 44 45 46 47 48 49 50 51 52 53 54 55 56 57 58 59 60 61 62 63 64 66 70 72 77 78 79
72 1 2 3 4 5 6 7 8 9 10 11 12 13 14 15 16 17 18 19 20 21 22 23 24 25 26 27 28 29 30 31 32 33 34 35 36 37 38 39 40 41 42 43 44 45 46 47 48 49 50 51 52 53 54 55 56 57 58 59 60 61 62 63 64 66 68 69 70 71 73 74 76
73 1 2 3 4 5 6 7 8 9 10 11 12 13 14 15 16 17 18 19 20 21 22 23 24 25 26 27 28 29 30 31 32 33 34 35 36 37 38 39 40 41 42 43 44 45 46 47 48 49 50 51 52 53 54 55 56 57 58 59 60 61 62 63 64 67 68 72 73 75 76 77 78 79
67 1 2 3 4 5 6 7 8 9 10 11 12 13 14 15 16 17 18 19 20 21 22 23 24 25 26 27 28 29 30 31 32 33 34 35 36 37 38 39 40 41 42 43 44 45 46 47 48 49 50 51 52 53 54 55 56 57 58 59 60 61 62 63 64 69 70 71
74 1 2 3 4 5 6 7 8 9 10 11 12 13 14 15 16 17 18 19 20 21 22 23 24 25 26 27 28 29 30 31 32 33 34 35 36 37 38 39 40 41 42 43 44 45 46 47 48 49 50 51 52 53 54 55 56 57 58 59 60 61 62 63 64 66 67 68 69 71 72 73 75 79 80
72 1 2 3 4 5 6 7 8 9 10 11 12 13 14 15 16 17 18 19 20 21 22 23 24 25 26 27 28 29 30 31 32 33 34 35 36 37 38 39 40 41 42 43 44 45 46 47 48 49 50 51 52 53 54 55 56 57 58 59 60 61 62 63 64 65 67 71 72 73 74 78 80
73 1 2 3 4 5 6 7 8 9 10 11 12 13 14 15 16 17 18 19 20 21 22 23 24 25 26 27 28 29 30 31 32 33 34 35 36 37 38 39 40 41 42 43 44 45 46 47 48 49 50 51 52 53 54 55 56 57 58 59 60 61 62 63 64 65 66 69 71 72 75 76 78 79
