100 40
37 31 67 56 28 94 85 82 93 22 12 58 60 86 25 97 17 99 9 74 73 88 30 83 41 5 26 1 20 65 50 6 18 62 59 19 55 57
86 91 8 60 51 78 56 19 77 96 65 24 92 81 67 59 57 68 69 13 44 54 6 70 49 62 84 90 75 82 30 35 4 15 52 7 2 16 41 12 38 63 25 43 47 58 66 97 20 17 85 87 9 18 79 50 40 98 48 89 83 37 5 53 46 64 1 61 21 100 94 10 27 86 31 32 33 95 34 88 99 76 26 11 36 22 29
15 79 24 9 52 36 46 100 81 20 76 74 63 57 72 45
2 96 54
100 42 31 78 59 98 47 30 27 14 46 62 88 82 3 15 96 13 39 19 9 44 33 72 6 18 21 73 94 54 20 84 24 69 52 32 48 36 40 79 8 66 76 16 80 75 17 74 29 37 87 50 22 85 93 25 10 67 43 28 23 26 64 81 58 45 12 56 5 2 83 92 68 60 53 95 51 63 65 91 34 99 11 55 61 49 35 1 97 90 4 86 57 89 71 7 70 38 77 41 100
64 47 38 65 57 7 66 4 59 80 95 83 53 84 25 22 98 5 10 40 92 26 90 54 32 36 64 79 51 34 37 70 72 68 85 50 6 35 97 11 60 87 44 17 74 33 62 3 16 24 55 48 46 42 1 52 23 13 8 91 100 81 27 20 99
27 100 70 75 38 96 95 69 67 80 20 53 89 46 73 84 41 82 31 30 62 27 36 44 43 61 23 11
36 31 23 67 56 27 64 70 28 71 22 87 100 32 43 6 55 53 72 46 17 9 76 15 98 80 51 5 30 21 3 69 63 10 14 33 97
95 37 29 10 21 27 79 86 9 59 97 90 1 6 57 56 76 73 64 30 25 84 18 49 63 46 68 66 4 69 12 3 15 24 70 7 61 58 20 87 91 55 52 94 85 67 42 82 16 19 35 92 71 99 41 8 39 50 80 40 88 45 62 47 22 36 34 77 100 48 95 53 81 31 5 89 23 26 28 78 38 65 93 54 32 74 17 2 14 98 13 75 51 72 83 60
54 21 74 34 36 29 27 62 20 24 31 90 83 12 91 77 63 2 13 49 58 18 84 61 92 41 47 55 50 78 9 44 59 51 37 95 40 26 56 14 15 53 75 23 88 6 33 82 70 19 71 22 73 85 8
10 61 75 91 25 59 14 21 85 60 7
93 79 45 98 57 36 53 81 97 67 8 20 65 51 32 49 71 92 4 76 100 56 34 64 7 28 46 43 70 54 41 55 40 74 52 78 84 66 2 18 69 96 33 87 35 59 99 58 63 37 82 44 21 27 3 89 12 14 61 83 50 48 10 73 9 11 15 47 93 30 94 85 13 26 19 38 90 22 6 1 88 75 86 5 16 62 60 42 95 31 29 39 24 91
69 95 38 73 7 27 93 3 96 34 33 86 31 66 49 28 24 71 29 74 5 42 83 59 46 68 54 99 15 21 84 14 36 51 63 52 12 85 87 67 39 32 60 82 6 30 55 45 16 20 47 92 100 40 72 22 11 89 98 19 81 26 91 48 90 58 62 61 44 35
29 83 79 24 47 63 28 14 91 73 45 92 37 7 84 11 90 85 2 50 59 100 69 43 13 58 94 27 87 21
2 33 57
78 86 30 1 59 33 89 97 67 29 74 78 66 4 44 85 73 87 6 88 8 90 47 42 20 13 77 64 17 45 79 81 43 37 69 22 52 27 75 35 92 34 3 46 82 76 36 9 48 62 26 12 40 70 41 50 23 2 99 57 15 95 58 91 10 49 96 71 68 80 98 55 65 7 19 53 31 84 38
36 89 19 23 39 41 54 98 86 15 95 75 51 36 12 49 88 5 46 9 33 83 45 80 11 18 16 84 57 79 24 29 6 93 28 82 87
40 76 45 63 35 38 53 100 99 87 44 33 18 29 55 73 93 81 56 69 31 5 88 49 85 20 95 82 14 66 58 61 1 42 64 62 92 94 6 36 46
16 72 57 95 31 67 29 82 23 94 80 79 53 6 58 46 50
38 14 5 100 67 97 31 88 30 19 83 11 29 7 99 9 13 17 22 66 40 85 70 21 84 32 54 44 10 64 61 3 47 16 48 68 43 59 76
31 72 80 21 67 17 59 18 8 85 61 70 74 83 79 54 50 96 56 12 99 71 48 32 82 91 6 94 87 46 49 27
63 18 20 4 45 67 81 59 63 38 47 12 48 23 35 89 69 88 80 71 61 2 73 60 15 7 39 8 33 53 95 78 22 66 93 28 74 87 57 26 46 29 82 70 19 72 31 86 55 91 13 77 75 5 76 100 3 32 9 64 27 92 30 56
61 46 53 3 18 23 19 36 12 87 34 50 28 22 84 97 26 85 51 77 59 83 30 2 27 39 98 13 82 92 88 45 79 74 52 66 94 76 93 37 57 24 48 49 40 47 86 38 72 10 68 43 44 54 91 42 31 69 67 99 78 62
32 61 14 62 72 92 51 66 26 27 3 65 63 52 37 21 83 99 15 8 1 79 17 75 40 33 44 39 74 100 98 93 42
45 53 37 76 85 21 22 31 94 95 12 99 86 13 14 18 74 82 5 55 77 2 87 27 23 56 69 81 11 32 48 3 78 16 93 64 15 47 20 63 17 83 29 66 44 42
35 58 42 56 76 12 85 50 87 72 84 67 52 13 44 91 89 2 64 48 98 6 45 86 55 19 27 69 17 18 70 28 31 33 16 38
50 35 69 46 56 10 33 52 2 55 7 97 81 83 58 71 93 63 37 91 86 9 66 27 4 60 23 64 34 53 22 73 96 57 50 82 61 24 39 36 3 87 31 85 72 42 74 11 62 88 5
52 53 80 95 55 48 36 96 23 98 83 71 58 44 32 7 67 59 2 49 75 64 100 50 33 9 76 77 78 19 38 4 3 69 41 29 12 91 63 47 30 8 56 16 24 99 15 13 81 60 37 42 90
12 37 65 72 33 51 100 18 83 1 29 28 8
77 77 4 74 6 51 61 59 15 100 10 65 68 99 80 12 35 52 67 36 98 42 19 88 86 14 84 7 82 2 9 54 37 97 20 49 92 75 21 33 78 72 29 43 66 76 94 11 16 31 28 22 96 90 26 83 79 62 91 60 32 87 63 71 40 55 53 47 48 27 57 44 39 38 34 56 25 50
76 59 44 28 48 98 7 15 53 51 31 16 77 68 13 65 4 25 80 20 95 10 30 67 72 92 34 97 89 35 37 96 27 26 19 2 62 55 82 1 81 86 46 43 90 61 29 57 14 69 58 41 64 54 50 99 84 22 74 88 85 47 91 49 40 76 33 24 60 21 45 75 71 79 83 17 66
88 19 18 9 79 42 7 99 15 20 24 32 25 16 47 31 62 22 23 17 87 44 93 36 13 77 89 49 39 85 29 33 96 70 1 34 100 91 78 71 30 94 86 84 21 12 61 5 68 45 50 59 46 74 55 41 27 43 54 69 2 37 56 66 81 57 72 73 38 40 83 65 51 88 8 64 97 11 6 90 35 80 95 28 4 98 52 53 60
98 88 8 46 53 50 70 38 62 2 64 86 33 68 20 97 92 54 31 15 37 65 81 23 47 36 49 89 3 75 1 90 78 58 6 83 69 76 80 60 52 32 85 14 72 51 84 93 61 30 95 96 74 100 44 98 40 48 5 10 17 9 25 13 22 43 34 99 16 63 79 45 77 55 11 67 7 12 73 41 82 24 56 35 29 26 4 66 21 94 39 59 57 19 91 42 28 18 71
71 90 11 19 9 33 82 57 61 1 41 73 62 31 58 16 87 28 51 13 55 96 65 46 54 2 12 77 44 18 26 47 52 63 50 67 79 100 20 60 99 23 21 69 27 68 45 38 10 91 34 93 37 59 40 75 89 84 17 29 86 71 92 15 48 72 76 56 98 94 74 43
14 99 3 9 85 12 57 30 18 73 55 68 54 82 46
69 4 21 77 60 76 8 37 85 91 36 87 65 61 56 46 9 50 81 13 94 19 45 24 7 70 33 78 41 74 49 52 18 6 59 73 66 2 30 53 32 25 55 22 39 83 42 97 5 95 99 48 10 90 16 96 57 29 79 47 35 86 12 98 62 100 64 82 26 28
19 91 97 82 62 20 5 80 63 29 30 68 54 27 2 36 21 8 93 59
59 29 17 92 21 33 38 73 64 28 78 69 39 91 24 25 47 88 79 97 75 76 61 48 63 30 70 77 57 68 22 41 95 1 7 60 46 100 85 42 86 4 34 83 54 36 56 23 15 13 52 72 51 53 37 93 98 2 3 90
46 46 20 4 22 91 7 54 69 27 62 64 79 52 48 10 1 80 65 92 58 68 74 56 50 40 49 23 81 55 28 90 73 88 45 31 6 89 25 76 29 94 87 9 66 100 36
67 92 52 11 2 68 23 95 32 46 35 85 37 39 55 45 51 36 48 62 42 99 91 24 59 53 66 79 87 18 30 77 14 47 75 82 26 17 25 54 98 41 89 72 69 3 43 74 15 63 61 12 44 78 70 73 22 93 38 40 31 57 20 60 76 94 13 81
56 82 87 86 77 74 65 42 70 13 19 71 5 84 15 4 36 28 76 81 30 72 25 21 35 43 39 68 17 34 22 18 91 27 9 29 59 32 52 31 73 75 100 79 40 8 95 12 11 67 48 10 64 33 60 3 78
68 59 81 46 20 3 68 99 64 15 30 44 92 19 13 49 38 63 62 39 48 75 6 65 79 10 96 8 37 95 76 16 18 17 32 84 80 88 54 41 26 11 58 89 57 53 7 61 9 93 83 21 85 24 73 31 27 100 34 40 72 66 2 82 1 55 50 23 52
19 57 18 43 21 74 90 96 65 42 38 29 69 75 1 11 53 88 17 84
93 56 84 18 12 51 92 66 99 43 65 26 39 15 63 7 34 96 37 24 53 76 14 98 3 41 23 22 80 55 70 16 2 61 6 45 9 95 59 28 46 27 81 25 60 42 83 62 33 68 75 13 29 44 78 64 87 52 35 71 5 30 48 97 4 91 85 72 32 77 1 82 10 89 31 79 67 54 100 90 47 11 86 8 49 20 19 57 88 73 50 36 94 74
51 54 26 94 78 89 63 93 33 61 14 97 31 85 100 62 22 9 10 86 92 50 32 88 18 15 48 95 36 8 83 12 81 52 79 51 82 38 17 41 73 35 1 21 55 39 40 90 56 2 25 47
5 92 93 47 83 87
1 93
89 14 2 49 36 40 60 73 20 5 89 85 16 77 96 59 37 23 98 57 30 38 10 47 22 82 3 33 29 1 21 48 84 70 99 7 56 91 4 58 64 63 39 90 15 45 19 52 44 75 71 61 32 17 24 18 54 9 76 25 97 83 62 79 51 87 93 72 6 66 88 31 35 50 74 42 53 81 55 11 94 78 13 28 12 8 68 67 27 69
60 70 46 5 100 75 54 10 96 77 67 68 37 83 2 90 40 61 48 95 7 91 57 47 84 30 42 20 21 27 99 39 85 44 6 59 34 82 58 29 43 1 86 45 89 11 38 69 76 28 79 36 50 31 52 33 97 71 56 18 9
19 8 62 25 34 91 56 99 54 60 97 14 48 86 72 13 16 46 19 27
60 68 95 36 2 47 85 80 38 100 31 9 65 6 72 29 42 78 56 37 5 77 33 15 50 84 81 75 12 90 13 58 63 89 70 69 43 92 35 11 91 98 88 10 1 20 30 41 8 61 49 18 62 25 99 83 24 53 32 60 76
82 93 85 54 41 83 10 24 65 18 74 57 56 94 37 50 82 46 22 47 7 81 42 36 31 35 99 29 89 80 60 3 49 55 98 16 48 27 51 69 79 72 66 58 13 61 92 91 63 62 59 44 52 9 43 15 45 67 14 1 4 86 40 68 95 25 76 87 30 8 75 64 21 17 26 90 32 20 23 39 70 100 71
44 71 80 62 53 20 84 44 10 97 42 90 51 81 14 30 12 26 8 4 40 61 65 6 43 2 77 87 25 32 91 59 11 70 19 46 18 75 38 60 100 3 28 22 5
70 23 42 6 38 7 16 68 90 46 8 89 21 63 85 29 98 13 5 57 17 52 4 24 51 66 9 60 32 48 95 79 15 78 44 92 94 70 83 72 11 19 88 28 75 27 35 73 86 84 34 33 55 71 77 1 61 99 12 36 10 2 45 40 67 100 76 22 64 14 82
47 78 85 54 49 30 47 25 99 73 62 2 59 27 3 75 66 68 42 34 44 48 22 88 40 39 1 17 55 11 94 13 58 89 43 35 77 9 64 50 67 23 6 93 28 98 52 51
25 4 25 71 40 29 64 37 99 69 41 90 26 36 67 45 55 73 23 34 77 75 3 20 14 48
98 37 59 22 17 60 66 75 84 30 85 87 12 35 20 42 90 94 28 13 81 100 33 38 77 50 44 18 14 56 78 88 21 2 9 36 65 68 79 29 61 45 71 6 72 25 15 34 3 47 98 58 27 93 24 83 5 97 53 67 57 32 64 69 8 89 91 70 7 41 19 40 96 76 4 80 55 74 52 92 48 39 11 46 95 1 16 31 99 63 54 49 86 10 43 82 62 73 51
8 26 14 59 90 82 27 29 2
25 14 80 76 61 41 36 83 78 86 39 69 87 72 22 51 52 18 44 24 21 16 88 84 32 62
51 76 31 58 52 30 86 74 12 1 16 60 50 42 26 77 73 95 14 21 75 94 34 55 79 17 67 7 41 13 83 6 19 59 85 89 38 23 68 33 2 9 49 24 15 45 97 71 61 36 3 63
65 95 54 80 25 15 28 27 36 100 67 6 12 62 97 1 91 2 23 42 55 30 18 78 86 74 39 72 84 16 61 3 89 11 98 50 5 21 94 47 34 24 99 10 68 20 17 29 13 73 26 40 7 60 81 22 9 88 43 76 14 49 31 37 92 66
38 87 41 33 35 24 86 8 11 96 27 62 1 22 32 68 37 82 46 25 83 43 13 53 29 49 61 52 19 28 3 9 42 2 93 81 65 44 78
32 51 33 49 10 78 70 15 21 55 72 47 53 60 45 88 96 90 37 5 28 64 24 71 36 95 57 9 19 69 65 41 50
22 6 43 5 11 45 37 16 74 77 54 64 32 21 35 13 8 85 88 27 84 90 52
71 72 67 87 57 97 69 78 14 26 74 30 85 44 52 79 50 6 59 46 94 21 66 64 42 16 61 86 49 29 43 84 60 96 63 58 4 10 5 47 95 39 33 8 2 81 51 80 92 55 65 75 38 35 20 37 83 71 76 100 27 54 19 9 62 22 31 98 1 36 53 45
24 58 91 44 94 19 71 77 23 11 68 98 22 90 65 17 43 36 93 27 50 49 86 75 1
36 39 36 32 63 70 89 3 50 61 79 53 12 49 82 65 41 83 20 30 64 37 67 16 6 62 28 76 38 85 8 17 31 90 23 24 52
77 17 24 20 11 89 34 100 13 3 46 51 28 82 90 63 36 60 98 62 21 39 15 53 59 29 95 16 79 73 69 25 93 7 67 41 65 88 56 64 87 49 6 74 33 96 5 42 78 94 43 32 44 35 10 50 30 81 8 70 76 86 47 68 66 48 55 80 75 31 40 84 22 27 1 77 19 72
87 9 8 74 77 100 38 27 67 1 90 37 17 61 39 5 83 66 51 88 72 44 53 36 23 98 92 73 12 93 94 59 91 85 81 65 57 84 64 86 10 69 34 47 79 48 6 43 96 41 50 70 13 14 62 30 16 28 33 46 63 71 95 15 11 21 97 19 2 52 4 99 49 76 42 40 82 56 35 78 54 20 87 60 45 89 26 75
83 41 48 96 42 69 86 24 78 58 33 29 15 40 62 35 85 97 93 66 28 46 71 37 59 3 14 18 10 38 50 54 22 83 65 76 61 67 90 89 53 64 100 52 36 11 26 79 2 73 13 21 23 6 7 94 44 68 55 39 1 25 17 56 98 20 45 87 82 32 74 16 92 75 80 57 95 84 8 30 19 9 43 81
67 52 12 63 77 95 4 44 46 86 98 49 84 5 34 28 87 85 68 50 83 80 15 90 75 65 25 2 33 30 88 26 18 10 27 35 60 9 20 71 39 13 41 22 24 53 97 32 14 62 93 17 29 99 43 47 57 45 7 23 76 82 55 16 81 64 100 31
42 58 75 32 52 62 51 25 27 64 26 73 49 68 91 44 50 43 11 66 74 70 83 90 23 89 5 82 60 31 37 28 40 17 30 97 39 45 56 9 67 7 81
23 96 31 58 59 11 91 17 97 76 72 45 64 100 79 1 94 50 53 22 23 38 2 43
100 78 19 6 44 39 46 71 98 40 1 88 7 91 80 60 10 23 81 94 62 51 92 54 2 17 31 35 57 36 99 21 65 13 70 100 29 27 68 33 73 18 56 20 89 3 96 34 58 84 22 59 30 67 41 69 85 15 37 61 64 95 86 24 52 72 77 43 82 38 8 5 49 74 83 47 97 66 14 45 4 12 63 48 26 53 16 32 79 87 9 75 55 28 50 25 90 76 93 11 42
49 80 20 19 59 67 35 38 73 26 9 95 91 75 96 93 71 83 42 10 25 16 44 21 45 89 84 68 88 18 30 11 77 82 97 2 61 60 6 94 54 15 55 31 72 74 14 43 50 100
76 39 99 53 18 55 3 22 83 97 1 84 82 70 93 48 64 60 63 5 57 13 51 50 72 40 75 33 69 12 88 15 96 79 20 6 94 68 78 86 85 36 34 43 4 100 7 44 42 54 73 30 21 31 8 27 11 45 49 98 67 95 35 19 62 10 37 92 16 90 65 9 2 38 46 91 58
90 84 81 92 47 15 53 90 29 42 34 100 56 98 82 17 61 66 12 5 2 25 65 63 64 33 89 28 71 76 97 22 57 58 6 37 85 8 35 49 95 30 91 70 1 10 60 78 18 9 67 26 39 20 87 88 52 45 59 38 21 72 96 24 75 54 93 43 4 3 86 62 44 46 14 68 40 16 7 31 13 77 19 23 73 11 27 51 80 41 94
23 36 59 15 32 90 81 74 80 100 45 76 64 25 21 29 68 40 99 52 48 35 1 5
32 47 88 4 72 25 46 41 59 18 89 11 45 24 61 57 32 73 69 39 27 19 34 71 64 53 67 81 54 31 35 63 62
72 91 5 72 41 95 12 69 67 39 65 97 98 63 93 62 99 66 64 17 4 56 44 21 77 18 90 96 46 31 26 27 14 11 87 40 43 74 100 33 47 51 30 2 92 8 10 71 34 25 22 94 42 55 84 54 58 37 32 50 81 57 79 75 28 76 45 38 85 20 70 83 3
29 28 77 4 10 68 35 53 18 5 66 13 79 61 17 63 83 24 20 100 27 19 37 76 64 90 48 71 38 54
96 76 51 100 54 69 16 22 70 49 32 7 38 96 55 1 59 77 81 33 28 92 53 24 35 23 43 87 47 64 5 19 97 90 42 65 94 84 89 8 91 17 71 41 40 88 15 68 52 11 39 10 30 2 45 21 62 14 4 31 25 48 93 73 34 3 98 50 58 61 56 37 85 26 13 57 67 9 79 75 99 82 46 29 6 86 27 74 95 63 36 78 66 80 12 72 44
30 87 77 83 24 69 48 19 42 7 33 17 79 78 91 74 82 50 35 88 10 14 100 55 85 15 51 60 89 29 94
96 39 76 44 63 33 45 38 4 59 52 65 71 81 15 40 28 99 21 70 90 94 95 92 1 9 51 91 57 58 50 3 75 26 48 23 56 18 6 11 16 55 46 80 100 42 5 82 62 19 60 32 35 34 64 36 61 74 13 2 98 12 27 17 69 24 41 10 67 7 54 8 87 20 88 79 83 37 31 25 14 85 77 68 30 78 97 53 29 22 47 43 86 89 66 73 49
75 57 5 90 62 30 12 18 42 59 4 6 14 74 53 80 34 23 64 54 27 92 48 11 97 51 16 81 75 46 79 55 25 38 84 37 94 40 28 56 8 21 20 91 22 100 68 39 63 82 85 26 89 99 77 69 88 49 86 58 3 29 17 10 31 76 52 50 24 45 67 1 2 41 95 35
16 54 61 97 8 70 85 52 9 38 17 11 84 62 10 43 30
12 39 88 80 93 10 66 36 98 70 99 69 64
48 11 96 5 3 88 7 47 72 66 61 89 73 71 13 90 25 75 83 2 48 57 6 23 30 79 24 67 70 78 32 62 19 80 34 40 44 33 74 21 56 20 36 60 45 64 12 37 93
48 66 21 77 79 55 73 67 29 5 7 80 30 32 61 22 49 65 87 76 89 12 94 25 42 2 97 63 3 84 9 8 27 72 91 92 17 18 43 41 35 11 52 14 60 82 26 59 93
14 43 100 46 49 88 28 12 86 79 42 41 66 63 58
55 7 82 37 61 70 89 33 15 43 19 65 21 44 9 78 69 56 92 94 49 63 60 66 36 68 72 3 24 13 42 29 38 1 59 86 98 81 47 6 75 18 97 80 28 8 73 17 51 20 95 77 5 71 50 16
98 17 76 32 86 41 96 35 98 37 15 70 74 92 43 95 49 29 87 40 24 55 28 56 5 99 88 60 45 2 21 20 12 4 16 14 89 8 46 97 34 44 9 50 67 65 77 48 100 66 39 30 27 73 83 53 71 54 19 57 33 61 7 51 22 64 82 78 72 36 38 91 47 11 90 80 81 68 84 23 25 93 3 13 75 58 31 69 26 42 6 94 10 62 18 63 59 1 52
58 55 9 90 15 62 70 24 72 12 7 33 31 51 17 91 19 40 5 96 100 59 93 47 21 11 13 64 43 38 20 36 49 85 97 77 88 89 1 30 57 18 82 14 98 10 6 74 28 16 78 26 45 25 71 23 61 94 27
23 27 42 96 70 43 59 81 29 9 36 32 18 98 85 94 7 11 83 71 38 87 17 34
77 14 7 16 66 76 54 3 58 23 22 49 20 84 56 35 1 51 9 100 77 79 15 86 27 30 67 90 34 64 40 74 38 78 89 10 47 48 11 45 24 26 36 92 99 63 46 6 29 37 17 72 13 39 55 52 50 41 60 94 19 70 97 80 8 83 44 68 96 69 85 33 59 71 87 88 12 65
59 18 57 85 33 46 19 100 56 98 74 65 82 96 70 22 5 17 54 91 26 42 32 55 53 23 84 10 80 31 51 38 47 69 4 37 35 97 12 78 1 14 87 45 86 29 62 2 88 89 50 44 11 92 64 77 13 66 49 95
23 59 81 62 46 85 9 29 48 33 15 74 31 79 47 57 97 28 54 16 91 38 53 17
42 67 50 69 18 49 14 65 85 23 28 27 62 63 37 75 9 72 22 39 26 84 15 60 78 4 96 8 33 74 48 81 93 52 66 79 25 19 88 42 97 31 58
20 31 60 44 100 10 55 91 23 11 64 49 92 32 51 98 37 40 69 18 97
50 66 21 24 44 33 73 92 14 80 8 22 59 89 3 100 41 58 17 97 75 51 93 43 78 32 16 88 7 67 4 57 31 42 96 34 27 77 60 79 39 5 1 83 82 25 50 28 10 35 99
99 66 70 84 4 31 53 65 99 71 67 33 46 55 35 94 85 29 20 27 93 37 25 52 98 86 60 54 13 38 10 73 83 40 18 32 45 12 24 97 68 57 87 91 16 1 77 26 50 89 21 78 30 17 82 63 64 22 47 96 5 7 48 23 41 76 36 51 42 75 39 19 11 59 6 28 15 58 44 9 95 14 2 72 88 69 74 80 92 61 3 79 34 81 8 100 43 90 62 56
1 22
57 58 67 16 36 41 84 62 39 86 54 51 32 93 43 44 50 15 79 42 99 100 81 49 59 18 61 78 34 98 23 33 83 27 55 28 35 75 3 73 20 63 88 64 60 40 53 5 48 8 76 80 30 89 92 24 2 21
2 31 87
63 61 55 33 56 70 44 9 75 81 20 98 89 22 41 52 1 79 62 18 59 3 65 51 31 97 93 95 29 42 48 86 47 19 5 63 8 6 94 21 2 68 30 53 26 76 96 49 10 34 15 23 83 11 46 12 38 66 90 50 43 58 91 77
60 24 78 39 12 18 32 42 52 93 43 84 15 91 95 28 35 76 6 5 3 77 29 1 47 11 10 23 92 58 17 97 63 55 14 99 8 74 60 27 51 56 66 96 54 79 61 21 57 33 37 34 48 87 45 67 69 73 83 81 26
11 22 30 35 18 91 53 58 49 74 97 77
57 53 39 64 70 89 17 52 9 31 34 56 45 88 24 4 41 97 14 30 22 61 95 36 20 93 84 60 2 12 83 44 26 11 27 54 57 43 63 72 94 18 16 5 3 51 21 73 28 49 85 32 23 80 59 66 98 75
61 54 35 29 52 42 81 87 7 65 90 4 73 49 33 38 85 94 59 79 75 62 22 21 36 55 76 77 14 99 1 88 30 25 31 69 63 56 5 27 93 18 100 68 48 44 82 91 9 11 34 45 12 66 6 53 71 84 16 97 40 92
78 53 13 98 88 68 81 36 16 70 100 96 26 14 86 75 61 74 31 47 99 85 3 72 18 17 48 58 23 38 94 50 10 87 62 95 67 27 21 19 11 43 35 79 2 59 24 52 1 8 65 60 33 49 77 84 90 39 57 7 92 34 42 51 37 4 22 76 45 6 20 63 55 83 41 93 40 12 44
92 12 60 59 31 80 92 36 98 67 41 5 42 70 4 87 22 3 86 23 13 8 62 47 76 15 40 52 35 9 78 58 2 83 29 79 73 88 25 44 55 75 27 65 93 51 74 14 82 18 96 20 90 68 94 1 84 43 72 30 45 48 100 38 24 46 37 66 28 97 71 61 19 26 33 56 39 10 32 54 91 89 21 85 95 7 81 50 69 99 16 34 6
83 14 1 6 50 19 65 34 81 52 74 17 87 44 24 98 31 43 2 45 25 55 27 48 99 11 56 49 15 73 12 97 68 82 29 91 90 40 20 76 64 16 72 57 59 35 42 94 47 92 51 54 61 60 83 4 18 41 37 46 93 62 8 30 58 33 79 38 22 7 86 80 95 77 28 71 9 13 5 70 21 10 36 66
36 82 77 65 74 68 46 43 94 78 44 89 100 23 58 20 9 56 40 86 34 83 28 15 91 51 27 21 67 35 6 5 32 50 66 31 96
60 54 62 38 93 70 10 28 3 72 65 81 22 42 90 87 9 34 29 52 84 75 40 2 61 53 57 89 91 97 12 30 69 20 8 50 51 59 44 19 37 45 76 73 7 55 25 1 95 11 74 96 79 26 13 31 46 100 58 14 80
5 12 81 92 58 71
44 57 25 63 43 13 2 95 53 90 12 20 4 56 61 93 6 22 66 59 17 74 68 19 50 62 7 34 38 75 100 9 71 64 23 33 31 80 87 46 99 76 39 8 55
22 44 23 3 63 83 49 9 41 12 76 88 73 46 75 42 58 61 26 93 57 86 85
23 59 49 69 34 53 98 13 90 75 52 16 54 82 81 97 40 77 31 4 42 72 47 45
4 50 65 29 30
25 62 73 60 74 53 19 13 48 69 100 87 64 43 76 61 30 12 63 93 44 79 84 89 97 71
28 72 75 12 62 35 68 28 23 49 48 85 2 63 94 7 46 29 42 70 39 73 33 41 77 27 54 86 69
58 24 11 66 71 20 40 75 99 41 45 10 100 92 44 18 76 70 38 86 42 73 32 61 78 46 77 94 63 26 37 7 96 59 29 31 9 62 93 4 35 15 21 97 55 80 27 81 72 90 82 43 58 56 89 28 5 2 69
65 19 21 25 36 29 65 54 87 6 32 33 96 84 99 27 60 75 50 48 78 64 13 11 7 58 41 98 92 38 74 31 18 100 62 42 23 5 95 63 51 80 30 53 88 26 39 97 91 85 45 44 72 66 93 76 79 77 40 73 56 47 49 83 68 89
68 88 74 98 48 78 84 29 60 31 91 75 49 22 27 52 46 51 50 87 34 82 9 54 90 32 80 11 64 28 76 79 56 3 44 55 72 100 30 8 7 4 47 67 38 94 70 57 2 43 18 41 81 53 83 13 61 33 24 10 21 77 92 40 93 99 69 63 26
86 61 43 50 89 85 88 63 81 34 5 39 42 70 11 31 90 95 30 32 71 14 2 21 77 73 17 37 48 66 51 26 20 13 94 27 93 76 79 40 47 7 78 65 25 83 16 69 44 84 23 67 6 41 80 3 62 53 19 36 97 72 55 24 86 52 60 49 29 87 64 15 57 28 68 98 54 10 58 74 59 8 46 12 38 45 75
21 53 66 87 22 82 67 69 90 30 70 41 7 73 79 56 34 8 18 35 52 36
36 90 88 66 40 35 91 1 53 46 96 19 4 57 94 31 73 82 59 43 18 42 48 93 55 12 22 23 8 87 79 38 60 2 17 65 27
52 98 90 8 59 49 1 34 75 88 25 82 11 86 43 48 53 93 76 61 57 50 37 28 77 63 100 89 27 58 73 56 19 68 21 81 40 18 31 99 44 42 45 46 60 17 14 24 79 85 13 80 69
11 65 31 86 17 60 97 9 92 24 58 30
70 21 46 14 77 87 96 53 41 15 4 92 79 33 5 30 50 42 72 56 32 80 68 45 98 47 55 57 17 48 28 94 40 75 52 51 63 71 36 44 25 31 6 83 20 74 7 61 82 81 58 49 3 34 24 8 29 85 89 88 67 64 43 73 90 37 65 27 35 38 69
87 21 88 49 100 89 69 43 60 67 44 65 94 93 9 48 33 62 55 77 74 3 82 10 87 97 13 54 53 64 76 7 70 98 37 91 35 16 4 34 95 22 58 11 83 92 85 78 26 28 8 36 12 68 66 86 61 51 23 2 17 42 72 52 59 96 27 41 45 6 80 75 79 73 46 57 5 50 63 30 71 19 14 31 32 81 84 20
66 22 26 27 80 92 7 41 83 24 1 91 56 57 29 79 84 11 90 94 60 77 88 13 71 62 93 78 5 28 68 47 95 39 100 76 44 45 37 6 33 63 53 34 64 51 61 16 17 65 69 31 73 38 43 74 55 89 40 87 97 8 99 25 35 9 15
14 30 60 87 64 85 24 34 41 93 9 26 77 62 94
8 19 20 100 61 24 82 65 90
22 30 27 80 96 88 94 41 95 65 71 69 11 59 38 99 68 36 91 21 24 62 35
81 25 34 78 13 12 72 81 65 90 83 77 8 91 89 61 37 49 22 40 30 96 68 70 74 82 20 32 31 36 59 9 2 50 64 6 79 75 93 10 3 87 60 62 1 53 23 4 57 48 42 33 5 11 85 92 100 39 35 69 97 26 28 88 73 44 38 80 66 86 71 24 29 76 58 18 67 16 43 54 17 41
81 87 39 15 23 85 89 28 86 96 22 50 83 65 2 78 44 20 72 94 16 82 46 34 95 99 31 97 32 12 68 91 10 90 66 63 9 33 48 25 57 35 21 69 6 42 3 71 52 43 100 92 5 51 79 67 54 70 45 81 18 41 17 4 36 80 62 19 37 93 60 13 24 11 49 88 98 58 75 38 30 47
37 19 6 86 85 77 93 30 62 33 28 83 27 51 23 43 96 48 37 68 67 91 10 84 40 2 79 34 4 100 50 56 74 99 46 11 89 45
72 93 46 36 51 58 74 2 79 82 3 17 86 66 67 10 19 92 62 5 98 78 9 100 84 33 85 89 96 68 20 60 70 49 44 95 15 40 21 42 1 35 30 75 27 7 99 18 97 25 8 6 63 65 91 53 32 83 14 31 87 41 52 26 81 29 39 45 47 71 90 37 69
7 75 18 27 79 30 13 26
