100 40
80 9 32 70 18 20 47 78 11 29 45 15 17 57 10 41 26 52 1 71 22 69 13 76 25 79 8 28 68 56 42 14 19 50 77 16 73 63 4 66 48 38 23 61 24 46 55 74 54 49 27 12 44 67 2 65 39 35 59 60 51 58 5 34 40 62 64 3 72 21 80 75 36 43 7 31 33 53 37 6 30
80 51 20 12 23 33 22 48 72 45 16 25 58 76 4 41 65 34 5 30 7 27 32 21 36 1 11 50 6 75 39 43 10 66 52 56 61 77 8 63 29 17 79 64 31 74 49 18 15 55 57 44 68 71 40 37 70 24 69 80 47 9 73 62 38 53 26 42 35 13 14 3 59 78 46 2 60 54 19 67 28
80 38 30 1 70 9 48 54 53 66 4 24 80 49 55 18 6 44 21 10 40 14 74 13 29 45 64 59 15 47 8 67 79 71 43 33 50 60 39 36 19 68 7 20 11 27 31 58 16 73 78 25 75 32 5 63 61 22 69 72 28 52 34 62 2 77 42 17 46 35 26 56 37 51 12 57 76 23 3 41 65
20 90 88 99 94 83 86 81 96 98 85 87 92 82 93 100 89 97 95 91 84
20 93 86 88 89 83 82 81 96 91 98 85 92 90 94 97 100 99 95 84 87
80 8 66 7 69 20 4 14 1 2 56 21 53 27 3 19 78 28 46 11 5 34 35 48 13 12 77 80 70 25 73 24 39 38 51 30 41 40 29 50 17 9 72 15 26 71 64 6 45 47 52 37 68 74 44 61 22 49 58 67 76 63 54 32 57 10 59 65 43 18 60 16 55 42 23 75 36 79 33 31 62
20 93 86 99 89 85 97 84 95 82 81 98 91 94 87 96 90 92 88 83 100
80 25 21 78 63 15 23 41 68 8 40 30 19 77 11 1 29 28 36 35 44 60 67 13 10 38 64 53 48 62 75 32 27 72 80 4 37 17 3 26 14 12 69 31 61 39 70 56 59 7 47 33 58 65 24 51 5 20 54 52 16 74 46 79 57 42 6 49 50 45 43 76 66 9 71 73 55 34 18 2 22
80 27 22 30 28 54 77 19 45 34 67 10 47 16 6 3 29 37 51 46 36 32 74 12 76 73 72 40 8 59 62 50 13 43 21 53 79 23 66 69 39 14 31 18 42 68 24 9 41 11 20 57 48 7 80 38 56 1 26 65 2 4 52 33 63 55 35 70 44 49 71 78 15 75 61 60 64 17 58 5 25
80 80 12 39 63 53 18 54 26 70 41 29 55 52 6 13 47 25 64 50 19 40 67 51 32 34 37 14 23 2 48 57 44 69 7 62 49 35 59 79 56 9 42 61 27 22 1 5 4 74 36 33 65 73 71 38 31 68 60 30 17 45 76 10 24 46 78 72 8 3 21 15 75 43 58 77 28 11 16 66 20
80 41 16 33 19 62 27 47 78 57 56 24 31 18 7 54 6 71 29 10 68 75 1 38 53 60 36 14 46 2 12 48 22 63 28 55 32 58 9 45 3 15 4 70 17 79 39 37 30 11 50 26 34 73 21 44 52 77 8 43 76 66 20 51 5 42 25 65 64 61 59 13 35 74 80 40 69 67 72 23 49
80 55 40 70 79 16 44 14 39 77 34 8 11 41 56 30 72 46 10 53 42 29 26 54 67 17 28 12 5 71 49 47 33 59 15 64 68 38 24 31 80 21 61 6 76 50 19 48 9 20 57 58 73 13 3 63 27 18 75 62 7 65 66 69 22 2 60 43 23 51 78 35 37 32 36 52 74 4 45 25 1
20 89 91 95 93 96 90 86 87 97 100 84 85 94 88 82 98 99 92 81 83
80 57 7 10 36 13 50 51 26 69 2 21 30 75 29 12 23 56 17 64 28 53 66 31 27 39 68 38 42 40 72 6 1 8 77 16 24 63 14 45 49 33 76 32 15 34 43 25 54 9 62 46 65 4 47 41 48 74 59 55 61 70 67 52 58 18 37 5 3 22 19 35 78 44 73 79 20 60 80 71 11
80 25 35 55 52 17 61 68 58 43 60 10 76 28 15 31 41 48 59 38 62 54 75 47 8 4 32 64 12 22 18 39 67 19 80 44 65 37 72 30 53 26 9 20 27 57 50 3 7 6 16 74 63 66 40 23 51 2 14 36 78 79 1 46 73 33 69 11 56 45 42 24 77 70 5 71 49 21 13 29 34
80 64 78 45 13 2 40 15 66 32 75 46 1 49 44 79 10 76 23 6 53 50 12 73 18 72 25 42 51 74 29 20 80 36 60 68 63 28 70 58 27 56 9 22 39 35 21 54 48 11 30 43 7 71 24 5 67 65 52 59 69 31 33 34 41 37 19 8 38 3 16 26 17 77 4 62 61 47 57 14 55
80 17 71 59 9 15 74 62 66 18 65 16 6 56 2 72 45 33 23 67 75 46 25 37 27 44 61 26 43 79 42 78 77 36 55 49 30 80 4 63 34 35 50 8 68 41 52 32 10 76 69 54 40 3 58 60 48 12 1 20 73 28 5 7 64 14 39 38 57 31 53 19 47 70 22 13 24 29 21 51 11
80 29 28 35 4 54 44 61 31 17 36 51 22 71 67 8 77 13 33 59 21 68 76 27 1 50 11 16 34 41 49 39 70 69 40 15 7 5 56 45 47 80 78 3 6 62 26 52 42 58 38 10 55 72 24 64 79 75 18 30 32 19 48 57 37 60 73 63 20 9 14 66 2 12 46 23 43 53 65 74 25
80 65 64 18 41 7 1 50 25 20 59 69 2 6 40 39 16 14 9 38 54 68 58 23 55 63 74 29 80 46 60 28 70 79 13 43 48 15 45 57 36 19 27 24 5 77 21 49 73 53 8 72 30 10 22 47 34 61 75 11 31 17 52 67 37 32 12 26 35 56 78 76 33 42 4 62 66 44 3 71 51
80 46 8 80 12 27 31 2 36 57 13 20 63 17 9 59 48 73 65 30 44 68 53 78 55 39 16 62 10 40 21 25 47 74 41 37 77 50 28 3 54 71 6 56 42 26 35 72 45 76 18 22 11 43 14 19 52 7 69 4 58 51 5 15 64 1 23 67 61 60 29 75 70 49 34 32 38 24 66 33 79
80 40 57 8 34 24 31 32 5 43 58 42 23 53 72 35 66 52 78 19 73 79 76 46 59 38 50 6 27 15 20 67 68 44 71 61 62 74 13 77 10 41 55 64 12 69 21 30 60 3 80 33 47 2 28 7 14 36 63 1 26 39 70 65 54 29 22 37 49 16 75 48 56 17 4 9 11 51 25 45 18
80 16 30 36 20 38 60 73 75 12 18 64 78 26 4 1 41 67 31 42 62 79 32 45 54 14 23 57 80 56 53 58 72 7 34 77 19 2 76 33 44 68 74 5 13 25 63 50 51 61 39 43 69 21 49 9 65 29 66 46 28 15 10 22 48 37 70 35 71 8 55 11 59 40 52 27 24 47 3 6 17
80 70 50 19 11 12 57 31 30 42 54 40 10 3 65 36 24 37 76 73 22 58 67 17 63 6 27 44 35 56 41 75 74 46 38 55 64 48 78 47 16 53 25 71 29 4 33 28 1 8 32 43 69 68 18 80 52 26 72 77 23 61 15 21 39 66 5 51 60 2 7 59 45 9 62 13 34 79 49 20 14
80 74 14 4 36 55 2 1 13 19 16 41 64 59 53 51 62 54 73 44 68 24 67 10 29 58 56 50 20 15 18 63 21 78 23 3 65 38 27 45 6 66 7 26 49 77 32 34 60 28 80 70 47 79 9 71 17 57 35 43 52 46 48 25 42 76 12 30 11 69 40 33 8 75 72 5 39 37 31 22 61
80 54 14 10 49 15 28 80 37 44 45 33 59 69 50 79 38 19 22 30 41 52 20 78 12 70 18 27 8 71 26 57 51 39 68 35 32 73 64 63 77 60 42 61 47 24 53 72 25 5 23 13 4 75 43 1 40 2 9 66 11 48 62 74 3 7 17 55 6 31 16 58 56 46 29 67 76 21 34 65 36
80 33 58 15 79 19 12 1 30 59 75 62 38 11 10 54 14 64 44 34 29 40 3 51 20 6 27 52 16 67 73 9 22 55 24 26 71 50 74 69 60 37 77 35 13 28 25 49 57 61 72 68 78 18 41 46 80 63 65 42 17 36 5 66 53 31 7 76 70 23 39 21 8 43 4 47 45 48 32 56 2
80 44 8 15 23 49 73 50 67 9 5 10 22 60 51 39 24 70 57 28 72 36 20 62 18 38 31 14 33 34 47 1 45 3 54 6 68 7 79 80 41 46 26 69 58 43 40 19 78 12 74 53 66 77 63 71 4 21 13 27 56 65 61 11 32 30 16 64 59 17 55 75 2 29 52 42 48 35 37 25 76
80 34 9 79 14 1 37 56 23 66 72 64 77 45 2 46 43 47 48 40 28 70 24 7 76 32 71 19 75 31 57 29 25 11 16 53 4 59 10 17 42 27 49 12 39 80 5 44 61 20 65 63 21 33 15 69 22 78 67 62 35 13 41 18 50 8 60 73 52 6 3 55 38 30 58 74 51 68 54 36 26
80 48 61 79 24 6 59 45 42 33 64 50 57 39 78 43 38 23 37 74 12 17 70 65 22 71 14 63 54 25 35 8 15 66 73 62 5 56 30 47 60 29 19 21 9 55 13 75 77 7 76 2 41 34 32 40 26 72 4 52 31 80 20 18 28 51 10 16 58 3 67 1 36 49 11 68 69 53 44 46 27
80 58 3 64 40 35 77 61 10 33 72 28 52 16 54 29 34 14 75 4 25 8 45 66 22 67 59 79 15 56 51 19 74 27 44 49 20 46 1 23 38 60 48 65 26 12 80 21 63 43 31 50 73 71 36 32 37 24 62 13 18 70 5 76 78 68 2 30 39 17 9 7 53 47 41 6 57 55 11 69 42
80 48 25 7 72 40 28 80 16 69 49 61 43 26 74 34 15 36 32 57 56 59 2 23 9 60 71 4 54 52 67 31 77 19 73 62 6 64 78 39 27 70 50 10 1 17 53 68 58 12 46 13 5 42 3 33 66 55 30 63 47 24 75 21 38 37 35 11 41 14 51 44 45 79 8 65 29 22 76 18 20
20 94 88 91 81 87 85 97 96 99 89 98 82 93 83 92 86 95 84 100 90
80 68 73 30 8 52 43 76 67 22 11 44 64 18 37 50 69 6 62 10 72 79 32 55 20 70 66 4 1 61 75 53 48 65 31 78 33 59 9 2 17 12 71 24 51 54 21 41 58 39 5 19 45 80 34 38 23 63 77 15 26 42 29 60 56 36 27 35 25 40 57 13 28 46 74 47 7 49 14 3 16
80 52 80 15 36 44 56 20 40 27 14 62 16 24 28 6 35 10 73 45 66 2 71 18 17 74 41 67 23 37 4 11 32 9 69 70 42 19 46 64 3 47 75 22 48 43 49 5 59 65 12 68 1 8 61 38 54 29 57 33 39 51 79 55 76 7 63 31 72 26 78 30 34 77 60 58 21 50 25 53 13
80 23 18 5 72 44 56 27 14 76 78 8 77 52 63 59 68 30 47 53 66 80 28 4 2 43 10 20 29 12 61 39 1 62 37 38 67 25 48 71 21 11 51 79 40 24 36 7 19 69 41 55 57 13 3 9 26 6 74 17 46 31 42 33 34 73 75 45 65 50 15 64 22 35 54 70 16 58 49 60 32
80 50 30 8 79 25 19 58 72 67 40 44 9 7 43 41 35 22 60 73 64 28 36 68 77 15 32 52 2 1 6 74 37 55 24 3 51 27 21 49 62 23 75 78 11 46 56 12 47 26 57 69 16 38 63 31 20 17 71 34 53 13 65 45 48 29 80 61 5 66 14 10 33 70 39 4 18 54 59 42 76
80 2 22 65 44 64 56 31 3 15 33 75 77 36 25 61 10 47 80 11 68 26 74 78 51 40 14 6 4 35 50 62 7 49 48 70 34 53 20 72 38 39 67 76 60 71 1 52 21 19 12 9 57 79 24 55 17 42 16 46 5 43 8 54 29 37 63 13 18 66 59 23 73 28 58 27 41 69 45 30 32
80 15 70 42 50 24 76 14 49 13 65 71 17 38 66 8 3 35 16 78 64 69 28 75 59 10 27 34 80 77 39 56 73 48 11 55 1 21 6 57 72 30 51 32 43 5 2 22 29 36 61 18 37 52 53 46 33 25 12 26 4 23 40 45 19 74 63 9 67 7 62 54 20 47 41 60 68 79 44 58 31
80 73 59 36 48 51 34 4 28 24 50 58 7 9 79 68 47 69 80 57 1 25 65 63 13 54 72 60 44 19 46 74 71 18 32 62 26 6 77 5 61 11 29 15 52 37 33 30 75 27 40 56 76 41 53 17 8 2 70 49 39 16 42 14 64 35 67 23 31 3 45 43 38 78 12 55 66 22 21 10 20
80 34 53 19 65 39 38 20 9 5 77 72 11 16 54 18 64 36 23 42 7 8 33 25 73 6 57 74 52 31 13 63 80 62 10 1 78 28 32 49 14 29 3 47 61 79 35 58 4 45 71 67 60 21 24 17 56 66 76 59 46 48 43 44 41 27 70 55 26 51 75 68 30 37 40 12 69 22 50 2 15
20 84 94 93 86 99 92 81 98 87 97 82 88 83 96 90 95 85 89 100 91
80 75 18 25 53 46 62 44 29 70 79 1 17 20 27 58 15 63 80 14 7 39 48 33 52 9 60 3 51 72 67 68 54 37 76 65 78 6 66 35 12 59 36 74 5 50 23 42 30 43 55 45 21 26 11 19 56 16 24 61 22 49 13 47 32 38 73 64 31 41 77 57 71 28 4 34 10 8 2 69 40
20 88 100 87 92 95 89 93 98 97 94 96 85 84 86 99 83 90 91 82 81
80 11 29 5 8 40 72 76 78 10 47 49 61 22 6 25 43 74 64 26 39 45 30 17 48 75 77 58 9 23 80 12 2 20 1 7 13 16 57 4 32 15 53 21 28 73 3 55 67 33 71 59 54 46 52 31 38 79 42 35 50 41 69 66 44 18 62 24 65 19 37 51 14 27 36 34 56 60 68 70 63
20 98 94 96 95 89 97 91 99 87 100 92 82 86 81 90 84 93 83 85 88
80 17 53 78 58 70 50 61 59 52 73 77 35 19 11 76 60 3 10 30 29 39 55 79 28 37 45 46 12 51 36 26 16 65 20 54 13 7 15 72 32 66 56 63 74 62 9 69 41 43 14 8 47 57 49 21 34 22 1 67 18 75 64 48 68 6 80 5 42 27 25 24 40 38 71 4 23 31 2 33 44
80 30 15 11 67 77 64 33 42 7 36 78 5 32 2 39 20 70 63 4 38 18 72 6 74 22 3 14 46 43 49 55 37 9 25 45 61 13 28 48 57 47 24 51 54 35 12 68 56 52 50 19 58 73 21 60 59 44 26 8 62 79 31 53 75 76 71 17 16 41 34 80 65 23 29 69 27 1 40 66 10
80 32 31 63 5 15 74 57 3 75 79 12 33 71 24 40 76 59 65 26 48 6 64 23 27 35 68 7 80 67 73 69 1 41 62 2 78 21 28 38 22 54 4 8 16 36 77 60 47 61 11 18 53 50 51 25 17 29 42 20 66 30 46 10 56 70 58 49 19 14 37 39 44 9 34 55 45 52 13 43 72
80 44 3 63 58 49 4 77 5 56 11 16 8 47 53 52 62 12 19 76 9 45 50 46 70 28 72 32 21 79 20 25 37 6 61 22 15 73 26 71 51 18 10 33 60 65 39 14 64 80 55 42 78 75 34 23 74 57 67 48 29 36 1 59 68 69 38 35 30 66 27 41 7 2 24 54 31 17 13 43 40
20 99 88 92 81 100 84 86 87 97 83 85 93 89 95 90 96 91 94 98 82
80 36 22 76 31 10 49 8 35 54 41 48 45 38 74 23 11 14 39 59 20 66 77 71 37 32 33 34 65 79 4 43 17 18 69 19 6 53 52 9 24 57 5 30 78 60 12 56 73 21 29 68 50 26 51 70 1 25 72 80 13 15 27 2 40 42 58 75 28 44 61 7 63 46 16 62 67 47 3 55 64
80 19 79 51 56 12 54 15 33 62 3 53 4 40 76 32 42 50 67 68 23 49 29 60 25 44 52 69 73 18 31 7 57 27 5 77 17 75 71 64 74 16 35 13 66 10 58 1 22 6 8 55 63 41 65 24 59 36 34 14 48 47 9 70 21 38 72 46 61 78 43 80 26 45 28 30 37 11 2 20 39
80 61 58 54 68 48 11 31 7 8 59 63 69 4 36 44 52 23 39 60 78 16 19 71 35 53 49 67 74 21 5 76 45 6 27 17 41 20 29 55 37 25 43 42 73 10 33 26 9 22 3 24 14 34 77 47 38 66 62 13 1 51 56 28 65 46 32 64 80 30 12 57 2 40 70 75 79 72 50 15 18
80 24 4 80 53 46 57 73 79 58 5 43 14 45 36 22 52 54 59 1 29 15 39 33 28 38 66 16 31 26 11 51 76 44 21 8 56 72 40 68 2 42 48 27 10 9 49 47 69 35 61 13 18 23 37 70 74 30 78 50 7 64 17 3 65 6 32 77 71 34 55 67 62 20 60 12 63 75 19 41 25
80 51 79 10 63 72 58 77 50 9 54 45 49 44 65 28 43 75 25 34 73 15 32 33 24 47 27 21 19 70 66 71 8 36 46 56 74 5 14 29 23 2 76 30 22 41 35 26 7 6 37 38 42 48 12 52 64 55 67 17 16 59 3 1 53 61 62 60 69 31 68 57 13 40 80 39 20 4 18 11 78
80 73 24 12 33 62 31 55 46 35 16 71 5 70 47 64 27 10 1 4 79 28 57 77 45 49 8 40 74 53 42 66 59 17 29 22 69 23 76 3 60 38 34 39 63 80 13 30 44 68 6 36 21 15 11 65 58 32 75 7 61 54 67 26 41 51 43 72 18 20 48 50 14 56 78 25 2 52 9 37 19
20 92 84 91 90 85 83 97 96 82 95 100 88 99 93 86 94 87 81 89 98
20 96 82 92 100 83 93 98 87 97 86 90 81 94 88 91 99 84 85 95 89
20 92 87 98 99 96 93 82 85 100 95 88 94 97 91 84 89 90 83 86 81
80 37 9 26 51 25 70 13 77 33 61 44 31 60 38 29 66 69 19 5 7 35 78 80 56 24 42 12 59 62 71 32 21 4 14 49 22 64 54 72 75 40 30 76 65 52 48 74 45 10 34 20 6 11 8 28 1 36 53 17 63 2 23 67 47 55 46 18 58 43 73 3 41 39 50 27 68 79 57 16 15
20 99 84 86 98 100 97 95 93 89 90 92 87 96 83 91 81 94 82 85 88
80 32 42 55 25 61 29 49 77 15 73 41 50 74 72 53 66 14 35 2 64 52 40 13 54 43 18 36 34 5 46 33 70 45 20 4 30 7 47 38 26 44 27 60 17 51 28 65 78 19 59 58 9 71 68 1 21 39 56 16 80 6 12 79 67 3 11 10 31 75 62 22 37 8 63 76 69 23 24 48 57
80 71 12 39 4 45 6 37 36 74 65 15 21 29 18 64 48 11 27 32 70 22 17 61 19 55 67 34 60 43 1 72 47 5 62 53 9 41 78 68 30 59 75 14 35 56 51 26 3 2 42 69 46 40 8 13 66 73 77 58 76 50 16 44 31 24 23 38 20 79 57 63 10 52 7 28 54 49 80 33 25
80 6 9 74 80 55 31 62 53 10 65 60 50 14 45 41 27 20 73 21 28 43 35 4 66 77 72 78 56 25 29 37 34 39 64 11 63 13 46 54 42 18 40 22 57 12 30 49 76 17 70 38 47 32 36 71 67 3 26 16 58 79 59 33 5 51 2 44 52 7 69 19 68 24 23 75 61 8 48 1 15
80 36 15 72 17 35 6 59 29 13 76 55 11 9 78 51 2 25 60 18 73 45 10 79 28 58 12 61 31 37 33 42 43 24 19 5 8 52 56 44 47 77 46 1 32 38 20 62 80 7 23 14 27 30 70 69 64 21 16 22 40 75 67 41 74 54 63 49 34 26 65 4 50 3 71 68 57 39 66 53 48
80 48 73 59 62 50 77 5 57 45 15 18 30 67 47 26 14 65 32 70 2 66 35 63 19 22 39 17 49 68 31 37 23 53 75 20 38 69 21 54 44 34 11 64 78 9 71 40 24 12 58 13 1 25 72 43 28 3 74 51 16 10 36 4 61 52 56 33 60 46 79 27 6 76 29 55 8 42 41 80 7
20 84 87 96 94 81 85 97 82 95 93 100 86 88 92 83 99 91 98 90 89
80 5 51 55 57 13 66 29 14 12 6 37 77 17 26 59 42 10 53 30 36 4 19 32 56 15 76 8 21 31 78 64 43 38 44 79 54 48 72 69 74 33 28 40 20 62 65 46 16 68 73 3 60 71 58 63 23 1 39 9 25 11 24 52 67 70 45 41 61 22 47 2 7 35 80 50 75 27 18 49 34
80 53 69 21 75 29 48 35 68 51 64 30 38 34 50 57 24 19 15 46 44 6 36 74 39 65 56 67 20 66 71 60 59 5 32 2 55 41 17 54 49 70 72 78 58 22 40 62 4 8 76 37 1 31 73 7 45 52 28 42 13 79 77 33 63 18 47 16 25 11 9 14 80 23 26 61 12 27 10 43 3
80 58 6 45 61 24 73 33 28 20 57 34 46 52 66 35 16 31 23 39 60 22 10 13 65 25 56 77 59 11 5 37 54 69 3 55 9 18 72 36 71 42 21 14 8 43 38 15 2 32 27 49 64 7 4 74 51 67 63 30 12 79 48 44 26 76 68 17 40 78 75 70 41 50 29 62 19 47 80 53 1
80 35 29 77 10 68 31 51 19 69 65 76 12 3 22 18 72 43 4 73 33 62 55 44 61 28 45 64 6 14 58 8 71 37 36 16 20 70 67 2 21 38 25 59 11 75 79 80 26 46 42 39 56 53 78 49 63 48 54 17 9 52 50 66 40 5 15 32 34 7 27 23 47 30 1 41 13 57 60 74 24
80 22 2 8 16 31 68 70 45 19 61 7 79 48 10 41 30 9 37 36 43 50 14 44 69 74 3 57 77 15 11 75 39 73 49 51 27 60 13 65 67 28 5 47 64 21 76 18 20 56 63 42 32 34 58 25 35 52 80 38 62 4 71 54 1 12 46 26 72 17 33 55 24 78 6 59 66 53 23 29 40
80 32 72 25 17 28 33 53 34 19 47 80 78 36 64 57 30 59 43 12 6 65 73 23 22 52 69 40 35 68 16 62 38 26 58 75 48 74 79 15 18 41 1 76 55 44 77 42 7 13 14 3 54 51 8 5 29 39 67 20 21 71 10 24 9 2 27 37 45 70 50 56 61 4 60 31 11 66 49 46 63
20 97 98 86 93 96 85 100 90 82 83 91 81 84 89 95 94 88 92 99 87
80 38 72 71 66 65 73 28 6 56 19 63 74 44 24 8 54 35 62 78 42 70 64 27 37 40 26 79 49 59 50 30 55 11 33 7 23 43 57 16 75 1 69 14 10 25 18 68 61 39 67 60 12 45 9 76 3 46 31 51 80 77 36 29 41 47 48 2 21 32 4 5 17 22 53 15 13 34 20 58 52
20 98 82 94 97 100 86 91 99 96 92 93 81 88 83 95 90 84 89 85 87
80 11 36 18 47 32 20 48 6 67 78 3 70 5 68 23 7 10 38 29 52 37 40 4 27 55 57 14 69 43 59 76 79 77 71 21 63 30 2 56 39 66 46 22 12 13 53 24 17 72 80 74 61 44 33 65 42 9 62 41 15 26 51 34 25 58 16 8 60 31 45 73 28 64 19 54 50 49 35 1 75
80 6 69 43 19 61 20 55 24 16 17 51 26 2 40 77 5 12 8 48 68 52 36 74 44 4 57 59 11 49 27 73 37 56 7 78 31 65 22 34 76 67 21 13 41 72 50 42 47 35 9 62 64 32 54 30 29 71 80 10 28 33 25 66 39 3 45 38 53 60 58 70 1 75 23 18 14 15 79 46 63
80 20 48 44 50 61 11 47 38 78 3 49 74 46 36 23 6 58 12 76 63 59 79 64 55 18 42 71 70 56 53 65 19 77 14 35 68 7 21 10 22 4 13 16 15 24 67 72 62 60 52 80 33 54 8 32 39 73 34 25 26 37 29 75 30 66 40 43 9 41 17 5 1 45 27 28 2 51 69 57 31
20 82 86 81 85 84 98 96 83 95 93 91 94 99 88 89 90 97 87 100 92
80 50 63 27 59 16 72 46 66 43 11 2 24 29 10 22 41 42 9 6 19 48 33 31 54 20 53 8 77 37 79 57 76 21 28 23 62 15 73 60 14 52 5 47 17 39 30 18 71 67 61 34 32 78 58 51 49 56 40 38 74 26 45 12 65 4 80 25 36 69 70 3 75 68 64 1 7 55 35 13 44
80 59 70 5 38 66 32 58 68 35 36 25 18 61 21 28 43 14 8 2 6 29 20 63 45 50 15 34 40 72 24 3 52 37 71 4 13 53 1 11 54 23 9 74 80 48 33 75 44 76 73 22 47 26 7 49 17 39 30 16 27 12 19 64 55 51 77 56 79 60 57 31 41 67 65 78 46 10 42 69 62
80 20 80 32 4 38 35 9 1 43 64 69 47 62 75 52 58 22 24 73 16 68 7 21 66 57 61 8 28 67 76 33 37 70 17 2 59 12 5 65 46 6 25 30 77 72 39 23 19 48 15 29 10 53 31 55 36 11 41 3 63 40 78 51 60 13 74 34 44 14 27 54 18 49 42 79 26 45 50 56 71
80 59 79 60 78 72 58 21 37 55 22 9 53 40 19 12 20 65 44 29 54 52 6 30 8 45 35 1 33 48 50 66 38 25 11 64 34 36 80 39 14 43 47 71 42 23 74 77 75 4 73 41 16 13 68 10 62 32 61 31 46 63 17 18 2 27 28 49 70 26 7 24 5 76 57 67 15 3 69 56 51
80 9 12 77 44 57 64 58 22 8 62 38 43 15 32 27 26 51 28 49 34 78 54 67 52 16 79 5 46 61 2 19 37 80 29 33 72 71 73 36 21 25 10 30 20 4 68 75 14 69 60 56 47 17 3 23 65 7 74 41 35 70 63 55 53 66 59 48 42 18 6 11 39 50 31 45 40 76 24 1 13
80 62 67 41 32 54 44 50 36 28 49 64 59 68 31 2 29 45 19 55 60 65 35 77 78 34 51 15 22 37 33 47 72 9 27 18 14 40 39 13 71 43 30 10 11 21 56 20 73 52 8 80 69 6 79 46 70 75 63 7 12 16 74 61 76 26 4 57 66 1 42 48 58 24 3 53 17 25 5 38 23
20 89 96 82 99 85 91 100 88 87 83 81 94 90 86 93 98 92 97 95 84
80 79 78 46 33 34 2 51 45 11 73 47 63 64 12 14 49 6 35 77 5 58 52 76 4 38 16 80 54 37 22 20 25 40 31 74 50 30 18 48 26 41 62 57 13 36 7 65 67 24 27 43 60 1 9 29 59 69 8 32 17 15 10 70 72 53 75 42 23 71 61 55 28 66 39 3 68 44 56 21 19
20 95 83 86 89 87 91 84 82 88 96 100 98 85 99 81 92 94 90 93 97
80 16 17 70 52 3 31 28 10 8 29 55 25 58 60 1 15 13 9 63 80 6 76 14 38 67 11 21 77 48 53 78 27 49 42 45 4 75 61 19 65 20 2 5 23 36 34 59 50 41 46 44 35 39 37 7 73 68 12 43 69 72 51 62 79 24 30 54 57 22 32 33 26 40 47 71 56 74 66 64 18
80 62 79 44 71 68 13 36 58 34 2 49 17 26 6 32 30 45 8 33 47 42 18 20 9 19 31 50 41 25 28 40 70 69 66 76 57 52 48 5 14 61 27 7 53 55 39 78 11 35 4 60 22 10 29 74 16 38 12 15 1 43 23 59 80 75 46 51 56 77 24 73 65 64 21 3 54 72 67 63 37
20 97 87 84 93 96 83 81 86 90 100 88 91 85 94 99 95 82 92 98 89
80 66 42 23 80 11 15 72 55 4 12 31 37 62 10 33 39 7 16 49 9 47 19 53 65 8 64 35 46 69 54 48 71 40 43 29 68 22 2 13 77 61 56 38 51 45 73 20 17 74 67 14 44 18 25 57 5 75 52 24 6 27 36 41 70 76 26 78 32 79 58 28 34 50 30 59 3 63 60 21 1
80 64 8 40 77 21 27 74 30 61 32 17 26 36 55 65 15 34 66 52 6 70 72 67 62 44 16 54 41 23 39 73 37 10 71 57 63 38 19 43 28 60 31 58 3 18 29 56 25 11 48 59 14 7 9 46 51 42 35 69 80 5 2 68 33 76 1 22 20 24 79 50 53 78 13 47 75 45 4 12 49
80 37 39 36 6 72 45 32 75 5 12 68 7 15 29 51 2 47 79 21 26 69 55 23 46 3 71 48 20 80 38 18 54 28 44 30 61 53 59 22 34 67 1 14 49 40 41 77 58 25 13 57 31 17 66 27 4 19 43 52 63 8 9 60 76 64 73 42 33 24 16 74 62 10 50 65 70 35 56 78 11
80 2 13 59 30 42 37 4 38 8 54 45 12 43 78 47 76 73 72 79 21 75 64 18 1 55 48 52 80 70 69 3 50 46 17 19 63 9 68 65 15 66 71 34 44 33 31 77 36 26 67 39 23 6 51 32 60 56 16 10 61 62 24 41 20 7 53 5 35 57 27 40 74 28 11 25 14 29 49 22 58
20 86 91 95 81 89 83 94 90 85 87 98 88 92 99 100 82 93 96 97 84
80 24 77 15 32 45 50 60 52 34 65 8 47 63 14 27 26 67 23 5 30 68 20 55 18 40 69 37 25 11 2 57 36 80 17 78 42 16 29 38 46 79 59 73 44 1 31 4 53 6 54 61 51 19 21 62 10 72 28 48 39 22 56 43 66 12 13 64 9 75 49 58 76 70 7 3 33 74 71 41 35
80 48 73 7 43 65 27 20 63 52 47 14 54 69 71 18 11 51 78 8 28 22 45 37 49 76 35 26 25 6 41 66 40 56 34 33 30 50 46 39 72 64 19 62 32 60 21 5 1 67 3 4 12 17 24 55 61 44 16 77 74 23 13 59 42 31 68 70 53 15 80 75 10 2 38 58 29 57 79 9 36
80 19 32 71 9 38 51 4 76 6 78 42 8 1 12 3 37 28 20 55 31 43 23 49 34 27 73 16 17 60 45 44 48 70 53 46 21 33 11 80 13 15 10 74 79 54 75 7 22 29 66 2 18 35 14 59 25 40 67 36 61 65 77 39 50 56 58 41 24 69 63 30 57 5 52 26 64 68 72 47 62
21 52 54 79 53 30 29 68 93 69 94 86 19 24 67 99 64 80 47 72 2 95
15 93 74 99 30 20 57 26 56 1 61 63 92 13 72 71
84 31 40 84 99 85 11 94 37 75 77 5 29 62 78 7 12 89 61 4 92 46 23 43 35 97 51 30 47 6 55 90 80 82 14 100 98 88 70 21 72 71 39 83 48 54 19 96 18 66 63 8 36 24 64 95 26 45 25 58 50 73 10 44 32 34 91 52 86 93 68 56 60 87 81 15 22 28 74 38 3 79 33 1 42
6 90 64 47 53 23 39
78 72 3 80 30 47 17 50 25 57 52 39 11 28 84 15 20 34 31 81 48 90 38 93 62 36 85 78 86 33 9 67 54 95 59 70 46 79 69 53 43 27 71 64 44 73 83 74 77 4 98 66 37 49 76 65 63 100 6 26 82 91 32 56 2 16 22 5 24 88 7 99 21 96 41 13 40 8 35
36 48 100 88 90 18 29 28 15 65 63 98 64 27 22 26 42 39 7 31 19 62 12 75 82 10 79 76 35 36 6 57 16 25 55 43 47
49 94 55 19 85 86 18 100 36 44 21 37 41 53 74 57 62 47 81 38 13 93 46 60 72 68 8 15 91 22 99 12 27 64 9 29 71 79 25 11 2 59 6 87 48 70 84 28 39 20
100 24 8 58 54 32 16 1 72 73 29 20 68 83 45 14 43 93 75 13 31 51 40 59 85 38 60 36 47 82 92 37 76 56 62 61 3 2 87 23 66 55 53 78 80 48 12 67 90 10 30 94 22 33 65 19 9 70 27 49 89 46 50 88 41 6 52 64 100 91 95 21 79 98 4 42 96 77 17 71 18 63 57 84 44 99 74 39 34 11 5 15 28 7 26 86 97 69 35 81 25
29 95 21 26 20 51 8 99 84 24 96 9 79 67 29 14 19 98 18 88 16 7 32 59 76 36 61 12 58 91
81 13 43 10 53 59 9 77 97 32 8 29 44 89 93 62 50 51 21 22 49 2 81 42 25 60 99 96 40 33 58 31 46 78 12 26 6 100 74 27 71 57 47 72 18 14 23 52 39 64 61 56 48 3 70 67 7 36 17 20 63 75 86 98 24 30 90 15 34 45 41 85 35 92 68 65 84 73 82 5 19 16
98 23 61 29 31 64 6 67 86 56 30 99 55 94 28 100 52 91 79 82 92 42 27 54 47 14 85 96 97 68 39 66 38 43 65 78 7 81 12 89 48 58 60 98 8 62 20 90 74 24 53 72 95 19 10 77 71 50 69 1 84 16 46 59 34 32 3 21 73 17 51 22 93 13 5 88 26 2 37 83 25 45 11 76 15 87 70 18 49 41 35 33 80 44 40 75 4 57 63
76 34 51 52 77 60 82 76 20 69 39 93 73 64 89 94 72 38 23 84 19 4 100 21 74 57 33 12 29 48 49 35 79 45 63 15 36 37 91 24 53 3 68 83 28 11 71 62 9 44 90 25 8 78 61 81 86 42 97 67 65 58 40 85 10 80 56 41 95 2 32 26 16 14 22 66 99
21 82 62 38 22 8 81 69 1 21 39 10 89 96 54 3 31 65 64 35 12 49
94 1 2 3 4 5 6 7 8 9 10 11 12 13 14 15 16 17 18 19 20 21 22 23 24 25 26 27 28 29 30 31 32 33 34 35 36 37 38 39 40 41 42 43 44 45 46 47 48 49 50 51 52 53 54 55 56 57 58 59 60 61 62 63 64 65 66 67 68 69 70 71 72 73 74 75 76 77 78 79 80 81 83 84 85 87 88 89 90 91 92 94 95 99 100
91 1 2 3 4 5 6 7 8 9 10 11 12 13 14 15 16 17 18 19 20 21 22 23 24 25 26 27 28 29 30 31 32 33 34 35 36 37 38 39 40 41 42 43 44 45 46 47 48 49 50 51 52 53 54 55 56 57 58 59 60 61 62 63 64 65 66 67 68 69 70 71 72 73 74 75 76 77 78 79 80 81 82 83 85 88 90 92 93 97 98 99
89 1 2 3 4 5 6 7 8 9 10 11 12 13 14 15 16 17 18 19 20 21 22 23 24 25 26 27 28 29 30 31 32 33 34 35 36 37 38 39 40 41 42 43 44 45 46 47 48 49 50 51 52 53 54 55 56 57 58 59 60 61 62 63 64 65 66 67 68 69 70 71 72 73 74 75 76 77 78 79 80 82 83 85 88 89 94 96 99 100
87 1 2 3 4 5 6 7 8 9 10 11 12 13 14 15 16 17 18 19 20 21 22 23 24 25 26 27 28 29 30 31 32 33 34 35 36 37 38 39 40 41 42 43 44 45 46 47 48 49 50 51 52 53 54 55 56 57 58 59 60 61 62 63 64 65 66 67 68 69 70 71 72 73 74 75 76 77 78 79 80 82 83 85 92 94 96 99
90 1 2 3 4 5 6 7 8 9 10 11 12 13 14 15 16 17 18 19 20 21 22 23 24 25 26 27 28 29 30 31 32 33 34 35 36 37 38 39 40 41 42 43 44 45 46 47 48 49 50 51 52 53 54 55 56 57 58 59 60 61 62 63 64 65 66 67 68 69 70 71 72 73 74 75 76 77 78 79 80 86 87 88 89 94 95 96 97 99 100
89 1 2 3 4 5 6 7 8 9 10 11 12 13 14 15 16 17 18 19 20 21 22 23 24 25 26 27 28 29 30 31 32 33 34 35 36 37 38 39 40 41 42 43 44 45 46 47 48 49 50 51 52 53 54 55 56 57 58 59 60 61 62 63 64 65 66 67 68 69 70 71 72 73 74 75 76 77 78 79 80 83 84 89 91 92 93 94 95 97
89 1 2 3 4 5 6 7 8 9 10 11 12 13 14 15 16 17 18 19 20 21 22 23 24 25 26 27 28 29 30 31 32 33 34 35 36 37 38 39 40 41 42 43 44 45 46 47 48 49 50 51 52 53 54 55 56 57 58 59 60 61 62 63 64 65 66 67 68 69 70 71 72 73 74 75 76 77 78 79 80 82 83 86 87 89 90 95 96 97
85 1 2 3 4 5 6 7 8 9 10 11 12 13 14 15 16 17 18 19 20 21 22 23 24 25 26 27 28 29 30 31 32 33 34 35 36 37 38 39 40 41 42 43 44 45 46 47 48 49 50 51 52 53 54 55 56 57 58 59 60 61 62 63 64 65 66 67 68 69 70 71 72 73 74 75 76 77 78 79 80 86 94 97 98 99
91 1 2 3 4 5 6 7 8 9 10 11 12 13 14 15 16 17 18 19 20 21 22 23 24 25 26 27 28 29 30 31 32 33 34 35 36 37 38 39 40 41 42 43 44 45 46 47 48 49 50 51 52 53 54 55 56 57 58 59 60 61 62 63 64 65 66 67 68 69 70 71 72 73 74 75 76 77 78 79 80 81 82 84 85 88 89 90 92 96 98 100
90 1 2 3 4 5 6 7 8 9 10 11 12 13 14 15 16 17 18 19 20 21 22 23 24 25 26 27 28 29 30 31 32 33 34 35 36 37 38 39 40 41 42 43 44 45 46 47 48 49 50 51 52 53 54 55 56 57 58 59 60 61 62 63 64 65 66 67 68 69 70 71 72 73 74 75 76 77 78 79 80 84 89 90 92 94 96 97 98 99 100
90 1 2 3 4 5 6 7 8 9 10 11 12 13 14 15 16 17 18 19 20 21 22 23 24 25 26 27 28 29 30 31 32 33 34 35 36 37 38 39 40 41 42 43 44 45 46 47 48 49 50 51 52 53 54 55 56 57 58 59 60 61 62 63 64 65 66 67 68 69 70 71 72 73 74 75 76 77 78 79 80 81 82 83 84 85 86 92 96 97 99
90 1 2 3 4 5 6 7 8 9 10 11 12 13 14 15 16 17 18 19 20 21 22 23 24 25 26 27 28 29 30 31 32 33 34 35 36 37 38 39 40 41 42 43 44 45 46 47 48 49 50 51 52 53 54 55 56 57 58 59 60 61 62 63 64 65 66 67 68 69 70 71 72 73 74 75 76 77 78 79 80 81 82 85 89 91 92 94 97 99 100
88 1 2 3 4 5 6 7 8 9 10 11 12 13 14 15 16 17 18 19 20 21 22 23 24 25 26 27 28 29 30 31 32 33 34 35 36 37 38 39 40 41 42 43 44 45 46 47 48 49 50 51 52 53 54 55 56 57 58 59 60 61 62 63 64 65 66 67 68 69 70 71 72 73 74 75 76 77 78 79 80 83 84 90 91 93 94 95 98
89 1 2 3 4 5 6 7 8 9 10 11 12 13 14 15 16 17 18 19 20 21 22 23 24 25 26 27 28 29 30 31 32 33 34 35 36 37 38 39 40 41 42 43 44 45 46 47 48 49 50 51 52 53 54 55 56 57 58 59 60 61 62 63 64 65 66 67 68 69 70 71 72 73 74 75 76 77 78 79 80 81 82 85 86 89 93 95 98 99
89 1 2 3 4 5 6 7 8 9 10 11 12 13 14 15 16 17 18 19 20 21 22 23 24 25 26 27 28 29 30 31 32 33 34 35 36 37 38 39 40 41 42 43 44 45 46 47 48 49 50 51 52 53 54 55 56 57 58 59 60 61 62 63 64 65 66 67 68 69 70 71 72 73 74 75 76 77 78 79 80 82 83 85 86 88 95 96 97 99
89 1 2 3 4 5 6 7 8 9 10 11 12 13 14 15 16 17 18 19 20 21 22 23 24 25 26 27 28 29 30 31 32 33 34 35 36 37 38 39 40 41 42 43 44 45 46 47 48 49 50 51 52 53 54 55 56 57 58 59 60 61 62 63 64 65 66 67 68 69 70 71 72 73 74 75 76 77 78 79 80 81 82 84 85 88 89 91 92 94
93 1 2 3 4 5 6 7 8 9 10 11 12 13 14 15 16 17 18 19 20 21 22 23 24 25 26 27 28 29 30 31 32 33 34 35 36 37 38 39 40 41 42 43 44 45 46 47 48 49 50 51 52 53 54 55 56 57 58 59 60 61 62 63 64 65 66 67 68 69 70 71 72 73 74 75 76 77 78 79 80 81 83 85 86 87 90 92 94 95 96 97 98 100
86 1 2 3 4 5 6 7 8 9 10 11 12 13 14 15 16 17 18 19 20 21 22 23 24 25 26 27 28 29 30 31 32 33 34 35 36 37 38 39 40 41 42 43 44 45 46 47 48 49 50 51 52 53 54 55 56 57 58 59 60 61 62 63 64 65 66 67 68 69 70 71 72 73 74 75 76 77 78 79 80 83 87 93 94 95 97
92 1 2 3 4 5 6 7 8 9 10 11 12 13 14 15 16 17 18 19 20 21 22 23 24 25 26 27 28 29 30 31 32 33 34 35 36 37 38 39 40 41 42 43 44 45 46 47 48 49 50 51 52 53 54 55 56 57 58 59 60 61 62 63 64 65 66 67 68 69 70 71 72 73 74 75 76 77 78 79 80 81 82 83 87 88 89 90 92 96 97 98 100
92 1 2 3 4 5 6 7 8 9 10 11 12 13 14 15 16 17 18 19 20 21 22 23 24 25 26 27 28 29 30 31 32 33 34 35 36 37 38 39 40 41 42 43 44 45 46 47 48 49 50 51 52 53 54 55 56 57 58 59 60 61 62 63 64 65 66 67 68 69 70 71 72 73 74 75 76 77 78 79 80 82 83 85 87 88 89 92 94 96 97 98 100
91 1 2 3 4 5 6 7 8 9 10 11 12 13 14 15 16 17 18 19 20 21 22 23 24 25 26 27 28 29 30 31 32 33 34 35 36 37 38 39 40 41 42 43 44 45 46 47 48 49 50 51 52 53 54 55 56 57 58 59 60 61 62 63 64 65 66 67 68 69 70 71 72 73 74 75 76 77 78 79 80 81 85 86 87 88 90 93 95 96 97 98
86 1 2 3 4 5 6 7 8 9 10 11 12 13 14 15 16 17 18 19 20 21 22 23 24 25 26 27 28 29 30 31 32 33 34 35 36 37 38 39 40 41 42 43 44 45 46 47 48 49 50 51 52 53 54 55 56 57 58 59 60 61 62 63 64 65 66 67 68 69 70 71 72 73 74 75 76 77 78 79 80 82 87 90 92 97 98
88 1 2 3 4 5 6 7 8 9 10 11 12 13 14 15 16 17 18 19 20 21 22 23 24 25 26 27 28 29 30 31 32 33 34 35 36 37 38 39 40 41 42 43 44 45 46 47 48 49 50 51 52 53 54 55 56 57 58 59 60 61 62 63 64 65 66 67 68 69 70 71 72 73 74 75 76 77 78 79 80 82 89 91 92 95 96 97 100
90 1 2 3 4 5 6 7 8 9 10 11 12 13 14 15 16 17 18 19 20 21 22 23 24 25 26 27 28 29 30 31 32 33 34 35 36 37 38 39 40 41 42 43 44 45 46 47 48 49 50 51 52 53 54 55 56 57 58 59 60 61 62 63 64 65 66 67 68 69 70 71 72 73 74 75 76 77 78 79 80 83 84 86 87 89 90 91 93 95 100
87 1 2 3 4 5 6 7 8 9 10 11 12 13 14 15 16 17 18 19 20 21 22 23 24 25 26 27 28 29 30 31 32 33 34 35 36 37 38 39 40 41 42 43 44 45 46 47 48 49 50 51 52 53 54 55 56 57 58 59 60 61 62 63 64 65 66 67 68 69 70 71 72 73 74 75 76 77 78 79 80 82 83 85 89 92 93 95
93 1 2 3 4 5 6 7 8 9 10 11 12 13 14 15 16 17 18 19 20 21 22 23 24 25 26 27 28 29 30 31 32 33 34 35 36 37 38 39 40 41 42 43 44 45 46 47 48 49 50 51 52 53 54 55 56 57 58 59 60 61 62 63 64 65 66 67 68 69 70 71 72 73 74 75 76 77 78 79 80 82 83 84 86 87 91 92 93 95 96 98 99 100
89 1 2 3 4 5 6 7 8 9 10 11 12 13 14 15 16 17 18 19 20 21 22 23 24 25 26 27 28 29 30 31 32 33 34 35 36 37 38 39 40 41 42 43 44 45 46 47 48 49 50 51 52 53 54 55 56 57 58 59 60 61 62 63 64 65 66 67 68 69 70 71 72 73 74 75 76 77 78 79 80 82 83 84 85 86 88 90 97 99
