100 40
34 39 11 33 14 83 82 93 20 100 76 22 58 57 51 84 35 46 6 36 71 44 99 68 89 21 8 70 43 65 42 63 26 34 55
83 8 78 100 49 57 89 40 43 61 9 68 3 60 97 32 48 11 41 65 7 73 37 26 36 21 50 5 84 93 69 74 30 88 46 77 15 22 81 64 23 31 72 44 20 14 13 94 99 53 42 56 52 66 28 45 39 80 38 29 54 24 2 25 92 85 70 33 82 59 79 35 67 76 71 51 87 12 17 10 58 62 4 47
94 62 15 11 100 88 78 72 48 55 94 69 49 12 66 17 92 38 27 16 91 5 93 99 74 26 79 42 83 57 54 44 95 1 13 51 24 70 20 71 22 14 43 28 46 64 32 60 3 73 19 40 81 30 53 52 75 34 58 6 33 82 61 76 25 50 85 63 10 45 87 36 37 96 4 80 67 84 89 18 56 21 7 39 31 97 41 77 86 8 65 2 68 47 90
91 32 43 25 73 81 37 30 96 33 1 47 9 17 75 16 71 100 59 2 67 61 72 36 14 35 70 48 41 46 49 8 77 44 63 87 23 40 26 66 93 51 92 27 86 99 15 58 7 50 97 98 79 12 80 34 4 28 54 45 42 83 29 69 88 57 76 19 91 13 24 22 11 55 21 5 62 65 68 60 95 39 82 3 94 64 6 85 10 84 53 18
96 79 60 97 69 13 34 70 56 64 31 94 63 76 11 74 3 90 91 16 84 9 65 57 44 29 92 89 7 4 68 54 75 27 5 37 78 26 2 22 38 66 83 33 58 87 72 14 50 98 45 42 51 55 24 19 71 59 95 20 6 23 40 1 10 15 48 28 86 100 73 35 47 21 52 36 85 43 30 80 32 96 49 41 61 25 17 53 18 88 8 39 81 62 82 67 12
46 3 41 37 63 60 48 38 55 70 80 35 34 98 97 33 6 43 8 2 32 12 62 73 46 66 45 49 72 77 81 19 16 61 1 100 82 87 71 7 39 90 85 20 13 95 99
21 73 86 47 37 46 98 81 20 77 59 22 13 64 33 19 12 72 94 43 100 92
94 99 93 78 9 97 56 37 24 11 94 81 29 16 33 21 75 15 71 100 17 84 43 89 14 36 53 59 72 68 70 52 57 40 19 83 91 18 41 96 26 69 62 92 61 65 48 22 23 95 55 45 31 28 25 54 20 5 86 80 98 7 30 82 76 27 50 34 87 58 90 8 1 4 88 12 13 64 2 39 32 66 73 74 44 47 63 49 85 60 38 77 42 3 67
89 68 77 21 23 55 43 47 5 27 81 4 65 49 96 1 15 79 8 100 88 12 44 74 9 76 98 50 10 75 18 31 97 99 25 70 36 53 62 2 17 87 84 80 32 66 60 26 56 61 57 29 83 52 19 34 28 39 38 72 67 63 92 71 59 69 40 82 64 30 45 37 22 51 42 35 78 14 58 41 86 3 6 13 46 11 7 91 33 16
92 99 25 47 57 27 89 87 37 28 79 80 65 84 46 16 14 56 93 13 90 23 3 32 78 74 81 10 41 92 96 48 20 58 2 67 91 86 95 8 45 71 94 98 30 63 22 85 29 34 75 15 40 100 6 9 54 70 38 69 7 43 4 76 61 77 5 1 59 72 97 88 50 36 52 33 82 60 53 35 31 21 66 73 26 39 19 24 68 62 17 51 12
41 59 22 32 84 40 61 57 71 48 17 80 36 87 94 38 44 76 72 63 50 55 24 64 26 51 78 2 97 60 11 7 20 66 91 96 27 46 86 10 49 47
32 91 38 33 62 29 63 71 26 52 97 11 37 72 94 32 64 31 69 59 45 76 5 100 56 9 22 34 13 19 17 35 46
88 12 11 16 33 5 59 48 88 84 50 30 97 39 31 63 42 78 55 81 85 4 20 53 100 27 19 23 67 37 3 22 72 41 94 34 26 65 47 70 15 8 75 13 54 51 9 82 80 60 79 24 2 38 21 7 43 87 91 61 29 32 6 10 45 1 95 76 46 62 49 68 96 71 25 56 93 44 28 90 73 14 89 83 40 58 99 66 17
66 34 53 40 44 15 49 36 31 72 95 20 94 45 85 87 7 10 30 64 93 25 88 37 43 97 23 11 89 27 71 2 90 81 56 66 3 74 12 1 17 29 21 47 73 59 91 22 92 82 32 14 61 65 35 19 83 86 99 18 52 57 79 98 76 58 48
98 88 82 47 34 75 46 94 53 100 68 86 99 50 71 63 73 7 1 70 66 84 83 13 30 49 44 31 87 20 92 72 14 12 62 35 91 19 77 23 17 54 27 8 40 18 79 15 69 60 45 26 10 32 4 80 39 55 25 51 42 90 95 52 61 93 97 28 2 11 76 98 89 81 3 64 65 78 41 21 59 5 43 22 9 85 36 29 37 48 38 6 24 96 33 57 74 58 56
7 7 37 89 13 53 80 73
93 7 92 22 78 10 67 63 66 93 55 81 39 83 28 64 62 1 36 31 73 2 37 33 8 56 89 47 58 9 20 32 76 11 38 100 72 3 42 24 86 82 17 49 34 18 70 40 71 85 53 23 45 50 94 95 6 98 5 13 90 84 48 77 21 27 16 61 69 99 75 41 43 87 60 44 30 52 29 15 46 25 51 14 57 96 80 19 54 4 74 12 88 26
96 3 50 17 94 35 31 7 38 29 32 76 9 83 12 21 4 19 80 61 91 33 13 34 43 70 69 30 60 68 54 6 10 92 11 52 77 90 25 39 58 20 72 57 97 81 53 27 73 96 55 59 48 28 16 46 2 40 45 78 85 22 71 24 8 56 37 74 100 89 98 84 79 88 42 65 49 15 26 63 41 93 23 36 82 18 47 1 95 5 99 67 87 51 62 64 44
65 52 13 98 79 95 89 64 29 69 35 3 84 36 58 87 85 18 93 14 61 55 53 16 56 42 46 72 73 74 4 20 59 21 76 63 17 43 2 81 6 65 62 15 30 82 45 31 92 38 83 34 5 27 57 7 100 49 66 25 12 86 96 40 37 41
25 52 54 93 53 36 46 4 5 35 2 34 1 64 44 85 51 29 91 20 66 57 13 38 25 61
57 70 17 92 27 44 73 60 40 88 57 87 35 64 19 2 25 14 5 23 85 41 1 21 68 89 93 83 95 84 79 52 55 69 26 96 22 3 28 42 54 82 77 61 66 34 46 6 38 10 71 47 74 62 100 9 94 98
56 68 13 34 86 66 55 4 80 95 70 47 71 35 22 7 67 77 26 16 96 78 63 88 62 17 5 20 3 9 90 31 48 98 1 15 76 58 94 65 97 74 6 92 14 89 99 100 46 41 84 43 57 59 25 93 72
7 40 85 50 18 83 70 17
97 63 15 44 31 75 14 53 78 87 4 13 36 19 45 47 22 51 81 11 20 91 86 32 23 65 100 34 60 57 71 52 49 99 97 94 70 56 61 24 55 62 73 33 46 72 16 26 69 82 2 77 29 27 25 35 93 21 76 92 48 66 41 89 37 90 85 12 50 83 17 80 74 54 79 3 40 18 7 96 67 9 58 5 39 64 59 43 10 38 88 84 68 30 42 28 95 6
74 58 73 57 88 68 16 93 21 77 92 12 28 47 90 54 35 96 100 40 36 3 98 95 86 2 69 59 49 44 79 1 7 33 56 64 18 8 94 89 61 52 6 20 14 24 51 65 37 72 25 87 30 10 50 23 78 5 71 19 82 62 31 83 70 38 42 67 81 17 60 74 13 26 15
43 52 69 6 79 84 17 59 89 77 2 9 56 71 18 33 99 100 64 48 67 96 46 38 63 70 93 19 34 73 47 40 58 27 83 15 25 1 39 94 35 74 75 80
9 88 51 56 94 36 43 99 48 44
68 60 63 3 22 84 31 88 24 54 10 70 5 74 32 92 25 61 21 73 49 71 44 45 42 57 46 19 39 85 98 76 26 66 80 28 11 9 75 37 8 62 59 94 30 78 69 90 72 16 36 53 40 65 43 89 56 20 50 2 82 51 38 93 68 47 14 87 64
78 56 69 37 75 98 63 35 47 88 71 62 91 41 36 38 7 42 51 23 68 67 95 49 55 17 29 43 24 87 72 8 80 99 61 22 94 50 15 5 57 31 21 60 96 20 14 40 73 83 25 46 52 64 53 58 97 6 84 39 13 44 65 27 1 90 18 28 3 4 93 82 66 74 86 79 77 9 30
46 48 38 93 49 52 68 4 79 39 73 65 78 55 24 14 67 8 30 74 2 96 66 91 83 86 13 56 40 12 10 77 6 22 9 15 92 11 87 23 1 3 45 21 26 19 51
64 94 41 32 38 78 17 67 100 84 91 20 88 72 18 45 15 10 28 49 2 81 60 40 35 62 65 76 99 51 53 82 73 47 1 44 86 9 11 7 79 83 26 19 98 37 75 85 59 57 33 93 58 23 66 22 87 46 8 68 54 6 39 4 12
24 44 69 84 76 72 2 19 3 34 80 65 9 87 22 89 48 29 47 35 13 14 100 82 36
89 40 73 61 53 84 30 98 79 6 27 29 8 99 41 1 20 3 94 69 71 26 50 97 24 23 49 5 11 10 14 39 67 22 57 32 13 56 93 43 92 81 47 44 72 77 46 48 96 75 42 52 68 55 21 62 95 34 37 60 9 91 51 18 15 65 4 12 64 78 88 66 38 59 89 25 100 33 80 45 63 19 86 82 28 83 85 17 54 31
36 42 27 36 48 3 87 67 54 1 70 98 35 86 8 83 75 89 53 29 30 37 45 47 16 15 43 85 26 55 61 44 91 58 96 56 52
49 28 9 13 23 4 67 22 3 54 31 79 100 57 27 19 82 15 60 25 11 44 45 30 18 50 36 72 78 7 91 39 34 43 41 74 17 75 88 6 98 53 81 40 65 48 29 76 10 1
52 50 62 45 81 49 82 44 5 47 92 33 38 40 78 90 22 54 35 8 42 25 95 30 65 9 71 31 94 98 67 80 55 3 79 53 14 29 10 97 13 21 7 20 26 39 60 4 96 2 23 84 70
60 48 21 67 54 57 83 95 66 81 69 10 98 86 78 2 6 89 33 50 3 52 9 43 71 51 91 92 85 22 59 56 63 16 8 4 77 12 20 26 93 100 72 14 39 75 1 96 55 30 15 53 97 73 62 19 38 90 24 5 25
28 72 6 60 18 12 75 64 45 39 4 51 24 90 29 97 34 69 83 77 1 84 40 19 58 79 37 54 59
62 54 75 4 66 28 59 37 61 2 73 69 91 57 78 39 21 10 31 67 36 60 7 43 27 63 48 58 12 74 80 45 97 52 33 46 9 38 6 14 5 95 98 17 11 72 18 3 40 56 15 77 44 93 71 89 29 47 20 53 87 49 13
9 1 31 5 20 35 28 36 67 34
96 72 93 12 1 73 28 41 15 97 2 44 71 63 87 33 49 66 65 14 100 27 61 58 98 39 3 70 7 35 57 79 48 18 77 59 92 17 11 38 55 76 62 45 37 6 30 13 21 9 51 40 67 31 82 68 88 86 22 90 81 5 47 16 99 29 60 23 74 56 91 50 52 84 32 8 34 46 75 43 36 85 42 24 89 54 64 10 20 25 96 78 94 69 83 95 26
7 35 68 49 42 37 27 25
9 26 17 89 74 27 65 12 56 35
66 35 46 98 3 96 22 81 26 40 47 23 29 11 94 99 58 5 57 84 45 8 70 31 41 93 75 32 80 86 78 59 65 49 82 85 39 52 1 34 15 42 91 54 2 25 92 79 51 66 100 21 43 12 13 62 83 9 16 53 68 88 17 48 38 55 64
20 46 66 74 93 99 73 91 36 3 68 34 35 88 67 5 25 50 65 9 97
77 48 58 19 80 51 79 83 23 9 84 12 50 99 22 95 63 34 40 71 14 61 7 57 16 88 4 56 98 25 77 64 92 91 2 8 41 82 32 27 30 39 87 5 81 75 72 62 97 46 11 24 33 17 85 54 96 59 28 70 20 52 66 69 36 44 13 89 43 26 76 94 3 6 60 90 35 78
55 94 19 100 1 20 45 59 71 21 85 24 6 12 3 16 9 87 91 60 10 98 95 76 35 38 90 73 70 68 17 8 61 65 46 82 15 83 18 56 84 11 25 72 4 77 88 14 31 30 37 64 54 89 29 74
84 15 42 78 52 94 36 100 39 28 45 24 47 14 50 27 83 69 97 89 7 72 73 29 82 58 85 92 21 12 70 19 25 98 65 1 75 38 31 96 13 20 56 87 61 35 80 23 62 66 93 3 99 49 44 32 17 26 9 11 67 68 8 22 34 74 57 2 41 63 59 79 53 5 10 81 84 71 86 40 54 55 77 6 91
82 51 65 44 33 23 48 89 46 77 82 45 58 52 2 9 93 94 4 11 76 47 26 95 88 34 31 91 99 62 81 75 73 55 5 83 25 42 14 84 86 67 74 37 80 41 18 66 53 78 1 87 36 97 63 21 40 38 24 57 43 72 85 15 69 96 98 16 49 28 30 71 92 35 50 32 64 90 70 13 68 8 39
86 71 69 98 79 59 18 5 54 57 2 89 94 25 80 46 83 15 6 74 84 53 40 8 63 32 1 21 50 67 20 52 70 30 44 38 62 26 64 78 16 86 13 11 65 93 3 33 45 14 60 9 91 12 23 55 76 72 22 82 43 48 99 90 31 56 97 28 29 100 85 24 36 75 17 95 47 27 34 58 42 19 66 41 39 81 77
70 87 70 59 99 79 18 98 67 11 26 83 19 30 46 27 85 33 88 96 3 63 75 36 22 81 8 1 21 62 44 7 12 37 74 23 6 50 95 34 69 38 55 5 92 52 42 45 82 54 80 4 48 35 9 24 20 61 94 90 77 66 32 13 86 65 78 89 40 57 16
52 67 4 72 35 3 81 57 74 60 77 15 24 52 30 68 31 25 99 8 42 22 95 58 89 97 37 64 46 13 80 76 11 33 20 75 39 62 29 56 21 86 9 83 16 6 1 51 23 79 54 41 5
8 74 15 63 65 90 99 81 93
46 21 44 7 50 93 54 15 71 89 4 84 92 46 97 57 69 26 74 36 94 37 60 64 90 2 45 85 65 79 18 76 51 5 43 49 29 58 52 59 83 8 41 23 1 19 100
1 43
62 71 6 59 12 97 90 42 73 18 51 36 41 4 38 22 78 53 25 56 40 54 93 83 65 88 27 99 100 2 85 28 98 43 49 76 75 11 39 72 30 7 66 61 70 15 60 17 21 20 94 86 45 68 16 13 3 79 29 50 64 8 26
5 72 3 27 56 71
84 78 87 30 51 4 6 18 100 38 26 57 11 33 21 28 63 50 35 9 95 67 98 41 68 36 70 60 40 90 62 16 82 39 14 75 88 12 8 64 10 3 94 52 96 92 77 66 43 99 49 80 93 1 53 76 31 29 48 81 17 13 56 97 32 61 5 46 72 19 71 27 83 65 91 84 79 25 7 37 55 89 24 69 45
18 31 62 9 58 80 79 86 69 73 13 78 21 67 44 94 75 2 26
50 38 37 33 70 1 42 50 31 71 6 3 18 11 2 7 90 89 87 77 58 91 94 32 5 28 15 52 53 86 12 57 25 41 47 10 67 66 69 30 85 17 65 35 4 39 40 51 72 13 23
45 78 86 33 26 69 52 18 43 8 74 29 17 73 72 30 63 47 6 3 77 99 60 66 100 35 39 84 32 27 45 22 89 92 4 41 58 87 24 88 64 67 40 48 79 65
67 10 43 30 21 12 42 32 18 11 1 55 49 72 37 26 92 36 29 28 46 70 15 81 61 97 67 69 95 45 75 85 87 96 2 89 65 54 99 50 90 53 27 41 8 24 23 31 93 68 79 4 44 60 19 51 39 98 62 34 59 63 58 35 25 6 83 17
90 52 74 22 100 51 27 54 92 9 65 57 43 31 30 49 1 50 63 90 3 8 80 83 6 55 66 85 88 36 56 44 40 48 59 93 68 25 42 35 15 70 72 33 37 32 64 89 4 60 82 94 2 75 84 10 91 7 96 67 16 98 86 34 77 14 79 12 45 97 78 5 24 20 46 87 17 11 95 21 53 71 58 47 23 73 81 26 39 41 76
15 91 95 21 54 96 47 68 99 55 61 18 5 30 38 71
14 99 77 92 6 51 31 12 26 88 64 44 78 76 20
99 22 8 92 46 91 61 85 3 99 37 52 43 17 9 33 65 100 50 60 79 16 70 15 86 39 68 71 81 64 51 14 2 36 44 80 30 7 42 89 58 66 47 24 10 62 73 40 45 69 48 19 53 4 74 94 56 20 35 82 90 6 98 75 84 25 63 87 59 13 5 38 23 28 27 11 77 1 83 49 76 96 26 12 97 54 55 57 41 88 31 95 67 29 72 93 78 34 21 32
25 47 17 80 59 10 48 53 97 73 39 86 46 23 37 1 66 71 91 38 8 63 40 85 89 42
61 87 64 69 36 35 45 77 3 53 34 96 79 100 78 7 33 60 51 14 83 22 62 65 17 68 38 37 99 66 18 93 52 92 27 59 54 4 25 85 11 82 5 29 6 89 46 10 13 57 20 41 76 84 21 98 73 95 9 23 12 48
64 29 91 71 79 51 35 61 89 88 24 15 30 65 40 11 22 66 44 8 20 53 31 9 68 78 93 42 32 83 17 97 86 37 12 2 34 62 77 49 21 100 80 23 4 48 19 28 85 74 6 72 16 18 25 27 70 87 67 95 1 41 96 84 26
83 95 61 76 62 94 3 47 89 72 84 68 59 65 99 41 97 45 75 16 1 64 12 27 35 52 70 39 71 30 26 2 17 54 66 18 78 93 58 43 40 92 87 37 63 100 77 20 4 38 5 6 23 24 44 86 51 91 83 11 74 15 88 32 22 31 50 98 48 69 82 67 53 28 96 57 29 21 7 13 81 34 25 33
0
70 73 6 19 53 1 92 52 61 2 71 78 90 81 57 65 85 51 5 47 42 84 100 4 33 83 87 55 22 50 48 8 74 15 88 67 49 76 62 16 63 37 99 18 9 26 7 91 58 20 56 43 79 59 80 64 35 29 93 14 31 86 21 41 54 24 28 77 44 75 82
16 42 73 62 57 85 99 2 56 3 90 67 72 95 9 82 96
48 43 67 23 63 34 84 79 65 13 66 96 74 68 4 22 11 85 54 39 59 44 35 7 53 31 12 14 52 58 93 83 28 17 33 62 55 9 72 26 45 27 77 36 70 86 60 24 91
64 75 2 18 9 98 20 72 93 70 74 15 90 94 71 67 26 38 65 13 61 4 35 40 81 53 78 14 24 42 58 95 44 17 69 32 5 37 59 97 30 100 1 55 43 31 62 25 41 88 7 19 33 83 51 66 80 34 57 89 79 77 23 3 49
17 16 77 40 90 2 74 54 32 67 65 23 37 78 99 80 18 60
3 96 48 33
74 20 56 14 40 17 97 55 83 58 87 30 51 77 8 67 89 72 48 2 76 36 3 1 44 85 96 78 61 11 90 60 47 69 21 93 84 86 22 34 38 99 4 26 75 68 12 98 59 28 29 71 92 54 63 62 18 46 6 53 95 5 100 15 23 70 45 79 50 74 64 32 81 80 43
88 76 33 60 47 4 74 83 18 63 35 68 69 43 77 13 2 14 20 30 84 8 6 44 17 12 70 90 98 80 96 49 19 1 3 21 61 27 99 86 7 56 5 73 71 92 53 40 55 52 16 81 100 42 89 82 10 54 75 93 23 62 65 26 94 48 58 85 50 88 78 15 25 38 11 67 59 28 31 9 24 51 87 57 41 95 22 37 66
1 2
98 66 68 4 22 44 31 24 59 16 65 88 61 96 76 13 73 14 35 62 93 40 12 30 90 8 80 72 53 42 98 32 33 6 7 100 57 39 15 46 56 55 69 51 45 82 29 58 48 10 36 85 21 67 49 19 50 18 87 47 78 23 81 11 52 71 91 83 99 75 43 20 95 77 25 26 70 74 1 79 92 9 38 97 94 5 89 41 60 84 2 37 28 63 54 27 34 86 64
18 12 59 52 85 30 53 32 77 9 40 21 91 38 45 61 22 66 54
39 64 68 32 5 99 50 14 91 37 3 54 57 97 47 23 12 80 22 76 67 16 41 60 17 82 28 33 20 94 95 21 81 98 79 96 72 89 10 30
28 68 58 46 59 41 35 97 9 1 29 100 6 28 8 3 21 16 69 17 39 95 77 75 19 62 40 57 98
50 39 52 21 54 68 27 49 83 88 85 86 93 3 25 66 22 30 15 94 71 4 87 61 20 35 36 48 81 38 19 73 28 80 92 57 7 37 84 69 50 46 17 6 70 98 89 40 53 76 16
78 1 98 55 75 99 31 40 97 16 11 94 4 27 50 95 38 37 86 35 88 46 71 41 72 78 60 77 22 6 74 83 73 2 42 7 26 8 33 70 52 9 96 39 87 59 82 76 19 34 20 29 80 61 23 66 3 18 30 44 93 21 67 56 81 51 79 63 10 48 92 64 45 85 15 47 90 54 12
82 48 40 97 98 61 82 56 92 88 29 73 35 20 95 16 52 57 81 69 30 37 87 78 68 23 51 79 41 94 44 86 9 60 80 1 33 76 43 53 14 15 59 42 18 77 90 83 31 45 4 7 26 32 62 24 91 54 36 8 25 6 71 64 100 27 28 5 22 55 21 67 13 49 70 12 3 2 39 58 74 75 46
49 39 1 91 35 2 30 57 74 8 52 61 100 45 64 24 41 42 58 76 29 25 14 15 96 79 27 34 73 63 6 77 36 70 51 81 72 83 98 67 69 80 9 4 11 49 68 50 59 82
39 16 77 40 70 43 47 8 60 14 15 38 99 36 2 97 79 35 78 30 5 69 19 76 96 82 22 75 90 74 55 73 59 61 18 3 68 7 93 64
71 93 29 22 36 44 67 28 96 80 90 59 4 41 23 18 70 24 54 73 12 8 16 1 11 91 53 100 52 38 84 20 30 3 55 83 46 97 56 5 77 86 94 76 21 15 34 85 39 49 98 64 79 69 32 78 72 17 58 65 66 10 74 27 87 63 2 50 48 19 37 99
70 20 28 83 89 26 13 88 1 10 36 90 9 16 47 77 15 95 75 58 23 5 38 69 66 17 30 81 94 97 39 82 98 62 48 63 6 56 22 32 50 80 12 18 52 96 4 84 65 67 60 87 33 86 70 100 31 34 93 71 2 57 76 99 24 91 11 79 92 25 64
11 21 86 24 46 90 53 19 20 35 12 78
84 41 68 43 28 3 75 91 42 83 12 93 17 69 87 76 30 5 97 51 25 98 49 74 38 29 9 6 52 80 27 58 50 4 56 54 14 73 70 100 46 66 59 82 47 19 48 35 39 10 62 67 26 23 21 63 16 37 89 90 20 86 18 64 1 95 34 60 7 33 15 72 45 8 11 85 78 94 84 24 22 13 92 99 65
94 75 49 51 50 30 33 86 70 98 28 32 11 56 40 39 63 8 47 73 36 81 20 34 90 55 66 14 80 9 13 15 88 91 83 26 77 87 67 97 58 27 59 53 94 2 23 57 21 54 3 37 19 96 78 44 17 64 24 76 45 61 35 71 84 93 25 4 60 22 69 100 99 6 82 92 74 41 38 95 52 29 68 12 10 1 89 85 7 79 62 5 72 18 43
68 16 57 47 79 27 76 11 34 63 59 19 13 68 1 56 51 43 95 73 86 18 72 38 81 99 40 25 44 6 4 46 52 90 8 88 23 36 82 53 93 71 91 87 74 15 32 7 42 85 64 50 65 17 75 5 30 41 67 49 60 70 100 66 61 92 97 22 77
2 69 54
71 6 60 98 25 41 3 62 95 48 34 77 15 71 66 76 78 65 29 2 33 20 19 50 86 56 30 46 43 53 1 99 89 96 63 45 18 75 88 21 64 14 54 73 17 12 92 55 28 97 83 84 59 94 82 70 23 69 36 90 80 22 24 9 44 37 91 38 52 27 58 49
46 36 59 29 81 79 21 40 82 11 3 83 45 54 23 43 96 10 68 18 47 63 70 4 17 87 5 13 73 16 27 31 94 60 15 98 85 95 52 56 86 26 57 92 76 50 75
90 78 73 24 90 14 47 61 4 40 33 75 58 93 34 92 5 84 16 91 30 3 9 86 69 99 48 74 76 11 67 62 31 28 39 70 80 94 60 97 27 7 19 22 41 95 17 49 71 100 57 46 10 36 18 54 68 37 20 85 51 13 72 56 2 59 81 65 6 38 42 8 87 55 45 25 15 63 96 12 26 21 23 32 89 98 79 43 1 35 53
42 3 21 97 65 82 27 25 43 45 62 12 40 75 85 5 4 61 24 42 35 50 99 10 63 58 14 32 92 98 55 17 86 19 23 80 94 70 26 38 57 60 66
80 33 45 59 66 12 28 19 93 99 94 72 2 4 15 62 58 25 46 95 63 21 27 92 79 44 1 98 16 55 36 51 38 31 60 68 41 96 39 52 97 3 86 90 100 75 30 49 40 23 32 7 65 34 84 10 11 26 82 67 80 14 43 88 13 76 77 9 17 64 37 73 57 29 18 91 22 42 89 74 85
51 18 89 73 44 51 93 41 30 19 23 38 57 66 77 49 47 58 74 8 37 63 91 7 83 100 50 65 96 11 95 3 72 61 92 78 31 84 70 22 52 59 24 69 90 26 2 68 12 29 17 6
57 71 52 69 32 31 99 25 53 7 64 45 17 97 30 94 85 88 29 22 55 78 50 39 23 66 21 19 87 13 28 18 83 91 76 16 100 96 62 37 61 47 35 57 44 41 74 89 95 9 82 63 81 26 60 6 15 33
57 51 40 20 54 65 44 18 95 33 81 99 6 82 1 30 72 26 48 61 87 39 64 56 8 98 13 53 71 69 94 78 38 31 19 76 28 22 41 86 9 92 63 36 25 4 62 66 10 89 67 49 73 7 14 5 77 3
39 12 10 65 63 66 64 90 49 38 51 74 55 98 72 13 88 26 8 77 86 99 75 9 78 94 41 52 53 33 32 82 61 80 15 89 2 67 25 87
84 73 80 98 92 2 99 38 97 32 47 75 26 95 63 76 6 13 83 69 59 96 68 72 43 49 19 4 51 44 60 66 61 79 12 16 5 41 28 17 87 90 27 52 81 7 37 85 24 35 14 20 10 86 48 8 11 100 3 89 42 46 45 53 50 58 29 94 71 91 34 74 30 62 1 55 22 33 78 40 67 23 25 82 57
16 42 45 22 14 99 85 3 21 86 87 94 25 100 67 26 16
44 42 1 48 43 69 97 5 66 41 56 72 77 90 92 29 98 85 79 37 59 94 18 93 19 23 15 32 3 40 81 70 96 87 47 14 91 24 99 8 6 61 54 76 44
8 80 37 71 92 25 13 66 19
51 25 29 77 30 27 17 60 81 21 97 57 33 86 82 2 93 46 24 73 49 1 45 68 88 95 20 23 79 26 14 56 19 78 53 12 84 71 7 61 100 39 10 58 28 65 3 43 70 18 90 35
79 82 79 10 21 30 20 33 72 84 24 76 27 3 100 71 44 51 63 52 25 42 45 47 14 96 48 41 18 68 50 31 69 23 11 93 38 85 57 86 12 8 73 88 65 77 99 13 75 66 22 32 74 78 56 61 58 55 28 54 70 35 67 95 81 6 19 80 4 49 98 43 89 60 15 94 1 53 87 9
4 75 83 69 84
90 17 1 85 88 87 5 20 58 50 8 73 96 56 92 60 32 36 72 3 24 64 48 41 84 47 62 63 28 83 33 11 53 12 43 21 69 9 82 76 68 25 99 70 38 44 7 93 37 18 90 34 77 13 40 55 31 16 4 26 39 86 14 52 6 49 19 65 42 81 46 51 27 91 100 23 15 10 79 29 94 95 78 30 75 66 45 67 97 2 22
40 87 3 23 52 82 99 4 60 96 54 75 57 25 5 74 80 8 27 64 45 58 100 86 68 18 41 21 44 88 38 35 1 72 16 67 22 42 49 79 89
91 52 35 45 53 96 27 78 50 67 70 30 76 23 17 77 15 9 20 56 92 93 5 18 36 69 89 46 42 61 16 19 7 44 54 74 60 38 87 33 47 3 59 79 55 99 94 73 81 25 34 100 75 82 64 98 85 22 11 4 32 31 51 97 8 10 41 14 86 40 80 48 12 58 24 1 91 63 39 84 72 68 57 21 65 26 62 83 13 28 2 95
100 64 98 95 43 86 97 22 29 15 53 77 60 20 52 40 71 78 24 56 73 100 74 84 94 27 54 80 35 65 33 9 55 25 75 14 4 18 16 42 88 61 6 10 46 32 45 69 62 57 36 31 49 82 44 91 87 28 34 68 59 38 89 51 1 85 21 99 79 92 93 83 26 7 3 58 41 48 8 96 39 72 23 12 5 81 47 2 19 13 17 70 90 11 37 30 66 67 63 50 76
51 93 91 55 87 36 58 46 39 12 52 59 38 96 18 28 69 13 2 45 22 47 17 10 70 27 50 51 86 31 94 9 43 78 8 68 42 53 14 30 54 98 21 74 81 80 37 77 1 15 92 89
77 47 78 4 41 37 15 67 5 62 50 1 26 40 7 2 8 72 93 42 25 22 95 82 20 33 76 53 18 12 24 77 32 43 29 85 96 98 84 14 91 66 59 89 39 97 68 58 51 49 61 23 52 69 34 54 83 74 60 92 35 90 11 30 31 44 65 79 86 57 55 80 81 36 75 27 100 63
7 79 78 45 28 61 67 29
91 63 4 58 76 65 86 59 96 79 24 30 42 94 66 62 31 17 9 5 78 69 92 27 26 93 80 46 14 87 100 51 57 7 38 40 85 68 56 70 16 2 54 19 61 89 33 43 90 84 60 81 8 22 13 48 98 97 36 50 20 82 53 18 64 47 71 3 15 37 49 29 73 1 88 12 44 74 34 21 72 77 25 35 67 28 75 39 45 32 23 10
26 68 95 8 97 67 23 34 90 16 77 40 43 44 84 50 29 41 58 59 38 69 52 17 31 6 72
72 13 94 95 62 4 82 43 61 50 76 27 22 24 17 90 30 69 31 81 6 42 65 3 68 38 83 100 23 77 53 84 96 8 52 35 16 20 73 54 74 32 11 55 59 60 48 46 19 10 66 37 57 63 98 9 39 34 41 15 88 70 29 87 86 97 7 25 93 28 36 12 44
4 26 83 8 19
100 31 68 60 34 41 72 33 86 81 1 26 28 99 15 50 5 80 8 73 29 77 92 6 97 36 64 67 55 59 100 83 57 75 90 38 58 94 37 98 19 78 32 84 76 71 56 2 42 17 16 35 96 69 13 39 95 82 25 66 45 44 52 23 70 43 21 62 88 14 18 51 91 89 46 7 30 4 40 79 54 20 10 12 65 48 61 74 49 47 27 3 11 85 53 87 63 9 22 24 93
97 28 20 85 98 64 97 100 19 26 15 6 63 83 84 56 41 18 29 44 50 68 82 3 96 1 51 89 91 24 67 30 62 61 54 45 59 7 12 73 94 60 46 92 38 52 13 72 58 36 74 95 17 21 75 43 27 9 79 78 42 69 87 4 66 49 23 39 53 14 31 99 25 47 5 77 37 22 88 33 81 16 70 55 40 32 86 65 35 34 80 93 2 48 90 8 11 71
29 22 90 50 48 97 96 8 25 61 52 74 54 35 66 72 81 10 62 16 80 42 15 53 85 20 17 83 46 31
48 54 38 23 82 61 25 66 86 3 27 79 95 6 18 64 65 46 39 34 69 52 31 78 19 85 90 59 28 35 81 80 77 12 53 8 99 20 55 83 17 75 63 10 92 50 13 51 96
36 81 66 33 55 35 76 12 19 34 14 25 24 26 3 5 51 31 47 36 28 80 96 50 15 38 11 43 78 18 39 62 87 71 27 37 73
47 49 16 44 36 100 19 18 91 88 68 79 61 56 40 5 20 30 94 55 33 90 83 72 73 51 31 96 80 8 60 1 38 70 84 57 15 59 81 13 74 39 54 46 37 89 41 14
92 80 74 95 53 71 50 98 18 76 35 47 84 91 12 82 41 69 86 28 49 22 25 65 14 42 90 93 99 15 100 19 66 77 40 31 78 52 26 54 97 34 96 21 94 63 39 38 3 92 81 56 4 55 73 27 67 20 83 89 10 59 75 16 17 43 88 33 6 37 8 58 13 68 9 36 62 1 23 79 57 46 11 7 2 5 24 32 44 48 30 64 60
79 94 72 69 93 36 54 11 90 34 56 84 96 88 12 16 7 5 3 29 49 42 47 45 68 24 92 31 50 51 66 18 61 64 46 26 43 91 32 76 44 95 4 37 80 57 20 74 65 40 38 14 52 67 100 10 73 19 2 21 17 13 6 39 55 27 79 22 53 28 25 70 81 75 30 63 15 1 98 8
24 28 56 44 13 98 99 61 94 57 17 76 90 77 75 2 86 91 4 5 54 78 10 42 41
35 86 87 40 16 92 39 58 59 49 53 64 10 81 47 30 54 17 98 8 14 62 70 26 36 63 25 52 94 33 61 77 34 2 41 6
23 8 95 13 49 15 69 14 7 10 31 86 40 71 74 100 26 39 85 28 72 66 17 23
51 73 70 32 76 21 95 23 22 54 12 80 87 38 55 18 82 74 13 86 25 49 48 5 6 33 56 35 9 26 24 100 69 51 8 89 50 10 62 3 45 77 34 75 16 59 60 96 20 66 29 4
25 44 76 28 45 60 23 70 15 24 27 75 37 52 62 32 57 9 79 85 73 2 82 13 88 12
96 46 38 54 93 1 7 85 84 81 34 79 59 12 13 11 97 50 42 36 75 20 25 55 71 23 52 91 88 94 73 15 76 35 62 80 58 96 24 10 64 17 33 66 57 82 89 69 56 22 92 41 63 27 49 40 6 61 99 72 31 30 78 98 87 86 48 74 95 47 60 3 39 44 65 70 77 9 43 51 67 16 18 2 14 19 100 21 26 68 32 37 4 53 28 83 29
87 93 46 71 30 61 65 78 8 22 89 52 41 26 68 53 67 62 99 83 1 43 80 4 85 13 38 7 49 98 55 15 14 82 56 58 42 25 84 97 12 100 33 70 47 51 23 57 77 87 9 92 37 50 34 5 81 95 44 63 11 69 91 88 72 48 73 3 60 20 24 64 29 94 28 18 36 16 90 86 39 2 74 31 17 40 45 59
10 71 39 6 76 43 82 63 16 3 80
6 19 6 34 99 93 40
