100 40
42 59 32 77 71 52 31 90 70 83 23 44 54 22 81 15 55 91 43 79 100 75 56 49 68 97 82 94 98 89 87 39 67 27 24 30 26 74 51 25 20 7 10
87 85 52 15 20 68 77 84 60 86 63 47 18 33 23 7 36 22 40 4 27 46 34 29 59 62 31 24 28 79 6 1 71 97 91 90 93 19 92 13 55 72 38 66 37 61 81 49 30 41 9 83 10 8 57 42 56 25 54 78 76 39 26 43 88 48 14 35 69 65 70 5 80 89 3 21 95 16 99 74 51 64 94 12 50 87 58 17
77 76 69 94 55 22 32 62 31 33 71 26 19 56 24 23 39 89 6 81 68 84 54 8 7 92 61 1 64 49 74 100 41 97 95 85 65 9 80 2 88 60 96 37 10 53 63 20 28 40 34 5 67 59 21 87 78 15 77 17 75 70 18 98 27 12 36 79 90 46 51 99 72 58 82 13 45 47
6 25 78 14 98 85 21
49 79 16 38 39 11 94 89 99 5 63 14 35 82 78 43 32 74 95 41 62 17 87 98 46 97 84 72 48 70 57 52 81 86 51 44 22 47 33 6 80 49 27 31 26 53 66 69 58 4
35 64 35 50 85 70 76 15 43 95 22 82 51 28 40 23 52 18 81 41 36 13 24 33 6 53 71 37 39 60 44 100 19 30 11 67
92 75 6 57 87 93 29 9 34 23 40 22 46 58 48 5 30 38 63 19 78 97 79 80 74 47 35 64 67 68 20 56 61 90 39 24 52 85 94 84 81 3 43 10 51 11 70 86 31 36 28 98 77 60 18 17 88 33 54 83 92 26 91 65 100 13 76 7 15 21 32 27 53 49 45 73 44 95 82 4 2 37 25 42 66 69 8 62 59 72 55 16 96
86 51 3 44 84 42 78 30 75 85 12 53 16 57 19 31 90 73 37 28 33 69 92 72 96 32 48 54 52 22 74 100 21 40 20 68 86 88 65 17 81 49 66 87 4 99 76 18 25 36 43 60 80 35 63 46 89 77 83 47 24 97 98 27 70 71 6 23 26 13 2 55 34 67 8 10 82 91 50 7 38 5 94 79 95 9 39
66 40 56 76 14 6 26 65 15 33 54 88 5 79 13 59 16 28 67 77 91 10 53 25 52 74 71 68 61 7 50 36 46 99 86 92 35 4 3 81 24 12 75 94 2 18 58 48 23 21 72 47 49 100 57 55 29 69 97 84 83 89 60 34 63 8 19
8 72 84 80 63 28 2 10 46
56 51 81 49 85 70 2 66 14 86 26 9 78 48 99 8 62 34 18 5 61 15 88 82 58 44 7 93 36 28 83 6 65 53 95 41 94 97 1 11 56 80 21 24 90 43 10 30 22 68 23 12 40 91 67 69 71
57 57 48 40 47 22 14 94 4 79 23 88 46 21 41 84 97 95 98 8 86 65 31 33 58 3 6 54 100 29 99 63 51 67 52 90 27 34 69 39 32 82 61 38 9 37 35 75 96 18 10 11 2 16 66 53 15 70
12 89 78 50 25 4 45 11 17 81 56 5 15
18 60 97 39 80 74 51 56 34 59 20 69 18 93 54 33 16 45 29
51 96 52 100 70 79 7 8 30 15 54 36 67 56 2 1 77 11 23 14 25 10 83 62 33 85 38 51 75 46 22 6 72 84 9 71 81 86 69 97 47 58 24 68 16 39 49 64 93 94 82 4
89 41 45 96 48 88 18 67 37 100 24 83 38 28 34 31 65 23 93 82 84 11 66 35 61 51 9 54 22 21 85 56 77 13 47 39 90 30 53 92 50 1 95 80 49 25 63 97 33 16 73 70 79 89 86 72 17 27 91 12 55 64 2 76 52 81 58 43 19 26 99 36 40 42 75 69 14 57 5 10 87 78 46 71 44 68 94 7 20 4
81 85 40 6 58 51 89 74 52 78 5 88 22 2 3 77 57 29 10 73 70 67 61 19 1 95 53 66 46 54 56 48 14 39 71 100 28 31 13 18 47 23 42 11 35 32 50 96 65 80 41 72 59 33 37 75 62 27 12 45 87 21 81 63 90 84 43 7 49 44 20 97 83 25 36 34 17 68 26 82 76 69
87 30 25 61 53 92 46 65 16 27 47 37 1 2 34 12 59 89 3 64 74 19 93 43 31 73 81 70 96 36 57 22 55 79 54 66 68 52 83 15 45 51 67 85 98 69 49 63 99 86 87 11 40 62 44 9 29 42 28 24 21 17 38 100 58 76 82 5 91 60 10 50 56 78 77 75 32 39 13 18 33 14 71 72 80 97 4 26
18 9 25 74 53 66 57 19 24 85 5 75 36 73 37 68 47 95 28
2 34 28
64 61 54 30 6 48 36 7 23 82 32 38 74 73 8 72 55 87 62 34 79 93 35 14 33 25 12 10 66 17 45 95 52 2 77 42 98 44 91 5 27 19 51 50 89 65 75 53 83 15 28 100 31 49 4 60 16 1 80 20 67 9 26 43 21
33 14 46 90 36 78 98 28 97 58 56 25 62 63 52 17 19 48 26 29 53 21 71 1 95 16 47 2 74 51 9 91 38 99
21 33 40 47 27 57 73 44 100 20 50 74 11 65 52 51 98 37 71 31 67 13
7 26 43 97 66 49 96 95
82 13 96 75 9 56 86 97 51 98 52 68 20 48 92 81 41 25 33 84 1 60 57 93 34 46 72 65 62 16 10 80 37 18 99 38 3 55 31 40 43 88 91 8 7 23 77 30 19 26 22 49 90 32 74 78 35 83 85 24 6 50 59 69 27 47 15 94 63 28 4 17 2 12 71 45 70 66 61 89 87 29 58
49 67 1 53 13 76 6 46 15 24 35 85 18 38 48 71 95 50 92 29 42 98 40 5 31 2 91 23 59 20 65 33 63 19 69 16 36 88 81 10 41 27 43 89 97 64 58 34 49 8
20 3 6 10 21 1 85 49 41 53 86 60 75 99 51 58 87 76 90 36 45
82 13 45 49 43 18 36 24 31 21 86 83 87 65 22 56 10 35 6 41 57 80 8 96 70 61 46 59 37 95 79 19 50 55 82 76 97 88 64 29 39 3 51 99 7 67 25 94 4 68 92 9 90 100 71 78 69 44 34 20 58 91 84 63 75 93 60 12 26 73 48 54 77 1 32 17 40 72 33 74 15 53 2
36 92 41 29 48 78 100 98 24 3 33 27 31 5 95 19 21 91 23 12 4 43 9 61 22 28 83 40 30 59 38 16 47 10 76 64 89
11 13 18 34 8 35 60 86 82 38 85 2
27 28 92 32 25 99 86 55 54 74 68 89 96 24 4 83 16 6 85 100 91 5 64 59 38 73 88 69
29 44 93 85 91 90 80 54 1 50 89 84 24 38 30 32 51 25 79 97 88 86 31 76 55 16 27 94 62 23
43 85 98 81 55 6 11 75 72 41 40 46 57 36 60 95 93 47 66 96 59 43 31 58 28 100 23 3 65 49 29 68 16 30 89 42 17 76 12 38 90 62 18 74
24 85 50 59 71 67 57 16 10 36 13 45 55 76 61 63 2 90 69 24 78 96 8 64 89
80 63 42 25 8 21 40 7 32 58 15 68 57 95 59 75 9 74 56 90 100 71 2 51 97 94 37 34 1 23 6 55 35 30 26 81 84 45 47 3 96 83 98 10 66 11 44 46 79 27 31 61 49 19 53 5 85 92 29 18 76 13 17 64 82 41 67 78 99 28 93 62 36 65 72 91 86 54 89 77 16
62 9 72 40 30 62 14 73 24 26 75 29 58 48 16 77 10 79 63 93 67 28 1 37 51 38 15 64 47 5 18 59 71 84 96 54 44 35 33 19 17 82 61 66 50 76 52 21 81 2 25 11 60 12 78 80 65 55 98 99 3 42 87
3 76 65 8
3 47 44 82
16 52 43 83 34 47 41 7 40 38 64 92 100 31 55 22 75
57 78 19 50 13 17 75 41 57 84 8 38 37 12 76 47 89 15 45 10 32 52 54 25 59 58 31 60 34 72 22 40 49 70 35 9 2 77 42 74 46 93 83 88 96 36 69 48 24 7 80 92 63 79 87 94 23 99
93 92 42 94 25 41 91 1 71 59 87 37 16 70 23 21 99 17 81 63 13 45 31 12 24 95 5 6 73 38 22 46 86 60 8 62 68 98 53 74 50 69 51 55 58 93 85 57 54 9 100 10 49 20 56 75 26 61 78 72 76 7 89 79 88 80 33 47 44 48 11 15 83 97 28 64 19 14 77 3 29 27 39 4 67 30 32 90 43 35 66 65 2 52
72 65 53 51 39 8 58 66 89 36 91 99 71 97 43 32 46 57 84 94 45 5 37 27 81 48 31 9 33 85 15 75 62 16 50 19 95 13 60 82 73 93 74 77 83 22 80 10 49 17 92 76 12 98 61 11 59 55 70 100 64 90 30 2 20 87 25 96 1 41 28 3 72
36 72 86 75 64 2 76 21 58 7 81 4 87 90 55 78 30 46 98 22 8 37 61 12 5 1 69 3 66 39 82 57 50 38 10 77 31
1 91
66 83 71 69 58 91 16 93 47 24 21 3 20 6 27 46 30 67 75 18 98 53 37 45 13 10 35 82 65 76 68 66 60 70 77 39 62 81 54 11 41 8 14 44 9 19 64 72 63 85 79 56 50 92 33 59 17 38 80 97 32 22 73 61 4 57 86
84 62 13 88 58 44 8 84 22 81 23 73 98 76 15 52 45 39 21 77 74 60 54 2 10 83 11 35 42 32 80 48 28 26 63 61 14 47 86 34 65 51 37 25 70 72 68 79 9 1 56 82 3 16 90 6 64 19 78 87 4 27 50 100 67 85 7 24 31 12 49 29 38 46 53 94 55 5 71 66 95 30 41 99 36
30 54 26 100 48 69 50 62 77 23 21 84 57 45 44 96 58 20 94 87 28 79 16 9 39 13 35 12 36 18 92
79 28 2 38 64 97 51 65 20 55 42 75 7 47 53 71 84 89 92 54 69 63 10 100 29 48 72 15 25 17 46 52 86 37 8 93 73 40 88 41 27 60 96 30 45 77 49 91 78 18 81 66 22 83 19 50 6 57 80 94 61 95 24 16 87 59 56 58 26 85 90 74 39 34 5 35 76 98 36 32
65 100 34 44 21 80 86 81 17 85 77 28 41 15 9 27 78 92 48 42 75 64 73 4 99 57 91 71 30 83 37 22 52 24 13 66 10 29 23 33 38 89 2 95 16 74 82 76 79 32 35 93 1 68 98 19 39 59 94 67 43 69 7 46 6 11
40 78 77 68 75 81 64 34 26 41 33 4 80 44 2 9 63 32 11 30 28 6 97 98 8 84 13 66 99 70 40 86 82 35 96 21 58 72 15 42 51
23 15 53 35 31 96 79 27 36 71 73 84 62 93 29 8 92 13 34 37 12 65 45 11
78 61 15 73 29 44 94 91 75 79 62 70 98 90 3 43 11 80 86 84 68 58 27 38 32 55 89 63 52 99 51 8 16 49 85 33 71 35 92 14 78 19 100 7 23 13 69 22 67 2 60 6 41 20 36 10 97 5 1 24 96 59 81 45 40 83 76 77 30 34 47 50 31 39 28 21 87 48 53
72 80 51 13 62 10 91 66 32 89 34 46 12 5 1 31 60 50 94 18 30 20 19 16 83 24 56 14 21 90 40 74 23 17 55 93 72 15 42 3 68 38 7 71 64 47 73 52 76 84 86 33 99 75 95 11 61 59 27 2 88 22 39 98 100 97 44 25 65 63 45 43 70
26 56 74 71 61 16 57 41 73 23 30 51 91 15 6 42 19 28 82 2 81 35 1 21 75 12 46
49 42 75 48 1 26 91 32 67 53 81 86 95 70 74 77 57 25 99 49 24 30 73 43 96 40 97 44 54 78 98 18 4 89 85 21 65 87 23 31 6 50 8 20 72 19 88 34 5 71
14 59 94 73 38 95 52 5 72 31 19 13 53 47 49
12 60 80 78 98 61 55 92 38 7 16 90 81
38 4 28 86 99 45 30 93 67 15 81 64 91 44 38 49 57 22 95 75 84 18 55 52 9 61 32 79 76 39 68 16 69 80 19 92 42 27 29
55 88 65 68 76 3 75 25 18 67 98 72 31 90 24 59 40 10 34 29 19 60 96 6 2 28 7 13 100 62 63 37 93 14 52 82 42 17 78 44 83 8 5 86 92 20 49 64 16 26 89 99 22 74 43 81
22 52 18 53 8 96 2 92 19 84 80 9 47 59 98 6 67 74 82 20 39 72 27
97 21 34 81 41 18 52 40 33 99 97 42 47 68 44 93 63 28 61 15 3 92 57 54 16 13 43 4 96 5 88 7 20 64 75 30 89 77 10 98 19 58 69 74 48 70 39 60 14 27 80 46 6 35 55 67 37 23 76 32 78 24 29 86 66 82 90 8 11 38 62 53 100 85 94 25 91 59 31 50 17 1 22 49 71 73 26 95 51 2 9 56 12 79 72 45 84 65
21 4 7 62 36 64 47 98 78 51 8 46 73 72 50 53 82 18 56 67 9 52
52 40 11 18 13 26 9 74 96 85 90 5 49 75 76 31 57 38 67 88 65 72 87 37 86 82 80 41 14 16 55 78 4 68 58 100 32 97 50 39 94 71 70 1 60 92 12 52 29 21 15 98 63
57 88 4 89 91 98 62 21 1 11 10 50 7 90 13 32 95 56 6 48 75 80 25 82 27 63 22 40 86 36 31 67 47 51 20 33 12 19 5 97 93 74 78 38 94 37 70 15 85 49 72 16 34 45 100 87 83 54
49 71 69 39 27 20 43 72 14 41 100 53 65 81 24 35 4 38 48 50 64 90 18 78 1 31 55 51 98 95 75 3 73 37 61 21 93 23 33 5 52 12 42 63 36 91 49 56 82 15
52 45 26 39 30 88 46 23 6 1 34 97 76 19 37 54 61 13 59 99 93 69 91 16 41 5 20 25 7 90 55 81 64 79 27 53 44 58 29 86 66 89 68 11 60 74 49 100 42 57 62 15 94
46 48 14 54 39 42 97 73 6 61 50 75 8 34 5 86 93 35 33 82 96 13 57 43 100 36 27 79 71 1 84 85 44 3 10 26 64 77 21 47 78 24 18 60 25 19 76
95 98 84 95 11 13 7 75 83 21 91 4 68 42 36 72 14 49 17 33 76 5 65 85 37 55 10 35 40 31 50 28 56 53 34 86 82 59 16 51 18 26 78 43 90 79 96 32 6 3 99 67 52 19 30 48 97 88 41 58 27 25 44 38 77 22 23 60 54 100 74 29 39 20 2 87 66 70 93 47 24 80 1 71 12 45 89 92 63 64 46 8 57 73 61 15
53 79 99 37 21 15 6 42 8 67 44 32 100 93 41 11 85 69 53 2 29 7 35 83 50 20 71 98 54 13 64 25 76 22 92 84 51 38 90 24 62 1 95 65 89 46 94 27 9 47 72 56 96 28
38 1 81 12 63 72 83 37 70 100 32 11 34 17 33 76 26 91 51 41 27 53 43 90 57 24 59 9 69 95 58 5 42 93 75 46 82 47 85
100 34 14 58 12 19 94 9 88 15 72 68 84 73 54 66 63 48 59 44 23 4 46 98 45 86 93 40 2 32 17 83 77 61 90 1 16 42 76 51 85 52 95 21 74 49 75 89 26 50 62 78 22 43 47 70 79 18 67 28 64 100 24 31 97 7 53 60 25 69 39 37 27 30 11 41 20 38 99 5 13 33 65 87 29 57 81 36 56 80 91 35 92 10 96 8 55 82 71 3 6
16 52 34 89 54 38 69 28 22 10 87 17 20 67 88 62 57
97 37 29 7 52 60 36 81 3 18 24 70 67 55 92 49 95 44 94 2 91 58 73 77 10 22 8 35 40 17 46 9 59 32 28 76 65 66 93 5 27 4 57 99 48 53 12 86 19 38 62 34 13 23 61 88 63 50 33 16 69 90 45 51 42 78 39 15 98 54 64 71 43 82 100 11 25 79 89 68 31 87 30 21 6 1 47 20 74 84 83 72 85 26 41 80 97 96
28 99 32 80 77 42 19 84 43 40 22 63 76 54 74 38 14 100 52 17 96 49 30 87 1 24 29 82 16
57 18 92 89 62 78 75 11 76 15 97 58 72 55 66 3 65 10 77 60 41 52 64 19 68 57 48 4 16 17 81 9 34 70 46 63 80 22 45 43 28 85 33 38 12 24 88 39 8 100 21 56 53 47 61 54 37 69
38 74 19 64 50 3 17 62 14 84 69 15 39 100 5 57 80 13 98 34 72 1 41 29 21 2 91 26 51 32 33 4 83 16 6 20 22 67 89
80 73 5 7 100 59 82 11 9 51 23 47 86 30 3 10 20 88 91 84 99 71 14 43 34 28 16 55 1 2 35 54 27 50 49 65 83 90 80 68 53 18 85 97 24 32 56 87 72 75 81 42 69 15 46 89 44 70 45 63 79 74 67 12 19 21 62 4 60 41 76 64 22 29 95 48 78 66 98 8 26
67 20 45 54 44 88 68 51 3 78 72 34 90 29 67 15 56 71 35 42 31 4 37 26 1 24 17 57 80 36 13 83 12 2 19 58 63 92 30 85 8 43 66 25 64 33 74 48 7 75 11 52 6 61 96 41 93 73 84 40 81 27 86 77 5 70 38 76
54 69 78 54 52 76 87 9 21 31 88 64 86 74 37 47 66 18 44 59 5 49 51 41 38 98 11 99 8 10 15 26 84 96 36 80 29 95 6 17 12 63 39 58 56 57 73 25 14 13 32 92 40 97 22
14 62 81 14 2 18 80 38 75 10 27 95 69 6 93
62 12 84 63 2 36 47 25 49 38 45 26 66 58 13 44 76 85 98 55 28 100 64 94 9 93 65 54 87 27 11 96 29 32 34 39 82 60 73 99 33 15 72 81 31 83 92 79 69 59 43 21 40 46 61 89 57 24 4 77 3 71 95
11 22 30 33 63 95 19 31 84 78 1 49
36 17 49 52 26 22 39 99 50 24 42 85 8 70 87 2 100 81 64 29 19 71 18 91 67 46 98 83 54 72 34 35 47 55 79 74 48
15 41 34 37 69 5 42 23 26 45 59 72 18 78 65 12
61 29 3 6 28 64 71 93 62 91 89 75 67 96 12 16 42 76 52 20 14 51 25 31 50 68 74 30 90 15 77 7 100 26 86 47 95 44 85 54 72 13 36 73 60 84 99 38 81 53 43 1 21 97 45 40 88 79 22 27 18 78
22 23 7 21 51 96 98 67 99 47 73 54 70 92 69 46 86 56 30 17 89 52 20
89 17 78 5 36 87 98 88 4 18 56 19 54 61 25 12 84 23 51 20 41 93 67 58 33 52 90 100 64 21 91 40 9 48 49 63 92 81 97 38 39 32 26 70 43 72 76 85 82 79 60 96 65 74 66 89 80 57 83 24 3 14 22 42 44 46 55 34 28 75 15 7 31 10 45 29 77 27 8 35 16 71 69 73 30 1 2 53 13 6
55 87 10 30 35 86 57 17 28 12 7 23 67 37 92 81 54 18 38 33 20 65 42 75 19 96 45 46 59 40 82 15 11 85 79 34 24 64 4 70 84 68 27 47 94 61 60 97 91 83 99 71 26 51 90 5
47 69 37 67 76 20 94 82 30 75 64 26 55 4 35 51 27 98 53 56 83 2 80 14 13 50 77 100 6 10 39 15 7 87 22 65 84 61 79 8 43 71 86 88 89 59 19 49
39 78 75 100 53 73 79 43 85 41 48 50 92 93 51 35 22 96 2 36 33 86 21 34 64 39 49 97 16 37 18 67 61 88 94 82 40 80 30 91
65 21 98 75 12 82 43 81 91 78 64 27 25 95 55 33 36 90 71 63 51 4 52 34 26 92 7 44 18 13 62 100 37 68 22 35 66 30 84 1 42 28 59 29 38 46 58 8 20 53 70 86 77 74 39 80 48 19 16 88 73 96 49 72 14 3
63 10 91 95 55 72 4 28 49 40 64 89 52 30 54 100 18 2 31 24 82 16 75 73 34 71 29 17 37 97 62 43 38 96 83 90 69 87 22 32 56 20 98 57 67 70 85 8 63 94 60 36 51 14 3 66 35 46 79 86 33 93 1 80
98 41 31 43 20 13 24 97 87 34 50 1 17 33 53 42 52 10 95 16 85 86 27 99 30 15 4 39 63 100 67 51 90 9 88 79 55 76 84 93 81 83 26 44 80 54 64 91 65 6 98 73 46 72 89 78 60 35 71 61 32 22 23 69 37 19 14 3 58 18 92 75 77 48 66 56 74 38 2 82 11 7 8 94 21 40 28 29 70 25 47 59 36 5 96 45 49 12 57
38 30 94 40 96 85 68 72 28 24 21 11 14 46 54 19 4 7 55 78 61 20 39 58 47 86 100 59 91 38 37 93 76 36 10 34 9 77 74
15 69 7 3 99 67 60 40 66 48 26 74 13 38 9 24
47 33 48 25 86 23 87 61 5 50 13 4 36 80 54 71 7 52 96 34 1 94 45 31 70 78 43 15 29 98 18 11 95 58 19 93 62 17 53 47 10 59 14 89 90 67 46 73
5 28 21 62 87 64
9 71 42 41 35 21 73 53 66 68
5 62 20 65 39 16
17 25 44 21 81 3 35 62 99 57 55 32 96 40 27 19 30 67
48 91 73 60 64 44 1 97 36 100 41 68 72 61 16 63 42 75 12 31 27 37 2 66 69 10 59 51 28 89 99 45 76 34 4 65 92 98 50 70 55 15 56 90 13 26 22 9 79
93 39 66 25 82 54 45 21 68 88 93 3 84 18 50 8 7 12 27 14 100 28 51 97 81 59 74 20 80 38 77 76 24 62 64 13 33 16 1 85 47 73 67 17 55 23 44 65 69 89 11 34 35 86 52 79 91 19 72 92 57 31 49 61 10 5 26 43 2 4 58 53 99 94 29 32 70 56 71 37 48 78 46 42 90 83 96 98 41 9 75 63 60 15
100 91 99 18 94 16 53 43 93 73 90 40 29 59 60 50 71 63 42 46 98 61 58 30 45 37 100 57 47 15 49 62 64 65 51 33 41 52 23 28 9 21 66 12 31 79 92 78 48 56 2 4 19 38 22 14 8 88 7 20 6 96 67 69 34 10 1 75 3 84 86 80 76 27 97 85 24 26 32 54 44 95 17 82 39 77 87 5 83 74 55 11 68 81 36 72 89 13 35 70 25
35 71 96 59 85 27 6 31 25 48 70 89 10 91 73 79 60 28 16 58 74 8 7 3 21 90 37 62 30 69 33 44 100 49 19 92
55 56 66 36 2 45 34 42 10 31 76 74 94 96 60 21 73 93 50 39 33 17 64 99 28 11 77 87 78 81 68 38 86 80 79 13 9 53 55 14 84 35 67 71 98 15 54 88 40 90 48 89 95 47 30 59
24 100 50 81 29 48 86 16 36 12 26 68 67 58 34 59 18 52 87 91 62 11 10 15 76
87 39 10 37 46 80 18 100 48 77 8 19 56 97 86 76 58 44 23 63 49 52 67 85 20 16 34 68 98 64 66 36 17 55 6 4 25 83 79 96 92 87 71 5 59 9 27 14 29 3 65 41 89 15 74 28 82 78 81 47 53 32 88 70 91 24 54 45 11 95 13 99 84 43 30 93 7 73 51 72 22 40 94 31 75 61 2 1
72 59 100 61 52 64 15 26 31 62 21 45 42 14 36 38 84 85 83 79 71 23 80 28 7 24 47 89 49 57 22 46 68 54 29 90 88 19 44 95 86 6 70 77 69 5 16 66 32 67 41 40 63 55 9 33 34 10 92 99 51 58 18 35 25 17 98 60 96 43 13 50 53
68 75 10 70 5 41 25 37 62 87 32 98 7 96 79 90 93 13 15 50 73 100 60 57 91 19 39 26 18 71 59 86 14 63 69 68 11 66 54 1 34 56 23 42 95 43 64 81 48 94 85 76 51 3 84 36 47 49 92 55 31 99 38 2 67 80 74 12 17
5 98 48 15 42 20
98 93 45 85 39 70 11 30 63 21 95 28 59 79 27 78 49 94 29 98 15 6 36 34 25 90 3 54 87 58 64 14 2 83 44 37 16 26 13 74 4 73 19 100 41 22 99 24 31 76 91 8 46 10 35 60 47 20 55 38 68 81 89 92 12 5 32 42 23 71 18 97 9 1 75 56 72 96 17 48 88 33 40 50 62 7 65 69 53 84 67 51 43 52 77 86 57 61 66
0
18 6 66 56 36 74 40 69 77 83 38 34 3 43 26 45 57 65 86
43 45 89 27 75 8 32 65 36 78 68 76 62 79 49 34 39 98 3 5 24 11 46 30 29 72 1 19 96 50 51 7 73 99 20 53 40 17 54 59 81 83 23 77
6 89 63 96 87 39 57
24 47 77 86 18 33 35 100 51 89 63 88 52 50 2 26 68 98 59 54 21 31 73 49 48
16 11 18 27 65 57 68 50 42 35 53 64 26 72 87 73 37
18 73 99 39 76 16 37 40 44 66 13 69 90 1 14 75 38 97 43
47 51 9 99 45 17 68 96 19 88 29 69 53 28 73 92 77 57 18 81 14 90 79 64 66 46 16 20 26 91 43 56 11 41 58 21 3 55 34 6 4 72 10 12 67 86 60 27
20 56 34 6 78 2 46 33 16 80 38 15 79 53 42 51 71 37 28 19 67
35 21 63 69 12 31 38 44 34 27 32 26 9 28 61 11 46 94 2 25 18 50 56 1 14 65 91 30 22 71 5 81 13 35 23 77
90 57 1 3 22 56 66 33 99 67 52 25 75 35 37 79 59 31 2 34 32 98 70 71 61 6 82 92 86 85 46 93 27 87 17 55 68 45 94 24 62 5 50 20 36 7 42 12 41 18 8 73 100 65 96 47 19 97 84 39 53 91 21 26 4 58 51 11 13 54 81 83 16 76 14 44 77 23 63 90 89 95 9 15 64 29 49 72 40 78 10
57 73 48 40 11 5 91 67 87 80 92 69 12 56 62 24 97 8 34 50 28 20 90 55 29 66 26 99 94 76 4 7 38 30 93 45 96 95 31 49 42 18 53 36 19 65 59 13 52 75 63 32 100 22 41 98 27 88
98 47 5 93 81 95 46 18 31 28 75 3 74 8 56 71 58 48 50 34 97 77 65 40 84 15 63 88 24 38 89 72 7 99 66 91 25 43 2 73 83 20 55 49 6 54 39 41 92 51 19 70 68 96 12 86 22 80 29 33 17 69 62 30 16 85 98 87 13 10 59 44 32 67 90 94 23 42 1 100 52 4 61 76 57 37 53 21 78 27 35 14 60 9 82 79 11 26 36
33 47 25 94 39 80 91 7 68 38 6 9 92 44 46 88 14 78 58 95 59 85 33 71 30 27 79 17 63 50 81 56 18 24
45 15 60 93 92 87 57 64 54 33 100 82 12 8 81 38 90 51 18 2 43 13 23 35 25 97 41 94 72 99 70 45 78 16 32 42 37 11 29 21 20 30 76 31 96 4
10 49 9 22 54 43 18 69 70 53 96
91 2 24 99 3 4 80 47 1 72 34 6 12 50 84 66 90 73 89 8 95 74 32 41 94 19 62 56 20 29 57 18 5 69 53 68 85 87 97 88 11 35 10 54 40 14 9 7 25 92 38 36 76 46 93 27 15 30 48 39 44 77 81 70 83 55 67 28 31 17 98 75 86 58 33 42 65 51 82 43 100 45 37 52 64 23 96 71 21 60 49 63
37 86 53 11 88 5 96 73 9 39 97 14 64 58 65 10 6 70 4 56 54 55 36 26 61 50 90 87 27 46 51 99 47 48 49 95 43 1
45 60 37 15 47 9 17 84 49 80 29 46 71 76 38 21 26 24 82 69 97 100 52 67 3 40 79 35 88 20 43 65 45 50 94 95 91 98 10 34 23 74 44 83 12 51
93 19 83 95 84 31 49 34 20 77 7 12 99 33 70 28 18 71 9 69 63 67 27 97 46 62 92 68 47 29 45 60 57 22 52 100 91 8 5 85 73 4 80 36 14 53 50 61 76 10 98 86 2 16 39 48 23 3 81 79 21 94 25 40 74 72 87 64 88 82 1 37 26 51 30 41 6 55 35 90 75 59 89 54 56 32 17 42 15 93 66 11 44 96
4 23 47 42 51
24 33 75 32 19 69 98 36 95 29 37 86 34 78 40 71 7 59 11 13 28 92 82 62 87
69 2 97 52 13 40 27 20 100 35 70 6 4 47 5 14 17 93 85 29 10 74 7 86 32 45 91 63 18 24 37 21 53 26 72 60 23 81 90 25 99 67 22 49 59 28 54 12 73 58 96 16 15 83 92 1 88 48 38 66 44 34 30 69 9 80 77 95 71 76
83 6 62 77 42 32 51 79 25 56 1 24 31 20 26 81 84 75 40 11 60 72 47 21 18 39 22 91 71 29 92 19 98 37 78 68 88 44 93 2 8 30 90 14 96 89 100 99 83 27 41 95 28 5 65 57 54 76 43 82 64 86 55 7 33 10 13 66 15 97 16 87 52 48 45 53 35 74 3 63 73 50 49 69
40 34 9 64 27 41 74 5 19 60 13 3 98 81 77 24 56 52 63 55 17 80 97 36 16 33 67 66 18 15 39 4 32 30 86 10 26 35 43 44 14
54 18 35 28 50 85 81 55 59 67 45 93 61 97 83 91 71 80 92 69 66 12 30 17 8 7 54 60 84 42 43 31 38 44 47 26 56 22 40 86 49 74 89 76 9 1 90 87 57 77 10 52 32 98 25
84 80 43 11 34 12 27 21 91 47 71 5 8 42 45 67 99 76 89 30 66 9 100 64 93 4 86 1 52 79 81 94 6 58 55 98 13 63 36 46 37 15 75 14 60 48 10 3 90 32 40 74 83 68 51 18 87 35 65 33 59 38 69 7 96 41 50 19 16 17 49 56 2 54 61 57 26 23 85 92 53 31 97 72 84
10 8 63 62 94 10 40 72 70 50 96
43 95 50 37 44 1 57 43 46 5 77 54 60 55 21 86 3 85 10 64 51 82 81 89 69 52 8 71 7 48 26 42 9 75 19 31 4 76 38 79 11 33 23 49
