100 40
83 5 20 28 95 34 71 52 92 39 65 33 93 96 51 99 88 81 3 56 44 11 22 74 47 8 85 16 83 87 62 64 43 12 9 69 17 38 27 54 59 21 79 26 13 49 29 31 91 23 58 46 68 70 73 63 30 100 10 7 19 98 72 97 24 14 75 4 77 60 50 25 40 32 18 53 36 15 66 78 55 45 86 2
59 100 97 35 69 93 14 44 72 32 87 58 82 90 67 43 17 21 61 13 57 48 91 81 41 31 8 63 30 80 24 98 52 11 27 77 29 37 7 92 74 73 55 79 22 42 36 47 46 76 89 71 66 88 12 16 15 33 78 54
32 34 7 28 10 95 89 72 20 38 50 59 71 13 65 15 83 96 18 49 58 6 42 87 80 77 55 26 86 11 52 29 56
15 83 26 10 60 93 46 55 20 27 56 22 99 35 59 76
79 68 22 55 20 75 83 11 38 32 88 86 15 58 9 6 46 2 57 92 30 90 84 64 26 85 4 44 33 51 35 50 21 19 78 7 40 74 43 71 42 73 47 97 28 70 76 67 31 93 80 98 41 100 89 14 82 13 48 49 61 66 37 12 72 27 3 65 16 87 69 63 18 24 1 45 62 99 8 5
3 48 6 13
11 53 81 11 57 12 51 33 19 48 21 63
61 38 32 61 6 31 14 22 19 13 97 21 28 43 39 20 9 64 85 69 57 54 23 4 52 50 95 86 77 11 71 24 29 90 65 42 81 5 84 18 70 99 8 79 60 94 12 36 44 98 10 25 30 73 89 58 59 83 82 33 37 88
23 36 93 33 91 34 1 84 62 89 69 82 52 14 53 48 75 49 60 55 22 39 94 6
48 68 59 94 85 35 44 96 89 63 79 70 92 21 97 95 46 16 38 76 37 32 33 29 15 58 24 73 36 7 84 61 10 6 52 14 3 13 19 27 22 53 56 99 51 2 83 65 77
7 48 55 34 96 35 44 86
44 72 23 75 67 52 14 26 70 90 33 96 29 84 63 13 76 11 80 27 47 8 92 53 87 51 31 10 19 79 40 98 36 12 59 22 45 6 25 15 37 62 44 89 69
74 47 32 19 33 83 100 17 91 24 30 8 68 15 13 4 98 65 89 54 36 14 41 75 21 28 77 25 95 67 40 39 76 93 23 78 37 57 60 44 70 31 10 7 11 38 48 45 72 6 61 20 26 99 90 18 50 1 49 43 55 96 80 29 56 2 81 69 5 64 3 58 84 27 51
70 65 6 18 57 64 39 88 86 37 56 74 44 13 71 94 50 15 85 48 87 35 8 17 28 27 70 59 23 92 84 11 97 53 38 78 62 90 96 76 42 77 10 1 82 29 60 25 26 19 4 99 24 95 55 61 21 46 33 5 47 54 72 3 31 69 2 73 75 36 22
43 47 22 8 29 10 95 36 6 41 4 98 40 84 24 25 17 19 80 11 89 68 53 92 43 30 1 83 37 66 18 16 61 33 23 85 59 81 49 86 27 26 44 72
21 92 59 90 1 25 39 79 22 66 30 100 15 48 5 74 84 95 53 35 72 16
96 98 50 88 10 69 22 16 71 63 76 41 65 7 42 91 84 39 70 99 25 12 54 9 8 21 6 14 48 58 89 79 46 26 29 75 87 43 73 85 62 38 34 3 19 78 55 47 86 40 59 92 2 67 30 24 72 45 74 49 33 68 31 1 95 28 82 17 96 56 93 27 35 18 60 94 5 36 64 80 44 11 15 20 81 52 83 100 66 61 90 23 13 77 4 51 97
34 59 78 50 23 36 3 47 82 48 96 20 24 45 34 76 80 66 89 72 84 100 74 55 98 42 39 99 46 10 16 30 44 71 61
72 90 89 95 45 78 88 2 33 83 49 42 11 100 37 96 74 19 60 56 46 86 27 1 34 53 17 38 80 5 41 70 85 8 31 23 72 12 62 92 4 94 51 64 16 58 87 91 15 18 40 36 67 30 54 13 29 93 35 68 99 25 66 98 6 97 3 43 48 81 57 14 39
8 49 3 46 20 70 92 99 19
38 75 10 41 8 12 14 64 61 47 67 91 31 23 27 84 32 56 87 77 36 72 62 69 46 28 18 85 44 33 59 79 17 9 52 100 76 6 80
23 59 6 37 8 70 4 86 26 44 96 40 84 61 9 69 76 67 64 63 55 52 88 65
39 61 86 59 42 34 50 79 47 81 10 89 69 65 55 51 9 87 67 84 7 19 5 96 24 11 46 95 64 41 70 60 72 80 29 44 4 75 68 6
72 27 44 87 78 72 17 31 5 73 7 41 88 84 1 74 91 51 97 32 96 79 42 3 65 13 38 43 81 23 58 62 28 75 22 47 54 33 10 95 40 68 14 85 83 2 55 100 70 45 64 50 77 21 25 9 46 49 69 24 57 93 34 86 63 48 36 8 37 94 15 53 19
14 100 62 87 66 45 18 80 86 61 1 55 12 48 40
14 22 30 61 6 91 75 95 64 96 79 43 48 36 54
22 80 67 2 19 33 61 30 56 27 21 44 89 38 31 74 48 73 75 66 23 58 72
51 62 24 94 48 18 67 72 99 8 40 83 56 46 88 57 26 53 51 43 34 54 80 65 85 50 98 100 68 77 33 5 45 17 74 10 82 79 75 4 58 35 6 29 31 49 95 84 90 52 73 41
7 6 88 16 38 85 73 26
7 61 59 96 46 54 68 73
48 25 71 96 86 70 67 22 48 28 65 50 31 45 36 49 93 17 78 53 62 5 79 12 26 94 39 40 66 98 60 95 18 99 61 83 43 27 77 47 85 4 76 75 16 46 59 6 72
66 92 54 100 13 20 57 2 29 79 87 71 12 34 14 26 78 37 43 53 35 46 10 62 21 51 17 83 5 88 22 4 23 44 86 58 24 18 67 64 15 16 63 6 80 98 89 96 8 1 19 69 55 33 48 66 32 42 52 3 45 93 74 59 30 95 31
81 52 41 68 66 69 78 28 96 85 79 16 34 70 21 99 63 93 48 54 11 60 43 56 27 44 58 74 83 6 90 82 73 1 77 88 91 59 38 30 92 26 9 65 95 3 23 64 89 45 14 55 2 46 20 4 94 67 37 51 84 22 42 24 10 98 31 81 87 36 39 35 61 50 18 32 97 25 71 86 57 17
5 43 74 16 60 1
81 66 6 54 26 4 40 14 71 100 55 28 68 35 20 60 83 15 31 43 42 19 17 37 16 36 48 90 50 61 97 47 30 79 9 62 39 80 27 10 82 41 81 25 32 85 33 18 84 64 75 11 70 77 59 57 24 98 22 94 8 56 13 53 72 2 95 76 5 49 96 65 46 34 67 3 78 92 29 7 87 51
28 30 79 43 8 92 25 82 98 68 51 45 80 3 73 81 95 20 49 71 41 100 13 84 31 50 47 29 76
40 81 52 18 74 49 63 68 4 69 34 71 64 48 29 59 92 100 26 11 30 98 42 82 93 37 95 31 45 15 79 20 73 2 90 55 66 47 43 27 99
41 28 14 20 48 84 37 86 51 63 60 67 4 92 93 83 39 96 10 25 52 91 100 54 40 57 29 56 95 58 8 71 61 32 13 87 23 11 44 94 85 77
50 89 11 84 38 48 72 61 58 40 52 74 34 94 9 10 82 32 37 76 80 53 39 16 26 19 60 99 8 93 56 24 18 25 75 21 33 49 77 100 68 67 81 44 63 29 31 36 91 1 83
43 89 62 34 56 55 96 47 91 66 14 26 85 93 71 37 16 32 74 82 45 50 92 73 98 58 6 49 70 86 18 28 81 23 67 25 40 100 3 44 69 76 4 77
76 10 67 26 96 36 61 84 93 32 50 55 24 19 56 87 42 52 73 46 4 75 41 25 47 23 12 6 7 79 62 43 16 8 38 1 3 89 29 85 95 31 51 72 74 14 65 49 22 97 68 18 37 48 80 78 90 82 35 20 81 69 76 34 13 2 30 70 40 17 15 91 83 44 53 63 27
25 6 4 52 62 78 54 90 19 40 82 27 29 88 64 11 47 92 43 100 30 44 94 15 3 10
91 86 47 1 29 76 77 64 54 31 12 95 2 100 60 25 8 89 50 80 58 22 19 23 52 94 35 61 72 15 4 32 69 74 42 40 6 28 56 9 20 11 53 38 13 71 33 96 59 10 92 82 36 39 44 73 67 48 37 55 91 14 24 26 83 21 34 98 70 78 84 45 41 65 90 43 3 81 63 18 27 87 68 46 30 85 17 99 49 75 57 51
5 92 9 87 32 94
57 97 90 55 44 18 78 41 74 70 49 62 92 42 95 99 54 52 16 28 75 40 8 67 51 25 81 4 56 82 12 69 3 35 6 80 48 29 57 88 47 87 71 76 63 13 72 34 46 7 31 38 59 85 65 73 94 60
98 10 40 97 70 39 47 61 24 79 35 19 60 86 58 56 52 99 4 44 76 18 62 1 100 13 34 49 22 91 41 17 43 82 37 65 75 23 46 54 16 28 9 42 80 81 30 20 84 7 72 21 71 88 36 26 87 66 67 95 98 8 57 48 92 11 89 59 5 93 25 14 51 64 15 45 78 77 50 31 69 63 33 27 55 74 2 73 94 96 32 38 29 6 3 53 83 68 90
80 7 63 93 23 90 61 17 82 13 9 46 28 64 38 96 72 100 50 76 45 3 10 32 91 66 87 54 77 53 70 98 78 15 22 44 42 31 99 27 35 58 14 83 73 84 95 57 6 88 52 26 60 75 80 2 41 86 56 65 79 37 51 55 40 12 33 39 1 11 20 49 48 89 92 62 30 67 81 68 18
28 61 34 100 14 19 40 44 69 89 82 22 17 92 52 64 12 53 20 11 96 13 35 90 30 38 62 15 9
66 92 98 14 18 45 27 94 93 60 9 54 43 68 5 63 8 64 44 81 49 3 90 33 65 89 39 20 95 25 7 51 55 76 85 23 74 75 100 24 79 48 50 69 16 88 56 4 52 11 61 86 26 31 78 91 32 70 73 22 46 2 35 72 87 10 67
33 89 85 69 53 71 14 77 9 68 10 76 54 36 51 1 79 50 84 91 60 26 44 96 7 58 56 82 4 88 17 6 15 2
6 78 47 5 6 69 26
38 79 4 35 43 74 97 26 94 25 30 11 60 20 42 77 49 5 78 92 37 9 14 31 71 10 70 2 41 45 69 93 29 19 63 64 67 88 81
85 68 38 89 99 77 61 8 26 78 57 70 69 54 18 75 80 32 31 43 73 95 66 49 34 42 2 67 100 1 14 76 98 45 21 63 84 55 13 86 72 25 88 87 94 29 51 4 3 92 12 37 58 64 65 17 24 7 90 36 50 91 9 11 33 52 16 28 48 44 82 62 83 23 46 41 22 27 81 47 79 30 59 71 60 40
28 49 26 60 31 2 66 37 71 76 23 90 62 1 69 98 87 25 34 39 14 73 63 84 91 75 38 99 83
36 8 27 14 37 20 53 42 71 93 39 89 67 7 51 66 41 23 60 61 34 63 49 36 9 54 12 81 87 97 62 65 50 1 59 25 88
50 55 42 23 16 58 74 44 9 87 78 62 6 51 59 12 92 41 67 86 21 47 39 7 94 22 100 89 20 37 15 83 13 96 98 34 26 84 49 2 66 14 18 75 57 31 52 93 60 63 54
38 36 70 82 34 29 84 30 87 94 25 52 9 8 53 63 5 62 58 33 45 18 81 88 17 7 16 35 74 69 3 85 2 98 20 59 66 39 83
52 29 25 68 11 59 6 30 16 74 61 84 62 20 64 9 93 14 72 35 51 79 94 82 26 89 54 4 78 63 21 88 38 96 73 37 42 47 34 65 48 58 98 99 17 75 91 12 70 55 52 41 53
2 25 82
65 26 11 50 96 31 28 4 34 9 20 27 13 75 87 72 58 64 93 30 60 77 54 68 74 19 66 15 90 21 10 55 33 98 53 81 14 12 95 86 45 37 43 42 80 35 84 1 82 5 25 36 85 29 76 100 52 22 83 48 69 51 17 99 79 57
43 23 31 28 38 71 65 58 26 91 100 56 42 98 88 68 40 79 3 49 93 99 63 7 70 76 95 21 46 83 25 22 94 14 61 34 52 29 44 69 72 54 86 16
82 70 22 13 48 21 61 47 2 90 34 73 15 46 65 58 12 87 51 17 94 35 97 24 23 100 79 75 28 80 56 18 57 49 92 39 50 86 37 16 64 1 6 52 74 59 55 91 4 96 60 14 76 54 38 82 71 43 67 44 29 81 88 20 45 32 10 83 98 84 19 40 68 26 9 66 7 36 78 95 27 53 69
42 91 57 27 67 47 66 69 33 18 50 41 52 61 8 93 21 56 49 72 89 32 11 64 77 45 16 4 98 75 23 74 29 35 3 24 58 87 46 78 99 96 54
17 50 58 24 51 7 3 99 17 34 72 9 52 77 75 19 54 63
72 88 15 69 16 35 47 14 31 62 37 68 19 45 18 97 64 26 82 73 59 77 49 8 30 94 50 56 85 3 71 25 43 75 79 13 91 32 90 28 42 38 36 66 44 51 60 63 53 55 4 6 10 27 48 54 67 33 86 76 40 74 65 78 95 81 7 83 1 20 52 99 9
61 69 88 50 97 7 79 49 60 38 36 4 47 13 86 59 62 39 83 43 12 65 24 28 35 78 63 3 61 44 82 19 29 32 46 67 41 34 9 25 16 51 21 99 8 11 84 26 89 73 85 5 57 80 14 74 75 18 1 37 91 68
26 6 73 38 48 13 45 49 95 9 33 75 12 11 10 96 16 15 71 100 69 24 74 39 59 4 32
44 10 30 51 77 83 73 18 12 72 7 5 53 37 61 43 60 8 59 68 32 46 80 91 55 70 26 54 58 34 89 1 40 88 79 99 31 48 9 87 100 11 33 21 56
69 53 28 51 86 37 61 65 88 22 89 92 19 17 6 94 42 75 29 35 68 79 91 49 33 90 80 96 2 71 46 56 27 15 31 23 24 16 44 45 32 34 39 55 54 76 97 85 52 70 59 72 60 26 40 62 38 30 57 100 83 43 74 47 12 8 5 11 4 3
84 40 11 26 60 75 47 17 67 12 13 38 19 35 63 99 39 74 56 18 59 95 49 27 30 71 70 23 22 73 68 55 98 52 37 86 90 88 54 2 15 96 41 81 25 79 44 45 42 6 33 31 65 5 32 78 93 84 20 77 14 29 89 100 62 28 46 7 43 21 92 80 24 34 64 3 9 50 69 94 48 87 82 66 91
11 36 88 56 69 16 81 90 5 94 99 14
14 56 59 77 78 19 4 64 50 83 70 90 61 82 60
68 97 43 73 49 55 45 83 66 80 40 53 37 21 98 29 74 87 9 67 94 47 52 24 1 95 41 30 33 78 61 19 88 86 69 28 64 4 57 75 32 65 38 71 62 6 82 46 7 15 14 39 3 22 42 48 11 93 59 35 25 10 100 70 8 92 34 50 27
66 10 70 72 78 23 12 41 28 65 44 15 22 31 51 55 25 59 19 48 11 52 21 5 35 45 82 60 87 53 54 33 99 3 37 50 4 71 86 58 98 46 26 75 43 67 6 76 85 83 16 38 92 7 94 64 2 88 30 89 63 93 66 62 95 34 69
7 73 61 70 44 16 55 32
35 11 100 70 3 57 34 32 62 31 14 54 75 74 77 81 58 10 38 33 52 76 35 22 95 36 61 49 37 2 27 71 85 92 39 13
56 10 61 80 45 86 65 42 18 32 93 96 90 46 36 19 62 85 17 2 89 83 73 100 71 70 53 79 34 35 3 97 92 14 68 59 4 22 5 66 1 48 52 43 63 99 28 77 69 78 64 6 40 74 23 11 98
89 70 36 93 59 65 11 99 12 42 53 21 39 100 43 62 31 15 96 68 30 38 46 57 33 87 91 77 74 22 4 19 37 56 29 72 35 16 92 90 40 24 47 23 18 49 48 80 51 28 78 1 75 55 17 20 94 89 2 54 27 26 41 64 83 97 34 58 81 50 10 67 32 76 45 88 66 5 60 82 8 84 86 95 13 85 25 9 52 71
26 92 76 48 5 90 20 6 73 8 53 38 22 65 23 36 46 31 66 84 47 18 41 77 25 72 24
92 27 38 95 14 5 24 28 100 23 11 89 15 98 36 69 65 97 17 93 37 55 43 53 49 40 92 10 8 75 47 78 91 94 61 60 83 62 84 44 79 35 42 31 68 1 86 81 7 74 30 77 56 4 76 73 34 80 45 85 22 18 6 72 20 13 88 82 71 46 59 33 54 90 87 63 70 50 48 66 2 96 12 41 29 16 67 52 25 58 57 3 99
100 78 89 20 48 7 21 36 80 3 8 52 74 77 54 81 49 15 1 85 59 76 38 29 94 98 12 100 72 5 32 33 53 4 31 13 6 84 26 34 40 39 50 14 62 23 41 51 37 75 11 66 82 44 65 2 95 71 25 88 60 68 61 70 64 86 35 57 69 9 91 67 28 19 17 27 96 58 83 30 92 16 46 99 56 73 87 55 10 42 47 90 63 93 22 24 97 79 45 18 43
88 62 33 64 87 19 45 25 23 35 73 54 11 44 42 89 29 13 50 91 38 18 92 39 75 65 15 53 98 10 71 37 70 3 86 82 32 46 24 22 56 2 77 21 47 1 36 96 49 26 99 74 60 69 9 48 43 55 31 94 68 100 52 88 95 61 28 72 41 58 66 27 12 90 6 97 7 85 17 84 5 57 16 14 76 59 30 67 8
90 67 90 48 62 91 89 19 70 16 68 13 58 73 78 21 44 4 32 17 40 20 15 38 6 34 50 1 3 76 46 94 61 84 39 92 49 33 72 14 22 87 64 31 52 37 71 69 41 56 9 30 96 60 8 42 28 35 74 97 51 25 36 66 95 29 98 24 100 63 55 11 59 83 93 23 47 57 54 75 82 12 77 88 65 10 18 7 45 79 80
46 90 38 48 71 35 4 26 72 80 65 24 59 18 88 53 49 20 83 69 31 40 33 37 52 68 54 51 76 56 95 25 9 91 81 77 39 78 93 75 100 11 12 21 47 30 42
45 100 27 89 30 81 31 78 67 85 45 74 19 50 95 21 87 72 17 82 15 23 5 9 53 38 7 24 1 58 47 41 92 65 70 79 63 88 51 14 25 35 96 97 90 22
9 22 57 26 36 11 29 7 18 78
40 20 69 87 7 65 22 70 74 60 92 91 17 90 75 36 39 13 45 31 79 43 5 48 54 37 8 100 55 25 81 19 21 18 56 59 73 46 89 64 35
39 21 56 9 32 80 18 29 58 65 26 17 81 51 52 87 100 42 20 46 91 69 54 23 71 97 12 93 14 39 5 33 38 95 6 53 77 48 44 11
39 92 65 38 23 67 33 80 7 17 21 88 85 16 37 95 72 8 83 15 19 35 70 66 94 43 48 55 63 12 28 22 36 13 52 47 10 82 14 25
7 99 15 31 44 91 33 95
46 14 89 90 41 97 82 69 53 32 70 78 22 84 34 42 11 26 46 98 8 47 75 49 68 54 80 5 61 58 23 77 19 93 81 95 56 91 62 12 76 74 35 86 3 4 6
27 90 79 21 1 48 9 66 89 16 28 70 63 27 38 75 91 43 35 55 96 10 26 87 77 51 59 2
60 24 11 16 18 50 60 87 40 43 64 4 33 32 44 5 17 21 25 53 88 71 59 80 38 54 81 91 9 89 68 63 3 67 86 95 7 48 42 93 23 73 26 99 1 39 94 36 15 83 56 47 70 78 74 19 20 58 34 30 57
83 39 89 64 70 75 11 56 88 32 78 33 49 27 99 12 46 94 68 13 66 14 59 91 37 45 17 53 35 21 6 98 100 72 97 42 60 92 55 79 1 93 57 10 90 38 16 76 62 58 96 25 47 80 65 19 43 86 74 29 7 51 20 61 44 81 41 50 28 15 36 40 9 63 54 24 22 30 2 77 48 95 85 23
16 6 49 77 57 23 20 30 50 90 55 62 33 13 36 97 16
62 74 22 71 57 1 27 20 98 18 25 85 45 81 72 53 56 47 76 26 42 4 99 12 61 65 15 58 11 33 96 43 5 37 6 84 79 94 3 60 10 46 21 40 67 36 82 34 70 13 92 77 100 31 90 59 93 52 51 78 48 9 41
19 95 71 31 43 91 46 51 41 27 37 62 99 78 85 30 67 81 36 8
100 18 3 40 100 73 97 55 79 98 9 70 23 41 83 16 82 76 89 32 85 91 84 68 4 74 1 57 53 13 33 47 80 21 49 61 99 77 27 90 7 45 37 48 67 93 20 10 94 34 88 44 69 51 86 50 95 11 24 87 30 92 29 60 59 31 52 26 96 63 14 38 35 64 62 36 19 17 12 2 22 28 39 54 71 43 8 46 5 75 66 15 58 42 81 6 78 25 65 72 56
92 65 88 74 21 85 52 81 45 58 53 40 73 62 24 75 2 10 31 41 60 4 17 63 44 59 6 69 84 51 72 94 11 78 23 13 48 30 5 91 82 42 38 19 35 8 36 18 71 61 32 46 97 87 37 3 55 1 66 27 16 99 67 25 22 90 68 54 15 39 77 96 86 98 43 79 70 80 50 28 12 64 93 95 83 14 57 89 49 100 33 7 56
35 68 24 52 19 88 73 60 56 75 46 91 3 37 9 1 42 54 6 53 62 14 85 44 99 36 100 55 35 28 30 94 69 15 67 70
63 7 70 79 50 66 88 73 19 45 29 47 61 11 2 27 31 97 69 48 34 26 62 91 6 85 78 72 22 95 52 39 17 38 58 14 56 35 60 80 55 36 84 81 86 1 37 5 33 54 94 77 32 3 75 41 46 76 92 13 93 65 68 4
20 55 46 28 67 57 65 58 47 34 13 4 93 51 82 33 11 99 1 49 31
61 82 35 89 23 28 39 80 73 51 94 99 1 14 78 38 48 54 43 65 96 93 75 31 79 40 57 34 59 50 49 85 9 91 74 27 68 20 36 30 45 70 69 71 32 58 37 4 2 46 83 67 11 100 90 3 33 25 62 81 88 66
4 41 96 84 61
80 75 78 4 37 11 26 28 52 72 62 91 23 58 6 51 13 87 20 18 17 30 42 54 32 1 14 34 79 56 43 27 48 10 66 100 15 16 76 40 65 25 97 47 59 46 2 95 93 68 89 57 92 12 24 94 49 88 85 61 21 96 60 36 71 98 83 35 64 8 45 74 38 53 80 22 99 63 50 70 55
51 4 56 70 87 22 100 3 31 57 67 84 78 48 10 83 90 50 18 39 97 23 21 37 96 69 38 2 92 81 24 60 52 33 68 72 30 95 73 71 99 61 59 85 54 88 42 91 8 64 5 98
6 51 38 13 78 30 36
26 40 72 19 35 54 86 10 14 69 45 12 38 57 70 81 65 84 60 74 83 9 93 91 85 31 62
86 28 79 9 88 37 55 43 94 54 7 81 53 80 44 33 93 50 36 13 89 56 25 48 6 72 32 23 15 29 60 38 14 41 62 3 34 92 31 85 57 77 11 19 66 87 27 49 78 4 64 8 82 73 76 17 40 99 46 26 1 24 91 16 84 74 90 70 83 10 30 68 2 21 45 98 61 18 97 95 52 63 35 12 59 100 71
18 5 85 83 41 81 2 58 73 100 98 74 31 51 72 77 70 7 18
6 80 21 84 10 93 74
10 48 92 8 60 70 19 86 51 45 28
16 51 65 100 82 69 90 37 26 6 91 70 67 95 31 62 22
97 41 59 21 11 37 70 96 66 72 24 97 46 90 61 33 53 65 83 20 2 15 40 48 60 76 10 44 100 78 67 94 79 49 47 77 39 74 56 69 36 43 27 4 82 73 81 55 31 19 62 6 84 1 58 5 86 18 88 13 22 14 32 34 75 57 63 23 87 51 50 64 52 92 93 12 85 28 68 30 9 38 16 3 99 7 45 80 25 91 35 98 54 17 89 71 26 42
34 65 28 96 89 43 17 68 93 7 31 66 40 14 34 3 6 9 56 99 54 38 90 58 74 91 29 32 30 62 37 92 15 51 13
18 81 100 68 32 35 52 3 47 1 41 31 72 58 13 33 48 59 99
69 88 90 2 84 72 54 99 92 85 5 33 26 82 21 68 97 52 98 36 1 95 28 49 29 17 77 30 16 10 91 64 66 42 39 80 8 70 47 35 60 3 51 37 81 12 65 93 76 53 48 20 23 57 19 11 32 13 43 24 62 59 96 27 75 74 34 50 67 6
34 37 68 85 38 92 19 88 21 66 95 81 7 82 35 10 24 45 83 63 99 53 90 34 71 56 30 13 26 31 27 52 73 4 78
56 40 42 69 100 75 19 30 72 96 29 77 86 84 24 55 28 63 34 58 82 38 98 64 91 88 23 17 37 15 3 1 61 99 27 14 66 33 67 10 97 78 62 11 5 50 16 26 79 74 57 9 92 59 56 71 45
9 21 66 28 5 47 59 54 14 94
78 73 71 58 5 17 11 50 85 23 97 67 80 68 51 94 39 48 90 78 91 93 65 34 84 30 36 31 16 41 19 77 18 2 72 43 76 70 75 42 6 10 1 38 4 45 21 61 89 83 26 99 88 81 54 52 92 14 32 53 55 8 20 22 59 13 100 49 27 3 15 69 87 98 12 79 24 57 63
33 94 62 87 56 60 42 73 72 51 43 37 74 53 44 35 82 59 88 71 64 25 61 47 1 7 22 13 99 24 54 10 77 58
100 44 3 47 62 70 87 81 83 54 58 64 13 6 22 50 95 60 37 55 5 26 17 63 2 79 67 42 71 97 82 7 86 75 91 89 25 78 76 35 74 57 29 49 96 34 11 73 20 18 14 66 92 94 43 56 39 100 9 19 27 68 52 48 4 8 24 15 28 30 51 65 61 59 31 88 36 45 53 93 84 32 90 12 16 85 40 72 33 38 41 80 46 1 98 99 69 21 10 23 77
61 9 37 18 91 23 62 38 80 79 42 19 20 54 95 34 29 3 10 4 47 27 36 96 60 24 14 8 76 52 49 93 40 7 46 99 70 16 48 88 59 89 53 26 56 55 81 98 33 57 39 43 1 5 45 6 28 64 87 78 86 84
10 20 54 98 53 87 61 40 82 8 75
85 83 87 23 17 4 1 5 60 28 67 26 33 68 57 19 64 21 91 50 77 24 88 11 13 56 82 69 100 8 3 40 71 97 59 18 79 53 94 75 89 34 73 30 66 27 80 76 39 61 32 98 65 49 95 96 42 74 51 93 6 37 78 62 9 15 20 16 29 81 22 54 31 44 36 43 63 58 14 7 86 85 90 72 10 55
0
18 52 73 70 39 69 99 15 94 7 67 14 100 87 2 20 6 76 77
71 94 42 1 43 98 61 96 50 54 95 13 91 6 74 21 35 17 4 82 69 60 7 16 58 49 20 93 67 31 25 26 33 77 18 79 36 29 23 34 53 41 27 89 100 12 30 90 68 84 3 88 72 45 66 38 19 8 99 59 48 39 57 32 71 11 44 5 92 55 52 15
77 34 88 89 21 75 43 17 100 66 87 79 1 10 11 48 3 73 78 56 25 23 60 13 30 38 51 40 63 93 19 85 67 8 46 68 80 15 86 94 96 64 14 72 84 74 99 35 27 39 71 52 92 50 45 82 49 61 53 7 5 95 55 29 70 9 59 37 28 76 77 62 12 47 24 69 83 4
37 3 36 34 56 80 63 9 90 65 18 76 87 84 39 21 19 29 97 71 22 61 1 5 6 99 23 94 26 93 74 54 59 96 50 43 62 28
16 47 15 43 83 4 2 48 1 91 59 74 98 9 64 17 93
12 99 20 89 3 70 26 14 25 87 17 97 79
70 91 92 52 94 30 12 44 43 24 72 97 41 77 59 62 36 57 67 96 25 74 54 34 11 61 32 65 3 42 66 22 13 18 88 29 46 17 89 23 78 53 86 47 99 51 50 100 69 4 2 70 55 27 64 81 60 58 63 48 40 73 19 1 5 71 26 35 16 68 75
25 97 39 17 59 34 36 57 75 64 51 7 54 42 94 41 47 77 9 26 82 45 70 38 74 49
45 61 69 60 4 24 43 89 39 47 72 35 19 32 13 6 2 56 48 82 57 46 53 54 42 87 92 7 86 3 80 18 8 29 14 36 78 44 83 31 30 59 84 65 9 63
21 83 47 100 8 4 59 71 16 78 1 55 39 51 28 23 2 81 70 52 22 13
10 94 51 88 15 54 52 21 49 63 73
96 95 10 56 69 93 24 47 5 48 73 59 44 40 54 37 78 20 18 36 41 64 31 70 17 66 75 38 50 53 30 1 9 42 23 72 49 27 74 85 2 34 77 19 16 29 67 6 63 43 26 89 21 92 32 76 90 88 86 39 97 13 52 58 28 51 82 8 79 7 98 61 4 62 99 87 83 65 14 22 84 35 91 33 71 57 25 81 60 80 100 11 12 55 15 96 94
93 57 19 84 24 93 42 100 25 70 87 56 99 90 67 80 8 78 94 76 75 16 92 60 68 69 22 63 96 5 15 17 65 82 55 79 50 44 66 62 83 20 7 37 33 9 3 10 61 97 71 45 85 18 35 23 39 47 81 51 27 88 34 54 64 89 4 21 72 1 30 13 91 41 49 40 26 73 43 29 74 52 48 14 32 86 36 6 2 11 53 77 38 28
