100 40
74 88 42 10 84 91 13 55 97 7 81 62 80 53 61 49 34 79 78 15 73 98 92 9 93 66 37 35 16 30 3 45 65 52 39 18 96 23 70 12 1 29 94 75 11 4 19 86 54 43 47 20 22 8 59 76 28 63 82 56 58 67 57 36 89 5 68 6 74 48 24 87 51 14 17
68 82 66 46 37 93 9 56 62 24 94 43 77 92 91 34 89 2 95 86 68 8 38 48 4 85 88 25 81 1 42 3 70 27 18 35 84 36 78 72 73 10 17 99 87 98 15 63 21 96 65 100 44 60 71 58 33 13 61 5 47 11 80 19 51 90 41 97 12
99 72 36 27 52 39 45 77 10 87 22 48 4 65 93 1 85 23 30 40 74 76 69 99 57 3 53 56 80 31 28 64 59 67 70 5 8 94 34 42 13 55 16 15 50 75 35 9 17 78 66 41 86 82 2 7 84 20 51 44 100 29 96 47 71 12 95 60 11 37 49 33 92 54 14 89 43 61 63 79 18 38 21 46 97 90 73 26 81 62 58 32 25 91 19 24 88 98 6 83
41 76 14 8 80 71 40 24 17 69 54 53 97 95 99 96 64 27 22 61 58 44 39 12 16 83 13 7 67 62 68 46 10 31 37 5 23 35 43 34 55 19
89 17 66 21 97 82 100 51 41 76 93 3 35 28 69 52 42 31 57 39 15 30 87 63 36 96 50 80 23 89 95 91 25 67 56 81 10 62 98 19 79 45 94 37 60 88 1 47 58 32 34 33 65 40 8 85 75 16 83 74 12 53 61 78 4 13 70 43 72 77 86 48 26 84 11 49 27 73 24 38 44 59 64 29 6 9 71 46 90 20
69 79 42 43 92 19 86 98 81 80 7 87 21 14 63 50 15 47 73 71 26 65 51 24 77 54 49 46 48 13 66 64 62 8 1 57 96 100 2 6 29 60 55 67 17 91 83 89 85 9 68 59 88 35 45 70 53 41 61 44 31 5 11 93 94 12 40 58 20 23
38 55 57 79 61 60 25 78 66 81 1 68 49 33 92 19 90 16 84 91 41 32 3 72 40 22 73 88 67 7 31 52 36 69 75 21 98 27 70
24 35 47 60 14 57 16 19 44 21 91 77 82 93 1 78 25 83 28 2 65 87 61 48 26
13 1 38 4 67 66 59 99 82 11 3 71 48 40
62 12 73 50 23 87 21 69 17 89 37 11 35 58 78 2 93 68 71 32 40 34 54 61 95 75 59 47 33 100 76 28 5 39 43 20 98 22 74 36 62 49 55 63 56 7 4 70 77 26 48 72 94 1 96 18 80 44 83 64 8 38 29
10 88 93 60 38 67 24 98 8 20 7
9 64 99 100 75 84 14 18 10 62
78 52 87 70 97 72 29 15 65 34 54 16 85 56 18 91 14 95 83 26 55 47 25 41 82 59 11 84 71 60 33 2 10 88 67 76 31 63 99 9 24 44 57 74 43 22 4 5 38 39 50 100 58 20 32 73 35 79 46 30 17 69 12 8 61 62 86 89 42 1 64 45 98 68 90 77 93 81 51
1 84
79 1 52 22 33 84 11 85 51 18 2 63 57 75 96 70 37 56 67 53 88 32 59 92 80 27 28 95 16 39 79 47 46 78 50 9 20 48 97 83 99 12 26 5 72 24 94 6 74 25 19 29 45 90 3 49 89 36 30 93 100 15 31 62 65 14 76 87 73 64 41 7 13 34 55 44 68 17 42 23
13 63 22 90 33 50 73 30 51 2 11 18 9 88
20 81 20 54 56 10 57 82 70 72 13 47 1 97 30 41 79 32 19 11 37
19 7 80 6 50 82 75 87 63 16 24 88 5 52 72 78 66 23 64 36
65 62 46 79 28 4 6 2 9 10 14 33 73 11 51 5 29 55 7 84 94 83 95 98 82 20 24 23 16 27 70 58 17 64 34 68 69 75 96 37 53 54 50 15 90 57 40 80 48 86 87 30 49 36 45 12 47 99 22 85 88 43 31 19 3 39
99 37 83 56 93 79 85 43 2 5 13 54 64 30 34 52 62 57 24 73 70 44 77 72 3 7 95 19 69 17 59 47 9 39 16 12 76 28 66 36 31 51 80 91 21 75 32 97 61 18 1 92 81 27 96 99 20 48 87 84 15 58 6 94 23 53 35 14 45 89 74 98 46 90 49 8 68 55 10 82 88 29 100 50 11 71 26 4 78 60 33 25 86 40 22 41 63 65 67 42
22 78 67 75 55 100 11 4 88 62 16 76 82 36 27 66 13 19 65 59 12 9 14
31 37 93 75 51 64 58 70 95 65 1 99 43 8 23 4 18 88 48 5 72 84 76 79 52 77 97 29 92 34 69 6
57 68 95 45 88 33 51 62 18 6 96 52 92 94 46 56 81 21 36 99 40 65 74 9 42 69 50 15 30 100 80 59 23 1 37 43 12 20 73 22 58 71 98 27 35 78 5 16 17 53 7 29 85 86 24 60 10 75
74 34 78 97 77 57 52 67 84 47 88 74 15 95 2 54 94 65 63 87 37 64 53 59 13 4 69 58 17 56 75 18 96 20 33 48 98 29 73 35 89 32 9 90 68 72 23 92 66 21 10 91 36 44 14 19 24 81 43 62 86 83 41 79 25 80 26 40 100 28 1 12 70 71 55
76 38 15 99 80 65 46 28 21 64 1 52 98 23 97 94 31 61 30 35 45 6 51 17 20 27 100 37 2 9 13 66 84 50 4 58 40 91 22 44 81 72 68 73 75 14 79 83 95 55 5 62 89 71 36 3 7 88 49 82 78 19 60 77 96 86 43 41 69 25 85 47 67 11 8 24 70
39 69 71 6 4 98 26 90 49 53 25 20 54 47 80 59 35 55 95 13 27 7 12 45 1 18 79 50 89 84 92 2 86 67 33 57 97 64 48 8
64 42 76 18 71 92 67 87 1 100 49 8 10 51 56 32 6 13 89 62 38 44 24 59 40 26 52 68 86 57 77 36 5 82 61 65 80 48 37 73 70 15 7 54 16 22 46 19 97 11 9 21 47 2 25 45 20 50 4 66 95 43 14 72 99
80 79 89 14 25 87 18 100 10 31 54 2 59 36 22 58 57 94 15 24 42 11 1 85 80 70 47 49 93 33 40 78 43 20 62 13 66 16 51 21 69 50 56 41 64 68 71 84 39 82 6 75 90 38 7 30 61 97 88 23 77 37 34 9 86 83 73 63 92 5 48 17 27 76 26 52 4 35 19 3 60
72 47 9 95 57 16 56 45 94 37 14 66 91 92 8 61 26 80 30 6 68 75 28 49 54 65 22 11 12 19 53 13 3 5 73 82 46 29 35 31 59 85 17 44 90 23 89 60 24 18 100 83 86 15 76 33 36 96 79 63 43 40 87 20 1 10 7 52 48 2 4 84 39
49 40 43 52 79 80 37 64 63 33 62 29 32 56 59 26 30 44 46 84 25 90 68 9 86 87 98 22 18 55 10 95 11 94 20 81 42 5 50 12 39 69 65 51 7 82 49 14 71 54
83 55 94 80 31 87 67 59 57 45 65 47 99 78 49 37 46 84 73 75 52 98 25 44 41 74 81 69 3 28 15 19 5 88 7 30 13 91 79 42 48 86 100 36 83 9 92 85 61 95 76 20 89 39 21 33 70 93 64 4 23 62 43 26 2 71 10 8 54 22 24 34 97 14 63 60 72 1 35 11 56 50 77 6
71 76 26 1 97 38 22 13 75 53 4 7 72 49 31 59 79 48 36 35 10 77 92 23 52 98 68 65 89 51 87 21 84 14 78 54 39 90 55 70 50 5 27 47 45 93 86 6 24 61 63 64 11 67 83 32 71 25 96 15 41 20 82 42 3 2 8 33 91 69 34 62
23 28 3 76 90 73 79 92 94 24 7 66 74 58 47 22 95 80 84 42 14 15 98 38
60 12 86 33 55 38 23 74 60 59 72 87 5 62 54 40 7 15 56 73 57 90 50 77 10 96 13 6 39 80 75 4 46 19 95 14 41 61 63 68 78 82 84 27 30 26 35 2 67 36 1 65 58 20 99 70 37 47 44 92 17
56 99 5 70 35 14 13 17 50 89 53 75 45 76 55 20 48 78 27 2 84 41 3 60 72 54 81 23 63 58 73 98 79 56 57 21 77 19 38 44 39 26 47 68 6 86 95 83 67 49 96 42 30 64 37 1 22
19 95 29 5 87 30 41 22 27 86 96 11 50 76 7 12 10 72 84 31
80 94 5 79 29 35 37 22 96 46 25 10 18 82 44 39 4 55 73 59 86 64 30 83 63 6 78 2 19 72 41 54 57 42 14 40 12 45 61 76 43 66 93 34 50 16 81 100 1 89 23 11 71 84 8 17 48 9 90 74 51 69 85 31 21 98 36 58 70 87 24 75 38 33 20 77 52 49 80 68 60
28 96 42 31 12 10 62 98 25 64 46 72 22 15 45 89 99 9 4 87 76 67 55 35 85 21 23 24 59
11 72 92 77 25 11 74 78 63 84 26 46
0
8 84 91 23 1 74 50 9 94
24 27 55 38 15 68 46 59 81 86 91 43 40 64 92 84 45 76 94 41 51 14 5 71 54
78 7 36 53 56 52 94 20 89 28 82 60 1 8 26 66 17 30 44 100 9 92 76 13 40 79 37 45 90 54 25 69 19 96 73 33 62 81 63 38 34 68 43 87 98 95 49 59 12 39 6 15 61 57 27 4 3 24 75 80 67 77 22 74 97 16 84 32 11 46 78 85 23 48 5 35 41 88 86
78 85 73 46 6 93 53 99 58 44 11 65 57 23 21 74 54 89 97 92 82 95 87 51 19 17 71 84 20 22 100 69 64 14 50 91 32 83 56 7 79 16 2 28 10 38 39 77 29 98 37 49 25 8 18 15 45 35 43 48 68 90 9 62 41 72 26 80 5 86 76 88 60 1 59 34 12 78 33
76 85 66 18 31 13 99 91 71 12 8 48 75 95 29 21 50 28 76 37 41 34 30 19 54 59 98 69 88 46 40 80 79 58 78 64 74 63 16 62 96 90 22 55 4 3 49 32 45 60 67 14 5 1 87 17 2 89 70 100 27 39 15 83 61 35 84 43 9 94 73 7 57 25 44 33 86
50 83 57 71 19 45 97 10 44 34 14 49 37 53 55 38 96 52 15 74 69 6 54 17 82 2 63 47 1 95 67 30 65 3 43 51 9 89 62 94 86 24 93 35 75 18 79 33 4 76 31
39 94 43 17 100 21 66 30 10 36 48 91 76 9 57 56 11 15 20 87 93 1 12 42 45 29 78 60 79 89 49 39 18 35 83 68 81 90 71 14
45 69 61 100 4 17 90 36 98 24 26 97 27 79 22 42 88 30 78 37 34 67 20 2 29 28 3 85 51 89 40 5 25 68 15 55 57 11 6 73 49 59 72 58 52 70
19 38 36 26 66 8 93 86 16 89 45 83 22 80 37 68 13 31 9 92
18 60 42 28 22 64 59 67 5 3 100 88 96 33 94 47 92 74 73
17 21 66 15 99 97 60 61 1 25 50 55 94 72 47 8 85 68
93 45 90 22 1 87 85 24 6 65 94 34 19 97 92 72 37 7 66 2 81 71 27 35 42 23 80 63 32 83 52 17 53 73 98 82 96 76 77 33 39 12 75 31 49 26 29 47 10 95 74 4 41 57 20 91 79 8 44 67 38 13 59 3 55 43 89 64 18 51 56 99 68 11 70 61 36 93 40 50 84 54 78 48 9 46 30 21 15 25 58 14 28 100
89 48 1 41 6 61 90 13 88 40 58 29 31 69 83 75 91 86 80 5 56 50 81 49 78 93 60 7 27 22 79 64 19 34 37 32 43 17 95 30 33 76 66 74 28 39 96 77 92 10 97 89 65 87 14 45 11 20 23 85 62 100 25 55 54 15 16 12 36 52 18 3 42 47 44 51 70 53 46 8 21 68 38 72 98 82 4 84 24 59
9 1 60 41 12 71 40 28 90 5
25 55 30 43 83 2 24 8 93 84 66 26 94 37 42 67 64 40 53 14 5 88 78 85 6 36
18 38 23 16 59 34 99 90 12 2 57 40 76 74 95 42 92 19 22
96 94 46 5 84 79 57 60 41 52 24 64 81 43 86 6 89 100 99 31 21 20 91 8 59 80 17 3 40 49 36 23 92 16 82 70 7 32 58 55 18 4 38 75 67 35 27 2 19 61 69 54 72 10 39 56 50 14 34 65 63 48 76 93 90 42 28 1 53 96 87 85 30 44 11 62 77 29 78 73 25 98 9 83 45 22 97 12 15 51 13 88 68 37 26 66 74
32 68 98 83 1 2 78 95 61 3 47 38 36 64 55 17 89 77 37 40 16 15 11 100 67 24 51 72 87 82 29 18 92
87 69 8 73 79 26 86 58 82 91 37 19 46 23 18 39 49 48 6 25 52 15 24 77 5 32 36 57 33 96 62 98 50 14 74 85 31 99 44 80 68 88 95 28 90 67 70 11 40 59 81 89 16 84 45 64 27 66 94 65 93 41 42 55 78 63 29 21 100 56 87 38 10 2 17 83 7 4 71 13 47 22 75 51 72 35 30 20
63 17 57 6 64 62 11 97 21 13 60 81 14 25 39 35 18 50 48 82 65 43 22 53 55 78 99 5 80 47 52 71 63 4 77 8 19 51 88 28 1 44 85 79 92 10 87 24 70 93 12 23 31 15 59 2 91 49 84 68 94 16 83 26
68 52 85 3 2 63 36 33 66 62 91 46 38 44 81 73 94 20 4 47 64 68 92 67 14 60 87 1 45 84 53 18 56 29 89 37 19 61 54 86 41 93 99 11 32 5 70 79 71 26 48 16 21 43 13 51 69 76 72 65 25 78 34 100 15 35 88 96 95
15 74 63 40 95 47 1 10 19 80 12 67 91 60 59 87
33 74 4 42 35 62 5 87 68 31 67 51 48 47 27 12 39 59 92 86 17 25 32 21 72 52 93 41 85 2 94 71 60 11
37 82 92 69 84 52 64 33 57 66 1 45 18 88 74 19 85 58 54 71 96 8 77 61 65 97 37 76 90 10 11 86 3 38 79 44 35 29
96 17 94 6 34 93 76 36 19 60 57 73 1 42 88 24 68 80 49 78 95 87 59 50 11 26 5 16 44 22 52 28 71 75 27 41 46 2 99 15 31 38 84 13 47 40 98 56 82 77 64 66 81 74 51 91 97 12 90 25 70 14 43 69 53 45 86 92 85 4 29 83 10 35 55 96 39 8 72 65 63 21 9 30 23 54 18 20 48 100 33 3 58 79 89 7 32
26 7 70 13 15 76 86 47 55 50 80 38 4 74 41 20 39 83 48 87 14 81 11 90 52 29 44
71 30 39 7 97 54 44 14 15 55 51 66 74 94 49 35 11 77 83 28 63 68 19 21 27 29 52 24 33 12 86 80 57 13 4 98 18 8 53 38 76 41 69 79 45 65 3 50 26 10 36 99 82 1 78 6 100 92 60 22 9 95 61 23 90 59 16 17 70 96 73 20
40 29 21 59 98 68 5 62 15 13 55 69 12 72 93 16 9 27 35 90 61 96 4 22 57 88 31 48 40 19 84 37 14 26 60 28 99 74 76 85 73
68 61 55 87 14 17 60 21 88 13 79 30 66 16 33 43 40 99 70 38 41 31 84 75 69 94 48 71 35 23 22 47 80 32 89 96 46 77 5 9 73 25 95 67 42 91 12 72 78 24 50 68 82 51 34 10 20 86 45 52 37 92 1 58 29 11 100 90 64
87 61 93 20 39 94 9 82 2 65 99 96 21 87 38 52 48 43 91 24 84 47 97 32 79 78 44 14 76 58 51 16 55 11 36 3 59 90 1 72 5 7 49 80 60 64 45 6 53 29 83 40 67 70 41 62 77 50 68 100 35 69 74 56 86 75 31 12 42 73 71 15 30 88 4 27 22 26 37 89 98 10 92 17 54 63 85 57
16 92 93 22 32 75 30 6 3 65 5 66 54 63 45 19 7
75 98 85 51 78 63 68 2 27 50 55 23 49 33 74 87 75 24 5 30 3 84 12 100 76 38 6 80 17 45 56 39 26 96 7 42 46 91 67 11 71 58 22 28 44 48 20 82 34 47 57 25 29 83 13 77 94 32 1 61 37 41 66 52 72 92 89 53 4 79 73 93 59 69 16 54
98 15 29 8 72 74 10 87 68 17 37 61 46 11 14 92 16 64 48 70 85 53 26 2 55 84 79 30 80 81 6 76 86 52 36 38 27 63 66 60 13 99 91 96 69 78 33 67 19 7 93 71 43 45 58 65 25 90 73 59 75 97 83 49 44 5 12 77 35 20 4 100 95 82 9 3 42 56 88 47 50 21 89 22 28 40 41 31 18 62 23 1 98 39 94 24 54 51 32
6 9 30 92 15 61 99
77 81 6 80 15 73 14 78 94 37 1 52 51 83 68 7 38 58 69 77 44 40 16 13 8 24 65 91 45 5 66 18 88 70 19 22 79 17 76 63 39 9 31 85 2 25 56 97 54 98 92 32 75 61 90 20 55 23 46 33 99 42 71 26 96 27 10 57 84 89 34 87 67 82 59 43 74 29
94 41 17 8 24 95 2 30 96 31 23 47 39 43 90 11 13 73 66 91 14 76 87 99 57 38 1 69 59 40 85 84 25 72 37 55 29 63 89 7 88 60 46 53 81 18 35 22 86 56 83 79 62 44 54 61 3 50 49 92 48 26 97 12 58 52 67 93 28 20 78 64 65 21 10 100 27 42 80 19 71 70 6 51 98 9 68 33 34 4 32 94 77 5 45
52 97 58 87 70 71 28 42 31 25 75 11 60 53 78 88 54 7 65 77 4 43 89 33 44 24 76 52 48 35 68 69 3 17 50 74 81 80 99 63 45 93 19 38 90 22 67 34 10 41 73 86 92
11 13 20 41 93 46 38 1 33 22 52 27
73 55 25 1 38 47 68 13 81 9 77 41 64 63 15 99 75 33 23 10 86 100 82 80 26 74 89 98 52 90 49 71 7 46 39 24 76 94 70 59 37 54 29 56 72 31 42 2 45 53 50 91 51 79 20 12 48 4 40 36 73 21 97 85 60 8 62 95 96 58 28 17 88 6
8 41 50 49 43 2 19 58 98
64 5 34 79 6 13 42 62 54 96 94 56 51 27 75 90 53 92 67 73 38 74 59 68 17 48 83 85 52 87 80 2 16 70 57 4 43 32 1 98 30 93 82 12 20 41 7 10 88 86 78 36 23 39 14 3 19 64 28 99 31 50 8 47 24
95 61 70 10 85 87 67 35 73 80 86 23 65 48 43 14 96 22 16 50 89 92 9 38 31 5 76 40 90 36 32 3 97 49 21 20 24 83 68 60 55 2 4 64 18 28 11 93 17 100 37 71 57 99 8 15 74 46 42 59 84 75 39 29 1 53 63 88 52 25 58 79 45 27 72 51 91 44 33 47 77 41 78 30 62 66 19 69 56 34 26 6 98 81 54 94
21 35 33 96 90 56 23 17 99 30 38 14 59 79 27 60 18 8 91 42 95 86
49 9 36 15 81 71 95 43 16 5 57 78 32 41 19 8 94 3 74 50 83 89 98 6 63 25 24 42 86 4 77 66 54 14 28 58 51 45 31 62 12 55 59 76 37 38 23 7 72 96
60 3 34 38 81 53 76 42 52 2 97 4 95 79 87 49 91 73 92 27 39 85 94 20 60 21 63 44 11 17 16 64 43 70 74 9 80 83 78 99 23 50 10 33 12 40 84 69 82 26 13 36 67 86 18 68 55 56 71 22 66
28 35 67 38 55 95 33 37 93 7 100 31 75 56 61 30 19 80 50 49 62 41 11 99 63 27 42 24 17
3 47 77 19
34 45 22 7 32 27 15 51 4 39 98 48 90 21 85 63 86 66 12 54 60 53 3 100 46 73 35 55 75 56 79 29 70 62 11
39 42 72 80 64 90 12 78 53 58 83 50 24 92 63 57 97 5 11 54 26 22 65 4 59 66 56 68 69 76 3 8 2 49 43 44 86 18 87 88
14 46 98 59 80 99 14 97 41 42 82 20 18 31 9
66 24 69 41 21 47 83 25 30 80 9 39 27 73 78 60 51 22 23 74 28 68 57 45 38 10 81 42 40 61 63 17 84 34 86 95 3 8 5 85 93 65 55 96 2 52 70 91 56 4 58 82 75 62 77 32 20 15 31 19 48 49 46 94 26 89 99
65 16 34 6 65 35 75 32 66 69 95 59 14 38 51 53 25 62 81 43 4 8 33 21 77 73 87 70 72 85 96 92 50 12 63 5 2 31 79 30 61 82 78 19 15 56 9 57 94 18 60 26 41 46 91 47 90 48 45 49 88 97 29 7 22 83
47 18 55 99 77 48 16 14 63 54 79 31 57 23 33 53 47 32 71 11 70 51 90 4 46 67 68 69 75 52 13 72 50 5 36 26 28 49 85 45 1 59 88 86 40 35 94 60
48 80 91 25 95 40 63 74 31 87 27 39 52 84 94 83 100 59 89 99 66 2 3 24 67 64 82 71 54 12 22 13 57 28 34 96 32 51 45 55 60 35 19 30 4 75 76 16 69
72 40 81 56 68 43 95 14 31 74 91 92 67 32 12 39 59 35 10 15 28 7 63 4 80 84 9 75 29 26 20 69 46 79 73 34 19 30 17 5 71 76 87 44 51 64 99 24 83 11 45 62 37 57 49 89 72 93 16 27 38 66 18 100 78 53 94 55 8 90 21 85 97
58 87 40 75 82 92 31 44 60 32 52 98 45 53 39 7 46 16 51 9 5 36 63 70 83 91 29 49 80 14 71 47 93 23 37 18 48 4 57 59 66 10 35 95 79 68 1 19 96 85 25 43 61 27 12 99 38 54 88
42 82 48 60 30 71 62 100 54 27 75 63 65 8 43 14 99 20 89 91 50 94 66 3 87 67 92 39 29 19 79 38 11 5 15 17 95 45 84 57 26 88 56
81 30 47 89 85 15 54 100 6 78 29 27 80 71 10 75 69 77 33 58 98 19 93 28 50 23 2 20 87 72 86 63 1 7 13 4 92 74 9 82 90 62 26 73 56 76 3 24 5 44 99 91 35 12 66 36 51 65 40 52 46 83 61 43 34 97 42 94 39 31 17 48 64 55 38 57 32 67 41 25 95 60
32 64 45 13 68 5 62 46 49 48 60 14 51 54 3 47 20 32 70 63 58 74 39 90 57 78 94 21 85 29 84 33 36
39 50 45 52 46 13 25 60 22 91 97 72 29 20 94 95 98 24 47 75 12 3 76 59 31 81 44 55 90 51 18 49 89 36 54 34 10 57 73 100
84 59 53 85 32 33 62 1 98 3 44 84 49 72 52 92 11 20 23 86 7 31 78 27 18 74 93 58 25 5 2 55 90 47 99 45 4 6 96 80 67 19 97 94 8 63 54 95 14 28 41 29 13 26 15 21 68 70 43 9 56 39 64 10 42 87 46 69 57 30 12 34 50 91 88 51 79 61 16 73 48 65 38 35 83
18 81 62 15 73 83 45 7 11 3 65 21 41 88 20 9 68 18 74
62 81 72 84 24 74 30 20 73 48 80 68 22 67 90 37 71 16 97 95 8 31 29 58 33 39 23 32 53 36 6 5 50 98 76 56 60 86 77 85 62 89 54 18 51 69 82 43 12 88 9 13 42 61 4 49 57 64 47 25 100 96 14
22 46 89 100 63 87 52 49 31 20 69 48 3 35 95 65 88 54 93 92 24 19 26
18 48 3 69 22 79 67 39 24 10 26 45 91 18 68 71 59 23 51
82 81 84 64 49 10 65 19 6 59 16 72 7 17 80 31 4 55 82 91 33 51 58 100 85 89 93 1 2 86 54 11 61 12 20 83 68 28 67 76 62 5 48 73 60 98 44 30 24 37 13 26 9 46 14 77 74 39 45 97 69 96 79 40 15 47 63 41 35 78 52 42 18 53 21 23 25 88 34 32 75 3 70
75 80 1 15 67 69 5 2 91 63 3 35 83 29 97 39 16 75 85 26 4 14 60 49 20 48 92 96 43 24 77 7 76 45 11 79 57 9 99 78 18 51 62 50 36 82 88 98 34 13 93 17 22 55 100 42 12 64 58 68 54 10 53 73 46 90 23 31 66 8 94 19 81 40 52 30
33 51 6 81 41 48 75 46 31 63 97 44 100 27 22 47 50 30 9 4 94 15 71 84 26 42 28 21 53 82 98 33 80 7
90 15 4 68 50 27 13 72 75 47 87 92 62 81 60 86 21 25 54 26 30 73 36 18 64 23 37 48 29 98 51 17 84 57 44 38 45 39 74 78 66 63 22 96 69 19 6 43 55 3 59 58 93 12 49 91 41 8 28 77 97 53 7 10 82 99 33 71 31 89 83 85 34 95 16 52 9 90 65 5 100 80 88 1 40 2 76 11 79 67 24
20 29 23 60 14 1 46 63 22 48 80 93 97 12 34 49 13 79 51 45 75
55 26 73 32 63 86 93 62 10 81 27 72 21 96 4 66 75 17 51 88 37 11 33 9 54 77 71 76 70 64 25 61 47 23 82 57 1 22 18 85 100 91 12 74 50 45 80 7 83 59 65 53 30 39 89 42
30 17 95 39 26 79 44 16 54 41 100 99 3 40 61 84 96 10 45 94 31 87 46 97 13 22 23 14 36 55 27
14 66 16 5 47 62 83 7 32 67 44 85 33 19 52
10 26 45 30 37 6 44 47 65 7 91
63 98 65 35 68 39 14 67 69 37 43 66 78 34 13 63 93 96 59 51 88 64 28 40 81 23 92 85 55 17 11 10 27 99 47 21 44 71 45 20 12 6 97 42 26 18 49 100 95 54 3 1 41 94 83 91 52 32 86 7 76 89 25 77
82 32 50 78 2 24 49 62 1 52 44 81 42 23 88 53 76 73 29 64 22 12 16 8 63 72 59 18 27 97 45 91 93 25 46 71 15 35 80 84 77 13 14 98 58 37 90 79 6 99 21 94 54 100 39 17 60 83 69 7 85 41 31 20 47 48 11 28 75 9 40 74 56 61 67 26 36 57 70 3 82 96 19
91 62 35 98 76 74 19 57 70 50 94 13 20 69 93 18 22 27 84 45 24 30 67 41 17 89 59 40 25 54 78 52 23 6 55 91 86 31 83 39 26 8 44 80 37 51 92 75 28 4 60 12 81 49 65 29 5 88 72 73 9 16 53 33 7 34 82 63 71 1 66 61 43 3 99 58 96 47 85 11 14 97 32 48 90 42 100 87 79 56 36 95
82 11 77 93 84 90 6 42 68 12 5 61 41 81 17 4 94 46 31 89 25 1 38 43 95 7 35 92 72 87 24 9 36 67 66 74 33 65 13 21 34 19 28 37 15 85 80 75 27 20 52 99 30 58 69 47 51 57 82 97 86 70 23 59 16 79 2 29 53 91 64 73 78 50 39 48 14 3 8 71 55 88 83
56 60 20 92 13 14 89 41 74 8 84 100 54 29 39 26 34 23 58 72 65 99 15 82 48 9 2 93 19 86 70 36 52 77 32 80 79 88 37 45 35 90 50 43 98 68 17 97 71 21 85 75 3 10 62 33 49
94 51 62 16 92 61 27 97 64 24 63 30 33 46 91 69 28 20 59 52 66 95 38 94 12 7 87 10 93 81 57 8 96 48 84 80 86 35 22 98 67 83 9 23 54 41 32 50 34 17 73 53 70 47 89 37 55 39 25 29 68 44 26 72 58 75 2 65 6 45 79 31 1 19 77 100 78 82 49 21 13 60 99 71 15 90 5 88 14 56 3 18 4 36 74
36 79 51 44 52 57 86 68 48 80 49 36 94 77 60 85 69 30 14 18 78 9 58 4 38 63 12 13 20 28 35 29 76 7 92 70 67
66 8 25 61 63 93 44 47 70 69 60 100 88 85 1 46 2 65 57 76 24 91 22 62 9 86 4 84 94 35 96 50 48 28 12 34 59 75 67 16 45 31 68 53 19 7 32 14 55 17 51 29 58 36 13 38 5 72 89 92 81 26 15 79 98 49 37
72 62 73 90 58 81 45 83 39 76 9 52 8 95 24 97 84 75 19 10 51 77 11 99 61 17 6 18 70 91 94 68 63 28 38 55 34 3 54 88 56 71 31 5 65 93 13 2 43 79 92 64 69 15 46 7 27 26 80 85 66 78 20 25 33 16 42 30 41 53 36 14 40
42 87 88 56 75 50 98 36 38 70 31 27 57 59 2 34 37 63 68 99 32 64 82 55 3 90 62 85 71 22 7 13 15 95 18 42 20 65 17 39 91 44 52
92 47 82 38 87 94 73 29 59 81 35 89 25 3 56 100 7 15 31 86 72 50 40 36 52 18 98 97 12 21 79 11 64 4 53 83 62 32 70 90 20 65 67 77 42 46 9 71 30 80 33 41 88 85 16 96 28 55 93 57 37 27 63 1 91 75 78 43 76 61 48 34 68 66 58 92 45 2 22 99 6 60 10 54 44 49 8 19 17 69 13 74 51
99 61 59 98 82 33 27 65 42 23 58 57 91 21 97 1 49 64 93 10 17 80 43 70 40 5 20 90 9 2 24 41 36 85 71 67 52 34 87 7 28 60 78 92 100 81 83 62 89 56 53 26 96 6 31 75 99 73 95 35 77 48 39 69 14 79 38 45 12 86 84 19 37 13 94 22 74 15 47 8 16 50 32 51 68 4 46 25 3 76 44 30 18 66 63 11 55 29 72 88
10 26 15 7 14 92 82 59 97 55 17
70 25 65 83 81 68 57 71 63 86 18 12 99 59 67 48 51 62 47 94 31 38 89 44 58 33 53 22 69 79 3 85 45 8 24 11 80 92 7 10 46 82 39 27 20 16 14 64 37 15 66 93 23 36 32 29 42 60 41 4 26 54 52 13 74 90 56 50 84 88 97
20 95 69 66 85 84 4 37 38 30 57 65 92 90 6 76 94 2 100 97 72
89 93 44 82 77 23 49 98 16 36 25 41 92 31 10 81 76 20 21 42 90 54 32 35 73 78 43 34 30 29 2 86 60 68 18 75 5 84 8 4 28 15 100 55 1 67 7 80 94 96 79 46 6 24 9 85 47 17 59 51 97 99 58 87 70 19 40 61 11 39 91 72 12 83 63 38 56 3 50 52 95 64 26 71 53 45 27 37 13 69
42 86 15 44 4 83 43 71 1 34 95 94 100 23 68 64 82 90 41 52 61 16 17 66 97 75 19 80 8 69 42 92 9 33 36 28 21 48 51 29 31 99 30
61 6 62 72 50 24 87 44 69 52 14 74 21 26 35 2 86 20 32 54 36 83 49 7 3 8 96 55 9 64 99 92 39 34 41 17 13 98 16 100 51 30 23 37 28 82 91 40 89 12 79 84 95 65 66 67 19 71 25 1 31 60
47 1 44 34 58 48 81 22 15 69 5 76 64 8 94 21 30 32 4 47 63 82 50 26 29 41 65 13 49 39 93 36 62 28 92 2 52 18 23 6 37 20 61 24 90 66 87 38
59 86 5 13 22 15 90 29 59 50 74 31 49 52 14 45 81 12 54 34 41 16 55 95 100 53 60 77 51 84 78 23 69 48 33 27 38 26 87 79 97 80 32 93 7 10 62 71 6 98 99 83 68 9 3 20 75 24 56 57
22 85 43 27 75 19 96 59 62 92 70 36 29 93 57 37 89 90 15 61 68 11 34
38 75 64 16 4 53 73 6 93 3 18 36 60 96 2 87 90 17 80 44 84 14 67 74 29 41 59 98 89 85 31 15 20 10 50 97 94 48 76
92 32 77 31 13 45 3 71 82 34 66 80 55 18 63 20 86 90 44 57 2 23 51 81 9 27 67 59 26 68 50 87 15 85 5 94 29 38 6 52 11 53 70 35 100 28 83 12 33 74 21 19 40 22 56 96 54 47 48 88 36 37 73 78 72 84 7 92 17 60 24 42 14 30 65 62 97 46 95 99 4 49 25 93 79 61 39 1 69 75 89 98 8
5 73 29 32 6 10
98 59 11 74 91 38 49 44 18 54 26 69 23 75 27 58 3 56 50 71 28 19 43 93 81 7 73 37 2 72 87 89 96 35 62 16 14 77 33 90 100 6 83 24 31 12 8 42 70 99 63 97 29 1 84 78 15 57 82 5 61 10 30 88 45 80 34 46 98 41 17 53 32 48 21 92 9 79 55 68 47 22 52 25 76 13 60 65 66 64 51 85 39 86 67 36 40 95 4
18 52 80 38 53 31 37 29 88 59 74 19 84 71 35 58 23 41 10
