100 40
15 67 84 74 89 2 30 70 4 18 45 9 29 81 99 23
76 74 33 11 37 94 29 62 9 30 50 18 73 54 90 42 12 81 41 26 19 27 32 84 70 5 55 98 45 60 80 56 71 14 34 61 63 69 76 52 97 1 40 58 31 82 38 25 15 59 10 6 3 83 47 91 28 78 8 57 75 92 46 89 67 65 20 23 43 16 4 48 85 68 100 13 22
29 22 28 83 19 95 73 53 69 24 36 23 46 54 4 11 96 1 34 29 18 74 52 71 32 75 31 64 65 39
70 81 97 2 44 65 63 34 51 13 29 79 83 27 36 45 14 24 12 26 5 28 48 11 43 31 80 95 69 68 59 87 33 50 89 61 49 70 41 88 18 9 71 67 96 23 53 6 85 22 72 38 46 99 73 76 54 56 98 78 4 8 58 91 100 7 42 32 47 64 19
29 33 86 64 92 8 42 60 19 71 3 18 12 9 54 67 26 5 13 82 27 69 96 78 72 43 4 73 38 22
22 7 99 26 22 12 86 39 83 89 11 20 64 71 35 75 10 40 93 72 85 45 74
89 75 81 28 90 1 33 64 49 67 40 85 2 14 9 66 6 73 72 3 61 96 47 92 27 78 99 35 39 95 68 38 83 5 70 79 86 21 59 44 82 8 10 74 11 43 100 29 30 50 42 17 58 65 20 16 53 93 46 31 63 76 48 37 56 24 7 97 4 54 69 25 80 32 57 98 60 77 22 89 26 71 52 62 41 13 12 23 19 91
25 35 27 43 46 89 45 70 77 41 25 32 5 74 28 95 84 16 87 20 63 51 80 60 71 36
35 14 78 28 71 61 27 60 63 50 41 82 5 99 77 21 76 84 98 45 26 23 55 97 68 17 9 33 11 58 54 18 19 70 79 80
68 11 74 99 26 29 36 38 35 22 65 76 52 91 10 12 39 41 56 28 72 20 88 16 61 8 73 14 4 83 15 33 94 57 1 93 37 81 60 67 62 78 89 44 3 45 23 96 25 82 75 53 47 6 59 17 100 69 68 80 66 71 40 55 32 43 58 86 48
41 70 68 37 15 72 61 39 11 100 85 10 91 87 76 17 83 54 1 30 78 49 56 63 81 90 9 60 57 51 43 25 55 58 53 26 93 33 32 41 79 44
48 40 2 69 96 93 18 14 53 13 41 84 100 73 77 32 71 57 80 20 67 39 91 52 19 78 66 94 86 83 82 34 8 47 85 56 28 75 70 33 62 65 45 90 1 76 10 25 31
99 49 56 61 98 74 13 20 2 26 96 52 15 63 57 14 88 27 54 8 48 70 39 53 18 80 81 92 45 43 84 90 50 12 66 76 37 34 71 4 3 6 47 51 83 59 55 73 46 25 58 94 24 28 30 75 97 65 69 95 16 41 64 36 85 5 100 7 35 62 29 86 67 89 77 78 82 99 68 44 42 40 1 79 31 33 32 23 22 11 93 17 87 10 21 38 72 19 9 60
45 85 34 92 45 79 49 41 15 35 14 71 81 10 76 68 58 42 19 23 43 20 46 40 82 25 1 30 57 80 44 89 38 98 13 93 7 26 60 21 28 61 5 74 75 8
68 79 41 16 98 69 21 64 7 11 62 53 95 91 61 5 30 9 29 42 66 45 100 31 38 2 55 50 28 78 46 86 84 34 48 56 19 32 97 57 43 39 72 93 37 18 3 49 90 82 6 87 40 8 83 75 54 10 35 92 15 81 89 47 88 99 77 25 1
57 35 68 28 15 62 3 27 57 74 7 81 42 31 67 17 22 38 78 55 60 100 97 66 40 39 37 72 14 49 56 32 98 6 5 18 99 89 45 43 50 87 92 21 71 11 16 20 25 70 75 85 24 91 29 2 41 84
4 19 13 32 10
75 97 51 59 44 86 6 75 89 11 43 28 74 32 25 69 3 1 56 15 7 93 81 85 100 12 38 9 65 20 99 77 96 63 16 5 18 35 54 92 34 46 57 62 98 94 68 58 49 61 67 41 40 8 27 33 30 21 90 4 88 66 14 71 83 70 84 17 13 87 48 37 52 26 64 91
67 97 45 19 88 33 62 77 58 87 63 28 32 76 59 18 26 65 11 37 69 10 29 64 31 23 12 25 79 86 9 81 24 100 67 6 80 48 36 39 55 85 14 30 66 98 43 42 13 52 73 27 49 22 92 70 16 68 2 8 51 74 56 15 41 1 91 84
32 26 78 91 5 90 33 18 67 54 43 22 66 15 19 49 45 73 28 87 29 81 77 70 63 52 31 14 34 61 13 83 36
72 12 32 29 79 15 53 61 11 86 24 71 95 52 70 34 94 57 90 21 3 33 93 38 69 7 39 55 64 91 81 2 30 58 65 87 40 80 78 19 59 84 48 13 54 49 41 9 77 14 4 23 100 20 97 25 68 6 10 67 46 31 82 18 66 45 98 63 96 60 88 16 75
34 17 23 67 59 82 15 31 75 33 4 11 80 39 63 61 81 65 62 50 51 44 92 86 22 97 24 38 99 34 18 88 70 94 58
19 32 83 45 74 81 70 28 79 90 67 43 87 41 21 29 69 25 17 68
41 56 42 15 69 86 5 50 26 55 67 73 1 43 37 40 32 3 11 8 81 96 66 20 70 54 30 48 77 80 87 61 65 16 44 28 2 13 38 97 64 24
25 38 45 37 61 41 72 20 89 69 59 13 9 43 75 55 91 12 66 84 42 54 36 67 100 30
54 100 16 65 1 28 79 46 90 44 72 96 95 64 74 3 37 84 31 15 89 98 69 58 29 66 25 51 5 85 7 23 83 6 59 2 30 94 70 27 82 43 86 60 19 4 75 52 56 48 9 55 99 13 42
85 1 18 95 93 16 69 57 77 6 30 21 58 64 35 2 65 31 88 60 8 61 47 62 43 25 13 26 36 74 66 17 12 83 89 15 59 41 44 52 54 99 73 87 63 29 91 3 51 27 50 33 68 48 79 9 84 38 82 72 39 81 19 53 24 86 7 92 75 40 28 80 97 34 85 78 100 45 46 32 10 20 37 4 56 90
50 99 84 24 71 13 76 67 31 9 41 4 54 39 51 34 62 32 40 49 29 21 94 20 2 53 12 36 16 97 45 38 25 80 82 98 75 5 74 33 8 95 83 85 10 14 56 28 55 42 47
32 33 72 64 92 15 38 100 75 26 81 40 23 91 71 94 74 37 4 93 48 65 63 76 6 95 60 51 99 57 9 56 90
74 1 74 16 70 42 27 82 75 19 29 31 39 24 78 3 54 55 91 50 4 8 65 79 66 71 83 98 21 77 73 15 9 38 32 100 84 93 30 69 47 11 45 97 41 60 2 22 52 64 23 13 68 67 44 25 14 43 17 90 26 6 63 58 34 59 72 35 94 5 20 46 57 12 48
49 56 54 43 89 79 64 45 60 90 69 49 1 25 14 11 71 37 80 94 100 18 78 70 74 85 59 98 88 35 30 28 93 52 53 29 84 73 12 61 65 75 66 48 42 31 91 86 83 58
8 99 27 29 81 3 47 86 28
74 36 87 20 17 4 42 84 32 10 45 78 16 14 28 61 3 6 49 92 39 60 97 55 70 22 89 7 82 98 56 80 29 19 88 26 100 1 48 38 40 66 18 35 77 79 51 27 99 91 2 81 47 43 52 23 11 46 5 57 30 31 71 64 96 73 83 62 34 69 54 85 24 9 94
37 6 29 28 80 59 99 27 15 3 64 96 11 78 50 42 55 100 48 31 30 93 7 98 57 87 51 83 24 86 35 68 39 62 63 73 21 32
68 61 10 37 36 49 42 58 27 96 51 78 6 68 89 85 11 34 97 21 24 59 71 86 40 52 9 84 60 88 82 32 67 14 23 80 39 38 16 29 63 69 26 92 44 100 53 41 1 22 5 66 48 8 93 74 50 65 73 28 31 94 75 12 54 81 17 46 4
39 70 20 2 66 74 13 71 8 97 5 87 44 1 12 75 21 59 40 42 83 62 26 31 58 84 80 36 49 94 35 61 15 65 14 91 51 50 4 29
67 1 64 51 57 87 52 72 71 18 23 16 97 76 69 96 91 37 35 14 48 30 46 80 54 22 74 58 41 25 42 81 60 45 3 83 56 73 59 13 90 10 44 86 62 63 26 95 89 29 98 2 99 93 32 6 68 61 39 19 49 8 94 5 67 100 82 34
80 76 70 65 4 36 14 29 100 26 99 25 24 72 74 47 34 39 7 1 83 77 98 32 18 46 79 28 80 45 23 88 61 3 49 96 44 10 35 58 37 95 81 40 85 41 91 9 94 51 50 48 71 54 17 75 73 78 31 67 92 69 97 19 59 15 68 55 62 30 90 64 38 6 12 93 66 16 56 27 86
44 87 45 32 4 37 97 14 13 100 11 99 23 46 67 85 2 6 50 86 79 8 3 43 98 66 57 82 19 40 94 92 70 51 88 36 7 18 17 10 5 90 56 96 60
61 75 72 18 71 82 34 36 74 59 28 51 53 91 38 78 47 64 9 79 21 83 41 6 56 49 24 97 5 46 92 31 84 1 17 58 63 54 70 12 3 65 14 62 76 55 90 10 66 86 23 88 96 16 85 73 4 35 48 99 93 77
56 86 36 16 81 90 26 37 20 57 80 79 27 2 15 64 99 9 18 10 69 87 19 25 50 88 52 30 66 92 74 42 70 5 23 68 44 38 83 84 98 28 21 100 24 29 40 96 14 94 89 35 77 95 62 45 55
28 60 3 83 22 94 15 91 99 25 77 88 90 1 49 76 52 82 36 14 71 74 100 55 39 57 8 35 96
13 25 74 40 42 79 48 52 28 60 84 64 57 22
67 11 85 51 15 64 29 98 83 65 39 25 67 79 88 76 75 30 2 78 19 52 68 82 14 26 66 48 36 93 13 96 43 16 42 35 20 80 90 69 73 50 34 89 5 46 28 18 3 23 6 55 94 41 77 22 47 59 49 72 24 57 91 7 95 12 4 53
55 80 93 78 7 40 65 9 90 32 50 94 26 88 14 66 70 3 27 53 43 33 69 10 77 29 4 60 63 96 62 54 1 49 58 99 55 6 2 36 37 97 20 17 18 51 28 41 34 44 91 100 67 24 42 68
73 15 64 57 10 55 24 66 83 86 52 17 92 44 46 50 33 93 29 11 85 13 58 37 96 65 69 79 12 7 87 1 3 60 62 22 40 53 70 19 76 45 77 80 90 49 89 99 61 8 78 39 72 16 84 38 2 26 100 56 21 43 63 88 4 71 20 41 73 5 91 47 74 51
37 58 6 63 43 51 10 93 68 91 27 24 77 71 14 30 5 11 26 100 42 1 18 32 76 83 39 99 9 53 75 56 52 34 7 79 20 12
8 40 37 85 58 47 27 70 50
33 60 33 54 36 63 28 11 48 77 47 45 73 22 44 14 92 82 12 18 19 27 16 57 89 84 13 83 40 64 32 98 75 69
7 4 87 14 40 61 60 63
5 22 57 13 98 85
22 7 36 16 55 86 88 5 53 63 54 78 20 79 43 59 90 80 83 24 47 96 26
36 20 23 66 27 1 100 8 98 12 28 57 47 75 85 40 42 53 7 17 45 72 5 81 68 54 11 34 78 29 63 24 38 96 82 41 21
20 17 19 73 78 22 69 71 45 6 100 33 2 12 47 28 79 57 18 89 76
5 99 61 51 84 15
41 52 85 90 3 78 45 11 53 84 28 95 93 19 7 40 1 74 98 14 10 37 97 86 61 9 79 26 99 66 72 20 50 96 46 27 69 15 68 4 23 24
65 35 13 91 32 40 59 1 25 9 99 51 22 18 34 90 75 80 81 69 50 58 100 49 16 47 44 93 38 8 84 78 62 42 37 79 61 46 98 11 68 26 23 72 3 33 28 94 76 48 56 86 83 24 15 27 31 73 60 21 70 10 54 5 85 12
11 35 84 10 69 55 44 29 92 88 73 34
45 47 57 73 83 37 58 56 50 90 11 72 24 7 29 84 62 100 17 35 16 18 3 78 4 42 2 34 38 31 15 44 99 23 20 52 86 5 12 32 92 1 98 25 9 96
77 14 11 42 94 59 10 98 2 36 79 71 54 90 82 17 3 21 64 91 73 25 20 78 43 40 23 41 53 48 39 96 33 16 67 99 93 18 65 38 27 95 7 56 28 72 57 89 45 100 49 62 24 80 32 46 88 5 35 30 77 83 52 6 58 22 51 86 15 8 4 70 97 34 29 69 12 85
67 5 81 28 78 56 50 94 27 46 48 61 96 58 26 25 7 3 54 89 17 2 47 40 14 86 8 21 65 1 10 67 31 24 42 30 16 69 64 22 29 66 79 76 6 74 93 34 59 45 12 100 13 32 90 15 88 63 23 39 95 41 84 99 18 53 72 4
52 82 32 45 94 42 43 67 39 72 79 6 4 90 36 54 38 24 70 7 10 34 91 59 78 56 69 61 75 74 27 85 51 44 55 95 29 97 66 64 18 89 16 13 84 92 71 15 88 2 23 86 8
19 68 98 59 34 66 22 57 78 94 100 77 28 15 93 14 64 56 99 73
26 19 87 8 86 32 28 50 43 21 2 63 10 65 41 64 98 12 53 34 46 78 36 37 100 90 61
64 40 36 90 71 58 62 97 37 32 1 49 8 82 96 10 67 75 56 88 99 70 24 35 72 28 5 41 60 9 78 84 93 77 29 46 7 27 33 12 86 55 30 73 19 100 50 76 66 48 6 74 79 25 38 63 85 42 54 17 34 80 4 2 11
26 90 83 89 86 64 15 53 17 38 37 40 7 11 29 6 68 45 67 36 23 97 10 26 75 55 60
100 97 22 70 85 7 25 26 49 20 69 53 73 63 78 37 16 94 65 33 31 72 43 61 83 19 17 54 98 39 1 2 46 90 67 82 51 88 91 50 41 21 74 38 92 48 96 45 30 23 68 80 47 79 15 13 59 6 42 4 99 57 12 55 95 3 32 14 100 75 81 58 62 76 86 8 28 60 29 93 36 35 5 40 77 89 84 44 34 9 18 56 24 71 64 27 52 66 87 11 10
36 56 20 33 39 68 75 26 51 50 84 83 27 40 17 96 74 67 86 3 37 29 45 16 52 93 18 70 76 72 4 42 89 48 98 79 77
77 98 27 72 26 92 42 67 54 50 10 63 90 12 16 40 51 86 41 5 21 9 38 31 44 39 59 88 99 7 53 23 29 49 77 36 28 3 81 65 35 80 97 61 95 11 37 75 85 60 94 8 66 33 71 6 24 96 19 62 76 78 100 43 89 20 47 17 22 1 73 69 84 91 79 4 34 14
12 100 13 74 46 59 66 31 95 47 55 91 45
53 79 57 99 48 18 31 13 47 93 86 96 35 65 83 64 75 8 32 85 21 44 36 53 78 38 46 2 25 54 12 84 37 49 39 55 28 61 97 14 82 92 43 67 50 24 23 45 33 76 62 34 72 17
99 54 34 14 20 28 67 72 78 19 4 18 64 68 82 73 23 38 60 61 45 36 50 31 39 6 42 55 84 79 85 15 97 81 59 90 91 7 27 70 98 37 89 49 44 1 51 32 99 65 63 71 41 48 26 75 10 96 86 46 77 94 8 29 56 66 43 74 35 3 76 24 17 9 30 52 57 69 40 21 53 33 12 93 58 62 25 87 13 92 11 16 47 80 5 100 83 22 88 2
58 82 41 20 29 15 36 43 48 86 78 93 97 91 70 96 14 94 37 28 31 45 54 76 73 77 74 51 81 33 67 61 89 63 1 19 8 75 90 60 64 38 34 24 17 92 58 49 22 25 83 72 99 6 79 87 5 12 27
60 16 89 53 45 71 98 43 62 50 59 9 27 90 87 76 5 94 60 26 29 39 100 11 4 21 82 20 88 57 3 67 38 75 54 12 55 84 77 23 64 37 18 22 96 81 42 44 41 69 1 34 14 24 6 8 15 7 31 30 85
96 92 28 34 71 7 10 24 100 47 96 77 56 53 73 37 3 55 44 39 22 64 98 9 43 40 84 83 66 45 99 19 31 14 26 59 76 17 1 63 25 93 27 36 4 70 95 33 85 97 62 72 21 16 29 51 49 75 42 88 13 81 57 8 61 5 6 60 2 41 90 87 12 46 18 89 35 15 65 30 23 11 91 67 20 50 69 48 32 38 82 86 79 74 80 78 58
23 14 44 24 6 58 46 38 3 62 25 73 43 40 97 78 27 90 81 29 79 93 35 82
43 99 36 85 10 80 25 48 18 66 62 96 73 57 98 81 38 9 58 1 47 13 69 40 16 11 45 76 7 56 94 2 28 50 8 34 21 51 27 20 44 97 54 23
66 66 94 15 48 20 91 11 40 78 1 19 3 54 44 81 59 10 62 45 97 89 4 30 31 17 26 36 98 56 42 51 8 96 28 2 32 34 88 23 64 27 70 38 74 67 35 82 68 99 80 49 84 50 65 77 75 9 29 25 37 6 57 86 39 92 83
59 12 29 27 94 21 71 7 46 49 100 31 66 62 16 96 13 18 59 89 87 99 4 74 83 84 76 6 20 86 24 9 73 97 17 69 36 48 63 3 78 77 41 93 92 43 55 56 32 54 57 44 79 14 8 22 26 11 1 30
59 71 79 2 87 94 5 30 51 8 49 78 36 52 28 93 12 60 92 76 90 17 53 21 40 59 85 31 50 42 84 64 6 18 98 80 66 100 9 54 25 62 57 41 48 45 10 32 88 74 44 46 72 22 35 68 65 97 70 14
73 82 73 25 42 98 68 63 57 99 81 78 72 19 56 90 58 83 60 67 6 77 94 87 3 85 7 24 31 70 55 52 79 35 27 97 23 16 20 40 93 62 11 84 96 10 53 15 39 92 13 34 71 66 30 91 1 8 59 80 45 41 17 33 43 89 36 46 86 18 12 95 48 44
13 62 65 14 94 100 78 59 24 21 9 31 70 75
30 37 67 25 28 49 84 12 98 92 62 6 51 95 48 29 80 79 33 15 63 64 85 35 30 69 38 5 83 61 58
38 72 69 68 63 11 59 82 56 49 6 77 54 35 100 91 30 28 18 25 33 64 95 36 97 43 94 16 83 51 31 76 55 88 4 9 96 50 67
88 38 12 75 85 8 65 37 100 36 35 10 33 22 39 27 98 28 24 67 78 26 60 58 3 45 23 90 32 76 95 47 94 49 11 70 48 2 30 88 99 44 91 34 64 55 1 29 42 43 15 54 40 5 4 62 17 74 7 57 72 89 92 79 21 19 14 83 52 93 84 56 97 73 71 25 81 6 87 50 9 46 68 86 59 82 53 16 41
93 39 19 89 81 36 99 33 58 71 42 38 60 98 31 56 80 27 97 54 12 41 34 52 44 72 96 85 25 74 9 1 65 26 47 45 59 6 17 16 22 20 8 76 61 78 92 82 3 4 49 24 57 69 86 79 63 15 84 11 5 51 67 50 21 66 40 91 64 73 18 53 32 95 75 35 70 13 43 55 14 10 23 100 48 2 83 29 68 88 94 62 7 93
68 39 49 92 19 99 4 15 47 50 33 23 79 14 55 29 28 81 59 30 40 8 85 66 60 100 56 53 63 1 5 87 84 72 83 62 22 44 58 35 89 86 68 78 31 97 91 51 76 38 21 11 10 88 65 96 93 77 32 17 20 67 2 18 74 16 46 48 61
99 27 34 69 4 61 86 51 47 65 3 35 77 6 20 94 2 59 91 60 88 100 49 26 98 68 42 43 84 76 56 52 50 19 38 72 22 9 46 48 89 17 93 40 96 37 79 36 75 54 1 30 66 14 95 67 31 8 82 92 10 12 41 81 64 55 23 21 45 18 28 7 58 39 62 57 15 97 73 13 78 29 83 90 71 63 99 85 5 74 44 70 25 80 87 24 16 11 33 32
68 92 11 63 35 28 51 76 82 16 33 100 84 69 13 1 14 94 68 80 53 70 91 22 37 64 55 17 48 73 42 88 15 54 38 52 20 27 47 74 99 39 9 50 29 41 49 77 60 89 21 7 95 56 67 43 78 40 18 5 12 46 36 86 72 61 97 10 59
69 73 74 38 63 98 27 53 10 76 52 62 65 24 81 57 82 41 77 49 15 93 5 13 94 28 92 72 97 79 99 16 37 75 80 56 3 34 66 39 45 6 50 70 30 100 2 51 90 86 84 85 22 64 42 61 17 67 29 33 21 44 59 35 32 71 20 1 12 47
11 67 12 89 96 87 32 66 43 3 13 25
74 46 36 42 37 35 14 68 48 12 43 83 57 88 18 56 78 27 77 16 13 7 5 97 22 84 58 41 67 45 17 87 9 26 79 30 54 19 20 50 66 51 55 63 90 47 3 40 73 24 61 44 94 80 32 64 34 72 6 74 31 39 86 28 1 69 91 92 96 75 100 98 59 53 29
84 59 76 11 21 66 78 56 20 55 79 31 16 68 4 13 86 54 58 35 96 43 23 84 22 62 71 93 5 83 39 15 28 53 26 72 64 24 29 51 1 37 90 6 50 74 69 52 48 17 9 45 88 47 41 81 38 65 10 18 25 34 85 40 87 46 73 77 7 32 75 94 98 19 2 82 30 61 63 100 67 97 70 99 14
28 89 59 78 28 4 45 72 97 83 88 90 60 34 84 32 5 16 98 7 12 19 21 100 1 69 50 62 38
4 2 28 50 52
83 89 29 5 82 24 73 3 83 8 59 99 23 75 32 69 53 66 33 21 17 46 91 57 41 25 60 36 30 79 74 6 48 2 43 11 13 39 28 90 20 55 15 12 19 45 96 63 62 47 86 80 44 9 77 98 26 78 31 58 4 88 7 52 1 76 81 14 49 16 85 92 61 65 18 10 35 87 95 34 72 38 94 64
96 94 69 75 30 73 68 20 67 84 89 2 12 70 59 74 72 56 5 17 83 16 100 11 54 51 10 61 29 65 28 93 39 25 13 31 7 49 6 77 98 21 86 46 4 3 40 76 85 42 47 48 19 88 38 9 37 63 41 96 97 24 34 45 18 22 79 87 43 27 52 82 33 15 95 14 92 36 44 80 58 55 1 32 81 53 64 91 71 90 57 66 50 60 23 99 8
29 19 91 38 70 43 90 5 17 27 24 97 50 30 71 58 57 81 51 18 49 74 10 72 54 21 48 14 75 93
19 40 32 19 14 11 44 35 41 96 61 97 70 12 4 45 29 30 6 58
53 86 40 71 84 62 61 52 18 76 60 70 19 11 4 6 42 36 58 39 31 14 16 26 66 74 35 65 81 79 9 44 7 73 21 95 80 48 33 93 53 23 78 67 92 99 83 56 100 25 68 57 32 41
37 4 99 36 29 2 93 83 81 82 46 67 52 18 14 84 45 15 98 20 51 31 70 9 58 100 38 56 89 34 28 33 5 48 50 63 7 13
54 91 19 21 6 50 70 63 72 93 85 66 22 4 98 60 75 45 5 28 71 14 64 97 46 89 51 49 44 94 55 16 87 79 78 27 52 88 54 48 18 7 43 33 9 24 61 15 42 90 53 100 68 47 25
59 64 55 13 80 23 29 35 90 34 59 77 88 3 99 73 1 7 8 14 58 76 6 100 86 5 66 74 9 68 41 17 85 46 49 4 39 20 50 79 11 27 52 15 71 30 72 42 26 95 38 84 53 37 61 78 91 25 81 57
91 43 79 3 90 40 63 61 5 87 100 7 81 38 83 91 12 9 72 82 92 70 14 42 36 4 65 49 67 77 19 10 35 95 25 30 41 74 53 44 68 97 69 80 89 88 71 48 57 96 85 1 20 16 45 24 33 22 23 56 64 66 31 78 94 6 21 27 59 8 29 51 28 98 47 26 84 15 13 11 60 55 52 37 73 50 17 86 93 62 39 46
48 59 54 74 65 99 55 71 86 87 62 13 15 53 92 49 96 76 44 8 22 50 63 30 5 56 69 100 31 2 24 10 20 1 37 36 23 6 79 67 21 84 83 39 18 4 75 81 7
99 51 75 16 24 19 89 38 39 81 14 35 9 93 27 65 66 41 49 46 37 11 64 86 94 13 76 31 43 88 91 84 29 60 25 72 70 28 59 33 2 98 40 47 56 4 15 3 18 32 1 58 12 34 77 22 80 6 57 20 36 8 55 10 23 62 97 73 92 90 63 100 74 99 48 79 96 69 50 87 83 17 5 44 61 67 85 7 53 71 68 54 95 52 42 45 26 82 78 21
96 70 30 52 61 94 100 53 97 86 10 28 67 20 73 15 66 65 84 45 16 25 3 6 72 1 68 57 46 69 81 26 13 44 38 37 64 75 56 82 96 42 54 22 77 83 85 36 23 95 87 90 60 39 63 12 2 76 91 79 58 98 34 4 93 80 48 19 55 88 74 35 5 99 50 21 51 43 71 7 18 33 17 47 32 59 14 29 92 31 24 49 41 78 8 89 11
20 98 31 94 18 45 7 3 14 10 12 5 69 95 87 42 56 93 44 48 54
8 16 67 75 2 81 13 29 32
80 52 43 15 44 87 70 76 98 48 78 97 28 53 29 37 19 24 56 66 6 21 94 54 36 33 100 60 47 59 10 14 49 7 79 40 8 27 75 11 13 64 39 51 67 18 22 12 92 61 65 26 80 38 99 73 20 3 30 2 50 95 89 35 46 96 82 88 16 62 69 55 84 31 93 57 34 90 17 63 45
28 41 31 91 62 25 5 88 16 70 82 4 52 3 48 57 97 20 99 77 46 47 51 19 86 54 96 60 8
67 28 77 79 72 21 95 12 40 53 94 8 18 64 11 13 91 35 22 45 63 17 89 9 99 85 76 65 49 36 84 15 46 3 61 10 56 93 47 70 82 69 29 80 14 75 62 74 34 32 66 52 81 41 67 30 5 48 71 86 6 50 37 23 57 92 51 43
22 93 64 81 79 69 73 42 48 88 87 30 33 90 12 25 75 56 53 43 29 84 98
59 72 45 17 8 86 100 54 22 57 56 51 13 64 40 63 82 35 48 73 26 44 71 4 88 23 30 10 90 65 69 25 41 5 31 96 80 97 61 29 15 81 32 47 55 16 83 76 93 39 75 94 89 37 78 68 74 9 36 34
10 6 79 47 41 97 9 51 33 61 68
97 57 64 83 50 48 25 71 80 52 49 15 40 66 65 90 46 54 17 89 91 94 37 81 77 79 16 4 61 11 6 72 93 100 63 1 62 88 36 60 73 34 31 2 22 26 74 32 24 29 20 7 30 67 45 69 5 75 78 41 43 14 51 33 68 21 3 97 53 47 56 98 35 13 55 70 85 58 76 8 82 18 39 86 42 92 19 27 12 95 84 44 10 9 38 59 87 96
77 38 45 92 40 94 89 8 97 100 66 41 18 2 80 22 82 19 50 70 83 15 24 93 3 63 10 81 91 32 33 35 51 43 39 9 75 76 44 34 11 37 98 31 64 68 77 60 42 20 90 54 36 12 99 62 58 53 61 47 49 84 71 4 65 14 96 7 30 72 87 56 88 73 17 1 46 29
95 44 24 65 53 74 13 100 17 71 85 90 20 16 31 4 91 89 55 23 82 87 72 64 38 21 28 68 43 11 69 15 92 41 57 98 75 18 60 59 96 93 39 79 52 88 54 27 67 40 45 49 63 34 12 19 22 46 84 80 86 70 62 97 5 56 8 2 30 29 7 25 73 32 78 51 33 83 58 48 36 14 3 95 76 94 42 9 66 6 77 81 1 61 26 47
51 85 42 78 21 84 98 69 75 6 67 89 48 57 87 65 70 43 81 95 40 91 62 5 72 71 28 59 61 4 56 50 20 88 19 51 10 27 8 32 73 44 92 77 26 53 93 31 11 17 35 64
63 91 98 22 40 26 54 46 24 43 80 67 48 61 71 12 59 99 86 37 52 58 89 84 64 33 35 53 19 14 69 55 75 95 81 56 62 74 28 16 68 7 34 5 39 15 50 25 10 27 93 36 87 11 79 20 17 6 41 96 78 77 83 3
58 75 44 10 27 51 50 35 90 37 58 7 32 91 94 55 28 12 98 56 49 36 11 65 14 61 63 6 68 70 60 34 74 3 23 81 46 57 9 82 83 13 19 100 97 96 17 8 4 31 66 5 52 16 40 86 38 79 54
91 6 10 52 54 91 45 18 51 40 74 75 85 73 84 3 61 94 7 25 33 39 30 96 42 58 4 26 44 55 67 47 97 36 92 100 32 65 69 37 99 90 27 93 88 62 22 21 72 83 31 70 2 77 66 53 68 95 89 28 56 24 20 46 50 12 87 8 23 41 60 78 64 38 9 71 57 86 5 15 16 35 43 49 80 59 19 11 63 17 98 79
14 90 29 72 75 24 42 26 91 34 17 92 71 73 89
25 4 2 19 97 91 74 29 68 3 61 11 59 8 12 78 7 83 88 43 14 27 18 90 51 41
87 27 29 69 89 92 85 5 31 23 80 10 13 44 75 25 56 24 35 77 32 59 72 93 30 58 62 8 1 82 54 33 76 97 42 20 36 16 17 14 38 6 94 40 50 19 39 100 18 64 95 84 98 67 45 96 90 43 74 46 87 2 47 70 52 7 51 41 22 81 34 65 83 28 37 88 53 60 68 61 57 12 15 79 66 71 4 26
55 12 66 11 96 17 37 29 10 28 76 32 24 4 94 9 1 89 58 70 100 92 87 48 42 47 78 84 49 31 19 61 50 57 95 71 75 33 44 67 45 36 53 99 86 20 62 13 26 80 6 60 91 23 7 43
71 63 56 11 3 98 28 100 64 36 49 39 48 70 79 44 89 9 30 82 21 43 2 40 37 68 62 52 78 57 14 46 61 6 77 87 33 29 95 55 91 45 22 7 99 10 67 53 93 90 4 97 66 92 60 81 27 20 58 13 65 85 31 72 50 19 32 73 5 88 76 59
85 17 97 43 67 60 38 57 22 89 82 16 77 94 39 4 46 56 72 86 10 35 92 47 13 81 31 59 6 90 25 51 61 42 50 53 95 80 83 96 33 99 32 87 28 12 64 19 78 66 27 11 23 36 98 100 2 48 62 15 70 52 63 49 37 85 18 20 21 68 24 41 8 34 54 30 88 40 74 3 9 55 44 65 69 76
81 97 88 51 18 55 26 86 91 77 42 83 76 35 68 69 66 67 81 25 72 74 52 87 4 3 23 90 71 14 19 100 93 2 32 12 44 5 95 79 75 94 41 28 29 63 36 46 1 27 70 58 6 34 22 10 78 98 73 89 59 84 13 62 60 9 49 65 45 37 38 96 48 61 8 99 33 20 16 43 24 39
49 67 74 93 20 28 89 77 49 14 66 75 1 71 6 100 15 12 43 19 62 72 94 57 52 84 85 82 39 58 50 46 3 76 80 8 44 27 22 87 37 70 65 45 47 5 36 53 95 42
97 18 16 90 35 70 20 21 3 51 45 12 59 8 66 100 86 52 72 69 56 41 29 34 89 97 94 57 96 25 85 49 79 81 23 77 14 74 19 30 82 55 11 65 48 53 42 83 47 64 71 76 44 1 62 40 78 95 99 80 26 9 54 98 50 37 36 61 43 28 2 31 93 22 63 67 32 46 38 4 24 6 17 92 15 7 39 60 91 88 73 5 58 13 68 75 87 27
86 14 93 80 39 92 79 46 99 87 70 27 31 76 81 95 66 85 75 55 57 49 38 12 48 15 50 74 37 35 51 90 54 58 2 30 36 65 72 62 59 86 11 23 52 61 63 29 73 98 28 24 17 3 32 82 19 22 84 47 67 45 16 13 4 64 83 9 25 89 71 21 88 100 96 6 43 97 68 18 53 7 44 20 26 41 33
67 80 59 5 89 66 99 10 44 11 4 81 84 63 2 92 85 20 21 94 46 79 77 83 23 15 40 67 73 12 97 27 1 78 47 50 91 65 34 98 41 8 70 60 68 53 43 22 38 52 30 18 26 32 39 61 28 69 96 45 37 35 54 100 36 90 17 9
99 97 93 13 46 90 73 100 1 71 61 59 31 6 2 81 5 60 48 18 98 63 12 21 49 91 69 94 57 77 24 40 27 56 39 22 85 87 51 80 36 64 33 76 72 70 35 3 19 44 78 16 96 28 38 10 37 83 92 66 8 29 26 99 52 62 82 50 75 34 95 67 7 11 84 20 4 53 54 23 74 88 30 89 45 15 32 86 65 47 14 68 58 55 9 42 25 43 79 41
73 42 49 13 9 68 82 28 12 31 78 54 98 43 4 44 39 55 65 34 66 5 67 83 97 18 45 1 20 84 48 33 25 53 15 40 75 81 14 74 51 37 100 88 71 17 58 38 61 92 8 6 69 41 57 59 2 10 87 72 90 60 36 76 89 22 95 19 86 21 63 99 29 62
29 19 45 76 1 88 71 13 94 73 87 42 68 83 40 11 91 34 15 58 54 82 24 3 77 26 66 43 55 17
41 91 70 72 37 11 56 76 69 16 9 57 74 61 33 55 83 51 6 18 41 88 90 96 100 82 8 42 71 1 19 14 89 47 66 77 21 7 86 12 35 30
81 62 68 86 6 22 59 1 39 67 69 74 26 63 24 81 66 17 23 55 98 3 89 52 19 56 95 2 16 5 78 50 38 37 72 49 48 34 92 90 42 31 43 10 18 47 54 91 44 4 61 87 46 53 29 8 20 70 21 100 96 14 11 83 77 75 64 13 57 80 76 9 51 88 94 97 65 33 15 32 60 93
4 13 70 3 51
78 10 60 63 27 8 28 42 81 23 87 38 6 66 76 68 61 52 31 43 11 54 94 83 53 80 89 57 73 74 95 51 4 62 20 19 64 69 21 56 7 25 36 39 5 45 59 85 22 93 92 15 71 96 99 46 13 26 50 35 18 70 86 29 30 44 72 49 40 33 55 32 1 24 37 34 91 41 90
