100 15
73 12 9 36 21 100 32 57 66 76 83 95 56 94 29 30 87 60 63 73 23 16 97 31 62 90 85 7 45 89 20 96 22 52 75 5 93 53 4 88 67 39 19 80 77 17 49 42 13 14 48 98 50 44 38 25 34 10 27 81 69 43 2 8 79 78 18 15 51 54 46 33 92 71
55 54 83 4 77 3 73 82 37 14 26 91 52 15 99 13 45 58 96 69 5 42 62 66 84 16 67 6 28 55 80 63 95 31 27 70 76 48 75 9 49 30 25 11 50 51 61 2 34 41 97 86 10 94 39 79
40 23 95 96 12 49 9 52 43 66 18 32 28 50 88 36 59 19 17 51 14 7 24 57 84 87 65 42 67 94 4 75 26 86 10 35 27 69 55 8 73
3 75 63 46
83 45 23 70 77 65 6 33 18 17 75 66 44 41 51 61 58 24 72 32 22 47 19 96 46 80 73 50 62 14 98 31 27 69 8 39 97 54 30 34 37 25 35 83 2 87 20 95 40 48 90 76 49 9 74 82 63 71 53 42 85 67 57 92 1 11 36 99 21 84 13 55 29 78 93 68 79 16 3 7 28 86 59 94
53 49 53 34 25 84 7 35 60 17 26 78 92 74 67 5 23 6 28 43 95 27 47 45 1 97 3 98 79 19 58 36 64 63 90 72 71 32 88 38 59 2 14 37 93 12 21 69 65 44 8 42 94 68
61 30 17 25 3 39 23 93 14 11 99 58 18 80 63 69 4 54 7 9 12 31 50 55 86 21 8 35 41 91 27 33 32 78 10 45 87 1 43 100 95 84 13 67 40 76 52 56 47 29 62 44 22 82 53 97 71 74 28 75 81 88
43 74 86 97 20 73 6 55 11 54 96 37 4 49 75 34 22 56 88 69 92 91 83 32 70 38 82 63 14 59 80 33 77 25 53 17 50 23 3 24 57 98 60 93
59 69 45 60 48 27 40 16 17 99 47 2 67 30 29 61 92 12 36 31 97 10 84 37 95 64 75 56 41 39 70 93 88 11 3 26 22 94 73 82 66 86 59 24 58 65 9 80 77 71 51 96 52 5 20 50 68 85 4 87
46 4 36 7 47 26 33 44 52 43 34 96 1 72 88 2 97 30 99 78 25 56 41 35 14 87 6 91 71 55 20 11 86 76 37 40 69 79 49 70 60 29 21 94 89 48 80
83 38 48 98 97 12 75 92 83 24 65 55 19 78 73 82 52 14 37 13 86 89 69 79 4 63 44 31 68 40 59 53 85 45 2 29 56 71 88 96 17 62 91 11 7 50 6 47 70 67 77 8 9 81 60 46 72 15 84 27 35 10 87 64 43 20 54 42 100 74 5 36 34 93 57 94 66 49 39 32 1 23 99 16
2 71 76
76 8 26 58 5 36 99 51 82 63 85 55 60 20 72 52 24 30 10 62 32 61 49 18 78 50 7 71 31 95 56 29 22 11 44 47 90 76 17 68 39 75 21 98 69 13 27 100 23 38 28 2 54 80 15 73 34 41 14 65 93 89 92 81 77 35 83 42 88 96 19 74 6 67 70 84 46
66 9 81 15 11 42 21 37 65 29 74 56 31 88 89 44 66 13 28 49 19 90 47 63 51 3 6 43 5 71 30 35 4 8 83 18 72 68 58 39 73 34 38 97 46 62 93 1 91 100 99 26 7 20 25 76 12 85 40 94 86 36 24 84 96 22 80
93 85 19 6 64 46 48 18 21 9 16 1 49 51 71 66 82 41 92 73 29 68 15 90 4 13 27 69 47 42 17 61 87 97 28 11 40 55 32 31 96 34 58 72 83 33 25 67 93 86 10 5 7 79 100 63 88 60 35 95 22 14 12 36 52 39 8 43 23 37 53 3 74 30 70 78 98 89 77 20 54 59 56 24 50 38 2 81 75 99 26 76 65 84
81 17 6 83 74 54 28 32 21 96 5 68 61 8 7 9 57 98 95 12 55 29 79 97 65 33 59 37 99 71 47 100 81 36 49 75 80 76 89 25 15 90 78 18 86 27 45 88 16 66 58 50 13 46 53 35 39 52 62 70 60 42 24 84 64 48 82 22 30 23 56 43 63 51 4 40 14 85 94 19 44 93
65 34 21 31 91 16 76 80 1 93 52 74 71 75 5 11 69 12 87 2 90 64 78 100 57 15 92 35 79 26 86 17 81 4 27 36 60 9 70 65 62 37 53 29 30 20 46 72 51 54 85 33 25 77 63 13 44 14 49 3 83 94 66 67 61 99
87 90 78 75 53 97 93 96 47 16 64 1 19 42 84 10 54 7 86 18 82 58 51 22 43 14 31 70 39 8 57 83 76 65 35 85 30 3 55 98 56 94 36 71 50 52 67 41 26 12 9 2 77 33 80 74 17 88 15 92 5 89 20 6 99 79 32 59 29 27 13 81 73 38 95 48 49 91 37 61 11 68 23 60 63 25 28 100
92 57 65 66 60 49 67 10 53 83 79 75 37 27 17 84 38 2 33 70 85 92 23 100 12 42 63 90 5 55 91 56 43 81 82 44 78 50 68 95 47 45 20 24 26 4 52 13 46 14 21 94 34 54 88 18 96 58 41 30 97 93 71 9 80 72 11 29 19 31 64 40 86 61 74 25 28 1 3 98 35 51 62 77 73 7 87 36 59 8 16 6 99
25 61 15 37 25 70 75 3 30 68 97 41 39 9 89 33 66 52 100 58 95 29 90 98 76 26
85 14 83 9 79 40 86 56 100 48 85 45 27 72 91 16 73 19 97 80 17 2 78 75 34 54 18 5 93 76 28 23 36 21 96 46 47 87 24 88 6 11 22 69 29 15 63 50 81 42 66 35 43 55 82 37 26 25 10 31 1 7 67 95 33 70 61 49 89 77 41 38 90 59 92 60 52 84 4 57 39 64 13 3 58 53
91 7 28 49 66 16 83 23 72 80 26 71 86 1 41 91 31 21 84 95 36 89 63 64 76 3 14 39 5 19 53 61 29 77 100 20 22 51 79 90 67 45 82 11 38 56 12 33 87 27 54 98 96 70 60 85 4 17 6 42 50 46 58 10 34 94 69 92 47 30 93 62 52 44 2 88 32 25 81 75 74 9 48 35 40 99 68 43 37 78 15 8
37 42 94 98 82 83 13 30 59 87 100 7 62 89 41 53 52 60 96 81 6 71 57 97 12 50 21 29 77 22 63 15 38 48 65 67 46 20
49 21 37 65 17 19 50 49 10 57 7 54 78 60 8 70 74 97 61 68 63 9 58 30 72 45 25 73 29 98 18 79 31 64 42 80 33 32 34 20 41 15 11 47 5 2 4 12 1 14
33 13 22 27 65 54 81 25 91 59 75 98 66 64 47 5 83 61 53 31 24 70 69 35 68 6 40 57 60 12 85 36 39 1
18 69 32 83 37 9 48 91 88 10 86 6 30 72 59 60 99 20 46
53 56 35 43 45 29 61 60 30 90 84 1 17 22 34 37 66 3 77 83 27 98 15 26 72 95 62 24 93 19 8 97 78 7 48 23 9 88 71 20 54 63 31 81 94 12 11 44 32 85 25 41 57 18
19 33 28 86 71 99 49 27 64 89 72 18 93 3 36 74 13 65 62 75
88 51 54 83 61 68 11 89 37 12 63 78 90 94 39 79 18 93 29 69 92 7 73 1 59 28 70 65 55 82 86 32 42 33 5 50 44 15 24 71 10 38 49 87 84 64 43 56 27 8 35 74 25 36 14 81 4 88 96 45 57 46 85 76 91 13 98 21 62 3 22 34 60 67 53 80 99 19 41 47 52 17 30 9 72 26 16 66 20
87 41 84 67 39 15 61 82 52 4 26 12 87 54 36 70 63 18 11 80 17 34 71 72 10 37 3 27 24 53 90 94 66 95 6 43 44 81 77 25 79 88 85 47 64 60 97 98 57 32 65 23 13 16 22 99 38 92 5 9 91 78 83 20 93 45 58 59 31 51 30 100 33 75 89 76 1 46 7 69 48 50 55 35 19 86 73 29
82 40 67 6 14 42 55 23 9 22 69 3 11 7 84 96 27 49 61 93 16 50 33 47 26 39 32 45 73 38 77 24 1 46 21 19 81 28 79 15 94 41 72 51 18 56 4 82 100 60 88 10 97 53 80 44 87 57 34 75 71 48 58 86 54 89 68 35 70 98 5 95 20 78 29 74 64 17 43 30 36 37 91
6 67 38 52 95 2 5
1 55
36 28 100 23 74 60 25 48 65 31 47 37 62 67 27 11 24 35 30 91 19 45 5 94 49 8 34 3 38 88 9 80 66 55 54 17 29
14 14 70 89 88 60 76 92 4 35 37 41 20 13 61
17 8 50 93 20 26 6 82 66 47 52 59 92 16 83 45 98 91
52 64 99 100 16 24 63 74 59 84 15 56 42 65 77 39 86 96 22 47 3 72 30 98 78 88 52 11 54 69 6 93 29 7 25 53 66 92 34 18 80 23 9 13 46 20 41 45 44 79 89 61 12
16 100 38 92 54 2 55 29 66 15 63 80 42 45 97 68 18
56 18 7 85 58 6 74 15 80 1 86 32 53 70 43 88 5 34 99 50 60 37 19 90 9 26 65 4 2 78 95 77 3 47 29 41 16 40 28 17 31 82 20 73 23 81 79 93 72 10 21 62 56 100 22 89 27
54 17 80 73 20 31 34 90 66 85 7 88 35 81 45 46 56 49 51 44 15 98 33 58 72 12 87 67 3 16 14 50 30 26 10 61 54 11 25 6 62 91 93 21 39 18 2 75 24 52 23 86 63 65 84
74 31 9 40 25 12 32 57 88 26 48 51 78 62 15 11 95 68 16 85 91 29 83 42 30 45 71 59 70 98 76 55 89 61 97 46 96 66 36 2 63 20 43 50 6 64 34 17 27 60 92 44 58 93 73 53 87 3 80 100 82 23 38 10 67 79 19 18 35 13 1 39 14 94 7
13 67 38 23 37 22 33 3 21 44 96 83 18 87
61 64 90 33 86 76 38 5 35 39 49 8 42 69 61 28 93 30 71 31 15 36 19 22 81 4 72 67 10 77 40 82 95 89 99 80 92 74 75 9 52 88 7 6 98 65 27 13 91 56 37 2 68 70 21 14 18 34 58 100 62 12
47 2 71 40 46 100 58 83 99 26 63 35 81 6 90 13 85 12 52 55 8 60 30 32 25 91 29 67 89 5 47 1 53 95 38 11 36 64 48 97 77 14 23 75 3 44 42 49
9 24 58 18 7 91 65 20 48 47
62 46 22 3 86 77 30 79 15 33 1 72 7 63 94 57 81 9 71 45 48 96 28 93 10 78 65 70 85 4 25 75 44 16 24 14 66 42 43 92 68 50 27 47 82 69 73 20 53 58 74 40 49 31 59 5 56 62 18 95 34 8 51
35 56 90 46 59 19 38 57 40 65 58 81 68 91 42 27 11 64 83 3 76 55 53 80 1 73 26 49 66 97 47 18 61 89 5 67
100 33 58 88 8 90 48 50 66 87 13 23 20 81 10 53 27 83 78 69 79 86 45 62 64 47 100 5 91 24 26 55 73 3 76 51 68 59 75 22 61 92 84 37 40 31 63 95 98 29 4 70 25 1 21 36 16 6 57 39 30 42 94 19 93 44 56 82 60 35 38 2 9 80 43 15 96 41 99 49 46 71 77 7 52 18 54 11 67 89 85 12 28 65 72 14 34 74 97 32 17
30 77 43 4 86 12 21 16 14 28 75 3 52 87 82 51 34 89 9 64 97 53 19 48 13 74 81 33 71 29 20
0
18 48 84 73 29 7 70 46 72 22 37 50 53 61 59 54 99 11 38
32 82 60 94 76 53 72 87 88 25 35 49 100 97 85 26 8 89 54 39 68 17 34 75 37 64 69 27 42 74 43 79 36
44 85 27 30 31 73 76 54 53 19 60 32 63 42 97 68 43 6 50 21 80 34 46 72 89 10 41 62 2 13 93 33 55 96 29 79 67 52 14 18 74 69 58 84 1
56 14 75 73 25 27 62 80 99 64 6 32 97 84 18 45 48 23 34 92 39 10 22 24 96 67 54 57 71 72 15 37 29 61 76 38 16 36 26 13 20 31 4 90 3 60 70 53 91 95 30 85 7 88 9 28 1
7 15 26 53 81 36 61 69
24 80 87 7 26 78 42 66 73 29 97 54 83 30 13 37 40 68 11 57 15 53 44 70 75
81 11 89 43 20 10 41 5 28 31 67 92 53 96 42 12 63 58 33 65 77 49 36 38 45 15 7 56 75 97 6 23 80 62 85 90 60 25 64 78 87 9 82 13 32 46 61 54 19 48 47 74 30 86 52 18 40 57 39 51 4 73 2 93 98 66 26 71 37 24 83 69 84 50 95 3 76 88 8 70 79 100
32 65 68 30 82 41 74 24 29 57 54 27 8 3 50 13 32 84 71 47 35 62 86 100 59 42 14 49 56 43 90 38 21
74 66 58 1 52 43 99 83 39 78 11 32 64 97 80 29 88 55 3 35 96 14 71 62 70 82 45 93 60 57 91 63 51 61 68 86 54 67 27 76 53 92 23 26 100 25 49 72 84 56 12 77 73 13 24 40 36 59 79 42 18 34 16 6 28 4 41 10 74 69 17 19 44 46 85
36 71 18 85 64 1 82 73 90 62 50 78 29 10 99 23 53 2 52 17 63 68 9 21 26 24 87 30 77 41 12 48 96 76 49 91 88
31 53 31 26 76 64 50 39 1 49 25 100 48 56 51 55 34 82 75 20 72 66 8 44 97 21 85 47 29 89 79 45
97 28 24 47 3 2 72 52 81 9 8 18 98 91 74 35 40 82 33 1 73 25 87 6 61 80 32 19 23 46 75 10 53 12 55 14 11 29 41 89 97 64 5 57 90 63 48 65 36 51 44 31 38 95 78 27 77 68 22 96 94 62 43 92 26 83 69 21 56 20 50 76 71 34 99 4 84 13 17 67 15 100 88 70 58 49 42 66 93 16 7 54 37 85 60 39 86 45
49 27 47 20 67 62 5 76 14 95 30 38 48 98 32 83 25 60 91 63 44 11 81 42 53 66 75 35 13 3 96 99 40 6 77 71 15 1 39 16 79 86 59 34 31 4 64 89 93 9
37 96 31 34 58 72 76 7 30 86 67 75 37 63 48 4 60 8 18 43 65 46 5 17 88 74 66 40 6 99 89 45 54 3 90 53 49 68
25 54 71 8 94 9 20 55 18 74 93 41 53 23 50 67 97 95 78 12 33 4 19 89 3 64
30 5 86 92 36 41 9 67 96 49 40 48 78 27 13 46 3 80 18 4 47 98 79 26 82 17 12 45 8 94 37
99 88 19 3 43 67 63 69 31 78 33 92 45 13 51 35 4 16 23 15 54 5 76 74 99 85 32 77 44 62 83 1 26 81 66 49 64 100 2 80 55 56 41 46 93 36 70 17 59 52 58 82 57 47 28 6 21 75 95 38 22 61 73 34 24 40 91 84 7 90 72 11 10 18 25 94 71 8 39 86 12 89 48 29 50 20 37 79 30 96 98 42 60 68 65 14 97 53 9 87
16 6 53 19 41 52 92 34 95 28 81 8 44 13 7 46 27
32 64 37 29 25 89 21 26 78 57 33 27 44 86 77 85 69 3 49 88 42 92 14 75 17 80 76 71 54 40 81 72 90
25 4 71 72 53 2 9 78 20 11 8 7 12 59 97 87 76 34 93 35 26 69 40 61 92 44
63 7 89 91 3 47 50 69 31 53 85 78 12 17 54 48 21 59 49 97 40 2 4 22 46 42 51 100 33 96 32 92 56 43 45 75 76 14 71 84 63 1 36 80 66 87 27 81 95 24 37 60 9 70 99 57 25 18 39 74 35 10 44 11
5 92 46 15 81 32
98 51 98 14 65 45 32 55 88 57 26 11 54 52 10 3 64 86 82 6 74 96 18 38 24 20 63 95 71 7 44 5 73 46 35 72 22 58 25 100 36 42 47 30 50 4 17 69 49 62 93 61 60 83 9 56 92 66 12 13 87 28 19 75 67 97 68 29 40 81 79 33 70 78 89 37 23 27 1 90 94 48 8 43 91 15 21 31 85 34 77 76 41 53 39 16 80 99 59
0
21 51 82 73 97 34 83 54 42 61 65 9 36 98 96 7 25 60 59 62 88 29
14 64 41 96 22 52 77 16 98 32 1 27 45 50 3
77 57 8 98 10 66 28 69 18 23 75 86 14 20 56 60 33 91 11 34 77 47 48 62 22 9 30 31 46 90 55 64 74 4 92 44 95 97 36 49 13 99 43 35 1 26 61 93 3 72 54 71 88 84 40 80 96 53 50 37 16 76 7 42 15 65 81 52 67 27 32 12 41 51 89 79 73 5
99 19 74 17 6 40 71 53 64 9 73 29 10 56 36 58 92 1 97 2 4 94 13 81 38 98 48 63 99 34 7 41 46 78 60 88 90 21 96 18 26 37 69 67 51 24 86 16 54 14 52 57 79 39 84 93 12 47 50 22 23 33 31 87 65 59 49 11 100 32 43 55 91 72 68 42 28 20 76 66 15 83 8 95 82 80 35 44 3 75 85 25 70 27 62 77 89 45 5 30
13 3 44 72 66 59 28 40 32 25 27 49 84 71
2 75 91
99 94 16 23 42 70 81 46 56 14 11 6 100 62 71 20 87 21 51 39 3 1 13 93 29 89 43 4 49 86 36 32 27 83 33 55 15 78 19 30 91 84 76 48 72 63 73 22 85 54 50 69 35 8 98 9 68 95 57 28 92 75 40 2 59 82 31 97 26 47 52 34 58 37 99 64 7 44 67 77 80 61 90 96 66 65 10 41 24 12 60 38 25 79 53 45 17 18 88 5
6 38 91 6 2 65 69
86 12 48 3 47 79 63 13 22 17 1 70 21 44 85 39 16 65 84 46 2 34 38 9 41 64 54 24 92 56 62 99 93 86 96 94 10 51 37 69 52 31 78 27 71 26 23 100 87 8 81 33 30 89 28 14 76 49 25 73 97 80 58 75 42 20 88 59 91 36 90 50 57 5 98 53 7 40 15 77 43 32 61 82 4 19 67
72 76 35 40 19 88 42 8 43 92 9 24 7 41 14 84 54 59 80 36 32 62 60 16 38 63 56 52 86 20 44 10 33 96 5 67 3 75 68 79 83 53 18 47 65 97 28 74 81 78 48 70 100 17 21 1 69 57 46 50 2 89 30 39 25 31 55 34 95 11 61 73 4
100 89 20 71 7 14 55 80 15 92 12 34 83 74 26 25 63 50 59 95 46 73 56 32 41 18 19 87 52 70 11 78 62 77 3 10 69 61 79 36 49 72 37 13 60 96 44 35 75 48 94 53 51 2 4 6 58 100 91 84 16 8 86 64 54 24 42 97 81 88 5 27 29 17 90 99 23 67 68 65 31 21 47 43 22 30 38 66 28 9 93 45 76 33 1 39 98 57 40 85 82
2 13 37
1 79
83 78 94 81 24 54 3 25 74 53 31 46 16 42 14 87 73 70 93 71 89 27 48 40 19 65 44 100 58 29 60 69 47 64 68 59 63 11 41 23 32 45 35 99 84 36 96 6 1 43 7 62 57 90 8 33 37 9 51 92 4 79 22 30 66 18 98 49 28 91 38 97 13 17 55 83 56 77 85 72 67 80 61 76
94 60 80 59 21 89 58 72 63 68 84 34 64 81 67 13 99 38 29 88 57 8 35 40 4 98 73 37 65 83 11 12 56 31 71 94 87 55 26 28 24 85 18 97 48 3 17 10 69 100 16 36 90 49 45 61 74 50 54 77 53 78 14 46 2 82 96 5 43 15 76 1 20 39 6 93 75 33 7 92 44 30 32 86 95 70 42 47 23 22 51 91 62 79 27
14 98 65 32 58 55 39 28 80 31 77 6 48 19 43
29 5 95 54 24 44 21 6 34 58 93 89 98 87 45 56 94 50 39 35 67 20 9 61 52 83 40 37 72 99
25 3 62 29 96 43 87 80 20 69 98 83 74 64 21 86 61 31 48 79 14 52 19 70 85 73
92 88 57 74 64 60 32 18 55 90 95 28 6 50 24 73 35 4 92 29 85 19 10 44 22 17 7 61 71 5 43 70 78 51 40 80 62 52 69 65 47 39 79 67 76 97 99 26 86 75 87 38 48 15 37 30 23 11 82 25 77 53 94 100 91 34 13 46 59 68 2 33 58 12 56 54 41 42 66 31 96 1 14 84 45 9 72 27 63 36 20 98 21
86 59 84 98 89 15 77 74 83 87 79 28 44 97 96 60 13 31 76 80 1 49 72 52 73 56 92 48 38 27 86 21 2 81 20 5 68 99 93 46 47 22 10 29 62 4 50 85 94 61 91 67 18 36 32 54 14 7 17 71 30 82 42 45 57 75 3 26 23 9 34 88 64 16 25 43 19 40 37 33 24 6 12 55 51 95 53
75 19 4 8 7 18 59 58 65 27 53 93 74 95 79 66 56 69 6 85 94 86 21 61 34 54 97 22 31 81 51 40 72 43 28 62 36 37 2 39 55 45 13 35 38 82 89 80 67 88 25 26 70 20 90 76 75 17 83 100 48 52 3 33 42 77 9 12 92 10 68 32 47 73 16 46
31 11 62 1 93 75 98 51 72 37 13 15 18 81 68 26 31 38 35 48 80 43 87 63 34 74 86 28 23 64 66 85
35 89 24 62 81 85 26 87 80 73 95 19 88 69 49 33 14 40 51 74 32 92 100 22 59 17 52 47 64 18 4 29 60 63 31 77
71 35 89 53 85 59 42 60 44 36 61 66 72 57 88 96 52 58 43 32 56 27 81 30 26 91 4 33 64 2 92 40 83 38 73 14 62 45 46 16 70 79 34 31 39 25 99 51 37 77 21 8 87 29 67 1 63 10 18 84 74 48 86 94 13 17 23 11 12 5 100 19
34 32 69 50 8 33 25 93 39 91 86 82 75 87 44 74 54 41 99 59 28 65 79 47 85 80 23 24 37 9 46 73 95 19 21
60 15 45 33 88 38 24 3 68 93 55 42 41 73 58 54 56 37 96 44 46 99 71 80 81 90 84 51 29 86 19 28 22 14 7 26 70 82 87 59 18 74 2 1 52 53 9 13 30 66 65 78 92 62 36 47 67 25 32 85 16
7 39 31 82 92 69 9 98
81 45 91 54 55 71 60 19 32 66 70 62 17 65 93 33 68 4 43 18 20 56 81 79 21 59 64 7 9 82 90 14 96 6 26 36 76 25 73 94 8 63 51 1 46 16 87 5 100 84 11 39 44 41 2 40 50 37 74 38 78 35 88 89 95 13 47 53 77 92 72 98 67 15 23 12 10 61 57 58 83 3
0
56 69 60 34 7 19 21 77 89 87 81 62 9 70 74 20 72 59 54 24 23 96 79 88 4 68 85 100 28 18 47 44 99 26 5 41 48 30 25 64 10 27 55 3 84 61 22 37 11 13 63 2 95 90 76 67 53
49 26 75 40 95 67 64 66 53 79 89 41 93 76 62 20 35 46 74 2 65 4 52 36 14 60 32 73 29 34 92 96 51 47 87 81 8 3 99 57 77 80 86 98 25 56 9 28 55 31
9 71 21 76 30 88 16 96 94 72
85 7 64 27 41 34 84 100 97 60 33 56 13 70 55 48 31 35 87 5 80 9 92 75 32 71 12 57 2 74 69 49 72 29 78 30 58 17 40 52 86 85 53 28 11 94 16 82 76 66 51 77 95 93 36 22 8 50 46 26 98 20 45 89 37 44 81 54 43 4 88 1 38 14 21 67 3 25 59 62 99 18 15 24 63 42
65 7 51 53 30 89 91 42 22 40 23 75 19 92 61 13 38 86 84 9 65 93 43 14 44 16 46 95 56 25 82 60 34 39 47 48 17 66 94 68 3 50 2 62 76 57 4 18 88 27 63 74 98 31 55 36 35 11 6 85 28 58 37 41 20 87
60 50 46 41 31 78 66 5 37 52 45 34 97 75 12 18 91 6 35 54 86 48 9 27 100 63 55 56 20 42 26 59 14 39 73 83 98 49 79 22 65 64 77 89 93 58 44 76 85 87 70 32 61 67 47 68 21 38 43 96 90
95 80 81 66 15 76 38 82 88 69 36 21 100 52 25 61 44 50 23 93 13 30 78 92 68 48 28 27 85 2 89 57 24 6 32 39 1 63 45 58 84 83 71 9 75 40 33 60 86 22 70 20 12 43 90 37 64 4 35 34 17 7 31 5 62 73 56 11 94 8 53 59 72 41 97 98 54 29 3 65 95 14 49 26 55 67 10 47 96 99 18 19 16 46 51 42
98 53 37 86 45 13 50 61 49 12 73 66 25 19 5 41 78 4 22 90 70 23 51 74 44 76 28 18 52 46 100 72 3 31 26 21 83 35 14 57 63 85 81 36 47 16 7 99 27 55 80 95 96 92 48 87 9 58 15 6 17 62 30 39 77 68 75 43 89 8 88 82 94 38 11 71 91 32 79 2 84 59 29 54 93 24 40 65 20 67 69 60 42 1 97 10 56 98 64
50 4 19 2 46 25 10 99 95 62 51 3 61 92 42 21 32 71 82 79 36 55 14 91 87 67 39 5 76 53 72 34 89 84 66 70 7 9 100 85 97 75 33 64 77 60 56 96 31 12 94
82 47 85 89 94 11 26 68 1 10 21 2 9 55 3 37 38 15 23 74 41 87 40 25 77 30 72 43 99 58 49 52 33 79 36 29 59 92 66 69 46 7 24 32 100 67 14 6 8 31 70 76 63 5 95 65 50 22 17 45 39 18 97 86 90 16 60 80 48 73 42 51 75 84 93 44 98 20 13 83 56 71 27
22 56 14 15 82 18 12 17 29 23 68 55 44 22 1 13 87 89 96 49 73 32 78
59 60 85 24 70 77 76 94 50 40 54 83 2 43 79 9 21 52 46 100 23 87 13 49 25 31 67 78 1 12 53 63 58 34 91 59 84 82 61 75 15 36 42 47 22 14 33 90 69 51 37 95 55 62 57 64 28 66 16 44
