100 40
41 16 14 62 84 72 88 64 4 35 70 100 20 58 6 31 61 13 26 8 98 37 75 99 76 41 87 23 49 78 36 45 21 15 32 73 63 34 25 27 44 71
67 70 53 2 27 18 54 46 32 25 19 39 84 50 26 86 43 15 99 20 42 29 63 28 61 49 36 33 62 80 82 100 7 76 38 8 65 96 13 34 23 83 90 60 72 12 97 17 85 67 71 68 21 55 58 78 9 81 93 95 47 75 56 79 66 89 98 41
23 58 86 90 29 9 72 17 73 50 15 59 8 76 23 41 78 88 4 49 93 46 57 67
90 81 75 1 47 29 44 94 3 25 39 32 99 23 42 50 97 53 17 12 13 71 40 43 20 7 88 87 2 48 16 89 59 15 67 51 26 24 95 78 34 98 58 69 76 37 6 5 86 11 56 77 64 79 33 60 70 66 73 4 46 18 92 80 100 36 91 28 14 54 82 61 9 85 30 55 31 93 68 19 72 90 22 49 57 62 84 45 35 10 65
31 98 95 47 25 18 67 55 35 36 90 40 94 44 72 4 10 23 84 85 76 50 93 69 33 52 39 56 81 26 8 96
42 6 31 4 44 15 37 87 73 46 74 49 71 62 9 40 18 94 25 67 21 60 72 88 79 77 12 96 34 100 65 54 28 24 99 85 5 42 78 35 53 36 50
98 91 41 53 78 98 89 85 69 9 35 66 62 37 43 30 31 55 65 68 6 75 81 73 20 42 97 8 71 15 12 26 38 49 4 34 93 72 19 3 18 54 27 82 23 99 84 60 45 28 56 46 21 32 16 50 64 83 58 80 44 5 7 1 14 94 2 40 59 52 92 24 13 47 25 36 22 95 39 17 96 10 61 57 33 63 79 67 76 11 90 88 51 86 29 48 77 70 87
71 48 39 53 34 42 2 4 35 96 65 23 22 30 67 83 92 85 99 47 32 29 56 61 25 93 18 88 31 43 26 14 28 51 81 82 21 91 41 24 16 15 94 44 5 11 100 46 77 38 55 73 7 69 58 70 97 49 17 63 78 60 87 6 50 10 12 68 27 3 52 90
84 66 15 32 90 73 92 46 70 4 17 21 55 93 63 2 48 85 61 89 80 27 20 41 76 29 99 5 71 58 60 49 91 24 28 25 50 100 69 43 31 78 23 53 14 38 45 56 8 36 79 84 64 87 9 57 54 95 19 72 39 26 68 16 51 13 86 77 6 40 47 12 74 44 35 1 52 37 81 65 83 30 33 22 98
7 97 42 9 38 75 61 63
1 99
23 42 35 11 88 94 89 38 62 49 97 6 5 47 7 14 1 23 96 34 44 51 84 99
98 13 94 29 88 16 75 61 34 93 62 48 3 1 24 72 65 87 91 59 32 60 78 11 68 12 63 85 26 25 18 28 46 98 57 38 95 43 77 82 15 14 80 47 71 84 97 45 69 64 30 41 53 73 52 42 21 96 39 66 56 23 27 22 19 55 31 83 40 20 35 4 76 99 67 17 79 50 54 8 90 89 44 74 70 7 6 92 49 36 58 86 81 9 100 33 2 51 5
44 70 63 58 62 52 27 24 51 21 47 98 59 40 45 87 29 61 20 99 68 89 57 36 43 96 75 65 31 79 86 55 10 56 37 71 60 38 82 2 93 74 66 34 54
80 32 33 66 53 44 89 59 87 64 3 18 73 70 13 84 10 82 52 36 14 56 62 85 92 47 69 77 76 11 37 65 21 38 96 28 34 17 43 31 61 12 98 1 30 9 58 50 67 45 48 5 55 49 22 4 8 42 72 90 95 63 57 83 51 15 81 35 75 39 7 2 29 54 23 24 16 26 99 68 100
73 3 10 26 11 39 47 40 50 12 46 70 51 24 29 23 94 93 74 79 38 53 56 28 54 65 37 76 97 61 48 42 99 17 68 4 78 67 62 16 64 30 35 91 44 87 36 88 41 14 75 32 81 8 77 55 86 2 59 89 33 69 18 92 80 27 52 22 31 72 57 5 90 63
22 90 80 39 30 64 88 4 18 41 97 81 69 50 13 11 71 58 72 74 87 43 14
64 82 25 5 22 32 78 61 86 56 51 95 59 8 66 57 18 9 58 31 30 17 68 52 16 87 42 60 97 93 20 75 72 45 54 65 49 3 15 98 35 47 14 94 36 6 100 19 34 23 48 92 99 50 12 39 81 83 63 10 85 55 53 69 64
71 73 38 93 96 91 13 6 68 97 53 27 70 22 31 52 34 10 1 45 20 87 77 5 19 64 32 90 100 55 23 36 12 63 84 89 54 48 99 43 65 9 14 50 72 46 16 17 61 92 29 25 3 15 69 85 21 49 62 94 98 81 51 82 33 57 35 80 76 71 86 59
91 25 14 42 80 84 32 91 62 3 90 54 2 66 82 93 75 8 45 51 22 86 27 17 63 24 65 1 48 46 7 12 100 72 77 38 37 26 64 61 96 13 60 4 39 40 35 55 88 9 10 43 95 50 87 89 69 98 23 31 76 34 71 29 44 74 47 53 70 21 16 94 36 56 79 19 28 85 20 57 49 59 78 92 97 11 99 6 33 5 18 41
84 57 95 21 85 53 88 97 77 24 62 23 40 45 48 78 17 35 3 15 8 37 7 71 4 79 39 89 25 44 32 29 72 68 6 30 67 50 76 5 84 12 82 31 33 34 81 46 93 73 94 86 42 41 16 9 26 61 56 19 63 52 66 13 74 28 10 91 92 51 43 70 27 1 55 22 65 59 64 54 100 58 2 14 69
85 93 84 83 31 94 62 43 82 95 29 41 74 9 30 69 35 36 63 15 11 68 2 23 81 38 67 37 77 19 75 72 86 99 6 42 1 80 20 34 32 33 48 40 54 85 39 50 3 92 26 89 61 73 70 88 49 65 5 52 57 55 28 66 4 24 96 10 78 16 64 46 56 79 14 13 60 17 27 22 98 47 7 18 8 25
3 4 12 53
56 2 4 64 75 45 13 85 72 83 79 88 27 90 42 95 20 33 93 51 70 10 67 56 23 49 87 14 8 73 1 89 98 81 47 32 29 25 78 84 96 17 94 5 82 92 55 100 69 9 18 74 62 37 24 40 38
91 16 11 39 59 21 9 40 79 30 70 56 45 35 36 47 63 18 50 54 20 99 73 22 65 44 97 15 88 55 7 33 98 74 76 60 6 78 42 28 91 95 43 51 27 67 24 25 80 62 93 19 100 32 75 66 4 84 2 31 5 92 69 3 57 82 89 96 68 77 90 8 58 12 53 94 38 72 49 14 71 81 61 46 52 26 64 13 86 83 1 17
73 75 96 37 95 88 78 3 33 74 72 79 81 8 53 54 55 52 65 66 29 5 22 59 84 42 92 25 18 73 70 38 71 49 44 34 63 6 30 68 82 12 27 10 43 35 99 20 9 16 62 28 32 69 45 48 94 60 85 76 86 4 11 83 90 24 40 67 58 47 93 56 50 97
58 55 31 13 8 30 4 9 23 77 32 41 100 97 88 81 1 11 43 19 80 90 79 91 69 58 12 54 67 29 47 18 99 34 20 89 86 49 37 16 61 87 65 22 33 7 45 52 68 53 39 93 50 78 28 44 56 57 17
51 65 57 17 63 87 16 40 26 80 82 1 48 98 84 78 56 47 29 11 95 68 59 54 13 70 46 44 45 93 52 53 22 35 96 9 61 74 86 41 76 42 69 20 91 71 12 83 67 90 7 33
57 4 85 77 54 89 82 59 5 23 95 49 52 35 19 21 79 13 84 10 83 65 22 46 98 15 99 61 92 74 29 68 31 20 9 73 75 18 72 90 78 37 6 7 88 93 100 24 8 43 55 45 60 30 27 69 33 41
76 81 30 97 12 85 2 100 94 38 24 84 88 6 98 18 36 44 19 40 54 83 34 9 26 31 17 52 76 51 71 41 72 25 46 1 62 99 21 90 49 11 27 23 92 80 35 55 7 58 79 63 59 28 73 74 15 53 70 67 57 13 16 87 82 75 60 47 14 48 86 65 33 42 68 32 39
80 64 38 26 10 97 35 85 31 29 33 1 87 37 92 42 49 8 7 23 93 4 24 58 98 13 34 47 48 6 88 14 61 9 65 11 50 40 53 20 70 77 51 21 73 19 52 90 91 75 78 18 69 96 30 72 84 100 55 2 60 66 95 39 59 74 76 56 86 57 89 43 63 80 32 45 71 62 16 12 94
25 99 32 72 25 69 100 37 76 24 2 31 96 75 92 44 57 98 1 68 11 78 89 36 85 17
35 35 48 18 14 100 80 23 88 12 30 38 75 19 17 15 8 50 21 22 74 99 32 49 55 69 97 85 33 40 81 90 72 54 43 42
11 53 18 95 73 2 49 58 7 78 75 87
70 67 7 59 56 91 48 12 90 50 100 46 45 66 25 99 20 95 52 71 30 89 41 83 18 14 38 82 84 70 54 34 27 17 78 80 88 23 43 39 76 9 65 92 69 24 77 74 47 15 72 79 94 16 64 75 73 53 4 85 97 13 10 29 22 31 68 21 5 3 60
58 9 32 62 19 25 99 97 51 87 27 93 82 34 39 1 83 6 18 84 76 58 69 66 24 8 45 85 21 67 80 79 68 96 64 48 15 22 52 60 65 10 12 57 41 7 31 90 92 43 36 37 38 40 70 50 55 2 94
85 81 60 64 98 6 16 38 3 22 55 29 65 69 54 39 24 4 94 62 89 7 44 33 42 82 58 41 85 88 32 8 1 63 27 51 40 30 61 72 5 59 11 56 49 100 50 37 71 93 36 47 86 20 14 19 21 45 67 13 73 80 95 97 96 99 70 74 34 46 87 92 77 26 76 18 57 23 75 31 78 53 48 84 68 83
23 84 24 26 87 56 43 39 75 52 49 66 76 35 9 40 2 69 16 23 88 74 13 50
98 31 52 93 28 77 22 57 25 46 85 90 59 99 95 18 51 98 65 82 33 6 49 62 2 1 14 45 84 71 64 96 23 75 87 70 43 10 24 34 56 81 55 26 36 19 69 4 8 53 97 37 89 66 74 9 94 76 12 73 39 100 41 78 16 40 67 42 61 63 48 86 35 3 27 20 54 60 47 11 15 80 92 17 68 83 38 44 58 88 91 21 72 29 5 30 32 13 7
35 49 32 9 43 39 14 45 69 10 75 51 85 64 61 35 27 30 83 53 46 22 20 6 65 17 55 42 59 88 97 82 92 26 80 29
34 44 31 92 90 80 46 35 56 24 71 7 69 5 66 40 70 72 83 23 33 74 62 76 95 8 16 50 45 64 85 97 22 94 100
50 60 27 29 53 91 87 79 57 2 73 36 74 30 32 68 8 64 72 95 99 42 40 15 52 58 24 35 55 26 12 78 85 7 44 65 93 33 90 11 22 75 67 63 25 61 16 54 20 76 48
75 82 36 46 49 9 58 79 80 78 83 26 74 39 30 87 15 29 41 75 44 56 68 67 72 42 69 32 22 11 52 33 65 51 62 27 2 60 37 19 20 34 89 96 31 23 55 97 92 47 81 25 54 7 93 16 14 59 5 8 85 73 57 84 94 38 70 63 45 13 98 3 99 66 43 1
20 28 29 34 53 44 47 45 60 61 33 64 25 92 48 66 51 2 79 21 10
55 51 68 64 67 97 56 65 50 39 2 19 36 77 96 74 84 21 71 10 41 45 87 59 53 100 94 42 47 28 92 25 5 29 1 17 26 14 37 16 95 62 43 49 81 76 91 85 31 48 11 73 66 79 12 7
37 86 14 75 31 22 85 30 35 38 42 79 82 72 90 51 81 94 91 32 77 9 69 4 53 27 28 89 87 37 1 54 15 74 26 60 68 70
60 60 38 39 97 14 2 70 15 18 80 28 16 99 64 17 32 95 52 98 59 30 45 21 55 3 4 9 57 25 51 65 53 100 6 44 90 86 77 78 75 24 89 23 82 69 27 81 74 71 54 37 61 63 40 92 8 73 87 41 91
8 4 57 69 45 80 43 35 96
50 17 25 47 37 2 82 26 91 55 12 35 94 49 44 80 31 96 76 53 30 84 41 65 56 77 42 4 74 54 93 99 7 85 66 48 39 63 14 100 33 20 18 97 78 89 19 45 34 5 11
32 19 56 46 36 62 67 14 4 3 26 53 55 96 100 54 73 90 33 70 20 18 83 81 13 98 72 80 51 15 45 1 64
46 6 65 69 71 37 26 28 80 54 49 99 84 67 36 77 87 1 61 34 31 81 64 90 63 43 85 29 86 35 76 9 83 11 74 75 17 5 93 92 96 97 39 13 3 21 68
75 18 100 3 53 65 8 34 55 85 21 83 61 69 41 52 13 46 92 37 33 95 71 91 16 50 81 66 2 35 43 72 68 96 59 56 19 9 54 78 25 15 4 82 36 79 24 67 63 26 86 87 64 62 74 80 90 22 11 49 98 93 77 99 58 38 51 70 10 47 7 97 29 12 31 20
51 22 52 11 40 49 79 68 29 16 44 27 10 64 41 36 73 71 1 88 8 80 87 76 35 62 24 12 74 90 7 51 55 47 69 67 21 61 48 96 46 56 65 37 59 31 70 72 13 32 38 98
96 62 17 42 3 28 65 36 4 13 57 50 92 99 73 75 66 87 12 48 51 97 86 64 77 37 32 54 41 25 94 83 80 58 40 45 52 68 38 71 46 35 6 61 15 74 72 59 56 11 7 49 43 47 34 98 20 90 26 23 10 79 39 89 21 18 29 19 31 55 44 53 78 9 91 14 70 67 100 81 84 24 30 69 76 2 85 60 5 16 95 96 88 33 27 1 82
60 7 19 51 73 47 42 33 1 75 76 21 55 68 3 93 57 65 88 26 22 92 77 70 98 95 40 43 16 13 52 54 2 99 67 50 5 39 28 9 45 15 81 71 86 80 30 72 25 14 53 10 96 59 64 17 4 23 97 29 61
62 80 34 78 39 84 52 59 7 69 76 73 33 22 41 32 30 49 16 92 25 3 45 50 89 27 14 98 94 48 13 24 96 71 54 62 40 21 61 20 65 83 9 29 44 64 53 51 95 36 93 6 85 81 12 90 86 77 97 100 31 11 58
84 36 19 41 4 88 48 34 39 5 56 74 31 96 17 93 66 44 81 43 65 79 95 29 42 14 72 71 22 13 94 75 49 70 35 64 82 12 55 20 100 24 28 18 46 9 83 32 61 84 2 89 67 78 99 62 45 6 21 47 77 85 40 27 90 54 7 3 16 52 25 38 80 73 60 59 98 11 15 68 97 8 53 63 91
52 85 86 58 34 20 71 80 56 26 63 44 43 96 39 21 31 95 70 10 49 5 61 78 100 42 87 98 29 91 94 6 33 30 90 50 77 2 38 8 19 12 7 40 74 1 76 24 15 35 53 4 47
25 58 35 90 96 18 97 38 7 6 29 13 99 3 48 62 89 86 65 98 16 31 60 63 74 28
22 62 83 89 76 43 57 54 90 12 66 100 19 67 32 35 95 26 79 36 1 25 72
68 61 6 43 70 51 44 32 77 8 52 90 30 74 76 60 2 12 66 29 49 19 79 68 16 40 42 9 73 92 64 27 22 5 7 39 14 75 91 85 80 57 82 56 62 59 47 48 31 50 55 54 33 81 10 46 88 1 71 45 36 63 26 25 3 35 13 99 67
80 8 41 85 94 57 88 9 56 19 83 43 35 68 30 69 90 67 100 71 80 87 7 13 98 26 4 73 34 92 58 91 70 78 27 64 1 14 86 89 29 21 74 24 28 38 11 72 84 20 12 82 77 39 36 66 54 16 53 18 47 23 22 65 52 79 2 63 50 49 59 81 10 17 93 60 99 6 61 33 5
51 49 45 62 93 11 44 29 33 31 15 99 38 21 26 71 83 2 100 52 79 57 19 22 69 74 80 7 88 60 53 43 59 32 13 3 24 97 1 76 35 66 8 27 77 85 54 64 16 70 46 89
21 1 29 52 6 51 83 76 64 19 54 81 36 57 38 49 23 33 67 77 50 46
27 81 78 20 60 19 87 98 4 2 84 43 51 90 17 3 67 70 37 91 46 86 12 49 15 35 95 52
94 29 1 52 13 95 86 73 82 34 48 64 96 78 8 54 3 42 43 56 92 83 87 35 58 32 33 68 99 69 15 28 74 57 67 37 26 91 66 11 77 60 30 94 40 59 47 19 76 14 5 45 80 23 12 41 16 9 39 81 21 44 38 36 72 62 10 79 2 88 100 89 49 24 75 51 50 71 4 98 65 85 70 25 53 18 61 55 17 6 27 63 97 46 93
7 18 1 54 75 100 99 20
96 95 82 56 78 23 5 97 22 76 91 37 57 45 50 33 88 83 42 26 1 13 67 24 8 16 34 19 44 100 14 48 53 52 30 6 96 31 21 85 46 73 66 40 92 7 87 51 59 3 81 74 61 98 65 80 99 43 63 15 17 62 86 49 12 68 64 2 38 4 28 93 47 72 54 10 29 79 11 9 20 55 77 75 69 60 84 94 25 70 35 39 71 90 58 36 41
38 84 61 35 21 66 80 45 29 59 47 19 13 2 9 55 26 73 7 91 6 53 20 41 40 71 54 16 38 23 49 58 76 34 12 99 85 89 50
5 36 80 54 2 82
14 12 16 67 85 24 95 65 73 64 50 74 49 96 6
43 65 20 7 77 35 10 48 70 15 39 22 24 36 16 73 41 13 8 61 83 86 53 5 27 76 30 90 66 34 75 96 98 19 78 1 45 50 31 12 69 37 56 2
30 40 32 67 46 73 69 49 33 37 54 1 19 50 24 35 2 95 3 30 75 64 58 42 85 72 41 48 10 63 16
45 57 28 19 1 60 10 76 80 40 69 53 12 43 73 18 94 9 39 65 88 5 62 93 98 24 71 21 31 74 96 51 79 20 6 16 77 61 66 13 97 52 89 44 35 87
85 55 82 80 37 28 71 86 99 1 100 58 72 64 51 65 11 16 61 12 88 67 20 32 90 66 52 35 48 59 3 22 23 85 47 98 42 46 34 26 36 4 41 13 2 78 7 44 76 57 15 40 74 18 81 62 97 87 5 75 70 10 21 31 27 93 73 94 69 25 24 8 54 39 63 6 9 56 38 84 43 83 91 68 14 79
30 44 62 80 58 55 6 71 74 39 29 48 79 24 32 30 1 65 99 25 35 28 76 33 69 90 4 20 59 67 81
40 81 89 48 84 15 94 60 47 72 99 69 97 74 91 59 50 9 96 23 22 92 19 56 62 24 87 42 83 20 14 17 73 57 8 10 65 70 66 37 2
41 1 4 37 9 82 48 32 14 27 89 30 49 47 7 61 57 62 74 70 13 95 11 69 22 28 33 72 41 91 90 79 99 38 71 58 60 2 40 19 75 25
50 11 37 58 63 60 20 32 7 17 34 55 66 70 83 39 97 22 27 91 31 26 96 41 49 81 67 93 29 87 59 72 62 23 5 74 56 71 84 30 19 80 4 12 51 21 14 8 85 35 68
18 85 5 3 38 67 30 81 28 20 65 22 13 97 70 69 32 21 39
17 58 29 41 69 80 48 13 4 57 72 83 7 86 25 87 22 20
42 3 97 67 16 89 26 10 13 63 69 23 17 12 75 98 72 62 73 6 1 78 29 83 53 58 21 20 65 51 80 42 2 22 60 46 7 45 68 85 9 48 81
86 85 27 54 39 98 30 14 4 63 75 35 17 37 11 47 41 18 48 77 84 3 92 16 78 1 42 97 94 76 12 81 25 100 58 9 43 29 6 44 60 71 40 51 59 88 23 34 49 95 45 26 2 57 10 65 21 66 83 53 68 13 7 82 89 62 36 55 96 28 50 93 70 32 38 72 90 69 91 24 8 31 46 22 33 61 87
46 20 69 4 17 92 60 36 87 84 27 59 61 41 35 13 72 11 71 47 44 53 39 24 49 1 51 90 75 64 14 81 54 83 88 28 76 19 99 74 40 94 45 15 70 79 89
68 8 4 10 66 98 94 16 38 45 51 80 40 44 76 57 14 26 5 87 96 2 74 23 28 61 67 22 36 46 63 69 85 89 72 100 9 21 20 56 99 33 88 90 55 42 31 18 93 75 30 65 70 52 97 81 39 41 92 3 12 19 6 91 27 25 29 83 59
93 97 56 73 61 83 55 9 31 18 75 39 46 53 13 44 72 47 57 90 87 86 66 21 94 82 63 5 48 71 6 17 62 37 50 58 15 52 38 81 16 33 32 42 41 88 35 20 28 98 77 2 60 7 99 54 27 95 45 4 29 43 70 65 59 91 89 92 24 25 64 23 68 12 36 14 76 49 19 85 11 3 67 40 51 79 74 69 80 84 26 93 34 96
83 47 27 69 18 82 21 72 64 41 6 88 76 59 96 14 3 17 30 22 39 56 13 83 98 19 32 31 73 12 29 93 20 36 48 67 74 37 58 90 79 94 49 57 52 45 51 77 60 70 34 15 9 16 42 84 11 68 26 7 66 28 80 99 87 65 4 35 5 44 81 24 85 61 50 8 89 10 97 43 23 33 100 95
17 62 86 54 41 24 79 61 48 52 66 81 89 90 78 37 84 21
29 29 78 79 73 5 49 22 74 18 58 100 40 38 14 6 42 2 9 10 69 63 31 67 98 37 1 27 70 55
54 21 85 79 28 89 83 71 94 72 32 75 88 22 37 29 84 90 51 50 52 80 62 82 65 91 33 95 59 60 6 34 78 19 5 27 47 2 69 36 40 53 9 70 61 48 17 38 77 66 15 1 81 49 26
63 95 3 9 44 64 26 19 51 75 67 77 57 23 66 45 15 98 76 12 40 7 97 30 93 83 8 68 34 46 27 74 11 73 89 39 22 47 54 37 21 94 65 92 32 63 81 20 5 96 91 82 25 88 50 6 10 4 18 62 33 79 24 38
100 69 52 66 89 87 79 59 7 16 73 5 82 30 51 50 14 54 65 83 91 63 31 46 78 97 72 100 23 85 6 33 42 40 48 13 4 24 22 68 53 56 94 1 43 20 25 2 60 74 99 32 62 39 86 77 71 37 95 28 18 76 44 35 75 9 17 90 3 27 96 29 26 98 12 41 45 55 70 93 88 61 11 38 49 10 36 81 47 57 8 80 19 15 64 58 21 67 34 92 84
17 82 76 68 97 75 65 4 88 61 90 94 92 28 29 64 35 52
93 45 31 83 13 60 77 38 86 32 15 8 2 20 63 93 59 29 96 28 35 36 25 62 4 78 58 84 92 12 14 50 23 30 99 66 21 55 74 75 61 64 24 37 94 19 48 46 69 67 41 3 89 80 11 90 34 88 40 52 17 49 26 33 56 18 97 71 98 57 44 1 47 68 95 9 91 81 42 43 54 100 72 70 73 76 85 6 22 65 5 16 53 27
62 55 28 70 25 46 32 57 8 1 71 90 6 72 11 96 26 75 92 27 91 35 94 3 83 33 98 87 44 68 66 38 89 45 56 39 81 21 40 65 84 47 7 20 60 37 24 34 54 19 86 58 67 76 62 41 10 63 59 88 13 64 69
13 88 29 19 37 12 93 36 56 98 23 43 40 78
90 94 64 55 8 53 5 22 99 56 57 32 77 26 9 11 51 75 19 100 29 10 98 39 96 31 43 30 17 88 92 58 54 84 42 3 70 78 79 81 86 74 7 48 40 1 25 14 27 65 36 68 72 73 76 60 23 59 93 4 20 50 41 34 47 2 49 15 28 82 89 95 97 62 85 38 66 52 61 24 6 16 37 90 35 67 87 69 21 12 91
79 14 92 54 41 36 5 51 82 18 7 76 33 10 50 42 57 79 2 53 29 38 60 56 44 96 77 88 68 3 83 13 74 75 81 59 37 84 64 70 67 4 21 17 65 11 89 78 94 16 58 25 35 9 97 69 22 95 93 73 52 99 80 39 61 63 90 12 55 100 6 15 23 20 45 71 47 85 26 91
55 97 82 22 12 10 31 44 49 84 5 30 78 32 39 79 62 47 35 23 3 67 7 36 80 57 24 81 94 58 77 71 45 83 87 46 95 25 76 16 15 56 91 55 11 20 9 98 63 27 48 14 26 34 70 2
37 95 9 6 42 14 75 90 88 70 50 39 16 79 83 3 47 34 26 73 87 89 44 31 48 4 80 28 71 19 15 91 63 17 62 45 97 2
68 19 68 62 77 24 33 25 15 53 4 65 89 58 83 50 43 79 70 12 30 54 67 88 92 71 1 8 61 59 99 84 78 49 29 36 42 94 95 16 87 28 55 66 44 22 32 85 51 35 13 93 34 41 73 69 10 52 76 26 40 37 20 6 86 18 46 91 3
89 59 43 5 83 44 23 10 58 79 47 29 12 6 61 68 13 35 69 60 91 97 30 66 76 41 93 56 34 21 26 62 74 1 28 38 17 9 46 98 95 20 57 96 15 89 75 32 31 64 22 55 2 50 67 37 88 82 90 53 65 42 33 87 4 40 18 100 63 49 77 85 8 7 3 51 11 78 72 92 71 48 94 70 73 80 81 14 39 54
91 53 55 29 43 19 77 91 100 66 51 7 78 18 92 37 48 72 80 81 97 25 33 2 17 16 42 90 54 60 69 8 1 96 56 57 46 5 87 85 9 49 21 93 98 59 44 27 68 65 71 82 89 28 13 26 63 39 15 67 95 64 12 86 76 61 40 14 10 99 73 23 30 22 84 45 83 58 32 20 36 75 88 24 3 31 47 94 79 6 11 4
7 60 10 77 27 68 42 26
67 93 36 98 49 38 56 79 11 3 27 40 92 2 35 68 23 65 84 59 61 31 21 43 8 75 57 37 86 99 87 30 55 20 77 66 64 22 97 32 33 28 12 72 46 60 80 9 48 89 42 26 18 29 1 67 19 10 76 13 52 94 83 62 50 85 70 24
66 1 73 99 60 71 55 75 9 42 61 6 38 46 36 84 64 100 51 27 53 78 24 82 68 58 10 19 21 41 13 22 92 87 76 12 48 72 80 4 89 79 83 47 86 28 50 69 31 67 49 17 70 39 98 65 40 11 43 8 85 18 66 25 56 23 34
43 12 74 89 52 81 21 57 25 49 62 44 42 71 50 92 96 29 69 90 2 84 45 93 31 73 76 15 53 34 85 80 98 41 26 59 97 18 35 68 83 27 17 48
78 78 19 30 75 94 80 25 37 63 100 8 60 52 93 86 62 36 28 12 7 54 46 45 9 64 20 21 55 57 96 17 74 35 2 13 10 44 70 91 58 53 65 85 47 33 83 3 95 40 32 18 51 88 81 38 87 82 41 71 43 92 67 6 73 49 77 56 99 29 16 4 84 15 26 39 89 97 76
56 12 91 32 30 78 9 62 86 42 46 15 58 99 47 31 24 39 34 44 35 94 37 73 25 43 49 33 69 16 48 19 87 92 81 56 14 1 54 66 28 72 71 84 7 17 83 61 88 67 75 82 60 2 10 27 3
39 45 51 78 33 61 16 21 92 48 98 72 19 43 85 52 15 66 79 9 89 87 2 77 1 59 47 17 54 3 23 20 70 30 35 96 62 67 99 84
27 85 25 16 95 62 47 35 54 17 42 67 41 8 30 99 89 9 34 51 19 24 100 87 10 5 74 44
31 62 27 81 50 15 66 88 13 45 39 18 28 25 90 36 10 80 48 64 19 60 30 72 57 20 79 17 68 40 49 63
60 61 22 56 76 63 25 65 57 33 81 29 69 24 38 13 70 87 39 17 15 50 64 3 10 5 9 88 20 79 92 12 96 19 46 93 54 6 51 60 41 83 80 26 100 43 85 71 78 67 18 98 27 95 89 94 30 42 52 8 59
23 1 55 65 37 35 28 19 86 20 44 3 90 87 61 2 40 23 38 66 78 24 71 49
18 48 99 6 5 18 58 15 69 87 54 40 37 91 41 77 11 65 21
49 41 30 85 68 77 66 99 14 97 33 15 49 61 94 90 26 38 58 7 35 25 59 45 67 27 72 47 16 6 54 10 36 80 55 65 12 18 84 51 74 37 92 98 39 70 100 19 60 78
97 68 60 13 91 58 30 18 49 96 40 89 39 46 3 14 85 24 100 11 63 33 16 62 10 55 22 51 37 88 23 99 42 93 19 7 38 95 72 41 1 64 74 79 94 84 25 52 44 59 70 75 56 5 45 81 12 21 73 27 35 92 83 78 6 31 32 61 66 67 54 47 77 71 57 48 26 80 97 15 4 98 8 50 53 34 29 90 76 65 28 20 36 69 9 82 86 87
45 84 53 36 13 55 6 69 73 86 77 16 80 12 54 65 47 63 19 90 23 26 32 18 88 2 46 68 35 56 37 28 67 83 9 22 85 95 75 50 4 41 71 3 45 58
3 22 6 64
4 98 20 32 38
69 76 99 84 59 86 72 98 62 30 40 55 21 97 90 67 57 83 88 56 60 33 92 48 54 36 7 49 79 17 78 75 8 10 12 85 87 68 81 50 14 13 19 6 31 5 4 2 3 15 61 96 69 29 66 18 91 74 32 35 26 89 73 94 41 1 43 63 82 100
3 63 52 82
12 25 16 28 98 95 63 37 23 17 96 34 36
5 52 28 13 85 47
86 66 74 33 27 6 82 80 4 85 28 23 40 75 95 11 17 50 57 29 67 58 94 42 69 25 37 83 97 84 41 60 92 38 72 76 9 54 53 21 77 100 91 52 15 1 73 93 48 71 18 43 32 96 16 34 65 39 20 88 3 2 7 81 22 59 5 56 63 55 49 51 79 19 46 44 13 62 89 26 8 87 24 12 98 68 47
11 8 37 64 41 22 26 96 49 67 23 81
0
78 34 47 68 40 71 80 98 63 81 1 6 44 76 26 54 53 70 94 28 46 25 57 85 65 14 42 32 17 18 51 92 11 88 96 66 37 39 31 64 67 45 52 5 4 36 49 83 72 86 60 19 41 87 69 7 62 22 38 61 58 84 93 100 97 90 91 82 29 56 73 2 78 15 16 3 9 24 48
100 50 41 46 7 5 43 35 60 23 11 58 64 89 31 82 49 61 42 19 84 59 26 15 96 24 85 37 29 51 39 1 36 47 92 4 75 10 53 70 73 33 48 93 6 67 8 55 32 94 56 17 95 54 98 12 2 28 3 34 86 77 88 40 27 13 14 91 63 20 22 74 25 44 97 90 52 62 81 83 21 68 18 65 72 45 9 100 57 87 66 30 76 79 38 16 99 80 78 69 71
10 75 66 70 34 95 98 4 93 31 55
2 37 88
71 45 43 77 52 98 81 60 91 72 69 95 30 26 96 48 50 36 17 65 89 19 79 27 99 5 83 12 3 84 57 93 58 49 75 7 80 44 62 74 14 9 64 73 34 86 23 70 92 54 85 68 59 28 16 67 31 32 38 6 1 35 88 97 10 41 24 94 22 51 63 40
1 84
32 39 36 65 4 18 75 56 49 6 23 37 91 10 20 22 52 86 43 99 58 95 30 61 35 98 26 29 73 42 45 34 7
81 45 98 97 58 94 68 35 48 31 6 47 81 57 64 78 24 2 42 41 40 11 19 60 32 96 80 65 23 7 21 14 89 87 84 8 100 46 99 72 79 22 29 27 92 95 55 50 52 30 28 5 4 49 37 1 15 43 73 77 56 86 12 91 70 90 36 61 18 69 54 33 34 66 26 59 75 16 13 88 39 51
47 95 64 97 22 25 58 89 42 61 70 78 15 27 53 17 94 33 59 54 52 16 82 1 84 99 43 12 9 28 44 88 2 32 19 63 30 69 83 14 10 91 85 46 72 47 3 24
92 19 75 88 28 50 73 17 83 11 57 92 61 31 18 86 20 7 98 58 97 81 85 39 36 34 15 56 4 23 62 79 38 89 27 40 63 93 44 30 32 52 25 74 8 49 72 59 5 45 42 70 55 96 78 37 41 91 26 51 29 2 47 53 90 60 64 13 95 82 87 69 22 6 100 80 48 94 71 3 35 24 66 54 65 46 67 84 99 16 68 9 10
42 2 28 60 36 6 29 87 31 54 35 42 10 40 1 62 15 56 78 51 21 43 67 69 32 20 72 97 89 47 99 91 3 44 88 26 98 63 4 5 59 58 37
58 79 99 3 31 72 43 76 78 70 67 19 86 50 14 17 36 57 92 47 71 83 42 18 90 97 89 16 91 93 10 94 23 88 87 69 22 8 96 6 95 25 40 64 46 28 39 11 1 7 26 30 62 59 37 54 9 56 4
89 78 63 84 3 37 71 19 56 32 59 60 83 7 98 14 16 8 73 6 72 48 68 21 33 41 64 20 52 26 82 2 89 61 100 97 44 67 95 53 99 11 36 57 30 28 58 75 42 88 96 45 17 90 12 47 69 1 5 81 31 85 76 40 35 77 24 23 46 13 70 94 62 55 80 39 43 91 74 86 9 22 18 49 15 10 50 93 65 34
