100 25
20 88 89 100 91 94 82 86 92 85 93 99 90 83 98 96 81 87 97 84 95
80 43 11 13 58 63 59 64 77 68 42 9 79 41 28 19 62 40 33 5 34 2 31 37 57 30 67 38 44 17 66 18 61 47 32 24 6 55 15 70 23 22 72 35 74 25 49 36 29 12 65 27 56 80 3 14 1 39 8 75 10 53 73 69 16 78 4 71 21 54 51 76 50 7 26 48 20 60 45 46 52
80 2 39 15 24 56 14 25 6 9 40 58 69 34 11 10 7 43 36 45 64 55 76 37 74 30 67 18 44 19 75 49 53 5 22 23 61 73 38 57 54 27 52 13 4 17 21 12 3 77 63 46 78 71 60 29 35 26 68 47 1 50 70 33 65 51 32 72 42 31 41 48 79 80 66 20 59 62 28 16 8
20 97 90 82 99 91 84 95 93 83 89 88 86 92 85 94 81 96 100 98 87
80 15 47 78 37 49 36 68 55 75 44 19 51 4 7 33 35 23 70 26 72 41 31 74 16 20 14 13 32 34 10 69 50 6 66 8 80 45 43 76 38 79 27 1 58 5 52 39 40 25 56 60 63 67 2 65 62 46 59 9 29 11 54 77 57 18 61 71 64 22 28 24 21 42 12 53 73 17 30 48 3
80 50 6 47 58 37 72 66 51 11 74 56 44 55 10 9 14 76 12 61 46 79 40 43 38 13 2 28 26 33 36 18 19 7 71 48 29 39 5 77 80 60 70 45 25 23 53 21 68 42 35 57 69 8 67 27 73 17 3 32 20 24 49 65 15 22 1 30 16 64 62 54 75 41 4 63 78 59 52 31 34
80 70 42 30 61 55 24 27 21 3 20 12 69 19 79 15 37 71 80 31 32 56 64 5 60 77 58 18 13 41 62 48 29 67 2 68 45 33 17 8 35 36 63 25 74 9 73 46 59 1 10 44 40 11 65 34 57 53 47 39 28 49 23 52 66 26 14 51 72 50 6 22 38 78 4 75 43 76 16 7 54
80 37 36 40 32 62 39 9 27 48 14 74 38 26 21 31 5 43 18 75 65 60 80 67 4 56 22 13 20 58 7 71 68 46 1 35 63 77 12 30 34 25 17 19 54 44 10 24 11 55 69 53 47 52 59 72 3 64 6 50 73 66 41 70 16 29 42 49 57 61 2 78 51 23 79 45 8 15 76 33 28
80 34 33 60 68 69 1 26 56 52 71 65 77 8 20 49 43 50 6 53 80 57 67 23 58 55 32 40 14 66 31 75 7 11 42 3 24 5 38 21 17 22 48 2 62 78 25 18 35 61 29 30 72 45 54 12 79 41 36 47 46 44 27 10 13 74 64 39 28 4 63 76 16 19 37 73 70 15 59 9 51
80 61 67 77 7 40 33 74 14 48 19 59 5 64 27 39 8 17 24 76 80 22 3 34 69 60 57 1 78 2 65 42 4 68 52 23 49 16 53 12 6 20 36 15 21 62 70 31 45 47 11 66 79 44 55 54 25 26 73 72 51 41 32 30 58 13 28 10 9 56 37 35 29 63 38 50 71 18 75 46 43
80 69 48 13 60 75 22 68 77 35 70 59 55 49 30 2 64 15 20 62 4 51 78 53 73 47 41 8 40 18 66 27 52 36 23 46 67 17 54 80 1 38 79 24 57 76 39 56 7 19 26 5 10 14 21 72 34 29 11 16 65 74 43 31 44 50 37 71 32 61 58 42 63 28 25 45 6 3 33 9 12
80 18 3 61 50 4 70 6 19 74 38 21 20 69 23 68 39 80 24 79 44 2 13 32 65 52 27 28 16 10 5 9 17 55 37 8 7 25 67 30 45 36 76 40 49 11 56 62 75 35 53 15 60 78 31 34 73 26 12 66 48 71 77 22 58 29 41 47 42 63 57 54 14 64 59 46 1 33 72 43 51
80 15 41 77 54 37 29 36 49 47 24 8 63 44 68 6 71 31 9 80 76 53 39 50 74 61 30 38 18 69 57 78 48 58 25 27 65 1 17 21 67 64 79 13 12 14 2 11 51 34 3 66 32 19 43 7 28 40 20 56 42 33 46 16 70 72 55 75 60 59 22 26 35 62 52 23 45 10 5 73 4
80 40 67 47 62 50 14 12 48 22 16 60 31 5 61 36 11 80 13 51 25 6 66 77 79 34 7 1 23 37 10 49 69 52 55 78 59 18 15 29 71 68 26 30 21 44 43 20 2 57 56 3 72 45 75 39 64 28 35 32 54 73 53 27 17 4 19 8 9 38 63 58 65 42 41 74 46 76 24 70 33
80 39 2 40 11 3 67 72 45 48 34 27 79 49 77 1 47 33 61 5 18 16 63 46 32 80 44 70 35 42 53 76 7 22 20 6 37 17 74 59 19 75 13 29 30 50 28 31 8 43 41 58 25 14 57 71 4 73 54 55 23 64 24 65 36 12 68 9 26 10 78 56 51 69 52 38 21 62 15 66 60
80 68 67 5 39 6 61 62 36 10 41 54 55 30 58 33 25 65 42 14 45 80 22 63 74 26 69 38 17 24 3 27 51 50 59 29 4 23 20 40 12 18 60 78 71 43 49 1 8 11 16 19 15 46 7 64 76 75 57 31 47 32 66 44 72 28 77 2 52 70 9 35 21 73 37 48 53 79 13 56 34
20 81 94 93 96 87 90 99 83 89 95 88 92 91 85 100 86 84 82 97 98
80 51 48 80 15 45 35 65 2 10 64 23 43 22 49 73 52 68 50 72 14 32 38 31 75 1 13 39 40 28 66 78 9 60 18 74 55 41 4 63 25 21 46 69 17 6 29 3 61 8 47 26 11 67 16 58 56 59 53 19 70 42 77 54 62 79 20 36 57 12 37 5 44 71 33 24 27 7 34 76 30
80 10 45 14 65 32 8 78 76 16 17 66 31 25 67 37 62 72 3 46 73 41 54 18 2 42 20 57 47 53 30 21 68 74 33 5 34 61 4 28 38 52 24 35 6 55 64 43 7 40 75 26 56 80 19 1 22 27 50 51 39 44 79 9 48 36 77 63 58 12 15 13 70 49 29 23 69 71 60 11 59
80 10 67 50 66 79 72 26 19 48 56 18 21 34 70 43 17 40 28 65 57 77 23 39 52 41 29 5 47 9 73 20 55 27 32 8 31 71 11 62 64 58 14 60 49 1 35 42 36 51 75 37 16 69 38 24 3 33 25 6 22 12 74 80 46 45 54 59 61 7 2 13 4 15 44 68 78 53 63 76 30
80 13 1 31 52 19 20 79 42 50 14 23 30 62 40 63 80 2 77 38 6 36 67 18 55 9 26 17 5 34 21 65 60 16 29 73 69 27 4 66 28 48 68 22 56 47 72 39 46 53 75 74 70 25 71 12 78 15 7 64 32 41 51 61 58 54 43 49 33 11 24 10 3 35 45 76 57 37 8 44 59
80 43 17 6 47 40 35 45 26 77 16 42 13 2 70 41 73 64 51 49 62 21 71 25 10 55 30 24 7 4 60 57 67 46 72 29 23 31 69 20 52 56 14 61 78 9 74 65 3 39 54 44 12 15 18 80 75 5 36 8 22 38 28 33 19 48 53 63 76 68 59 11 58 34 37 1 32 66 79 50 27
20 84 95 99 94 97 93 100 89 83 88 82 90 85 96 98 92 87 86 81 91
80 50 67 30 55 56 61 28 43 2 19 20 78 74 35 13 10 64 75 27 51 57 79 62 58 65 68 48 23 32 47 18 1 52 76 34 45 17 7 5 11 49 29 24 31 41 15 33 59 22 16 46 26 72 14 63 70 60 37 73 42 53 77 44 3 25 36 54 66 39 4 69 21 38 40 80 9 8 12 71 6
20 91 97 85 90 96 92 88 82 84 95 81 94 98 87 93 100 86 99 83 89
80 37 64 2 70 8 67 14 36 79 10 28 41 38 11 77 19 65 30 69 22 25 54 61 51 50 45 26 57 75 71 13 46 68 7 49 78 34 3 15 17 76 33 16 5 9 39 60 4 53 32 62 43 72 1 58 44 23 47 6 35 24 63 55 12 21 27 48 20 73 56 66 52 59 42 80 74 31 29 40 18
20 91 83 81 87 88 97 96 100 90 86 85 82 92 89 98 94 93 84 99 95
80 55 26 31 45 63 58 16 59 68 33 72 13 19 80 65 20 52 79 12 69 6 2 66 18 8 27 41 54 51 10 24 70 11 4 32 56 78 21 76 40 34 46 50 64 61 75 1 42 73 30 43 37 49 28 77 23 57 22 25 48 9 60 36 71 5 53 47 62 7 14 29 35 44 15 39 67 3 38 74 17
80 64 14 54 78 32 3 69 11 66 4 57 74 28 16 65 26 12 47 61 51 29 80 46 24 67 13 42 63 25 55 43 33 15 56 68 76 7 18 2 75 58 6 60 72 40 36 62 48 20 27 49 37 79 59 31 35 44 50 10 22 45 53 34 41 5 71 73 9 77 21 17 19 70 1 30 39 38 8 23 52
80 67 44 72 21 54 75 71 42 27 66 26 74 78 8 47 35 9 65 5 56 79 30 22 25 59 2 57 60 68 18 7 63 20 39 34 32 55 3 49 69 24 43 16 29 4 38 12 53 76 61 58 77 41 10 51 52 33 62 70 19 73 48 37 31 64 6 46 11 40 23 45 13 14 36 50 80 17 1 28 15
20 89 83 84 97 88 96 99 100 87 85 82 86 93 92 91 98 94 81 90 95
80 21 34 32 15 60 12 1 46 33 67 5 19 43 59 45 56 69 72 40 37 20 39 63 2 53 10 7 80 4 38 14 18 62 73 23 11 28 8 50 24 47 16 13 57 44 78 68 54 65 52 79 61 35 55 51 41 27 48 3 42 77 75 29 22 74 26 25 30 17 71 70 9 31 76 66 58 64 36 49 6
80 21 78 58 68 8 20 71 2 12 55 61 33 46 39 16 62 54 74 31 79 10 45 38 70 9 3 76 34 48 66 11 44 42 65 28 19 1 67 57 30 51 63 73 7 18 26 32 52 41 14 49 13 77 35 43 50 72 80 15 23 53 47 56 5 69 27 36 6 24 59 25 17 40 22 29 4 75 37 64 60
80 16 68 23 43 18 44 57 45 48 8 58 17 32 34 53 49 72 13 67 1 27 12 29 2 64 15 21 47 19 55 61 6 31 36 24 11 37 63 60 22 3 5 79 9 78 54 7 71 39 56 38 70 69 77 10 14 80 33 30 51 28 20 76 4 59 65 75 42 66 62 50 73 52 74 26 46 35 25 41 40
80 60 14 42 22 13 49 7 64 25 34 12 10 24 77 74 65 4 80 62 56 70 5 50 11 39 19 33 48 27 6 16 28 36 43 44 2 23 78 45 30 41 63 8 61 9 40 57 73 47 32 26 15 35 75 58 68 55 52 72 69 17 54 29 21 46 38 20 18 71 53 66 79 76 31 67 1 59 51 37 3
80 29 11 43 30 55 14 16 64 31 18 15 21 12 1 77 48 47 41 80 20 19 49 52 44 25 6 68 34 66 46 70 79 38 26 37 61 2 42 78 59 32 51 45 76 67 5 36 4 60 62 33 69 54 74 57 27 35 50 65 3 8 73 39 53 72 75 7 22 17 24 28 10 13 56 58 71 23 40 9 63
80 79 26 4 40 71 55 27 41 6 13 62 14 36 12 53 23 67 11 54 25 69 49 21 8 39 57 24 9 43 15 16 46 34 66 63 33 60 19 58 73 5 42 59 51 29 75 22 32 35 28 18 10 68 47 3 72 45 20 7 31 64 50 2 80 74 37 78 61 76 70 77 56 65 17 30 44 48 52 1 38
80 39 55 45 32 56 17 2 19 5 31 49 44 11 40 4 13 61 53 66 51 47 76 42 25 62 57 21 10 27 12 74 41 52 33 24 75 71 69 80 34 36 78 29 59 65 26 3 48 38 43 14 37 46 7 79 50 73 28 67 8 70 9 18 72 68 16 77 20 23 64 30 54 1 58 63 15 60 35 22 6
80 37 13 59 41 28 24 2 23 40 61 49 63 68 14 27 10 11 32 70 51 80 5 66 26 79 62 42 77 74 48 21 7 43 4 8 16 69 6 35 76 55 17 1 18 36 15 75 73 58 29 34 72 31 39 56 78 47 50 67 52 20 53 22 19 71 44 12 60 54 30 38 45 33 46 25 57 3 65 64 9
20 91 86 95 98 92 87 85 100 96 97 94 93 90 99 83 84 81 89 88 82
80 41 9 62 58 57 52 63 47 31 14 37 17 34 6 32 11 33 60 49 77 65 68 26 72 15 53 12 71 4 70 54 30 39 55 27 40 64 35 36 44 24 45 13 50 75 5 23 3 73 28 74 8 18 1 21 67 51 66 79 16 80 78 20 29 56 22 46 69 43 48 7 2 76 19 10 25 59 38 42 61
80 2 63 29 66 51 20 46 9 40 26 5 65 4 54 16 24 79 18 52 25 42 30 75 12 28 49 33 13 58 31 23 62 78 1 50 55 56 6 76 17 71 10 74 34 38 39 44 41 61 73 47 45 57 8 77 32 22 15 27 72 37 48 59 64 53 80 3 68 35 69 70 21 43 19 7 60 14 36 67 11
20 86 89 92 90 82 91 98 84 87 85 83 95 96 88 97 94 100 99 93 81
80 66 33 79 64 5 77 21 45 27 80 75 30 60 26 28 48 42 3 78 53 65 41 73 61 69 16 59 14 1 10 23 25 13 49 32 15 44 31 9 71 56 54 7 51 72 22 62 40 18 37 55 38 34 6 58 12 24 29 63 46 35 50 2 20 4 43 39 8 17 11 19 57 76 52 70 68 67 36 47 74
20 89 85 84 88 81 91 97 90 96 87 93 92 86 95 83 98 100 99 82 94
80 39 58 11 66 51 46 35 21 28 24 3 73 50 59 20 49 42 14 70 37 30 75 32 64 7 33 53 6 27 12 18 19 68 2 16 38 5 48 10 44 61 78 41 55 36 17 40 63 9 47 79 31 60 25 80 15 52 13 77 57 67 34 26 1 8 29 62 69 71 23 4 72 45 22 65 76 54 56 74 43
80 66 58 69 27 21 1 2 68 42 28 48 72 13 63 53 5 12 49 29 8 65 62 41 78 31 34 33 47 37 16 70 67 80 17 6 46 7 73 52 45 61 51 74 19 18 14 76 32 9 59 38 60 22 20 23 79 40 39 30 11 50 24 75 64 15 56 36 57 55 25 3 54 26 43 10 71 44 4 35 77
80 44 69 77 32 17 33 56 41 70 38 53 20 42 75 76 16 43 2 51 28 7 31 34 55 13 50 49 63 29 59 37 35 18 19 72 22 6 80 10 65 67 74 64 73 71 58 66 39 5 60 8 61 45 46 21 79 15 47 1 3 30 68 48 25 23 24 54 4 26 78 62 9 36 27 14 57 11 52 12 40
80 62 67 28 3 53 55 5 65 44 45 72 61 70 10 4 14 76 34 8 35 2 15 22 30 77 75 9 1 7 52 63 56 50 37 38 60 68 79 18 21 71 48 46 58 49 31 19 66 64 12 26 25 41 80 74 43 20 36 42 73 40 57 17 29 78 39 6 69 33 24 23 54 32 16 51 11 13 47 59 27
20 87 91 86 92 93 88 96 82 89 83 90 97 98 85 84 99 95 81 94 100
80 15 20 45 18 72 59 39 80 25 17 32 36 7 6 77 27 1 73 33 63 19 43 54 10 30 2 46 51 28 50 56 40 21 55 61 14 11 34 70 47 41 74 16 3 12 9 64 24 26 67 13 60 5 29 37 66 4 35 49 76 69 75 44 58 31 62 71 22 57 68 79 23 8 53 38 42 65 78 52 48
20 91 99 93 94 88 86 100 97 95 82 89 96 92 90 81 98 83 87 84 85
80 78 35 17 16 58 36 57 64 34 4 40 1 74 66 75 12 37 65 67 52 30 18 47 46 71 3 80 5 42 61 21 29 77 38 43 23 72 27 62 32 7 54 20 50 79 45 49 26 76 13 39 55 60 31 8 41 56 9 10 28 2 63 15 53 22 19 59 48 51 73 69 44 24 6 33 68 11 14 70 25
80 47 8 45 10 76 72 68 2 11 66 24 33 31 9 73 23 25 21 6 30 36 59 44 4 13 79 14 71 5 63 19 41 40 34 20 16 32 67 55 28 46 7 29 12 35 22 60 74 70 62 69 42 52 75 1 64 38 39 61 15 80 78 37 43 58 77 3 65 51 17 56 54 48 49 18 57 26 53 27 50
80 34 11 72 4 64 76 75 58 13 21 29 74 77 18 53 51 61 42 9 62 24 47 57 8 7 5 44 14 43 48 50 40 80 54 41 28 79 68 63 71 78 33 35 49 65 22 30 60 69 67 70 56 52 37 3 2 1 27 32 36 10 23 25 20 45 15 66 12 6 38 19 46 17 26 31 16 39 59 55 73
80 56 61 40 79 43 33 30 19 68 38 48 12 11 8 62 27 46 53 72 58 6 47 54 51 36 49 13 31 20 14 66 55 26 45 17 76 73 44 35 63 80 77 23 57 69 34 64 78 4 41 32 75 9 7 24 52 22 15 59 10 1 70 42 21 71 5 29 50 60 18 3 37 67 74 16 39 2 25 28 65
80 16 54 32 36 71 40 60 41 2 24 47 61 31 35 43 5 38 26 7 63 37 9 39 4 70 8 19 1 53 65 78 52 17 76 45 18 10 48 27 29 6 12 42 33 23 22 77 55 50 30 66 58 64 73 72 44 62 13 56 3 20 21 80 51 15 69 46 25 79 11 57 49 68 75 59 34 28 14 67 74
80 54 21 78 1 64 65 53 32 35 6 49 37 76 13 74 44 26 10 9 22 61 71 29 33 11 5 45 31 42 79 55 12 38 69 24 58 25 40 8 48 51 66 56 17 80 20 63 3 75 60 72 4 7 50 23 19 43 27 2 36 34 16 15 67 41 14 47 77 57 18 28 59 73 62 46 52 39 30 70 68
20 93 81 87 84 99 100 86 90 85 91 95 97 82 96 94 88 92 89 98 83
80 64 44 45 63 66 3 6 19 75 43 58 36 15 60 79 51 12 1 20 35 53 72 11 46 73 39 17 47 67 31 23 5 80 26 27 8 77 37 2 61 13 25 56 18 50 59 28 42 9 55 7 33 41 71 52 68 48 62 21 69 76 57 34 78 22 38 40 4 74 16 54 32 29 70 10 14 30 24 65 49
20 93 85 91 94 97 87 98 86 84 96 95 100 92 81 99 82 88 90 89 83
20 92 94 88 99 98 95 89 86 83 91 82 87 90 93 81 96 85 97 100 84
80 44 16 61 18 21 76 8 80 25 69 49 60 32 58 43 72 3 7 30 71 56 12 24 1 5 27 14 33 29 55 50 65 62 28 26 13 36 2 11 67 46 52 78 31 23 40 22 54 34 6 38 47 42 68 75 73 4 39 77 19 45 63 15 70 9 20 79 59 74 57 10 48 17 35 51 37 66 53 64 41
80 39 30 65 3 76 59 22 55 50 12 47 44 27 37 68 10 69 35 72 32 46 45 5 71 40 56 31 73 58 28 23 63 41 16 53 2 54 48 18 9 49 6 24 7 36 13 15 29 70 77 57 52 62 42 34 61 21 1 17 4 19 79 66 20 14 67 25 26 33 75 11 64 74 60 51 43 8 38 80 78
20 87 100 83 84 81 93 91 89 95 94 85 96 82 88 98 90 97 99 86 92
80 24 77 37 8 64 79 43 23 18 34 2 73 44 27 52 42 11 7 15 60 47 12 36 9 25 80 10 67 38 71 57 55 33 76 17 72 45 28 75 78 68 48 66 62 58 31 21 41 14 74 6 22 51 53 65 35 5 26 16 63 32 40 59 70 29 69 3 46 61 1 39 19 56 49 54 20 50 30 13 4
80 66 27 8 76 64 74 68 25 44 38 72 73 37 41 23 35 62 22 79 63 30 34 39 28 40 50 75 33 71 69 13 21 77 48 29 45 11 9 57 20 3 60 2 49 16 18 42 19 51 53 26 31 70 6 67 80 46 58 43 14 24 5 32 65 55 7 1 10 36 54 61 59 17 4 56 15 78 12 47 52
80 61 58 56 36 59 20 10 1 54 49 78 3 22 47 45 39 5 73 80 71 2 72 15 79 40 65 29 43 64 17 48 57 70 53 14 30 27 75 52 51 13 74 16 69 26 66 6 31 24 63 62 77 67 33 28 11 21 18 7 68 34 38 32 8 44 35 19 46 25 23 55 4 50 41 37 9 76 60 42 12
80 39 8 19 65 45 67 59 4 20 38 79 55 5 69 3 64 70 36 76 57 32 47 6 43 42 75 10 1 13 21 41 17 48 73 56 80 50 22 52 63 15 49 30 25 78 9 31 44 34 71 40 11 60 29 26 37 61 27 77 66 74 28 62 51 72 53 24 12 33 18 14 35 68 54 23 16 2 7 58 46
80 63 46 7 73 52 76 54 66 55 16 14 9 53 62 4 45 49 11 21 68 3 74 48 29 23 19 12 57 28 25 75 41 47 40 51 69 44 65 24 67 39 17 60 2 56 26 8 34 43 78 5 20 10 13 79 72 38 22 80 37 36 77 42 31 6 50 30 64 32 35 58 59 1 70 27 15 61 33 71 18
80 80 71 34 46 73 42 72 26 5 53 33 36 25 44 9 6 61 21 32 10 7 22 39 76 58 2 18 68 4 30 64 23 57 1 24 54 70 3 59 31 12 13 66 78 47 37 15 75 8 60 35 69 56 14 41 38 74 63 29 50 77 49 52 51 28 62 45 20 27 40 43 55 17 11 67 16 19 65 48 79
80 60 45 20 67 9 4 75 50 22 25 6 77 8 57 30 15 53 26 46 51 74 62 63 43 34 7 68 73 5 3 55 65 72 13 48 66 23 28 58 54 70 12 44 40 24 1 19 10 71 59 79 38 21 11 29 42 56 32 41 64 14 37 49 52 36 47 17 76 69 39 80 78 31 18 35 61 16 2 27 33
80 23 63 73 5 16 33 4 37 79 45 19 65 67 72 35 15 34 27 54 44 68 75 39 3 21 25 17 76 53 7 36 41 26 50 47 10 80 61 38 32 56 1 46 13 64 2 18 40 57 60 52 49 74 22 78 48 42 58 8 55 30 31 12 51 9 77 43 62 14 6 69 70 71 59 28 20 66 24 29 11
80 78 58 46 15 5 79 71 32 34 7 10 66 64 29 80 30 74 16 54 39 72 37 38 33 23 36 42 6 24 9 21 35 17 27 11 45 14 50 20 2 55 12 51 26 60 41 18 43 19 68 25 44 3 70 59 1 4 52 49 73 13 56 48 62 28 22 76 61 8 65 63 47 57 77 75 31 67 69 53 40
80 23 12 45 78 55 63 8 1 68 79 35 21 25 11 71 60 14 66 76 27 46 3 80 44 43 33 73 57 28 41 62 61 13 15 74 67 64 17 36 26 77 53 32 7 52 54 49 38 42 29 58 51 19 65 30 39 2 24 5 40 59 48 20 18 4 9 34 70 16 69 10 50 22 37 72 47 31 75 56 6
80 78 38 76 53 62 60 2 74 54 59 8 27 32 21 26 20 18 13 64 70 12 29 45 80 28 52 22 25 7 3 10 72 61 67 51 50 16 19 71 34 9 56 43 11 14 42 5 37 46 36 73 31 23 65 24 47 58 49 30 40 77 1 55 69 33 79 17 75 48 15 41 57 63 35 66 68 4 44 6 39
80 72 10 31 27 51 20 80 65 4 64 21 52 44 22 48 74 69 70 11 63 66 49 50 25 14 43 41 34 45 73 15 67 60 23 56 9 40 76 77 33 12 61 6 39 29 78 19 2 24 71 3 62 7 16 18 36 37 53 42 38 75 26 35 55 13 1 58 79 59 54 17 32 68 28 30 5 8 46 57 47
80 79 73 43 31 45 25 40 68 32 60 5 69 51 37 54 62 44 78 30 9 28 55 10 52 35 63 29 6 71 47 50 42 23 14 58 48 22 19 12 34 59 66 27 18 76 77 13 64 1 4 7 70 21 38 72 56 3 41 53 61 33 57 26 80 39 75 24 16 74 65 36 15 17 46 8 20 49 67 11 2
80 55 15 67 77 50 66 36 34 26 41 64 74 33 30 18 75 60 8 24 1 17 25 38 4 54 51 23 48 32 43 69 58 13 39 59 37 21 22 70 27 2 45 7 76 78 20 73 12 47 19 16 11 3 40 53 52 62 44 14 71 29 63 56 57 49 28 9 42 80 10 68 31 61 6 46 72 65 79 35 5
80 6 1 72 32 13 41 47 34 23 74 28 62 19 31 17 64 36 69 54 40 55 27 71 65 37 73 67 20 49 24 76 78 35 33 59 26 48 12 15 25 63 30 16 18 53 8 61 79 2 75 52 58 51 3 43 80 46 42 4 56 21 70 57 7 5 38 22 60 14 50 66 10 45 68 39 44 77 11 9 29
20 86 83 92 82 99 87 81 90 97 96 88 84 98 94 95 89 91 100 85 93
80 9 4 27 14 72 24 73 74 58 32 54 64 1 5 59 19 44 53 13 40 48 12 46 47 6 7 68 77 52 60 56 51 61 21 80 3 55 35 22 50 33 37 25 11 29 20 79 49 10 8 30 36 41 75 34 43 15 39 28 17 57 76 65 70 42 66 78 67 18 38 69 62 45 16 71 31 2 23 63 26
20 81 86 98 92 83 93 89 99 95 84 97 85 96 82 91 90 94 87 100 88
80 32 6 60 75 26 45 61 59 37 49 35 67 38 28 9 58 19 69 22 5 3 40 52 14 30 74 2 41 20 54 17 15 1 8 23 42 77 72 34 29 11 44 4 78 27 39 47 76 46 57 79 25 68 13 62 18 50 63 66 51 7 48 10 43 71 56 33 24 53 80 36 21 31 65 73 64 16 12 55 70
20 90 94 93 92 98 85 83 100 96 84 86 82 81 89 91 97 99 87 88 95
80 8 31 34 64 38 18 41 16 60 30 25 42 36 48 68 80 53 65 76 32 6 79 59 77 35 5 43 73 56 22 40 2 26 27 24 1 15 47 12 71 46 17 52 72 74 58 7 11 50 57 54 37 51 44 28 9 55 23 29 39 20 75 3 61 4 13 66 62 21 49 70 45 69 10 67 78 63 33 19 14
80 13 60 19 46 29 54 44 25 80 27 34 74 69 38 58 71 72 78 73 47 26 3 59 33 31 24 30 21 57 42 55 18 68 35 65 61 62 43 17 1 8 49 39 15 75 36 41 4 7 2 63 76 53 23 22 70 67 14 12 6 66 48 32 56 51 5 16 40 20 37 64 10 79 45 9 50 28 77 11 52
80 56 33 49 60 29 18 19 66 54 61 24 2 30 17 39 57 11 20 5 36 65 78 37 72 7 53 8 6 28 79 80 4 48 1 45 62 26 44 76 34 23 58 55 42 67 77 35 32 59 52 75 46 14 68 70 74 22 10 50 25 69 15 41 71 63 13 38 73 31 40 3 9 51 47 64 12 43 16 27 21
80 32 43 35 47 20 39 74 62 54 55 52 37 51 49 7 77 72 6 5 3 59 10 67 27 1 80 76 18 14 31 28 34 56 61 57 25 64 58 19 2 8 50 70 68 12 46 73 78 63 26 71 36 29 79 69 9 44 17 48 30 21 15 66 22 53 4 24 45 13 23 41 40 33 60 11 16 65 38 42 75
20 85 84 91 97 100 86 90 88 82 99 94 96 93 83 89 81 87 95 92 98
80 79 62 8 61 18 28 23 50 77 58 55 67 46 26 48 56 19 52 71 31 35 2 69 3 24 17 70 39 11 9 32 60 53 12 7 1 78 43 73 4 65 10 41 75 45 64 63 68 59 34 14 16 21 29 37 27 33 80 47 36 74 49 25 6 38 13 57 22 40 66 44 42 72 51 54 30 20 76 5 15
80 11 44 61 3 31 63 34 74 41 19 37 73 51 72 14 54 4 64 8 68 13 47 79 2 42 33 50 5 77 12 21 17 20 59 62 45 32 56 60 75 35 78 27 22 23 52 36 67 25 57 15 28 38 9 39 58 29 53 46 10 55 70 48 66 30 69 16 49 65 76 40 7 18 1 26 80 6 43 71 24
80 56 64 10 37 72 51 77 44 41 21 19 28 33 20 14 47 18 11 26 24 58 80 52 42 63 67 39 9 2 22 69 6 23 50 65 54 68 12 70 29 34 31 59 74 78 25 1 3 32 30 43 8 75 15 40 17 45 35 61 38 36 27 76 71 48 13 62 66 5 60 57 79 7 73 46 4 16 49 53 55
80 30 38 11 66 67 58 16 39 34 50 55 48 73 77 26 44 18 25 2 3 4 54 71 41 27 70 64 6 10 56 76 32 68 45 36 62 42 63 61 78 20 29 80 24 46 23 74 75 19 33 12 35 8 5 60 21 40 59 1 47 51 69 14 15 43 49 37 7 9 65 57 79 17 72 53 28 22 52 13 31
20 85 98 94 95 97 91 90 100 81 92 83 93 84 86 82 89 99 96 88 87
80 36 33 43 10 62 67 22 74 19 56 1 61 79 25 14 27 42 12 29 23 59 6 8 48 2 69 63 28 20 45 57 16 72 51 21 3 11 4 53 50 31 78 41 34 37 32 5 60 24 38 40 70 17 46 7 15 13 66 80 39 77 55 73 52 71 75 58 49 68 30 64 54 18 65 35 47 44 76 26 9
80 26 37 20 34 6 3 14 45 66 51 40 69 49 13 62 58 17 21 32 48 1 4 10 43 11 71 29 75 19 15 36 2 72 46 50 41 31 80 68 18 60 70 9 63 54 52 24 74 76 28 25 78 61 77 35 33 30 65 73 23 56 47 22 55 8 12 64 53 67 57 79 16 38 27 44 42 59 7 5 39
80 24 68 64 63 25 27 67 2 18 22 77 34 58 40 9 45 53 10 49 19 44 42 65 32 29 15 30 60 39 23 37 20 13 12 72 35 66 76 55 62 54 70 50 3 79 43 57 7 69 26 5 33 17 61 74 36 8 59 46 38 78 28 16 41 6 4 11 31 47 1 21 51 80 52 73 75 56 71 48 14
80 54 39 14 45 17 34 13 23 31 42 59 11 77 58 60 21 75 35 18 56 47 44 74 19 68 3 49 27 6 43 12 26 40 16 66 69 15 50 70 55 71 38 25 20 4 2 48 32 73 67 7 51 63 78 64 76 33 8 41 24 30 10 52 46 72 9 80 29 62 79 65 53 1 37 36 22 28 57 61 5
80 34 39 22 61 51 10 20 12 2 44 7 32 56 48 43 8 75 49 11 73 67 24 58 47 63 31 38 30 59 28 14 16 9 41 21 1 52 68 72 3 40 57 23 62 79 18 54 78 64 4 6 77 69 36 55 15 66 42 53 26 80 13 46 5 19 37 27 74 35 29 70 65 50 71 25 76 60 45 33 17
23 98 46 71 87 60 32 80 53 29 100 61 6 12 43 25 36 11 88 15 74 24 9 17
38 90 41 27 88 30 80 19 16 79 7 46 2 28 4 87 3 8 77 33 73 40 99 75 51 98 64 70 9 42 68 22 47 34 93 44 20 1 13
24 61 26 89 77 94 50 58 72 32 2 49 70 62 20 7 21 86 31 84 95 76 37 66 25
46 43 8 96 1 10 54 39 18 5 47 59 26 27 81 93 30 12 14 13 94 80 72 65 55 16 91 61 48 99 92 4 70 75 17 36 38 57 34 90 40 7 85 83 9 98 24
33 61 41 73 8 33 89 93 65 64 57 58 51 66 25 29 50 98 10 68 16 24 49 100 28 7 15 17 71 76 22 67 1 52
16 90 41 95 85 94 16 62 93 61 45 84 28 2 1 15 17
86 40 91 13 83 96 54 43 42 68 30 73 58 76 8 11 63 80 61 100 44 17 24 81 51 47 18 67 82 75 53 45 97 74 55 39 89 52 70 34 5 72 99 7 23 35 60 21 31 33 1 88 29 84 9 90 48 2 49 94 64 65 14 26 41 92 87 12 38 95 4 71 78 98 3 46 86 16 62 37 85 32 19 66 22 6 27
10 65 75 36 22 87 68 90 60 78 20
17 28 16 1 47 73 77 20 60 98 26 69 61 49 12 46 58 62
100 34 90 17 25 51 33 7 45 44 10 53 63 28 55 20 16 62 70 6 42 47 65 48 50 80 38 40 64 69 88 18 32 22 74 77 100 83 98 84 94 35 99 57 60 91 39 14 86 12 19 92 23 71 52 72 56 89 31 8 46 37 3 15 27 29 78 36 2 5 9 95 21 54 41 96 67 81 97 68 87 82 76 85 61 43 13 66 24 26 58 11 49 79 59 75 1 93 73 30 4
78 30 19 41 22 85 66 48 8 39 65 50 97 29 1 72 9 69 36 11 75 24 76 74 95 34 16 62 98 93 51 15 23 80 42 57 88 17 100 28 52 5 44 37 54 46 32 4 91 49 64 78 56 33 89 38 84 55 43 60 67 26 12 14 40 87 63 70 10 6 77 47 94 59 90 86 61 82 13
88 1 2 3 4 5 6 7 8 9 10 11 12 13 14 15 16 17 18 19 20 21 22 23 24 25 26 27 28 29 30 31 32 33 34 35 36 37 38 39 40 41 42 43 44 45 46 47 48 49 50 51 52 53 54 55 56 57 58 59 60 61 62 63 64 65 66 67 68 69 70 71 72 73 74 75 76 77 78 79 80 88 93 94 96 97 98 99 100
87 1 2 3 4 5 6 7 8 9 10 11 12 13 14 15 16 17 18 19 20 21 22 23 24 25 26 27 28 29 30 31 32 33 34 35 36 37 38 39 40 41 42 43 44 45 46 47 48 49 50 51 52 53 54 55 56 57 58 59 60 61 62 63 64 65 66 67 68 69 70 71 72 73 74 75 76 77 78 79 80 86 89 95 96 98 99 100
92 1 2 3 4 5 6 7 8 9 10 11 12 13 14 15 16 17 18 19 20 21 22 23 24 25 26 27 28 29 30 31 32 33 34 35 36 37 38 39 40 41 42 43 44 45 46 47 48 49 50 51 52 53 54 55 56 57 58 59 60 61 62 63 64 65 66 67 68 69 70 71 72 73 74 75 76 77 78 79 80 83 85 86 88 89 90 91 92 93 96 97 98
85 1 2 3 4 5 6 7 8 9 10 11 12 13 14 15 16 17 18 19 20 21 22 23 24 25 26 27 28 29 30 31 32 33 34 35 36 37 38 39 40 41 42 43 44 45 46 47 48 49 50 51 52 53 54 55 56 57 58 59 60 61 62 63 64 65 66 67 68 69 70 71 72 73 74 75 76 77 78 79 80 83 90 91 98 100
89 1 2 3 4 5 6 7 8 9 10 11 12 13 14 15 16 17 18 19 20 21 22 23 24 25 26 27 28 29 30 31 32 33 34 35 36 37 38 39 40 41 42 43 44 45 46 47 48 49 50 51 52 53 54 55 56 57 58 59 60 61 62 63 64 65 66 67 68 69 70 71 72 73 74 75 76 77 78 79 80 82 84 87 93 95 96 97 98 100
89 1 2 3 4 5 6 7 8 9 10 11 12 13 14 15 16 17 18 19 20 21 22 23 24 25 26 27 28 29 30 31 32 33 34 35 36 37 38 39 40 41 42 43 44 45 46 47 48 49 50 51 52 53 54 55 56 57 58 59 60 61 62 63 64 65 66 67 68 69 70 71 72 73 74 75 76 77 78 79 80 81 82 86 90 93 94 96 99 100
91 1 2 3 4 5 6 7 8 9 10 11 12 13 14 15 16 17 18 19 20 21 22 23 24 25 26 27 28 29 30 31 32 33 34 35 36 37 38 39 40 41 42 43 44 45 46 47 48 49 50 51 52 53 54 55 56 57 58 59 60 61 62 63 64 65 66 67 68 69 70 71 72 73 74 75 76 77 78 79 80 82 85 87 88 89 90 91 93 94 96 98
89 1 2 3 4 5 6 7 8 9 10 11 12 13 14 15 16 17 18 19 20 21 22 23 24 25 26 27 28 29 30 31 32 33 34 35 36 37 38 39 40 41 42 43 44 45 46 47 48 49 50 51 52 53 54 55 56 57 58 59 60 61 62 63 64 65 66 67 68 69 70 71 72 73 74 75 76 77 78 79 80 82 83 88 91 92 94 96 98 100
87 1 2 3 4 5 6 7 8 9 10 11 12 13 14 15 16 17 18 19 20 21 22 23 24 25 26 27 28 29 30 31 32 33 34 35 36 37 38 39 40 41 42 43 44 45 46 47 48 49 50 51 52 53 54 55 56 57 58 59 60 61 62 63 64 65 66 67 68 69 70 71 72 73 74 75 76 77 78 79 80 84 85 87 91 92 95 99
87 1 2 3 4 5 6 7 8 9 10 11 12 13 14 15 16 17 18 19 20 21 22 23 24 25 26 27 28 29 30 31 32 33 34 35 36 37 38 39 40 41 42 43 44 45 46 47 48 49 50 51 52 53 54 55 56 57 58 59 60 61 62 63 64 65 66 67 68 69 70 71 72 73 74 75 76 77 78 79 80 84 86 89 93 95 96 99
91 1 2 3 4 5 6 7 8 9 10 11 12 13 14 15 16 17 18 19 20 21 22 23 24 25 26 27 28 29 30 31 32 33 34 35 36 37 38 39 40 41 42 43 44 45 46 47 48 49 50 51 52 53 54 55 56 57 58 59 60 61 62 63 64 65 66 67 68 69 70 71 72 73 74 75 76 77 78 79 80 83 84 85 86 87 88 92 93 95 96 99
88 1 2 3 4 5 6 7 8 9 10 11 12 13 14 15 16 17 18 19 20 21 22 23 24 25 26 27 28 29 30 31 32 33 34 35 36 37 38 39 40 41 42 43 44 45 46 47 48 49 50 51 52 53 54 55 56 57 58 59 60 61 62 63 64 65 66 67 68 69 70 71 72 73 74 75 76 77 78 79 80 81 82 83 89 90 92 96 97
92 1 2 3 4 5 6 7 8 9 10 11 12 13 14 15 16 17 18 19 20 21 22 23 24 25 26 27 28 29 30 31 32 33 34 35 36 37 38 39 40 41 42 43 44 45 46 47 48 49 50 51 52 53 54 55 56 57 58 59 60 61 62 63 64 65 66 67 68 69 70 71 72 73 74 75 76 77 78 79 80 82 84 85 87 88 90 91 93 95 96 98 100
89 1 2 3 4 5 6 7 8 9 10 11 12 13 14 15 16 17 18 19 20 21 22 23 24 25 26 27 28 29 30 31 32 33 34 35 36 37 38 39 40 41 42 43 44 45 46 47 48 49 50 51 52 53 54 55 56 57 58 59 60 61 62 63 64 65 66 67 68 69 70 71 72 73 74 75 76 77 78 79 80 84 89 90 91 92 94 95 98 99
