1007
-33333332 99999998
-60214343 54633704
-89632472 3669842
-99999997 -33333333
-99983642 -33479695
-99947022 -33587131
-99927489 -33641625
-99898541 -33719949
-99845901 -33858188
-99816707 -33928536
-99778825 -34009080
-99725287 -34104101
-99657615 -34223474
-99588449 -34336990
-99531975 -34429405
-99456610 -34552728
-99398072 -34646250
-99368436 -34692702
-99300706 -34796611
-99225464 -34911581
-99178549 -34982880
-99117668 -35069649
-99084455 -35116749
-99049432 -35165409
-98979261 -35262614
-98912951 -35351652
-98864333 -35414308
-98804546 -35489746
-98700500 -35618517
-98600044 -35741897
-98536324 -35818338
-98396645 -35985261
-98319776 -36077016
-98243454 -36166574
-98127927 -36299973
-98066592 -36368873
-97977403 -36468167
-97867253 -36589472
-97805133 -36656327
-97746888 -36717721
-97627555 -36843158
-97555344 -36918005
-97450495 -37026376
-97362196 -37116499
-97301070 -37178418
-97211281 -37269181
-97148290 -37332297
-97057086 -37422304
-96924485 -37552215
-96838734 -37636140
-96759280 -37713086
-96686285 -37782719
-96572851 -37889735
-96468005 -37987815
-96350161 -38096509
-96265986 -38173254
-96183463 -38248042
-96116943 -38307581
-95992034 -38418688
-95916414 -38485402
-95832869 -38558967
-95715114 -38661855
-95562979 -38794185
-95469220 -38875177
-95327448 -38996211
-95249033 -39062944
-95183148 -39118638
-95030886 -39246392
-94967820 -39299252
-94864002 -39386266
-94712352 -39513188
-94657878 -39558699
-94541515 -39654746
-94434707 -39742862
-94283672 -39866977
-94169023 -39960615
-94021967 -40080346
-93915899 -40166224
-93775203 -40279704
-93700153 -40339756
-93610736 -40410700
-93523400 -40479344
-93370377 -40597884
-93256361 -40685873
-93152977 -40765290
-93100279 -40805450
-92931268 -40933879
-92815315 -41021958
-92652715 -41144674
-92472527 -41280202
-92341095 -41378949
-92219569 -41469941
-92089321 -41567440
-91951833 -41669809
-91851468 -41744267
-91715259 -41844799
-91570954 -41951166
-91438844 -42048509
-91305333 -42146848
-91177934 -42240010
-91043307 -42338066
-90963565 -42395626
-90850983 -42475991
-90689554 -42591151
-90535058 -42701201
-90389623 -42804418
-90253332 -42900943
-90147444 -42975300
-90023121 -43062210
-89953854 -43110549
-89868623 -43169777
-89676466 -43302137
-89564571 -43379202
-89439052 -43465326
-89373875 -43509979
-89263402 -43585551
-89120784 -43682387
-88978821 -43778767
-88866130 -43855002
-88735873 -43943109
-88603153 -44032600
-88443804 -44139935
-88319674 -44223427
-88264580 -44260415
-88111520 -44362921
-88002018 -44436184
-87737464 -44612406
-87528640 -44751436
-87401792 -44835694
-87214517 -44959656
-87090152 -45041906
-86967463 -45122914
-86842408 -45205356
-86699343 -45299640
-86587892 -45372902
-86438327 -45470843
-86296650 -45563299
-86172461 -45643919
-86047606 -45724713
-85894532 -45823691
-85747670 -45918352
-85542831 -46050054
-85429701 -46122583
-85236062 -46245982
-85095041 -46335753
-84939457 -46434594
-84799612 -46523181
-84664634 -46608366
-84528262 -46694388
-84342699 -46811131
-84257027 -46864890
-84114149 -46954392
-83975224 -47041245
-83821372 -47136838
-83748419 -47182162
-83570073 -47292767
-83432591 -47378001
-83325582 -47444244
-83166735 -47542570
-83079263 -47596549
-82941944 -47681109
-82782195 -47778812
-82571552 -47907543
-82462365 -47974062
-82336428 -48050763
-82193977 -48137239
-82107288 -48189827
-81951465 -48283870
-81801291 -48374070
-81683955 -48444507
-81490129 -48560836
-81364418 -48635895
-81229679 -48716062
-81086173 -48801352
-80885860 -48920345
-80803550 -48968969
-80626131 -49073709
-80525312 -49133170
-80378173 -49219403
-80218056 -49313149
-80071212 -49399118
-79974756 -49455407
-79752733 -49583956
-79489745 -49736154
-79361630 -49810202
-79159394 -49926784
-79047786 -49991052
-78945827 -50049632
-78762672 -50154814
-78711765 -50183992
-78584858 -50256582
-78484662 -50313514
-78317004 -50408755
-78127402 -50516418
-78004470 -50586214
-77898024 -50646545
-77728057 -50742391
-77511652 -50864317
-77356943 -50951367
-77241983 -51015842
-77089694 -51101232
-76926922 -51191452
-76800719 -51260900
-76593205 -51374228
-76445696 -51454567
-76234767 -51569281
-76038541 -51675972
-75971468 -51712434
-75886186 -51758775
-75744167 -51835738
-75564439 -51933107
-75389086 -52028042
-75205021 -52127678
-75098319 -52185399
-74948285 -52266498
-74814693 -52338622
-74638239 -52433835
-74517128 -52499076
-74449808 -52535285
-74348438 -52589775
-74195480 -52671360
-73998118 -52776500
-73823482 -52869424
-73706085 -52931874
-73482282 -53050907
-73326482 -53133478
-73152177 -53225634
-73041159 -53284264
-72955934 -53328837
-72797452 -53411367
-72707332 -53458290
-72557590 -53536137
-72356255 -53640631
-72070942 -53788659
-71882364 -53886477
-71694110 -53983837
-71598524 -54033216
-71406881 -54132140
-71299589 -54187169
-71208487 -54233834
-71062036 -54308592
-70922538 -54379763
-70734153 -54475604
-70538237 -54575237
-70363862 -54663598
-70077516 -54808400
-69887076 -54904044
-69761790 -54966885
-69625715 -55035096
-69504031 -55095998
-69300685 -55197494
-69159661 -55267800
-68981458 -55356458
-68797436 -55447980
-68656651 -55517883
-68439187 -55625776
-68278541 -55705407
-68117249 -55785301
-67947529 -55869301
-67832974 -55925968
-67670056 -56006095
-67489173 -56094964
-67304910 -56185471
-67098238 -56286649
-66961109 -56353727
-66850907 -56407567
-66708587 -56477040
-66542012 -56558234
-66356345 -56648490
-66136044 -56755507
-65991396 -56825620
-65783226 -56926518
-65622285 -57004504
-65517890 -57055032
-65311696 -57154733
-65180532 -57218116
-65035294 -57288258
-64894400 -57356232
-64738847 -57431243
-64610300 -57493105
-64463300 -57563785
-64300035 -57642259
-64170837 -57704181
-64001363 -57785294
-63943297 -57813066
-63820304 -57871764
-63733763 -57912987
-63621552 -57966245
-63423431 -58060230
-63269787 -58133101
-63118252 -58204884
-62942961 -58287829
-62765517 -58371597
-62575570 -58460851
-62407067 -58539747
-62236752 -58619215
-62146382 -58661180
-62025047 -58717493
-61822158 -58811263
-61731358 -58853227
-61465139 -58976262
-61219017 -59089866
-61017087 -59183038
-60762392 -59300458
-60614317 -59368716
-60426675 -59455111
-60208087 -59555695
-60069626 -59619344
-59916852 -59689470
-59756646 -59762904
-59616252 -59827252
-59510536 -59875559
-59372785 -59938379
-59143545 -60042718
-58981731 -60115941
-58855739 -60172802
-58686627 -60248833
-58551241 -60309499
-58318871 -60413240
-58087754 -60516403
-57943442 -60580733
-57818898 -60636157
-57620373 -60724438
-57456727 -60797034
-57290640 -60870604
-57161312 -60927872
-56997012 -60999849
-56858054 -61060518
-56640520 -61155488
-56390651 -61264536
-56207628 -61344277
-55936017 -61462584
-55795396 -61523801
-55632053 -61594871
-55341256 -61721046
-55134164 -61810714
-54989067 -61873534
-54879848 -61920773
-54803916 -61953589
-54583909 -62048173
-54361880 -62143548
-54164759 -62228045
-53960806 -62315445
-53834419 -62369546
-53599439 -62469428
-53446638 -62534282
-53277175 -62606192
-53018826 -62715768
-52813400 -62802869
-52686866 -62856508
-52457384 -62953638
-52286845 -63025646
-52129856 -63091835
-52019947 -63138100
-51859915 -63205450
-51668739 -63285783
-51454193 -63375680
-51289052 -63444620
-51019138 -63557269
-50928050 -63595103
-50690301 -63693754
-50562487 -63746777
-50441381 -63797008
-50277389 -63865025
-50141172 -63921465
-49929821 -64008984
-49765599 -64076972
-49600874 -64145005
-49368406 -64240751
-49210744 -64305612
-49052792 -64370422
-48904431 -64431270
-48729640 -64502891
-48502579 -64595727
-48290567 -64682378
-48133005 -64746683
-47961066 -64816504
-47741925 -64904914
-47477371 -65011183
-47296426 -65083730
-47036202 -65187754
-46881388 -65249413
-46711863 -65316735
-46544308 -65383181
-46319525 -65472259
-46159773 -65535520
-45998703 -65599299
-45838111 -65662832
-45596106 -65758508
-45450366 -65816090
-45251528 -65894224
-45096632 -65955060
-44932319 -66019580
-44734501 -66097063
-44587836 -66154480
-44332507 -66254331
-44125237 -66335319
-43881462 -66430417
-43761693 -66476929
-43537215 -66563961
-43370749 -66628480
-43255144 -66673273
-43001407 -66771565
-42639803 -66911367
-42479356 -66973365
-42261053 -67057672
-42098498 -67120281
-41801721 -67234468
-41575666 -67321404
-41361762 -67403653
-41122304 -67495650
-40872425 -67591550
-40664058 -67671483
-40446157 -67754888
-40202998 -67847796
-40026213 -67915008
-39819833 -67993277
-39566230 -68089263
-39325930 -68180062
-39003448 -68301849
-38824846 -68369237
-38654871 -68433238
-38511585 -68487185
-38314146 -68561463
-38193792 -68606456
-38038130 -68664618
-37827567 -68743025
-37552953 -68845266
-37380214 -68909537
-37211492 -68972246
-37016037 -69044874
-36828908 -69114383
-36459381 -69251559
-36255485 -69326968
-36118555 -69377588
-35943404 -69442337
-35703162 -69531053
-35395872 -69644485
-35233383 -69704312
-35047279 -69772729
-34891138 -69830104
-34777260 -69871914
-34621197 -69929144
-34421948 -70002208
-34261847 -70060888
-34080513 -70127246
-33836318 -70216296
-33664251 -70278920
-33474376 -70347820
-33237111 -70433825
-33011872 -70515284
-32868731 -70567047
-32726880 -70618279
-32467933 -70711791
-32270136 -70783118
-32049415 -70862387
-31852081 -70933254
-31711459 -70983752
-31520654 -71052218
-31273268 -71140966
-31057446 -71218309
-30944851 -71258523
-30761957 -71323775
-30587182 -71386094
-30453621 -71433579
-30304656 -71486425
-30137775 -71545544
-29948267 -71612592
-29786831 -71669681
-29634116 -71723487
-29562809 -71748608
-29394166 -71807850
-29274529 -71849821
-29082358 -71917059
-28916810 -71974810
-28778559 -72023038
-28549165 -72103049
-28345662 -72173923
-28112138 -72255032
-27975800 -72302148
-27891334 -72331111
-27615459 -72425661
-27450567 -72481811
-27159431 -72580800
-26957194 -72649369
-26819219 -72696080
-26617045 -72764508
-26428239 -72828405
-26346526 -72855998
-26115929 -72933778
-25934846 -72994769
-25671564 -73083360
-25410755 -73170960
-25232279 -73230879
-25080482 -73281752
-24851923 -73358111
-24616490 -73436529
-24420655 -73501725
-24332432 -73531082
-24163899 -73587040
-23974182 -73650012
-23644532 -73759404
-23375836 -73848563
-23094355 -73941954
-22956995 -73987407
-22822407 -74031879
-22568930 -74115584
-22326123 -74195670
-22254676 -74219223
-22146629 -74254804
-22014260 -74298383
-21787637 -74372938
-21594354 -74436455
-21452402 -74483072
-21237924 -74553364
-20990272 -74634479
-20719391 -74723090
-20583793 -74767403
-20396453 -74828320
-20203047 -74891112
-19946236 -74974427
-19698393 -75054749
-19580587 -75092848
-19328987 -75174027
-19131405 -75237346
-18982708 -75284795
-18797899 -75343450
-18579445 -75412715
-18293068 -75503416
-18139873 -75551924
-17836367 -75647864
-17663324 -75702554
-17406330 -75783534
-17074319 -75887923
-16754506 -75988182
-16474923 -76075731
-16267091 -76140686
-16036942 -76212353
-15891683 -76257567
-15581163 -76354182
-15348852 -76426383
-15174857 -76480451
-14912758 -76561484
-14824074 -76588874
-14741486 -76614235
-14665558 -76637399
-14506017 -76686038
-14328622 -76739866
-14108325 -76806682
-13885524 -76874251
-13683908 -76935347
-13549394 -76976081
-13340039 -77039335
-13050296 -77126825
-12931995 -77162540
-12668271 -77242038
-12383240 -77327957
-12151600 -77397747
-11981176 -77449060
-11765506 -77513911
-11582338 -77568986
-11416706 -77618763
-11261512 -77665291
-10979993 -77749681
-10740824 -77820822
-10588376 -77866110
-10330023 -77942538
-10087480 -78014241
-9910251 -78066587
-9623255 -78151243
-9408368 -78214547
-9098198 -78305885
-8885566 -78368489
-8689125 -78426183
-8444536 -78497969
-8305431 -78538748
-8110031 -78595920
-7779293 -78692677
-7543584 -78761600
-7313352 -78828806
-7022438 -78913707
-6768807 -78987701
-6576248 -79043876
-6376505 -79102140
-6206138 -79151829
-6011449 -79208467
-5827667 -79261855
-5610460 -79324937
-5486277 -79361001
-5290723 -79417777
-4983427 -79506981
-4778083 -79566577
-4528193 -79638944
-4391178 -79678540
-4155867 -79746484
-3983012 -79796261
-3786877 -79852631
-3565137 -79916188
-3425814 -79956022
-3224394 -80013576
-3017147 -80072779
-2801009 -80134497
-2507847 -80218129
-2161271 -80316910
-1896957 -80392223
-1714796 -80444122
-1608093 -80474486
-1449445 -80519610
-1226495 -80583019
-1017982 -80642202
-786073 -80707755
-558636 -80772002
-267485 -80854227
50337 -80943778
201771 -80986411
344349 -81026518
546759 -81083319
752813 -81141080
962111 -81199443
1220141 -81271265
1425577 -81328316
1647224 -81389562
1914077 -81463270
2199090 -81541929
2377477 -81591120
2706264 -81681569
2868025 -81725842
3113775 -81793088
3436736 -81881431
3698805 -81952872
3880432 -82002208
4201844 -82089493
4431834 -82151861
4731224 -82233017
4918362 -82283738
5183243 -82355515
5417532 -82418967
5649505 -82481659
5850190 -82535877
6194581 -82628796
6346545 -82669707
6576158 -82731395
6902247 -82818689
7158625 -82887189
7381991 -82946859
7574099 -82998011
7718965 -83036578
7848673 -83071049
8049330 -83124301
8231503 -83172612
8371989 -83209856
8555415 -83258442
8712130 -83299949
8954615 -83363954
9164183 -83419265
9509232 -83510163
9649685 -83547107
9825643 -83593379
10228655 -83699347
10468193 -83762104
10637267 -83806290
10855819 -83863366
10927734 -83882110
11124131 -83933245
11346971 -83991122
11622595 -84062618
11838360 -84118474
12150057 -84199132
12409838 -84266311
12732443 -84349710
13115640 -84448461
13389215 -84518948
13623449 -84579239
13817681 -84629157
14137456 -84711336
14343532 -84764122
14551561 -84817236
14806930 -84882280
15061816 -84947193
15238889 -84992277
15351442 -85020916
15604889 -85085348
15850935 -85147894
16048200 -85198008
16234821 -85245371
16465812 -85303904
16681931 -85358641
16926370 -85420349
17114876 -85467932
17359471 -85529597
17777366 -85634719
17958366 -85680243
18128454 -85723015
18394037 -85789775
18591902 -85839503
18790338 -85889256
19028640 -85948769
19341330 -86026477
19493797 -86064290
19618205 -86095045
19822714 -86145543
20144275 -86224745
20379189 -86282593
20599537 -86336804
20894057 -86408847
21096166 -86458249
21267965 -86500206
21461273 -86547404
21780621 -86625267
22007823 -86680497
22308456 -86753434
22620442 -86829077
22895794 -86895529
23234011 -86977104
23376257 -87011402
23596516 -87064430
23850753 -87125508
24125384 -87191328
24297500 -87232450
24509340 -87283038
24814993 -87355996
25069803 -87416758
25435386 -87503916
25702748 -87567571
25918863 -87618898
26247347 -87696833
26368658 -87725607
26540758 -87766408
26744997 -87814729
26917531 -87855463
27111509 -87901242
27468586 -87985378
27633433 -88024096
27835767 -88071293
28035247 -88117809
28249069 -88167629
28477115 -88220751
28768212 -88288212
28981601 -88337624
29320664 -88415987
29521566 -88462407
29719925 -88508216
29848185 -88537812
30107887 -88597722
30349727 -88653288
30677262 -88728492
30926921 -88785799
31218146 -88852522
31474321 -88911197
31705840 -88964152
31919372 -89012666
32162349 -89067827
32481289 -89140087
32729121 -89196215
32944764 -89245040
33247499 -89313487
33428525 -89354252
33674765 -89409507
33809816 -89439738
34171506 -89520632
34512544 -89596905
34707393 -89640480
34917028 -89687345
35064606 -89720245
35247781 -89761054
35452645 -89806617
35752595 -89873297
36128164 -89956417
36370333 -90010009
36660602 -90074155
36869830 -90120317
37070808 -90164643
37329814 -90221640
37639152 -90289682
37915867 -90350448
38090626 -90388820
38314855 -90438003
38566276 -90493030
38786007 -90540984
39123078 -90614436
39471852 -90690396
39767380 -90754504
40046034 -90814807
40296904 -90869021
40428983 -90897490
40774912 -90972031
41088968 -91039664
41328468 -91090951
41554843 -91139418
41822270 -91196527
42047618 -91244510
42256520 -91288872
42454602 -91330928
42643635 -91371058
42823952 -91409269
43223217 -91493842
43524484 -91557518
43706921 -91596024
43910337 -91638769
44269551 -91714212
44541796 -91771222
44815069 -91828388
45041550 -91875743
45307006 -91931232
45489765 -91969371
45747785 -92023197
46119257 -92100572
46531404 -92186078
46757110 -92232845
47203810 -92325344
47425046 -92370992
47654878 -92418345
47818281 -92451857
47936545 -92475987
48236470 -92536967
48458719 -92582074
48673580 -92625584
48892393 -92669811
49118310 -92715299
49382160 -92768012
49684141 -92828296
49883950 -92868113
50078702 -92906914
50439538 -92978634
50681103 -93026618
50902329 -93070524
51048693 -93099543
51309453 -93151235
51594107 -93207523
51879115 -93263748
52141497 -93315434
52327582 -93352087
52529752 -93391868
52850966 -93454673
53001433 -93484006
53304966 -93543159
53516302 -93584222
53717840 -93623381
53992995 -93676703
54257894 -93727191
54429188 -93759826
54711558 -93813372
54971309 -93861960
55287227 -93920919
55445351 -93950412
55676524 -93993517
55900027 -94035189
56268613 -94103859
56617808 -94168829
56784914 -94199918
57034885 -94246354
57315913 -94298207
57520103 -94335587
57773213 -94381734
57972960 -94418037
58290749 -94475559
58707292 -94550809
59091970 -94620236
59330731 -94663065
59534982 -94699695
59855187 -94757093
60026811 -94787701
60386099 -94851262
60601541 -94889105
60771547 -94918947
61029929 -94964221
61258037 -95003964
61540969 -95053108
61932908 -95121154
62257763 -95177498
62457732 -95211834
62788375 -95268583
62968788 -95299487
63218355 -95342010
63390621 -95371341
63672681 -95418823
63819110 -95443360
64034513 -95479275
64194085 -95505826
64413809 -95542347
64597106 -95572799
64837179 -95612680
65179998 -95669622
65432597 -95711524
65637687 -95745408
65839061 -95778614
66134189 -95827277
66596409 -95903171
66840640 -95943263
67099634 -95985671
67392347 -96033587
67723334 -96087160
67876185 -96111883
68046424 -96139144
68318825 -96182699
68479682 -96208417
68745939 -96250969
68967980 -96286314
69194420 -96322355
69406778 -96355722
69680097 -96398574
70099368 -96464195
70391428 -96509464
70708960 -96558455
71189299 -96632556
71449211 -96672446
71654749 -96703913
71900131 -96741172
72281618 -96798948
72468154 -96827185
72786848 -96875077
73138999 -96927945
73450550 -96974680
73831229 -97031398
74139185 -97077271
74392163 -97114667
74641574 -97151481
74927370 -97193589
75343918 -97254705
75714123 -97308795
76020838 -97353506
76388520 -97407052
76689876 -97450928
76856979 -97475254
77160199 -97519325
77534683 -97573705
77922916 -97629763
78208903 -97670890
78441893 -97704303
78710121 -97742557
78924383 -97772973
79327491 -97829903
79679271 -97879384
79951550 -97917614
80248864 -97959083
80506587 -97994834
80748390 -98028104
81082623 -98073907
81256566 -98097597
81454532 -98124472
81717339 -98159860
82047437 -98204198
82309993 -98239453
82571336 -98274451
82819682 -98307673
83076577 -98341620
83456748 -98391816
83835365 -98441352
84052081 -98469618
84271608 -98498237
84472919 -98524227
84752123 -98559664
84985438 -98589059
85310436 -98629933
85579273 -98663657
85842763 -98696527
86028103 -98719113
86153513 -98734341
86515748 -98777765
86803761 -98811538
87069090 -98842378
87209494 -98858671
87425367 -98882868
87761212 -98919511
88267098 -98974329
88762056 -99027850
88966005 -99049507
89343658 -99089583
89649427 -99121703
89872069 -99144976
90140920 -99172312
90518804 -99210319
90818256 -99239902
91008546 -99258604
91203943 -99277548
91454089 -99301729
91774497 -99331940
92075140 -99360251
92307429 -99382018
92486848 -99398787
92755731 -99423837
93125786 -99457666
93582354 -99498679
93936286 -99530430
94279297 -99561078
94483375 -99579203
94665656 -99595290
94912948 -99616932
95180621 -99640340
95421336 -99661056
95792774 -99693012
96270058 -99733461
96649612 -99765432
96903509 -99786813
97344915 -99823704
97431641 -99830791
97715575 -99853458
98089311 -99883160
98451836 -99911873
98665676 -99928734
99116924 -99962600
99357487 -99974719
99538715 -99983000
99999998 -99999997
80307654 -36417299
45183588 17301268
13252968 55694792
