34
3 99999998
-18960966 92991489
-32783570 86895997
-38290065 83273646
-50014037 74419529
-62478964 64066596
-74655094 50497653
-86164958 34984914
-94009209 24169128
-96296782 15881244
-100000000 1
-94830653 -8677129
-81765971 -22419617
-70196176 -33608924
-48572385 -47689353
-28545157 -58853747
-4733160 -71110447
7119784 -76378813
19402096 -81045563
48071135 -91629066
57617466 -95118615
99999998 -100000000
94812682 -64352250
85960056 -38765183
79766520 -23880192
73625602 -9477666
64522668 8872027
54037774 29774383
47822926 41254936
41527939 52436738
35772873 60393812
26693056 72628966
21925616 78975589
14959213 86782252
