46
0 99999999
-4467764 97521721
-13909634 92151560
-18308617 89275904
-24746701 84555110
-30206868 80060915
-37176612 73253551
-40641429 69215086
-45406228 63517918
-53737290 53532181
-59095507 47056484
-62894622 42298891
-67452830 36067420
-71604113 29583619
-78501691 17097845
-83214294 8338740
-85369996 4218099
-89166250 -3497532
-92877499 -11154470
-94549559 -15776311
-97498934 -24184368
-99999996 -33333332
-89901415 -42641378
-75517347 -51705494
-63660429 -57232711
-47353521 -62470566
-33436059 -66926922
-11271638 -73679475
15023038 -81434256
32900944 -86544559
45670635 -89651128
60553676 -93202375
74689845 -96354610
99999997 -99999996
96636197 -78218644
89725917 -50999843
84941398 -35345536
78018431 -13250186
72203485 1830872
68288107 10887409
61690521 26093900
51186364 44770153
43534242 58255606
37612273 66357769
22210341 84115262
10967138 92225564
