128
-33333330 99999999
-37550208 97627981
-39335311 95820097
-41315928 93629458
-42840567 91894776
-46126935 87624360
-49653086 82966924
-51237012 80787088
-52626818 78780136
-54166845 76551045
-56169446 73648533
-57594756 71233343
-59244304 68431186
-61339668 64833652
-62582801 62409445
-63762552 60071351
-65093042 57352908
-66863490 53488645
-69431398 47442519
-71396647 42775420
-73648005 36985541
-75460570 32138213
-76983142 28024657
-78466133 23949940
-80158856 19282078
-81080749 16601761
-83262767 10029653
-84889864 4475429
-86162466 -93250
-87198080 -3836181
-88263380 -7719663
-89140080 -11022102
-90840048 -17443109
-91666751 -20633218
-92849298 -25211147
-94369924 -32212717
-95403773 -37421631
-96742734 -44595760
-97755003 -50966261
-98752343 -57475557
-99569812 -63428412
-99999996 -66666663
-97033372 -67876733
-94836935 -68709026
-91989066 -69680185
-88909712 -70701336
-86994096 -71278265
-82134741 -72722790
-78436978 -73797779
-74965912 -74769022
-69520785 -76219572
-67433741 -76760490
-62139617 -77937626
-57624249 -78919071
-53482145 -79803798
-48072572 -80944187
-42514396 -82115288
-38714360 -82902964
-31740989 -84341680
-27593638 -85168041
-23955212 -85832602
-20634661 -86427622
-15071001 -87344710
-10715971 -88060236
-5572538 -88893366
-1676476 -89500405
3443531 -90245060
10360723 -91243278
16428517 -92074953
18786969 -92378115
26420329 -93313677
33697400 -94201480
37241668 -94628851
40851531 -95058697
45180722 -95566333
53481995 -96529525
57156704 -96922088
60914523 -97323326
67790972 -97944112
79464374 -98771706
85605330 -99160672
90426924 -99451293
95012395 -99725446
99999999 -99999996
99125187 -91923099
97575994 -83834760
96664247 -79088241
95543905 -74758937
94992828 -72643402
92375228 -64355004
91230862 -60910840
89708733 -56631564
86416111 -47875094
84655529 -43472266
82349974 -37983650
80802232 -34414248
79029169 -30447860
76980052 -26126227
75907363 -23982479
73699888 -19641630
67581912 -8091843
65053429 -3468824
61529786 2824134
60040662 5471359
56742603 11251151
53767348 16406848
50508116 22037904
47508658 26933029
44116485 32154296
41211021 36571115
38460248 40717920
35175060 45558259
30689942 51923546
27275822 56276813
23479957 61023493
19239328 65272651
15399016 68991451
10090951 73389502
5628587 77004318
277954 81198899
-3606803 84175589
-6863579 86659240
-10040214 88786915
-13420326 90791106
-18393947 93545055
-21690853 95252257
-25152885 97010655
-29166979 98737782
