80
-33333329 99999997
-39171984 96896242
-43956819 92818514
-48276726 88986175
-50706710 86478129
-54247696 82711266
-57441783 78381119
-61564632 71827356
-65572345 65275701
-69563424 58284238
-75288290 47434111
-79347818 39731816
-84014951 30861639
-87134339 24742914
-90213344 17966220
-92360111 10673689
-94454810 2405129
-96441862 -6561916
-97947876 -15490088
-99164916 -24691658
-99999997 -33333330
-95370454 -39580097
-92422002 -42033705
-87318152 -45028282
-79938751 -48930084
-73704653 -51784207
-63019348 -56417424
-58559831 -58298583
-48076579 -62071732
-39338031 -65011942
-31389167 -67590450
-18979253 -71458304
-9319845 -74463634
-2086553 -76614584
4140654 -78302415
16132128 -81313068
31786412 -85227311
47103994 -88944735
64777119 -93034870
81409496 -96494720
100000000 -100000000
97910700 -89912413
96410309 -83074796
93878672 -73580270
91458114 -65323742
90118332 -60942469
87478598 -53245239
84991004 -46828145
81745693 -39171534
79731910 -34445198
78185827 -30868431
76171012 -26248050
72564474 -18079194
71166726 -14926400
68617722 -9355976
66157155 -3992262
62092703 4665062
58862537 11355126
56815380 15479461
53626081 21900712
49525554 28577648
48438032 30178602
45472423 34037410
42235285 38140887
37474232 43899561
32670123 49082124
29528128 52190778
24486439 57069787
18250062 63049345
13061917 67900065
9820941 70849364
5608616 74611999
2169627 77657952
-915266 80347549
-5472323 84292340
-8278670 86277990
-12740397 89235621
-18571914 92949760
-24082576 95922687
-27961457 97939117
