1034
-66666664 99999999
-66914262 99888163
-67429494 99396544
-67795438 98903717
-68152469 98389925
-68621425 97496053
-69060501 96648601
-69259261 96258744
-69609758 95564496
-70038939 94706075
-70588548 93603942
-71109960 92404443
-71668462 91112620
-72192124 89847993
-72489355 89122577
-72860809 88173140
-73160456 87365372
-73520067 86391444
-73763990 85700300
-74114683 84687870
-74899265 82408875
-75325364 81170121
-75738429 79963785
-76220608 78503311
-76536643 77533709
-76877148 76488247
-77204612 75417833
-77580696 74183626
-78143034 72321757
-78412462 71428938
-78675676 70539395
-79122599 69014617
-79337195 68254287
-79702077 66952892
-80013726 65839412
-80421177 64300336
-80747026 63057585
-81070542 61821948
-81451876 60332441
-81635980 59610029
-81981428 58238790
-82356780 56742860
-82526688 56046689
-83121021 53607690
-83419908 52362264
-83778231 50841703
-84074568 49556791
-84245385 48798991
-84470924 47783592
-84861584 46021169
-85075270 45017441
-85315230 43847472
-85575953 42574782
-86130725 39852658
-86421555 38420615
-86776491 36653823
-86982283 35618930
-87216314 34440485
-87403228 33499135
-87702455 31990764
-88026258 30356725
-88285337 29043490
-88517304 27851122
-88732605 26712313
-89079229 24851110
-89507117 22534375
-89906610 20305634
-90306656 18067679
-90691307 15866296
-90893766 14707142
-91217923 12804711
-91578908 10616653
-91736470 9622528
-91958340 8204160
-92357103 5576153
-92615503 3859712
-93001306 1255333
-93355642 -1137184
-93459556 -1846667
-93728071 -3695836
-94034441 -5820074
-94346643 -8111311
-94754622 -11213304
-94891485 -12272074
-95127110 -14177792
-95428673 -16618439
-95557698 -17679158
-95762393 -19389088
-95969805 -21131556
-96221168 -23276002
-96440829 -25204723
-96674823 -27316549
-96938773 -29765573
-97095409 -31368345
-97223905 -32691581
-97405715 -34575153
-97487560 -35437678
-97661019 -37285431
-97939142 -40256447
-98051042 -41463333
-98221687 -43335595
-98385550 -45136362
-98584699 -47429289
-98795770 -49900016
-99032004 -52689958
-99253826 -55309803
-99428882 -57779363
-99619141 -60520511
-99733696 -62171390
-99845191 -63977188
-100000000 -66666666
-99974993 -66758659
-99809135 -66907256
-99608530 -67068671
-99451069 -67176763
-99236784 -67322495
-99045816 -67443873
-98883954 -67544569
-98684871 -67661695
-98525640 -67752354
-98323699 -67865745
-98164587 -67953986
-98011507 -68035127
-97765667 -68161280
-97520919 -68286673
-97234154 -68433341
-96984524 -68560116
-96778475 -68664237
-96498386 -68805529
-96258737 -68922475
-95981548 -69055350
-95754126 -69163074
-95570747 -69247716
-95303695 -69370474
-95106476 -69457866
-94847258 -69571684
-94633874 -69664624
-94274491 -69820704
-94049799 -69917172
-93820560 -70011480
-93443366 -70163359
-93029999 -70328916
-92608489 -70497503
-92368052 -70592558
-92130422 -70685798
-91883452 -70782185
-91695273 -70854489
-91412945 -70960546
-91109023 -71072617
-90816743 -71180015
-90460118 -71310473
-90202387 -71404407
-89827054 -71539729
-89506199 -71654106
-89327973 -71717418
-88960285 -71846595
-88542175 -71992964
-88253843 -72092862
-87868153 -72225835
-87501583 -72351648
-87043525 -72508695
-86601758 -72658875
-86158945 -72807451
-85783485 -72933371
-85461352 -73040925
-85137661 -73148566
-84926109 -73218619
-84619170 -73319124
-84157773 -73463948
-83857078 -73558300
-83394924 -73701017
-83066810 -73802078
-82841981 -73871293
-82505670 -73974779
-82022245 -74123515
-81764419 -74202752
-81360465 -74325359
-80980176 -74439925
-80723743 -74517047
-80350982 -74628953
-80098345 -74704290
-79809961 -74790220
-79205771 -74969896
-78910700 -75056974
-78736625 -75108332
-78392103 -75209911
-78109173 -75292563
-77758940 -75394706
-77320471 -75520915
-76985954 -75616833
-76475966 -75762664
-76097110 -75870608
-75837101 -75944224
-75419716 -76062383
-74914423 -76203378
-74430352 -76338348
-73911103 -76482715
-73518802 -76590559
-73247284 -76665100
-72772674 -76794681
-72561765 -76852246
-72260652 -76934041
-71923302 -77025587
-71587648 -77116558
-71199453 -77220919
-70935820 -77291672
-70471360 -77413903
-69970626 -77542873
-69547524 -77651661
-68925995 -77809442
-68600399 -77891662
-68304561 -77965696
-68005121 -78040552
-67637286 -78132456
-67224664 -78235294
-66821318 -78335556
-66409414 -78437622
-66055551 -78525137
-65707557 -78611085
-65313546 -78708285
-65074959 -78766191
-64446801 -78918337
-64055729 -79013043
-63748378 -79086313
-63112121 -79237866
-62722318 -79330475
-62478981 -79388144
-62106805 -79476210
-61702112 -79571364
-61355888 -79652655
-60900492 -79757600
-60648507 -79815477
-60419187 -79868089
-59991002 -79966252
-59701765 -80032274
-59250817 -80135126
-58769805 -80244229
-58562048 -80291256
-58067087 -80403017
-57667984 -80493114
-57044863 -80633595
-56341250 -80791944
-55804612 -80911670
-55385532 -81004948
-54537921 -81192951
-54115124 -81286432
-53802750 -81355398
-53154844 -81497669
-52627511 -81612411
-52148893 -81716422
-51747219 -81803587
-51466372 -81864499
-50908973 -81984657
-50412923 -82087035
-49937804 -82183687
-49636247 -82244801
-49055701 -82362407
-48799470 -82414110
-48277237 -82519311
-47581869 -82659350
-47312359 -82713587
-47086642 -82758823
-46597420 -82856785
-46226516 -82930896
-45945684 -82986992
-45621511 -83051620
-45178040 -83139908
-44902181 -83194519
-44442639 -83284838
-44172304 -83337969
-43694257 -83431667
-43112209 -83545649
-42829785 -83600919
-42480858 -83669198
-41927445 -83777464
-41771256 -83807931
-41356957 -83888407
-41125019 -83933258
-40754281 -84004786
-40192198 -84112999
-39749198 -84198187
-39276880 -84288707
-38950766 -84350986
-38495631 -84437803
-38262379 -84482255
-37563889 -84615345
-37073073 -84708293
-36601958 -84797117
-36178832 -84876531
-35769206 -84952925
-35436228 -85015006
-34846726 -85124731
-34443063 -85199672
-33960834 -85288897
-33422253 -85388239
-32839600 -85495223
-32373896 -85580508
-32015851 -85645146
-31551239 -85728706
-31111382 -85807754
-30696316 -85881995
-30431246 -85929285
-30103515 -85987309
-29618339 -86073182
-28995082 -86183087
-28380986 -86291195
-27817803 -86389430
-27585994 -86429460
-27022012 -86526540
-26452690 -86622761
-25999322 -86699377
-25440029 -86793882
-25106552 -86850088
-24492538 -86953436
-24051581 -87027369
-23249103 -87161333
-22717796 -87248586
-22021992 -87362397
-21712586 -87412739
-21346036 -87472011
-21031003 -87522675
-20673323 -87580098
-20140843 -87665218
-19638029 -87745490
-19063504 -87836826
-18592816 -87910745
-18283042 -87959374
-17740957 -88044193
-17268179 -88117620
-16998685 -88159446
-16557518 -88227336
-15823242 -88340229
-15234401 -88430629
-14868489 -88486789
-14323204 -88570406
-13734936 -88660560
-13342455 -88720707
-12837828 -88797979
-12486867 -88851643
-12001083 -88925716
-11471106 -89006355
-11218964 -89043867
-10816284 -89103662
-10235388 -89189919
-9653675 -89276196
-9169330 -89347966
-8638005 -89426504
-8116476 -89502750
-7617708 -89575337
-6937149 -89674197
-6197539 -89781542
-5683323 -89855911
-5022427 -89950848
-4635932 -90006356
-4298042 -90054441
-3614366 -90151229
-3189647 -90211226
-2446446 -90316151
-1735192 -90416482
-1357966 -90469505
-907049 -90532549
-184076 -90633115
404326 -90714782
571861 -90737983
1359406 -90846964
1980010 -90932770
2280313 -90974005
2835876 -91049646
3553398 -91146572
4274873 -91243202
4801250 -91313600
5665805 -91428112
6015641 -91473806
6514399 -91538865
6945070 -91594841
7645733 -91685704
8454340 -91790448
9094235 -91873328
9569781 -91934849
9940121 -91982590
10415716 -92043168
10859701 -92099393
11404259 -92168195
11922189 -92233315
12574814 -92315294
13150628 -92387472
13795221 -92467242
14245103 -92522711
14618860 -92568731
15304006 -92652847
15806052 -92714313
16373402 -92783701
17076506 -92869463
17642918 -92937901
18389020 -93027801
19096870 -93112610
19818155 -93198924
20591742 -93291486
21077117 -93349444
21626655 -93414923
22106042 -93471695
22732362 -93545720
23125836 -93592127
23895191 -93682839
24734313 -93781541
25518749 -93873612
26256295 -93959939
26835556 -94027217
27425092 -94095359
28277198 -94193482
28742590 -94246749
29522355 -94335231
30131484 -94404039
30435698 -94438377
31032543 -94505295
31712763 -94580610
32223603 -94636336
32524880 -94669169
32888467 -94708628
33351125 -94758642
33881194 -94815804
34450185 -94877028
34902347 -94924196
35525921 -94989183
36070032 -95045788
36975806 -95139990
37674270 -95212489
38443752 -95291280
39310864 -95379523
40203366 -95470186
40644663 -95514664
41222113 -95572832
41674723 -95618171
42281650 -95678841
43061267 -95756461
43488111 -95798940
44202431 -95868637
44918746 -95938079
45770177 -96020399
46438768 -96084846
46866253 -96125919
47667629 -96202426
48504797 -96282188
49202159 -96348526
49910744 -96415854
50590865 -96479904
51069804 -96524999
51979268 -96610500
52198450 -96631100
52918574 -96697526
53398334 -96741562
53965877 -96793517
54666851 -96857663
55265619 -96912306
55896383 -96969582
56334067 -97009261
56969089 -97065643
57470314 -97109671
57909850 -97147824
58476793 -97197001
59131118 -97253680
59721563 -97304775
60079805 -97335687
61123734 -97425750
61883926 -97491294
62564605 -97548891
63383163 -97617084
63846776 -97655329
64605225 -97717769
65379374 -97780770
66007461 -97831772
66594775 -97879310
67031454 -97914583
67803320 -97976194
68604746 -98039884
69460916 -98107747
69767315 -98131828
70325449 -98175641
71108080 -98236935
71853504 -98295283
72416897 -98338322
73222680 -98398908
73878724 -98447961
74978778 -98530108
75516007 -98569046
75888883 -98596032
76584286 -98646310
77129468 -98685525
77852934 -98737163
78313538 -98769527
78888937 -98809285
79591990 -98857017
80434434 -98913930
81315241 -98973317
82632741 -99061536
83279145 -99104470
84142267 -99160983
85009711 -99217188
85850867 -99271677
86398975 -99306907
86956210 -99342278
87243327 -99360070
88123537 -99414231
88658485 -99446919
89027823 -99469050
89536629 -99498656
90528112 -99556188
90836339 -99572972
91437556 -99605525
92073151 -99639505
92762386 -99676093
93478088 -99714031
94015233 -99741585
94852871 -99783876
95669316 -99825081
96366676 -99859912
97155676 -99899103
97823561 -99930053
98092170 -99939768
98593240 -99956907
99222629 -99977867
99999997 -99999999
99933089 -99430263
99775379 -98249385
99680897 -97646865
99577509 -96996118
99470193 -96348867
99380919 -95825892
99279079 -95258133
99172623 -94682627
99053930 -94086133
98910913 -93434337
98749030 -92702148
98608059 -92096270
98486281 -91578504
98275314 -90756086
98157975 -90303723
98025492 -89806819
97940837 -89495414
97752173 -88819305
97630787 -88385752
97548143 -88091820
97420705 -87646114
97290310 -87199456
97234769 -87011086
97102179 -86566625
96930126 -85997404
96727120 -85336841
96566644 -84815432
96373038 -84189918
96166667 -83528323
95996884 -82985000
95898989 -82673274
95705787 -82059415
95590279 -81697539
95432536 -81203882
95245457 -80620751
95022205 -79925971
94875100 -79489009
94679664 -78909345
94470629 -78291243
94182122 -77448028
94031393 -77013427
93892018 -76613932
93712311 -76107159
93599362 -75789439
93342777 -75074459
93116480 -74445113
92896576 -73834603
92627495 -73090935
92470880 -72661331
92308219 -72217509
92127036 -71723198
91951049 -71244234
91801400 -70841041
91615527 -70345677
91478582 -69987154
91215618 -69299777
90929282 -68551424
90775355 -68149698
90467093 -67352724
90300109 -66923835
89977351 -66101734
89763624 -65561055
89536644 -64991701
89301185 -64414799
89066738 -63845239
88779392 -63147566
88520397 -62521859
88315051 -62038420
88240859 -61865347
88073924 -61477573
87815102 -60877655
87683439 -60575570
87552176 -60274930
87230435 -59542966
87030452 -59090873
86908448 -58816217
86594755 -58118493
86300994 -57465733
86104257 -57029946
85854287 -56483626
85593399 -55913526
85315664 -55307544
85117209 -54876192
84909279 -54425739
84711955 -53999718
84463315 -53471121
84273821 -53070621
84107270 -52718798
83924818 -52338045
83672241 -51812339
83380696 -51207159
83177023 -50784866
82914563 -50241474
82716628 -49832347
82294033 -48961928
82117595 -48599323
81934604 -48224630
81700177 -47745342
81452808 -47240454
81101037 -46531961
80743279 -45815409
80437847 -45209518
80237992 -44813650
79951776 -44247191
79689137 -43728765
79375208 -43111110
79050407 -42475668
78896205 -42177836
78717077 -41833744
78508319 -41432930
78136178 -40723266
77865159 -40207833
77654813 -39810254
77452191 -39427526
77234814 -39019091
77017609 -38611805
76757783 -38125596
76603856 -37839015
76399821 -37462135
76194649 -37085177
75846046 -36450113
75629466 -36059489
75412442 -35669847
75150763 -35203872
74878972 -34725761
74577660 -34196087
74299652 -33708073
74013163 -33205598
73757694 -32760926
73469461 -32260372
73215275 -31821997
72896680 -31273146
72731879 -30989659
72437422 -30485266
72130961 -29961388
71983374 -29710078
71618544 -29089382
71430958 -28770640
71223701 -28418847
70976709 -28000085
70661891 -27466384
70451173 -27111370
70272400 -26810380
70035547 -26412954
69877351 -26147577
69562514 -25625326
69157884 -24956213
69010000 -24711693
68612419 -24055229
68268064 -23487678
68022961 -23085037
67905548 -22892525
67598034 -22388500
67381166 -22033266
67104178 -21579856
66834144 -21139269
66482063 -20571581
66022509 -19836339
65820722 -19514223
65514940 -19026682
65218900 -18557746
64935430 -18109608
64645898 -17653496
64313792 -17130431
63941195 -16543825
63636295 -16064214
63411534 -15711354
63131641 -15274637
62781200 -14729136
62605790 -14457052
62453320 -14220568
62127589 -13715861
62002520 -13523442
61697051 -13055399
61535845 -12809788
61159104 -12237464
60767640 -11647515
60310494 -10958795
59976817 -10461374
59740507 -10111408
59417065 -9634750
59145866 -9235397
58923946 -8909492
58639558 -8492340
58397147 -8139464
58067749 -7661096
57887133 -7399167
57586041 -6962626
57348737 -6619240
57023575 -6149428
56582622 -5513147
56293517 -5096805
56118802 -4845586
55700426 -4249926
55541773 -4024669
55307330 -3692661
54940116 -3173518
54598480 -2691284
54397232 -2407307
54072614 -1949385
53786287 -1548574
53548845 -1219013
53287120 -857175
52813135 -204582
52516688 202827
52193861 645882
51885303 1068724
51496717 1601201
51112682 2127388
50783873 2577861
50589159 2844107
50269630 3277094
49944673 3714387
49769860 3947324
49455505 4364553
49144364 4777443
48745260 5304774
48496562 5633019
48327576 5854802
48125595 6119843
47675745 6704918
47519766 6907455
47292518 7202128
46898240 7708945
46533971 8177059
46179695 8631601
45956129 8917726
45601785 9370660
45284138 9775620
45009848 10124109
44790920 10401459
44298808 11022848
43992160 11409593
43610595 11889932
43349736 12217892
43040830 12605679
42701953 13030599
42437730 13361839
42195027 13664451
41791583 14165591
41563560 14447500
41277361 14801113
41093838 15027467
40819963 15364165
40494418 15763847
40186140 16142122
39818952 16587985
39522734 16947160
39136615 17414960
38756188 17875138
38402363 18302536
38189983 18558938
37746235 19093852
37486638 19406366
36939025 20061030
36555652 20518710
36330577 20786649
35942376 21245926
35553089 21706182
35380435 21910123
35100015 22241171
34761662 22640452
34401568 23062765
33996489 23534053
33682742 23895841
33407989 24212259
33148501 24510955
32844183 24860595
32614870 25123349
32360824 25414269
32000886 25826401
31850326 25998477
31358633 26560351
31087889 26869664
30599642 27426575
30212717 27867416
29814589 28314242
29564781 28593065
29112347 29092894
28683137 29565714
28344394 29937342
27967737 30349513
27506223 30853972
27100001 31297932
26649354 31789704
26266668 32205604
25963524 32534239
25503273 33031321
25158111 33403196
24925090 33654060
24476141 34135715
24091510 34548131
23766084 34896531
23512855 35166980
23084895 35623783
22884508 35836714
22548443 36192534
22037605 36733344
21715358 37074288
21332601 37479008
21100474 37724392
20634158 38216698
20136932 38741481
19782156 39112371
19390169 39522056
19084786 39841199
18527742 40420570
18291703 40665578
17841482 41131440
17431524 41554747
17149805 41844594
16951444 42048652
16411465 42602808
16087715 42933603
15749828 43278547
15384582 43650389
14986020 44053976
14727911 44314626
14272853 44773817
13895368 45154292
13586083 45464855
13113849 45937038
12705614 46343587
12430147 46617866
12155670 46890495
11818512 47224134
11417314 47620951
11072636 47961299
10511876 48511137
10243967 48773280
9804080 49203252
9197666 49794034
8661263 50312048
8292194 50666676
8058673 50890704
7450234 51474297
6990825 51913406
6460475 52415425
6109785 52744290
5837512 52999560
5613454 53209047
5239678 53556568
4858112 53910808
4573331 54174692
4144061 54570811
3803982 54884574
3344665 55306346
3108607 55521900
2543493 56037080
2256993 56297678
1788146 56723197
1511680 56973230
1078869 57363135
674924 57725632
295811 58064897
-89482 58408600
-285516 58582194
-689439 58938308
-1101785 59301409
-1305421 59479823
-1574951 59715487
-1957557 60048992
-2504542 60523546
-2921436 60885152
-3459087 61351174
-3910669 61740434
-4260231 62041545
-4743003 62453875
-4999352 62672669
-5398878 63012420
-5842117 63389198
-6389739 63854289
-6821177 64219429
-7070582 64430174
-7372982 64683332
-7759921 65005580
-8027402 65228095
-8502399 65622221
-8844365 65905324
-9112071 66125861
-9393921 66357531
-9903517 66776093
-10437010 67213900
-10733529 67456728
-11100851 67757285
-11419607 68017912
-11795877 68324755
-12258741 68701233
-12715258 69068521
-13325139 69558043
-13758243 69904003
-14516890 70505984
-14828508 70751949
-15258563 71090905
-15755109 71481494
-16081382 71737331
-16398703 71985416
-16885297 72363362
-17111767 72538682
-17441404 72791470
-17899359 73140996
-18388477 73513910
-18845724 73859548
-19070222 74029174
-19499318 74352633
-19917328 74666850
-20310692 74962523
-20816946 75342933
-21097336 75553303
-21225180 75648416
-21664850 75973777
-22074017 76275981
-22706101 76741248
-22885378 76872959
-23143251 77062311
-23696035 77465498
-24075834 77742493
-24469162 78028883
-24998526 78413707
-25310301 78639470
-25731500 78944324
-26115458 79221643
-26734121 79668257
-27200691 80004743
-27564862 80264733
-28027665 80592842
-28505849 80931005
-28945604 81239838
-29245001 81448795
-29651900 81732672
-29964161 81944892
-30304251 82174934
-30804994 82510046
-31139508 82733723
-31503614 82975949
-32128801 83391590
-32680512 83758378
-33018928 83982206
-33574358 84341607
-34139787 84706937
-34614682 85011708
-35015359 85266439
-35406922 85513649
-35918781 85836061
-36492923 86197269
-36819068 86401385
-37222873 86653987
-37627742 86904599
-38140483 87217926
-38613150 87506212
-39051231 87772173
-39591822 88096521
-40204554 88461816
-40523854 88651344
-40986830 88923467
-41449491 89194038
-41788468 89391387
-42195544 89625077
-42611608 89862897
-43226788 90213204
-43776616 90524101
-43994436 90645500
-44299171 90810399
-44938693 91151770
-45343651 91367527
-45911571 91667924
-46351105 91900309
-46605933 92033681
-47186318 92335613
-47465292 92475541
-47917499 92699738
-48369209 92921991
-48832299 93149278
-49354414 93402813
-49835047 93636063
-50130450 93777871
-50692475 94045644
-51044825 94208109
-51417155 94375946
-51911842 94597741
-52412219 94821247
-52778046 94982996
-53188425 95161578
-53668527 95369184
-54165641 95581374
-54975379 95917925
-55263181 96037340
-55656207 96200216
-56065901 96368179
-56616309 96591267
-56998086 96739937
-57548867 96952494
-57728675 97021425
-58179268 97194032
-58594086 97352640
-59404125 97661924
-59929808 97862185
-60680770 98145257
-61572473 98477445
-61861843 98574623
-62068387 98643718
-62518060 98792882
-63154740 99000473
-63559161 99132006
-63998710 99270028
-64233071 99343290
-64502391 99426209
-64743873 99500017
-65076266 99601346
-65467503 99720379
-65913591 99845411
-66027759 99876003
