744
-33333330 99999997
-33612351 99928387
-33880484 99849799
-34102023 99758010
-34424708 99620838
-34686618 99505326
-35065025 99337409
-35307066 99228601
-35621029 99080040
-35958306 98917916
-36173487 98812693
-36323211 98738045
-36839409 98478275
-37159916 98316854
-37488334 98147821
-37846097 97961489
-38264156 97743664
-38428604 97655380
-38820692 97443574
-39172220 97251972
-39508222 97065581
-39841668 96880325
-40208526 96670875
-40386974 96565251
-40684153 96387618
-40986464 96205158
-41266040 96033509
-41414177 95941942
-41757728 95728188
-42137966 95491432
-42476079 95275895
-42657604 95157351
-42992358 94936781
-43285629 94743462
-43564142 94557479
-43941984 94304590
-44219595 94116809
-44417825 93981649
-44684625 93795769
-44888714 93652542
-45136449 93477840
-45370328 93307214
-45588815 93147618
-45772326 93012901
-45942988 92884552
-46197715 92692696
-46512735 92453072
-46815986 92220626
-47032539 92054021
-47299831 91843765
-47628451 91582862
-47852323 91404922
-48052075 91243742
-48395457 90966629
-48682485 90734075
-48874022 90578137
-49147329 90354231
-49506202 90060167
-49806314 89811623
-50125930 89545248
-50232556 89454765
-50563299 89172473
-50906808 88878439
-51087878 88721823
-51322978 88518463
-51586716 88288282
-51887441 88022030
-52009858 87913646
-52175048 87766910
-52423583 87545838
-52699091 87296964
-52866183 87143790
-53209471 86827481
-53387164 86661905
-53642725 86422375
-53829522 86247188
-54024972 86063865
-54286285 85818567
-54655731 85468787
-55170098 84976749
-55460766 84698553
-55752436 84413983
-55998049 84174341
-56157687 84017911
-56531025 83648070
-56673323 83504644
-56909780 83266201
-57165547 83005360
-57398314 82762995
-57668322 82480586
-57903412 82233690
-58075156 82053018
-58279226 81835961
-58490753 81608794
-58693335 81391012
-58909768 81156495
-59253092 80783630
-59570516 80436161
-59921724 80051574
-60155549 79795049
-60403330 79523190
-60708112 79188573
-60985025 78884470
-61172252 78678695
-61257993 78584079
-61492164 78323994
-61680955 78114074
-61911420 77857706
-62192655 77542531
-62430985 77275087
-62597718 77085559
-62817287 76834787
-62878045 76765313
-63092376 76515700
-63270769 76305616
-63473054 76065795
-63904704 75551647
-64250678 75136964
-64610535 74705411
-64796549 74481817
-65086008 74131458
-65363427 73794219
-65585216 73523353
-65761309 73308215
-65964326 73059991
-66311994 72633934
-66509642 72391542
-66747432 72099089
-67019739 71759946
-67145821 71601223
-67409923 71268653
-67571660 71064176
-68030218 70484274
-68201688 70267418
-68512549 69871695
-68737811 69584695
-68903410 69371220
-69098311 69114869
-69433973 68671742
-69605935 68443095
-69859668 68103633
-70019445 67888691
-70281130 67534900
-70573471 67138215
-70715356 66944250
-70882433 66715828
-71125438 66383528
-71348911 66077812
-71589750 65745659
-71837383 65402117
-72061066 65091202
-72220047 64869427
-72397444 64620663
-72707073 64186063
-72935900 63863918
-73112032 63615806
-73379311 63238969
-73539124 63012434
-73817880 62616893
-74089351 62228446
-74311486 61906251
-74436340 61723936
-74600417 61483788
-74796864 61194155
-74935075 60989732
-75136725 60689964
-75281232 60474973
-75410152 60282945
-75554021 60064915
-75779362 59722448
-75975554 59423206
-76224865 59040670
-76476113 58653669
-76761426 58213770
-76969950 57892185
-77165403 57587540
-77331011 57326864
-77543938 56990436
-77700142 56742916
-77784250 56609192
-78010122 56246828
-78252079 55858223
-78520032 55426208
-78736206 55076488
-78962149 54707484
-79174758 54360130
-79408315 53977963
-79649944 53579380
-79910609 53149208
-80020214 52968045
-80242368 52596229
-80622748 51952021
-80722644 51781087
-80917100 51447149
-81022708 51265013
-81121522 51094181
-81267260 50841048
-81440077 50537491
-81569770 50306315
-81724819 50029396
-81921689 49676487
-82028303 49484756
-82334996 48929906
-82519305 48595646
-82740303 48187480
-83019197 47671542
-83201385 47329969
-83422184 46913152
-83605452 46562327
-83776730 46228774
-84034058 45725920
-84225974 45350171
-84401273 45006200
-84583385 44646403
-84752664 44310656
-84855687 44106276
-85000630 43817323
-85148848 43517247
-85309764 43190553
-85548053 42703538
-85839408 42106907
-86010954 41755233
-86216916 41330864
-86379496 40991503
-86566705 40600355
-86837309 40034304
-87028048 39634914
-87222474 39225663
-87345510 38962233
-87566679 38487489
-87750789 38084533
-87909043 37736589
-88027712 37475521
-88232514 37023368
-88381273 36693992
-88516197 36393542
-88698727 35983791
-88840978 35663823
-88963144 35384821
-89105447 35059790
-89361103 34471948
-89577211 33970864
-89742686 33582856
-89904926 33201972
-90069505 32813910
-90228170 32438558
-90348087 32154119
-90605912 31541669
-90743898 31208189
-90842869 30965557
-91047376 30458798
-91179126 30129408
-91251763 29946186
-91424175 29510805
-91559389 29169018
-91757185 28667995
-91884914 28342817
-91993880 28063651
-92172275 27604563
-92351410 27126250
-92485833 26767036
-92606119 26442772
-92799270 25920928
-92914583 25607843
-93150606 24961958
-93298290 24557037
-93461865 24107756
-93619311 23673708
-93752081 23306659
-93889513 22919010
-93999219 22607346
-94125796 22244060
-94250965 21882430
-94360566 21565678
-94526306 21083111
-94671496 20653083
-94854260 20107021
-94996426 19680915
-95093051 19388673
-95203769 19053268
-95347329 18617559
-95509223 18122544
-95673611 17619378
-95771151 17317344
-95962650 16723852
-96130428 16195259
-96318165 15593946
-96442589 15194013
-96568729 14783285
-96685290 14399128
-96827537 13928829
-96899393 13690057
-96992033 13380795
-97042256 13211276
-97151345 12837145
-97254598 12480869
-97392938 12002760
-97557905 11428980
-97688398 10974350
-97804302 10563275
-97954717 10019281
-98100751 9489555
-98283225 8821497
-98383390 8452691
-98533793 7897501
-98645331 7476553
-98830597 6774391
-98926285 6400676
-99051684 5886995
-99124078 5584455
-99219992 5179984
-99311325 4784882
-99443192 4205560
-99547179 3681812
-99610196 3324469
-99668057 2951733
-99756807 2338201
-99814709 1899853
-99853704 1572009
-99919089 1005961
-99961431 625146
-99999998 0
-99620207 -926053
-99466882 -1238066
-99172528 -1788706
-98971332 -2132119
-98512314 -2890228
-98255670 -3298213
-98159975 -3449828
-97844085 -3947008
-97657023 -4241111
-97428022 -4598972
-97042500 -5191467
-96757704 -5617498
-96377530 -6153173
-96056941 -6572897
-95713855 -7020610
-95426663 -7395017
-95120539 -7793740
-94651704 -8394098
-94214609 -8949764
-93971454 -9244571
-93595614 -9698990
-93262462 -10100119
-92786957 -10670375
-92482460 -11026587
-92146434 -11418659
-91823941 -11792167
-91563469 -12088830
-91038625 -12682375
-90700647 -13064175
-90341958 -13469177
-89799371 -14068990
-89291343 -14603606
-88871614 -15043293
-88640793 -15285076
-87978871 -15967053
-87451780 -16508932
-87220404 -16745035
-86909889 -17061846
-86420824 -17560731
-85897296 -18094641
-85336913 -18664033
-84973419 -19031454
-84697788 -19308017
-84338831 -19664785
-83868026 -20130464
-83504988 -20485521
-83170412 -20808519
-82814350 -21148475
-82547681 -21398745
-82165960 -21755684
-81953066 -21949430
-81719623 -22160882
-81316639 -22515365
-80905156 -22874083
-80568558 -23167099
-80088568 -23584722
-79656395 -23958433
-79163360 -24383845
-78589622 -24878583
-78189998 -25221947
-77525565 -25792638
-76833771 -26373259
-76353522 -26771552
-75888768 -27155679
-75383847 -27571726
-74620097 -28194398
-74227497 -28514050
-73867184 -28807396
-73190206 -29353807
-72667746 -29772642
-72173597 -30167920
-71764950 -30494342
-71402164 -30779021
-70791060 -31250316
-69934328 -31903813
-69324548 -32367326
-68843002 -32727226
-68268557 -33154637
-67533912 -33700718
-67010433 -34088799
-66274395 -34634143
-65883512 -34922861
-65246032 -35391828
-64755052 -35750902
-64524512 -35918729
-64218598 -36140963
-63550882 -36624231
-63040951 -36991766
-62658961 -37263231
-62236823 -37561648
-61793401 -37873203
-61408145 -38143752
-61125914 -38341702
-60244916 -38955376
-59741553 -39305467
-59240891 -39653121
-58750336 -39992964
-58106366 -40438410
-57566488 -40805790
-56706243 -41390798
-55899734 -41937798
-55297857 -42345563
-54763213 -42702466
-54150125 -43107797
-53500664 -43535427
-52801691 -43993507
-51859023 -44605044
-51291278 -44972990
-50531183 -45463257
-49718349 -45985311
-48855248 -46535296
-48171163 -46968469
-47686675 -47270989
-47385757 -47458841
-46969767 -47718520
-46395138 -48075654
-45582882 -48574289
-44897032 -48994462
-44271071 -49377087
-43853193 -49632490
-43228212 -50012915
-42490385 -50459133
-42283997 -50582949
-41879508 -50822306
-41348511 -51135922
-40829386 -51441176
-40229471 -51787358
-39730779 -52073488
-39122185 -52422024
-38904515 -52546653
-38031024 -53046337
-37562898 -53313649
-36908005 -53685148
-36420253 -53959961
-35912801 -54244141
-34956538 -54779160
-34442009 -55064832
-33742306 -55451409
-33368993 -55657541
-32772270 -55986970
-32241924 -56279126
-31529377 -56669972
-31092478 -56907579
-30955271 -56982016
-30243375 -57368196
-29466134 -57788079
-28698732 -58201600
-28234508 -58449381
-27374000 -58906930
-26592022 -59321274
-25926884 -59673634
-25492330 -59902981
-24942330 -60193020
-24312580 -60524158
-23389364 -61008661
-22325885 -61563626
-21920927 -61773761
-21305627 -62091222
-20707942 -62398464
-19870905 -62824337
-18896581 -63319033
-18061390 -63743052
-17532861 -64010824
-16695612 -64432443
-15696858 -64935362
-15102732 -65231923
-14722803 -65421447
-13955526 -65802216
-13395725 -66079324
-12295482 -66620854
-11735599 -66895930
-11326961 -67095926
-10854668 -67326403
-9966989 -67753542
-9572308 -67941593
-9017277 -68204992
-8245514 -68568939
-7403473 -68962341
-7028924 -69137244
-6391467 -69433564
-5664614 -69771147
-5127448 -70019689
-4553164 -70285294
-3925122 -70574498
-3552626 -70745318
-3163614 -70923591
-2292624 -71318463
-1848696 -71519609
-1262088 -71780037
-592196 -72074754
48198 -72356266
719379 -72651270
1271229 -72893515
1653938 -73060608
3028964 -73656515
3655750 -73926609
4321632 -74212774
5039487 -74520552
5752035 -74825991
6519405 -75151006
7010611 -75358781
7909041 -75728227
8756010 -76075223
9695982 -76459195
10442778 -76762626
11289068 -77105327
12023508 -77401709
12937796 -77769188
13234981 -77887519
14113219 -78233901
14745910 -78483126
15106239 -78625012
15669046 -78843068
17319898 -79474201
18103318 -79771739
18834275 -80047189
19551214 -80316543
19945068 -80463426
20768070 -80769720
21681210 -81104986
22175753 -81286539
22875099 -81541272
23700635 -81840684
24173116 -82011687
24811173 -82240028
25533221 -82496051
26799929 -82938254
27734338 -83253803
28390745 -83473737
28955717 -83662745
29885415 -83972192
30883991 -84304427
31572733 -84531530
32368296 -84791554
33064958 -85018707
33855438 -85272916
34580650 -85505522
35382379 -85760005
36264488 -86039747
36859758 -86228223
37601322 -86462006
38344029 -86695699
39103416 -86932344
39794976 -87147823
40383279 -87330891
41400420 -87647159
42409010 -87960009
43358393 -88253156
44045023 -88464666
45008383 -88760001
45600421 -88940831
46973358 -89345343
47900289 -89616793
48828712 -89887202
49212005 -89997872
50275354 -90301487
51346217 -90606416
52217424 -90849119
52966993 -91057009
53440198 -91187693
53769615 -91278188
54286743 -91414124
55294958 -91676286
55836160 -91815991
57299934 -92190357
58226028 -92426630
58747387 -92558366
59861990 -92839706
60776655 -93067529
61665844 -93288970
63101946 -93645707
64056592 -93879023
64975234 -94101653
65497177 -94228116
66423328 -94451702
67268691 -94655726
68040956 -94831304
68416400 -94915759
69041678 -95053807
70087106 -95280179
71198507 -95515648
72042830 -95692042
73170170 -95926512
74311053 -96162653
75430549 -96392183
76242234 -96558174
76826673 -96675178
77538384 -96816766
78412424 -96988212
79098334 -97121625
79753766 -97247854
80704280 -97422867
82161928 -97687420
82983894 -97835660
83767913 -97969300
84438079 -98082853
85295546 -98227719
87000376 -98500079
87402625 -98561905
88267090 -98694678
88926583 -98795348
89619693 -98900057
90553743 -99036917
92019235 -99250374
93001751 -99391204
94192448 -99518503
95183142 -99620316
96208228 -99712409
97566915 -99830495
98700794 -99922482
100000000 -99999999
99784051 -98536874
99607664 -97439683
99064912 -94201921
98632526 -91799396
98128653 -89063958
97740994 -87032357
97343302 -84958288
96939647 -82914773
96158466 -79038705
95634689 -77061988
94987912 -74780643
94126712 -71927496
93394728 -69634837
92953846 -68304748
91995395 -65531211
91426940 -63926207
90664758 -61833014
90093531 -60268081
89299415 -58097649
88392636 -55656415
87051670 -52235223
86149809 -49945381
85310463 -47919965
84014148 -44832691
83081101 -42611195
82192998 -40531778
81482862 -38917798
80762816 -37294993
79781088 -35084954
78899055 -33100678
77399274 -29768608
76670705 -28168156
75650099 -26017300
74961802 -24602688
74311698 -23269110
73032920 -20649714
72214896 -18977368
71687627 -17901405
71045442 -16605558
70044907 -14678800
68806955 -12318120
67089333 -9104473
66175632 -7423741
64978546 -5232074
63535147 -2671430
62510878 -859765
61054156 1676136
60069534 3353693
58912809 5219608
58224636 6321529
56857898 8506001
55545036 10602917
54214794 12724168
53232185 14287380
52424852 15568870
51385804 17194614
49214090 20569150
47679416 22850236
46134048 25135360
44748594 27168609
43174845 29453710
41970320 31139368
40480478 33201992
38096295 36441007
36655297 38353269
36094421 39095125
34894875 40634935
33617195 42266692
32201355 44048860
30681399 45947226
29619943 47263048
28546947 48583747
27719108 49600286
26624481 50927696
24795716 53107961
23596973 54503055
22130761 56188731
20711420 57778318
18948864 59734318
17734531 61026413
16283826 62535770
14694115 64171639
13476893 65413459
11968757 66949315
10093869 68835505
7787329 71153113
6472165 72471831
5231189 73676163
3288532 75552531
1609036 77163439
33837 78636002
-1139605 79698653
-2565629 80983951
-4327048 82444158
-5687722 83563649
-6911429 84569476
-8817965 86096420
-9882977 86912906
-11087622 87794887
-12350875 88718040
-14709146 90394406
-16595362 91719136
-17720120 92506747
-19255456 93549784
-21268772 94866115
-22774387 95846310
-24258023 96632598
-25913298 97490535
-27616357 98284916
-29722154 99047574
-31137074 99514796
