628
-33333333 99999996
-33731975 99929314
-33976565 99878983
-34442193 99700883
-34706280 99598978
-35125151 99436501
-35622735 99220037
-36080038 98980381
-36584554 98715742
-36964993 98510796
-37329764 98308975
-37673540 98117941
-38081949 97884278
-38457612 97659125
-38709214 97504071
-39302875 97114879
-39917579 96700894
-40360904 96395901
-40780744 96102662
-41184518 95820274
-41480845 95608557
-41812844 95367376
-41966199 95254551
-42228903 95059646
-42453385 94890569
-42634615 94753287
-42916635 94539107
-43248464 94286300
-43713880 93930680
-44164487 93583039
-44639290 93216311
-45040416 92902703
-45465681 92567602
-45802055 92301432
-46168210 92009911
-46436296 91791157
-46648826 91615618
-46927349 91384648
-47300397 91074499
-47812251 90647563
-48093427 90410066
-48471385 90084875
-48888988 89723149
-49399211 89267940
-49751103 88952198
-49980849 88745061
-50166394 88576888
-50314973 88437821
-50568713 88197868
-50919202 87865352
-51432435 87371197
-51838861 86978326
-52156471 86671199
-52417798 86417244
-52648987 86187459
-52969942 85867968
-53468043 85369117
-53700189 85135091
-54054020 84776899
-54427661 84394107
-54662302 84153655
-54927365 83879196
-55331369 83459798
-55644211 83129442
-56010989 82741531
-56371754 82359675
-56763345 81944844
-56938167 81757793
-57330514 81336018
-57744961 80889870
-58132403 80470941
-58451010 80125376
-58719784 79831278
-59085651 79426164
-59240202 79252318
-59490627 78970196
-59884586 78524941
-60269731 78085963
-60621609 77674792
-60936227 77306965
-61307589 76872016
-61575938 76557327
-61766791 76333306
-62078984 75961094
-62383189 75595460
-62621929 75305675
-62894144 74971671
-63174888 74625121
-63531278 74181188
-63836856 73799799
-64112023 73456100
-64377198 73121636
-64730663 72671915
-65035654 72281710
-65326497 71906618
-65779509 71321154
-66024534 71002416
-66533580 70339602
-66957588 69783546
-67128620 69558594
-67436143 69154101
-67704412 68799728
-67960470 68461483
-68281284 68036463
-68524906 67713538
-68936673 67167321
-69212241 66800441
-69424937 66517176
-69680705 66172945
-69997813 65745801
-70284059 65353086
-70643957 64857777
-70942302 64443378
-71128808 64183811
-71410631 63789309
-71720595 63348141
-72104222 62802097
-72452384 62303148
-72725301 61911356
-73011333 61500589
-73274167 61119374
-73461181 60843957
-73874279 60232649
-74221855 59716920
-74585846 59173867
-75055143 58471997
-75317218 58079799
-75536282 57747300
-75919923 57162624
-76188907 56752617
-76398825 56430866
-76724805 55928139
-76995029 55509112
-77267699 55084867
-77632520 54514583
-77855827 54164231
-78165054 53677537
-78442109 53240838
-78849842 52574144
-78996591 52332355
-79252122 51910205
-79564848 51391681
-79652410 51245887
-79825596 50954929
-80055212 50568651
-80366198 50036486
-80624329 49593300
-80843900 49214528
-81073778 48817684
-81313051 48403815
-81429101 48200648
-81724594 47683061
-81983956 47222184
-82194304 46848275
-82335265 46596530
-82645986 46036102
-82824586 45708836
-83210262 44983210
-83566407 44308296
-83803794 43856355
-83963248 43550165
-84223734 43049062
-84346224 42807660
-84519943 42463851
-84708614 42088998
-84839679 41827952
-85155041 41194659
-85353603 40793362
-85581860 40330488
-85856623 39766813
-85985073 39502863
-86252070 38953044
-86462635 38518667
-86625167 38183289
-86858842 37699820
-87190794 37012456
-87608055 36139654
-87738587 35863950
-87932887 35453208
-88301837 34663969
-88550712 34127592
-88829033 33522963
-89113235 32900205
-89326237 32428396
-89549362 31932926
-89862377 31237359
-90076994 30757909
-90379069 30082201
-90593924 29595572
-90806477 29112652
-91168285 28288521
-91464026 27608738
-91597795 27300876
-91769048 26905357
-91960543 26462080
-92148469 26022391
-92413885 25397924
-92618828 24906071
-92847347 24334610
-92984071 23987572
-93273534 23248492
-93458366 22773534
-93614789 22362932
-93834376 21786353
-94051972 21209955
-94245338 20684683
-94453328 20111432
-94719099 19374171
-94877651 18933998
-95003941 18577804
-95184631 18064196
-95423607 17367159
-95645780 16718447
-95838770 16151837
-96004168 15661458
-96109342 15348361
-96328592 14690681
-96442268 14346432
-96604963 13851740
-96767234 13317553
-96935109 12745251
-97122612 12104596
-97273671 11588283
-97439008 11020205
-97637622 10326926
-97849782 9566059
-97986714 9071623
-98156169 8455459
-98283214 7993225
-98532789 7053548
-98782638 6110885
-98899198 5655585
-99029520 5132832
-99151235 4633344
-99270081 4137681
-99454722 3361469
-99595639 2758406
-99708291 2244515
-99865336 1484128
-99913587 1050286
-99959260 617545
-99999997 0
-99703545 -744436
-99332347 -1642022
-98713784 -2909483
-98054549 -4082448
-97175932 -5367775
-96338324 -6509722
-95575233 -7546763
-95107393 -8115994
-94485717 -8857872
-93116462 -10374680
-92009410 -11531488
-90556046 -13016966
-89932656 -13623055
-88914877 -14610546
-88389136 -15113827
-87199940 -16219540
-86181889 -17165705
-85132803 -18128953
-84589162 -18618135
-83995646 -19151664
-83065189 -19987178
-82095402 -20848138
-80973133 -21824087
-80279338 -22426623
-79492190 -23108780
-78365371 -24084453
-76660604 -25491805
-75109317 -26766280
-74100752 -27592137
-73347546 -28193233
-72040626 -29228748
-70352143 -30560014
-69276590 -31406324
-67912151 -32465647
-66474179 -33544198
-65298600 -34372869
-64042379 -35252525
-63281411 -35783820
-62421458 -36378109
-60950473 -37393291
-59729287 -38231813
-58372804 -39159463
-57198441 -39950307
-56448207 -40454696
-55476265 -41094813
-54420961 -41785804
-52894118 -42783879
-51333819 -43799096
-50277719 -44484084
-49189451 -45188984
-48004444 -45952683
-47188154 -46468367
-46354229 -46994143
-45157533 -47726237
-44242526 -48281694
-43587347 -48678514
-41187359 -50120993
-40172114 -50721905
-39208215 -51273656
-37498580 -52246893
-35845258 -53185203
-33867428 -54295720
-32225848 -55183019
-31208646 -55731574
-29633854 -56572014
-28213562 -57326838
-27044592 -57932976
-26050023 -58444552
-24230650 -59366923
-22683800 -60140116
-21282663 -60839207
-19552422 -61701790
-18533314 -62204566
-16634991 -63140730
-15077447 -63899214
-13456106 -64684427
-12353307 -65214557
-10651558 -66019921
-8720283 -66910592
-7850656 -67309582
-6948006 -67719594
-5854500 -68216265
-2994647 -69506025
-1161493 -70330940
632815 -71133247
1995745 -71738485
3458548 -72382954
5145597 -73115992
7327718 -74052471
8648984 -74617920
9476270 -74970146
10901785 -75567803
12535705 -76240686
14405368 -76999416
15549137 -77455846
17599857 -78271105
19307665 -78948173
20823278 -79526426
22589061 -80199993
23775584 -80652200
24478120 -80918725
26231874 -81580761
27448745 -82035301
29136835 -82636265
31831711 -83590192
33569905 -84203043
35162762 -84755561
35866753 -84987925
37925756 -85654511
39802057 -86261216
41657139 -86857294
44120742 -87635139
45560659 -88087401
47423127 -88671766
48650577 -89045423
51054193 -89775807
52843028 -90313609
54679161 -90846605
56504791 -91354015
58711249 -91939894
60598957 -92438015
62616175 -92959994
63745206 -93247819
65678906 -93737870
67521392 -94195148
68811429 -94505762
70771317 -94972081
72261627 -95318421
73620029 -95623637
75826706 -96118070
77349915 -96443682
78614312 -96702410
80132473 -97006923
81863665 -97352898
85042309 -97955214
87493381 -98418762
90141876 -98837455
91917537 -99100309
94411893 -99439486
96202321 -99637322
98234839 -99852803
99999998 -99999996
99885415 -99007093
99704555 -97789737
99594195 -97062919
99492655 -96411862
99295229 -95171636
99025172 -93716470
98725862 -92183321
98500301 -91066676
98181313 -89503711
97839051 -87845314
97676362 -87069226
97478374 -86178964
97351575 -85624282
97112031 -84584528
96764876 -83118248
96319857 -81310943
96179446 -80763815
95857492 -79523060
95537939 -78299899
95327262 -77538021
95038037 -76528220
94610331 -75069143
94255895 -73873335
93824148 -72450611
93436577 -71180866
93251031 -70587163
92927360 -69605400
92661285 -68812198
92267017 -67637635
92085389 -67099569
91844218 -66388857
91502023 -65407248
90903888 -63699149
90667533 -63031146
90256851 -61874696
90011114 -61190146
89810994 -60635403
89578587 -59992210
89300774 -59225270
88797222 -57860035
88284197 -56479640
87823848 -55250201
87483893 -54346161
87180421 -53543623
86786135 -52516793
86348169 -51377483
85715225 -49739026
85411221 -48960471
85085694 -48128966
84561936 -46799750
84102088 -45635171
83826630 -44942759
83423767 -43930823
83077780 -43069836
82788347 -42352222
82341172 -41274090
81914481 -40247482
81586228 -39457764
81275111 -38727134
81059232 -38233491
80731004 -37486339
80154161 -36184744
79576919 -34900890
78989666 -33603397
78449659 -32413730
78061219 -31562561
77716415 -30808177
77315739 -29933781
76820528 -28857134
76392835 -27932367
75845320 -26759854
75454845 -25926810
74979939 -24921308
74602118 -24122183
74197592 -23272779
73714682 -22261906
73247255 -21286872
72926901 -20619096
72591063 -19922085
72043988 -18791805
71714844 -18130969
71279181 -17266165
70856580 -16432358
70328046 -15391234
69898725 -14549228
69350029 -13482926
69145918 -13088753
68716407 -12260608
67960270 -10804989
67557378 -10030281
66963648 -8889328
66409123 -7825316
65988358 -7025086
65804354 -6676910
65290286 -5709843
64776694 -4749075
64223634 -3716593
63816024 -2955745
63404608 -2187984
62884303 -1219162
62510068 -525174
62061773 303614
61718695 933974
60857539 2515550
60465414 3230000
60148619 3806661
59789198 4459826
59239998 5438882
58586086 6599919
58004130 7621174
57657693 8227797
56966362 9438112
56360456 10478983
56036967 11032365
55479164 11978717
55018902 12756584
54385642 13814498
53898222 14617621
53265955 15658973
52768672 16477513
52299233 17249692
51687591 18235576
50999406 19329159
50369255 20319946
49588361 21537938
49000186 22441485
48552879 23123835
47993455 23975587
47370359 24909912
46488925 26217475
45677994 27415099
44787276 28724221
44208551 29573192
43714408 30290935
43206315 31028530
42705667 31747865
42129606 32574772
41516699 33442616
41104505 34023819
40234769 35232993
39725573 35939731
39325785 36494156
38682381 37383190
38086101 38198514
37324981 39237459
36595284 40210930
35986455 41016407
35708142 41380917
35089970 42184700
34416071 43059683
33486451 44248338
32911633 44967999
32396385 45612614
31781001 46375914
31015316 47321603
30325833 48172018
29318448 49404700
28768871 50068902
28166056 50795524
27780921 51258093
27170136 51989467
26558460 52713074
26121306 53223404
25493518 53939431
24971179 54531342
24174300 55429318
23535132 56145285
22812818 56947156
22195124 57632113
21701208 58176116
21043189 58899813
20128915 59897924
19203534 60903095
18921792 61208258
18137989 62049555
17691203 62527383
17067466 63193067
16707671 63575391
16107570 64208870
15851245 64477343
15110574 65241585
14264945 66113127
13980558 66402923
13393291 66990904
12670262 67704058
12142202 68220341
11612211 68736334
11082960 69247196
10045183 70236815
9467403 70786180
8694441 71517577
7875180 72276341
7194400 72906135
6763257 73302936
5967493 74027529
5222095 74703202
4757034 75123129
3891065 75902127
3253604 76474239
2655385 77006821
1815204 77745064
890391 78555897
165563 79164458
-645388 79840522
-1415037 80479881
-2401764 81291670
-3329051 82038313
-4147680 82682119
-5151144 83469327
-5572295 83789693
-6351499 84381667
-7154222 84989526
-7792539 85469639
-8479094 85980501
-9022350 86381554
-9951655 87066025
-10682422 87591741
-11847127 88427616
-12627159 88981642
-13404178 89523522
-13818955 89803943
-14252570 90096224
-15190523 90711662
-15618483 90989152
-16489026 91549740
-17540062 92218293
-18253690 92670059
-19088847 93191865
-19662338 93547183
-20141794 93838167
-21107388 94414545
-21738830 94777855
-22524831 95225770
-23261384 95619274
-24160960 96099819
-25413629 96743425
-26552237 97323398
-27355389 97725331
-28068453 98072663
-28596757 98317243
-29389249 98649412
-30383764 99024682
-31372500 99367300
-32647334 99801963
