980
-66666666 99999997
-66784172 99932211
-66944190 99828718
-67028149 99767743
-67103610 99697014
-67261400 99547612
-67411330 99400679
-67525639 99269859
-67598927 99181504
-67727597 99026153
-67859927 98850008
-67994066 98667389
-68120583 98488606
-68246613 98308359
-68341569 98165529
-68430346 98029545
-68595607 97767853
-68689725 97617111
-68840875 97371118
-68962250 97173269
-69029156 97062591
-69117741 96915426
-69220007 96743396
-69324792 96565617
-69410016 96414093
-69553922 96157731
-69716948 95864618
-69822432 95673226
-69890897 95548608
-70053652 95251372
-70163117 95050502
-70304997 94789284
-70401073 94610251
-70511517 94404341
-70707787 94036573
-70780539 93899063
-70853402 93757011
-70913945 93637202
-71068075 93327552
-71219266 93020012
-71302023 92850460
-71415514 92616720
-71535104 92369595
-71648575 92133744
-71721504 91981409
-71779708 91859485
-71898433 91610768
-72016228 91362075
-72089295 91204553
-72233700 90891871
-72285474 90777754
-72391235 90543313
-72568349 90144481
-72677137 89892762
-72838602 89517496
-72930376 89302241
-73063959 88984339
-73172920 88714277
-73298375 88402145
-73420583 88096383
-73504186 87886976
-73567673 87727577
-73662999 87485998
-73750808 87262491
-73837392 87041828
-73958777 86728915
-74035951 86528459
-74101888 86356633
-74203782 86089433
-74325061 85768576
-74392913 85588598
-74523335 85240604
-74658413 84878544
-74772704 84571614
-74842822 84382606
-74995637 83969892
-75082105 83733419
-75173844 83480675
-75266363 83224720
-75388818 82881208
-75494316 82576944
-75632696 82177494
-75724282 81911424
-75806081 81670056
-75943993 81256816
-76080059 80847167
-76188450 80519993
-76281698 80235385
-76337727 80064155
-76468678 79660008
-76540180 79438180
-76618664 79193696
-76743718 78804135
-76799806 78628940
-76909129 78284016
-76973581 78079975
-77080136 77742163
-77145950 77533402
-77224372 77281988
-77295781 77050087
-77392225 76734547
-77425084 76626531
-77528050 76287231
-77640114 75917682
-77712666 75677917
-77810474 75352046
-77927555 74961087
-77997472 74726443
-78091739 74410071
-78196445 74056396
-78313663 73658248
-78397476 73372932
-78483926 73076212
-78527403 72925092
-78616223 72614933
-78720770 72249321
-78864091 71741303
-78951535 71430461
-78987955 71300883
-79072766 70995724
-79158083 70688249
-79293261 70199521
-79408263 69782798
-79517502 69384114
-79586627 69131434
-79751582 68528360
-79853474 68154285
-79948758 67803280
-79980482 67684852
-80068044 67357817
-80153010 67036085
-80199427 66859953
-80290599 66513010
-80397376 66105776
-80499391 65715834
-80559351 65486283
-80682213 65015295
-80744392 64776033
-80803727 64546923
-80946591 63994740
-81025636 63689144
-81170421 63128215
-81258047 62787548
-81358905 62391233
-81480741 61911932
-81578369 61526251
-81658052 61211114
-81731816 60919001
-81877344 60341143
-81974935 59953217
-82121614 59367415
-82213084 59001285
-82314126 58595524
-82468349 57969203
-82558687 57602091
-82612365 57380761
-82686343 57075081
-82763847 56754628
-82836943 56452027
-82884420 56254650
-82959459 55942084
-83045511 55581848
-83136239 55201505
-83282496 54587669
-83379950 54177848
-83497959 53680508
-83594372 53273317
-83688976 52872090
-83788796 52447598
-83852675 52175492
-83934486 51826373
-84005701 51521427
-84087973 51166956
-84165306 50832713
-84260772 50419968
-84312137 50195661
-84428940 49679042
-84515748 49293335
-84639483 48742820
-84732336 48329456
-84793244 48058291
-84851962 47796369
-84980733 47221695
-85064538 46847347
-85138533 46513372
-85201916 46225588
-85282285 45853917
-85343913 45568849
-85469044 44989697
-85576217 44493000
-85651221 44144700
-85707831 43881207
-85811583 43397776
-85907283 42949994
-85993627 42545602
-86073426 42167623
-86186897 41629713
-86277433 41200219
-86348120 40862239
-86416337 40536068
-86474137 40259698
-86560598 39844247
-86645119 39437080
-86705770 39143509
-86789043 38740177
-86880188 38296861
-86921690 38094482
-86995590 37733098
-87064603 37391429
-87155344 36941771
-87211899 36656673
-87281531 36305487
-87342504 35996722
-87406424 35672995
-87487992 35258893
-87602243 34676982
-87666227 34349992
-87773382 33801581
-87880115 33253469
-87973282 32773144
-88058401 32333494
-88091800 32159851
-88155169 31827704
-88231258 31427671
-88299823 31066132
-88369384 30696679
-88480886 30103601
-88528805 29848536
-88617089 29376814
-88696394 28951671
-88801524 28387369
-88896882 27874774
-88994910 27347571
-89039421 27108031
-89091980 26822594
-89178932 26350128
-89264442 25884840
-89354179 25393982
-89435099 24947981
-89487514 24656965
-89526449 24439794
-89604344 24003659
-89657420 23705855
-89725518 23321903
-89887634 22407435
-89952783 22038726
-90077266 21332905
-90123757 21068865
-90227912 20475976
-90299503 20067137
-90333381 19873361
-90398203 19501973
-90504789 18890900
-90584678 18432430
-90686410 17845432
-90771143 17355365
-90847685 16903698
-90941402 16349000
-91041815 15752640
-91103363 15386444
-91140828 15163332
-91190262 14867567
-91286981 14287851
-91365635 13814671
-91428741 13433959
-91489715 13062328
-91598514 12398772
-91661095 12016582
-91717411 11672214
-91838660 10928216
-91902334 10534587
-91972400 10100509
-92044159 9653106
-92138354 9065408
-92187212 8760445
-92248757 8375153
-92314360 7961275
-92376908 7564614
-92456794 7054561
-92480339 6903326
-92571469 6317159
-92627168 5958635
-92739744 5230453
-92818551 4717229
-92905373 4151214
-92957894 3806249
-93026131 3353227
-93095954 2889616
-93166015 2418868
-93230396 1985961
-93314900 1415605
-93392021 893771
-93464039 401859
-93571373 -331605
-93620868 -674726
-93701468 -1239543
-93755374 -1617580
-93829293 -2138263
-93893718 -2599043
-93941350 -2939839
-93999605 -3358053
-94037323 -3629144
-94068229 -3851712
-94121518 -4236309
-94218584 -4937753
-94282797 -5403851
-94345808 -5862957
-94404045 -6288182
-94487166 -6901374
-94570703 -7518016
-94642532 -8048580
-94671822 -8265169
-94724670 -8659375
-94784463 -9107000
-94834267 -9480688
-94871479 -9761550
-94945539 -10321798
-95038847 -11030955
-95138217 -11788183
-95179231 -12101558
-95216405 -12387908
-95269723 -12799696
-95340486 -13348347
-95391071 -13741985
-95472595 -14381084
-95518238 -14743504
-95596633 -15373583
-95655438 -15851053
-95736679 -16511047
-95780877 -16874435
-95839998 -17364506
-95884091 -17731818
-95955953 -18332887
-96018428 -18861165
-96061574 -19227546
-96117379 -19706004
-96176002 -20210916
-96228569 -20664723
-96298456 -21269972
-96371693 -21907293
-96408164 -22227402
-96443188 -22538559
-96486597 -22927721
-96556692 -23556287
-96619129 -24118788
-96715834 -24995288
-96758588 -25383156
-96797407 -25739808
-96826014 -26007246
-96899106 -26694885
-96938331 -27068656
-96971420 -27384973
-97031520 -27969571
-97078291 -28426543
-97147369 -29103493
-97213421 -29752095
-97296048 -30565932
-97363063 -31227554
-97447639 -32076391
-97544619 -33052311
-97588623 -33497714
-97633607 -33956714
-97731350 -34955699
-97779768 -35453522
-97826514 -35935677
-97859523 -36278608
-97911193 -36823112
-97964491 -37391246
-98000883 -37779477
-98050074 -38310562
-98099591 -38848523
-98159466 -39500197
-98203122 -39976294
-98255352 -40550198
-98320392 -41276478
-98360501 -41724600
-98391499 -42070960
-98440460 -42621295
-98473076 -42993292
-98530680 -43652280
-98591913 -44373441
-98650505 -45065004
-98703502 -45702085
-98755640 -46330309
-98791537 -46768100
-98840696 -47373839
-98872733 -47770062
-98914301 -48292383
-98934795 -48555982
-98982107 -49174681
-99039949 -49932252
-99078648 -50441476
-99112698 -50901806
-99167273 -51650326
-99216697 -52336681
-99264599 -53006813
-99295460 -53442301
-99329100 -53921909
-99396653 -54887298
-99439677 -55509597
-99459995 -55806728
-99500649 -56401742
-99538681 -56960740
-99557918 -57253334
-99599372 -57924529
-99632424 -58491820
-99668001 -59120071
-99687320 -59469986
-99715753 -60021463
-99739925 -60491012
-99758963 -60866924
-99798423 -61695202
-99814631 -62038607
-99836330 -62503344
-99863634 -63106090
-99885904 -63615839
-99910108 -64195046
-99946216 -65082259
-99976353 -65931104
-99987340 -66250201
-100000000 -66666666
-99793080 -66935736
-99606151 -67119852
-99370528 -67312926
-99071483 -67554601
-98842998 -67735962
-98554554 -67952185
-98375708 -68067649
-97891774 -68356384
-97577526 -68539038
-97033186 -68855171
-96740511 -69021589
-96329122 -69252691
-95868610 -69481902
-95282731 -69759518
-94674277 -70040781
-94321385 -70202242
-93843189 -70410447
-93437357 -70578670
-92968162 -70771530
-92571432 -70933621
-91893918 -71207015
-91546890 -71346885
-91150271 -71505858
-90863010 -71617844
-90263995 -71842168
-89861573 -71986082
-89229368 -72206961
-88614669 -72421470
-87829325 -72693416
-87252313 -72892932
-86502855 -73149514
-85796670 -73385989
-85212741 -73580665
-84611408 -73777313
-84017861 -73968911
-83615322 -74096375
-82798816 -74352750
-82202284 -74534001
-81767094 -74662600
-81293392 -74800784
-80727395 -74963965
-80088959 -75147517
-79789677 -75232474
-78937340 -75473098
-77878196 -75766879
-77328530 -75917772
-76497468 -76145746
-75833946 -76327472
-75326010 -76462062
-74665854 -76634502
-73582057 -76908983
-72781547 -77110543
-71841006 -77339486
-70807053 -77591044
-70313903 -77710882
-69414833 -77926256
-68976750 -78029454
-68027250 -78252764
-67033349 -78483791
-66136601 -78690706
-65122242 -78924303
-64523539 -79059325
-63612783 -79264462
-62698784 -79469922
-62149719 -79593236
-61421270 -79754935
-60335879 -79995341
-59506688 -80177772
-58752678 -80342912
-58169044 -80468357
-57478533 -80616534
-56726729 -80777404
-55910462 -80949563
-54988454 -81142595
-54048330 -81339052
-53311198 -81492997
-52695648 -81620537
-52034038 -81757137
-51114239 -81946634
-50474022 -82078319
-49624677 -82251675
-48817504 -82416317
-47717646 -82637455
-47136830 -82751486
-46182212 -82938554
-45370730 -83096211
-44538440 -83256195
-43449587 -83464935
-42708340 -83606708
-41893975 -83762373
-41450918 -83845841
-40484196 -84027223
-39376028 -84234479
-38593560 -84380744
-38070673 -84477908
-37489770 -84585818
-36817884 -84709121
-36020115 -84855272
-34756595 -85086629
-34083160 -85209329
-32949183 -85415766
-32200233 -85550889
-31600243 -85658701
-30557127 -85845287
-29817978 -85977489
-28636391 -86188512
-28120795 -86280143
-27524631 -86383734
-26430081 -86573138
-25480801 -86735659
-24752294 -86860133
-23989013 -86989710
-23402708 -87089179
-22491021 -87243658
-21549936 -87401684
-20616985 -87557034
-19292105 -87770545
-17935550 -87988335
-16871676 -88157728
-16249059 -88256561
-15309114 -88405302
-14493433 -88534049
-13534642 -88684082
-12540120 -88838236
-11331020 -89025475
-10033742 -89225579
-9195355 -89354221
-7700274 -89582811
-6964286 -89694004
-5845433 -89862195
-5125938 -89969162
-4156182 -90112892
-2889552 -90297965
-2069891 -90415236
-1093580 -90554016
-291781 -90666130
1115283 -90862770
2340451 -91033847
3344475 -91173328
4476617 -91330573
6091856 -91550868
6525274 -91609914
7874330 -91793023
9132356 -91963489
9756977 -92046199
10854350 -92191047
11313278 -92251464
12416169 -92396569
13344896 -92517841
14395606 -92654657
15676085 -92819474
16941907 -92977203
17690316 -93070011
18977367 -93228996
19814172 -93332032
20975307 -93474477
21774370 -93572474
23099617 -93733144
24042779 -93844596
25281640 -93989477
26498105 -94130174
27803168 -94278813
28656971 -94372701
30214513 -94543719
31646301 -94700855
32786988 -94825546
33780307 -94933817
35442103 -95114808
36048797 -95180864
36965756 -95279683
39236513 -95524193
40207489 -95628492
41457135 -95757338
42258265 -95839475
43441406 -95960296
44721891 -96089695
45714893 -96189371
47007028 -96317656
47837898 -96399841
49346208 -96548339
50791630 -96686683
52081565 -96806706
52835338 -96874530
54001272 -96977932
55558653 -97115251
56637206 -97209579
57844691 -97312983
58970920 -97409146
60044483 -97499080
61201457 -97595176
62600221 -97709868
64213813 -97841796
65216526 -97922816
66461754 -98022876
67613933 -98114026
69313520 -98246667
70940172 -98371741
72535357 -98489093
73563155 -98563452
74333477 -98619012
75316451 -98689567
76538566 -98776057
78412817 -98907922
79105216 -98956387
80531863 -99053735
81456730 -99115817
82709391 -99194208
83993082 -99274097
84974499 -99334776
85939668 -99392439
87776752 -99500499
89062311 -99572348
90255968 -99636796
91593690 -99701418
93950071 -99811786
95246586 -99869555
96657178 -99927040
97832915 -99967845
99229873 -99989877
99999998 -99999999
99939483 -99298074
99867704 -98640369
99731871 -97848221
99525836 -96655867
99290043 -95328063
99113121 -94362830
98853020 -92958247
98607412 -91696957
98453855 -90910230
98360334 -90461133
98095814 -89257288
97891901 -88376560
97608250 -87175521
97258086 -85729534
97024677 -84803085
96679404 -83448621
96470413 -82729786
96275830 -82064352
96091903 -81440797
95737584 -80267628
95558347 -79678478
95319967 -78895729
95071182 -78095661
94659338 -76851372
94388176 -76033604
94111473 -75229191
93932684 -74710733
93572238 -73706422
93396250 -73216074
93159509 -72557000
92909680 -71864568
92807607 -71584493
92598354 -71014670
92398718 -70479439
92129795 -69770993
91771394 -68837149
91461632 -68042059
91016378 -66919261
90598702 -65873279
90161024 -64780057
89971541 -64310200
89626347 -63459378
89233855 -62498115
89014788 -61973179
88661620 -61157958
88421414 -60604973
88258358 -60229604
87897048 -59402764
87540662 -58589900
87014111 -57405428
86556516 -56377349
86241879 -55681753
86007190 -55166598
85722170 -54542280
85305801 -53643921
84921073 -52816437
84518493 -51952241
84016022 -50876980
83470355 -49711716
83083748 -48886893
82703680 -48083211
81900319 -46391202
81435579 -45415175
81118974 -44753432
80511033 -43490478
80159845 -42763048
79952424 -42336029
79520736 -41448640
78984325 -40346910
78632031 -39623425
78244130 -38829038
77967909 -38265938
77581094 -37486802
77193835 -36724139
76751414 -35853826
76460834 -35283669
76138120 -34660527
75889916 -34189897
75618275 -33677998
75187910 -32868984
74945446 -32413357
74624001 -31810301
73937526 -30523765
73604906 -29901680
72970757 -28716406
72484775 -27832435
72210030 -27336489
71927077 -26826489
71499512 -26056515
71167654 -25460551
70752681 -24722950
70414204 -24123414
69929564 -23265521
69620694 -22724619
69198612 -21986260
68828576 -21342534
68543994 -20850605
68223455 -20298250
67648976 -19322340
67105822 -18405242
66821937 -17928873
66342006 -17138481
65703374 -16094157
65520577 -15796349
65009032 -14967962
64622894 -14346099
64301832 -13830332
63775610 -13000516
63453405 -12494157
63033924 -11834928
62542722 -11074181
62021588 -10269921
61775170 -9889705
61281377 -9133103
60908891 -8571120
60458227 -7898611
59949829 -7140233
59548545 -6546166
59283061 -6155158
58754888 -5380121
58516160 -5031146
58080325 -4395422
57662069 -3787291
57244057 -3179629
56810548 -2551253
56295947 -1805465
55828468 -1128050
55326207 -403922
54970183 109235
54611150 623849
54391191 938451
53970728 1535797
53706979 1906990
53105736 2750978
52318957 3851356
51751376 4628481
51260313 5296306
50548442 6254441
50195658 6727181
49707504 7380917
49161089 8109861
48406233 9111143
48072852 9553277
47446738 10383351
47045710 10902961
46475333 11620675
46059091 12138123
45525241 12800823
44840777 13647539
44294653 14321244
43887022 14821098
43207160 15648671
42886782 16036912
42446426 16570514
42182033 16890724
41744680 17419218
41525688 17683532
41016450 18294740
40391312 19038712
39978949 19529015
39503166 20082069
39292946 20325865
38860916 20824026
38223486 21555221
37553096 22322138
36709511 23279363
36288579 23750773
35778768 24321191
35253368 24902733
34676885 25540707
34134792 26137545
33745664 26565863
33219784 27143452
32379319 28064572
31597823 28921010
30877085 29710137
30348435 30287212
30065868 30593471
29339495 31380196
28881531 31875218
28215156 32594369
27677782 33174129
26997558 33906008
26254607 34705140
25665266 35335052
24956347 36089126
24026933 37077593
23713625 37409393
23271612 37877131
22771648 38400160
22150216 39046626
21781996 39429133
21375952 39850888
20841632 40405534
20433764 40828547
19940011 41340399
19200096 42101230
18670736 42644467
18306063 43017457
17335533 44009822
16766178 44591963
16451475 44910451
16061572 45303090
15630592 45736734
15100705 46267082
14714684 46648870
14214127 47143188
13481178 47866306
13150500 48191722
12682737 48651191
12365492 48961079
11675417 49628764
11170085 50117184
10589710 50675906
10023932 51217298
9318020 51892732
8824029 52362412
8430803 52736124
7692847 53434837
7037331 54049426
6352197 54687383
5834518 55161274
5522833 55446552
5169049 55770217
4618391 56269847
4041192 56790069
3529062 57251316
2990013 57736463
2472612 58198795
1609963 58968025
954346 59552245
247894 60178711
-234892 60599426
-777138 61069376
-1138862 61382571
-1389872 61599877
-1980995 62111464
-2605369 62649728
-3195385 63158208
-3792528 63667295
-4432983 64213094
-5124123 64799976
-5809684 65376639
-6535984 65985861
-7074723 66437520
-7834847 67070445
-8691207 67780856
-9343389 68321839
-9606904 68537384
-10191548 69015034
-10877263 69575011
-11604929 70165747
-11927151 70425384
-12440005 70826537
-12998755 71258323
-13700505 71790305
-14477216 72374918
-14792555 72610410
-15648939 73242661
-16098326 73573849
-16767651 74052528
-17304438 74433594
-17931452 74877383
-18405608 75209564
-19294741 75830651
-19760094 76154913
-20215678 76471814
-20935604 76969002
-21537709 77379393
-22304112 77899173
-22804313 78236622
-23505343 78704635
-24124012 79113696
-24821955 79574297
-25331937 79909927
-25717017 80163112
-26060763 80388675
-26516844 80687672
-27436078 81288485
-27990270 81648826
-28700130 82108055
-29245720 82459683
-30148801 83040121
-30867754 83495890
-31545503 83924640
-32048639 84239402
-32842092 84731989
-33345577 85043658
-33864389 85363777
-34454012 85723082
-34877416 85977464
-35732415 86487482
-36057517 86680905
-36868231 87159936
-37495336 87523881
-38240692 87956177
-38915238 88346660
-39549370 88713472
-40595644 89316576
-41239928 89687693
-41609605 89900292
-42259567 90273774
-42920963 90645664
-43590446 91010826
-44609053 91566107
-45265092 91901990
-45846607 92199371
-46467964 92516709
-46826759 92698120
-47590878 93079997
-48057834 93311415
-48783304 93666245
-49712263 94117291
-50108713 94308408
-50555102 94523496
-51253540 94857088
-51792521 95109471
-52694823 95527406
-53171614 95747819
-54068288 96161074
-54407747 96316874
-54850090 96501264
-55523611 96775717
-56214223 97047237
-56959570 97326806
-57489594 97519227
-58368222 97835308
-58856969 98009256
-59234536 98143494
-59736953 98321565
-60337937 98531724
-60755440 98674267
-61383440 98869829
-62040306 99069017
-62616825 99223350
-63249008 99383471
-64116946 99557020
-64926771 99700773
-65903748 99870885
