127
-13330 19997
-13520 19685
-13799 19082
-14291 17912
-14544 17309
-14774 16753
-15067 15954
-15348 15174
-15516 14703
-15743 14051
-15932 13471
-16120 12827
-16388 11908
-16584 11056
-16766 10172
-16872 9651
-17107 8389
-17284 7436
-17461 6477
-17742 4917
-17913 3954
-18110 2812
-18323 1525
-18552 -80
-18715 -1279
-18805 -1942
-18960 -3088
-19150 -4518
-19311 -5739
-19480 -7058
-19580 -8130
-19699 -9491
-19814 -10827
-19933 -12335
-20000 -13329
-19966 -13467
-19878 -13763
-19807 -13989
-19696 -14266
-19595 -14478
-19384 -14853
-19271 -15045
-19126 -15285
-18980 -15511
-18723 -15902
-18537 -16181
-18384 -16402
-18273 -16557
-17975 -16881
-17874 -16985
-17684 -17162
-17438 -17382
-17185 -17607
-16935 -17826
-16731 -17997
-16481 -18205
-16202 -18430
-15871 -18689
-15566 -18915
-15345 -19076
-15129 -19227
-14960 -19342
-14667 -19480
-14327 -19631
-14118 -19717
-13802 -19846
-13331 -19997
-11043 -19896
-10205 -19767
-8901 -19563
-7559 -19277
-6191 -18975
-5039 -18702
-3877 -18380
-2470 -17951
-1126 -17523
220 -17093
1458 -16691
3658 -15956
4781 -15572
5984 -15110
7142 -14661
8201 -14241
8937 -13936
10193 -13408
11262 -12945
11949 -12638
12810 -12253
13668 -11831
14613 -11361
15867 -10560
16544 -10108
17418 -9493
18151 -8888
18824 -8230
19306 -7736
20000 -6664
19554 -5380
18986 -3984
18285 -2281
17013 -610
16000 640
15313 1477
14520 2354
13511 3376
12854 4035
11614 5239
11057 5740
10614 6119
9772 6836
8697 7716
7881 8357
6282 9565
5294 10245
4237 10958
3186 11632
1386 12745
-201 13720
-1978 14807
-3280 15537
-4860 16405
-5975 16986
-6999 17500
-7654 17827
-9236 18554
-10737 19157
-11913 19591
