1280
0 99999997
-334701 99961706
-618231 99921867
-900367 99867252
-1371282 99764734
-1549302 99719432
-1883224 99634073
-2340834 99513507
-2627081 99437279
-2889474 99366732
-3138574 99299686
-3474329 99204975
-3754949 99123864
-4122593 99015371
-4351531 98947426
-4649499 98855828
-4870463 98787080
-5292896 98652948
-5586439 98557454
-5895333 98456527
-6235013 98343358
-6850990 98136279
-7156555 98032308
-7543687 97899654
-7885905 97777734
-8209026 97661906
-8469251 97567956
-8883239 97409926
-9142242 97310555
-9326270 97239721
-9567539 97146562
-10144109 96923901
-10628313 96736520
-11012374 96580187
-11275268 96472670
-11652151 96316400
-12051319 96150425
-12357706 96022956
-12717300 95870502
-12970658 95761349
-13349844 95595838
-13604797 95484461
-13783103 95405913
-14129789 95251495
-14385112 95137632
-14709831 94992458
-14908856 94902997
-15210846 94766743
-15516897 94627869
-15720443 94535479
-16112619 94356747
-16387380 94230119
-16567105 94145292
-16862909 94005053
-17108076 93888803
-17352003 93773019
-17722389 93596084
-17939323 93490789
-18257525 93335212
-18491818 93219975
-18883035 93026534
-19422563 92759194
-19704815 92618632
-20115324 92411396
-20398947 92265338
-20683102 92118029
-21041771 91930613
-21283084 91804214
-21664484 91603027
-21922939 91466083
-22293040 91266964
-22709114 91042349
-23068194 90847829
-23477139 90625215
-23768370 90463546
-24136451 90258887
-24424338 90098231
-24650626 89971821
-24918953 89821115
-25085980 89726657
-25329019 89588827
-25603043 89432816
-25924815 89249352
-26237767 89069428
-26518837 88907466
-26796126 88747134
-27243579 88488098
-27545456 88308475
-27842353 88130598
-28111178 87967851
-28446786 87764356
-28745106 87582456
-29137099 87343161
-29451791 87150607
-29752305 86966219
-29986589 86820495
-30328863 86606110
-30636532 86412139
-31132906 86097681
-31435512 85905662
-31805317 85670170
-32090215 85485823
-32333511 85328378
-32527471 85202430
-32716849 85079252
-33129134 84810395
-33391472 84639095
-33560095 84528646
-33898667 84306449
-34293640 84044831
-34514255 83898630
-34834615 83686327
-34964766 83599786
-35261938 83400339
-35544542 83209846
-35828730 83018058
-36084485 82844961
-36529296 82541115
-37090794 82156158
-37313290 82003167
-37585078 81816259
-37923827 81582331
-38224853 81373183
-38491189 81186719
-38744618 81008420
-38913345 80889535
-39113439 80748388
-39359137 80573916
-39696762 80333215
-40086231 80054415
-40433162 79805046
-40785826 79549516
-41078446 79337240
-41319052 79159244
-41453922 79058940
-41847917 78765885
-42063981 78602930
-42383302 78361891
-42623735 78179925
-42809902 78037239
-43074899 77830430
-43391049 77583048
-43628714 77396655
-43795404 77265360
-44131969 76998826
-44352690 76820950
-44717040 76526789
-44952412 76336405
-45228988 76112056
-45389407 75981625
-45626057 75787047
-45886787 75571193
-46135213 75365115
-46348083 75187728
-46671229 74918167
-46812175 74799628
-47148732 74516445
-47314368 74376838
-47660801 74084056
-47888075 73891934
-48024281 73776472
-48301995 73540463
-48614282 73274608
-48867608 73057253
-49138522 72824705
-49412692 72588927
-49662022 72373995
-49912860 72156945
-50229117 71881844
-50516454 71631427
-50751549 71425343
-51068029 71146973
-51208949 71022089
-51414916 70839269
-51692174 70592694
-52014622 70305744
-52222781 70119180
-52356356 69999310
-52527113 69844610
-52674647 69710941
-52940443 69470043
-53206041 69229157
-53362646 69086746
-53518025 68945241
-53799836 68688541
-54055170 68451643
-54256894 68264325
-54533592 68007012
-54756014 67799894
-55029883 67541953
-55324585 67263874
-55662852 66944254
-56064241 66563990
-56277878 66361391
-56452999 66195310
-56631710 66025675
-57047386 65630953
-57365858 65328003
-57648207 65059332
-57798452 64916150
-58100034 64628143
-58355403 64383845
-58707853 64045078
-59085122 63682448
-59232062 63541128
-59476601 63305936
-59759174 63034086
-59870631 62926521
-60207184 62599966
-60553768 62262991
-60806515 62016416
-61066298 61761072
-61228379 61601690
-61535662 61299241
-61846159 60991871
-62032538 60806604
-62309056 60530983
-62654484 60184756
-62986642 59851421
-63142441 59695018
-63409366 59424086
-63654872 59174755
-63902795 58920900
-64095547 58722992
-64251793 58561969
-64435714 58372063
-64683289 58115292
-64924577 57864674
-65109341 57672750
-65416403 57353494
-65671605 57086912
-65803301 56949193
-66017275 56723702
-66221401 56508127
-66479399 56235621
-66836956 55856350
-67219160 55450625
-67537364 55112673
-67753595 54879286
-67986423 54626852
-68181971 54414337
-68448273 54124087
-68610486 53947076
-68796213 53743063
-69070393 53441333
-69213685 53283309
-69383093 53095085
-69681989 52762503
-69796986 52634538
-70044622 52358801
-70350913 52016059
-70602087 51734593
-70794313 51518975
-71125907 51146184
-71386988 50851893
-71564933 50649455
-71761534 50423492
-71984500 50166465
-72121649 50008203
-72290528 49811477
-72575649 49478828
-72734451 49292509
-72859573 49144839
-73155668 48793493
-73467996 48422314
-73661872 48191381
-73903294 47902242
-74094524 47672650
-74280068 47447298
-74435192 47258856
-74579749 47082765
-74786157 46825363
-75154623 46365275
-75319936 46157973
-75537585 45884383
-75765129 45598311
-75941716 45376055
-76154439 45106527
-76403533 44790586
-76778972 44312640
-76940859 44106246
-77115570 43883492
-77295528 43652680
-77490437 43402191
-77644427 43203701
-77818678 42978559
-78048515 42677388
-78326816 42310595
-78532868 42039002
-78834939 41638809
-79188740 41166483
-79427986 40846602
-79813067 40330774
-80164476 39859089
-80333962 39631030
-80542464 39350391
-80758800 39058552
-80999789 38733043
-81194748 38468910
-81336660 38273662
-81492775 38058833
-81727946 37732142
-81915128 37470547
-82152050 37138644
-82336260 36880022
-82537163 36597938
-82708806 36355728
-83032347 35897001
-83200136 35657793
-83441762 35312664
-83614422 35065656
-83844567 34735788
-84003994 34506877
-84218281 34198814
-84318530 34054392
-84581704 33672874
-84763641 33407838
-85032554 33015028
-85187373 32788336
-85416961 32450438
-85666764 32079426
-85867852 31779128
-86042005 31518284
-86207540 31270057
-86328663 31088382
-86491117 30844125
-86648210 30607132
-86850851 30301286
-86979428 30106608
-87184734 29790026
-87318542 29576140
-87460293 29349283
-87701602 28961598
-87874971 28681580
-87986373 28497556
-88162763 28203724
-88306483 27963981
-88513789 27618031
-88676944 27342704
-88786201 27156914
-89050450 26704279
-89192616 26459213
-89416642 26071534
-89664424 25642532
-89825775 25361159
-90042082 24983866
-90250395 24619287
-90444219 24277234
-90583916 24030399
-90713271 23797417
-90880399 23493759
-91059720 23166187
-91290885 22741031
-91480528 22389045
-91739028 21909243
-91967174 21474047
-92103739 21212477
-92225348 20975659
-92491193 20454190
-92642480 20157197
-92818910 19810542
-92978290 19493351
-93100794 19246237
-93254433 18934359
-93340797 18758065
-93529999 18368950
-93776024 17861527
-93889284 17625680
-94030512 17330591
-94302130 16762457
-94480716 16388786
-94639891 16054150
-94764025 15792566
-94914560 15465412
-95012671 15250986
-95181337 14881879
-95288260 14646856
-95422892 14348264
-95571514 14013265
-95774167 13554952
-95893214 13280193
-96066069 12870204
-96207125 12526470
-96324725 12238803
-96441039 11952687
-96493227 11824217
-96589281 11587265
-96727180 11243215
-96938653 10714392
-97123329 10247653
-97232644 9970673
-97314440 9759662
-97509023 9242275
-97648913 8856610
-97757053 8549943
-97847594 8292422
-97932256 8050858
-98016223 7796545
-98177455 7301935
-98299545 6919386
-98402498 6593802
-98486624 6319896
-98601593 5942886
-98723972 5538868
-98784039 5330417
-98896179 4932061
-98976754 4638547
-99056272 4348294
-99168503 3927740
-99286172 3481118
-99347802 3245759
-99417937 2974536
-99500139 2654550
-99565687 2381184
-99666730 1937228
-99705455 1750224
-99794529 1308695
-99837025 1063788
-99894761 717169
-99949965 376397
-100000000 3
-99862153 -706846
-99673196 -1673482
-99564643 -2203242
-99433570 -2818356
-99214500 -3748290
-99067671 -4355994
-98982064 -4697726
-98706423 -5695036
-98525611 -6340813
-98275602 -7168478
-98174337 -7494099
-97980140 -8110351
-97805905 -8644679
-97536857 -9373503
-97359311 -9851669
-97138826 -10443390
-97023673 -10751846
-96818355 -11301711
-96526850 -12075816
-96187160 -12973316
-95946519 -13604837
-95741344 -14132073
-95477780 -14785503
-95301454 -15181943
-95175406 -15457485
-94943381 -15945469
-94678569 -16499432
-94432356 -17011739
-94226610 -17432270
-93790259 -18303479
-93567856 -18746124
-93293387 -19287491
-93168368 -19532345
-92833923 -20173120
-92498554 -20814119
-92214344 -21356488
-91953451 -21848666
-91633175 -22450231
-91217509 -23228703
-90990329 -23649400
-90713536 -24155490
-90304570 -24890542
-89976818 -25467158
-89575171 -26169560
-89093043 -27010700
-88718966 -27662656
-88484249 -28064089
-88276926 -28417245
-88031789 -28826443
-87777579 -29248289
-87317112 -30011960
-86983109 -30564813
-86547361 -31272404
-86219666 -31792445
-85808722 -32444164
-85636023 -32715748
-85187219 -33416366
-84678358 -34206702
-84387115 -34644322
-83970383 -35266485
-83725768 -35629331
-83112488 -36530859
-82791537 -36991232
-82303992 -37679782
-81998963 -38109904
-81472078 -38844972
-81136737 -39310948
-80805687 -39762303
-80508128 -40155559
-79984258 -40844031
-79514462 -41460762
-79292124 -41745216
-78817593 -42341354
-78096573 -43234422
-77577349 -43872557
-76999048 -44582386
-76695306 -44952834
-76330269 -45396498
-76012587 -45781554
-75399361 -46521970
-75018454 -46980166
-74527711 -47561314
-74276847 -47855553
-73957467 -48230069
-73607383 -48638133
-73294231 -48999361
-72818347 -49526474
-72329479 -50065177
-71889532 -50543510
-71227033 -51262598
-70790572 -51736027
-70293713 -52273804
-69873583 -52724877
-69450699 -53178796
-68688755 -53995719
-68143023 -54577138
-67685268 -55064218
-67418321 -55340638
-66744125 -56032798
-66214285 -56575622
-65719557 -57075884
-65463767 -57334049
-65098714 -57696067
-64496710 -58288626
-64047910 -58728660
-63476131 -59285780
-63103240 -59647274
-62555416 -60173246
-61914353 -60787100
-61240596 -61431730
-60950050 -61708530
-60401126 -62229716
-59496666 -63086801
-58788812 -63756445
-58322843 -64197106
-57634998 -64839745
-57280483 -65170783
-56686193 -65717625
-56226384 -66138863
-55676841 -66634309
-55127102 -67129402
-54533164 -67659507
-53860563 -68251842
-53384938 -68669114
-52850490 -69136606
-52409552 -69520468
-51872990 -69986949
-51397789 -70395612
-51077517 -70670142
-50585280 -71090142
-49884907 -71687209
-49326455 -72159872
-48896106 -72522240
-48585901 -72781693
-48132813 -73158703
-47713362 -73505069
-47121568 -73992650
-46658257 -74372437
-46294367 -74670009
-45887043 -74995870
-45384952 -75396592
-44717408 -75925107
-44265712 -76276620
-43834477 -76611557
-43374634 -76967883
-42925246 -77310876
-42369820 -77729294
-41938313 -78053985
-41460263 -78413099
-40920654 -78817012
-40319753 -79265977
-39766415 -79679285
-39262940 -80054480
-38708294 -80467308
-38271626 -80790418
-37598258 -81272557
-37224371 -81539352
-36941731 -81739341
-36453905 -82080429
-35900694 -82463454
-35248794 -82913848
-34518221 -83415849
-34038540 -83744929
-33390451 -84189271
-32523594 -84780869
-31782707 -85283153
-31104025 -85739487
-30835363 -85919442
-30379444 -86224717
-29994987 -86481890
-29423703 -86861031
-28937444 -87178291
-28376332 -87542470
-28034768 -87761287
-27396532 -88169406
-26810334 -88537897
-26226440 -88904715
-25855722 -89136337
-25540275 -89333102
-25040376 -89641570
-24730686 -89831662
-24339400 -90071062
-23789184 -90404690
-23068638 -90840852
-22294648 -91299450
-21801667 -91590379
-21158823 -91963685
-20506091 -92339807
-19921165 -92676303
-19455127 -92936439
-19017389 -93172143
-18009871 -93711452
-17639997 -93903704
-17103607 -94165117
-16590517 -94402885
-16186790 -94588316
-15678949 -94817010
-14982195 -95128862
-14478430 -95351882
-13960366 -95575967
-13448330 -95794539
-12752589 -96087580
-11862129 -96462550
-10861231 -96877829
-10334399 -97095537
-9705882 -97351685
-9170386 -97568240
-8011481 -98000037
-7645786 -98134903
-6835816 -98429820
-6188095 -98647206
-5641854 -98826529
-5044257 -99013691
-4210365 -99265993
-3492676 -99475593
-3023434 -99596117
-2514020 -99715185
-1774210 -99853981
-799772 -99965600
0 -99999998
334701 -99961707
618231 -99921868
900367 -99867253
1371282 -99764735
1549302 -99719433
1883224 -99634074
2340834 -99513508
2627081 -99437280
2889474 -99366733
3138574 -99299687
3474329 -99204976
3754949 -99123865
4122593 -99015372
4351531 -98947427
4649499 -98855829
4870463 -98787081
5292896 -98652949
5586439 -98557455
5895333 -98456528
6235013 -98343359
6850990 -98136280
7156555 -98032309
7543687 -97899655
7885905 -97777735
8209026 -97661907
8469251 -97567957
8883239 -97409927
9142242 -97310556
9326270 -97239722
9567539 -97146563
10144109 -96923902
10628313 -96736521
11012374 -96580188
11275268 -96472671
11652151 -96316401
12051319 -96150426
12357706 -96022957
12717300 -95870503
12970658 -95761350
13349844 -95595839
13604797 -95484462
13783103 -95405914
14129789 -95251496
14385112 -95137633
14709831 -94992459
14908856 -94902998
15210846 -94766744
15516897 -94627870
15720443 -94535480
16112619 -94356748
16387380 -94230120
16567105 -94145293
16862909 -94005054
17108076 -93888804
17352003 -93773020
17722389 -93596085
17939323 -93490790
18257525 -93335213
18491818 -93219976
18883035 -93026535
19422563 -92759195
19704815 -92618633
20115324 -92411397
20398947 -92265339
20683102 -92118030
21041771 -91930614
21283084 -91804215
21664484 -91603028
21922939 -91466084
22293040 -91266965
22709114 -91042350
23068194 -90847830
23477139 -90625216
23768370 -90463547
24136451 -90258888
24424338 -90098232
24650626 -89971822
24918953 -89821116
25085980 -89726658
25329019 -89588828
25603043 -89432817
25924815 -89249353
26237767 -89069429
26518837 -88907467
26796126 -88747135
27243579 -88488099
27545456 -88308476
27842353 -88130599
28111178 -87967852
28446786 -87764357
28745106 -87582457
29137099 -87343162
29451791 -87150608
29752305 -86966220
29986589 -86820496
30328863 -86606111
30636532 -86412140
31132906 -86097682
31435512 -85905663
31805317 -85670171
32090215 -85485824
32333511 -85328379
32527471 -85202431
32716849 -85079253
33129134 -84810396
33391472 -84639096
33560095 -84528647
33898667 -84306450
34293640 -84044832
34514255 -83898631
34834615 -83686328
34964766 -83599787
35261938 -83400340
35544542 -83209847
35828730 -83018059
36084485 -82844962
36529296 -82541116
37090794 -82156159
37313290 -82003168
37585078 -81816260
37923827 -81582332
38224853 -81373184
38491189 -81186720
38744618 -81008421
38913345 -80889536
39113439 -80748389
39359137 -80573917
39696762 -80333216
40086231 -80054416
40433162 -79805047
40785826 -79549517
41078446 -79337241
41319052 -79159245
41453922 -79058941
41847917 -78765886
42063981 -78602931
42383302 -78361892
42623735 -78179926
42809902 -78037240
43074899 -77830431
43391049 -77583049
43628714 -77396656
43795404 -77265361
44131969 -76998827
44352690 -76820951
44717040 -76526790
44952412 -76336406
45228988 -76112057
45389407 -75981626
45626057 -75787048
45886787 -75571194
46135213 -75365116
46348083 -75187729
46671229 -74918168
46812175 -74799629
47148732 -74516446
47314368 -74376839
47660801 -74084057
47888075 -73891935
48024281 -73776473
48301995 -73540464
48614282 -73274609
48867608 -73057254
49138522 -72824706
49412692 -72588928
49662022 -72373996
49912860 -72156946
50229117 -71881845
50516454 -71631428
50751549 -71425344
51068029 -71146974
51208949 -71022090
51414916 -70839270
51692174 -70592695
52014622 -70305745
52222781 -70119181
52356356 -69999311
52527113 -69844611
52674647 -69710942
52940443 -69470044
53206041 -69229158
53362646 -69086747
53518025 -68945242
53799836 -68688542
54055170 -68451644
54256894 -68264326
54533592 -68007013
54756014 -67799895
55029883 -67541954
55324585 -67263875
55662852 -66944255
56064241 -66563991
56277878 -66361392
56452999 -66195311
56631710 -66025676
57047386 -65630954
57365858 -65328004
57648207 -65059333
57798452 -64916151
58100034 -64628144
58355403 -64383846
58707853 -64045079
59085122 -63682449
59232062 -63541129
59476601 -63305937
59759174 -63034087
59870631 -62926522
60207184 -62599967
60553768 -62262992
60806515 -62016417
61066298 -61761073
61228379 -61601691
61535662 -61299242
61846159 -60991872
62032538 -60806605
62309056 -60530984
62654484 -60184757
62986642 -59851422
63142441 -59695019
63409366 -59424087
63654872 -59174756
63902795 -58920901
64095547 -58722993
64251793 -58561970
64435714 -58372064
64683289 -58115293
64924577 -57864675
65109341 -57672751
65416403 -57353495
65671605 -57086913
65803301 -56949194
66017275 -56723703
66221401 -56508128
66479399 -56235622
66836956 -55856351
67219160 -55450626
67537364 -55112674
67753595 -54879287
67986423 -54626853
68181971 -54414338
68448273 -54124088
68610486 -53947077
68796213 -53743064
69070393 -53441334
69213685 -53283310
69383093 -53095086
69681989 -52762504
69796986 -52634539
70044622 -52358802
70350913 -52016060
70602087 -51734594
70794313 -51518976
71125907 -51146185
71386988 -50851894
71564933 -50649456
71761534 -50423493
71984500 -50166466
72121649 -50008204
72290528 -49811478
72575649 -49478829
72734451 -49292510
72859573 -49144840
73155668 -48793494
73467996 -48422315
73661872 -48191382
73903294 -47902243
74094524 -47672651
74280068 -47447299
74435192 -47258857
74579749 -47082766
74786157 -46825364
75154623 -46365276
75319936 -46157974
75537585 -45884384
75765129 -45598312
75941716 -45376056
76154439 -45106528
76403533 -44790587
76778972 -44312641
76940859 -44106247
77115570 -43883493
77295528 -43652681
77490437 -43402192
77644427 -43203702
77818678 -42978560
78048515 -42677389
78326816 -42310596
78532868 -42039003
78834939 -41638810
79188740 -41166484
79427986 -40846603
79813067 -40330775
80164476 -39859090
80333962 -39631031
80542464 -39350392
80758800 -39058553
80999789 -38733044
81194748 -38468911
81336660 -38273663
81492775 -38058834
81727946 -37732143
81915128 -37470548
82152050 -37138645
82336260 -36880023
82537163 -36597939
82708806 -36355729
83032347 -35897002
83200136 -35657794
83441762 -35312665
83614422 -35065657
83844567 -34735789
84003994 -34506878
84218281 -34198815
84318530 -34054393
84581704 -33672875
84763641 -33407839
85032554 -33015029
85187373 -32788337
85416961 -32450439
85666764 -32079427
85867852 -31779129
86042005 -31518285
86207540 -31270058
86328663 -31088383
86491117 -30844126
86648210 -30607133
86850851 -30301287
86979428 -30106609
87184734 -29790027
87318542 -29576141
87460293 -29349284
87701602 -28961599
87874971 -28681581
87986373 -28497557
88162763 -28203725
88306483 -27963982
88513789 -27618032
88676944 -27342705
88786201 -27156915
89050450 -26704280
89192616 -26459214
89416642 -26071535
89664424 -25642533
89825775 -25361160
90042082 -24983867
90250395 -24619288
90444219 -24277235
90583916 -24030400
90713271 -23797418
90880399 -23493760
91059720 -23166188
91290885 -22741032
91480528 -22389046
91739028 -21909244
91967174 -21474048
92103739 -21212478
92225348 -20975660
92491193 -20454191
92642480 -20157198
92818910 -19810543
92978290 -19493352
93100794 -19246238
93254433 -18934360
93340797 -18758066
93529999 -18368951
93776024 -17861528
93889284 -17625681
94030512 -17330592
94302130 -16762458
94480716 -16388787
94639891 -16054151
94764025 -15792567
94914560 -15465413
95012671 -15250987
95181337 -14881880
95288260 -14646857
95422892 -14348265
95571514 -14013266
95774167 -13554953
95893214 -13280194
96066069 -12870205
96207125 -12526471
96324725 -12238804
96441039 -11952688
96493227 -11824218
96589281 -11587266
96727180 -11243216
96938653 -10714393
97123329 -10247654
97232644 -9970674
97314440 -9759663
97509023 -9242276
97648913 -8856611
97757053 -8549944
97847594 -8292423
97932256 -8050859
98016223 -7796546
98177455 -7301936
98299545 -6919387
98402498 -6593803
98486624 -6319897
98601593 -5942887
98723972 -5538869
98784039 -5330418
98896179 -4932062
98976754 -4638548
99056272 -4348295
99168503 -3927741
99286172 -3481119
99347802 -3245760
99417937 -2974537
99500139 -2654551
99565687 -2381185
99666730 -1937229
99705455 -1750225
99794529 -1308696
99837025 -1063789
99894761 -717170
99949965 -376398
100000000 -4
99862153 706845
99673196 1673481
99564643 2203241
99433570 2818355
99214500 3748289
99067671 4355993
98982064 4697725
98706423 5695035
98525611 6340812
98275602 7168477
98174337 7494098
97980140 8110350
97805905 8644678
97536857 9373502
97359311 9851668
97138826 10443389
97023673 10751845
96818355 11301710
96526850 12075815
96187160 12973315
95946519 13604836
95741344 14132072
95477780 14785502
95301454 15181942
95175406 15457484
94943381 15945468
94678569 16499431
94432356 17011738
94226610 17432269
93790259 18303478
93567856 18746123
93293387 19287490
93168368 19532344
92833923 20173119
92498554 20814118
92214344 21356487
91953451 21848665
91633175 22450230
91217509 23228702
90990329 23649399
90713536 24155489
90304570 24890541
89976818 25467157
89575171 26169559
89093043 27010699
88718966 27662655
88484249 28064088
88276926 28417244
88031789 28826442
87777579 29248288
87317112 30011959
86983109 30564812
86547361 31272403
86219666 31792444
85808722 32444163
85636023 32715747
85187219 33416365
84678358 34206701
84387115 34644321
83970383 35266484
83725768 35629330
83112488 36530858
82791537 36991231
82303992 37679781
81998963 38109903
81472078 38844971
81136737 39310947
80805687 39762302
80508128 40155558
79984258 40844030
79514462 41460761
79292124 41745215
78817593 42341353
78096573 43234421
77577349 43872556
76999048 44582385
76695306 44952833
76330269 45396497
76012587 45781553
75399361 46521969
75018454 46980165
74527711 47561313
74276847 47855552
73957467 48230068
73607383 48638132
73294231 48999360
72818347 49526473
72329479 50065176
71889532 50543509
71227033 51262597
70790572 51736026
70293713 52273803
69873583 52724876
69450699 53178795
68688755 53995718
68143023 54577137
67685268 55064217
67418321 55340637
66744125 56032797
66214285 56575621
65719557 57075883
65463767 57334048
65098714 57696066
64496710 58288625
64047910 58728659
63476131 59285779
63103240 59647273
62555416 60173245
61914353 60787099
61240596 61431729
60950050 61708529
60401126 62229715
59496666 63086800
58788812 63756444
58322843 64197105
57634998 64839744
57280483 65170782
56686193 65717624
56226384 66138862
55676841 66634308
55127102 67129401
54533164 67659506
53860563 68251841
53384938 68669113
52850490 69136605
52409552 69520467
51872990 69986948
51397789 70395611
51077517 70670141
50585280 71090141
49884907 71687208
49326455 72159871
48896106 72522239
48585901 72781692
48132813 73158702
47713362 73505068
47121568 73992649
46658257 74372436
46294367 74670008
45887043 74995869
45384952 75396591
44717408 75925106
44265712 76276619
43834477 76611556
43374634 76967882
42925246 77310875
42369820 77729293
41938313 78053984
41460263 78413098
40920654 78817011
40319753 79265976
39766415 79679284
39262940 80054479
38708294 80467307
38271626 80790417
37598258 81272556
37224371 81539351
36941731 81739340
36453905 82080428
35900694 82463453
35248794 82913847
34518221 83415848
34038540 83744928
33390451 84189270
32523594 84780868
31782707 85283152
31104025 85739486
30835363 85919441
30379444 86224716
29994987 86481889
29423703 86861030
28937444 87178290
28376332 87542469
28034768 87761286
27396532 88169405
26810334 88537896
26226440 88904714
25855722 89136336
25540275 89333101
25040376 89641569
24730686 89831661
24339400 90071061
23789184 90404689
23068638 90840851
22294648 91299449
21801667 91590378
21158823 91963684
20506091 92339806
19921165 92676302
19455127 92936438
19017389 93172142
18009871 93711451
17639997 93903703
17103607 94165116
16590517 94402884
16186790 94588315
15678949 94817009
14982195 95128861
14478430 95351881
13960366 95575966
13448330 95794538
12752589 96087579
11862129 96462549
10861231 96877828
10334399 97095536
9705882 97351684
9170386 97568239
8011481 98000036
7645786 98134902
6835816 98429819
6188095 98647205
5641854 98826528
5044257 99013690
4210365 99265992
3492676 99475592
3023434 99596116
2514020 99715184
1774210 99853980
799772 99965599
