684
0 99999996
-915704 99820286
-1749919 99620696
-2952705 99215852
-3781262 98918992
-4661958 98603087
-5648087 98226536
-7211886 97617769
-8115768 97258390
-9468303 96718003
-10287212 96369956
-11661013 95771600
-12909055 95223035
-13953085 94757732
-14959832 94304458
-15847335 93895417
-17127189 93293784
-17832144 92958118
-18867516 92448395
-19979060 91901055
-20786186 91492637
-21675060 91027109
-22379045 90655505
-23556079 90025164
-24744785 89384241
-26365414 88482025
-27736005 87677366
-29289359 86746932
-30459025 86009206
-31886687 85088318
-32293317 84824780
-33227788 84207393
-33611136 83952052
-34597828 83288271
-35344159 82778470
-36015416 82313249
-36933009 81667722
-38108998 80828530
-39477164 79838012
-40408285 79157235
-42145332 77842748
-42965087 77219865
-44233677 76241340
-45330419 75382787
-46384947 74557108
-46873199 74173640
-47724541 73488464
-48589190 72785031
-49228020 72245551
-50044339 71539885
-51083751 70639150
-52761256 69164910
-53514886 68482663
-54272960 67790380
-55453248 66689029
-56334221 65832727
-57035005 65149343
-58011044 64192545
-58580720 63624251
-59287204 62905375
-60078537 62095277
-60864542 61287811
-61674514 60435896
-62241525 59830613
-63383714 58598026
-63846916 58096835
-64352609 57545724
-65125946 56665389
-65980160 55675577
-66613398 54935379
-67528123 53864624
-68359705 52888435
-69245924 51837346
-69899148 51047969
-70689978 50091746
-71438440 49181635
-72330946 48085887
-73001905 47256749
-73699337 46385776
-74350787 45555671
-75069040 44628187
-75674864 43845402
-76668539 42513734
-77389781 41543996
-78434482 40123576
-79230716 39020902
-80241412 37613815
-80601728 37108344
-81263290 36177701
-82179258 34884546
-82683005 34171113
-83643434 32798596
-84372495 31740802
-84669642 31302243
-85557736 29972521
-86282794 28860633
-86935176 27848254
-87933671 26287784
-88513044 25377856
-89359674 24045030
-89850293 23272456
-90217904 22691124
-90975818 21429424
-91421250 20671202
-92348629 19077804
-92928941 18027766
-93575186 16852037
-94169570 15712830
-94806890 14407526
-95215502 13564515
-96121969 11661054
-96687946 10463972
-96946945 9910840
-97394592 8816195
-97857917 7665934
-98344729 6397899
-98723277 5387970
-99054272 4495149
-99357236 3580194
-99626730 2128025
-99791915 1199304
-99999996 0
-99908651 -1023315
-99749259 -2216028
-99618182 -3033349
-99446371 -3877386
-99261924 -4636691
-99127068 -5181375
-98967509 -5757483
-98793605 -6341607
-98639617 -6821813
-98432981 -7442617
-98278997 -7866675
-97924718 -8836110
-97733254 -9344959
-97461391 -10008192
-97294602 -10392822
-97135799 -10756909
-96764464 -11599661
-96512739 -12162760
-96112095 -13039072
-95902015 -13494487
-95401995 -14561435
-95198029 -14994297
-94902209 -15609260
-94411217 -16615708
-94238170 -16961003
-93938791 -17555888
-93638781 -18141223
-93402917 -18597295
-93034709 -19308120
-92694054 -19949516
-92498006 -20317705
-92184398 -20900618
-91748245 -21697405
-91418984 -22297875
-91188012 -22716052
-90924978 -23191434
-90693083 -23607733
-90531453 -23896729
-90194730 -24497594
-90000957 -24842016
-89606265 -25536204
-89208452 -26234553
-88870853 -26820754
-88606985 -27276046
-88175941 -28003883
-87961651 -28359523
-87522800 -29084458
-87338829 -29379594
-87039690 -29854057
-86694503 -30401549
-86413625 -30837994
-86094504 -31333344
-85765508 -31842138
-85670979 -31988123
-85263029 -32615392
-84994077 -33028793
-84620592 -33602259
-84347262 -34020696
-84050064 -34468600
-83675648 -35025930
-83355574 -35498507
-82943495 -36105660
-82440333 -36844383
-81814811 -37762016
-81393954 -38377107
-80957786 -39014253
-80493852 -39685557
-80195071 -40112326
-79766306 -40721722
-79466267 -41147175
-78825041 -42052448
-78355371 -42708708
-77924195 -43304696
-77357814 -44085284
-76874058 -44749494
-76527532 -45216583
-76007471 -45915854
-75655614 -46383240
-75443663 -46664558
-75126233 -47085705
-74507557 -47904600
-73949669 -48637614
-73507402 -49217594
-73031311 -49824431
-72592667 -50378199
-72390115 -50630326
-72087528 -51004765
-71529060 -51654297
-71126887 -52104396
-70665758 -52616913
-70271498 -53043617
-69895601 -53449874
-69512753 -53860238
-69014312 -54394307
-68732598 -54694675
-68372778 -55078096
-68165845 -55296235
-67789097 -55693377
-67435343 -56063330
-66910551 -56606123
-66645568 -56879222
-66271517 -57264337
-65798827 -57749456
-65305026 -58253431
-64891154 -58666254
-64387110 -59159441
-64141666 -59398992
-63730435 -59796853
-63262902 -60247375
-62559292 -60924351
-61783064 -61663008
-61446827 -61982821
-61008286 -62397859
-60579711 -62799760
-60226542 -63129517
-59592246 -63711864
-59047130 -64210516
-58732459 -64497203
-58330717 -64863127
-57891913 -65259388
-57461187 -65648034
-57042580 -66021094
-56652988 -66361084
-56359582 -66616399
-55629721 -67251409
-55281516 -67554159
-54461541 -68266231
-53949204 -68710023
-53273106 -69294885
-52665834 -69815567
-52329698 -70103433
-51993238 -70391531
-51591490 -70735106
-51124086 -71133380
-50747021 -71451348
-50273156 -71849377
-49621516 -72393639
-49228069 -72722144
-48873442 -73017047
-48231671 -73550350
-47715595 -73979171
-47330711 -74297327
-46849177 -74692328
-46314518 -75130652
-45937285 -75439338
-45509035 -75787866
-44816285 -76350458
-44439112 -76652909
-43961208 -77027168
-43524020 -77367052
-43052680 -77727413
-42423311 -78201840
-41951383 -78557043
-41463134 -78921256
-40800999 -79415015
-40180551 -79871705
-39738164 -80196663
-39244668 -80556058
-38575317 -81038625
-38085674 -81389080
-37621633 -81720698
-37066299 -82115606
-36473832 -82533405
-35851646 -82963963
-35041134 -83523149
-34292402 -84031273
-33733976 -84399520
-33250548 -84714326
-32862225 -84966308
-32320274 -85317261
-32025123 -85507811
-31260074 -86001380
-30603371 -86424928
-29966176 -86829507
-29404265 -87177594
-28641158 -87645662
-28300292 -87853973
-27535270 -88321446
-26858294 -88735037
-26538624 -88928857
-26100067 -89183283
-25805612 -89353901
-25366151 -89608263
-24713562 -89983593
-24169833 -90296151
-23286300 -90802288
-22862082 -91036986
-22419248 -91275948
-21924211 -91535589
-21409055 -91805175
-21004290 -92016294
-20364973 -92348558
-19907060 -92575893
-19346273 -92853891
-18993758 -93024371
-17967362 -93519503
-17091830 -93941365
-16332903 -94298669
-15817399 -94534849
-15328614 -94756807
-14570355 -95096195
-13954139 -95371253
-13261916 -95662861
-12780625 -95864805
-12238656 -96081329
-11849472 -96236502
-11185079 -96494281
-10632160 -96704538
-10187627 -96873494
-9321209 -97202273
-8701696 -97434246
-7656514 -97822938
-6815174 -98114902
-6362370 -98268724
-5853574 -98436032
-4951221 -98715294
-4103764 -98973046
-3145709 -99251623
-2281892 -99462474
-713615 -99844696
0 -100000000
915703 -99820290
1749919 -99620700
2952705 -99215856
3781262 -98918996
4661958 -98603091
5648087 -98226540
7211886 -97617773
8115768 -97258394
9468303 -96718007
10287212 -96369960
11661013 -95771604
12909055 -95223039
13953085 -94757736
14959832 -94304462
15847335 -93895421
17127189 -93293788
17832144 -92958122
18867516 -92448399
19979060 -91901059
20786186 -91492641
21675060 -91027113
22379045 -90655509
23556079 -90025168
24744785 -89384245
26365414 -88482029
27736005 -87677370
29289359 -86746936
30459025 -86009210
31886687 -85088322
32293317 -84824784
33227788 -84207397
33611136 -83952056
34597828 -83288275
35344159 -82778474
36015416 -82313253
36933009 -81667726
38108998 -80828534
39477164 -79838016
40408285 -79157239
42145332 -77842752
42965087 -77219869
44233677 -76241344
45330419 -75382791
46384947 -74557112
46873199 -74173644
47724541 -73488468
48589190 -72785035
49228020 -72245555
50044339 -71539889
51083751 -70639154
52761256 -69164914
53514886 -68482667
54272960 -67790384
55453248 -66689033
56334221 -65832731
57035005 -65149347
58011044 -64192549
58580720 -63624255
59287204 -62905379
60078537 -62095281
60864542 -61287815
61674514 -60435900
62241525 -59830617
63383714 -58598030
63846916 -58096839
64352609 -57545728
65125946 -56665393
65980160 -55675581
66613398 -54935383
67528123 -53864628
68359705 -52888439
69245924 -51837350
69899148 -51047973
70689978 -50091750
71438440 -49181639
72330946 -48085891
73001905 -47256753
73699337 -46385780
74350787 -45555675
75069040 -44628191
75674864 -43845406
76668539 -42513738
77389781 -41544000
78434482 -40123580
79230716 -39020906
80241412 -37613819
80601728 -37108348
81263290 -36177705
82179258 -34884550
82683005 -34171117
83643434 -32798600
84372495 -31740806
84669642 -31302247
85557736 -29972525
86282794 -28860637
86935176 -27848258
87933671 -26287788
88513044 -25377860
89359674 -24045034
89850293 -23272460
90217904 -22691128
90975818 -21429428
91421250 -20671206
92348629 -19077808
92928941 -18027770
93575186 -16852041
94169570 -15712834
94806890 -14407530
95215502 -13564519
96121969 -11661058
96687946 -10463976
96946945 -9910844
97394592 -8816199
97857917 -7665938
98344729 -6397903
98723277 -5387974
99054272 -4495153
99357236 -3580198
99626730 -2128029
99791915 -1199308
99999996 -4
99908651 1023311
99749259 2216024
99618182 3033345
99446371 3877382
99261924 4636687
99127068 5181371
98967509 5757479
98793605 6341603
98639617 6821809
98432981 7442613
98278997 7866671
97924718 8836106
97733254 9344955
97461391 10008188
97294602 10392818
97135799 10756905
96764464 11599657
96512739 12162756
96112095 13039068
95902015 13494483
95401995 14561431
95198029 14994293
94902209 15609256
94411217 16615704
94238170 16960999
93938791 17555884
93638781 18141219
93402917 18597291
93034709 19308116
92694054 19949512
92498006 20317701
92184398 20900614
91748245 21697401
91418984 22297871
91188012 22716048
90924978 23191430
90693083 23607729
90531453 23896725
90194730 24497590
90000957 24842012
89606265 25536200
89208452 26234549
88870853 26820750
88606985 27276042
88175941 28003879
87961651 28359519
87522800 29084454
87338829 29379590
87039690 29854053
86694503 30401545
86413625 30837990
86094504 31333340
85765508 31842134
85670979 31988119
85263029 32615388
84994077 33028789
84620592 33602255
84347262 34020692
84050064 34468596
83675648 35025926
83355574 35498503
82943495 36105656
82440333 36844379
81814811 37762012
81393954 38377103
80957786 39014249
80493852 39685553
80195071 40112322
79766306 40721718
79466267 41147171
78825041 42052444
78355371 42708704
77924195 43304692
77357814 44085280
76874058 44749490
76527532 45216579
76007471 45915850
75655614 46383236
75443663 46664554
75126233 47085701
74507557 47904596
73949669 48637610
73507402 49217590
73031311 49824427
72592667 50378195
72390115 50630322
72087528 51004761
71529060 51654293
71126887 52104392
70665758 52616909
70271498 53043613
69895601 53449870
69512753 53860234
69014312 54394303
68732598 54694671
68372778 55078092
68165845 55296231
67789097 55693373
67435343 56063326
66910551 56606119
66645568 56879218
66271517 57264333
65798827 57749452
65305026 58253427
64891154 58666250
64387110 59159437
64141666 59398988
63730435 59796849
63262902 60247371
62559292 60924347
61783064 61663004
61446827 61982817
61008286 62397855
60579711 62799756
60226542 63129513
59592246 63711860
59047130 64210512
58732459 64497199
58330717 64863123
57891913 65259384
57461187 65648030
57042580 66021090
56652988 66361080
56359582 66616395
55629721 67251405
55281516 67554155
54461541 68266227
53949204 68710019
53273106 69294881
52665834 69815563
52329698 70103429
51993238 70391527
51591490 70735102
51124086 71133376
50747021 71451344
50273156 71849373
49621516 72393635
49228069 72722140
48873442 73017043
48231671 73550346
47715595 73979167
47330711 74297323
46849177 74692324
46314518 75130648
45937285 75439334
45509035 75787862
44816285 76350454
44439112 76652905
43961208 77027164
43524020 77367048
43052680 77727409
42423311 78201836
41951383 78557039
41463134 78921252
40800999 79415011
40180551 79871701
39738164 80196659
39244668 80556054
38575317 81038621
38085674 81389076
37621633 81720694
37066299 82115602
36473832 82533401
35851646 82963959
35041134 83523145
34292402 84031269
33733976 84399516
33250548 84714322
32862225 84966304
32320274 85317257
32025123 85507807
31260074 86001376
30603371 86424924
29966176 86829503
29404265 87177590
28641158 87645658
28300292 87853969
27535270 88321442
26858294 88735033
26538624 88928853
26100067 89183279
25805612 89353897
25366151 89608259
24713562 89983589
24169833 90296147
23286300 90802284
22862082 91036982
22419248 91275944
21924211 91535585
21409055 91805171
21004290 92016290
20364973 92348554
19907060 92575889
19346273 92853887
18993758 93024367
17967362 93519499
17091830 93941361
16332903 94298665
15817399 94534845
15328614 94756803
14570355 95096191
13954139 95371249
13261916 95662857
12780625 95864801
12238656 96081325
11849472 96236498
11185079 96494277
10632160 96704534
10187627 96873490
9321209 97202269
8701696 97434242
7656514 97822934
6815174 98114898
6362370 98268720
5853574 98436028
4951221 98715290
4103764 98973042
3145709 99251619
2281892 99462470
713615 99844692
