127
3 9996
-388 9863
-999 9648
-1424 9480
-1939 9263
-2646 8961
-3028 8741
-3369 8534
-3642 8354
-3984 8118
-4480 7714
-4828 7414
-4967 7290
-5104 7160
-5321 6953
-5416 6862
-5640 6647
-5842 6448
-6348 5944
-6669 5587
-7049 5152
-7300 4858
-7520 4591
-7863 4153
-8007 3962
-8341 3516
-8599 3160
-8774 2893
-8864 2745
-9116 2303
-9379 1809
-9540 1460
-9685 1109
-9906 539
-10000 4
-9914 -473
-9829 -873
-9695 -1371
-9619 -1646
-9432 -2230
-9257 -2698
-9118 -3038
-8923 -3506
-8717 -3971
-8478 -4499
-8284 -4915
-8146 -5199
-8005 -5483
-7835 -5822
-7643 -6185
-7446 -6551
-7286 -6824
-7099 -7132
-6795 -7526
-6671 -7680
-6437 -7939
-6238 -8154
-5935 -8473
-5640 -8736
-5351 -8980
-5150 -9127
-4741 -9422
-4510 -9544
-4266 -9670
-3947 -9786
-3630 -9898
-3332 -9996
-2846 -9923
-2331 -9808
-1945 -9718
-1333 -9563
-916 -9457
-459 -9326
131 -9151
897 -8922
1702 -8674
2250 -8485
2659 -8343
3290 -8101
3792 -7890
4383 -7612
5002 -7305
5251 -7175
5470 -7055
5860 -6835
6433 -6509
6811 -6284
7288 -5974
7739 -5615
8142 -5282
8443 -5026
8834 -4662
9106 -4402
9426 -4051
9711 -3734
9854 -3572
9998 -3330
9865 -2797
9692 -2217
9555 -1771
9355 -1181
9194 -733
8944 -46
8730 445
8459 1053
8169 1678
7977 2077
7644 2654
7405 3024
7171 3352
6884 3749
6581 4159
6389 4415
6120 4761
5864 5065
5355 5620
4923 6082
4363 6645
3898 7086
3519 7433
3304 7627
3096 7807
2575 8228
1993 8698
1411 9127
943 9440
460 9758
