1003
-66666663 99999999
-66737370 99980301
-66815717 99943540
-66852290 99921690
-66910716 99883406
-66959550 99849808
-66982175 99833738
-67023115 99803437
-67109490 99737552
-67190853 99675163
-67230536 99642485
-67274707 99604489
-67299879 99580398
-67343654 99537555
-67374700 99506387
-67437082 99442095
-67507510 99368241
-67542773 99330805
-67603679 99264814
-67636386 99229218
-67718438 99137778
-67761084 99090210
-67818140 99025733
-67866190 98969172
-67911231 98915737
-67953363 98865529
-67998100 98810873
-68031075 98770435
-68066912 98725177
-68126445 98649877
-68181775 98578459
-68222185 98525543
-68263898 98470457
-68329921 98381763
-68372626 98324137
-68428827 98248147
-68476118 98183754
-68536227 98101672
-68605514 98006835
-68634505 97966785
-68678050 97906613
-68714475 97856078
-68762448 97789269
-68827365 97698812
-68878368 97626987
-68927445 97556857
-68976653 97486526
-69020181 97424201
-69054946 97374140
-69092517 97320010
-69156598 97227671
-69232981 97116465
-69302369 97014302
-69332131 96970393
-69374458 96907943
-69410756 96854335
-69456412 96786113
-69495908 96726929
-69560611 96629772
-69602610 96566697
-69668845 96466506
-69692594 96430574
-69758097 96331158
-69805132 96258758
-69876819 96147688
-69922440 96075654
-69987458 95972836
-70037395 95893702
-70079943 95826129
-70140191 95730101
-70201114 95631561
-70238328 95571320
-70295481 95478699
-70331241 95420586
-70363644 95367143
-70427047 95262198
-70468192 95193377
-70490677 95155628
-70514507 95115481
-70577826 95008323
-70621543 94934211
-70661312 94866600
-70716924 94770897
-70759988 94696751
-70802724 94622802
-70851283 94538745
-70893882 94464654
-70968404 94334751
-71008781 94263808
-71058775 94175331
-71105742 94092162
-71129941 94049227
-71161616 93991953
-71202284 93918186
-71227194 93872748
-71289064 93759869
-71322854 93697940
-71391381 93571419
-71446247 93469519
-71490016 93388209
-71524997 93323067
-71584320 93212157
-71618114 93148573
-71658091 93073007
-71696091 93001014
-71746790 92904689
-71775702 92849598
-71799844 92803383
-71844429 92718023
-71885281 92639519
-71926725 92559667
-71966351 92483213
-72003994 92410430
-72051146 92318719
-72113550 92197090
-72163089 92100052
-72221461 91985126
-72259323 91910562
-72314096 91802195
-72375635 91680044
-72415033 91601249
-72435642 91560009
-72493300 91444281
-72542520 91345478
-72608763 91212349
-72649822 91129348
-72697642 91032459
-72735921 90954671
-72763361 90898628
-72822753 90776678
-72886761 90645111
-72924932 90566358
-72977120 90458329
-73009088 90392120
-73055660 90295408
-73094279 90214864
-73118621 90164064
-73155010 90088099
-73195067 90004367
-73227610 89936048
-73310920 89759175
-73373432 89626453
-73404893 89559610
-73462951 89435881
-73513505 89327430
-73578324 89187650
-73620337 89097000
-73642360 89049407
-73682472 88962560
-73705577 88912528
-73748897 88818673
-73776589 88758528
-73814029 88677203
-73847141 88605072
-73870742 88553595
-73933756 88416093
-73980616 88313718
-74005397 88259549
-74049999 88162029
-74093188 88067387
-74153046 87934791
-74187495 87858358
-74225024 87775068
-74264683 87686897
-74299293 87609925
-74343954 87510550
-74399580 87386552
-74450752 87272375
-74499272 87163181
-74532718 87087756
-74568462 87007064
-74638890 86847221
-74671640 86772617
-74700864 86705888
-74729546 86640210
-74766129 86556379
-74843641 86378067
-74896339 86256832
-74931796 86175142
-74977090 86070457
-75044604 85914273
-75089100 85810959
-75147898 85674274
-75199975 85552849
-75234026 85473310
-75282709 85359338
-75327596 85252977
-75367794 85157189
-75418940 85034980
-75458387 84940603
-75496286 84849528
-75539843 84744842
-75600525 84598638
-75651668 84474043
-75697279 84362510
-75770558 84183271
-75797860 84116433
-75845464 83999458
-75858284 83967940
-75888411 83893864
-75945915 83752362
-75991206 83640657
-76027803 83550389
-76080505 83420257
-76116935 83330186
-76152625 83241567
-76206058 83108736
-76251589 82995410
-76285494 82910912
-76322779 82817904
-76346353 82759059
-76386094 82659794
-76423446 82566423
-76459534 82475906
-76492381 82393373
-76542374 82267323
-76573702 82188188
-76617168 82078205
-76687709 81898990
-76745832 81751203
-76798390 81617444
-76860013 81460487
-76888928 81386549
-76925885 81292019
-76974825 81166835
-77007205 81083947
-77044892 80987236
-77072438 80916321
-77115242 80806101
-77166050 80674871
-77208812 80563900
-77251444 80452672
-77294627 80339996
-77331330 80244090
-77389587 80090642
-77416845 80018796
-77460984 79902333
-77510459 79771657
-77553502 79657946
-77603480 79525740
-77635707 79440400
-77686425 79305934
-77730518 79188962
-77767039 79091732
-77821224 78947365
-77879011 78793321
-77913074 78702444
-77956817 78585440
-77996222 78479921
-78023812 78406017
-78067472 78288792
-78103615 78191431
-78132244 78114225
-78157335 78046544
-78191228 77954641
-78236045 77833064
-78283386 77704188
-78324819 77591318
-78400708 77384059
-78439064 77279138
-78483292 77157371
-78501833 77106193
-78529346 77030235
-78569291 76919935
-78593954 76851739
-78643160 76715609
-78682591 76606273
-78724470 76489989
-78738163 76451906
-78768569 76367163
-78814971 76237660
-78864792 76098200
-78904547 75986619
-78938822 75890302
-78972827 75794696
-79010384 75689099
-79060276 75548614
-79104039 75425219
-79143300 75314182
-79189163 75184394
-79231766 75063748
-79273959 74944181
-79322897 74805479
-79365503 74684642
-79396833 74595658
-79445506 74457104
-79476564 74368668
-79545993 74170704
-79577535 74080406
-79612519 73980168
-79646581 73882557
-79684994 73772111
-79728459 73647120
-79777517 73505927
-79803054 73432253
-79848453 73301268
-79874221 73226764
-79908824 73126120
-79941551 73030911
-79955403 72990589
-79982180 72912438
-80005235 72845133
-80048498 72718756
-80098429 72572758
-80132294 72473718
-80181177 72330660
-80229315 72189524
-80268169 72075103
-80299226 71983065
-80340202 71861583
-80373543 71762617
-80405235 71668017
-80453424 71524062
-80485607 71427881
-80509736 71355675
-80540014 71265066
-80590285 71114439
-80639899 70965273
-80682365 70837550
-80710946 70751487
-80754297 70620797
-80793179 70503485
-80819337 70424544
-80851848 70326322
-80885812 70223659
-80937422 70067597
-80973942 69957155
-81028786 69791175
-81056005 69708563
-81097753 69581471
-81121564 69508910
-81143190 69442916
-81168135 69366778
-81194018 69287732
-81207907 69245313
-81246981 69125949
-81295566 68977231
-81329045 68874703
-81354155 68797782
-81396706 68667335
-81430800 68562542
-81470502 68440269
-81506682 68328508
-81525974 68268896
-81557126 68172570
-81591253 68066773
-81639630 67916445
-81681571 67786106
-81713028 67688134
-81757513 67548857
-81786289 67458389
-81847958 67263941
-81896328 67111379
-81909570 67069500
-81929478 67006533
-81978382 66851709
-82030587 66686400
-82061146 66589600
-82083353 66519134
-82135277 66354160
-82171450 66239049
-82207500 66124232
-82249743 65989619
-82285405 65875327
-82332288 65724756
-82353811 65655539
-82385449 65553704
-82428609 65414451
-82462881 65303652
-82487792 65223022
-82526477 65097667
-82564627 64973937
-82618343 64799208
-82653898 64683463
-82690940 64562562
-82725938 64448288
-82793609 64227314
-82822906 64131159
-82882440 63935738
-82899604 63879368
-82935744 63760669
-82996492 63560898
-83019681 63484588
-83060457 63350324
-83103824 63207276
-83134031 63107402
-83173823 62975752
-83224904 62806319
-83267264 62665795
-83308907 62527348
-83335605 62438416
-83373999 62310190
-83406566 62201274
-83433545 62110661
-83469548 61989542
-83505479 61868236
-83540915 61748569
-83593931 61569245
-83623570 61468936
-83659964 61345706
-83707499 61184218
-83728221 61113696
-83777021 60947223
-83814102 60820238
-83864298 60648181
-83892612 60551076
-83942800 60378235
-83972942 60274132
-83996002 60194407
-84034029 60062634
-84063651 59959825
-84117841 59771269
-84140551 59692241
-84171704 59583737
-84200515 59483090
-84239070 59347328
-84282770 59193249
-84316815 59073131
-84363260 58909178
-84395572 58794964
-84426773 58684647
-84451831 58596008
-84484765 58479431
-84506634 58401894
-84542080 58276135
-84567569 58185671
-84601842 58063892
-84631013 57959821
-84654849 57874708
-84696487 57725656
-84721269 57636894
-84762073 57490326
-84802306 57345644
-84828781 57250391
-84872169 57093927
-84920643 56919083
-84958249 56782715
-84997025 56641942
-85038939 56489171
-85091131 56298835
-85124345 56177619
-85152515 56074797
-85182293 55966003
-85220205 55827449
-85254744 55701134
-85294342 55556009
-85335059 55406777
-85366108 55292644
-85397658 55176601
-85443752 55006732
-85486161 54849988
-85506422 54775096
-85538857 54655101
-85582776 54492139
-85617410 54363512
-85645152 54260331
-85681067 54126699
-85707826 54026978
-85741561 53900901
-85795907 53697548
-85821973 53599658
-85857334 53466501
-85905042 53285635
-85948505 53120812
-85982903 52990231
-86012682 52876521
-86037223 52782677
-86061253 52690717
-86115253 52483759
-86158534 52317471
-86204177 52141697
-86240162 52003085
-86267022 51899583
-86293324 51797970
-86332902 51644932
-86385070 51442844
-86415091 51326505
-86442470 51220242
-86486157 51050088
-86537769 50848925
-86581590 50678107
-86621021 50524329
-86655667 50389157
-86700380 50214701
-86729341 50101667
-86790404 49863247
-86833330 49695586
-86860165 49590434
-86881853 49505339
-86915813 49372077
-86952552 49227883
-86986571 49094223
-87009301 49004802
-87047602 48853940
-87081184 48721094
-87106428 48621199
-87132803 48516681
-87174554 48351136
-87215789 48187471
-87250968 48047802
-87286741 47905554
-87323002 47761358
-87347982 47661742
-87387938 47502092
-87411001 47409684
-87430018 47333388
-87457006 47225087
-87482283 47123338
-87520909 46967840
-87542757 46879733
-87577922 46737058
-87613299 46593469
-87643306 46471496
-87688472 46287638
-87737611 46087106
-87771009 45950658
-87787431 45883491
-87828811 45714071
-87864865 45566406
-87896488 45436393
-87960251 45173941
-88005668 44986887
-88030613 44883825
-88075280 44699108
-88109782 44555980
-88149502 44390706
-88160722 44344014
-88187818 44231184
-88208165 44146437
-88244275 43995854
-88269927 43887880
-88306031 43735900
-88334077 43617763
-88384409 43405662
-88423664 43240153
-88449629 43130669
-88470831 43041238
-88508712 42880837
-88540117 42747767
-88561808 42655832
-88589192 42539292
-88618939 42412684
-88655587 42256693
-88708542 42031133
-88742269 41887251
-88773098 41755714
-88819312 41558520
-88857703 41394559
-88882586 41288265
-88898669 41219494
-88928008 41093750
-88939506 41044351
-88964598 40936456
-89010310 40739874
-89046947 40581784
-89092348 40385831
-89134838 40202393
-89173192 40036585
-89186656 39978212
-89205425 39896701
-89230174 39789015
-89266480 39631032
-89291011 39524200
-89306305 39457586
-89342630 39299289
-89359979 39223568
-89380491 39133978
-89403827 39031967
-89436641 38888494
-89466060 38759689
-89492680 38643063
-89530731 38475585
-89585485 38234292
-89606558 38141206
-89649112 37953143
-89677491 37827497
-89710552 37681120
-89740947 37546486
-89768290 37425193
-89796681 37299231
-89812298 37229666
-89856647 37031978
-89886099 36900623
-89911690 36786485
-89950789 36611975
-89969187 36529776
-89983008 36468025
-90019665 36304109
-90041836 36204869
-90081679 36025969
-90123473 35838170
-90153987 35700879
-90186331 35554313
-90213717 35429538
-90254442 35243134
-90299551 35036549
-90330578 34893999
-90339646 34852292
-90366209 34729555
-90394565 34598370
-90431844 34425811
-90466527 34265236
-90483561 34186032
-90509514 34065354
-90549622 33878850
-90578621 33743626
-90614299 33576978
-90646026 33428363
-90671575 33308583
-90700677 33171849
-90754282 32919875
-90774696 32823793
-90798007 32713988
-90837673 32526912
-90858664 32427845
-90883849 32308897
-90915662 32158356
-90953601 31978454
-90978938 31857468
-91006527 31724750
-91027858 31621848
-91056207 31485063
-91075169 31393568
-91112593 31212916
-91138651 31086639
-91168255 30942746
-91205678 30760191
-91235154 30616303
-91274694 30423238
-91318952 30207063
-91349122 30059332
-91380486 29905569
-91413510 29743462
-91436804 29628957
-91476015 29435563
-91497308 29330434
-91523601 29200462
-91563434 29003186
-91591535 28863633
-91614602 28749034
-91646730 28589212
-91686442 28391506
-91709925 28274261
-91746391 28090610
-91784562 27898230
-91822181 27708210
-91864397 27494685
-91891103 27359214
-91919602 27213856
-91944101 27088552
-91961863 26997703
-91996673 26819451
-92022411 26687514
-92048463 26553650
-92069504 26445521
-92098003 26298753
-92114168 26215451
-92144312 26059724
-92182161 25863851
-92214961 25693681
-92255944 25479920
-92280227 25353138
-92318844 25151252
-92344760 25015740
-92363694 24916609
-92394064 24757482
-92432347 24556458
-92468316 24367458
-92502267 24189029
-92530378 24041099
-92568406 23840042
-92611053 23613716
-92648667 23413901
-92692739 23179564
-92717750 23046552
-92756025 22842849
-92781674 22705988
-92810428 22552456
-92838407 22403013
-92865813 22256329
-92880840 22175347
-92914897 21991485
-92952313 21789098
-92976340 21658505
-93010094 21474715
-93052893 21241556
-93073226 21130636
-93092501 21024734
-93119654 20875157
-93148364 20716913
-93188771 20493967
-93212515 20361658
-93228509 20272495
-93250620 20149154
-93286179 19950706
-93310544 19814686
-93337341 19664710
-93365012 19509467
-93392577 19354810
-93421065 19194589
-93460442 18972999
-93487993 18817885
-93518673 18644865
-93551335 18460610
-93586258 18262927
-93627469 18028887
-93655092 17871737
-93689099 17678228
-93727720 17456936
-93752850 17312931
-93767239 17230351
-93790822 17094680
-93818268 16935811
-93839519 16812713
-93864363 16668562
-93883208 16558868
-93905299 16430221
-93937451 16242944
-93978262 16004871
-94027463 15717779
-94045800 15610589
-94078476 15419347
-94094296 15326659
-94126757 15135864
-94150029 14998757
-94174701 14853109
-94209499 14647651
-94236449 14488457
-94268435 14299370
-94283052 14212845
-94299106 14117702
-94320869 13988672
-94358246 13767053
-94389778 13580046
-94409037 13465535
-94435707 13306417
-94456066 13184943
-94481393 13033801
-94509316 12867157
-94526769 12762964
-94555119 12592874
-94574077 12479078
-94597833 12336232
-94621375 12194671
-94663404 11941827
-94683767 11819152
-94719498 11603664
-94743445 11459106
-94768800 11305574
-94801075 11110116
-94814507 11028740
-94835680 10900413
-94887903 10583589
-94908099 10461036
-94942941 10249573
-94970494 10082325
-94992540 9948357
-95014610 9814233
-95038297 9670083
-95061717 9527096
-95081321 9407403
-95110742 9224167
-95149666 8981321
-95197183 8684605
-95221667 8531712
-95257406 8308328
-95281142 8159134
-95308009 7989311
-95332418 7834761
-95375471 7561916
-95408118 7354687
-95439082 7157255
-95479312 6899868
-95505193 6734187
-95539341 6515308
-95563701 6359152
-95579532 6257642
-95600595 6121940
-95630773 5927309
-95656810 5759341
-95686833 5565599
-95707795 5430098
-95727525 5302360
-95766466 5050022
-95788379 4907767
-95811676 4756062
-95861253 4432263
-95885634 4272947
-95913172 4092693
-95940485 3913157
-95962536 3767538
-95989153 3591197
-96022141 3372420
-96044083 3226794
-96062537 3104108
-96089024 2927786
-96108142 2800019
-96126373 2678154
-96150487 2516838
-96176969 2339337
-96212403 2101349
-96230934 1976860
-96255977 1808597
-96284954 1613760
-96302782 1493754
-96319575 1380603
-96331688 1298770
-96348615 1184414
-96368310 1051169
-96387968 918114
-96415983 727985
-96436905 585816
-96454914 463290
-96480587 287645
-96503669 129688
-96522924 -2094
-96557894 -241895
-96580822 -399214
-96605258 -567791
-96622392 -686191
-96643999 -836126
-96658484 -936715
-96675986 -1058912
-96702407 -1243881
-96734391 -1467942
-96761472 -1657788
-96784732 -1821022
-96814888 -2033238
-96842666 -2228794
-96868344 -2409818
-96884586 -2525266
-96908363 -2694709
-96930631 -2853922
-96947806 -2976789
-96960943 -3070837
-96988278 -3266542
-97015509 -3461788
-97040007 -3637452
-97055356 -3747518
-97074905 -3887902
-97091571 -4007710
-97104606 -4101479
-97114296 -4171197
-97127586 -4267068
-97152845 -4450873
-97177928 -4633460
-97198408 -4783665
-97235474 -5057325
-97252175 -5181027
-97277510 -5368927
-97292933 -5483334
-97312837 -5631597
-97336212 -5806590
-97368899 -6051511
-97392201 -6226198
-97408802 -6351010
-97437638 -6568438
-97455135 -6700608
-97472123 -6829873
-97494274 -6999067
-97520171 -7196962
-97536589 -7322748
-97561432 -7513496
-97587523 -7716255
-97612162 -7908116
-97634937 -8085472
-97661179 -8290408
-97681465 -8449620
-97707327 -8653094
-97730520 -8835578
-97752496 -9010289
-97785034 -9270607
-97812681 -9492045
-97831457 -9642762
-97853248 -9818066
-97871444 -9964490
-97897284 -10172833
-97911612 -10288385
-97922487 -10376386
-97937626 -10498998
-97960024 -10680691
-97984328 -10878398
-98004461 -11042392
-98021822 -11183946
-98045518 -11377316
-98064582 -11533214
-98087556 -11722063
-98104764 -11863900
-98128480 -12060646
-98147089 -12215874
-98163890 -12356044
-98185552 -12536893
-98203669 -12688837
-98226131 -12877662
-98251121 -13088213
-98276477 -13302426
-98312802 -13610238
-98336686 -13813364
-98356625 -13983281
-98390252 -14272229
-98420441 -14531863
-98441339 -14712734
-98459149 -14867498
-98483451 -15080729
-98501929 -15242919
-98524844 -15444143
-98549333 -15660015
-98563380 -15784014
-98582779 -15955769
-98596978 -16081585
-98621316 -16298213
-98630711 -16381884
-98648078 -16536773
-98661531 -16657133
-98677233 -16798131
-98692868 -16939056
-98709960 -17095008
-98725584 -17237622
-98752158 -17480277
-98769990 -17643302
-98783609 -17767813
-98803879 -17953313
-98819969 -18101952
-98829705 -18192971
-98846694 -18352596
-98867097 -18544541
-98885959 -18722342
-98905942 -18910735
-98926341 -19104236
-98943655 -19271859
-98954115 -19373844
-98966805 -19497572
-98997002 -19792332
-99022668 -20043066
-99042043 -20232562
-99054379 -20353464
-99072402 -20530793
-99092095 -20727662
-99110849 -20916345
-99131744 -21130167
-99148513 -21302996
-99166203 -21487624
-99180939 -21643137
-99198955 -21834196
-99214968 -22004810
-99229675 -22165816
-99248041 -22367745
-99261693 -22518778
-99274585 -22663229
-99293084 -22871033
-99312670 -23092815
-99325308 -23236448
-99340299 -23407513
-99350840 -23527900
-99365798 -23699473
-99390785 -23988510
-99411889 -24237474
-99425872 -24403784
-99437735 -24545462
-99451612 -24711780
-99469150 -24922586
-99487208 -25140549
-99499216 -25286898
-99518526 -25522940
-99533889 -25711165
-99546330 -25864328
-99557728 -26004731
-99573813 -26204375
-99594862 -26469283
-99614110 -26721326
-99627978 -26903334
-99636944 -27022061
-99646777 -27154704
-99663106 -27375438
-99690068 -27743580
-99703876 -27934222
-99713913 -28072936
-99724932 -28232329
-99739731 -28449407
-99755149 -28675572
-99771776 -28922098
-99780875 -29061102
-99800445 -29360169
-99807546 -29470797
-99816801 -29616370
-99831835 -29853003
-99842403 -30019456
-99854832 -30215885
-99868198 -30435162
-99886630 -30741833
-99905782 -31081815
-99917145 -31286627
-99929415 -31520743
-99938004 -31693003
-99947179 -31878026
-99954886 -32056109
-99963085 -32252449
-99977265 -32594810
-99987227 -32870815
-99991558 -33011687
-99999999 -33333329
-66666665 -99999998
100000000 -66666662
