1008
-33333330 100000000
-68778333 47777647
-85480917 17957269
-99999996 -33333332
-99989395 -33433352
-99965380 -33589393
-99937150 -33747035
-99914245 -33870531
-99891769 -33979024
-99869519 -34084448
-99852204 -34153968
-99843022 -34186757
-99807555 -34306139
-99772849 -34419961
-99748018 -34500632
-99716563 -34600054
-99686170 -34692317
-99647209 -34810255
-99617751 -34898786
-99588259 -34987409
-99562213 -35063328
-99526317 -35166291
-99478979 -35294439
-99453160 -35361098
-99415221 -35457926
-99365078 -35584339
-99317230 -35704880
-99282830 -35791539
-99256773 -35857175
-99209138 -35973877
-99170141 -36068376
-99098458 -36241839
-99043820 -36373159
-99003888 -36464352
-98951118 -36583795
-98922035 -36649618
-98885064 -36733043
-98838708 -36837446
-98792932 -36939092
-98747412 -37038122
-98699109 -37141645
-98641647 -37263421
-98607395 -37335809
-98564367 -37425314
-98522364 -37511878
-98481911 -37595246
-98450932 -37658970
-98430093 -37701583
-98398439 -37765824
-98340049 -37883516
-98268321 -38027697
-98209574 -38144064
-98133546 -38294068
-98086855 -38385749
-98021932 -38512520
-97988762 -38577224
-97939719 -38672104
-97899552 -38749372
-97862980 -38819091
-97818614 -38903562
-97795101 -38947305
-97736304 -39054438
-97691965 -39134813
-97646998 -39215780
-97593077 -39311790
-97539034 -39405271
-97485873 -39497199
-97436202 -39582724
-97388727 -39664007
-97346361 -39736419
-97305971 -39804849
-97225360 -39938881
-97172632 -40026456
-97124944 -40104691
-97049495 -40228149
-96989862 -40325713
-96951412 -40388528
-96898974 -40472602
-96829688 -40582487
-96799622 -40630043
-96723379 -40749991
-96678945 -40819459
-96612509 -40923304
-96570899 -40988256
-96527819 -41055450
-96485062 -41122016
-96432474 -41203880
-96391933 -41266779
-96351708 -41328861
-96297636 -41411839
-96238591 -41502176
-96166969 -41611507
-96110824 -41696518
-96038379 -41805768
-95965273 -41915254
-95897261 -42016462
-95853218 -42081522
-95798186 -42162482
-95724893 -42270059
-95662675 -42360952
-95598536 -42454076
-95512088 -42579529
-95446310 -42674931
-95391870 -42753637
-95353887 -42808469
-95302449 -42882353
-95253162 -42953103
-95175763 -43063879
-95114344 -43151062
-95032793 -43266529
-94969995 -43355086
-94863342 -43505432
-94817778 -43569457
-94727579 -43696186
-94656674 -43795605
-94583927 -43897326
-94523250 -43981935
-94448025 -44086811
-94374487 -44189304
-94301664 -44290151
-94259436 -44348624
-94191190 -44442968
-94107343 -44557863
-94044239 -44644289
-93987473 -44721861
-93947894 -44775814
-93886514 -44859058
-93812486 -44959445
-93764749 -45024179
-93709048 -45099676
-93639183 -45193970
-93574917 -45280549
-93533454 -45335808
-93476613 -45411493
-93398323 -45515730
-93362432 -45563456
-93308916 -45634234
-93231851 -45735953
-93148571 -45845149
-93092468 -45918531
-93036906 -45990976
-92964838 -46083418
-92906137 -46158405
-92796536 -46298099
-92715207 -46401494
-92659930 -46471705
-92585523 -46566155
-92491858 -46685039
-92419846 -46775932
-92373062 -46834905
-92313918 -46908839
-92247767 -46991406
-92197036 -47054616
-92125323 -47143734
-92041924 -47247109
-91894362 -47429530
-91823889 -47516549
-91773401 -47578846
-91698688 -47670664
-91599728 -47792128
-91553516 -47848840
-91495582 -47919809
-91395233 -48042486
-91334979 -48116070
-91264462 -48202057
-91229767 -48244268
-91174851 -48310835
-91104513 -48395914
-91027256 -48489286
-90959442 -48571095
-90889254 -48655563
-90802480 -48759977
-90721335 -48857521
-90637216 -48958246
-90567824 -49041016
-90502353 -49118981
-90447269 -49184543
-90403939 -49236008
-90320982 -49334131
-90272622 -49391172
-90188830 -49489958
-90096968 -49598169
-90018400 -49690544
-89934156 -49789125
-89885973 -49845353
-89820440 -49921675
-89730324 -50026353
-89678594 -50086397
-89609295 -50166815
-89543012 -50243540
-89468923 -50329078
-89411659 -50394965
-89339703 -50477686
-89270644 -50556755
-89242263 -50589216
-89174722 -50666306
-89113767 -50735878
-89016791 -50846392
-88950839 -50921500
-88847026 -51038951
-88791442 -51101652
-88729266 -51171748
-88643029 -51268431
-88572432 -51347532
-88492888 -51436281
-88443279 -51491433
-88371397 -51571115
-88326577 -51620770
-88251664 -51703429
-88179443 -51783099
-88052811 -51922756
-87973107 -52010452
-87914058 -52075331
-87876996 -52116048
-87790306 -52211238
-87698774 -52311455
-87654664 -52359680
-87591645 -52428420
-87502385 -52525688
-87417726 -52617802
-87363369 -52676849
-87254969 -52794321
-87154531 -52902984
-87068156 -52996390
-87002492 -53067329
-86908606 -53168693
-86823046 -53260813
-86756554 -53331916
-86697898 -53394595
-86649139 -53446580
-86560843 -53540309
-86481462 -53624541
-86407778 -53702689
-86320082 -53795620
-86252259 -53867460
-86183502 -53940133
-86113778 -54013761
-86058261 -54072346
-85956061 -54179828
-85877918 -54261925
-85783269 -54361268
-85704170 -54443882
-85638824 -54512042
-85538092 -54616953
-85444120 -54714609
-85361715 -54800153
-85308865 -54854872
-85240443 -54925643
-85165046 -55003517
-85082067 -55088958
-84987717 -55185929
-84912660 -55262926
-84807525 -55370737
-84689924 -55491180
-84605208 -55577619
-84538963 -55645161
-84474699 -55710496
-84389545 -55796919
-84304857 -55882679
-84248150 -55940076
-84168835 -56020347
-84078137 -56112108
-84008201 -56182803
-83894936 -56297082
-83766844 -56425836
-83677064 -56515998
-83596630 -56596457
-83526433 -56666575
-83427246 -56765396
-83360903 -56831088
-83287277 -56903985
-83195987 -56994305
-83155289 -57034529
-83040174 -57148301
-82935855 -57251277
-82826641 -57359061
-82773558 -57411206
-82670499 -57512308
-82559288 -57621263
-82486593 -57692208
-82392401 -57783618
-82318176 -57855254
-82261215 -57910204
-82155892 -58011513
-82066464 -58097532
-82003548 -58157940
-81919451 -58238374
-81860734 -58294479
-81758496 -58392151
-81688263 -58459115
-81592716 -58550126
-81507720 -58630963
-81460081 -58676147
-81356304 -58773746
-81231940 -58890335
-81141649 -58974746
-81081462 -59030903
-80985926 -59120027
-80902142 -59198004
-80784397 -59307559
-80714656 -59372408
-80620512 -59459886
-80511772 -59560792
-80455434 -59612812
-80402432 -59661599
-80295388 -59759848
-80232795 -59817169
-80110085 -59929512
-80040166 -59993477
-79965562 -60061674
-79920670 -60102664
-79843459 -60173081
-79789546 -60221818
-79699429 -60303141
-79648851 -60348683
-79565517 -60423688
-79470077 -60509387
-79326180 -60638596
-79221297 -60732665
-79149198 -60796997
-79093111 -60847032
-78980292 -60947494
-78889091 -61028672
-78807811 -61100425
-78749667 -61151729
-78663449 -61227596
-78599445 -61283856
-78514789 -61357706
-78439648 -61423252
-78331325 -61517463
-78268258 -61572246
-78173390 -61654490
-78040621 -61769579
-77927132 -61867695
-77839677 -61943092
-77720034 -62046056
-77662767 -62095330
-77516728 -62220871
-77470888 -62260262
-77373443 -62343907
-77293218 -62412638
-77236594 -62461015
-77167529 -62519987
-77082961 -62592174
-76990401 -62670965
-76890685 -62755704
-76828932 -62808167
-76740641 -62883154
-76646142 -62963355
-76537187 -63055799
-76411370 -63162349
-76321887 -63238122
-76231208 -63314907
-76169275 -63367342
-76103284 -63423133
-76012097 -63500207
-75914865 -63582287
-75801312 -63678106
-75701392 -63762080
-75591089 -63854702
-75518922 -63914728
-75417478 -63998948
-75322748 -64077526
-75284276 -64109182
-75150678 -64218667
-75071271 -64283721
-74983724 -64355258
-74879941 -64440011
-74837415 -64474709
-74735900 -64557380
-74627934 -64645222
-74524407 -64729296
-74444835 -64793795
-74334058 -64883567
-74209780 -64984103
-74107396 -65066863
-74021086 -65136431
-73887375 -65243678
-73742206 -65360025
-73647485 -65435912
-73524228 -65534144
-73446902 -65595555
-73329735 -65688553
-73239300 -65760279
-73130876 -65845530
-73025907 -65927841
-72940604 -65994676
-72882453 -66040208
-72803372 -66102066
-72732426 -66157359
-72640813 -66228744
-72559279 -66292246
-72430473 -66392534
-72332662 -66468672
-72256153 -66528202
-72140364 -66618179
-72044563 -66692594
-71973222 -66747968
-71904735 -66801116
-71789728 -66890277
-71673920 -66979828
-71595029 -67040775
-71499526 -67114333
-71382644 -67203729
-71287678 -67276355
-71145717 -67384633
-71078301 -67435975
-70994871 -67499402
-70883933 -67583652
-70789464 -67655246
-70675050 -67741687
-70577710 -67815214
-70470800 -67895836
-70328974 -68002552
-70196759 -68101862
-70126697 -68154461
-70064336 -68201201
-69967185 -68274011
-69876176 -68342210
-69741759 -68442914
-69617822 -68535686
-69494658 -68627661
-69392394 -68704010
-69314492 -68762093
-69230321 -68824806
-69115447 -68910115
-69060551 -68950826
-68955480 -69028665
-68875942 -69087563
-68767812 -69167160
-68678771 -69232669
-68612929 -69281066
-68514571 -69353079
-68475473 -69381684
-68368743 -69459720
-68239876 -69553926
-68140184 -69626804
-68053685 -69690026
-67968384 -69752341
-67867076 -69826280
-67768170 -69898458
-67665478 -69973306
-67571331 -70041789
-67438426 -70138443
-67388062 -70175065
-67303253 -70236508
-67244573 -70278947
-67205798 -70306988
-67131731 -70360484
-67065748 -70408060
-66958674 -70485220
-66863690 -70553621
-66778842 -70614700
-66690436 -70678316
-66595264 -70746757
-66491894 -70821070
-66385584 -70897482
-66334508 -70934119
-66205672 -71026458
-66131013 -71079792
-66074710 -71119984
-65975950 -71190310
-65883898 -71255471
-65833585 -71291072
-65726833 -71366491
-65581526 -71469122
-65471908 -71546393
-65380327 -71610909
-65219953 -71723843
-65113081 -71799092
-65027552 -71859206
-64911582 -71940572
-64816956 -72006511
-64722147 -72072511
-64614227 -72147407
-64514225 -72216784
-64377668 -72311344
-64257616 -72394353
-64156599 -72463944
-64080244 -72516443
-64008073 -72566041
-63888896 -72647919
-63784221 -72719655
-63666891 -72800037
-63552218 -72878573
-63421724 -72967867
-63342412 -73022128
-63192945 -73124351
-63076421 -73203968
-62975702 -73272523
-62867487 -73346142
-62816582 -73380695
-62705207 -73456163
-62589493 -73534568
-62494418 -73598853
-62367393 -73684469
-62295384 -73732898
-62221214 -73782725
-62122948 -73848637
-62062910 -73888865
-61917535 -73985892
-61840582 -74037211
-61766094 -74086809
-61627625 -74178983
-61519492 -74250830
-61444259 -74300733
-61339463 -74370213
-61270001 -74416249
-61112982 -74520146
-61017026 -74583579
-60938120 -74635687
-60843747 -74697944
-60737625 -74767937
-60649213 -74826224
-60540463 -74897419
-60454960 -74953346
-60380738 -75001870
-60297603 -75056218
-60211841 -75112264
-60100398 -75185040
-60009108 -75244649
-59903844 -75313369
-59797021 -75382725
-59700971 -75445077
-59611117 -75503180
-59517515 -75563619
-59435689 -75616434
-59309527 -75697753
-59192951 -75772879
-59100743 -75832213
-58988541 -75904365
-58892584 -75965795
-58823390 -76010091
-58697140 -76090886
-58608373 -76147367
-58519695 -76203732
-58412718 -76271706
-58320864 -76330002
-58228386 -76388598
-58133443 -76448731
-57969840 -76552298
-57893752 -76600452
-57799030 -76660344
-57685005 -76732390
-57568233 -76806100
-57393430 -76916430
-57314695 -76965966
-57240449 -77012614
-57150243 -77069284
-57022120 -77149753
-56927520 -77209157
-56778297 -77302771
-56694475 -77355321
-56602723 -77412835
-56477523 -77491307
-56340611 -77576989
-56196671 -77667014
-56103525 -77725111
-55996909 -77791517
-55826798 -77897253
-55723524 -77961327
-55623409 -78023421
-55457001 -78126539
-55399705 -78162019
-55295726 -78226291
-55212532 -78277675
-55077600 -78360954
-54944858 -78442721
-54808950 -78526438
-54731827 -78573929
-54619421 -78643100
-54544402 -78689149
-54456957 -78742471
-54426893 -78760801
-54338789 -78814331
-54217661 -78887792
-54053778 -78987169
-53916891 -79070168
-53814321 -79132337
-53720553 -79189038
-53675366 -79216285
-53582733 -79272079
-53512817 -79314174
-53390352 -79387884
-53302657 -79440660
-53237541 -79479845
-53176895 -79516320
-53034715 -79601520
-52899917 -79682177
-52758641 -79766675
-52699861 -79801751
-52604164 -79858717
-52477821 -79933835
-52375114 -79994834
-52294236 -80042773
-52199018 -80099174
-52053478 -80185301
-51938969 -80253006
-51842449 -80310012
-51718003 -80383384
-51625574 -80437714
-51493298 -80515461
-51389132 -80576569
-51319213 -80617568
-51204159 -80684966
-51117694 -80735606
-50978683 -80816721
-50869212 -80880466
-50805310 -80917660
-50673518 -80994256
-50581975 -81047412
-50446616 -81126006
-50218300 -81258561
-50102421 -81325693
-49999755 -81384929
-49855307 -81468102
-49773752 -81515005
-49694792 -81560366
-49609756 -81609108
-49483570 -81681296
-49395945 -81731352
-49314946 -81777599
-49237479 -81821628
-49182275 -81853002
-49030134 -81939279
-48892733 -82016656
-48801652 -82067923
-48718632 -82114630
-48631672 -82163544
-48545249 -82212114
-48498108 -82238523
-48328655 -82332876
-48238400 -82383061
-48084383 -82468394
-48000316 -82514859
-47891820 -82574773
-47802394 -82624130
-47686445 -82688074
-47580610 -82746410
-47477537 -82803220
-47389168 -82851867
-47255830 -82925250
-47159593 -82978196
-47024269 -83052560
-46928951 -83104927
-46829908 -83159275
-46713564 -83223063
-46640500 -83262874
-46501927 -83338140
-46336067 -83428178
-46188858 -83507951
-46080266 -83566771
-46017429 -83600731
-45893473 -83667500
-45746569 -83746598
-45605629 -83822370
-45483736 -83887888
-45366218 -83951011
-45252279 -84012202
-45172412 -84055090
-45047337 -84122023
-44882228 -84210218
-44804691 -84251586
-44671503 -84322645
-44619705 -84350279
-44555548 -84384492
-44436247 -84448030
-44301847 -84519523
-44182504 -84582835
-44126867 -84612315
-43974052 -84693158
-43840702 -84763699
-43636518 -84871070
-43604015 -84888100
-43464391 -84960903
-43351432 -85019621
-43238758 -85078128
-43126249 -85136369
-43002053 -85200417
-42865098 -85270813
-42705883 -85352465
-42608540 -85402366
-42494827 -85460651
-42403160 -85507379
-42304425 -85557423
-42196499 -85611810
-42066365 -85677275
-41855407 -85783200
-41693960 -85864151
-41600373 -85910894
-41432477 -85994716
-41359771 -86030996
-41212837 -86104268
-41068215 -86176290
-40967721 -86226312
-40861138 -86279264
-40699157 -86359318
-40522414 -86446640
-40451276 -86481770
-40347577 -86532869
-40222661 -86594286
-40059089 -86674483
-39893559 -86755565
-39792094 -86805071
-39678001 -86860650
-39557126 -86919413
-39430692 -86980837
-39319546 -87034822
-39262296 -87062608
-39134909 -87124388
-39020911 -87179585
-38814202 -87279628
-38735194 -87317795
-38627686 -87369704
-38504133 -87429349
-38342898 -87507020
-38216451 -87567832
-38055913 -87645039
-37956817 -87692641
-37840336 -87748552
-37714107 -87809011
-37587659 -87869443
-37448837 -87935318
-37381058 -87967430
-37250501 -88029118
-37161988 -88070889
-37036466 -88129787
-36926565 -88181275
-36836317 -88223401
-36749502 -88263784
-36597030 -88334683
-36456266 -88399804
-36289948 -88476707
-36173336 -88530417
-36064031 -88580707
-35968546 -88624346
-35832533 -88686407
-35752439 -88722844
-35631475 -88777736
-35532752 -88822525
-35404814 -88880497
-35250891 -88950053
-35132476 -89003385
-35033096 -89048069
-34925576 -89096386
-34816804 -89145172
-34689663 -89202134
-34569022 -89255874
-34507108 -89283440
-34413216 -89325038
-34234464 -89404206
-34103669 -89462106
-34009471 -89503805
-33898451 -89552866
-33780233 -89604902
-33626351 -89672295
-33492589 -89730816
-33387454 -89776630
-33204617 -89856277
-33144770 -89882337
-33028626 -89932832
-32929156 -89976071
-32789622 -90036536
-32652731 -90095651
-32540825 -90143943
-32415023 -90198167
-32342534 -90229401
-32287475 -90253009
-32162379 -90306547
-32026598 -90364586
-31977572 -90385506
-31838332 -90444875
-31737916 -90487646
-31651987 -90524215
-31557037 -90564602
-31424476 -90620965
-31271962 -90685413
-31137032 -90742410
-31036367 -90784872
-30915281 -90835863
-30861539 -90858475
-30729041 -90914054
-30599560 -90968254
-30460977 -91026089
-30378628 -91060443
-30220230 -91126232
-30145785 -91157127
-29977504 -91226792
-29836565 -91284865
-29734002 -91326847
-29668334 -91353555
-29532938 -91408475
-29358668 -91479141
-29223170 -91533996
-29069610 -91596062
-28951910 -91643626
-28760059 -91720697
-28549572 -91805235
-28427050 -91854431
-28321320 -91896823
-28181105 -91952912
-28073975 -91995693
-27955738 -92042866
-27814469 -92099221
-27712251 -92139907
-27580629 -92192224
-27513436 -92218900
-27325559 -92293119
-27220901 -92334427
-27129504 -92370499
-27031299 -92409022
-26902591 -92459407
-26766544 -92512285
-26668809 -92550083
-26535304 -92601576
-26329762 -92680756
-26174715 -92740232
-26007269 -92804374
-25801144 -92882694
-25648900 -92940392
-25556904 -92975246
-25461098 -93011528
-25407113 -93031937
-25347446 -93054494
-25228085 -93099343
-25103611 -93145698
-24993183 -93186797
-24854999 -93238140
-24762031 -93272615
-24626533 -93322730
-24529913 -93358431
-24369043 -93417667
-24234450 -93467093
-24130763 -93505167
-24050317 -93534706
-23880770 -93596563
-23803436 -93624659
-23662715 -93675682
-23514126 -93729509
-23364952 -93783214
-23253669 -93823253
-23119255 -93871235
-23001567 -93913069
-22842005 -93969768
-22655262 -94036125
-22537286 -94077890
-22386447 -94131079
-22248415 -94179676
-22151657 -94213655
-22084254 -94237240
-21936020 -94288972
-21787946 -94340590
-21687051 -94375658
-21601544 -94405322
-21490423 -94443708
-21421182 -94467625
-21295836 -94510724
-21147288 -94561614
-20937053 -94633572
-20821469 -94672991
-20716577 -94708731
-20648766 -94731824
-20556580 -94763016
-20451063 -94798632
-20321203 -94842457
-20268883 -94860050
-20180788 -94889404
-20109637 -94913089
-20005849 -94947451
-19858557 -94995960
-19676660 -95055561
-19504120 -95111895
-19380326 -95152249
-19201722 -95210346
-19024699 -95267908
-18927004 -95299652
-18740973 -95359893
-18571924 -95414359
-18343435 -95487912
-18163081 -95545962
-18061852 -95578514
-17941054 -95617291
-17813549 -95658116
-17678443 -95701347
-17545977 -95743717
-17332669 -95811899
-17198768 -95854546
-17041399 -95904570
-16872854 -95957855
-16733303 -96001956
-16652976 -96027041
-16531180 -96065014
-16372919 -96114299
-16280199 -96143095
-16169658 -96177285
-16009828 -96226599
-15840874 -96278557
-15751027 -96306182
-15609799 -96349526
-15505039 -96381623
-15394259 -96415308
-15212881 -96470403
-15092949 -96506678
-14876700 -96571882
-14770716 -96603712
-14583396 -96659916
-14437946 -96703518
-14326208 -96737012
-14205555 -96772855
-14052857 -96818042
-13905730 -96861346
-13748179 -96907684
-13681953 -96927080
-13564193 -96961404
-13465349 -96990165
-13280991 -97043520
-13091565 -97098298
-13020049 -97118903
-12804432 -97180994
-12658397 -97223021
-12436749 -97286740
-12298627 -97326318
-12164265 -97364563
-12050826 -97396834
-11938714 -97428626
-11834348 -97458187
-11708608 -97493789
-11575000 -97531308
-11461913 -97563008
-11261058 -97619143
-11167070 -97645354
-11023289 -97684979
-10829373 -97738362
-10596595 -97802203
-10472298 -97836278
-10336356 -97873518
-10172658 -97918164
-10033513 -97955685
-9920213 -97986186
-9745536 -98033090
-9654644 -98057315
-9424088 -98118566
-9321555 -98145698
-9132999 -98195262
-9016118 -98225852
-8785698 -98285768
-8640151 -98323398
-8471668 -98366480
-8325634 -98403563
-8202249 -98434700
-8037836 -98476083
-7967327 -98493812
-7886275 -98514062
-7760428 -98545231
-7648069 -98573055
-7535112 -98600950
-7471161 -98616577
-7340627 -98648413
-7189074 -98685110
-7017292 -98726586
-6822575 -98773514
-6643209 -98816558
-6447917 -98863233
-6362656 -98883272
-6276899 -98903338
-6025406 -98961168
-5905923 -98988618
-5714801 -99032348
-5612568 -99055651
-5535690 -99072428
-5313875 -99119834
-5205213 -99142934
-4990356 -99188563
-4877457 -99212348
-4727451 -99243879
-4560339 -99278995
-4456750 -99300516
-4267152 -99339423
-4121192 -99368786
-3892995 -99412121
-3690650 -99450394
-3524126 -99481774
-3412259 -99502196
-3289026 -99524486
-3188376 -99542686
-3041494 -99568911
-2878441 -99597975
-2720270 -99625715
-2528363 -99658054
-2328874 -99690570
-2181501 -99714530
-2018802 -99739941
-1932532 -99753356
-1738080 -99783123
-1607942 -99803043
-1399096 -99833089
-1270030 -99851220
-1065006 -99878559
-921033 -99896693
-777218 -99914796
-471807 -99950983
-292200 -99971961
-146093 -99985990
1 -100000000
34738094 -79474929
72016029 -51638871
99999999 3
33053843 59394811
