31 28
587 1 1000 1000 1 1 544 1000 643 1000 587 587 643 1000 1 1000 1000 643 1000 1 643 587 544 643 1 1000 1000 544
1000 1 643 587 1000 587 544 544 1 587 1000 1000 1000 643 587 544 1000 587 643 587 587 1 643 1 587 587 587 544
643 587 643 1 1 1000 1000 544 1 1000 1 1 1 544 587 544 1000 1 643 1 587 544 1000 587 587 1000 544 1000
587 1 643 544 544 544 1 587 1000 643 544 1000 643 587 544 587 587 587 587 587 1 1 544 1 643 587 643 643
587 544 1 1000 544 1 1 587 587 1 544 643 1 587 544 544 1 643 643 643 587 1 544 643 587 544 1 643
1 1 544 544 643 1 643 1000 544 643 1 1000 1 587 1000 587 587 643 544 1 544 544 587 587 643 1000 643 587
1000 643 587 643 587 1 544 643 587 643 1000 587 643 544 587 544 1 1000 544 1 544 643 544 1000 643 587 587 1000
643 643 1 544 544 1000 1 544 643 544 1000 1 1000 544 587 1 643 643 1 643 643 544 587 587 643 643 1 1000
587 1000 587 587 1 1 643 587 1000 587 587 1 544 643 643 1000 1 1000 1 1 643 587 544 1000 643 544 544 1000
544 544 1 1 587 544 544 1 1000 544 1 1000 544 643 587 1 544 643 643 1 1000 643 643 587 587 643 587 1000
1 1 587 1 587 643 587 1000 1 1 1 1 643 587 1000 643 1 1000 587 643 1000 1 587 1 1000 643 1000 643
1 587 587 643 1 544 643 643 643 544 1000 643 1 544 643 587 544 1 544 1 1 587 544 544 1 544 544 1000
544 1 544 587 587 643 1000 1 544 1 643 587 1000 544 1 544 1000 643 544 1000 643 1000 643 544 544 643 1 1000
643 1000 544 643 544 1 544 1000 587 587 587 587 544 1 587 643 587 1 1 643 587 544 544 587 544 643 1000 1
1000 1000 587 1 643 1000 1 1000 643 643 587 643 544 587 1000 643 544 587 643 587 1 544 587 1 643 1 544 1
587 587 544 1000 544 643 587 544 643 587 587 1 587 643 544 544 544 587 1 587 587 1000 1 643 643 544 1000 544
544 544 1000 587 544 587 1 1 643 1 587 643 1 643 587 643 587 1000 544 587 643 643 587 587 544 544 643 1
643 544 544 1000 1 1 1 1000 1000 1000 587 643 1 587 544 1000 544 1 1 643 1000 544 1 544 587 643 643 1000
643 587 544 1000 643 1000 544 544 1 1000 544 1000 1000 643 587 1000 544 643 1000 1 1000 587 544 643 1000 1000 587 1
1 1000 643 1000 587 587 1 587 587 1 643 544 643 643 1 1 1 643 587 643 587 1 587 1 643 587 544 544
1000 544 587 1 587 1000 587 1 643 1 587 544 1 1 1 643 1 1 587 1 1000 1 1000 587 587 1 1000 1000
1 587 1000 1000 1000 544 544 587 544 587 544 1 587 1 1 587 1000 643 1 643 1000 1 1 587 587 587 587 643
1000 1 643 1000 643 1 1 1 1 1000 1000 1000 587 1000 1000 643 1 1 587 1000 587 643 643 587 544 544 1000 1000
643 1 587 643 587 643 587 1 1 544 544 544 1 1 587 587 544 587 544 1000 587 587 544 643 1 1 1 544
643 1000 1 643 544 587 544 1000 643 544 1000 544 1000 1000 587 1 544 643 544 1 1 1000 643 587 1 544 643 643
587 544 544 1 1 1 587 1 1000 643 1 1000 587 587 1000 544 643 587 1000 1000 643 1 544 544 587 587 1000 544
587 1000 1 1 544 1000 643 643 1000 587 1000 1 544 643 643 643 587 1 1 643 1000 544 544 1 544 1000 587 1
643 1000 1000 587 643 544 587 1 643 1000 1000 1000 544 1000 1 1 643 1 544 1000 544 1000 1 587 643 587 643 544
1 587 1000 544 1000 643 643 544 544 643 544 587 544 587 587 1 544 587 587 1000 1000 587 643 1000 1000 643 1000 587
1000 643 1 1000 544 1 544 643 1 1 1000 587 1 1000 1 1 544 587 544 544 643 643 544 1000 643 643 643 1
587 643 587 1 587 587 1 643 1 544 643 544 1 643 587 587 587 1 1000 1 587 1 643 1000 1 544 1000 643
