29 28
54 18 18 1 1 15 18 18 100 15 18 100 100 1 15 18 15 15 15 54 18 54 15 54 18 18 18 54
18 54 54 100 100 54 100 1 54 54 15 18 15 15 18 100 15 100 1 15 100 15 1 54 100 1 100 18
18 15 18 18 15 54 18 1 54 18 54 1 15 1 15 15 54 54 100 18 18 15 100 1 18 54 15 54
54 54 15 1 100 54 1 1 18 15 18 100 1 18 18 54 18 15 100 1 15 100 18 1 100 15 1 1
1 100 18 54 15 18 15 1 18 15 54 54 15 100 18 15 15 54 1 100 18 18 100 1 100 100 54 18
54 100 54 15 18 1 54 54 100 1 100 100 18 18 54 18 15 100 18 54 15 100 100 15 15 18 100 15
54 18 1 15 100 100 1 15 1 18 1 18 18 100 54 54 18 18 18 100 54 1 18 15 54 15 54 54
54 15 100 54 1 100 1 100 15 1 54 100 100 15 15 15 18 15 54 15 1 15 54 18 1 1 15 100
1 100 1 18 15 18 18 100 15 100 18 18 1 100 54 15 54 100 54 1 100 18 15 100 100 15 100 1
15 18 100 1 15 100 100 54 100 15 18 15 100 18 100 15 1 54 100 15 54 100 54 100 15 15 1 54
100 54 18 18 1 54 1 100 1 18 1 54 1 54 18 54 100 100 1 1 15 1 15 100 18 100 15 18
54 100 54 54 18 18 1 100 15 15 54 100 1 15 1 18 100 1 54 15 18 18 1 1 54 18 100 18
54 18 15 18 1 100 1 18 15 18 54 1 100 15 1 100 1 1 18 100 54 15 1 15 18 100 100 1
18 18 18 15 1 1 18 15 18 18 54 100 18 18 1 15 15 1 100 15 54 15 100 15 1 15 1 54
15 1 54 100 100 15 54 1 1 1 100 100 54 18 1 15 100 15 1 15 18 100 18 100 54 100 1 15
1 15 15 18 100 100 18 18 54 15 18 100 18 1 15 100 18 100 15 1 15 18 1 15 54 54 1 100
100 1 1 54 54 100 54 54 1 15 15 1 1 15 54 18 54 1 1 1 1 100 1 54 100 54 1 15
18 15 18 54 100 15 15 54 100 54 54 15 1 1 15 15 15 54 54 54 15 54 54 18 1 18 15 1
100 54 18 54 54 54 1 54 1 100 15 1 15 100 100 1 18 54 1 18 54 15 100 100 54 18 18 1
100 1 15 18 1 15 18 54 54 18 15 100 54 1 18 54 54 1 100 15 1 100 54 54 18 100 15 15
54 1 1 100 15 15 54 54 100 15 18 1 100 54 54 15 15 1 1 18 15 15 15 54 18 100 1 1
15 15 15 54 1 54 15 100 100 54 54 1 1 54 1 54 100 1 15 100 1 15 15 18 15 100 54 15
18 100 15 54 18 100 100 18 15 18 100 1 15 15 54 18 54 18 1 18 18 1 15 100 18 100 18 18
1 54 18 15 18 1 1 1 54 100 15 54 100 18 18 1 18 18 54 15 18 18 15 15 100 1 100 18
15 100 15 18 15 15 18 100 100 100 54 100 15 1 1 54 100 18 15 18 100 1 18 15 54 1 54 100
15 18 1 54 54 15 18 100 54 1 1 1 100 15 1 54 54 15 18 18 18 1 15 18 15 54 54 54
18 100 15 18 15 15 18 1 1 100 15 1 18 1 100 54 100 54 15 18 54 54 100 15 18 15 54 18
54 1 54 54 100 100 18 100 100 18 54 18 100 18 100 54 54 18 1 18 15 18 100 18 1 54 15 1
100 15 100 18 1 1 54 18 18 18 15 1 15 15 54 18 18 18 1 18 54 15 15 18 1 100 18 15
