19 14
6 27 27 4 27 1 1 4 1 27 1 1 4 50
27 6 27 27 4 50 4 50 6 6 4 1 27 4
6 1 50 50 50 1 27 50 1 1 6 1 50 1
1 1 50 1 1 6 4 27 27 6 6 1 4 50
27 6 6 1 6 4 6 4 27 1 27 27 6 6
1 4 6 27 50 4 1 4 1 4 50 27 27 27
4 6 6 4 50 50 4 4 27 1 1 27 6 27
6 1 6 50 27 1 6 50 27 27 1 50 50 4
50 1 1 6 6 50 27 27 4 6 50 4 6 50
50 6 50 27 6 50 27 6 4 6 6 50 1 6
1 6 50 6 50 4 50 4 1 1 50 4 6 1
6 4 6 6 27 27 1 6 6 1 1 27 27 6
1 1 4 6 6 6 50 4 27 4 50 50 4 1
1 1 27 27 4 1 6 1 1 6 6 1 1 50
27 27 4 1 27 1 1 27 6 50 4 4 6 27
1 27 27 6 27 4 6 6 27 50 6 50 50 4
4 50 4 50 6 50 6 6 50 6 6 50 27 50
1 4 50 6 4 6 4 1 4 50 6 4 1 4
6 50 50 27 1 6 1 50 50 50 6 1 4 4
