16 17
9 1 1 30 21 21 1 1 30 1 30 9 30 21 21 1 30
9 9 9 9 21 9 30 30 30 9 9 30 24 1 24 9 21
30 21 21 9 21 24 21 21 9 30 1 1 1 30 9 9 9
30 30 9 1 21 24 1 9 24 9 1 1 9 30 24 1 30
21 21 21 30 21 9 1 30 30 9 24 24 30 9 30 9 30
30 1 9 1 21 21 30 24 1 1 21 30 9 24 1 24 30
9 1 30 1 24 9 9 24 24 30 21 24 24 30 9 24 1
24 24 9 21 9 24 30 1 30 21 30 21 30 24 21 9 9
1 21 24 9 21 21 30 9 21 9 21 1 9 21 24 30 9
1 9 21 24 30 24 30 9 21 9 30 9 9 9 9 21 21
1 30 9 21 24 24 30 1 30 21 9 21 1 30 24 30 1
30 21 24 21 30 21 21 24 30 30 1 21 1 21 21 30 1
24 21 24 9 30 24 21 30 21 21 21 9 9 9 9 24 9
1 21 1 9 30 1 9 1 24 24 9 21 21 21 9 1 1
30 9 1 21 1 24 9 21 24 30 21 21 24 9 9 24 9
30 24 1 9 24 9 9 1 24 24 9 9 21 30 9 9 9
