100 3
14 21 8
1 14 30
6 8 14
14 8 8
14 14 30
13 21 8
1 13 13
21 21 8
1 30 21
21 1 21
6 14 13
14 1 6
14 14 8
13 6 14
13 13 30
14 21 8
6 8 21
6 14 1
14 14 30
6 14 13
14 13 21
6 8 21
6 6 21
21 1 1
21 30 21
13 14 8
14 8 1
30 14 1
6 14 1
21 14 1
30 21 13
8 1 6
1 21 1
30 30 6
8 14 13
14 6 14
14 1 21
1 1 6
30 14 1
8 30 6
14 14 14
14 8 14
1 8 21
6 14 14
21 1 21
6 8 6
21 14 6
30 8 13
6 30 21
30 21 8
21 6 13
1 14 1
30 6 1
13 13 30
6 21 1
14 21 14
6 6 8
21 21 13
30 6 13
13 13 13
1 21 30
13 6 8
6 21 1
13 13 14
30 30 8
8 8 13
8 21 13
6 6 13
6 13 1
8 13 14
14 30 14
14 14 21
8 1 13
13 14 30
14 21 14
30 1 30
8 13 14
1 6 21
21 6 1
13 21 30
8 8 8
30 8 14
13 6 8
30 6 6
8 1 21
14 30 21
8 8 14
6 8 1
21 14 13
13 13 21
14 8 1
1 21 13
6 30 1
13 14 13
8 30 6
8 8 14
6 13 8
14 13 1
21 14 13
1 30 1
