100 12
1 1 1 1 1 1 1 1 1 1 1 1
1 6 6 6 6 6 6 6 6 6 6 1
1 6 3 3 3 3 3 3 3 3 6 1
1 6 3 2 2 2 2 2 2 3 6 1
1 6 3 2 5 5 5 5 2 3 6 1
1 6 3 2 5 7 7 5 2 3 6 1
1 6 3 2 5 7 7 5 2 3 6 1
1 6 3 2 5 7 7 5 2 3 6 1
1 6 3 2 5 7 7 5 2 3 6 1
1 6 3 2 5 7 7 5 2 3 6 1
1 6 3 2 5 7 7 5 2 3 6 1
1 6 3 2 5 7 7 5 2 3 6 1
1 6 3 2 5 7 7 5 2 3 6 1
1 6 3 2 5 7 7 5 2 3 6 1
1 6 3 2 5 7 7 5 2 3 6 1
1 6 3 2 5 7 7 5 2 3 6 1
1 6 3 2 5 7 7 5 2 3 6 1
1 6 3 2 5 7 7 5 2 3 6 1
1 6 3 2 5 7 7 5 2 3 6 1
1 6 3 2 5 7 7 5 2 3 6 1
1 6 3 2 5 7 7 5 2 3 6 1
1 6 3 2 5 7 7 5 2 3 6 1
1 6 3 2 5 7 7 5 2 3 6 1
1 6 3 2 5 7 7 5 2 3 6 1
1 6 3 2 5 7 7 5 2 3 6 1
1 6 3 2 5 7 7 5 2 3 6 1
1 6 3 2 5 7 7 5 2 3 6 1
1 6 3 2 5 7 7 5 2 3 6 1
1 6 3 2 5 7 7 5 2 3 6 1
1 6 3 2 5 7 7 5 2 3 6 1
1 6 3 2 5 7 7 5 2 3 6 1
1 6 3 2 5 7 7 5 2 3 6 1
1 6 3 2 5 7 7 5 2 3 6 1
1 6 3 2 5 7 7 5 2 3 6 1
1 6 3 2 5 7 7 5 2 3 6 1
1 6 3 2 5 7 7 5 2 3 6 1
1 6 3 2 5 7 7 5 2 3 6 1
1 6 3 2 5 7 7 5 2 3 6 1
1 6 3 2 5 7 7 5 2 3 6 1
1 6 3 2 5 7 7 5 2 3 6 1
1 6 3 2 5 7 7 5 2 3 6 1
1 6 3 2 5 7 7 5 2 3 6 1
1 6 3 2 5 7 7 5 2 3 6 1
1 6 3 2 5 7 7 5 2 3 6 1
1 6 3 2 5 7 7 5 2 3 6 1
1 6 3 2 5 7 7 5 2 3 6 1
1 6 3 2 5 7 7 5 2 3 6 1
1 6 3 2 5 7 7 5 2 3 6 1
1 6 3 2 5 7 7 5 2 3 6 1
1 6 3 2 5 7 7 5 2 3 6 1
1 6 3 2 5 7 7 5 2 3 6 1
1 6 3 2 5 7 7 5 2 3 6 1
1 6 3 2 5 7 7 5 2 3 6 1
1 6 3 2 5 7 7 5 2 3 6 1
1 6 3 2 5 7 7 5 2 3 6 1
1 6 3 2 5 7 7 5 2 3 6 1
1 6 3 2 5 7 7 5 2 3 6 1
1 6 3 2 5 7 7 5 2 3 6 1
1 6 3 2 5 7 7 5 2 3 6 1
1 6 3 2 5 7 7 5 2 3 6 1
1 6 3 2 5 7 7 5 2 3 6 1
1 6 3 2 5 7 7 5 2 3 6 1
1 6 3 2 5 7 7 5 2 3 6 1
1 6 3 2 5 7 7 5 2 3 6 1
1 6 3 2 5 7 7 5 2 3 6 1
1 6 3 2 5 7 7 5 2 3 6 1
1 6 3 2 5 7 7 5 2 3 6 1
1 6 3 2 5 7 7 5 2 3 6 1
1 6 3 2 5 7 7 5 2 3 6 1
1 6 3 2 5 7 7 5 2 3 6 1
1 6 3 2 5 7 7 5 2 3 6 1
1 6 3 2 5 7 7 5 2 3 6 1
1 6 3 2 5 7 7 5 2 3 6 1
1 6 3 2 5 7 7 5 2 3 6 1
1 6 3 2 5 7 7 5 2 3 6 1
1 6 3 2 5 7 7 5 2 3 6 1
1 6 3 2 5 7 7 5 2 3 6 1
1 6 3 2 5 7 7 5 2 3 6 1
1 6 3 2 5 7 7 5 2 3 6 1
1 6 3 2 5 7 7 5 2 3 6 1
1 6 3 2 5 7 7 5 2 3 6 1
1 6 3 2 5 7 7 5 2 3 6 1
1 6 3 2 5 7 7 5 2 3 6 1
1 6 3 2 5 7 7 5 2 3 6 1
1 6 3 2 5 7 7 5 2 3 6 1
1 6 3 2 5 7 7 5 2 3 6 1
1 6 3 2 5 7 7 5 2 3 6 1
1 6 3 2 5 7 7 5 2 3 6 1
1 6 3 2 5 7 7 5 2 3 6 1
1 6 3 2 5 7 7 5 2 3 6 1
1 6 3 2 5 7 7 5 2 3 6 1
1 6 3 2 5 7 7 5 2 3 6 1
1 6 3 2 5 7 7 5 2 3 6 1
1 6 3 2 5 7 7 5 2 3 6 1
1 6 3 2 5 7 7 5 2 3 6 1
1 6 3 2 5 5 5 5 2 3 6 1
1 6 3 2 2 2 2 2 2 3 6 1
1 6 3 3 3 3 3 3 3 3 6 1
1 6 6 6 6 6 6 6 6 6 6 1
1 1 1 1 1 1 1 1 1 1 1 1
