45 44
15 15 15 15 15 15 15 15 15 15 15 15 15 15 15 15 15 15 15 15 15 15 15 15 15 15 15 15 15 15 15 15 15 15 15 15 15 15 15 15 15 15 15 15
15 2 2 2 2 2 2 2 2 2 2 2 2 2 2 2 2 2 2 2 2 2 2 2 2 2 2 2 2 2 2 2 2 2 2 2 2 2 2 2 2 2 2 15
15 2 8 8 8 8 8 8 8 8 8 8 8 8 8 8 8 8 8 8 8 8 8 8 8 8 8 8 8 8 8 8 8 8 8 8 8 8 8 8 8 8 2 15
15 2 8 9 9 9 9 9 9 9 9 9 9 9 9 9 9 9 9 9 9 9 9 9 9 9 9 9 9 9 9 9 9 9 9 9 9 9 9 9 9 8 2 15
15 2 8 9 4 4 4 4 4 4 4 4 4 4 4 4 4 4 4 4 4 4 4 4 4 4 4 4 4 4 4 4 4 4 4 4 4 4 4 4 9 8 2 15
15 2 8 9 4 1 1 1 1 1 1 1 1 1 1 1 1 1 1 1 1 1 1 1 1 1 1 1 1 1 1 1 1 1 1 1 1 1 1 4 9 8 2 15
15 2 8 9 4 1 3 3 3 3 3 3 3 3 3 3 3 3 3 3 3 3 3 3 3 3 3 3 3 3 3 3 3 3 3 3 3 3 1 4 9 8 2 15
15 2 8 9 4 1 3 6 6 6 6 6 6 6 6 6 6 6 6 6 6 6 6 6 6 6 6 6 6 6 6 6 6 6 6 6 6 3 1 4 9 8 2 15
15 2 8 9 4 1 3 6 13 13 13 13 13 13 13 13 13 13 13 13 13 13 13 13 13 13 13 13 13 13 13 13 13 13 13 13 6 3 1 4 9 8 2 15
15 2 8 9 4 1 3 6 13 14 14 14 14 14 14 14 14 14 14 14 14 14 14 14 14 14 14 14 14 14 14 14 14 14 14 13 6 3 1 4 9 8 2 15
15 2 8 9 4 1 3 6 13 14 7 7 7 7 7 7 7 7 7 7 7 7 7 7 7 7 7 7 7 7 7 7 7 7 14 13 6 3 1 4 9 8 2 15
15 2 8 9 4 1 3 6 13 14 7 12 12 12 12 12 12 12 12 12 12 12 12 12 12 12 12 12 12 12 12 12 12 7 14 13 6 3 1 4 9 8 2 15
15 2 8 9 4 1 3 6 13 14 7 12 11 11 11 11 11 11 11 11 11 11 11 11 11 11 11 11 11 11 11 11 12 7 14 13 6 3 1 4 9 8 2 15
15 2 8 9 4 1 3 6 13 14 7 12 11 10 10 10 10 10 10 10 10 10 10 10 10 10 10 10 10 10 10 11 12 7 14 13 6 3 1 4 9 8 2 15
15 2 8 9 4 1 3 6 13 14 7 12 11 10 5 5 5 5 5 5 5 5 5 5 5 5 5 5 5 5 10 11 12 7 14 13 6 3 1 4 9 8 2 15
15 2 8 9 4 1 3 6 13 14 7 12 11 10 5 15 15 15 15 15 15 15 15 15 15 15 15 15 15 5 10 11 12 7 14 13 6 3 1 4 9 8 2 15
15 2 8 9 4 1 3 6 13 14 7 12 11 10 5 15 2 2 2 2 2 2 2 2 2 2 2 2 15 5 10 11 12 7 14 13 6 3 1 4 9 8 2 15
15 2 8 9 4 1 3 6 13 14 7 12 11 10 5 15 2 8 8 8 8 8 8 8 8 8 8 2 15 5 10 11 12 7 14 13 6 3 1 4 9 8 2 15
15 2 8 9 4 1 3 6 13 14 7 12 11 10 5 15 2 8 9 9 9 9 9 9 9 9 8 2 15 5 10 11 12 7 14 13 6 3 1 4 9 8 2 15
15 2 8 9 4 1 3 6 13 14 7 12 11 10 5 15 2 8 9 4 4 4 4 4 4 9 8 2 15 5 10 11 12 7 14 13 6 3 1 4 9 8 2 15
15 2 8 9 4 1 3 6 13 14 7 12 11 10 5 15 2 8 9 4 1 1 1 1 4 9 8 2 15 5 10 11 12 7 14 13 6 3 1 4 9 8 2 15
15 2 8 9 4 1 3 6 13 14 7 12 11 10 5 15 2 8 9 4 1 3 3 1 4 9 8 2 15 5 10 11 12 7 14 13 6 3 1 4 9 8 2 15
15 2 8 9 4 1 3 6 13 14 7 12 11 10 5 15 2 8 9 4 1 3 3 1 4 9 8 2 15 5 10 11 12 7 14 13 6 3 1 4 9 8 2 15
15 2 8 9 4 1 3 6 13 14 7 12 11 10 5 15 2 8 9 4 1 3 3 1 4 9 8 2 15 5 10 11 12 7 14 13 6 3 1 4 9 8 2 15
15 2 8 9 4 1 3 6 13 14 7 12 11 10 5 15 2 8 9 4 1 1 1 1 4 9 8 2 15 5 10 11 12 7 14 13 6 3 1 4 9 8 2 15
15 2 8 9 4 1 3 6 13 14 7 12 11 10 5 15 2 8 9 4 4 4 4 4 4 9 8 2 15 5 10 11 12 7 14 13 6 3 1 4 9 8 2 15
15 2 8 9 4 1 3 6 13 14 7 12 11 10 5 15 2 8 9 9 9 9 9 9 9 9 8 2 15 5 10 11 12 7 14 13 6 3 1 4 9 8 2 15
15 2 8 9 4 1 3 6 13 14 7 12 11 10 5 15 2 8 8 8 8 8 8 8 8 8 8 2 15 5 10 11 12 7 14 13 6 3 1 4 9 8 2 15
15 2 8 9 4 1 3 6 13 14 7 12 11 10 5 15 2 2 2 2 2 2 2 2 2 2 2 2 15 5 10 11 12 7 14 13 6 3 1 4 9 8 2 15
15 2 8 9 4 1 3 6 13 14 7 12 11 10 5 15 15 15 15 15 15 15 15 15 15 15 15 15 15 5 10 11 12 7 14 13 6 3 1 4 9 8 2 15
15 2 8 9 4 1 3 6 13 14 7 12 11 10 5 5 5 5 5 5 5 5 5 5 5 5 5 5 5 5 10 11 12 7 14 13 6 3 1 4 9 8 2 15
15 2 8 9 4 1 3 6 13 14 7 12 11 10 10 10 10 10 10 10 10 10 10 10 10 10 10 10 10 10 10 11 12 7 14 13 6 3 1 4 9 8 2 15
15 2 8 9 4 1 3 6 13 14 7 12 11 11 11 11 11 11 11 11 11 11 11 11 11 11 11 11 11 11 11 11 12 7 14 13 6 3 1 4 9 8 2 15
15 2 8 9 4 1 3 6 13 14 7 12 12 12 12 12 12 12 12 12 12 12 12 12 12 12 12 12 12 12 12 12 12 7 14 13 6 3 1 4 9 8 2 15
15 2 8 9 4 1 3 6 13 14 7 7 7 7 7 7 7 7 7 7 7 7 7 7 7 7 7 7 7 7 7 7 7 7 14 13 6 3 1 4 9 8 2 15
15 2 8 9 4 1 3 6 13 14 14 14 14 14 14 14 14 14 14 14 14 14 14 14 14 14 14 14 14 14 14 14 14 14 14 13 6 3 1 4 9 8 2 15
15 2 8 9 4 1 3 6 13 13 13 13 13 13 13 13 13 13 13 13 13 13 13 13 13 13 13 13 13 13 13 13 13 13 13 13 6 3 1 4 9 8 2 15
15 2 8 9 4 1 3 6 6 6 6 6 6 6 6 6 6 6 6 6 6 6 6 6 6 6 6 6 6 6 6 6 6 6 6 6 6 3 1 4 9 8 2 15
15 2 8 9 4 1 3 3 3 3 3 3 3 3 3 3 3 3 3 3 3 3 3 3 3 3 3 3 3 3 3 3 3 3 3 3 3 3 1 4 9 8 2 15
15 2 8 9 4 1 1 1 1 1 1 1 1 1 1 1 1 1 1 1 1 1 1 1 1 1 1 1 1 1 1 1 1 1 1 1 1 1 1 4 9 8 2 15
15 2 8 9 4 4 4 4 4 4 4 4 4 4 4 4 4 4 4 4 4 4 4 4 4 4 4 4 4 4 4 4 4 4 4 4 4 4 4 4 9 8 2 15
15 2 8 9 9 9 9 9 9 9 9 9 9 9 9 9 9 9 9 9 9 9 9 9 9 9 9 9 9 9 9 9 9 9 9 9 9 9 9 9 9 8 2 15
15 2 8 8 8 8 8 8 8 8 8 8 8 8 8 8 8 8 8 8 8 8 8 8 8 8 8 8 8 8 8 8 8 8 8 8 8 8 8 8 8 8 2 15
15 2 2 2 2 2 2 2 2 2 2 2 2 2 2 2 2 2 2 2 2 2 2 2 2 2 2 2 2 2 2 2 2 2 2 2 2 2 2 2 2 2 2 15
15 15 15 15 15 15 15 15 15 15 15 15 15 15 15 15 15 15 15 15 15 15 15 15 15 15 15 15 15 15 15 15 15 15 15 15 15 15 15 15 15 15 15 15
