100 100
9 9 9 9 9 9 9 9 9 9 9 9 9 9 9 9 9 9 9 9 9 9 9 9 9 9 9 9 9 9 9 9 9 9 9 9 9 9 9 9 9 9 9 9 9 9 9 9 9 9 9 9 9 9 9 9 9 9 9 9 9 9 9 9 9 9 9 9 9 9 9 9 9 9 9 9 9 9 9 9 9 9 9 9 9 9 9 9 9 9 9 9 9 9 9 9 9 9 9 9
9 8 8 8 8 8 8 8 8 8 8 8 8 8 8 8 8 8 8 8 8 8 8 8 8 8 8 8 8 8 8 8 8 8 8 8 8 8 8 8 8 8 8 8 8 8 8 8 8 8 8 8 8 8 8 8 8 8 8 8 8 8 8 8 8 8 8 8 8 8 8 8 8 8 8 8 8 8 8 8 8 8 8 8 8 8 8 8 8 8 8 8 8 8 8 8 8 8 8 9
9 8 1 1 1 1 1 1 1 1 1 1 1 1 1 1 1 1 1 1 1 1 1 1 1 1 1 1 1 1 1 1 1 1 1 1 1 1 1 1 1 1 1 1 1 1 1 1 1 1 1 1 1 1 1 1 1 1 1 1 1 1 1 1 1 1 1 1 1 1 1 1 1 1 1 1 1 1 1 1 1 1 1 1 1 1 1 1 1 1 1 1 1 1 1 1 1 1 8 9
9 8 1 2 2 2 2 2 2 2 2 2 2 2 2 2 2 2 2 2 2 2 2 2 2 2 2 2 2 2 2 2 2 2 2 2 2 2 2 2 2 2 2 2 2 2 2 2 2 2 2 2 2 2 2 2 2 2 2 2 2 2 2 2 2 2 2 2 2 2 2 2 2 2 2 2 2 2 2 2 2 2 2 2 2 2 2 2 2 2 2 2 2 2 2 2 2 1 8 9
9 8 1 2 5 5 5 5 5 5 5 5 5 5 5 5 5 5 5 5 5 5 5 5 5 5 5 5 5 5 5 5 5 5 5 5 5 5 5 5 5 5 5 5 5 5 5 5 5 5 5 5 5 5 5 5 5 5 5 5 5 5 5 5 5 5 5 5 5 5 5 5 5 5 5 5 5 5 5 5 5 5 5 5 5 5 5 5 5 5 5 5 5 5 5 5 2 1 8 9
9 8 1 2 5 6 6 6 6 6 6 6 6 6 6 6 6 6 6 6 6 6 6 6 6 6 6 6 6 6 6 6 6 6 6 6 6 6 6 6 6 6 6 6 6 6 6 6 6 6 6 6 6 6 6 6 6 6 6 6 6 6 6 6 6 6 6 6 6 6 6 6 6 6 6 6 6 6 6 6 6 6 6 6 6 6 6 6 6 6 6 6 6 6 6 5 2 1 8 9
9 8 1 2 5 6 3 3 3 3 3 3 3 3 3 3 3 3 3 3 3 3 3 3 3 3 3 3 3 3 3 3 3 3 3 3 3 3 3 3 3 3 3 3 3 3 3 3 3 3 3 3 3 3 3 3 3 3 3 3 3 3 3 3 3 3 3 3 3 3 3 3 3 3 3 3 3 3 3 3 3 3 3 3 3 3 3 3 3 3 3 3 3 3 6 5 2 1 8 9
9 8 1 2 5 6 3 7 7 7 7 7 7 7 7 7 7 7 7 7 7 7 7 7 7 7 7 7 7 7 7 7 7 7 7 7 7 7 7 7 7 7 7 7 7 7 7 7 7 7 7 7 7 7 7 7 7 7 7 7 7 7 7 7 7 7 7 7 7 7 7 7 7 7 7 7 7 7 7 7 7 7 7 7 7 7 7 7 7 7 7 7 7 3 6 5 2 1 8 9
9 8 1 2 5 6 3 7 4 4 4 4 4 4 4 4 4 4 4 4 4 4 4 4 4 4 4 4 4 4 4 4 4 4 4 4 4 4 4 4 4 4 4 4 4 4 4 4 4 4 4 4 4 4 4 4 4 4 4 4 4 4 4 4 4 4 4 4 4 4 4 4 4 4 4 4 4 4 4 4 4 4 4 4 4 4 4 4 4 4 4 4 7 3 6 5 2 1 8 9
9 8 1 2 5 6 3 7 4 9 9 9 9 9 9 9 9 9 9 9 9 9 9 9 9 9 9 9 9 9 9 9 9 9 9 9 9 9 9 9 9 9 9 9 9 9 9 9 9 9 9 9 9 9 9 9 9 9 9 9 9 9 9 9 9 9 9 9 9 9 9 9 9 9 9 9 9 9 9 9 9 9 9 9 9 9 9 9 9 9 9 4 7 3 6 5 2 1 8 9
9 8 1 2 5 6 3 7 4 9 8 8 8 8 8 8 8 8 8 8 8 8 8 8 8 8 8 8 8 8 8 8 8 8 8 8 8 8 8 8 8 8 8 8 8 8 8 8 8 8 8 8 8 8 8 8 8 8 8 8 8 8 8 8 8 8 8 8 8 8 8 8 8 8 8 8 8 8 8 8 8 8 8 8 8 8 8 8 8 8 9 4 7 3 6 5 2 1 8 9
9 8 1 2 5 6 3 7 4 9 8 1 1 1 1 1 1 1 1 1 1 1 1 1 1 1 1 1 1 1 1 1 1 1 1 1 1 1 1 1 1 1 1 1 1 1 1 1 1 1 1 1 1 1 1 1 1 1 1 1 1 1 1 1 1 1 1 1 1 1 1 1 1 1 1 1 1 1 1 1 1 1 1 1 1 1 1 1 1 8 9 4 7 3 6 5 2 1 8 9
9 8 1 2 5 6 3 7 4 9 8 1 2 2 2 2 2 2 2 2 2 2 2 2 2 2 2 2 2 2 2 2 2 2 2 2 2 2 2 2 2 2 2 2 2 2 2 2 2 2 2 2 2 2 2 2 2 2 2 2 2 2 2 2 2 2 2 2 2 2 2 2 2 2 2 2 2 2 2 2 2 2 2 2 2 2 2 2 1 8 9 4 7 3 6 5 2 1 8 9
9 8 1 2 5 6 3 7 4 9 8 1 2 5 5 5 5 5 5 5 5 5 5 5 5 5 5 5 5 5 5 5 5 5 5 5 5 5 5 5 5 5 5 5 5 5 5 5 5 5 5 5 5 5 5 5 5 5 5 5 5 5 5 5 5 5 5 5 5 5 5 5 5 5 5 5 5 5 5 5 5 5 5 5 5 5 5 2 1 8 9 4 7 3 6 5 2 1 8 9
9 8 1 2 5 6 3 7 4 9 8 1 2 5 6 6 6 6 6 6 6 6 6 6 6 6 6 6 6 6 6 6 6 6 6 6 6 6 6 6 6 6 6 6 6 6 6 6 6 6 6 6 6 6 6 6 6 6 6 6 6 6 6 6 6 6 6 6 6 6 6 6 6 6 6 6 6 6 6 6 6 6 6 6 6 6 5 2 1 8 9 4 7 3 6 5 2 1 8 9
9 8 1 2 5 6 3 7 4 9 8 1 2 5 6 3 3 3 3 3 3 3 3 3 3 3 3 3 3 3 3 3 3 3 3 3 3 3 3 3 3 3 3 3 3 3 3 3 3 3 3 3 3 3 3 3 3 3 3 3 3 3 3 3 3 3 3 3 3 3 3 3 3 3 3 3 3 3 3 3 3 3 3 3 3 6 5 2 1 8 9 4 7 3 6 5 2 1 8 9
9 8 1 2 5 6 3 7 4 9 8 1 2 5 6 3 7 7 7 7 7 7 7 7 7 7 7 7 7 7 7 7 7 7 7 7 7 7 7 7 7 7 7 7 7 7 7 7 7 7 7 7 7 7 7 7 7 7 7 7 7 7 7 7 7 7 7 7 7 7 7 7 7 7 7 7 7 7 7 7 7 7 7 7 3 6 5 2 1 8 9 4 7 3 6 5 2 1 8 9
9 8 1 2 5 6 3 7 4 9 8 1 2 5 6 3 7 4 4 4 4 4 4 4 4 4 4 4 4 4 4 4 4 4 4 4 4 4 4 4 4 4 4 4 4 4 4 4 4 4 4 4 4 4 4 4 4 4 4 4 4 4 4 4 4 4 4 4 4 4 4 4 4 4 4 4 4 4 4 4 4 4 4 7 3 6 5 2 1 8 9 4 7 3 6 5 2 1 8 9
9 8 1 2 5 6 3 7 4 9 8 1 2 5 6 3 7 4 9 9 9 9 9 9 9 9 9 9 9 9 9 9 9 9 9 9 9 9 9 9 9 9 9 9 9 9 9 9 9 9 9 9 9 9 9 9 9 9 9 9 9 9 9 9 9 9 9 9 9 9 9 9 9 9 9 9 9 9 9 9 9 9 4 7 3 6 5 2 1 8 9 4 7 3 6 5 2 1 8 9
9 8 1 2 5 6 3 7 4 9 8 1 2 5 6 3 7 4 9 8 8 8 8 8 8 8 8 8 8 8 8 8 8 8 8 8 8 8 8 8 8 8 8 8 8 8 8 8 8 8 8 8 8 8 8 8 8 8 8 8 8 8 8 8 8 8 8 8 8 8 8 8 8 8 8 8 8 8 8 8 8 9 4 7 3 6 5 2 1 8 9 4 7 3 6 5 2 1 8 9
9 8 1 2 5 6 3 7 4 9 8 1 2 5 6 3 7 4 9 8 1 1 1 1 1 1 1 1 1 1 1 1 1 1 1 1 1 1 1 1 1 1 1 1 1 1 1 1 1 1 1 1 1 1 1 1 1 1 1 1 1 1 1 1 1 1 1 1 1 1 1 1 1 1 1 1 1 1 1 1 8 9 4 7 3 6 5 2 1 8 9 4 7 3 6 5 2 1 8 9
9 8 1 2 5 6 3 7 4 9 8 1 2 5 6 3 7 4 9 8 1 2 2 2 2 2 2 2 2 2 2 2 2 2 2 2 2 2 2 2 2 2 2 2 2 2 2 2 2 2 2 2 2 2 2 2 2 2 2 2 2 2 2 2 2 2 2 2 2 2 2 2 2 2 2 2 2 2 2 1 8 9 4 7 3 6 5 2 1 8 9 4 7 3 6 5 2 1 8 9
9 8 1 2 5 6 3 7 4 9 8 1 2 5 6 3 7 4 9 8 1 2 5 5 5 5 5 5 5 5 5 5 5 5 5 5 5 5 5 5 5 5 5 5 5 5 5 5 5 5 5 5 5 5 5 5 5 5 5 5 5 5 5 5 5 5 5 5 5 5 5 5 5 5 5 5 5 5 2 1 8 9 4 7 3 6 5 2 1 8 9 4 7 3 6 5 2 1 8 9
9 8 1 2 5 6 3 7 4 9 8 1 2 5 6 3 7 4 9 8 1 2 5 6 6 6 6 6 6 6 6 6 6 6 6 6 6 6 6 6 6 6 6 6 6 6 6 6 6 6 6 6 6 6 6 6 6 6 6 6 6 6 6 6 6 6 6 6 6 6 6 6 6 6 6 6 6 5 2 1 8 9 4 7 3 6 5 2 1 8 9 4 7 3 6 5 2 1 8 9
9 8 1 2 5 6 3 7 4 9 8 1 2 5 6 3 7 4 9 8 1 2 5 6 3 3 3 3 3 3 3 3 3 3 3 3 3 3 3 3 3 3 3 3 3 3 3 3 3 3 3 3 3 3 3 3 3 3 3 3 3 3 3 3 3 3 3 3 3 3 3 3 3 3 3 3 6 5 2 1 8 9 4 7 3 6 5 2 1 8 9 4 7 3 6 5 2 1 8 9
9 8 1 2 5 6 3 7 4 9 8 1 2 5 6 3 7 4 9 8 1 2 5 6 3 7 7 7 7 7 7 7 7 7 7 7 7 7 7 7 7 7 7 7 7 7 7 7 7 7 7 7 7 7 7 7 7 7 7 7 7 7 7 7 7 7 7 7 7 7 7 7 7 7 7 3 6 5 2 1 8 9 4 7 3 6 5 2 1 8 9 4 7 3 6 5 2 1 8 9
9 8 1 2 5 6 3 7 4 9 8 1 2 5 6 3 7 4 9 8 1 2 5 6 3 7 4 4 4 4 4 4 4 4 4 4 4 4 4 4 4 4 4 4 4 4 4 4 4 4 4 4 4 4 4 4 4 4 4 4 4 4 4 4 4 4 4 4 4 4 4 4 4 4 7 3 6 5 2 1 8 9 4 7 3 6 5 2 1 8 9 4 7 3 6 5 2 1 8 9
9 8 1 2 5 6 3 7 4 9 8 1 2 5 6 3 7 4 9 8 1 2 5 6 3 7 4 9 9 9 9 9 9 9 9 9 9 9 9 9 9 9 9 9 9 9 9 9 9 9 9 9 9 9 9 9 9 9 9 9 9 9 9 9 9 9 9 9 9 9 9 9 9 4 7 3 6 5 2 1 8 9 4 7 3 6 5 2 1 8 9 4 7 3 6 5 2 1 8 9
9 8 1 2 5 6 3 7 4 9 8 1 2 5 6 3 7 4 9 8 1 2 5 6 3 7 4 9 8 8 8 8 8 8 8 8 8 8 8 8 8 8 8 8 8 8 8 8 8 8 8 8 8 8 8 8 8 8 8 8 8 8 8 8 8 8 8 8 8 8 8 8 9 4 7 3 6 5 2 1 8 9 4 7 3 6 5 2 1 8 9 4 7 3 6 5 2 1 8 9
9 8 1 2 5 6 3 7 4 9 8 1 2 5 6 3 7 4 9 8 1 2 5 6 3 7 4 9 8 1 1 1 1 1 1 1 1 1 1 1 1 1 1 1 1 1 1 1 1 1 1 1 1 1 1 1 1 1 1 1 1 1 1 1 1 1 1 1 1 1 1 8 9 4 7 3 6 5 2 1 8 9 4 7 3 6 5 2 1 8 9 4 7 3 6 5 2 1 8 9
9 8 1 2 5 6 3 7 4 9 8 1 2 5 6 3 7 4 9 8 1 2 5 6 3 7 4 9 8 1 2 2 2 2 2 2 2 2 2 2 2 2 2 2 2 2 2 2 2 2 2 2 2 2 2 2 2 2 2 2 2 2 2 2 2 2 2 2 2 2 1 8 9 4 7 3 6 5 2 1 8 9 4 7 3 6 5 2 1 8 9 4 7 3 6 5 2 1 8 9
9 8 1 2 5 6 3 7 4 9 8 1 2 5 6 3 7 4 9 8 1 2 5 6 3 7 4 9 8 1 2 5 5 5 5 5 5 5 5 5 5 5 5 5 5 5 5 5 5 5 5 5 5 5 5 5 5 5 5 5 5 5 5 5 5 5 5 5 5 2 1 8 9 4 7 3 6 5 2 1 8 9 4 7 3 6 5 2 1 8 9 4 7 3 6 5 2 1 8 9
9 8 1 2 5 6 3 7 4 9 8 1 2 5 6 3 7 4 9 8 1 2 5 6 3 7 4 9 8 1 2 5 6 6 6 6 6 6 6 6 6 6 6 6 6 6 6 6 6 6 6 6 6 6 6 6 6 6 6 6 6 6 6 6 6 6 6 6 5 2 1 8 9 4 7 3 6 5 2 1 8 9 4 7 3 6 5 2 1 8 9 4 7 3 6 5 2 1 8 9
9 8 1 2 5 6 3 7 4 9 8 1 2 5 6 3 7 4 9 8 1 2 5 6 3 7 4 9 8 1 2 5 6 3 3 3 3 3 3 3 3 3 3 3 3 3 3 3 3 3 3 3 3 3 3 3 3 3 3 3 3 3 3 3 3 3 3 6 5 2 1 8 9 4 7 3 6 5 2 1 8 9 4 7 3 6 5 2 1 8 9 4 7 3 6 5 2 1 8 9
9 8 1 2 5 6 3 7 4 9 8 1 2 5 6 3 7 4 9 8 1 2 5 6 3 7 4 9 8 1 2 5 6 3 7 7 7 7 7 7 7 7 7 7 7 7 7 7 7 7 7 7 7 7 7 7 7 7 7 7 7 7 7 7 7 7 3 6 5 2 1 8 9 4 7 3 6 5 2 1 8 9 4 7 3 6 5 2 1 8 9 4 7 3 6 5 2 1 8 9
9 8 1 2 5 6 3 7 4 9 8 1 2 5 6 3 7 4 9 8 1 2 5 6 3 7 4 9 8 1 2 5 6 3 7 4 4 4 4 4 4 4 4 4 4 4 4 4 4 4 4 4 4 4 4 4 4 4 4 4 4 4 4 4 4 7 3 6 5 2 1 8 9 4 7 3 6 5 2 1 8 9 4 7 3 6 5 2 1 8 9 4 7 3 6 5 2 1 8 9
9 8 1 2 5 6 3 7 4 9 8 1 2 5 6 3 7 4 9 8 1 2 5 6 3 7 4 9 8 1 2 5 6 3 7 4 9 9 9 9 9 9 9 9 9 9 9 9 9 9 9 9 9 9 9 9 9 9 9 9 9 9 9 9 4 7 3 6 5 2 1 8 9 4 7 3 6 5 2 1 8 9 4 7 3 6 5 2 1 8 9 4 7 3 6 5 2 1 8 9
9 8 1 2 5 6 3 7 4 9 8 1 2 5 6 3 7 4 9 8 1 2 5 6 3 7 4 9 8 1 2 5 6 3 7 4 9 8 8 8 8 8 8 8 8 8 8 8 8 8 8 8 8 8 8 8 8 8 8 8 8 8 8 9 4 7 3 6 5 2 1 8 9 4 7 3 6 5 2 1 8 9 4 7 3 6 5 2 1 8 9 4 7 3 6 5 2 1 8 9
9 8 1 2 5 6 3 7 4 9 8 1 2 5 6 3 7 4 9 8 1 2 5 6 3 7 4 9 8 1 2 5 6 3 7 4 9 8 1 1 1 1 1 1 1 1 1 1 1 1 1 1 1 1 1 1 1 1 1 1 1 1 8 9 4 7 3 6 5 2 1 8 9 4 7 3 6 5 2 1 8 9 4 7 3 6 5 2 1 8 9 4 7 3 6 5 2 1 8 9
9 8 1 2 5 6 3 7 4 9 8 1 2 5 6 3 7 4 9 8 1 2 5 6 3 7 4 9 8 1 2 5 6 3 7 4 9 8 1 2 2 2 2 2 2 2 2 2 2 2 2 2 2 2 2 2 2 2 2 2 2 1 8 9 4 7 3 6 5 2 1 8 9 4 7 3 6 5 2 1 8 9 4 7 3 6 5 2 1 8 9 4 7 3 6 5 2 1 8 9
9 8 1 2 5 6 3 7 4 9 8 1 2 5 6 3 7 4 9 8 1 2 5 6 3 7 4 9 8 1 2 5 6 3 7 4 9 8 1 2 5 5 5 5 5 5 5 5 5 5 5 5 5 5 5 5 5 5 5 5 2 1 8 9 4 7 3 6 5 2 1 8 9 4 7 3 6 5 2 1 8 9 4 7 3 6 5 2 1 8 9 4 7 3 6 5 2 1 8 9
9 8 1 2 5 6 3 7 4 9 8 1 2 5 6 3 7 4 9 8 1 2 5 6 3 7 4 9 8 1 2 5 6 3 7 4 9 8 1 2 5 6 6 6 6 6 6 6 6 6 6 6 6 6 6 6 6 6 6 5 2 1 8 9 4 7 3 6 5 2 1 8 9 4 7 3 6 5 2 1 8 9 4 7 3 6 5 2 1 8 9 4 7 3 6 5 2 1 8 9
9 8 1 2 5 6 3 7 4 9 8 1 2 5 6 3 7 4 9 8 1 2 5 6 3 7 4 9 8 1 2 5 6 3 7 4 9 8 1 2 5 6 3 3 3 3 3 3 3 3 3 3 3 3 3 3 3 3 6 5 2 1 8 9 4 7 3 6 5 2 1 8 9 4 7 3 6 5 2 1 8 9 4 7 3 6 5 2 1 8 9 4 7 3 6 5 2 1 8 9
9 8 1 2 5 6 3 7 4 9 8 1 2 5 6 3 7 4 9 8 1 2 5 6 3 7 4 9 8 1 2 5 6 3 7 4 9 8 1 2 5 6 3 7 7 7 7 7 7 7 7 7 7 7 7 7 7 3 6 5 2 1 8 9 4 7 3 6 5 2 1 8 9 4 7 3 6 5 2 1 8 9 4 7 3 6 5 2 1 8 9 4 7 3 6 5 2 1 8 9
9 8 1 2 5 6 3 7 4 9 8 1 2 5 6 3 7 4 9 8 1 2 5 6 3 7 4 9 8 1 2 5 6 3 7 4 9 8 1 2 5 6 3 7 4 4 4 4 4 4 4 4 4 4 4 4 7 3 6 5 2 1 8 9 4 7 3 6 5 2 1 8 9 4 7 3 6 5 2 1 8 9 4 7 3 6 5 2 1 8 9 4 7 3 6 5 2 1 8 9
9 8 1 2 5 6 3 7 4 9 8 1 2 5 6 3 7 4 9 8 1 2 5 6 3 7 4 9 8 1 2 5 6 3 7 4 9 8 1 2 5 6 3 7 4 9 9 9 9 9 9 9 9 9 9 4 7 3 6 5 2 1 8 9 4 7 3 6 5 2 1 8 9 4 7 3 6 5 2 1 8 9 4 7 3 6 5 2 1 8 9 4 7 3 6 5 2 1 8 9
9 8 1 2 5 6 3 7 4 9 8 1 2 5 6 3 7 4 9 8 1 2 5 6 3 7 4 9 8 1 2 5 6 3 7 4 9 8 1 2 5 6 3 7 4 9 8 8 8 8 8 8 8 8 9 4 7 3 6 5 2 1 8 9 4 7 3 6 5 2 1 8 9 4 7 3 6 5 2 1 8 9 4 7 3 6 5 2 1 8 9 4 7 3 6 5 2 1 8 9
9 8 1 2 5 6 3 7 4 9 8 1 2 5 6 3 7 4 9 8 1 2 5 6 3 7 4 9 8 1 2 5 6 3 7 4 9 8 1 2 5 6 3 7 4 9 8 1 1 1 1 1 1 8 9 4 7 3 6 5 2 1 8 9 4 7 3 6 5 2 1 8 9 4 7 3 6 5 2 1 8 9 4 7 3 6 5 2 1 8 9 4 7 3 6 5 2 1 8 9
9 8 1 2 5 6 3 7 4 9 8 1 2 5 6 3 7 4 9 8 1 2 5 6 3 7 4 9 8 1 2 5 6 3 7 4 9 8 1 2 5 6 3 7 4 9 8 1 2 2 2 2 1 8 9 4 7 3 6 5 2 1 8 9 4 7 3 6 5 2 1 8 9 4 7 3 6 5 2 1 8 9 4 7 3 6 5 2 1 8 9 4 7 3 6 5 2 1 8 9
9 8 1 2 5 6 3 7 4 9 8 1 2 5 6 3 7 4 9 8 1 2 5 6 3 7 4 9 8 1 2 5 6 3 7 4 9 8 1 2 5 6 3 7 4 9 8 1 2 5 5 2 1 8 9 4 7 3 6 5 2 1 8 9 4 7 3 6 5 2 1 8 9 4 7 3 6 5 2 1 8 9 4 7 3 6 5 2 1 8 9 4 7 3 6 5 2 1 8 9
9 8 1 2 5 6 3 7 4 9 8 1 2 5 6 3 7 4 9 8 1 2 5 6 3 7 4 9 8 1 2 5 6 3 7 4 9 8 1 2 5 6 3 7 4 9 8 1 2 5 5 2 1 8 9 4 7 3 6 5 2 1 8 9 4 7 3 6 5 2 1 8 9 4 7 3 6 5 2 1 8 9 4 7 3 6 5 2 1 8 9 4 7 3 6 5 2 1 8 9
9 8 1 2 5 6 3 7 4 9 8 1 2 5 6 3 7 4 9 8 1 2 5 6 3 7 4 9 8 1 2 5 6 3 7 4 9 8 1 2 5 6 3 7 4 9 8 1 2 2 2 2 1 8 9 4 7 3 6 5 2 1 8 9 4 7 3 6 5 2 1 8 9 4 7 3 6 5 2 1 8 9 4 7 3 6 5 2 1 8 9 4 7 3 6 5 2 1 8 9
9 8 1 2 5 6 3 7 4 9 8 1 2 5 6 3 7 4 9 8 1 2 5 6 3 7 4 9 8 1 2 5 6 3 7 4 9 8 1 2 5 6 3 7 4 9 8 1 1 1 1 1 1 8 9 4 7 3 6 5 2 1 8 9 4 7 3 6 5 2 1 8 9 4 7 3 6 5 2 1 8 9 4 7 3 6 5 2 1 8 9 4 7 3 6 5 2 1 8 9
9 8 1 2 5 6 3 7 4 9 8 1 2 5 6 3 7 4 9 8 1 2 5 6 3 7 4 9 8 1 2 5 6 3 7 4 9 8 1 2 5 6 3 7 4 9 8 8 8 8 8 8 8 8 9 4 7 3 6 5 2 1 8 9 4 7 3 6 5 2 1 8 9 4 7 3 6 5 2 1 8 9 4 7 3 6 5 2 1 8 9 4 7 3 6 5 2 1 8 9
9 8 1 2 5 6 3 7 4 9 8 1 2 5 6 3 7 4 9 8 1 2 5 6 3 7 4 9 8 1 2 5 6 3 7 4 9 8 1 2 5 6 3 7 4 9 9 9 9 9 9 9 9 9 9 4 7 3 6 5 2 1 8 9 4 7 3 6 5 2 1 8 9 4 7 3 6 5 2 1 8 9 4 7 3 6 5 2 1 8 9 4 7 3 6 5 2 1 8 9
9 8 1 2 5 6 3 7 4 9 8 1 2 5 6 3 7 4 9 8 1 2 5 6 3 7 4 9 8 1 2 5 6 3 7 4 9 8 1 2 5 6 3 7 4 4 4 4 4 4 4 4 4 4 4 4 7 3 6 5 2 1 8 9 4 7 3 6 5 2 1 8 9 4 7 3 6 5 2 1 8 9 4 7 3 6 5 2 1 8 9 4 7 3 6 5 2 1 8 9
9 8 1 2 5 6 3 7 4 9 8 1 2 5 6 3 7 4 9 8 1 2 5 6 3 7 4 9 8 1 2 5 6 3 7 4 9 8 1 2 5 6 3 7 7 7 7 7 7 7 7 7 7 7 7 7 7 3 6 5 2 1 8 9 4 7 3 6 5 2 1 8 9 4 7 3 6 5 2 1 8 9 4 7 3 6 5 2 1 8 9 4 7 3 6 5 2 1 8 9
9 8 1 2 5 6 3 7 4 9 8 1 2 5 6 3 7 4 9 8 1 2 5 6 3 7 4 9 8 1 2 5 6 3 7 4 9 8 1 2 5 6 3 3 3 3 3 3 3 3 3 3 3 3 3 3 3 3 6 5 2 1 8 9 4 7 3 6 5 2 1 8 9 4 7 3 6 5 2 1 8 9 4 7 3 6 5 2 1 8 9 4 7 3 6 5 2 1 8 9
9 8 1 2 5 6 3 7 4 9 8 1 2 5 6 3 7 4 9 8 1 2 5 6 3 7 4 9 8 1 2 5 6 3 7 4 9 8 1 2 5 6 6 6 6 6 6 6 6 6 6 6 6 6 6 6 6 6 6 5 2 1 8 9 4 7 3 6 5 2 1 8 9 4 7 3 6 5 2 1 8 9 4 7 3 6 5 2 1 8 9 4 7 3 6 5 2 1 8 9
9 8 1 2 5 6 3 7 4 9 8 1 2 5 6 3 7 4 9 8 1 2 5 6 3 7 4 9 8 1 2 5 6 3 7 4 9 8 1 2 5 5 5 5 5 5 5 5 5 5 5 5 5 5 5 5 5 5 5 5 2 1 8 9 4 7 3 6 5 2 1 8 9 4 7 3 6 5 2 1 8 9 4 7 3 6 5 2 1 8 9 4 7 3 6 5 2 1 8 9
9 8 1 2 5 6 3 7 4 9 8 1 2 5 6 3 7 4 9 8 1 2 5 6 3 7 4 9 8 1 2 5 6 3 7 4 9 8 1 2 2 2 2 2 2 2 2 2 2 2 2 2 2 2 2 2 2 2 2 2 2 1 8 9 4 7 3 6 5 2 1 8 9 4 7 3 6 5 2 1 8 9 4 7 3 6 5 2 1 8 9 4 7 3 6 5 2 1 8 9
9 8 1 2 5 6 3 7 4 9 8 1 2 5 6 3 7 4 9 8 1 2 5 6 3 7 4 9 8 1 2 5 6 3 7 4 9 8 1 1 1 1 1 1 1 1 1 1 1 1 1 1 1 1 1 1 1 1 1 1 1 1 8 9 4 7 3 6 5 2 1 8 9 4 7 3 6 5 2 1 8 9 4 7 3 6 5 2 1 8 9 4 7 3 6 5 2 1 8 9
9 8 1 2 5 6 3 7 4 9 8 1 2 5 6 3 7 4 9 8 1 2 5 6 3 7 4 9 8 1 2 5 6 3 7 4 9 8 8 8 8 8 8 8 8 8 8 8 8 8 8 8 8 8 8 8 8 8 8 8 8 8 8 9 4 7 3 6 5 2 1 8 9 4 7 3 6 5 2 1 8 9 4 7 3 6 5 2 1 8 9 4 7 3 6 5 2 1 8 9
9 8 1 2 5 6 3 7 4 9 8 1 2 5 6 3 7 4 9 8 1 2 5 6 3 7 4 9 8 1 2 5 6 3 7 4 9 9 9 9 9 9 9 9 9 9 9 9 9 9 9 9 9 9 9 9 9 9 9 9 9 9 9 9 4 7 3 6 5 2 1 8 9 4 7 3 6 5 2 1 8 9 4 7 3 6 5 2 1 8 9 4 7 3 6 5 2 1 8 9
9 8 1 2 5 6 3 7 4 9 8 1 2 5 6 3 7 4 9 8 1 2 5 6 3 7 4 9 8 1 2 5 6 3 7 4 4 4 4 4 4 4 4 4 4 4 4 4 4 4 4 4 4 4 4 4 4 4 4 4 4 4 4 4 4 7 3 6 5 2 1 8 9 4 7 3 6 5 2 1 8 9 4 7 3 6 5 2 1 8 9 4 7 3 6 5 2 1 8 9
9 8 1 2 5 6 3 7 4 9 8 1 2 5 6 3 7 4 9 8 1 2 5 6 3 7 4 9 8 1 2 5 6 3 7 7 7 7 7 7 7 7 7 7 7 7 7 7 7 7 7 7 7 7 7 7 7 7 7 7 7 7 7 7 7 7 3 6 5 2 1 8 9 4 7 3 6 5 2 1 8 9 4 7 3 6 5 2 1 8 9 4 7 3 6 5 2 1 8 9
9 8 1 2 5 6 3 7 4 9 8 1 2 5 6 3 7 4 9 8 1 2 5 6 3 7 4 9 8 1 2 5 6 3 3 3 3 3 3 3 3 3 3 3 3 3 3 3 3 3 3 3 3 3 3 3 3 3 3 3 3 3 3 3 3 3 3 6 5 2 1 8 9 4 7 3 6 5 2 1 8 9 4 7 3 6 5 2 1 8 9 4 7 3 6 5 2 1 8 9
9 8 1 2 5 6 3 7 4 9 8 1 2 5 6 3 7 4 9 8 1 2 5 6 3 7 4 9 8 1 2 5 6 6 6 6 6 6 6 6 6 6 6 6 6 6 6 6 6 6 6 6 6 6 6 6 6 6 6 6 6 6 6 6 6 6 6 6 5 2 1 8 9 4 7 3 6 5 2 1 8 9 4 7 3 6 5 2 1 8 9 4 7 3 6 5 2 1 8 9
9 8 1 2 5 6 3 7 4 9 8 1 2 5 6 3 7 4 9 8 1 2 5 6 3 7 4 9 8 1 2 5 5 5 5 5 5 5 5 5 5 5 5 5 5 5 5 5 5 5 5 5 5 5 5 5 5 5 5 5 5 5 5 5 5 5 5 5 5 2 1 8 9 4 7 3 6 5 2 1 8 9 4 7 3 6 5 2 1 8 9 4 7 3 6 5 2 1 8 9
9 8 1 2 5 6 3 7 4 9 8 1 2 5 6 3 7 4 9 8 1 2 5 6 3 7 4 9 8 1 2 2 2 2 2 2 2 2 2 2 2 2 2 2 2 2 2 2 2 2 2 2 2 2 2 2 2 2 2 2 2 2 2 2 2 2 2 2 2 2 1 8 9 4 7 3 6 5 2 1 8 9 4 7 3 6 5 2 1 8 9 4 7 3 6 5 2 1 8 9
9 8 1 2 5 6 3 7 4 9 8 1 2 5 6 3 7 4 9 8 1 2 5 6 3 7 4 9 8 1 1 1 1 1 1 1 1 1 1 1 1 1 1 1 1 1 1 1 1 1 1 1 1 1 1 1 1 1 1 1 1 1 1 1 1 1 1 1 1 1 1 8 9 4 7 3 6 5 2 1 8 9 4 7 3 6 5 2 1 8 9 4 7 3 6 5 2 1 8 9
9 8 1 2 5 6 3 7 4 9 8 1 2 5 6 3 7 4 9 8 1 2 5 6 3 7 4 9 8 8 8 8 8 8 8 8 8 8 8 8 8 8 8 8 8 8 8 8 8 8 8 8 8 8 8 8 8 8 8 8 8 8 8 8 8 8 8 8 8 8 8 8 9 4 7 3 6 5 2 1 8 9 4 7 3 6 5 2 1 8 9 4 7 3 6 5 2 1 8 9
9 8 1 2 5 6 3 7 4 9 8 1 2 5 6 3 7 4 9 8 1 2 5 6 3 7 4 9 9 9 9 9 9 9 9 9 9 9 9 9 9 9 9 9 9 9 9 9 9 9 9 9 9 9 9 9 9 9 9 9 9 9 9 9 9 9 9 9 9 9 9 9 9 4 7 3 6 5 2 1 8 9 4 7 3 6 5 2 1 8 9 4 7 3 6 5 2 1 8 9
9 8 1 2 5 6 3 7 4 9 8 1 2 5 6 3 7 4 9 8 1 2 5 6 3 7 4 4 4 4 4 4 4 4 4 4 4 4 4 4 4 4 4 4 4 4 4 4 4 4 4 4 4 4 4 4 4 4 4 4 4 4 4 4 4 4 4 4 4 4 4 4 4 4 7 3 6 5 2 1 8 9 4 7 3 6 5 2 1 8 9 4 7 3 6 5 2 1 8 9
9 8 1 2 5 6 3 7 4 9 8 1 2 5 6 3 7 4 9 8 1 2 5 6 3 7 7 7 7 7 7 7 7 7 7 7 7 7 7 7 7 7 7 7 7 7 7 7 7 7 7 7 7 7 7 7 7 7 7 7 7 7 7 7 7 7 7 7 7 7 7 7 7 7 7 3 6 5 2 1 8 9 4 7 3 6 5 2 1 8 9 4 7 3 6 5 2 1 8 9
9 8 1 2 5 6 3 7 4 9 8 1 2 5 6 3 7 4 9 8 1 2 5 6 3 3 3 3 3 3 3 3 3 3 3 3 3 3 3 3 3 3 3 3 3 3 3 3 3 3 3 3 3 3 3 3 3 3 3 3 3 3 3 3 3 3 3 3 3 3 3 3 3 3 3 3 6 5 2 1 8 9 4 7 3 6 5 2 1 8 9 4 7 3 6 5 2 1 8 9
9 8 1 2 5 6 3 7 4 9 8 1 2 5 6 3 7 4 9 8 1 2 5 6 6 6 6 6 6 6 6 6 6 6 6 6 6 6 6 6 6 6 6 6 6 6 6 6 6 6 6 6 6 6 6 6 6 6 6 6 6 6 6 6 6 6 6 6 6 6 6 6 6 6 6 6 6 5 2 1 8 9 4 7 3 6 5 2 1 8 9 4 7 3 6 5 2 1 8 9
9 8 1 2 5 6 3 7 4 9 8 1 2 5 6 3 7 4 9 8 1 2 5 5 5 5 5 5 5 5 5 5 5 5 5 5 5 5 5 5 5 5 5 5 5 5 5 5 5 5 5 5 5 5 5 5 5 5 5 5 5 5 5 5 5 5 5 5 5 5 5 5 5 5 5 5 5 5 2 1 8 9 4 7 3 6 5 2 1 8 9 4 7 3 6 5 2 1 8 9
9 8 1 2 5 6 3 7 4 9 8 1 2 5 6 3 7 4 9 8 1 2 2 2 2 2 2 2 2 2 2 2 2 2 2 2 2 2 2 2 2 2 2 2 2 2 2 2 2 2 2 2 2 2 2 2 2 2 2 2 2 2 2 2 2 2 2 2 2 2 2 2 2 2 2 2 2 2 2 1 8 9 4 7 3 6 5 2 1 8 9 4 7 3 6 5 2 1 8 9
9 8 1 2 5 6 3 7 4 9 8 1 2 5 6 3 7 4 9 8 1 1 1 1 1 1 1 1 1 1 1 1 1 1 1 1 1 1 1 1 1 1 1 1 1 1 1 1 1 1 1 1 1 1 1 1 1 1 1 1 1 1 1 1 1 1 1 1 1 1 1 1 1 1 1 1 1 1 1 1 8 9 4 7 3 6 5 2 1 8 9 4 7 3 6 5 2 1 8 9
9 8 1 2 5 6 3 7 4 9 8 1 2 5 6 3 7 4 9 8 8 8 8 8 8 8 8 8 8 8 8 8 8 8 8 8 8 8 8 8 8 8 8 8 8 8 8 8 8 8 8 8 8 8 8 8 8 8 8 8 8 8 8 8 8 8 8 8 8 8 8 8 8 8 8 8 8 8 8 8 8 9 4 7 3 6 5 2 1 8 9 4 7 3 6 5 2 1 8 9
9 8 1 2 5 6 3 7 4 9 8 1 2 5 6 3 7 4 9 9 9 9 9 9 9 9 9 9 9 9 9 9 9 9 9 9 9 9 9 9 9 9 9 9 9 9 9 9 9 9 9 9 9 9 9 9 9 9 9 9 9 9 9 9 9 9 9 9 9 9 9 9 9 9 9 9 9 9 9 9 9 9 4 7 3 6 5 2 1 8 9 4 7 3 6 5 2 1 8 9
9 8 1 2 5 6 3 7 4 9 8 1 2 5 6 3 7 4 4 4 4 4 4 4 4 4 4 4 4 4 4 4 4 4 4 4 4 4 4 4 4 4 4 4 4 4 4 4 4 4 4 4 4 4 4 4 4 4 4 4 4 4 4 4 4 4 4 4 4 4 4 4 4 4 4 4 4 4 4 4 4 4 4 7 3 6 5 2 1 8 9 4 7 3 6 5 2 1 8 9
9 8 1 2 5 6 3 7 4 9 8 1 2 5 6 3 7 7 7 7 7 7 7 7 7 7 7 7 7 7 7 7 7 7 7 7 7 7 7 7 7 7 7 7 7 7 7 7 7 7 7 7 7 7 7 7 7 7 7 7 7 7 7 7 7 7 7 7 7 7 7 7 7 7 7 7 7 7 7 7 7 7 7 7 3 6 5 2 1 8 9 4 7 3 6 5 2 1 8 9
9 8 1 2 5 6 3 7 4 9 8 1 2 5 6 3 3 3 3 3 3 3 3 3 3 3 3 3 3 3 3 3 3 3 3 3 3 3 3 3 3 3 3 3 3 3 3 3 3 3 3 3 3 3 3 3 3 3 3 3 3 3 3 3 3 3 3 3 3 3 3 3 3 3 3 3 3 3 3 3 3 3 3 3 3 6 5 2 1 8 9 4 7 3 6 5 2 1 8 9
9 8 1 2 5 6 3 7 4 9 8 1 2 5 6 6 6 6 6 6 6 6 6 6 6 6 6 6 6 6 6 6 6 6 6 6 6 6 6 6 6 6 6 6 6 6 6 6 6 6 6 6 6 6 6 6 6 6 6 6 6 6 6 6 6 6 6 6 6 6 6 6 6 6 6 6 6 6 6 6 6 6 6 6 6 6 5 2 1 8 9 4 7 3 6 5 2 1 8 9
9 8 1 2 5 6 3 7 4 9 8 1 2 5 5 5 5 5 5 5 5 5 5 5 5 5 5 5 5 5 5 5 5 5 5 5 5 5 5 5 5 5 5 5 5 5 5 5 5 5 5 5 5 5 5 5 5 5 5 5 5 5 5 5 5 5 5 5 5 5 5 5 5 5 5 5 5 5 5 5 5 5 5 5 5 5 5 2 1 8 9 4 7 3 6 5 2 1 8 9
9 8 1 2 5 6 3 7 4 9 8 1 2 2 2 2 2 2 2 2 2 2 2 2 2 2 2 2 2 2 2 2 2 2 2 2 2 2 2 2 2 2 2 2 2 2 2 2 2 2 2 2 2 2 2 2 2 2 2 2 2 2 2 2 2 2 2 2 2 2 2 2 2 2 2 2 2 2 2 2 2 2 2 2 2 2 2 2 1 8 9 4 7 3 6 5 2 1 8 9
9 8 1 2 5 6 3 7 4 9 8 1 1 1 1 1 1 1 1 1 1 1 1 1 1 1 1 1 1 1 1 1 1 1 1 1 1 1 1 1 1 1 1 1 1 1 1 1 1 1 1 1 1 1 1 1 1 1 1 1 1 1 1 1 1 1 1 1 1 1 1 1 1 1 1 1 1 1 1 1 1 1 1 1 1 1 1 1 1 8 9 4 7 3 6 5 2 1 8 9
9 8 1 2 5 6 3 7 4 9 8 8 8 8 8 8 8 8 8 8 8 8 8 8 8 8 8 8 8 8 8 8 8 8 8 8 8 8 8 8 8 8 8 8 8 8 8 8 8 8 8 8 8 8 8 8 8 8 8 8 8 8 8 8 8 8 8 8 8 8 8 8 8 8 8 8 8 8 8 8 8 8 8 8 8 8 8 8 8 8 9 4 7 3 6 5 2 1 8 9
9 8 1 2 5 6 3 7 4 9 9 9 9 9 9 9 9 9 9 9 9 9 9 9 9 9 9 9 9 9 9 9 9 9 9 9 9 9 9 9 9 9 9 9 9 9 9 9 9 9 9 9 9 9 9 9 9 9 9 9 9 9 9 9 9 9 9 9 9 9 9 9 9 9 9 9 9 9 9 9 9 9 9 9 9 9 9 9 9 9 9 4 7 3 6 5 2 1 8 9
9 8 1 2 5 6 3 7 4 4 4 4 4 4 4 4 4 4 4 4 4 4 4 4 4 4 4 4 4 4 4 4 4 4 4 4 4 4 4 4 4 4 4 4 4 4 4 4 4 4 4 4 4 4 4 4 4 4 4 4 4 4 4 4 4 4 4 4 4 4 4 4 4 4 4 4 4 4 4 4 4 4 4 4 4 4 4 4 4 4 4 4 7 3 6 5 2 1 8 9
9 8 1 2 5 6 3 7 7 7 7 7 7 7 7 7 7 7 7 7 7 7 7 7 7 7 7 7 7 7 7 7 7 7 7 7 7 7 7 7 7 7 7 7 7 7 7 7 7 7 7 7 7 7 7 7 7 7 7 7 7 7 7 7 7 7 7 7 7 7 7 7 7 7 7 7 7 7 7 7 7 7 7 7 7 7 7 7 7 7 7 7 7 3 6 5 2 1 8 9
9 8 1 2 5 6 3 3 3 3 3 3 3 3 3 3 3 3 3 3 3 3 3 3 3 3 3 3 3 3 3 3 3 3 3 3 3 3 3 3 3 3 3 3 3 3 3 3 3 3 3 3 3 3 3 3 3 3 3 3 3 3 3 3 3 3 3 3 3 3 3 3 3 3 3 3 3 3 3 3 3 3 3 3 3 3 3 3 3 3 3 3 3 3 6 5 2 1 8 9
9 8 1 2 5 6 6 6 6 6 6 6 6 6 6 6 6 6 6 6 6 6 6 6 6 6 6 6 6 6 6 6 6 6 6 6 6 6 6 6 6 6 6 6 6 6 6 6 6 6 6 6 6 6 6 6 6 6 6 6 6 6 6 6 6 6 6 6 6 6 6 6 6 6 6 6 6 6 6 6 6 6 6 6 6 6 6 6 6 6 6 6 6 6 6 5 2 1 8 9
9 8 1 2 5 5 5 5 5 5 5 5 5 5 5 5 5 5 5 5 5 5 5 5 5 5 5 5 5 5 5 5 5 5 5 5 5 5 5 5 5 5 5 5 5 5 5 5 5 5 5 5 5 5 5 5 5 5 5 5 5 5 5 5 5 5 5 5 5 5 5 5 5 5 5 5 5 5 5 5 5 5 5 5 5 5 5 5 5 5 5 5 5 5 5 5 2 1 8 9
9 8 1 2 2 2 2 2 2 2 2 2 2 2 2 2 2 2 2 2 2 2 2 2 2 2 2 2 2 2 2 2 2 2 2 2 2 2 2 2 2 2 2 2 2 2 2 2 2 2 2 2 2 2 2 2 2 2 2 2 2 2 2 2 2 2 2 2 2 2 2 2 2 2 2 2 2 2 2 2 2 2 2 2 2 2 2 2 2 2 2 2 2 2 2 2 2 1 8 9
9 8 1 1 1 1 1 1 1 1 1 1 1 1 1 1 1 1 1 1 1 1 1 1 1 1 1 1 1 1 1 1 1 1 1 1 1 1 1 1 1 1 1 1 1 1 1 1 1 1 1 1 1 1 1 1 1 1 1 1 1 1 1 1 1 1 1 1 1 1 1 1 1 1 1 1 1 1 1 1 1 1 1 1 1 1 1 1 1 1 1 1 1 1 1 1 1 1 8 9
9 8 8 8 8 8 8 8 8 8 8 8 8 8 8 8 8 8 8 8 8 8 8 8 8 8 8 8 8 8 8 8 8 8 8 8 8 8 8 8 8 8 8 8 8 8 8 8 8 8 8 8 8 8 8 8 8 8 8 8 8 8 8 8 8 8 8 8 8 8 8 8 8 8 8 8 8 8 8 8 8 8 8 8 8 8 8 8 8 8 8 8 8 8 8 8 8 8 8 9
9 9 9 9 9 9 9 9 9 9 9 9 9 9 9 9 9 9 9 9 9 9 9 9 9 9 9 9 9 9 9 9 9 9 9 9 9 9 9 9 9 9 9 9 9 9 9 9 9 9 9 9 9 9 9 9 9 9 9 9 9 9 9 9 9 9 9 9 9 9 9 9 9 9 9 9 9 9 9 9 9 9 9 9 9 9 9 9 9 9 9 9 9 9 9 9 9 9 9 9
