43 44
12 12 12 12 12 12 12 12 12 12 12 12 12 12 12 12 12 12 12 12 12 12 12 12 12 12 12 12 12 12 12 12 12 12 12 12 12 12 12 12 12 12 12 12
12 3 2 8 3 15 2 1 4 9 11 11 3 6 1 15 7 8 7 14 11 3 3 14 14 8 9 5 13 3 9 7 2 3 9 3 10 10 4 10 9 6 14 12
12 12 12 12 12 12 12 12 12 12 12 12 12 12 12 12 12 12 12 12 12 12 12 12 12 12 12 12 12 12 12 12 12 12 12 12 12 12 12 12 12 12 1 12
7 7 8 6 14 2 1 7 14 1 7 1 8 9 8 2 9 8 8 15 6 15 4 6 1 3 14 11 6 10 3 3 9 7 6 7 6 15 3 1 10 12 8 12
12 12 12 12 12 12 12 12 12 12 12 12 12 12 12 12 12 12 12 12 12 12 12 12 12 12 12 12 12 12 12 12 12 12 12 12 12 12 12 12 12 12 14 12
12 14 8 15 13 6 14 11 3 1 1 5 6 5 10 15 5 9 1 2 9 9 8 3 4 5 11 1 3 3 4 5 4 3 2 2 6 1 14 1 13 14 10 12
12 12 12 12 12 12 12 12 12 12 12 12 12 12 12 12 12 12 12 12 12 12 12 12 12 12 12 12 12 12 12 12 12 12 12 12 12 12 12 12 12 12 7 12
11 14 10 13 6 3 2 7 3 4 5 14 4 10 14 5 9 3 1 11 7 5 5 15 9 7 14 10 3 9 15 14 10 10 14 14 3 14 3 4 15 12 1 12
12 12 12 12 12 12 12 12 12 12 12 12 12 12 12 12 12 12 12 12 12 12 12 12 12 12 12 12 12 12 12 12 12 12 12 12 12 12 12 12 12 12 3 12
12 8 7 4 15 15 2 11 5 5 10 1 15 1 3 9 6 6 9 15 10 3 9 4 11 14 13 15 7 13 8 3 11 9 5 4 13 14 2 4 6 10 1 12
12 12 12 12 12 12 12 12 12 12 12 12 12 12 12 12 12 12 12 12 12 12 12 12 12 12 12 12 12 12 12 12 12 12 12 12 12 12 12 12 12 12 8 12
15 8 6 14 5 9 4 4 2 13 5 9 7 6 10 9 14 14 8 15 10 4 3 8 10 14 5 1 6 1 13 4 4 15 9 2 10 7 14 7 5 12 2 12
12 12 12 12 12 12 12 12 12 12 12 12 12 12 12 12 12 12 12 12 12 12 12 12 12 12 12 12 12 12 12 12 12 12 12 12 12 12 12 12 12 12 9 12
12 4 10 10 10 10 15 3 1 8 15 13 5 3 14 3 11 9 5 11 9 13 1 9 10 14 10 10 14 6 10 14 10 3 13 8 10 9 5 3 4 13 15 12
12 12 12 12 12 12 12 12 12 12 12 12 12 12 12 12 12 12 12 12 12 12 12 12 12 12 12 12 12 12 12 12 12 12 12 12 12 12 12 12 12 12 2 12
9 9 2 10 1 13 15 3 2 13 4 4 6 8 2 10 9 1 10 4 13 8 15 8 9 8 1 2 4 10 2 2 8 5 14 1 14 2 15 1 9 12 3 12
12 12 12 12 12 12 12 12 12 12 12 12 12 12 12 12 12 12 12 12 12 12 12 12 12 12 12 12 12 12 12 12 12 12 12 12 12 12 12 12 12 12 6 12
12 4 2 9 7 6 7 9 5 3 5 14 3 10 4 7 5 13 7 1 15 6 4 8 8 10 5 3 13 5 3 14 15 11 4 15 4 7 5 9 1 10 9 12
12 12 12 12 12 12 12 12 12 12 12 12 12 12 12 12 12 12 12 12 12 12 12 12 12 12 12 12 12 12 12 12 12 12 12 12 12 12 12 12 12 12 7 12
13 6 8 7 3 15 6 13 8 15 14 5 10 15 7 5 8 15 7 5 11 8 4 11 9 3 2 13 7 2 8 6 4 9 4 6 6 8 2 4 5 12 1 12
12 12 12 12 12 12 12 12 12 12 12 12 12 12 12 12 12 12 12 12 12 12 12 12 12 12 12 12 12 12 12 12 12 12 12 12 12 12 12 12 12 12 10 12
12 5 15 15 13 8 9 1 10 5 3 2 8 11 14 8 5 5 5 1 1 11 2 2 2 9 8 9 8 5 14 5 10 7 7 14 1 5 1 9 15 7 6 12
12 12 12 12 12 12 12 12 12 12 12 12 12 12 12 12 12 12 12 12 12 12 12 12 12 12 12 12 12 12 12 12 12 12 12 12 12 12 12 12 12 12 1 12
10 3 7 1 3 15 14 15 9 5 6 11 14 11 6 11 3 1 15 5 15 14 1 15 2 1 3 11 14 15 6 13 1 9 2 6 6 9 10 1 9 12 8 12
12 12 12 12 12 12 12 12 12 12 12 12 12 12 12 12 12 12 12 12 12 12 12 12 12 12 12 12 12 12 12 12 12 12 12 12 12 12 12 12 12 12 1 12
12 9 8 6 13 3 1 13 9 14 15 9 3 8 1 4 11 11 5 10 11 9 8 9 4 1 11 1 3 9 9 3 11 7 7 1 9 3 1 15 14 6 11 12
12 12 12 12 12 12 12 12 12 12 12 12 12 12 12 12 12 12 12 12 12 12 12 12 12 12 12 12 12 12 12 12 12 12 12 12 12 12 12 12 12 12 11 12
7 8 4 2 6 9 10 4 13 7 6 8 5 2 3 10 14 9 13 10 14 8 9 6 3 11 9 10 4 4 13 6 4 13 9 3 11 4 13 7 4 12 6 12
12 12 12 12 12 12 12 12 12 12 12 12 12 12 12 12 12 12 12 12 12 12 12 12 12 12 12 12 12 12 12 12 12 12 12 12 12 12 12 12 12 12 10 12
12 14 15 1 1 11 11 9 3 15 8 10 9 7 1 2 10 2 14 2 14 15 4 15 1 11 7 11 13 15 11 10 14 6 5 7 11 14 4 10 8 4 13 12
12 12 12 12 12 12 12 12 12 12 12 12 12 12 12 12 12 12 12 12 12 12 12 12 12 12 12 12 12 12 12 12 12 12 12 12 12 12 12 12 12 12 9 12
9 7 11 10 1 15 4 9 3 6 6 8 10 3 11 4 2 1 11 9 8 8 2 8 11 5 1 13 9 3 4 15 8 13 9 7 14 13 5 10 11 12 15 12
12 12 12 12 12 12 12 12 12 12 12 12 12 12 12 12 12 12 12 12 12 12 12 12 12 12 12 12 12 12 12 12 12 12 12 12 12 12 12 12 12 12 6 12
12 5 5 14 7 11 13 13 13 5 9 14 13 13 4 11 14 13 10 11 14 3 4 14 14 15 8 1 9 3 15 6 1 10 2 13 15 7 4 15 8 14 13 12
12 12 12 12 12 12 12 12 12 12 12 12 12 12 12 12 12 12 12 12 12 12 12 12 12 12 12 12 12 12 12 12 12 12 12 12 12 12 12 12 12 12 15 12
5 13 15 2 10 13 10 11 10 5 14 13 7 15 5 6 13 8 3 9 10 8 3 14 7 1 9 11 9 3 6 5 4 4 7 15 5 8 14 15 14 12 8 12
12 12 12 12 12 12 12 12 12 12 12 12 12 12 12 12 12 12 12 12 12 12 12 12 12 12 12 12 12 12 12 12 12 12 12 12 12 12 12 12 12 12 8 12
12 1 8 9 6 2 9 11 5 1 1 14 5 13 15 1 11 5 5 3 3 6 6 6 13 1 15 13 4 8 9 5 13 7 1 13 15 8 10 7 14 6 15 12
12 12 12 12 12 12 12 12 12 12 12 12 12 12 12 12 12 12 12 12 12 12 12 12 12 12 12 12 12 12 12 12 12 12 12 12 12 12 12 12 12 12 15 12
13 14 15 13 13 13 13 3 13 15 1 3 2 4 14 10 11 2 13 7 6 7 11 11 11 13 14 2 3 1 15 3 4 4 1 13 1 15 2 13 14 12 7 12
12 12 12 12 12 12 12 12 12 12 12 12 12 12 12 12 12 12 12 12 12 12 12 12 12 12 12 12 12 12 12 12 12 12 12 12 12 12 12 12 12 12 11 12
12 4 1 7 9 15 13 3 4 8 1 11 3 1 15 13 3 2 15 7 2 15 5 7 6 9 7 13 6 7 10 9 13 3 9 9 14 7 3 8 8 15 13 12
12 12 12 12 12 12 12 12 12 12 12 12 12 12 12 12 12 12 12 12 12 12 12 12 12 12 12 12 12 12 12 12 12 12 12 12 12 12 12 12 12 12 12 12
