99 100
500 500 500 500 500 500 500 500 500 500 500 500 500 500 500 500 500 500 500 500 500 500 500 500 500 500 500 500 500 500 500 500 500 500 500 500 500 500 500 500 500 500 500 500 500 500 500 500 500 500 500 500 500 500 500 500 500 500 500 500 500 500 500 500 500 500 500 500 500 500 500 500 500 500 500 500 500 500 500 500 500 500 500 500 500 500 500 500 500 500 500 500 500 500 500 500 500 500 500 500
500 370 245 302 741 556 567 558 291 934 235 278 692 53 994 811 205 550 679 245 733 741 774 470 336 158 934 283 27 695 101 84 101 137 180 158 302 664 373 501 688 673 291 370 336 847 577 941 811 941 484 283 417 127 5 526 567 679 222 976 133 435 847 914 809 492 278 283 466 177 231 370 811 847 692 397 56 679 944 56 1000 809 741 875 501 786 336 579 542 245 101 205 556 412 137 53 526 550 94 500
500 500 500 500 500 500 500 500 500 500 500 500 500 500 500 500 500 500 500 500 500 500 500 500 500 500 500 500 500 500 500 500 500 500 500 500 500 500 500 500 500 500 500 500 500 500 500 500 500 500 500 500 500 500 500 500 500 500 500 500 500 500 500 500 500 500 500 500 500 500 500 500 500 500 500 500 500 500 500 500 500 500 500 500 500 500 500 500 500 500 500 500 500 500 500 500 500 500 101 500
664 94 91 321 934 321 786 733 336 180 302 598 141 579 392 336 392 417 697 843 5 538 101 934 291 194 501 492 127 5 158 811 568 733 522 664 484 127 914 158 53 598 741 802 741 944 94 994 853 180 777 94 733 392 896 786 94 492 338 278 840 415 796 435 741 847 741 321 101 733 414 679 397 786 235 745 91 392 205 291 896 853 177 941 302 417 484 283 124 914 941 896 137 934 673 460 786 500 412 500
500 500 500 500 500 500 500 500 500 500 500 500 500 500 500 500 500 500 500 500 500 500 500 500 500 500 500 500 500 500 500 500 500 500 500 500 500 500 500 500 500 500 500 500 500 500 500 500 500 500 500 500 500 500 500 500 500 500 500 500 500 500 500 500 500 500 500 500 500 500 500 500 500 500 500 500 500 500 500 500 500 500 500 500 500 500 500 500 500 500 500 500 500 500 500 500 500 500 417 500
500 840 567 180 914 567 567 944 373 245 796 761 896 414 460 346 695 526 843 598 558 875 124 741 567 278 397 231 976 56 840 522 934 1 538 983 697 811 567 550 338 415 796 542 177 896 941 94 914 983 53 338 761 302 820 414 777 802 809 466 124 346 435 976 258 205 811 577 522 222 245 241 695 875 127 111 484 983 526 91 673 695 490 392 1000 53 84 346 692 490 492 568 538 241 133 577 673 127 840 500
500 500 500 500 500 500 500 500 500 500 500 500 500 500 500 500 500 500 500 500 500 500 500 500 500 500 500 500 500 500 500 500 500 500 500 500 500 500 500 500 500 500 500 500 500 500 500 500 500 500 500 500 500 500 500 500 500 500 500 500 500 500 500 500 500 500 500 500 500 500 500 500 500 500 500 500 500 500 500 500 500 500 500 500 500 500 500 500 500 500 500 500 500 500 500 500 500 500 346 500
695 241 283 537 177 914 235 412 934 127 809 245 370 414 231 124 695 697 53 490 550 484 412 697 976 786 914 370 222 124 847 598 538 373 321 241 1000 558 56 673 241 417 522 245 177 490 94 241 577 56 542 820 522 550 291 101 101 802 484 537 536 526 338 777 811 692 673 777 811 568 177 1000 733 522 600 914 811 27 600 774 5 484 538 875 501 944 567 532 283 435 679 233 158 568 556 532 370 500 577 500
500 500 500 500 500 500 500 500 500 500 500 500 500 500 500 500 500 500 500 500 500 500 500 500 500 500 500 500 500 500 500 500 500 500 500 500 500 500 500 500 500 500 500 500 500 500 500 500 500 500 500 500 500 500 500 500 500 500 500 500 500 500 500 500 500 500 500 500 500 500 500 500 500 500 500 500 500 500 500 500 500 500 500 500 500 500 500 500 500 500 500 500 500 500 500 500 500 500 222 500
500 412 397 412 435 414 542 994 526 802 321 774 600 133 809 934 847 567 133 245 786 133 537 111 820 56 27 994 492 291 741 127 460 470 796 460 843 741 664 233 577 194 944 697 695 233 796 577 291 484 180 205 741 1000 536 843 53 697 233 392 338 761 302 1000 550 91 761 137 558 983 278 875 941 697 914 538 415 796 941 111 222 194 598 843 460 796 137 598 847 934 537 338 205 241 233 466 941 283 346 500
500 500 500 500 500 500 500 500 500 500 500 500 500 500 500 500 500 500 500 500 500 500 500 500 500 500 500 500 500 500 500 500 500 500 500 500 500 500 500 500 500 500 500 500 500 500 500 500 500 500 500 500 500 500 500 500 500 500 500 500 500 500 500 500 500 500 500 500 500 500 500 500 500 500 500 500 500 500 500 500 500 500 500 500 500 500 500 500 500 500 500 500 500 500 500 500 500 500 538 500
111 542 397 158 484 321 56 141 180 688 84 697 283 1000 934 896 688 934 786 774 101 786 761 412 777 761 536 983 231 484 245 941 124 537 550 796 137 346 111 914 417 91 786 811 761 490 556 412 820 490 5 180 5 1 820 302 53 94 692 278 820 194 811 291 417 695 695 679 914 27 556 84 761 336 697 392 577 127 397 177 484 5 336 205 460 258 550 745 688 5 896 538 241 558 84 222 777 500 550 500
500 500 500 500 500 500 500 500 500 500 500 500 500 500 500 500 500 500 500 500 500 500 500 500 500 500 500 500 500 500 500 500 500 500 500 500 500 500 500 500 500 500 500 500 500 500 500 500 500 500 500 500 500 500 500 500 500 500 500 500 500 500 500 500 500 500 500 500 500 500 500 500 500 500 500 500 500 500 500 500 500 500 500 500 500 500 500 500 500 500 500 500 500 500 500 500 500 500 896 500
500 84 336 241 373 302 245 233 177 278 673 5 777 235 490 853 522 127 133 205 245 526 577 558 231 934 141 983 761 840 567 761 679 492 484 137 141 983 27 568 490 466 532 875 695 392 241 786 346 101 538 137 321 194 470 695 158 278 373 1 598 127 774 537 809 492 556 526 983 84 111 550 697 177 137 914 501 177 692 679 761 397 664 94 501 600 373 158 124 241 688 124 745 283 460 777 1 27 417 500
500 500 500 500 500 500 500 500 500 500 500 500 500 500 500 500 500 500 500 500 500 500 500 500 500 500 500 500 500 500 500 500 500 500 500 500 500 500 500 500 500 500 500 500 500 500 500 500 500 500 500 500 500 500 500 500 500 500 500 500 500 500 500 500 500 500 500 500 500 500 500 500 500 500 500 500 500 500 500 500 500 500 500 500 500 500 500 500 500 500 500 500 500 500 500 500 500 500 194 500
141 336 843 733 847 679 542 321 1 231 741 847 460 579 470 550 94 809 688 392 542 158 414 133 235 56 278 976 664 346 53 847 460 600 180 84 180 811 537 127 245 556 417 840 542 577 370 194 733 537 983 934 414 373 820 733 820 415 934 278 853 820 688 843 492 796 492 84 94 976 180 843 27 774 501 843 392 283 231 796 141 111 101 141 1000 914 796 550 522 538 56 501 373 392 397 435 733 500 373 500
500 500 500 500 500 500 500 500 500 500 500 500 500 500 500 500 500 500 500 500 500 500 500 500 500 500 500 500 500 500 500 500 500 500 500 500 500 500 500 500 500 500 500 500 500 500 500 500 500 500 500 500 500 500 500 500 500 500 500 500 500 500 500 500 500 500 500 500 500 500 500 500 500 500 500 500 500 500 500 500 500 500 500 500 500 500 500 500 500 500 500 500 500 500 500 500 500 500 847 500
500 896 484 492 27 745 777 786 241 435 796 786 94 133 133 56 664 741 983 258 522 558 180 302 983 397 809 133 338 466 741 414 847 692 194 688 1000 370 484 460 811 177 177 27 466 392 537 853 692 811 111 679 577 278 484 338 56 840 392 415 542 56 688 600 222 802 233 537 1000 321 745 802 205 777 944 538 137 692 786 501 231 302 688 302 688 567 460 577 291 338 205 875 811 843 914 137 809 896 774 500
500 500 500 500 500 500 500 500 500 500 500 500 500 500 500 500 500 500 500 500 500 500 500 500 500 500 500 500 500 500 500 500 500 500 500 500 500 500 500 500 500 500 500 500 500 500 500 500 500 500 500 500 500 500 500 500 500 500 500 500 500 500 500 500 500 500 500 500 500 500 500 500 500 500 500 500 500 500 500 500 500 500 500 500 500 500 500 500 500 500 500 500 500 500 500 500 500 500 133 500
177 688 27 127 231 321 774 245 679 537 840 853 231 600 466 840 194 692 558 415 484 233 91 536 283 490 101 233 914 875 435 532 490 205 796 976 124 233 840 786 802 673 435 370 490 733 245 761 695 840 809 914 941 542 941 536 56 194 777 412 415 695 695 1 101 550 550 302 847 194 373 484 222 679 542 688 492 843 417 786 914 245 994 843 5 241 741 598 745 537 141 853 577 568 417 258 194 500 941 500
500 500 500 500 500 500 500 500 500 500 500 500 500 500 500 500 500 500 500 500 500 500 500 500 500 500 500 500 500 500 500 500 500 500 500 500 500 500 500 500 500 500 500 500 500 500 500 500 500 500 500 500 500 500 500 500 500 500 500 500 500 500 500 500 500 500 500 500 500 500 500 500 500 500 500 500 500 500 500 500 500 500 500 500 500 500 500 500 500 500 500 500 500 500 500 500 500 500 245 500
500 532 490 233 802 567 370 412 53 321 233 853 556 490 542 124 741 934 567 415 538 843 470 205 373 492 853 579 914 692 222 180 692 346 370 896 550 56 180 567 222 233 336 492 695 579 983 802 820 697 944 392 1000 460 302 695 542 180 896 233 490 346 302 283 745 321 733 466 336 417 291 205 994 158 526 875 777 692 840 976 733 522 94 258 370 133 291 809 180 84 914 673 550 994 536 777 484 777 577 500
500 500 500 500 500 500 500 500 500 500 500 500 500 500 500 500 500 500 500 500 500 500 500 500 500 500 500 500 500 500 500 500 500 500 500 500 500 500 500 500 500 500 500 500 500 500 500 500 500 500 500 500 500 500 500 500 500 500 500 500 500 500 500 500 500 500 500 500 500 500 500 500 500 500 500 500 500 500 500 500 500 500 500 500 500 500 500 500 500 500 500 500 500 500 500 500 500 500 786 500
1 233 983 896 302 934 412 397 537 235 27 741 338 522 27 205 127 412 137 373 373 774 875 222 526 934 976 460 137 91 460 542 896 53 1 414 840 177 811 786 392 522 222 568 414 577 91 733 501 809 941 579 697 466 692 101 283 397 1 56 141 415 56 1000 598 811 538 84 774 338 558 235 124 84 56 141 567 235 283 346 542 983 934 598 180 338 101 235 695 556 490 158 235 222 435 558 91 500 934 500
500 500 500 500 500 500 500 500 500 500 500 500 500 500 500 500 500 500 500 500 500 500 500 500 500 500 500 500 500 500 500 500 500 500 500 500 500 500 500 500 500 500 500 500 500 500 500 500 500 500 500 500 500 500 500 500 500 500 500 500 500 500 500 500 500 500 500 500 500 500 500 500 500 500 500 500 500 500 500 500 500 500 500 500 500 500 500 500 500 500 500 500 500 500 500 500 500 500 556 500
500 137 414 321 777 941 373 492 934 695 233 777 556 470 538 796 283 745 875 127 802 853 600 579 692 820 94 983 94 941 532 847 802 470 417 291 492 133 741 568 133 745 688 774 180 283 412 598 417 1 460 600 600 291 84 733 774 133 914 664 558 91 934 526 466 302 536 843 1 470 412 346 556 875 840 1 346 412 231 745 802 577 558 896 522 934 302 127 1 820 231 101 111 577 994 550 302 538 944 500
500 500 500 500 500 500 500 500 500 500 500 500 500 500 500 500 500 500 500 500 500 500 500 500 500 500 500 500 500 500 500 500 500 500 500 500 500 500 500 500 500 500 500 500 500 500 500 500 500 500 500 500 500 500 500 500 500 500 500 500 500 500 500 500 500 500 500 500 500 500 500 500 500 500 500 500 500 500 500 500 500 500 500 500 500 500 500 500 500 500 500 500 500 500 500 500 500 500 346 500
180 231 53 56 233 1 501 983 101 532 526 537 692 235 796 532 526 847 27 536 258 840 141 577 231 811 536 231 373 133 1000 137 1000 522 5 697 914 466 466 5 796 283 733 600 205 415 522 994 567 177 847 577 137 761 542 484 976 415 233 235 137 976 556 697 94 538 745 412 579 177 278 577 542 336 158 231 283 370 542 470 522 127 532 598 291 177 697 695 745 697 133 847 853 53 983 177 414 500 133 500
500 500 500 500 500 500 500 500 500 500 500 500 500 500 500 500 500 500 500 500 500 500 500 500 500 500 500 500 500 500 500 500 500 500 500 500 500 500 500 500 500 500 500 500 500 500 500 500 500 500 500 500 500 500 500 500 500 500 500 500 500 500 500 500 500 500 500 500 500 500 500 500 500 500 500 500 500 500 500 500 500 500 500 500 500 500 500 500 500 500 500 500 500 500 500 500 500 500 983 500
500 484 673 133 245 278 875 733 415 558 56 802 679 141 338 673 222 811 695 501 843 321 222 435 415 843 205 976 258 492 370 91 233 415 233 1000 346 302 688 94 412 875 492 1 417 983 460 679 466 853 302 435 875 338 695 934 101 688 567 673 741 941 811 235 537 412 291 278 412 278 91 397 490 1000 56 695 526 53 843 5 484 983 205 983 695 501 777 414 941 664 321 526 843 934 941 745 1 492 231 500
500 500 500 500 500 500 500 500 500 500 500 500 500 500 500 500 500 500 500 500 500 500 500 500 500 500 500 500 500 500 500 500 500 500 500 500 500 500 500 500 500 500 500 500 500 500 500 500 500 500 500 500 500 500 500 500 500 500 500 500 500 500 500 500 500 500 500 500 500 500 500 500 500 500 500 500 500 500 500 500 500 500 500 500 500 500 500 500 500 500 500 500 500 500 500 500 500 500 194 500
550 417 84 470 84 567 194 101 777 558 976 679 761 501 466 291 802 56 537 346 536 853 577 1 896 124 761 664 558 235 470 558 392 460 741 466 302 550 127 550 321 470 695 490 673 415 733 976 994 141 692 27 994 5 233 695 983 27 222 490 346 27 336 914 568 180 338 222 278 598 840 809 774 321 233 222 875 94 697 976 177 194 777 733 522 673 522 492 673 600 579 415 847 158 94 875 397 500 346 500
500 500 500 500 500 500 500 500 500 500 500 500 500 500 500 500 500 500 500 500 500 500 500 500 500 500 500 500 500 500 500 500 500 500 500 500 500 500 500 500 500 500 500 500 500 500 500 500 500 500 500 500 500 500 500 500 500 500 500 500 500 500 500 500 500 500 500 500 500 500 500 500 500 500 500 500 500 500 500 500 500 500 500 500 500 500 500 500 500 500 500 500 500 500 500 500 500 500 91 500
500 820 346 556 91 532 27 490 733 802 914 231 133 158 673 291 567 484 697 101 492 786 941 291 820 558 796 392 127 679 415 222 777 291 56 91 777 222 537 5 180 245 532 809 536 673 538 532 470 414 568 222 435 346 490 490 492 133 460 875 853 133 579 231 994 811 501 258 522 774 490 802 692 336 278 5 688 577 412 258 466 283 222 944 338 809 526 91 235 336 733 177 568 283 692 695 796 222 774 500
500 500 500 500 500 500 500 500 500 500 500 500 500 500 500 500 500 500 500 500 500 500 500 500 500 500 500 500 500 500 500 500 500 500 500 500 500 500 500 500 500 500 500 500 500 500 500 500 500 500 500 500 500 500 500 500 500 500 500 500 500 500 500 500 500 500 500 500 500 500 500 500 500 500 500 500 500 500 500 500 500 500 500 500 500 500 500 500 500 500 500 500 500 500 500 500 500 500 180 500
692 745 245 278 567 137 692 484 692 786 875 679 532 158 777 1000 875 579 101 84 840 283 538 688 412 522 435 944 840 853 536 914 577 558 538 137 417 412 84 492 258 733 875 27 245 577 412 336 245 278 492 579 392 532 278 460 579 27 853 417 697 934 373 501 194 598 538 414 558 321 556 695 492 741 124 415 392 558 809 111 875 460 373 914 847 697 537 688 745 944 84 235 235 205 941 258 56 500 796 500
500 500 500 500 500 500 500 500 500 500 500 500 500 500 500 500 500 500 500 500 500 500 500 500 500 500 500 500 500 500 500 500 500 500 500 500 500 500 500 500 500 500 500 500 500 500 500 500 500 500 500 500 500 500 500 500 500 500 500 500 500 500 500 500 500 500 500 500 500 500 500 500 500 500 500 500 500 500 500 500 500 500 500 500 500 500 500 500 500 500 500 500 500 500 500 500 500 500 435 500
500 733 664 733 994 537 5 231 194 84 934 809 241 137 673 820 695 745 1 542 976 127 56 537 373 536 302 180 180 673 137 692 745 558 222 761 392 976 745 802 291 786 158 412 853 414 338 577 786 373 1 853 741 994 245 664 392 567 56 941 414 1 501 1000 235 241 490 27 158 976 664 875 412 233 532 258 558 466 568 412 567 501 579 101 558 577 127 896 679 522 435 853 761 733 501 679 111 526 809 500
500 500 500 500 500 500 500 500 500 500 500 500 500 500 500 500 500 500 500 500 500 500 500 500 500 500 500 500 500 500 500 500 500 500 500 500 500 500 500 500 500 500 500 500 500 500 500 500 500 500 500 500 500 500 500 500 500 500 500 500 500 500 500 500 500 500 500 500 500 500 500 500 500 500 500 500 500 500 500 500 500 500 500 500 500 500 500 500 500 500 500 500 500 500 500 500 500 500 133 500
522 53 5 231 222 84 222 774 180 733 233 1 556 233 392 802 245 976 484 811 346 124 558 346 241 233 27 414 233 542 741 774 809 435 5 415 847 941 56 579 158 1000 127 245 983 414 809 847 124 392 241 1 338 820 786 811 1 934 133 914 697 786 761 417 537 537 820 695 777 84 532 875 27 692 853 542 774 470 579 124 53 843 664 492 820 843 222 537 664 336 158 321 697 688 84 809 745 500 664 500
500 500 500 500 500 500 500 500 500 500 500 500 500 500 500 500 500 500 500 500 500 500 500 500 500 500 500 500 500 500 500 500 500 500 500 500 500 500 500 500 500 500 500 500 500 500 500 500 500 500 500 500 500 500 500 500 500 500 500 500 500 500 500 500 500 500 500 500 500 500 500 500 500 500 500 500 500 500 500 500 500 500 500 500 500 500 500 500 500 500 500 500 500 500 500 500 500 500 976 500
500 777 600 233 688 941 532 53 414 124 158 91 568 976 336 579 577 934 222 84 397 896 994 777 233 5 983 94 111 180 688 417 538 695 180 664 5 435 373 802 976 600 733 470 338 843 914 550 53 291 94 550 673 466 802 158 896 786 392 664 111 466 697 853 205 733 777 205 944 180 537 501 338 370 532 741 811 577 522 460 101 111 745 532 536 501 258 241 205 412 415 673 733 1000 111 1000 278 124 133 500
500 500 500 500 500 500 500 500 500 500 500 500 500 500 500 500 500 500 500 500 500 500 500 500 500 500 500 500 500 500 500 500 500 500 500 500 500 500 500 500 500 500 500 500 500 500 500 500 500 500 500 500 500 500 500 500 500 500 500 500 500 500 500 500 500 500 500 500 500 500 500 500 500 500 500 500 500 500 500 500 500 500 500 500 500 500 500 500 500 500 500 500 500 500 500 500 500 500 231 500
283 231 336 346 745 194 241 796 417 550 796 786 847 536 774 222 745 111 94 466 697 688 94 802 809 492 127 205 802 1 526 415 934 141 124 417 241 600 1 111 194 741 27 664 774 177 567 321 811 820 397 875 843 84 692 579 664 556 158 853 537 392 321 994 397 460 417 141 490 245 94 994 976 346 91 484 336 241 415 941 994 786 205 233 397 558 983 774 526 761 91 538 484 840 538 695 976 500 537 500
500 500 500 500 500 500 500 500 500 500 500 500 500 500 500 500 500 500 500 500 500 500 500 500 500 500 500 500 500 500 500 500 500 500 500 500 500 500 500 500 500 500 500 500 500 500 500 500 500 500 500 500 500 500 500 500 500 500 500 500 500 500 500 500 500 500 500 500 500 500 500 500 500 500 500 500 500 500 500 500 500 500 500 500 500 500 500 500 500 500 500 500 500 500 500 500 500 500 501 500
500 568 490 761 688 5 741 820 598 697 820 847 786 222 291 579 536 579 127 600 875 976 994 1 522 944 983 941 302 370 346 994 414 944 27 811 373 501 1 745 914 133 94 177 600 598 5 373 231 158 664 875 460 53 53 84 137 111 101 336 944 412 460 538 556 526 336 556 542 373 180 745 470 417 577 774 435 820 673 777 205 133 843 843 875 415 983 291 568 673 373 412 283 896 695 1000 944 976 875 500
500 500 500 500 500 500 500 500 500 500 500 500 500 500 500 500 500 500 500 500 500 500 500 500 500 500 500 500 500 500 500 500 500 500 500 500 500 500 500 500 500 500 500 500 500 500 500 500 500 500 500 500 500 500 500 500 500 500 500 500 500 500 500 500 500 500 500 500 500 500 500 500 500 500 500 500 500 500 500 500 500 500 500 500 500 500 500 500 500 500 500 500 500 500 500 500 500 500 346 500
5 577 194 158 532 802 133 914 577 796 875 412 414 538 697 346 774 231 695 5 538 934 579 111 941 5 127 600 291 205 397 346 111 373 501 567 664 777 492 695 415 802 137 536 761 526 568 245 133 777 820 484 470 568 994 283 222 414 283 435 111 492 809 490 180 205 558 435 397 158 550 370 84 567 896 526 847 809 847 598 786 688 976 194 417 91 484 761 302 278 556 567 336 133 373 233 796 500 811 500
500 500 500 500 500 500 500 500 500 500 500 500 500 500 500 500 500 500 500 500 500 500 500 500 500 500 500 500 500 500 500 500 500 500 500 500 500 500 500 500 500 500 500 500 500 500 500 500 500 500 500 500 500 500 500 500 500 500 500 500 500 500 500 500 500 500 500 500 500 500 500 500 500 500 500 500 500 500 500 500 500 500 500 500 500 500 500 500 500 500 500 500 500 500 500 500 500 500 688 500
500 84 490 568 577 983 412 392 688 470 233 811 470 466 373 786 336 346 278 490 492 843 556 370 321 536 847 492 137 133 397 435 417 501 233 733 741 415 158 346 1 745 490 141 567 501 532 811 811 414 373 568 53 84 470 302 415 241 556 180 194 847 231 158 235 796 556 853 853 840 820 840 577 470 567 761 598 558 484 688 820 777 177 231 127 688 205 241 84 692 976 522 579 412 538 802 414 231 53 500
500 500 500 500 500 500 500 500 500 500 500 500 500 500 500 500 500 500 500 500 500 500 500 500 500 500 500 500 500 500 500 500 500 500 500 500 500 500 500 500 500 500 500 500 500 500 500 500 500 500 500 500 500 500 500 500 500 500 500 500 500 500 500 500 500 500 500 500 500 500 500 500 500 500 500 500 500 500 500 500 500 500 500 500 500 500 500 500 500 500 500 500 500 500 500 500 500 500 141 500
983 414 944 141 466 777 127 976 245 556 412 177 598 853 840 1 283 538 466 688 414 914 542 692 532 111 673 338 600 231 1000 809 435 579 53 492 27 1000 56 111 941 501 291 579 101 302 537 91 579 5 558 673 397 490 522 222 435 944 796 321 774 809 786 934 124 522 934 934 84 536 777 774 875 1000 111 501 141 27 470 944 568 133 598 600 526 538 843 133 177 994 1000 820 231 745 490 180 470 500 137 500
500 500 500 500 500 500 500 500 500 500 500 500 500 500 500 500 500 500 500 500 500 500 500 500 500 500 500 500 500 500 500 500 500 500 500 500 500 500 500 500 500 500 500 500 500 500 500 500 500 500 500 500 500 500 500 500 500 500 500 500 500 500 500 500 500 500 500 500 500 500 500 500 500 500 500 500 500 500 500 500 500 500 500 500 500 500 500 500 500 500 500 500 500 500 500 500 500 500 983 500
500 994 133 811 501 27 84 338 392 392 697 579 321 336 415 5 5 577 283 235 840 283 101 141 568 302 283 679 536 994 777 245 490 550 278 598 598 177 94 222 84 415 235 302 321 258 222 774 745 1 568 222 600 774 840 415 241 291 392 745 501 231 994 321 934 556 542 914 124 600 983 741 542 466 550 532 492 222 577 56 796 811 338 697 27 542 522 484 777 177 774 600 283 840 233 490 492 896 435 500
500 500 500 500 500 500 500 500 500 500 500 500 500 500 500 500 500 500 500 500 500 500 500 500 500 500 500 500 500 500 500 500 500 500 500 500 500 500 500 500 500 500 500 500 500 500 500 500 500 500 500 500 500 500 500 500 500 500 500 500 500 500 500 500 500 500 500 500 500 500 500 500 500 500 500 500 500 500 500 500 500 500 500 500 500 500 500 500 500 500 500 500 500 500 500 500 500 500 258 500
847 934 741 567 137 809 302 941 346 5 558 373 302 194 542 526 853 679 688 847 417 91 1 56 490 875 777 397 5 338 688 278 786 412 774 205 983 291 802 994 194 853 258 258 761 847 802 5 741 577 847 820 91 550 245 124 847 470 177 233 526 302 976 567 875 492 820 994 556 414 222 914 133 397 435 745 567 664 567 853 84 291 558 944 194 278 417 600 934 820 733 896 847 484 241 914 397 500 774 500
500 500 500 500 500 500 500 500 500 500 500 500 500 500 500 500 500 500 500 500 500 500 500 500 500 500 500 500 500 500 500 500 500 500 500 500 500 500 500 500 500 500 500 500 500 500 500 500 500 500 500 500 500 500 500 500 500 500 500 500 500 500 500 500 500 500 500 500 500 500 500 500 500 500 500 500 500 500 500 500 500 500 500 500 500 500 500 500 500 500 500 500 500 500 500 500 500 500 598 500
500 338 231 370 222 415 205 302 550 840 412 84 417 492 522 177 412 235 412 914 697 321 370 338 392 346 338 435 598 777 194 94 137 786 177 875 321 796 412 1 435 392 536 258 550 745 245 484 492 101 84 847 415 1 1 417 180 5 245 550 600 840 896 692 983 346 994 774 840 501 470 598 777 774 5 124 733 177 875 567 158 56 370 484 321 484 177 556 370 843 600 435 853 84 222 600 976 490 336 500
500 500 500 500 500 500 500 500 500 500 500 500 500 500 500 500 500 500 500 500 500 500 500 500 500 500 500 500 500 500 500 500 500 500 500 500 500 500 500 500 500 500 500 500 500 500 500 500 500 500 500 500 500 500 500 500 500 500 500 500 500 500 500 500 500 500 500 500 500 500 500 500 500 500 500 500 500 500 500 500 500 500 500 500 500 500 500 500 500 500 500 500 500 500 500 500 500 500 484 500
914 205 1 542 53 205 460 761 127 875 94 180 101 222 526 809 1 579 492 941 697 802 914 235 843 802 1 492 27 283 976 809 579 283 567 258 538 532 194 934 802 843 137 245 222 843 802 532 412 664 27 501 435 550 688 840 786 695 532 600 133 177 233 397 222 94 101 577 205 777 786 542 664 258 896 141 976 577 522 853 695 896 278 542 258 994 338 137 94 820 914 733 976 158 774 542 373 500 809 500
500 500 500 500 500 500 500 500 500 500 500 500 500 500 500 500 500 500 500 500 500 500 500 500 500 500 500 500 500 500 500 500 500 500 500 500 500 500 500 500 500 500 500 500 500 500 500 500 500 500 500 500 500 500 500 500 500 500 500 500 500 500 500 500 500 500 500 500 500 500 500 500 500 500 500 500 500 500 500 500 500 500 500 500 500 500 500 500 500 500 500 500 500 500 500 500 500 500 786 500
500 194 802 556 470 111 550 558 56 283 177 501 338 231 558 245 283 688 944 321 934 56 809 338 492 91 1 598 412 568 774 137 695 697 490 346 532 302 914 536 435 944 397 101 415 875 302 976 761 412 976 556 53 245 796 809 664 397 843 245 397 532 137 840 222 194 875 994 370 983 579 346 536 490 258 914 567 896 490 598 373 205 258 205 550 896 976 853 1 796 133 1 338 417 976 679 321 934 802 500
500 500 500 500 500 500 500 500 500 500 500 500 500 500 500 500 500 500 500 500 500 500 500 500 500 500 500 500 500 500 500 500 500 500 500 500 500 500 500 500 500 500 500 500 500 500 500 500 500 500 500 500 500 500 500 500 500 500 500 500 500 500 500 500 500 500 500 500 500 500 500 500 500 500 500 500 500 500 500 500 500 500 500 500 500 500 500 500 500 500 500 500 500 500 500 500 500 500 934 500
796 127 222 688 914 679 460 550 283 538 692 245 435 542 820 158 558 205 745 490 417 373 809 733 158 688 542 231 522 291 536 124 205 1000 733 802 847 843 346 53 567 141 843 278 976 141 843 133 745 414 133 177 231 567 180 941 194 741 141 415 124 537 811 811 556 843 490 820 258 673 579 802 194 697 414 811 840 484 490 558 664 522 1000 258 435 853 283 761 598 556 84 733 460 983 373 733 567 500 679 500
500 500 500 500 500 500 500 500 500 500 500 500 500 500 500 500 500 500 500 500 500 500 500 500 500 500 500 500 500 500 500 500 500 500 500 500 500 500 500 500 500 500 500 500 500 500 500 500 500 500 500 500 500 500 500 500 500 500 500 500 500 500 500 500 500 500 500 500 500 500 500 500 500 500 500 500 500 500 500 500 500 500 500 500 500 500 500 500 500 500 500 500 500 500 500 500 500 500 373 500
500 245 983 137 412 679 695 598 373 522 278 370 258 417 538 774 338 336 283 733 460 291 741 158 27 235 177 5 258 556 91 820 840 745 853 697 338 222 840 1 697 811 278 490 542 695 492 94 847 484 470 283 741 526 484 1 976 542 944 853 222 302 460 137 896 673 370 336 944 27 231 245 741 537 470 501 321 501 558 558 695 941 796 733 538 397 532 537 811 579 934 94 843 235 258 550 697 338 556 500
500 500 500 500 500 500 500 500 500 500 500 500 500 500 500 500 500 500 500 500 500 500 500 500 500 500 500 500 500 500 500 500 500 500 500 500 500 500 500 500 500 500 500 500 500 500 500 500 500 500 500 500 500 500 500 500 500 500 500 500 500 500 500 500 500 500 500 500 500 500 500 500 500 500 500 500 500 500 500 500 500 500 500 500 500 500 500 500 500 500 500 500 500 500 500 500 500 500 415 500
558 5 417 786 761 492 346 56 745 688 934 466 5 976 492 733 567 577 811 537 180 875 556 695 291 460 777 177 809 843 111 777 241 414 941 697 697 577 550 321 180 466 460 741 809 840 875 91 941 415 976 460 567 158 934 558 101 412 94 56 577 180 338 1000 664 321 141 417 941 567 370 853 124 542 820 761 414 976 124 492 786 291 522 492 91 27 5 526 745 397 692 127 492 501 820 697 373 500 537 500
500 500 500 500 500 500 500 500 500 500 500 500 500 500 500 500 500 500 500 500 500 500 500 500 500 500 500 500 500 500 500 500 500 500 500 500 500 500 500 500 500 500 500 500 500 500 500 500 500 500 500 500 500 500 500 500 500 500 500 500 500 500 500 500 500 500 500 500 500 500 500 500 500 500 500 500 500 500 500 500 500 500 500 500 500 500 500 500 500 500 500 500 500 500 500 500 500 500 245 500
500 536 875 664 397 811 820 994 127 302 522 692 338 397 802 133 976 435 158 392 598 84 697 222 291 688 840 522 180 688 522 994 177 91 802 414 231 27 944 412 466 567 392 231 417 412 466 94 258 111 579 934 745 522 338 245 532 177 1 664 27 466 177 241 338 278 934 796 84 802 501 241 205 470 241 370 137 370 435 796 796 567 556 522 994 598 697 338 567 536 1000 774 558 847 777 1000 688 556 321 500
500 500 500 500 500 500 500 500 500 500 500 500 500 500 500 500 500 500 500 500 500 500 500 500 500 500 500 500 500 500 500 500 500 500 500 500 500 500 500 500 500 500 500 500 500 500 500 500 500 500 500 500 500 500 500 500 500 500 500 500 500 500 500 500 500 500 500 500 500 500 500 500 500 500 500 500 500 500 500 500 500 500 500 500 500 500 500 500 500 500 500 500 500 500 500 500 500 500 983 500
983 194 914 579 133 579 809 853 761 761 56 567 526 370 1000 460 235 241 338 811 976 598 222 338 233 598 127 101 550 278 802 796 84 283 291 692 843 91 820 579 697 679 568 101 558 235 127 840 283 177 579 124 435 536 233 567 537 809 258 245 688 536 1 802 853 235 820 233 338 177 501 598 542 412 460 231 435 944 233 598 231 124 847 796 484 843 370 761 567 695 245 843 137 761 983 600 875 500 222 500
500 500 500 500 500 500 500 500 500 500 500 500 500 500 500 500 500 500 500 500 500 500 500 500 500 500 500 500 500 500 500 500 500 500 500 500 500 500 500 500 500 500 500 500 500 500 500 500 500 500 500 500 500 500 500 500 500 500 500 500 500 500 500 500 500 500 500 500 500 500 500 500 500 500 500 500 500 500 500 500 500 500 500 500 500 500 500 500 500 500 500 500 500 500 500 500 500 500 532 500
500 245 802 291 811 133 526 843 177 484 245 492 245 522 536 556 679 914 896 983 127 470 137 820 853 843 460 245 673 283 470 934 853 194 245 983 944 532 124 158 688 733 944 600 802 568 664 222 283 934 321 733 84 258 415 577 205 577 278 235 843 283 673 914 235 222 370 283 321 811 205 56 914 796 994 124 796 233 847 27 847 532 336 415 94 258 373 460 241 484 536 435 84 976 542 417 392 522 542 500
500 500 500 500 500 500 500 500 500 500 500 500 500 500 500 500 500 500 500 500 500 500 500 500 500 500 500 500 500 500 500 500 500 500 500 500 500 500 500 500 500 500 500 500 500 500 500 500 500 500 500 500 500 500 500 500 500 500 500 500 500 500 500 500 500 500 500 500 500 500 500 500 500 500 500 500 500 500 500 500 500 500 500 500 500 500 500 500 500 500 500 500 500 500 500 500 500 500 579 500
774 568 412 786 550 222 1000 526 542 194 137 811 745 373 373 370 820 567 941 542 934 283 235 231 484 233 598 741 914 501 91 994 53 205 283 91 577 291 397 231 417 245 976 847 522 235 853 741 664 141 346 695 786 490 53 222 774 158 679 934 941 843 194 983 538 1000 673 875 370 567 697 532 733 231 484 235 537 733 415 435 346 346 679 558 688 373 522 338 679 302 741 983 321 664 291 141 577 500 180 500
500 500 500 500 500 500 500 500 500 500 500 500 500 500 500 500 500 500 500 500 500 500 500 500 500 500 500 500 500 500 500 500 500 500 500 500 500 500 500 500 500 500 500 500 500 500 500 500 500 500 500 500 500 500 500 500 500 500 500 500 500 500 500 500 500 500 500 500 500 500 500 500 500 500 500 500 500 500 500 500 500 500 500 500 500 500 500 500 500 500 500 500 500 500 500 500 500 500 137 500
500 258 222 538 91 231 302 283 733 786 774 697 664 688 550 177 397 91 124 56 579 336 774 579 137 941 180 1 91 346 847 91 222 484 258 774 470 994 983 5 133 538 568 1000 321 526 536 346 417 258 733 1 194 811 941 567 843 809 558 490 568 414 777 875 5 745 283 466 338 415 843 137 245 124 934 983 124 278 94 875 101 875 84 84 460 556 492 843 679 205 679 205 843 522 568 538 435 843 91 500
500 500 500 500 500 500 500 500 500 500 500 500 500 500 500 500 500 500 500 500 500 500 500 500 500 500 500 500 500 500 500 500 500 500 500 500 500 500 500 500 500 500 500 500 500 500 500 500 500 500 500 500 500 500 500 500 500 500 500 500 500 500 500 500 500 500 500 500 500 500 500 500 500 500 500 500 500 500 500 500 500 500 500 500 500 500 500 500 500 500 500 500 500 500 500 500 500 500 133 500
91 435 820 222 941 542 567 302 492 976 733 567 180 550 577 241 412 802 222 579 412 111 532 133 133 470 127 1000 944 180 302 346 490 745 556 133 538 598 537 847 777 579 466 415 205 796 526 733 435 124 127 741 983 537 492 137 1000 934 180 567 679 27 741 811 222 415 542 664 840 412 896 840 460 579 853 934 397 415 127 158 137 53 258 336 538 537 976 840 695 577 840 338 802 796 741 526 537 500 241 500
500 500 500 500 500 500 500 500 500 500 500 500 500 500 500 500 500 500 500 500 500 500 500 500 500 500 500 500 500 500 500 500 500 500 500 500 500 500 500 500 500 500 500 500 500 500 500 500 500 500 500 500 500 500 500 500 500 500 500 500 500 500 500 500 500 500 500 500 500 500 500 500 500 500 500 500 500 500 500 500 500 500 500 500 500 500 500 500 500 500 500 500 500 500 500 500 500 500 577 500
500 664 233 820 796 321 802 556 111 761 875 94 158 774 820 567 1000 241 941 141 679 745 373 177 466 568 460 1 697 435 84 976 346 896 53 233 679 532 177 501 567 133 688 536 777 567 158 338 27 600 761 5 777 233 205 466 853 492 417 245 542 141 934 133 688 983 84 664 914 526 777 537 338 111 412 934 91 983 538 492 346 53 802 346 338 688 27 577 414 745 786 460 914 435 94 27 84 5 847 500
500 500 500 500 500 500 500 500 500 500 500 500 500 500 500 500 500 500 500 500 500 500 500 500 500 500 500 500 500 500 500 500 500 500 500 500 500 500 500 500 500 500 500 500 500 500 500 500 500 500 500 500 500 500 500 500 500 500 500 500 500 500 500 500 500 500 500 500 500 500 500 500 500 500 500 500 500 500 500 500 500 500 500 500 500 500 500 500 500 500 500 500 500 500 500 500 500 500 774 500
538 695 568 695 492 688 761 194 492 941 733 567 205 392 141 336 392 101 53 133 111 501 577 673 127 875 484 745 664 536 577 336 692 914 944 777 673 302 435 373 235 820 944 370 1 84 283 697 1000 5 492 847 412 222 679 809 692 415 133 370 321 692 811 896 695 598 811 786 537 550 415 370 336 853 94 741 536 741 241 556 567 283 664 56 983 741 688 370 124 853 1000 412 484 205 537 414 542 500 397 500
500 500 500 500 500 500 500 500 500 500 500 500 500 500 500 500 500 500 500 500 500 500 500 500 500 500 500 500 500 500 500 500 500 500 500 500 500 500 500 500 500 500 500 500 500 500 500 500 500 500 500 500 500 500 500 500 500 500 500 500 500 500 500 500 500 500 500 500 500 500 500 500 500 500 500 500 500 500 500 500 500 500 500 500 500 500 500 500 500 500 500 500 500 500 500 500 500 500 688 500
500 222 538 944 944 235 600 158 291 302 231 470 542 843 141 692 466 205 796 522 976 84 53 811 526 27 1 600 542 994 811 283 241 796 291 283 941 811 417 802 222 338 786 840 417 944 397 417 688 745 490 133 5 5 321 346 914 27 802 291 733 522 470 460 843 466 820 127 127 542 501 346 896 811 484 1000 697 568 417 550 235 484 291 158 538 291 526 577 745 777 321 761 133 5 556 741 802 745 111 500
500 500 500 500 500 500 500 500 500 500 500 500 500 500 500 500 500 500 500 500 500 500 500 500 500 500 500 500 500 500 500 500 500 500 500 500 500 500 500 500 500 500 500 500 500 500 500 500 500 500 500 500 500 500 500 500 500 500 500 500 500 500 500 500 500 500 500 500 500 500 500 500 500 500 500 500 500 500 500 500 500 500 500 500 500 500 500 500 500 500 500 500 500 500 500 500 500 500 809 500
761 278 336 811 664 673 222 558 695 809 158 875 692 568 994 802 577 695 321 490 896 417 412 983 283 392 1000 414 761 56 526 414 558 579 579 91 944 820 934 302 127 5 414 392 470 258 522 158 283 392 542 941 141 5 470 370 101 944 847 811 435 843 745 27 180 278 567 137 697 414 397 233 536 568 820 321 983 568 84 346 235 56 490 258 934 522 484 695 1000 5 538 853 194 976 415 56 536 500 233 500
500 500 500 500 500 500 500 500 500 500 500 500 500 500 500 500 500 500 500 500 500 500 500 500 500 500 500 500 500 500 500 500 500 500 500 500 500 500 500 500 500 500 500 500 500 500 500 500 500 500 500 500 500 500 500 500 500 500 500 500 500 500 500 500 500 500 500 500 500 500 500 500 500 500 500 500 500 500 500 500 500 500 500 500 500 500 500 500 500 500 500 500 500 500 500 500 500 500 233 500
500 840 101 338 567 840 241 774 133 994 101 101 896 291 777 158 558 567 245 124 127 976 484 896 158 484 94 934 338 811 291 141 245 231 111 809 733 733 194 56 537 777 283 745 679 600 397 983 994 761 577 673 796 1 811 688 141 692 577 194 556 101 84 875 484 809 598 688 205 412 235 278 542 124 820 695 673 567 802 774 460 577 811 127 346 558 536 944 558 537 567 180 111 688 245 745 133 733 944 500
500 500 500 500 500 500 500 500 500 500 500 500 500 500 500 500 500 500 500 500 500 500 500 500 500 500 500 500 500 500 500 500 500 500 500 500 500 500 500 500 500 500 500 500 500 500 500 500 500 500 500 500 500 500 500 500 500 500 500 500 500 500 500 500 500 500 500 500 500 500 500 500 500 500 500 500 500 500 500 500 500 500 500 500 500 500 500 500 500 500 500 500 500 500 500 500 500 500 688 500
774 338 692 745 688 664 568 550 526 470 321 600 695 94 283 336 127 241 470 994 568 412 745 415 577 802 127 291 490 392 492 501 577 56 141 556 577 577 741 338 233 241 840 843 976 526 840 567 124 536 233 679 745 415 302 802 802 733 777 470 233 934 373 522 853 501 811 761 853 522 484 370 283 802 492 809 875 336 840 847 258 291 412 941 556 538 27 373 1 346 111 688 56 346 664 556 111 500 302 500
500 500 500 500 500 500 500 500 500 500 500 500 500 500 500 500 500 500 500 500 500 500 500 500 500 500 500 500 500 500 500 500 500 500 500 500 500 500 500 500 500 500 500 500 500 500 500 500 500 500 500 500 500 500 500 500 500 500 500 500 500 500 500 500 500 500 500 500 500 500 500 500 500 500 500 500 500 500 500 500 500 500 500 500 500 500 500 500 500 500 500 500 500 500 500 500 500 500 567 500
500 577 415 415 321 522 914 302 941 490 820 733 111 568 414 976 847 5 484 501 370 741 692 809 137 840 1 466 124 994 222 1 777 875 490 5 84 460 914 222 843 235 796 133 233 843 492 397 598 222 278 1 111 820 809 673 241 492 245 124 664 302 522 774 338 526 542 338 56 180 840 741 492 941 127 809 233 745 556 598 127 417 579 415 111 802 417 141 802 944 91 392 466 484 679 1 490 412 941 500
500 500 500 500 500 500 500 500 500 500 500 500 500 500 500 500 500 500 500 500 500 500 500 500 500 500 500 500 500 500 500 500 500 500 500 500 500 500 500 500 500 500 500 500 500 500 500 500 500 500 500 500 500 500 500 500 500 500 500 500 500 500 500 500 500 500 500 500 500 500 500 500 500 500 500 500 500 500 500 500 500 500 500 500 500 500 500 500 500 500 500 500 500 500 500 500 500 500 976 500
492 556 847 550 127 158 490 579 526 392 697 1000 94 302 133 934 600 532 241 415 811 373 809 492 567 688 338 291 231 392 412 412 490 697 550 941 577 127 896 1 774 896 843 567 579 556 679 695 673 373 550 809 733 567 158 786 976 460 397 302 853 600 796 5 124 944 522 124 336 490 137 598 278 745 914 412 875 338 141 820 111 460 177 417 137 205 417 600 537 205 492 370 538 346 994 484 568 500 983 500
500 500 500 500 500 500 500 500 500 500 500 500 500 500 500 500 500 500 500 500 500 500 500 500 500 500 500 500 500 500 500 500 500 500 500 500 500 500 500 500 500 500 500 500 500 500 500 500 500 500 500 500 500 500 500 500 500 500 500 500 500 500 500 500 500 500 500 500 500 500 500 500 500 500 500 500 500 500 500 500 500 500 500 500 500 500 500 500 500 500 500 500 500 500 500 500 500 500 896 500
500 536 1 526 124 695 679 231 695 233 550 796 579 180 537 124 53 843 811 194 283 664 258 492 697 941 94 222 492 820 141 697 914 741 809 853 1 484 124 412 91 853 733 536 567 673 697 820 556 180 412 777 417 336 417 1 934 688 91 745 934 843 397 53 741 811 258 111 847 231 598 1 745 91 786 745 111 538 941 283 233 94 392 875 843 205 941 180 761 664 820 397 127 536 241 600 944 84 460 500
500 500 500 500 500 500 500 500 500 500 500 500 500 500 500 500 500 500 500 500 500 500 500 500 500 500 500 500 500 500 500 500 500 500 500 500 500 500 500 500 500 500 500 500 500 500 500 500 500 500 500 500 500 500 500 500 500 500 500 500 500 500 500 500 500 500 500 500 500 500 500 500 500 500 500 500 500 500 500 500 500 500 500 500 500 500 500 500 500 500 500 500 500 500 500 500 500 500 500 500
