99 100
1 1 1 1 1 1 1 1 1 1 1 1 1 1 1 1 1 1 1 1 1 1 1 1 1 1 1 1 1 1 1 1 1 1 1 1 1 1 1 1 1 1 1 1 1 1 1 1 1 1 1 1 1 1 1 1 1 1 1 1 1 1 1 1 1 1 1 1 1 1 1 1 1 1 1 1 1 1 1 1 1 1 1 1 1 1 1 1 1 1 1 1 1 1 1 1 1 1 1 1
1 991 876 186 428 194 1000 103 525 896 479 849 757 103 229 163 991 233 470 177 630 574 249 812 229 628 275 630 183 756 946 470 744 385 620 628 520 183 706 559 557 222 401 812 763 166 873 757 838 385 385 465 460 177 791 207 757 2 818 858 756 298 849 946 630 965 574 690 163 291 757 630 946 640 447 249 763 838 470 581 229 849 574 207 946 362 346 231 864 186 574 177 927 447 103 559 401 207 761 1
1 470 1 1 1 1 1 1 1 1 1 1 1 1 1 1 1 1 1 1 1 1 1 1 1 1 1 1 1 1 1 1 1 1 1 1 1 1 1 1 1 1 1 1 1 1 1 1 1 1 1 1 1 1 1 1 1 1 1 1 1 1 1 1 1 1 1 1 1 1 1 1 1 1 1 1 1 1 1 1 1 1 1 1 1 1 1 1 1 1 1 1 1 1 1 1 1 1 1 1
1 57 1 183 291 479 706 744 314 362 12 29 392 501 876 763 336 160 991 818 183 298 470 640 763 398 370 950 628 608 628 812 207 562 449 930 57 183 222 849 991 744 862 873 231 298 200 525 370 642 849 2 458 849 640 229 249 520 704 849 628 830 200 325 398 581 288 447 275 930 812 757 640 222 186 849 460 317 876 336 930 757 336 908 163 479 166 335 1000 325 704 194 642 838 458 33 930 233 991 706
1 791 1 1 1 1 1 1 1 1 1 1 1 1 1 1 1 1 1 1 1 1 1 1 1 1 1 1 1 1 1 1 1 1 1 1 1 1 1 1 1 1 1 1 1 1 1 1 1 1 1 1 1 1 1 1 1 1 1 1 1 1 1 1 1 1 1 1 1 1 1 1 1 1 1 1 1 1 1 1 1 1 1 1 1 1 1 1 1 1 1 1 1 1 1 1 1 1 1 1
1 335 628 640 325 763 33 776 317 876 183 479 828 562 288 33 460 864 761 229 183 858 704 876 991 177 574 1000 186 200 507 818 470 642 460 317 927 479 83 757 876 222 233 275 757 470 291 744 862 525 876 991 896 574 428 873 231 501 401 362 640 447 690 630 148 177 927 520 183 507 280 552 691 460 776 928 927 33 630 812 559 552 317 460 628 706 858 370 744 791 233 370 229 864 507 291 520 449 791 1
1 552 1 1 1 1 1 1 1 1 1 1 1 1 1 1 1 1 1 1 1 1 1 1 1 1 1 1 1 1 1 1 1 1 1 1 1 1 1 1 1 1 1 1 1 1 1 1 1 1 1 1 1 1 1 1 1 1 1 1 1 1 1 1 1 1 1 1 1 1 1 1 1 1 1 1 1 1 1 1 1 1 1 1 1 1 1 1 1 1 1 1 1 1 1 1 1 1 1 1
1 2 1 757 160 812 470 160 194 630 398 620 757 229 704 559 927 291 946 744 291 757 507 291 163 336 1000 429 177 761 640 828 291 930 557 862 288 552 930 401 207 346 1000 429 57 229 965 950 991 458 690 280 706 704 507 325 2 29 275 640 314 401 460 559 346 520 429 166 83 385 507 757 233 12 691 288 233 207 233 754 620 401 946 830 148 991 183 620 2 873 280 314 298 706 370 186 756 791 275 317
1 757 1 1 1 1 1 1 1 1 1 1 1 1 1 1 1 1 1 1 1 1 1 1 1 1 1 1 1 1 1 1 1 1 1 1 1 1 1 1 1 1 1 1 1 1 1 1 1 1 1 1 1 1 1 1 1 1 1 1 1 1 1 1 1 1 1 1 1 1 1 1 1 1 1 1 1 1 1 1 1 1 1 1 1 1 1 1 1 1 1 1 1 1 1 1 1 1 1 1
1 479 950 186 163 385 29 690 458 33 207 640 818 946 690 862 231 896 29 704 449 428 965 275 818 828 761 362 325 231 325 2 704 799 186 317 194 704 479 608 754 640 763 57 177 930 896 838 849 458 33 812 858 12 557 222 362 314 57 207 2 862 222 704 640 325 991 335 507 991 447 761 628 222 799 288 630 231 620 470 642 630 799 507 640 336 229 1000 186 275 200 186 163 849 830 291 200 336 574 1
1 520 1 1 1 1 1 1 1 1 1 1 1 1 1 1 1 1 1 1 1 1 1 1 1 1 1 1 1 1 1 1 1 1 1 1 1 1 1 1 1 1 1 1 1 1 1 1 1 1 1 1 1 1 1 1 1 1 1 1 1 1 1 1 1 1 1 1 1 1 1 1 1 1 1 1 1 1 1 1 1 1 1 1 1 1 1 1 1 1 1 1 1 1 1 1 1 1 1 1
1 233 1 447 756 501 207 449 690 362 623 776 559 818 194 12 207 458 335 574 501 838 559 325 761 630 830 761 1000 691 757 233 873 876 200 623 896 335 57 562 642 642 346 231 965 470 761 186 458 574 249 928 428 325 763 194 928 574 429 458 776 690 642 642 559 818 799 460 630 362 552 314 520 862 12 12 862 763 194 325 849 876 763 280 229 520 896 640 620 838 620 392 12 291 557 160 581 336 552 249
1 148 1 1 1 1 1 1 1 1 1 1 1 1 1 1 1 1 1 1 1 1 1 1 1 1 1 1 1 1 1 1 1 1 1 1 1 1 1 1 1 1 1 1 1 1 1 1 1 1 1 1 1 1 1 1 1 1 1 1 1 1 1 1 1 1 1 1 1 1 1 1 1 1 1 1 1 1 1 1 1 1 1 1 1 1 1 1 1 1 1 1 1 1 1 1 1 1 1 1
1 838 630 928 233 691 562 336 828 896 501 249 29 896 194 335 229 581 776 207 756 706 623 370 166 458 398 704 557 754 401 177 557 29 57 298 706 186 608 33 559 623 791 574 33 908 876 249 29 222 908 761 398 525 163 501 950 470 706 29 744 160 642 776 166 233 57 335 362 630 862 876 776 630 470 812 148 873 557 163 83 460 838 458 501 458 460 965 449 194 1000 186 761 640 429 849 858 460 691 1
1 557 1 1 1 1 1 1 1 1 1 1 1 1 1 1 1 1 1 1 1 1 1 1 1 1 1 1 1 1 1 1 1 1 1 1 1 1 1 1 1 1 1 1 1 1 1 1 1 1 1 1 1 1 1 1 1 1 1 1 1 1 1 1 1 1 1 1 1 1 1 1 1 1 1 1 1 1 1 1 1 1 1 1 1 1 1 1 1 1 1 1 1 1 1 1 1 1 1 1
1 458 1 991 346 501 460 896 428 83 620 2 429 581 29 763 706 335 298 194 574 166 392 756 950 799 362 1000 33 574 557 33 29 200 552 864 207 991 791 562 559 876 160 950 479 166 275 706 928 33 370 520 186 757 763 166 33 623 623 148 229 207 628 757 335 200 620 2 186 392 562 231 812 642 207 812 298 927 479 233 946 838 756 160 160 470 224 183 160 818 754 812 950 346 525 812 479 183 812 186
1 873 1 1 1 1 1 1 1 1 1 1 1 1 1 1 1 1 1 1 1 1 1 1 1 1 1 1 1 1 1 1 1 1 1 1 1 1 1 1 1 1 1 1 1 1 1 1 1 1 1 1 1 1 1 1 1 1 1 1 1 1 1 1 1 1 1 1 1 1 1 1 1 1 1 1 1 1 1 1 1 1 1 1 1 1 1 1 1 1 1 1 1 1 1 1 1 1 1 1
1 520 325 757 229 148 761 465 838 200 465 776 818 280 298 896 763 628 628 325 520 828 479 858 385 291 385 465 706 791 458 163 317 291 362 2 346 163 465 706 280 460 460 562 233 280 465 501 862 620 812 896 928 298 763 317 103 630 763 763 429 229 849 249 465 229 249 335 818 233 2 57 224 965 620 401 761 581 873 620 744 231 29 630 1000 317 928 83 928 231 828 362 428 642 160 398 385 830 233 1
1 249 1 1 1 1 1 1 1 1 1 1 1 1 1 1 1 1 1 1 1 1 1 1 1 1 1 1 1 1 1 1 1 1 1 1 1 1 1 1 1 1 1 1 1 1 1 1 1 1 1 1 1 1 1 1 1 1 1 1 1 1 1 1 1 1 1 1 1 1 1 1 1 1 1 1 1 1 1 1 1 1 1 1 1 1 1 1 1 1 1 1 1 1 1 1 1 1 1 1
1 562 1 160 346 525 776 927 370 501 557 166 194 640 876 401 623 2 163 630 623 392 229 166 873 501 552 160 946 362 557 501 896 858 574 763 896 362 691 288 838 757 873 965 896 791 873 520 317 507 690 896 864 858 525 298 864 574 873 362 927 447 849 362 818 429 166 744 763 317 470 177 559 370 160 460 640 501 479 928 1000 194 370 862 520 864 186 398 965 552 288 876 950 623 275 776 29 858 465 325
1 460 1 1 1 1 1 1 1 1 1 1 1 1 1 1 1 1 1 1 1 1 1 1 1 1 1 1 1 1 1 1 1 1 1 1 1 1 1 1 1 1 1 1 1 1 1 1 1 1 1 1 1 1 1 1 1 1 1 1 1 1 1 1 1 1 1 1 1 1 1 1 1 1 1 1 1 1 1 1 1 1 1 1 1 1 1 1 1 1 1 1 1 1 1 1 1 1 1 1
1 756 233 776 2 346 754 229 194 177 398 401 163 186 642 754 552 83 275 876 757 862 552 776 928 756 525 557 574 552 965 630 799 224 908 325 520 630 501 222 291 401 574 864 525 761 581 83 812 346 930 83 756 479 828 222 756 862 754 828 908 704 965 233 401 873 520 896 520 525 620 317 927 706 706 458 449 812 29 763 186 479 818 392 479 186 557 233 1000 799 557 908 465 520 183 858 428 207 314 1
1 873 1 1 1 1 1 1 1 1 1 1 1 1 1 1 1 1 1 1 1 1 1 1 1 1 1 1 1 1 1 1 1 1 1 1 1 1 1 1 1 1 1 1 1 1 1 1 1 1 1 1 1 1 1 1 1 1 1 1 1 1 1 1 1 1 1 1 1 1 1 1 1 1 1 1 1 1 1 1 1 1 1 1 1 1 1 1 1 1 1 1 1 1 1 1 1 1 1 1
1 630 1 370 249 927 346 249 520 756 429 148 233 946 501 520 398 690 908 229 401 429 628 429 640 362 776 908 562 876 103 608 57 562 930 799 2 812 2 520 520 928 166 280 873 608 776 298 799 229 465 222 620 620 166 288 930 398 207 33 812 249 628 849 799 562 628 325 385 630 828 401 160 927 640 965 33 428 280 346 177 249 507 756 838 183 965 791 507 186 336 830 864 930 690 224 33 818 479 401
1 830 1 1 1 1 1 1 1 1 1 1 1 1 1 1 1 1 1 1 1 1 1 1 1 1 1 1 1 1 1 1 1 1 1 1 1 1 1 1 1 1 1 1 1 1 1 1 1 1 1 1 1 1 1 1 1 1 1 1 1 1 1 1 1 1 1 1 1 1 1 1 1 1 1 1 1 1 1 1 1 1 1 1 1 1 1 1 1 1 1 1 1 1 1 1 1 1 1 1
1 207 908 166 336 458 222 183 249 642 275 429 873 507 927 479 640 704 325 520 186 930 2 628 12 812 317 630 401 280 946 520 429 398 194 288 830 838 392 574 2 183 507 876 200 447 392 812 166 691 830 776 186 830 896 194 194 229 325 552 946 288 574 385 200 754 623 965 557 507 103 557 200 562 449 325 520 346 623 186 2 950 876 690 799 812 818 927 507 628 465 465 864 33 362 29 291 479 525 1
1 166 1 1 1 1 1 1 1 1 1 1 1 1 1 1 1 1 1 1 1 1 1 1 1 1 1 1 1 1 1 1 1 1 1 1 1 1 1 1 1 1 1 1 1 1 1 1 1 1 1 1 1 1 1 1 1 1 1 1 1 1 1 1 1 1 1 1 1 1 1 1 1 1 1 1 1 1 1 1 1 1 1 1 1 1 1 1 1 1 1 1 1 1 1 1 1 1 1 1
1 392 1 928 280 744 754 862 465 479 447 608 335 231 830 288 873 479 233 706 642 620 428 231 325 927 876 385 335 828 346 876 224 336 362 447 29 83 828 12 552 275 183 849 950 930 623 849 930 830 83 620 930 991 336 288 896 757 186 233 559 465 628 288 799 950 231 346 552 12 362 581 776 465 447 756 927 559 163 398 398 194 991 849 183 830 163 29 562 275 776 177 233 896 873 2 401 160 858 927
1 754 1 1 1 1 1 1 1 1 1 1 1 1 1 1 1 1 1 1 1 1 1 1 1 1 1 1 1 1 1 1 1 1 1 1 1 1 1 1 1 1 1 1 1 1 1 1 1 1 1 1 1 1 1 1 1 1 1 1 1 1 1 1 1 1 1 1 1 1 1 1 1 1 1 1 1 1 1 1 1 1 1 1 1 1 1 1 1 1 1 1 1 1 1 1 1 1 1 1
1 574 458 317 2 876 744 744 183 706 562 744 642 224 501 630 429 776 148 183 628 458 525 642 896 1000 470 946 229 186 298 346 744 280 194 744 186 858 428 288 103 479 470 754 690 501 864 608 288 465 275 864 447 763 525 849 291 2 336 465 642 608 335 370 838 965 574 479 362 501 288 428 965 757 640 630 249 33 249 470 501 465 370 449 757 401 314 2 908 620 991 562 229 317 908 559 799 479 559 1
1 828 1 1 1 1 1 1 1 1 1 1 1 1 1 1 1 1 1 1 1 1 1 1 1 1 1 1 1 1 1 1 1 1 1 1 1 1 1 1 1 1 1 1 1 1 1 1 1 1 1 1 1 1 1 1 1 1 1 1 1 1 1 1 1 1 1 1 1 1 1 1 1 1 1 1 1 1 1 1 1 1 1 1 1 1 1 1 1 1 1 1 1 1 1 1 1 1 1 1
1 479 1 950 392 335 630 928 370 763 691 229 335 628 930 346 160 429 757 927 791 1000 12 346 83 630 428 317 57 559 776 362 562 336 335 928 200 465 398 507 233 83 233 83 231 200 896 314 562 200 757 862 194 761 229 754 896 183 12 465 691 317 828 763 186 640 231 314 166 608 799 838 207 520 428 385 691 325 222 763 465 896 623 183 207 346 849 581 965 392 83 207 224 398 927 335 29 183 177 640
1 429 1 1 1 1 1 1 1 1 1 1 1 1 1 1 1 1 1 1 1 1 1 1 1 1 1 1 1 1 1 1 1 1 1 1 1 1 1 1 1 1 1 1 1 1 1 1 1 1 1 1 1 1 1 1 1 1 1 1 1 1 1 1 1 1 1 1 1 1 1 1 1 1 1 1 1 1 1 1 1 1 1 1 1 1 1 1 1 1 1 1 1 1 1 1 1 1 1 1
1 460 249 291 574 186 401 574 429 873 57 763 33 103 336 849 828 288 291 362 690 812 317 828 776 812 520 362 799 876 29 429 362 791 229 458 896 166 12 838 991 574 608 557 630 449 896 460 233 207 335 401 950 183 756 280 908 763 581 706 642 186 630 520 896 830 946 336 460 479 704 946 103 812 501 706 249 428 690 946 562 501 862 57 628 177 818 83 862 401 298 520 525 896 33 930 280 507 799 1
1 465 1 1 1 1 1 1 1 1 1 1 1 1 1 1 1 1 1 1 1 1 1 1 1 1 1 1 1 1 1 1 1 1 1 1 1 1 1 1 1 1 1 1 1 1 1 1 1 1 1 1 1 1 1 1 1 1 1 1 1 1 1 1 1 1 1 1 1 1 1 1 1 1 1 1 1 1 1 1 1 1 1 1 1 1 1 1 1 1 1 1 1 1 1 1 1 1 1 1
1 640 1 965 317 207 29 520 385 876 370 458 392 231 864 896 57 896 398 818 224 756 706 479 858 401 288 317 401 166 298 640 291 520 186 148 231 200 581 160 562 465 57 930 690 908 385 249 362 761 557 57 470 275 525 849 200 791 690 557 401 928 229 642 965 849 280 706 525 370 791 160 828 828 557 470 288 908 233 608 222 763 630 207 520 704 552 690 965 229 756 392 640 449 557 186 314 812 830 818
1 177 1 1 1 1 1 1 1 1 1 1 1 1 1 1 1 1 1 1 1 1 1 1 1 1 1 1 1 1 1 1 1 1 1 1 1 1 1 1 1 1 1 1 1 1 1 1 1 1 1 1 1 1 1 1 1 1 1 1 1 1 1 1 1 1 1 1 1 1 1 1 1 1 1 1 1 1 1 1 1 1 1 1 1 1 1 1 1 1 1 1 1 1 1 1 1 1 1 1
1 623 398 465 581 757 449 470 691 791 103 362 166 335 207 460 346 449 449 428 298 896 177 200 449 249 873 57 908 757 231 186 862 608 608 950 849 557 946 520 335 557 398 429 392 557 398 744 965 828 166 280 275 757 908 690 950 818 744 864 83 449 525 449 557 177 908 398 642 862 896 950 927 314 876 317 830 298 525 335 623 628 148 849 873 991 33 849 799 288 275 370 704 776 799 249 401 706 623 1
1 33 1 1 1 1 1 1 1 1 1 1 1 1 1 1 1 1 1 1 1 1 1 1 1 1 1 1 1 1 1 1 1 1 1 1 1 1 1 1 1 1 1 1 1 1 1 1 1 1 1 1 1 1 1 1 1 1 1 1 1 1 1 1 1 1 1 1 1 1 1 1 1 1 1 1 1 1 1 1 1 1 1 1 1 1 1 1 1 1 1 1 1 1 1 1 1 1 1 1
1 754 1 744 991 194 757 927 862 525 336 229 449 249 628 690 428 401 761 828 207 370 103 691 818 346 761 930 581 623 401 2 336 744 275 830 849 479 291 249 12 581 429 950 336 562 194 757 470 873 557 630 275 183 838 57 465 574 991 562 224 876 163 507 177 849 849 946 336 166 706 858 704 177 830 525 229 950 288 690 858 818 317 620 927 183 640 896 233 200 1000 401 562 620 429 704 458 288 200 776
1 858 1 1 1 1 1 1 1 1 1 1 1 1 1 1 1 1 1 1 1 1 1 1 1 1 1 1 1 1 1 1 1 1 1 1 1 1 1 1 1 1 1 1 1 1 1 1 1 1 1 1 1 1 1 1 1 1 1 1 1 1 1 1 1 1 1 1 1 1 1 1 1 1 1 1 1 1 1 1 1 1 1 1 1 1 1 1 1 1 1 1 1 1 1 1 1 1 1 1
1 690 392 838 298 876 623 163 207 896 280 224 756 965 2 1000 690 776 520 317 507 876 620 166 166 183 166 183 429 458 581 704 628 946 57 876 385 642 1000 57 148 763 275 818 288 763 335 908 520 830 233 552 275 346 200 346 460 288 465 401 233 562 608 838 57 630 757 428 314 280 460 873 1000 231 704 280 470 520 704 507 858 429 33 163 761 224 930 754 946 927 166 207 12 744 1000 83 858 280 965 1
1 930 1 1 1 1 1 1 1 1 1 1 1 1 1 1 1 1 1 1 1 1 1 1 1 1 1 1 1 1 1 1 1 1 1 1 1 1 1 1 1 1 1 1 1 1 1 1 1 1 1 1 1 1 1 1 1 1 1 1 1 1 1 1 1 1 1 1 1 1 1 1 1 1 1 1 1 1 1 1 1 1 1 1 1 1 1 1 1 1 1 1 1 1 1 1 1 1 1 1
1 385 1 314 704 314 449 630 520 288 392 224 186 557 280 160 757 873 630 229 691 177 552 336 818 428 620 83 608 103 449 29 447 559 830 630 838 288 799 862 507 691 83 640 249 317 280 470 744 401 690 392 520 229 249 335 177 362 873 744 429 335 757 838 398 559 991 757 346 776 183 838 458 706 1000 224 507 763 642 231 200 849 166 690 559 336 501 691 690 392 392 148 231 628 449 166 744 429 370 33
1 470 1 1 1 1 1 1 1 1 1 1 1 1 1 1 1 1 1 1 1 1 1 1 1 1 1 1 1 1 1 1 1 1 1 1 1 1 1 1 1 1 1 1 1 1 1 1 1 1 1 1 1 1 1 1 1 1 1 1 1 1 1 1 1 1 1 1 1 1 1 1 1 1 1 1 1 1 1 1 1 1 1 1 1 1 1 1 1 1 1 1 1 1 1 1 1 1 1 1
1 186 930 761 965 930 818 470 896 991 628 896 298 336 927 275 183 177 428 288 288 754 757 776 830 163 908 57 160 873 83 559 12 2 317 991 465 628 965 392 183 608 298 401 908 754 194 559 830 557 818 620 799 552 873 620 200 818 207 275 231 233 799 757 757 620 275 231 761 231 574 398 335 385 317 763 620 449 325 930 501 630 557 298 207 449 864 335 763 559 148 470 791 392 231 507 501 449 249 1
1 812 1 1 1 1 1 1 1 1 1 1 1 1 1 1 1 1 1 1 1 1 1 1 1 1 1 1 1 1 1 1 1 1 1 1 1 1 1 1 1 1 1 1 1 1 1 1 1 1 1 1 1 1 1 1 1 1 1 1 1 1 1 1 1 1 1 1 1 1 1 1 1 1 1 1 1 1 1 1 1 1 1 1 1 1 1 1 1 1 1 1 1 1 1 1 1 1 1 1
1 791 1 336 630 704 838 858 103 83 950 761 479 557 991 103 965 428 29 691 229 965 763 249 224 207 148 458 83 280 275 346 552 177 690 222 812 12 557 858 581 29 183 103 160 166 642 574 29 229 288 233 207 525 946 862 706 559 830 291 812 83 620 336 207 799 12 946 812 148 346 398 623 965 950 706 608 623 298 623 828 57 370 501 562 830 873 791 392 744 57 704 314 207 552 458 930 103 927 757
1 791 1 1 1 1 1 1 1 1 1 1 1 1 1 1 1 1 1 1 1 1 1 1 1 1 1 1 1 1 1 1 1 1 1 1 1 1 1 1 1 1 1 1 1 1 1 1 1 1 1 1 1 1 1 1 1 1 1 1 1 1 1 1 1 1 1 1 1 1 1 1 1 1 1 1 1 1 1 1 1 1 1 1 1 1 1 1 1 1 1 1 1 1 1 1 1 1 1 1
1 928 812 812 298 849 757 288 581 876 346 691 325 207 818 249 706 370 908 370 163 763 965 177 757 229 103 186 864 763 275 776 233 29 559 2 398 818 288 965 744 166 207 525 291 950 761 470 335 222 362 928 458 838 57 224 29 630 335 429 398 557 222 177 160 288 177 470 83 876 950 298 1000 183 818 799 620 557 791 449 280 640 385 704 470 928 862 507 562 744 908 465 776 623 166 858 862 233 849 1
1 336 1 1 1 1 1 1 1 1 1 1 1 1 1 1 1 1 1 1 1 1 1 1 1 1 1 1 1 1 1 1 1 1 1 1 1 1 1 1 1 1 1 1 1 1 1 1 1 1 1 1 1 1 1 1 1 1 1 1 1 1 1 1 1 1 1 1 1 1 1 1 1 1 1 1 1 1 1 1 1 1 1 1 1 1 1 1 1 1 1 1 1 1 1 1 1 1 1 1
1 642 1 233 581 479 581 465 928 183 275 620 754 520 828 754 233 465 642 623 346 233 812 229 280 275 950 249 828 630 623 501 314 57 275 862 525 346 346 965 460 562 574 207 620 398 401 346 385 83 946 233 291 291 428 33 29 385 791 370 1000 398 858 818 447 620 690 930 928 520 449 908 620 12 608 756 908 520 83 314 562 525 501 362 335 447 392 858 799 194 231 799 83 574 166 470 222 776 930 177
1 392 1 1 1 1 1 1 1 1 1 1 1 1 1 1 1 1 1 1 1 1 1 1 1 1 1 1 1 1 1 1 1 1 1 1 1 1 1 1 1 1 1 1 1 1 1 1 1 1 1 1 1 1 1 1 1 1 1 1 1 1 1 1 1 1 1 1 1 1 1 1 1 1 1 1 1 1 1 1 1 1 1 1 1 1 1 1 1 1 1 1 1 1 1 1 1 1 1 1
1 776 183 346 280 928 756 908 249 224 298 449 29 946 233 398 194 818 33 57 608 965 799 186 552 428 965 465 335 370 224 763 177 838 160 864 314 346 335 29 520 166 965 83 83 744 946 229 520 1000 763 628 950 557 763 501 465 756 479 325 608 690 83 249 12 186 628 828 465 928 849 501 33 346 557 623 57 507 818 148 12 562 706 965 628 458 1000 620 704 470 896 298 642 946 12 229 623 630 2 1
1 385 1 1 1 1 1 1 1 1 1 1 1 1 1 1 1 1 1 1 1 1 1 1 1 1 1 1 1 1 1 1 1 1 1 1 1 1 1 1 1 1 1 1 1 1 1 1 1 1 1 1 1 1 1 1 1 1 1 1 1 1 1 1 1 1 1 1 1 1 1 1 1 1 1 1 1 1 1 1 1 1 1 1 1 1 1 1 1 1 1 1 1 1 1 1 1 1 1 1
1 288 1 691 630 398 280 428 280 642 763 562 57 896 186 449 706 756 776 706 231 706 1000 83 429 574 392 317 623 449 930 557 706 574 761 849 946 507 288 231 200 2 776 754 908 429 200 183 186 449 828 862 186 336 908 557 429 818 370 29 275 325 163 458 401 838 317 362 346 557 557 2 103 335 754 501 280 398 623 896 362 946 776 470 812 691 552 757 1000 873 763 249 744 849 229 163 229 479 458 57
1 507 1 1 1 1 1 1 1 1 1 1 1 1 1 1 1 1 1 1 1 1 1 1 1 1 1 1 1 1 1 1 1 1 1 1 1 1 1 1 1 1 1 1 1 1 1 1 1 1 1 1 1 1 1 1 1 1 1 1 1 1 1 1 1 1 1 1 1 1 1 1 1 1 1 1 1 1 1 1 1 1 1 1 1 1 1 1 1 1 1 1 1 1 1 1 1 1 1 1
1 458 29 908 460 690 362 233 608 194 763 166 298 57 754 873 288 858 858 623 642 574 370 776 470 233 428 177 280 163 229 640 83 757 160 507 401 930 754 507 160 991 623 864 559 336 763 336 706 620 928 370 224 314 177 642 501 520 776 291 183 470 447 222 756 507 229 183 458 449 194 83 429 763 927 479 620 704 818 828 818 761 207 991 557 812 200 562 830 458 830 930 449 280 630 207 298 838 818 1
1 930 1 1 1 1 1 1 1 1 1 1 1 1 1 1 1 1 1 1 1 1 1 1 1 1 1 1 1 1 1 1 1 1 1 1 1 1 1 1 1 1 1 1 1 1 1 1 1 1 1 1 1 1 1 1 1 1 1 1 1 1 1 1 1 1 1 1 1 1 1 1 1 1 1 1 1 1 1 1 1 1 1 1 1 1 1 1 1 1 1 1 1 1 1 1 1 1 1 1
1 930 1 559 401 460 928 744 325 280 298 828 465 927 756 507 465 148 465 398 160 275 965 799 525 449 946 756 776 148 458 757 12 828 314 928 799 761 630 163 507 447 896 950 370 194 1000 828 233 965 754 828 231 231 183 756 630 148 950 908 194 428 642 207 757 460 163 525 754 280 186 249 691 559 744 29 233 706 370 930 690 581 763 401 812 864 630 930 470 620 398 623 525 33 317 291 2 896 325 756
1 946 1 1 1 1 1 1 1 1 1 1 1 1 1 1 1 1 1 1 1 1 1 1 1 1 1 1 1 1 1 1 1 1 1 1 1 1 1 1 1 1 1 1 1 1 1 1 1 1 1 1 1 1 1 1 1 1 1 1 1 1 1 1 1 1 1 1 1 1 1 1 1 1 1 1 1 1 1 1 1 1 1 1 1 1 1 1 1 1 1 1 1 1 1 1 1 1 1 1
1 849 231 224 280 756 896 950 754 166 623 335 177 927 12 849 166 896 559 756 581 930 581 830 335 965 401 927 754 744 398 335 103 608 29 325 838 927 812 103 557 927 392 642 849 401 12 946 828 574 691 927 520 288 291 362 763 642 799 465 864 207 325 930 298 336 776 177 776 559 706 830 1000 148 2 849 991 12 335 812 166 991 275 623 776 501 470 33 200 288 501 557 930 335 2 233 200 791 849 1
1 557 1 1 1 1 1 1 1 1 1 1 1 1 1 1 1 1 1 1 1 1 1 1 1 1 1 1 1 1 1 1 1 1 1 1 1 1 1 1 1 1 1 1 1 1 1 1 1 1 1 1 1 1 1 1 1 1 1 1 1 1 1 1 1 1 1 1 1 1 1 1 1 1 1 1 1 1 1 1 1 1 1 1 1 1 1 1 1 1 1 1 1 1 1 1 1 1 1 1
1 207 1 428 148 928 385 950 557 691 362 858 754 950 640 346 581 608 908 183 501 194 429 83 33 828 325 449 812 479 946 465 207 630 398 280 562 761 756 630 930 103 479 222 559 640 520 186 280 930 791 757 620 754 799 630 525 620 148 336 620 29 325 791 642 231 552 761 465 791 392 927 385 392 166 908 29 186 57 291 608 830 1000 229 552 317 838 574 429 447 429 12 458 275 325 623 449 370 864 447
1 776 1 1 1 1 1 1 1 1 1 1 1 1 1 1 1 1 1 1 1 1 1 1 1 1 1 1 1 1 1 1 1 1 1 1 1 1 1 1 1 1 1 1 1 1 1 1 1 1 1 1 1 1 1 1 1 1 1 1 1 1 1 1 1 1 1 1 1 1 1 1 1 1 1 1 1 1 1 1 1 1 1 1 1 1 1 1 1 1 1 1 1 1 1 1 1 1 1 1
1 525 207 965 864 57 83 325 507 557 57 83 177 298 507 991 207 470 640 927 559 12 754 231 620 465 314 930 761 630 991 763 200 691 288 557 754 325 385 757 385 429 799 1000 231 818 965 385 314 628 828 370 630 525 148 280 507 864 744 280 507 231 520 224 864 314 280 166 166 623 385 465 557 690 991 291 470 470 200 298 623 950 628 288 2 233 12 507 160 275 291 608 449 317 317 838 581 552 460 1
1 828 1 1 1 1 1 1 1 1 1 1 1 1 1 1 1 1 1 1 1 1 1 1 1 1 1 1 1 1 1 1 1 1 1 1 1 1 1 1 1 1 1 1 1 1 1 1 1 1 1 1 1 1 1 1 1 1 1 1 1 1 1 1 1 1 1 1 1 1 1 1 1 1 1 1 1 1 1 1 1 1 1 1 1 1 1 1 1 1 1 1 1 1 1 1 1 1 1 1
1 849 1 325 249 791 177 927 991 520 501 757 194 776 507 830 501 470 207 776 930 298 640 928 552 520 623 946 314 873 103 298 756 628 163 470 927 757 401 896 280 428 200 398 704 642 233 222 640 392 460 581 222 628 520 249 642 640 222 928 525 763 231 791 398 317 280 325 29 630 756 799 559 864 222 275 83 398 928 706 298 398 314 458 2 335 690 222 950 838 166 2 608 830 791 501 183 552 335 690
1 33 1 1 1 1 1 1 1 1 1 1 1 1 1 1 1 1 1 1 1 1 1 1 1 1 1 1 1 1 1 1 1 1 1 1 1 1 1 1 1 1 1 1 1 1 1 1 1 1 1 1 1 1 1 1 1 1 1 1 1 1 1 1 1 1 1 1 1 1 1 1 1 1 1 1 1 1 1 1 1 1 1 1 1 1 1 1 1 1 1 1 1 1 1 1 1 1 1 1
1 249 2 930 608 873 346 465 876 2 799 559 776 392 501 447 183 186 57 460 608 838 163 642 148 818 29 385 818 630 791 818 858 791 763 458 690 620 447 148 183 756 630 873 623 183 830 757 791 398 744 876 249 812 103 317 177 160 690 927 754 449 280 163 233 1000 83 401 177 479 465 275 756 623 630 362 291 460 148 559 849 325 458 581 623 507 864 757 177 83 642 362 501 876 449 249 429 12 623 1
1 148 1 1 1 1 1 1 1 1 1 1 1 1 1 1 1 1 1 1 1 1 1 1 1 1 1 1 1 1 1 1 1 1 1 1 1 1 1 1 1 1 1 1 1 1 1 1 1 1 1 1 1 1 1 1 1 1 1 1 1 1 1 1 1 1 1 1 1 1 1 1 1 1 1 1 1 1 1 1 1 1 1 1 1 1 1 1 1 1 1 1 1 1 1 1 1 1 1 1
1 908 1 849 838 557 965 908 873 2 429 29 559 690 864 148 449 401 525 291 838 791 335 620 335 812 346 763 642 642 370 317 562 1000 642 401 557 194 830 930 194 280 950 706 447 385 317 858 763 828 630 166 177 946 754 930 291 562 233 908 249 160 756 799 148 876 744 186 33 525 620 706 314 160 908 754 458 231 160 754 552 756 830 640 229 83 166 460 623 335 873 838 401 620 194 1000 12 849 183 562
1 280 1 1 1 1 1 1 1 1 1 1 1 1 1 1 1 1 1 1 1 1 1 1 1 1 1 1 1 1 1 1 1 1 1 1 1 1 1 1 1 1 1 1 1 1 1 1 1 1 1 1 1 1 1 1 1 1 1 1 1 1 1 1 1 1 1 1 1 1 1 1 1 1 1 1 1 1 1 1 1 1 1 1 1 1 1 1 1 1 1 1 1 1 1 1 1 1 1 1
1 298 224 298 928 776 706 946 370 392 559 370 398 288 29 559 501 763 928 744 458 392 950 557 640 581 346 224 791 231 873 12 1000 103 314 458 830 501 927 706 862 470 562 776 757 581 849 761 858 317 460 317 690 429 385 838 520 706 552 314 447 429 828 429 1000 163 398 346 581 325 29 965 791 608 288 29 706 163 791 559 896 249 385 163 200 756 927 690 930 460 465 873 401 314 317 398 392 229 756 1
1 291 1 1 1 1 1 1 1 1 1 1 1 1 1 1 1 1 1 1 1 1 1 1 1 1 1 1 1 1 1 1 1 1 1 1 1 1 1 1 1 1 1 1 1 1 1 1 1 1 1 1 1 1 1 1 1 1 1 1 1 1 1 1 1 1 1 1 1 1 1 1 1 1 1 1 1 1 1 1 1 1 1 1 1 1 1 1 1 1 1 1 1 1 1 1 1 1 1 1
1 222 1 991 479 200 288 325 818 965 449 799 838 608 754 927 447 83 194 479 562 160 507 557 858 552 317 849 501 335 776 398 12 479 873 12 200 186 849 946 628 298 757 965 398 965 429 336 29 559 818 166 207 830 207 12 873 460 858 392 791 186 298 325 186 200 335 314 818 200 776 447 930 501 908 336 991 336 642 2 401 965 628 559 818 799 163 231 280 465 574 552 620 385 838 288 520 690 557 335
1 325 1 1 1 1 1 1 1 1 1 1 1 1 1 1 1 1 1 1 1 1 1 1 1 1 1 1 1 1 1 1 1 1 1 1 1 1 1 1 1 1 1 1 1 1 1 1 1 1 1 1 1 1 1 1 1 1 1 1 1 1 1 1 1 1 1 1 1 1 1 1 1 1 1 1 1 1 1 1 1 1 1 1 1 1 1 1 1 1 1 1 1 1 1 1 1 1 1 1
1 927 194 335 744 756 930 449 642 166 233 231 757 620 224 928 799 362 574 691 429 229 317 928 229 927 291 249 280 398 562 642 325 744 965 552 946 449 479 183 552 706 346 812 830 33 280 620 876 830 818 335 552 163 776 757 557 29 470 325 429 33 946 275 291 458 776 757 428 280 392 460 465 744 776 314 288 12 428 200 370 231 465 873 830 761 186 385 317 620 690 249 207 186 460 930 166 761 691 1
1 57 1 1 1 1 1 1 1 1 1 1 1 1 1 1 1 1 1 1 1 1 1 1 1 1 1 1 1 1 1 1 1 1 1 1 1 1 1 1 1 1 1 1 1 1 1 1 1 1 1 1 1 1 1 1 1 1 1 1 1 1 1 1 1 1 1 1 1 1 1 1 1 1 1 1 1 1 1 1 1 1 1 1 1 1 1 1 1 1 1 1 1 1 1 1 1 1 1 1
1 876 1 148 706 501 458 791 160 186 335 200 428 83 33 704 520 691 428 562 207 776 314 163 460 838 574 177 207 928 291 291 362 33 346 33 57 791 336 186 908 630 818 335 233 849 520 756 33 458 314 231 756 562 317 222 908 398 317 148 849 559 346 224 581 229 761 630 950 103 314 401 744 160 275 449 458 291 200 479 744 946 231 449 33 12 183 930 428 429 552 280 479 398 447 608 574 704 249 103
1 29 1 1 1 1 1 1 1 1 1 1 1 1 1 1 1 1 1 1 1 1 1 1 1 1 1 1 1 1 1 1 1 1 1 1 1 1 1 1 1 1 1 1 1 1 1 1 1 1 1 1 1 1 1 1 1 1 1 1 1 1 1 1 1 1 1 1 1 1 1 1 1 1 1 1 1 1 1 1 1 1 1 1 1 1 1 1 1 1 1 1 1 1 1 1 1 1 1 1
1 57 325 946 479 873 325 623 428 160 280 428 479 608 950 1000 896 525 950 1000 690 991 876 991 429 690 103 33 57 249 620 791 799 896 280 291 335 557 864 275 628 630 200 628 763 177 623 222 200 574 207 830 562 83 336 965 280 398 525 314 620 640 574 401 103 828 222 392 864 574 183 507 231 298 640 470 908 291 642 103 370 346 428 449 908 756 927 200 166 950 946 275 620 525 194 691 858 335 562 1
1 706 1 1 1 1 1 1 1 1 1 1 1 1 1 1 1 1 1 1 1 1 1 1 1 1 1 1 1 1 1 1 1 1 1 1 1 1 1 1 1 1 1 1 1 1 1 1 1 1 1 1 1 1 1 1 1 1 1 1 1 1 1 1 1 1 1 1 1 1 1 1 1 1 1 1 1 1 1 1 1 1 1 1 1 1 1 1 1 1 1 1 1 1 1 1 1 1 1 1
1 812 1 928 706 194 838 754 314 194 799 194 642 298 849 370 754 83 401 776 325 229 233 362 222 507 691 325 640 744 704 965 501 249 896 224 385 757 429 222 428 229 838 574 991 691 458 744 280 838 991 559 557 754 876 754 233 562 12 858 799 249 370 314 458 791 991 346 33 428 507 449 177 858 525 628 552 950 336 317 812 830 849 346 552 288 562 298 362 581 640 183 336 1000 428 776 791 908 163 818
1 177 1 1 1 1 1 1 1 1 1 1 1 1 1 1 1 1 1 1 1 1 1 1 1 1 1 1 1 1 1 1 1 1 1 1 1 1 1 1 1 1 1 1 1 1 1 1 1 1 1 1 1 1 1 1 1 1 1 1 1 1 1 1 1 1 1 1 1 1 1 1 1 1 1 1 1 1 1 1 1 1 1 1 1 1 1 1 1 1 1 1 1 1 1 1 1 1 1 1
1 470 754 849 362 460 224 335 280 864 346 224 291 1000 520 776 642 465 233 965 148 392 776 744 346 370 991 207 231 317 896 691 314 186 33 194 608 233 965 370 620 325 83 864 317 562 200 465 29 392 458 623 291 231 335 177 148 828 298 812 628 706 470 896 838 507 562 930 756 552 317 336 370 862 754 642 447 864 177 950 280 148 574 507 812 428 186 401 233 429 224 838 166 642 288 928 207 828 864 1
1 704 1 1 1 1 1 1 1 1 1 1 1 1 1 1 1 1 1 1 1 1 1 1 1 1 1 1 1 1 1 1 1 1 1 1 1 1 1 1 1 1 1 1 1 1 1 1 1 1 1 1 1 1 1 1 1 1 1 1 1 1 1 1 1 1 1 1 1 1 1 1 1 1 1 1 1 1 1 1 1 1 1 1 1 1 1 1 1 1 1 1 1 1 1 1 1 1 1 1
1 183 1 298 298 862 160 761 608 231 275 642 776 398 57 799 927 428 57 83 525 177 873 620 946 704 581 229 336 317 447 194 928 628 429 231 2 29 946 177 249 224 791 991 562 346 314 2 288 849 574 791 470 460 896 447 690 479 194 507 317 562 642 249 744 581 447 249 620 876 362 362 620 630 849 704 479 183 706 761 501 291 33 950 280 460 908 447 928 83 458 249 186 163 950 370 704 908 574 818
1 449 1 1 1 1 1 1 1 1 1 1 1 1 1 1 1 1 1 1 1 1 1 1 1 1 1 1 1 1 1 1 1 1 1 1 1 1 1 1 1 1 1 1 1 1 1 1 1 1 1 1 1 1 1 1 1 1 1 1 1 1 1 1 1 1 1 1 1 1 1 1 1 1 1 1 1 1 1 1 1 1 1 1 1 1 1 1 1 1 1 1 1 1 1 1 1 1 1 1
1 183 163 965 706 757 799 757 2 449 298 704 224 392 525 630 317 876 754 628 362 873 552 761 385 194 177 828 690 29 57 849 194 642 346 385 398 640 623 908 148 873 608 288 791 183 428 581 552 177 756 864 520 291 623 401 927 757 757 581 763 791 930 447 447 818 325 336 458 908 275 520 335 838 314 620 470 706 224 2 336 908 401 385 706 552 298 623 799 2 756 552 791 690 470 754 991 317 57 1
1 812 1 1 1 1 1 1 1 1 1 1 1 1 1 1 1 1 1 1 1 1 1 1 1 1 1 1 1 1 1 1 1 1 1 1 1 1 1 1 1 1 1 1 1 1 1 1 1 1 1 1 1 1 1 1 1 1 1 1 1 1 1 1 1 1 1 1 1 1 1 1 1 1 1 1 1 1 1 1 1 1 1 1 1 1 1 1 1 1 1 1 1 1 1 1 1 1 1 1
1 2 1 507 460 224 249 29 812 291 200 691 507 370 160 392 370 557 761 640 479 828 288 828 552 525 908 370 447 401 908 1000 908 691 29 873 862 280 896 222 29 581 385 525 928 460 876 317 520 207 460 1000 965 249 336 29 291 275 896 704 194 346 231 574 525 761 460 398 507 873 160 525 465 458 562 908 429 991 756 927 194 706 449 630 927 776 224 744 1000 620 401 690 928 177 275 460 858 706 385 864
1 458 1 1 1 1 1 1 1 1 1 1 1 1 1 1 1 1 1 1 1 1 1 1 1 1 1 1 1 1 1 1 1 1 1 1 1 1 1 1 1 1 1 1 1 1 1 1 1 1 1 1 1 1 1 1 1 1 1 1 1 1 1 1 1 1 1 1 1 1 1 1 1 1 1 1 1 1 1 1 1 1 1 1 1 1 1 1 1 1 1 1 1 1 1 1 1 1 1 1
1 776 818 691 640 818 194 160 194 628 965 429 630 370 620 362 704 849 224 429 581 761 849 275 763 757 525 507 818 756 791 33 2 581 744 222 896 392 288 57 520 249 965 194 574 581 12 291 447 229 229 525 460 33 298 231 314 336 754 160 57 2 177 83 581 346 249 479 744 1000 57 233 249 29 873 335 183 876 163 103 620 314 581 83 335 392 791 177 706 2 229 761 12 830 335 177 207 83 620 1
1 640 1 1 1 1 1 1 1 1 1 1 1 1 1 1 1 1 1 1 1 1 1 1 1 1 1 1 1 1 1 1 1 1 1 1 1 1 1 1 1 1 1 1 1 1 1 1 1 1 1 1 1 1 1 1 1 1 1 1 1 1 1 1 1 1 1 1 1 1 1 1 1 1 1 1 1 1 1 1 1 1 1 1 1 1 1 1 1 1 1 1 1 1 1 1 1 1 1 1
1 812 1 630 581 314 991 12 177 398 449 57 876 231 744 828 233 166 799 520 876 1000 222 628 207 29 447 818 525 946 507 501 291 620 186 385 873 630 896 520 29 346 559 449 557 791 280 298 401 559 799 818 103 950 449 763 507 392 559 29 849 574 520 166 222 207 465 581 818 873 163 362 249 222 791 314 930 552 148 862 620 862 690 691 362 623 930 849 991 12 862 362 581 876 458 314 103 449 398 398
1 470 1 1 1 1 1 1 1 1 1 1 1 1 1 1 1 1 1 1 1 1 1 1 1 1 1 1 1 1 1 1 1 1 1 1 1 1 1 1 1 1 1 1 1 1 1 1 1 1 1 1 1 1 1 1 1 1 1 1 1 1 1 1 1 1 1 1 1 1 1 1 1 1 1 1 1 1 1 1 1 1 1 1 1 1 1 1 1 1 1 1 1 1 1 1 1 1 1 1
1 2 33 630 163 33 812 231 207 233 148 946 706 552 298 336 479 927 706 160 291 828 896 57 103 525 275 362 200 336 876 183 336 458 763 447 470 559 628 200 314 233 166 965 291 876 317 761 830 507 362 620 849 791 640 447 317 401 791 965 754 690 163 57 177 849 991 166 908 183 291 231 346 385 222 620 799 1000 862 183 12 233 756 858 991 385 314 812 298 83 776 991 275 392 29 862 761 525 965 1
1 1 1 1 1 1 1 1 1 1 1 1 1 1 1 1 1 1 1 1 1 1 1 1 1 1 1 1 1 1 1 1 1 1 1 1 1 1 1 1 1 1 1 1 1 1 1 1 1 1 1 1 1 1 1 1 1 1 1 1 1 1 1 1 1 1 1 1 1 1 1 1 1 1 1 1 1 1 1 1 1 1 1 1 1 1 1 1 1 1 1 1 1 1 1 1 1 1 1 1
