99 100
1001 1001 1001 1001 1001 1001 1001 1001 1001 1001 1001 1001 1001 1001 1001 1001 1001 1001 1001 1001 1001 1001 1001 1001 1001 1001 1001 1001 1001 1001 1001 1001 1001 1001 1001 1001 1001 1001 1001 1001 1001 1001 1001 1001 1001 1001 1001 1001 1001 1001 1001 1001 1001 1001 1001 1001 1001 1001 1001 1001 1001 1001 1001 1001 1001 1001 1001 1001 1001 1001 1001 1001 1001 1001 1001 1001 1001 1001 1001 1001 1001 1001 1001 1001 1001 1001 1001 1001 1001 1001 1001 1001 1001 1001 1001 1001 1001 1001 1001 1001
1001 443 454 350 361 274 517 885 985 237 415 361 8 366 486 415 43 765 137 567 959 998 711 820 567 820 964 167 350 212 85 333 603 43 670 985 901 745 333 843 483 712 209 489 625 219 454 673 480 75 820 443 603 480 214 209 838 639 901 167 882 985 1000 452 515 212 378 415 964 711 716 456 984 452 477 540 630 951 765 102 489 59 41 85 540 765 843 927 443 659 35 240 137 17 659 219 221 556 603 1001
1001 333 1001 1001 1001 1001 1001 1001 1001 1001 1001 1001 1001 1001 1001 1001 1001 1001 1001 1001 1001 1001 1001 1001 1001 1001 1001 1001 1001 1001 1001 1001 1001 1001 1001 1001 1001 1001 1001 1001 1001 1001 1001 1001 1001 1001 1001 1001 1001 1001 1001 1001 1001 1001 1001 1001 1001 1001 1001 1001 1001 1001 1001 1001 1001 1001 1001 1001 1001 1001 1001 1001 1001 1001 1001 1001 1001 1001 1001 1001 1001 1001 1001 1001 1001 1001 1001 1001 1001 1001 1001 1001 1001 1001 1001 1001 1001 1001 1001 1001
1001 60 1001 556 670 914 137 994 41 984 474 673 274 947 959 102 84 515 782 169 490 994 711 36 838 837 901 629 670 885 625 489 964 540 625 102 454 279 75 8 237 540 692 17 998 115 670 60 670 456 765 716 443 477 292 221 837 659 361 463 486 994 998 985 490 102 60 480 420 212 483 167 272 711 209 765 901 885 366 36 279 115 782 221 625 567 984 420 257 315 914 279 838 366 240 904 8 333 350 443
1001 366 1001 1001 1001 1001 1001 1001 1001 1001 1001 1001 1001 1001 1001 1001 1001 1001 1001 1001 1001 1001 1001 1001 1001 1001 1001 1001 1001 1001 1001 1001 1001 1001 1001 1001 1001 1001 1001 1001 1001 1001 1001 1001 1001 1001 1001 1001 1001 1001 1001 1001 1001 1001 1001 1001 1001 1001 1001 1001 1001 1001 1001 1001 1001 1001 1001 1001 1001 1001 1001 1001 1001 1001 1001 1001 1001 1001 1001 1001 1001 1001 1001 1001 1001 1001 1001 1001 1001 1001 1001 1001 1001 1001 1001 1001 1001 1001 1001 1001
1001 35 274 237 782 209 378 361 765 36 443 212 914 876 984 272 876 998 947 483 237 837 304 517 463 486 947 782 59 443 115 838 985 959 35 716 75 978 629 378 483 35 540 366 378 486 167 712 8 41 237 765 361 41 882 882 75 716 606 169 659 257 477 629 209 35 927 837 994 483 209 1000 41 257 927 454 765 36 169 292 75 951 41 994 985 927 838 41 625 964 716 274 701 221 452 927 257 304 214 1001
1001 927 1001 1001 1001 1001 1001 1001 1001 1001 1001 1001 1001 1001 1001 1001 1001 1001 1001 1001 1001 1001 1001 1001 1001 1001 1001 1001 1001 1001 1001 1001 1001 1001 1001 1001 1001 1001 1001 1001 1001 1001 1001 1001 1001 1001 1001 1001 1001 1001 1001 1001 1001 1001 1001 1001 1001 1001 1001 1001 1001 1001 1001 1001 1001 1001 1001 1001 1001 1001 1001 1001 1001 1001 1001 1001 1001 1001 1001 1001 1001 1001 1001 1001 1001 1001 1001 1001 1001 1001 1001 1001 1001 1001 1001 1001 1001 1001 1001 1001
1001 279 1001 366 540 272 457 350 350 1000 765 378 337 337 60 1000 274 838 36 711 733 237 8 257 733 947 489 35 712 333 420 333 102 115 692 673 951 137 540 272 659 333 209 1000 212 782 486 457 75 59 209 882 876 701 606 556 102 639 606 361 985 1 692 75 658 378 292 75 41 901 350 237 701 36 233 927 337 257 901 454 333 17 820 167 257 951 240 366 517 885 716 489 361 978 115 490 337 452 629 948
1001 998 1001 1001 1001 1001 1001 1001 1001 1001 1001 1001 1001 1001 1001 1001 1001 1001 1001 1001 1001 1001 1001 1001 1001 1001 1001 1001 1001 1001 1001 1001 1001 1001 1001 1001 1001 1001 1001 1001 1001 1001 1001 1001 1001 1001 1001 1001 1001 1001 1001 1001 1001 1001 1001 1001 1001 1001 1001 1001 1001 1001 1001 1001 1001 1001 1001 1001 1001 1001 1001 1001 1001 1001 1001 1001 1001 1001 1001 1001 1001 1001 1001 1001 1001 1001 1001 1001 1001 1001 1001 1001 1001 1001 1001 1001 1001 1001 1001 1001
1001 452 43 978 556 8 820 486 606 964 639 882 964 257 927 477 994 948 337 477 978 221 625 420 670 630 885 782 951 712 457 733 659 36 673 240 41 998 745 212 951 420 8 366 658 947 901 629 315 212 629 820 959 237 701 603 904 43 361 292 837 344 517 457 948 745 221 984 733 994 658 209 947 214 515 43 606 415 219 456 84 882 233 17 567 959 115 994 1000 483 272 304 361 344 274 272 75 480 716 1001
1001 415 1001 1001 1001 1001 1001 1001 1001 1001 1001 1001 1001 1001 1001 1001 1001 1001 1001 1001 1001 1001 1001 1001 1001 1001 1001 1001 1001 1001 1001 1001 1001 1001 1001 1001 1001 1001 1001 1001 1001 1001 1001 1001 1001 1001 1001 1001 1001 1001 1001 1001 1001 1001 1001 1001 1001 1001 1001 1001 1001 1001 1001 1001 1001 1001 1001 1001 1001 1001 1001 1001 1001 1001 1001 1001 1001 1001 1001 1001 1001 1001 1001 1001 1001 1001 1001 1001 1001 1001 1001 1001 1001 1001 1001 1001 1001 1001 1001 1001
1001 1000 1001 333 43 456 214 59 344 333 782 115 515 984 658 1000 274 41 43 670 517 219 315 876 304 304 984 603 782 673 292 167 670 219 477 733 639 670 843 483 486 567 639 556 41 292 556 333 904 167 1000 964 914 882 745 209 115 233 765 948 951 41 567 84 820 43 361 978 257 209 457 292 274 75 904 333 948 984 209 765 629 169 692 480 486 994 212 639 711 984 59 137 489 658 257 304 237 625 257 1
1001 233 1001 1001 1001 1001 1001 1001 1001 1001 1001 1001 1001 1001 1001 1001 1001 1001 1001 1001 1001 1001 1001 1001 1001 1001 1001 1001 1001 1001 1001 1001 1001 1001 1001 1001 1001 1001 1001 1001 1001 1001 1001 1001 1001 1001 1001 1001 1001 1001 1001 1001 1001 1001 1001 1001 1001 1001 1001 1001 1001 1001 1001 1001 1001 1001 1001 1001 1001 1001 1001 1001 1001 1001 1001 1001 1001 1001 1001 1001 1001 1001 1001 1001 1001 1001 1001 1001 1001 1001 1001 1001 1001 1001 1001 1001 1001 1001 1001 1001
1001 733 489 701 948 315 41 765 279 716 837 452 274 959 782 711 670 75 456 304 350 463 420 480 540 820 876 711 36 837 292 603 490 843 843 984 639 904 712 959 606 486 344 415 984 630 84 630 257 515 457 606 1 901 625 60 630 456 315 219 745 606 837 843 964 606 765 84 474 477 17 603 489 947 998 474 36 60 84 292 137 59 443 137 964 35 733 60 1000 41 279 733 212 59 59 630 219 885 716 1001
1001 279 1001 1001 1001 1001 1001 1001 1001 1001 1001 1001 1001 1001 1001 1001 1001 1001 1001 1001 1001 1001 1001 1001 1001 1001 1001 1001 1001 1001 1001 1001 1001 1001 1001 1001 1001 1001 1001 1001 1001 1001 1001 1001 1001 1001 1001 1001 1001 1001 1001 1001 1001 1001 1001 1001 1001 1001 1001 1001 1001 1001 1001 1001 1001 1001 1001 1001 1001 1001 1001 1001 1001 1001 1001 1001 1001 1001 1001 1001 1001 1001 1001 1001 1001 1001 1001 1001 1001 1001 1001 1001 1001 1001 1001 1001 1001 1001 1001 1001
1001 214 1001 1 257 1000 337 257 515 480 629 84 985 350 517 517 629 914 41 274 745 219 901 556 75 272 483 639 59 947 169 517 60 480 540 901 1 443 85 515 948 257 209 415 115 712 978 274 603 1000 515 914 712 951 985 337 692 463 994 765 361 137 333 985 167 927 876 167 292 457 221 711 233 378 84 914 84 540 137 233 60 219 75 838 630 41 115 337 36 629 75 420 765 964 927 454 843 233 567 629
1001 333 1001 1001 1001 1001 1001 1001 1001 1001 1001 1001 1001 1001 1001 1001 1001 1001 1001 1001 1001 1001 1001 1001 1001 1001 1001 1001 1001 1001 1001 1001 1001 1001 1001 1001 1001 1001 1001 1001 1001 1001 1001 1001 1001 1001 1001 1001 1001 1001 1001 1001 1001 1001 1001 1001 1001 1001 1001 1001 1001 1001 1001 1001 1001 1001 1001 1001 1001 1001 1001 1001 1001 1001 1001 1001 1001 1001 1001 1001 1001 1001 1001 1001 1001 1001 1001 1001 1001 1001 1001 1001 1001 1001 1001 1001 1001 1001 1001 1001
1001 41 517 948 233 606 490 556 483 84 712 927 959 904 515 219 515 240 36 670 463 843 885 463 43 947 712 782 984 361 274 964 443 876 350 639 978 927 221 456 486 964 337 454 333 415 639 904 630 673 41 629 8 947 60 603 315 333 366 820 692 639 711 84 998 603 272 959 474 477 366 998 964 233 978 782 625 567 630 782 820 219 415 333 629 474 951 457 837 279 237 1 456 474 85 978 43 366 914 1001
1001 765 1001 1001 1001 1001 1001 1001 1001 1001 1001 1001 1001 1001 1001 1001 1001 1001 1001 1001 1001 1001 1001 1001 1001 1001 1001 1001 1001 1001 1001 1001 1001 1001 1001 1001 1001 1001 1001 1001 1001 1001 1001 1001 1001 1001 1001 1001 1001 1001 1001 1001 1001 1001 1001 1001 1001 1001 1001 1001 1001 1001 1001 1001 1001 1001 1001 1001 1001 1001 1001 1001 1001 1001 1001 1001 1001 1001 1001 1001 1001 1001 1001 1001 1001 1001 1001 1001 1001 1001 1001 1001 1001 1001 1001 1001 1001 1001 1001 1001
1001 670 1001 1000 84 985 378 272 257 452 292 959 716 102 843 927 169 233 137 782 17 84 169 167 837 337 567 515 361 885 882 337 35 901 885 115 337 237 959 567 209 716 483 948 366 333 315 490 43 457 876 606 59 998 745 914 885 337 443 219 692 765 490 712 625 948 378 978 658 304 489 876 517 35 257 959 914 60 998 457 490 838 41 115 837 838 1 630 658 964 350 350 701 420 603 315 304 994 820 984
1001 304 1001 1001 1001 1001 1001 1001 1001 1001 1001 1001 1001 1001 1001 1001 1001 1001 1001 1001 1001 1001 1001 1001 1001 1001 1001 1001 1001 1001 1001 1001 1001 1001 1001 1001 1001 1001 1001 1001 1001 1001 1001 1001 1001 1001 1001 1001 1001 1001 1001 1001 1001 1001 1001 1001 1001 1001 1001 1001 1001 1001 1001 1001 1001 1001 1001 1001 1001 1001 1001 1001 1001 1001 1001 1001 1001 1001 1001 1001 1001 1001 1001 1001 1001 1001 1001 1001 1001 1001 1001 1001 1001 1001 1001 1001 1001 1001 1001 1001
1001 36 486 517 670 304 885 964 8 237 214 670 477 257 712 692 606 947 625 517 901 927 733 209 490 567 237 951 927 994 167 692 490 659 240 219 477 606 658 480 885 366 673 333 629 420 490 233 876 137 820 670 515 36 361 603 629 603 35 486 75 212 219 137 361 985 914 885 60 489 901 959 947 41 765 36 998 843 272 333 474 540 486 8 625 927 115 745 1000 169 820 60 904 998 745 733 463 629 84 1001
1001 474 1001 1001 1001 1001 1001 1001 1001 1001 1001 1001 1001 1001 1001 1001 1001 1001 1001 1001 1001 1001 1001 1001 1001 1001 1001 1001 1001 1001 1001 1001 1001 1001 1001 1001 1001 1001 1001 1001 1001 1001 1001 1001 1001 1001 1001 1001 1001 1001 1001 1001 1001 1001 1001 1001 1001 1001 1001 1001 1001 1001 1001 1001 1001 1001 1001 1001 1001 1001 1001 1001 1001 1001 1001 1001 1001 1001 1001 1001 1001 1001 1001 1001 1001 1001 1001 1001 1001 1001 1001 1001 1001 1001 1001 1001 1001 1001 1001 1001
1001 978 1001 843 701 272 712 257 733 901 901 257 978 951 985 927 240 540 765 420 219 948 1000 629 167 670 1000 556 625 904 712 984 838 212 782 486 985 8 279 711 914 115 477 337 41 985 221 843 36 480 716 765 420 716 378 59 959 366 639 490 745 366 480 540 59 820 59 35 315 914 272 212 1 733 35 556 233 240 415 272 733 102 515 659 366 959 716 876 876 378 914 556 274 927 115 344 212 712 947 483
1001 169 1001 1001 1001 1001 1001 1001 1001 1001 1001 1001 1001 1001 1001 1001 1001 1001 1001 1001 1001 1001 1001 1001 1001 1001 1001 1001 1001 1001 1001 1001 1001 1001 1001 1001 1001 1001 1001 1001 1001 1001 1001 1001 1001 1001 1001 1001 1001 1001 1001 1001 1001 1001 1001 1001 1001 1001 1001 1001 1001 1001 1001 1001 1001 1001 1001 1001 1001 1001 1001 1001 1001 1001 1001 1001 1001 1001 1001 1001 1001 1001 1001 1001 1001 1001 1001 1001 1001 1001 1001 1001 1001 1001 1001 1001 1001 1001 1001 1001
1001 885 75 556 985 625 209 219 904 517 279 279 489 701 279 366 350 137 659 452 337 603 1000 876 35 927 315 1000 304 765 84 85 115 711 692 75 885 378 843 701 463 75 1000 998 333 837 350 670 463 8 75 837 102 625 629 670 8 457 659 333 716 292 984 904 1 169 984 366 59 292 59 490 948 567 486 233 948 378 947 361 951 486 167 35 102 782 701 658 733 947 480 477 212 994 344 701 658 876 603 1001
1001 670 1001 1001 1001 1001 1001 1001 1001 1001 1001 1001 1001 1001 1001 1001 1001 1001 1001 1001 1001 1001 1001 1001 1001 1001 1001 1001 1001 1001 1001 1001 1001 1001 1001 1001 1001 1001 1001 1001 1001 1001 1001 1001 1001 1001 1001 1001 1001 1001 1001 1001 1001 1001 1001 1001 1001 1001 1001 1001 1001 1001 1001 1001 1001 1001 1001 1001 1001 1001 1001 1001 1001 1001 1001 1001 1001 1001 1001 1001 1001 1001 1001 1001 1001 1001 1001 1001 1001 1001 1001 1001 1001 1001 1001 1001 1001 1001 1001 1001
1001 463 1001 606 237 978 885 257 959 237 350 1000 489 716 659 463 337 948 84 837 885 443 927 350 927 1000 59 167 350 927 35 904 904 75 463 75 35 304 904 477 41 716 1000 556 463 659 517 315 540 658 630 959 43 486 274 463 17 904 629 378 272 658 240 115 745 233 733 304 36 115 304 75 904 304 212 337 985 716 169 36 948 837 985 994 882 745 454 901 115 556 237 415 237 1000 36 483 221 837 333 782
1001 630 1001 1001 1001 1001 1001 1001 1001 1001 1001 1001 1001 1001 1001 1001 1001 1001 1001 1001 1001 1001 1001 1001 1001 1001 1001 1001 1001 1001 1001 1001 1001 1001 1001 1001 1001 1001 1001 1001 1001 1001 1001 1001 1001 1001 1001 1001 1001 1001 1001 1001 1001 1001 1001 1001 1001 1001 1001 1001 1001 1001 1001 1001 1001 1001 1001 1001 1001 1001 1001 1001 1001 1001 1001 1001 1001 1001 1001 1001 1001 1001 1001 1001 1001 1001 1001 1001 1001 1001 1001 1001 1001 1001 1001 1001 1001 1001 1001 1001
1001 673 337 219 274 378 765 659 837 670 8 420 716 515 716 167 272 361 212 169 567 378 36 480 711 914 480 486 43 169 209 366 885 486 567 102 443 904 304 716 41 333 115 820 904 904 457 658 733 630 843 885 8 366 337 240 782 882 765 882 486 457 221 361 477 315 1 948 692 304 630 745 629 765 41 8 167 486 212 947 137 486 733 673 947 59 959 659 948 219 8 978 659 733 304 137 41 876 540 1001
1001 214 1001 1001 1001 1001 1001 1001 1001 1001 1001 1001 1001 1001 1001 1001 1001 1001 1001 1001 1001 1001 1001 1001 1001 1001 1001 1001 1001 1001 1001 1001 1001 1001 1001 1001 1001 1001 1001 1001 1001 1001 1001 1001 1001 1001 1001 1001 1001 1001 1001 1001 1001 1001 1001 1001 1001 1001 1001 1001 1001 1001 1001 1001 1001 1001 1001 1001 1001 1001 1001 1001 1001 1001 1001 1001 1001 1001 1001 1001 1001 1001 1001 1001 1001 1001 1001 1001 1001 1001 1001 1001 1001 1001 1001 1001 1001 1001 1001 1001
1001 745 1001 272 115 670 882 670 169 415 292 272 221 556 515 41 838 366 984 420 209 272 361 630 489 951 483 474 212 606 272 489 914 457 315 8 102 137 219 843 490 480 59 745 567 625 333 951 483 279 882 670 43 712 876 84 630 885 556 843 456 361 344 885 337 658 901 457 837 556 820 901 567 901 606 169 998 456 603 477 240 454 670 304 167 480 420 820 337 483 85 304 378 994 137 711 137 486 673 978
1001 474 1001 1001 1001 1001 1001 1001 1001 1001 1001 1001 1001 1001 1001 1001 1001 1001 1001 1001 1001 1001 1001 1001 1001 1001 1001 1001 1001 1001 1001 1001 1001 1001 1001 1001 1001 1001 1001 1001 1001 1001 1001 1001 1001 1001 1001 1001 1001 1001 1001 1001 1001 1001 1001 1001 1001 1001 1001 1001 1001 1001 1001 1001 1001 1001 1001 1001 1001 1001 1001 1001 1001 1001 1001 1001 1001 1001 1001 1001 1001 1001 1001 1001 1001 1001 1001 1001 1001 1001 1001 1001 1001 1001 1001 1001 1001 1001 1001 1001
1001 477 279 240 820 272 882 361 843 745 540 274 927 882 102 477 443 901 350 333 567 985 716 914 304 350 629 515 219 137 279 102 137 60 361 964 344 711 292 673 998 366 984 914 219 59 350 137 959 233 463 483 701 711 366 8 59 1 59 274 659 914 951 333 984 274 257 843 483 43 8 480 984 985 927 673 36 745 876 477 480 838 1000 219 486 927 716 84 420 333 366 567 711 279 951 212 59 673 486 1001
1001 490 1001 1001 1001 1001 1001 1001 1001 1001 1001 1001 1001 1001 1001 1001 1001 1001 1001 1001 1001 1001 1001 1001 1001 1001 1001 1001 1001 1001 1001 1001 1001 1001 1001 1001 1001 1001 1001 1001 1001 1001 1001 1001 1001 1001 1001 1001 1001 1001 1001 1001 1001 1001 1001 1001 1001 1001 1001 1001 1001 1001 1001 1001 1001 1001 1001 1001 1001 1001 1001 1001 1001 1001 1001 1001 1001 1001 1001 1001 1001 1001 1001 1001 1001 1001 1001 1001 1001 1001 1001 1001 1001 1001 1001 1001 1001 1001 1001 1001
1001 233 1001 711 443 820 36 219 489 486 292 948 978 219 36 333 221 843 463 240 745 985 765 948 102 257 8 985 240 701 1 304 457 1 8 378 304 556 567 882 75 927 716 517 606 782 914 337 85 904 567 904 876 904 279 463 85 292 452 927 489 978 212 480 978 214 914 257 279 994 606 366 366 337 959 998 630 333 882 272 212 443 639 489 837 959 998 454 233 420 315 272 904 480 745 838 219 137 556 477
1001 209 1001 1001 1001 1001 1001 1001 1001 1001 1001 1001 1001 1001 1001 1001 1001 1001 1001 1001 1001 1001 1001 1001 1001 1001 1001 1001 1001 1001 1001 1001 1001 1001 1001 1001 1001 1001 1001 1001 1001 1001 1001 1001 1001 1001 1001 1001 1001 1001 1001 1001 1001 1001 1001 1001 1001 1001 1001 1001 1001 1001 1001 1001 1001 1001 1001 1001 1001 1001 1001 1001 1001 1001 1001 1001 1001 1001 1001 1001 1001 1001 1001 1001 1001 1001 1001 1001 1001 1001 1001 1001 1001 1001 1001 1001 1001 1001 1001 1001
1001 947 882 948 209 474 673 60 315 477 490 333 35 257 838 415 452 75 315 8 711 782 35 711 292 272 36 964 984 456 237 41 337 567 474 35 43 673 85 947 169 169 221 711 978 490 630 361 629 978 366 337 237 964 556 36 711 625 998 212 556 716 237 452 333 237 457 948 951 75 837 603 257 489 876 214 41 457 60 670 959 994 490 167 452 84 219 115 237 701 333 838 454 59 233 274 304 673 692 1001
1001 477 1001 1001 1001 1001 1001 1001 1001 1001 1001 1001 1001 1001 1001 1001 1001 1001 1001 1001 1001 1001 1001 1001 1001 1001 1001 1001 1001 1001 1001 1001 1001 1001 1001 1001 1001 1001 1001 1001 1001 1001 1001 1001 1001 1001 1001 1001 1001 1001 1001 1001 1001 1001 1001 1001 1001 1001 1001 1001 1001 1001 1001 1001 1001 1001 1001 1001 1001 1001 1001 1001 1001 1001 1001 1001 1001 1001 1001 1001 1001 1001 1001 1001 1001 1001 1001 1001 1001 1001 1001 1001 1001 1001 1001 1001 1001 1001 1001 1001
1001 489 1001 240 625 998 456 998 272 959 603 951 315 556 701 102 17 978 606 882 237 212 84 483 59 951 964 540 366 951 221 716 454 454 480 540 964 457 59 214 366 212 85 673 745 337 333 782 274 964 102 35 85 233 41 701 137 483 272 35 443 1 292 361 984 820 456 927 765 486 60 115 692 711 344 985 540 659 257 885 603 366 415 233 606 456 959 272 978 711 292 914 237 84 745 212 443 711 43 209
1001 659 1001 1001 1001 1001 1001 1001 1001 1001 1001 1001 1001 1001 1001 1001 1001 1001 1001 1001 1001 1001 1001 1001 1001 1001 1001 1001 1001 1001 1001 1001 1001 1001 1001 1001 1001 1001 1001 1001 1001 1001 1001 1001 1001 1001 1001 1001 1001 1001 1001 1001 1001 1001 1001 1001 1001 1001 1001 1001 1001 1001 1001 1001 1001 1001 1001 1001 1001 1001 1001 1001 1001 1001 1001 1001 1001 1001 1001 1001 1001 1001 1001 1001 1001 1001 1001 1001 1001 1001 1001 1001 1001 1001 1001 1001 1001 1001 1001 1001
1001 452 43 272 219 17 606 985 556 606 876 659 947 102 36 8 480 625 257 214 169 75 556 658 876 701 914 84 483 838 102 951 233 701 692 984 240 292 951 337 443 716 1 876 378 540 350 415 701 606 567 904 221 670 489 35 366 951 137 415 711 820 876 964 1 486 420 765 333 882 75 716 75 75 517 1000 659 452 378 361 17 480 733 240 673 820 837 43 692 457 994 959 745 838 378 745 882 820 35 1001
1001 115 1001 1001 1001 1001 1001 1001 1001 1001 1001 1001 1001 1001 1001 1001 1001 1001 1001 1001 1001 1001 1001 1001 1001 1001 1001 1001 1001 1001 1001 1001 1001 1001 1001 1001 1001 1001 1001 1001 1001 1001 1001 1001 1001 1001 1001 1001 1001 1001 1001 1001 1001 1001 1001 1001 1001 1001 1001 1001 1001 1001 1001 1001 1001 1001 1001 1001 1001 1001 1001 1001 1001 1001 1001 1001 1001 1001 1001 1001 1001 1001 1001 1001 1001 1001 1001 1001 1001 1001 1001 1001 1001 1001 1001 1001 1001 1001 1001 1001
1001 84 1001 333 60 882 212 257 951 629 629 84 167 214 221 304 212 474 415 75 882 567 17 489 137 84 85 102 838 219 212 477 304 673 838 948 486 483 167 978 102 292 540 279 480 782 567 670 765 480 292 102 59 315 169 733 443 274 904 221 1000 540 221 843 240 17 711 274 489 378 716 209 670 292 457 169 567 517 361 350 36 658 474 630 477 167 366 947 452 745 630 964 315 885 733 517 378 994 876 454
1001 517 1001 1001 1001 1001 1001 1001 1001 1001 1001 1001 1001 1001 1001 1001 1001 1001 1001 1001 1001 1001 1001 1001 1001 1001 1001 1001 1001 1001 1001 1001 1001 1001 1001 1001 1001 1001 1001 1001 1001 1001 1001 1001 1001 1001 1001 1001 1001 1001 1001 1001 1001 1001 1001 1001 1001 1001 1001 1001 1001 1001 1001 1001 1001 1001 1001 1001 1001 1001 1001 1001 1001 1001 1001 1001 1001 1001 1001 1001 1001 1001 1001 1001 1001 1001 1001 1001 1001 1001 1001 1001 1001 1001 1001 1001 1001 1001 1001 1001
1001 876 984 304 452 480 927 420 337 75 474 630 901 629 221 457 209 712 477 994 701 483 272 167 463 837 658 344 733 959 901 167 733 333 457 673 876 901 75 167 984 540 304 333 701 36 782 914 279 257 361 483 765 167 659 733 978 882 60 673 745 457 350 17 782 843 233 603 659 882 272 115 951 75 994 625 658 745 8 964 489 947 454 838 36 625 515 486 457 137 711 712 603 59 272 947 420 480 1 1001
1001 274 1001 1001 1001 1001 1001 1001 1001 1001 1001 1001 1001 1001 1001 1001 1001 1001 1001 1001 1001 1001 1001 1001 1001 1001 1001 1001 1001 1001 1001 1001 1001 1001 1001 1001 1001 1001 1001 1001 1001 1001 1001 1001 1001 1001 1001 1001 1001 1001 1001 1001 1001 1001 1001 1001 1001 1001 1001 1001 1001 1001 1001 1001 1001 1001 1001 1001 1001 1001 1001 1001 1001 1001 1001 1001 1001 1001 1001 1001 1001 1001 1001 1001 1001 1001 1001 1001 1001 1001 1001 1001 1001 1001 1001 1001 1001 1001 1001 1001
1001 350 1001 701 489 659 914 292 456 820 60 837 415 463 904 463 556 378 1000 994 480 998 257 480 820 240 901 8 214 350 692 951 237 221 625 745 415 477 540 885 272 169 630 209 629 8 639 219 415 167 209 947 115 454 948 959 214 274 964 948 629 629 876 366 361 454 639 274 456 221 85 233 366 274 420 1 279 540 712 673 711 443 75 901 885 486 292 517 820 733 463 420 947 838 820 782 745 452 36 214
1001 673 1001 1001 1001 1001 1001 1001 1001 1001 1001 1001 1001 1001 1001 1001 1001 1001 1001 1001 1001 1001 1001 1001 1001 1001 1001 1001 1001 1001 1001 1001 1001 1001 1001 1001 1001 1001 1001 1001 1001 1001 1001 1001 1001 1001 1001 1001 1001 1001 1001 1001 1001 1001 1001 1001 1001 1001 1001 1001 1001 1001 1001 1001 1001 1001 1001 1001 1001 1001 1001 1001 1001 1001 1001 1001 1001 1001 1001 1001 1001 1001 1001 1001 1001 1001 1001 1001 1001 1001 1001 1001 1001 1001 1001 1001 1001 1001 1001 1001
1001 904 820 344 625 927 901 556 838 629 59 701 60 167 115 474 820 515 947 212 625 350 658 209 517 630 41 257 60 415 692 137 782 1000 1 378 914 901 474 214 1000 515 947 59 233 515 517 1 606 456 701 221 315 927 415 378 35 456 639 85 882 901 257 102 885 257 483 237 84 480 452 629 540 885 692 820 378 765 304 1000 712 489 712 35 420 85 452 456 59 43 517 948 454 337 515 274 84 540 483 1001
1001 456 1001 1001 1001 1001 1001 1001 1001 1001 1001 1001 1001 1001 1001 1001 1001 1001 1001 1001 1001 1001 1001 1001 1001 1001 1001 1001 1001 1001 1001 1001 1001 1001 1001 1001 1001 1001 1001 1001 1001 1001 1001 1001 1001 1001 1001 1001 1001 1001 1001 1001 1001 1001 1001 1001 1001 1001 1001 1001 1001 1001 1001 1001 1001 1001 1001 1001 1001 1001 1001 1001 1001 1001 1001 1001 1001 1001 1001 1001 1001 1001 1001 1001 1001 1001 1001 1001 1001 1001 1001 1001 1001 1001 1001 1001 1001 1001 1001 1001
1001 711 1001 477 480 233 517 102 914 659 115 75 443 670 603 948 333 927 233 443 167 489 337 315 84 361 41 837 639 712 947 486 454 964 1 456 673 59 556 59 716 233 673 670 947 274 556 716 167 315 670 882 350 1 137 463 361 214 782 489 951 659 540 904 85 540 315 837 167 420 378 947 629 43 540 35 337 658 782 8 985 985 885 315 477 483 292 361 221 43 927 639 240 456 483 361 489 337 670 219
1001 43 1001 1001 1001 1001 1001 1001 1001 1001 1001 1001 1001 1001 1001 1001 1001 1001 1001 1001 1001 1001 1001 1001 1001 1001 1001 1001 1001 1001 1001 1001 1001 1001 1001 1001 1001 1001 1001 1001 1001 1001 1001 1001 1001 1001 1001 1001 1001 1001 1001 1001 1001 1001 1001 1001 1001 1001 1001 1001 1001 1001 1001 1001 1001 1001 1001 1001 1001 1001 1001 1001 1001 1001 1001 1001 1001 1001 1001 1001 1001 1001 1001 1001 1001 1001 1001 1001 1001 1001 1001 1001 1001 1001 1001 1001 1001 1001 1001 1001
1001 994 978 214 515 452 606 901 60 315 315 959 959 1000 951 630 603 366 214 838 765 701 420 716 8 876 1 337 85 1000 304 337 477 240 489 17 214 639 415 274 474 711 712 420 233 630 35 337 489 233 115 279 456 41 490 457 927 490 315 486 36 625 885 489 366 927 59 540 490 463 361 489 692 606 959 959 237 474 257 745 221 951 517 659 985 606 630 885 137 978 361 701 59 712 237 994 625 876 41 1001
1001 443 1001 1001 1001 1001 1001 1001 1001 1001 1001 1001 1001 1001 1001 1001 1001 1001 1001 1001 1001 1001 1001 1001 1001 1001 1001 1001 1001 1001 1001 1001 1001 1001 1001 1001 1001 1001 1001 1001 1001 1001 1001 1001 1001 1001 1001 1001 1001 1001 1001 1001 1001 1001 1001 1001 1001 1001 1001 1001 1001 1001 1001 1001 1001 1001 1001 1001 1001 1001 1001 1001 1001 1001 1001 1001 1001 1001 1001 1001 1001 1001 1001 1001 1001 1001 1001 1001 1001 1001 1001 1001 1001 1001 1001 1001 1001 1001 1001 1001
1001 978 1001 214 517 556 272 457 978 745 304 540 489 257 745 673 17 517 567 366 692 901 490 1 477 257 75 959 733 659 102 515 102 167 257 219 712 486 209 212 272 474 272 315 712 8 486 272 60 625 639 292 474 209 292 984 454 951 415 692 75 486 745 221 659 1 964 951 486 85 625 304 567 927 115 882 443 639 75 483 272 716 837 257 454 625 712 378 489 85 603 115 167 350 344 337 350 838 765 415
1001 378 1001 1001 1001 1001 1001 1001 1001 1001 1001 1001 1001 1001 1001 1001 1001 1001 1001 1001 1001 1001 1001 1001 1001 1001 1001 1001 1001 1001 1001 1001 1001 1001 1001 1001 1001 1001 1001 1001 1001 1001 1001 1001 1001 1001 1001 1001 1001 1001 1001 1001 1001 1001 1001 1001 1001 1001 1001 1001 1001 1001 1001 1001 1001 1001 1001 1001 1001 1001 1001 1001 1001 1001 1001 1001 1001 1001 1001 1001 1001 1001 1001 1001 1001 1001 1001 1001 1001 1001 1001 1001 1001 1001 1001 1001 1001 1001 1001 1001
1001 43 463 483 480 701 603 659 606 214 843 257 17 350 782 947 843 711 36 102 964 457 978 733 540 315 85 333 75 947 35 344 984 483 885 985 712 984 137 333 659 474 556 692 882 904 84 169 556 137 843 17 603 745 765 167 603 914 477 673 765 35 17 237 41 378 712 782 904 904 625 489 344 701 221 692 540 315 901 658 457 659 673 540 978 456 712 490 885 712 221 102 274 765 361 337 659 60 629 1001
1001 240 1001 1001 1001 1001 1001 1001 1001 1001 1001 1001 1001 1001 1001 1001 1001 1001 1001 1001 1001 1001 1001 1001 1001 1001 1001 1001 1001 1001 1001 1001 1001 1001 1001 1001 1001 1001 1001 1001 1001 1001 1001 1001 1001 1001 1001 1001 1001 1001 1001 1001 1001 1001 1001 1001 1001 1001 1001 1001 1001 1001 1001 1001 1001 1001 1001 1001 1001 1001 1001 1001 1001 1001 1001 1001 1001 1001 1001 1001 1001 1001 1001 1001 1001 1001 1001 1001 1001 1001 1001 1001 1001 1001 1001 1001 1001 1001 1001 1001
1001 629 1001 765 782 978 60 876 378 454 692 366 483 463 169 75 36 843 914 692 483 625 820 998 59 456 556 344 837 344 486 959 477 517 219 257 17 838 603 420 765 279 782 820 733 457 914 820 274 745 1000 292 361 820 837 985 733 927 876 41 233 337 480 701 420 692 474 452 480 43 350 257 904 102 35 606 84 454 951 947 212 948 212 43 219 480 515 463 378 361 486 606 221 1 882 629 692 304 540 711
1001 951 1001 1001 1001 1001 1001 1001 1001 1001 1001 1001 1001 1001 1001 1001 1001 1001 1001 1001 1001 1001 1001 1001 1001 1001 1001 1001 1001 1001 1001 1001 1001 1001 1001 1001 1001 1001 1001 1001 1001 1001 1001 1001 1001 1001 1001 1001 1001 1001 1001 1001 1001 1001 1001 1001 1001 1001 1001 1001 1001 1001 1001 1001 1001 1001 1001 1001 1001 1001 1001 1001 1001 1001 1001 1001 1001 1001 1001 1001 1001 1001 1001 1001 1001 1001 1001 1001 1001 1001 1001 1001 1001 1001 1001 1001 1001 1001 1001 1001
1001 712 378 477 629 415 41 876 876 489 60 59 35 540 567 366 137 279 639 350 344 782 733 625 606 366 477 712 876 350 606 366 59 998 901 221 947 452 517 712 978 169 837 994 712 948 914 378 701 486 716 36 838 1000 209 959 927 209 169 233 489 765 603 85 272 985 901 167 948 959 914 901 60 214 344 337 625 221 237 315 240 994 914 540 477 540 477 366 733 639 85 820 420 237 452 212 711 837 344 1001
1001 716 1001 1001 1001 1001 1001 1001 1001 1001 1001 1001 1001 1001 1001 1001 1001 1001 1001 1001 1001 1001 1001 1001 1001 1001 1001 1001 1001 1001 1001 1001 1001 1001 1001 1001 1001 1001 1001 1001 1001 1001 1001 1001 1001 1001 1001 1001 1001 1001 1001 1001 1001 1001 1001 1001 1001 1001 1001 1001 1001 1001 1001 1001 1001 1001 1001 1001 1001 1001 1001 1001 1001 1001 1001 1001 1001 1001 1001 1001 1001 1001 1001 1001 1001 1001 1001 1001 1001 1001 1001 1001 1001 1001 1001 1001 1001 1001 1001 1001
1001 837 1001 711 378 517 233 630 237 951 984 257 361 378 463 420 978 1 882 837 240 733 474 625 452 221 625 36 733 59 978 837 914 882 17 257 378 257 947 115 673 361 378 36 733 361 994 219 927 333 486 102 59 998 716 8 214 904 567 463 978 489 782 337 350 838 567 257 41 1000 951 716 914 843 304 115 212 274 337 43 603 885 214 212 344 456 712 43 882 304 489 292 876 843 629 701 625 712 474 659
1001 948 1001 1001 1001 1001 1001 1001 1001 1001 1001 1001 1001 1001 1001 1001 1001 1001 1001 1001 1001 1001 1001 1001 1001 1001 1001 1001 1001 1001 1001 1001 1001 1001 1001 1001 1001 1001 1001 1001 1001 1001 1001 1001 1001 1001 1001 1001 1001 1001 1001 1001 1001 1001 1001 1001 1001 1001 1001 1001 1001 1001 1001 1001 1001 1001 1001 1001 1001 1001 1001 1001 1001 1001 1001 1001 1001 1001 1001 1001 1001 1001 1001 1001 1001 1001 1001 1001 1001 1001 1001 1001 1001 1001 1001 1001 1001 1001 1001 1001
1001 489 237 885 567 843 964 927 629 959 985 60 838 214 603 420 820 959 212 658 964 876 658 169 292 630 84 115 75 994 233 8 480 457 901 606 274 304 1 443 745 985 480 59 670 606 1000 994 36 209 629 480 1000 838 659 838 454 279 463 36 782 673 556 820 137 978 378 964 765 378 344 35 904 350 84 43 984 75 35 486 274 212 1 820 483 212 85 457 998 556 8 745 257 567 515 951 36 456 885 1001
1001 701 1001 1001 1001 1001 1001 1001 1001 1001 1001 1001 1001 1001 1001 1001 1001 1001 1001 1001 1001 1001 1001 1001 1001 1001 1001 1001 1001 1001 1001 1001 1001 1001 1001 1001 1001 1001 1001 1001 1001 1001 1001 1001 1001 1001 1001 1001 1001 1001 1001 1001 1001 1001 1001 1001 1001 1001 1001 1001 1001 1001 1001 1001 1001 1001 1001 1001 1001 1001 1001 1001 1001 1001 1001 1001 1001 1001 1001 1001 1001 1001 1001 1001 1001 1001 1001 1001 1001 1001 1001 1001 1001 1001 1001 1001 1001 1001 1001 1001
1001 820 1001 876 711 978 443 85 233 17 221 838 366 927 221 454 274 489 272 415 959 344 209 443 480 209 292 782 567 959 59 625 233 517 984 978 17 366 41 240 951 820 556 279 214 820 237 463 882 480 366 274 361 515 673 366 711 998 659 876 452 716 984 639 292 948 84 882 837 167 59 233 463 169 483 658 984 716 85 304 745 1 556 630 517 820 1 820 765 659 102 212 420 603 344 221 17 457 36 843
1001 630 1001 1001 1001 1001 1001 1001 1001 1001 1001 1001 1001 1001 1001 1001 1001 1001 1001 1001 1001 1001 1001 1001 1001 1001 1001 1001 1001 1001 1001 1001 1001 1001 1001 1001 1001 1001 1001 1001 1001 1001 1001 1001 1001 1001 1001 1001 1001 1001 1001 1001 1001 1001 1001 1001 1001 1001 1001 1001 1001 1001 1001 1001 1001 1001 1001 1001 1001 1001 1001 1001 1001 1001 1001 1001 1001 1001 1001 1001 1001 1001 1001 1001 1001 1001 1001 1001 1001 1001 1001 1001 1001 1001 1001 1001 1001 1001 1001 1001
1001 457 820 36 838 782 673 272 169 985 43 240 606 606 901 60 716 1 670 480 167 115 1000 670 315 489 985 212 102 951 477 711 361 820 274 673 60 474 984 765 454 8 1 36 137 366 639 914 366 315 927 490 456 927 712 274 420 673 998 36 102 998 274 1 765 59 221 361 515 673 115 483 692 115 43 350 486 701 233 927 490 630 964 483 486 212 782 454 378 745 1000 17 716 820 517 17 901 765 378 1001
1001 35 1001 1001 1001 1001 1001 1001 1001 1001 1001 1001 1001 1001 1001 1001 1001 1001 1001 1001 1001 1001 1001 1001 1001 1001 1001 1001 1001 1001 1001 1001 1001 1001 1001 1001 1001 1001 1001 1001 1001 1001 1001 1001 1001 1001 1001 1001 1001 1001 1001 1001 1001 1001 1001 1001 1001 1001 1001 1001 1001 1001 1001 1001 1001 1001 1001 1001 1001 1001 1001 1001 1001 1001 1001 1001 1001 1001 1001 1001 1001 1001 1001 1001 1001 1001 1001 1001 1001 1001 1001 1001 1001 1001 1001 1001 1001 1001 1001 1001
1001 84 1001 901 1000 214 292 477 904 606 102 639 964 711 420 994 882 838 456 36 885 948 901 483 274 820 692 673 41 820 843 85 443 515 985 959 257 782 959 102 947 36 279 876 274 221 837 85 8 745 670 366 658 489 420 959 876 75 115 927 420 978 486 337 1 1000 257 272 782 209 378 659 221 212 8 8 415 838 102 443 60 837 304 257 882 701 701 658 333 882 41 712 782 540 41 292 60 876 517 901
1001 457 1001 1001 1001 1001 1001 1001 1001 1001 1001 1001 1001 1001 1001 1001 1001 1001 1001 1001 1001 1001 1001 1001 1001 1001 1001 1001 1001 1001 1001 1001 1001 1001 1001 1001 1001 1001 1001 1001 1001 1001 1001 1001 1001 1001 1001 1001 1001 1001 1001 1001 1001 1001 1001 1001 1001 1001 1001 1001 1001 1001 1001 1001 1001 1001 1001 1001 1001 1001 1001 1001 1001 1001 1001 1001 1001 1001 1001 1001 1001 1001 1001 1001 1001 1001 1001 1001 1001 1001 1001 1001 1001 1001 1001 1001 1001 1001 1001 1001
1001 344 947 712 782 304 344 219 272 361 115 463 84 820 692 167 765 257 209 964 625 115 212 43 994 474 454 951 315 639 454 315 483 333 36 274 630 948 1 443 272 115 927 366 454 556 36 711 344 733 639 474 914 344 515 885 876 994 274 658 137 701 985 169 517 489 985 701 454 985 85 692 625 486 567 540 606 630 274 978 366 951 452 765 782 477 606 85 994 420 765 630 84 257 838 209 292 765 914 1001
1001 1000 1001 1001 1001 1001 1001 1001 1001 1001 1001 1001 1001 1001 1001 1001 1001 1001 1001 1001 1001 1001 1001 1001 1001 1001 1001 1001 1001 1001 1001 1001 1001 1001 1001 1001 1001 1001 1001 1001 1001 1001 1001 1001 1001 1001 1001 1001 1001 1001 1001 1001 1001 1001 1001 1001 1001 1001 1001 1001 1001 1001 1001 1001 1001 1001 1001 1001 1001 1001 1001 1001 1001 1001 1001 1001 1001 1001 1001 1001 1001 1001 1001 1001 1001 1001 1001 1001 1001 1001 1001 1001 1001 1001 1001 1001 1001 1001 1001 1001
1001 659 1001 337 214 490 41 984 102 214 951 333 240 951 984 350 454 629 483 102 219 443 483 337 75 137 75 344 60 169 477 59 344 8 959 490 517 480 480 214 692 959 35 457 882 486 838 820 115 315 948 344 240 959 214 337 43 838 219 670 985 673 272 876 701 701 927 782 711 947 477 959 843 486 366 169 17 212 978 673 8 885 515 782 765 716 630 350 490 882 515 17 486 838 885 716 17 712 17 716
1001 17 1001 1001 1001 1001 1001 1001 1001 1001 1001 1001 1001 1001 1001 1001 1001 1001 1001 1001 1001 1001 1001 1001 1001 1001 1001 1001 1001 1001 1001 1001 1001 1001 1001 1001 1001 1001 1001 1001 1001 1001 1001 1001 1001 1001 1001 1001 1001 1001 1001 1001 1001 1001 1001 1001 1001 1001 1001 1001 1001 1001 1001 1001 1001 1001 1001 1001 1001 1001 1001 1001 1001 1001 1001 1001 1001 1001 1001 1001 1001 1001 1001 1001 1001 1001 1001 1001 1001 1001 1001 1001 1001 1001 1001 1001 1001 1001 1001 1001
1001 240 219 274 927 837 629 486 978 659 361 701 489 457 692 350 885 279 567 914 984 483 420 947 959 882 456 219 43 486 221 167 279 443 978 169 712 540 673 212 733 540 443 820 17 84 115 904 948 240 257 366 733 209 820 214 1 233 415 567 272 606 257 43 490 219 233 782 279 452 985 517 1000 366 337 8 474 474 415 366 711 169 272 994 901 41 169 366 837 540 984 41 169 219 85 233 959 904 1000 1001
1001 984 1001 1001 1001 1001 1001 1001 1001 1001 1001 1001 1001 1001 1001 1001 1001 1001 1001 1001 1001 1001 1001 1001 1001 1001 1001 1001 1001 1001 1001 1001 1001 1001 1001 1001 1001 1001 1001 1001 1001 1001 1001 1001 1001 1001 1001 1001 1001 1001 1001 1001 1001 1001 1001 1001 1001 1001 1001 1001 1001 1001 1001 1001 1001 1001 1001 1001 1001 1001 1001 1001 1001 1001 1001 1001 1001 1001 1001 1001 1001 1001 1001 1001 1001 1001 1001 1001 1001 1001 1001 1001 1001 1001 1001 1001 1001 1001 1001 1001
1001 985 1001 350 716 716 279 137 701 606 212 540 625 948 344 820 60 337 84 169 333 489 659 673 745 489 219 843 483 219 43 745 169 540 84 443 843 951 60 36 486 272 606 639 209 978 452 257 837 36 978 85 60 102 315 882 639 486 209 659 237 237 443 959 838 35 337 625 978 964 658 994 219 257 629 947 711 540 659 486 115 102 629 221 240 978 556 420 994 733 567 221 994 1000 115 292 517 998 454 480
1001 60 1001 1001 1001 1001 1001 1001 1001 1001 1001 1001 1001 1001 1001 1001 1001 1001 1001 1001 1001 1001 1001 1001 1001 1001 1001 1001 1001 1001 1001 1001 1001 1001 1001 1001 1001 1001 1001 1001 1001 1001 1001 1001 1001 1001 1001 1001 1001 1001 1001 1001 1001 1001 1001 1001 1001 1001 1001 1001 1001 1001 1001 1001 1001 1001 1001 1001 1001 1001 1001 1001 1001 1001 1001 1001 1001 1001 1001 1001 1001 1001 1001 1001 1001 1001 1001 1001 1001 1001 1001 1001 1001 1001 1001 1001 1001 1001 1001 1001
1001 567 670 240 692 274 85 219 630 214 765 765 219 237 820 477 998 315 60 214 480 35 984 8 279 1000 36 998 927 344 257 843 456 456 41 658 712 673 904 350 420 137 102 606 366 452 60 350 716 169 43 733 214 490 274 1000 489 315 480 959 209 733 733 115 701 837 837 452 1 658 820 420 315 452 1 673 361 60 517 625 765 625 350 984 659 630 463 212 463 984 85 639 221 901 782 951 169 540 904 1001
1001 169 1001 1001 1001 1001 1001 1001 1001 1001 1001 1001 1001 1001 1001 1001 1001 1001 1001 1001 1001 1001 1001 1001 1001 1001 1001 1001 1001 1001 1001 1001 1001 1001 1001 1001 1001 1001 1001 1001 1001 1001 1001 1001 1001 1001 1001 1001 1001 1001 1001 1001 1001 1001 1001 1001 1001 1001 1001 1001 1001 1001 1001 1001 1001 1001 1001 1001 1001 1001 1001 1001 1001 1001 1001 1001 1001 1001 1001 1001 1001 1001 1001 1001 1001 1001 1001 1001 1001 1001 1001 1001 1001 1001 1001 1001 1001 1001 1001 1001
1001 517 1001 1 115 84 41 43 630 274 240 456 240 1000 964 629 452 454 420 477 361 639 567 366 169 221 221 876 489 167 221 606 701 782 625 350 927 212 443 486 994 658 477 221 209 443 361 603 366 765 603 716 959 209 629 75 415 882 951 454 998 102 35 219 947 169 60 292 904 480 337 885 670 843 556 885 733 964 984 85 701 43 361 137 240 998 745 167 337 659 84 315 304 658 36 712 876 102 490 219
1001 904 1001 1001 1001 1001 1001 1001 1001 1001 1001 1001 1001 1001 1001 1001 1001 1001 1001 1001 1001 1001 1001 1001 1001 1001 1001 1001 1001 1001 1001 1001 1001 1001 1001 1001 1001 1001 1001 1001 1001 1001 1001 1001 1001 1001 1001 1001 1001 1001 1001 1001 1001 1001 1001 1001 1001 1001 1001 1001 1001 1001 1001 1001 1001 1001 1001 1001 1001 1001 1001 1001 1001 1001 1001 1001 1001 1001 1001 1001 1001 1001 1001 1001 1001 1001 1001 1001 1001 1001 1001 1001 1001 1001 1001 1001 1001 1001 1001 1001
1001 17 480 985 102 292 59 209 366 603 882 947 279 515 540 233 994 838 85 556 904 673 333 658 443 43 233 556 361 658 606 240 670 629 712 838 951 315 994 279 951 333 692 214 378 272 964 914 567 36 456 985 240 765 115 212 350 350 745 237 1 927 474 219 483 712 489 443 35 8 233 463 901 951 658 240 692 84 630 274 137 606 745 415 927 947 75 237 240 885 474 782 240 463 994 733 701 8 673 1001
1001 452 1001 1001 1001 1001 1001 1001 1001 1001 1001 1001 1001 1001 1001 1001 1001 1001 1001 1001 1001 1001 1001 1001 1001 1001 1001 1001 1001 1001 1001 1001 1001 1001 1001 1001 1001 1001 1001 1001 1001 1001 1001 1001 1001 1001 1001 1001 1001 1001 1001 1001 1001 1001 1001 1001 1001 1001 1001 1001 1001 1001 1001 1001 1001 1001 1001 1001 1001 1001 1001 1001 1001 1001 1001 1001 1001 1001 1001 1001 1001 1001 1001 1001 1001 1001 1001 1001 1001 1001 1001 1001 1001 1001 1001 1001 1001 1001 1001 1001
1001 994 1001 36 315 998 457 474 420 454 84 443 765 716 556 463 169 350 43 420 978 603 221 333 169 274 659 711 102 489 378 337 8 36 378 333 515 350 315 978 304 978 361 59 214 457 490 350 333 606 279 820 711 480 85 914 292 292 84 443 337 477 745 344 36 658 214 85 489 17 41 882 477 964 948 673 378 454 517 233 517 882 8 272 901 639 659 659 964 765 59 274 782 344 115 337 486 333 456 36
1001 483 1001 1001 1001 1001 1001 1001 1001 1001 1001 1001 1001 1001 1001 1001 1001 1001 1001 1001 1001 1001 1001 1001 1001 1001 1001 1001 1001 1001 1001 1001 1001 1001 1001 1001 1001 1001 1001 1001 1001 1001 1001 1001 1001 1001 1001 1001 1001 1001 1001 1001 1001 1001 1001 1001 1001 1001 1001 1001 1001 1001 1001 1001 1001 1001 1001 1001 1001 1001 1001 1001 1001 1001 1001 1001 1001 1001 1001 1001 1001 1001 1001 1001 1001 1001 1001 1001 1001 1001 1001 1001 1001 1001 1001 1001 1001 1001 1001 1001
1001 457 36 233 885 711 274 556 515 240 885 490 820 237 257 947 540 630 711 964 102 219 36 716 219 994 344 964 914 673 115 658 658 209 914 480 947 670 567 984 951 978 477 692 701 716 84 272 361 843 214 8 17 745 733 233 257 60 673 102 279 843 820 964 486 209 978 420 361 489 350 274 474 350 480 209 606 603 454 480 964 137 483 984 452 240 692 670 885 366 837 115 711 75 43 233 837 490 137 1001
1001 8 1001 1001 1001 1001 1001 1001 1001 1001 1001 1001 1001 1001 1001 1001 1001 1001 1001 1001 1001 1001 1001 1001 1001 1001 1001 1001 1001 1001 1001 1001 1001 1001 1001 1001 1001 1001 1001 1001 1001 1001 1001 1001 1001 1001 1001 1001 1001 1001 1001 1001 1001 1001 1001 1001 1001 1001 1001 1001 1001 1001 1001 1001 1001 1001 1001 1001 1001 1001 1001 1001 1001 1001 1001 1001 1001 1001 1001 1001 1001 1001 1001 1001 1001 1001 1001 1001 1001 1001 1001 1001 1001 1001 1001 1001 1001 1001 1001 1001
1001 540 1001 17 567 745 483 876 8 659 994 711 567 515 75 998 337 489 137 882 102 452 692 219 716 567 540 8 486 947 998 480 994 480 35 540 240 490 948 782 219 927 1 304 978 625 279 274 115 452 630 257 361 333 998 84 948 43 630 452 474 629 454 456 85 463 1 914 486 951 209 237 315 692 490 257 315 337 36 985 745 670 233 639 489 712 733 978 820 947 927 257 486 882 221 137 292 233 515 843
1001 237 1001 1001 1001 1001 1001 1001 1001 1001 1001 1001 1001 1001 1001 1001 1001 1001 1001 1001 1001 1001 1001 1001 1001 1001 1001 1001 1001 1001 1001 1001 1001 1001 1001 1001 1001 1001 1001 1001 1001 1001 1001 1001 1001 1001 1001 1001 1001 1001 1001 1001 1001 1001 1001 1001 1001 1001 1001 1001 1001 1001 1001 1001 1001 1001 1001 1001 1001 1001 1001 1001 1001 1001 1001 1001 1001 1001 1001 1001 1001 1001 1001 1001 1001 1001 1001 1001 1001 1001 1001 1001 1001 1001 1001 1001 1001 1001 1001 1001
1001 102 17 994 515 463 490 998 885 630 556 603 745 344 639 625 344 659 673 820 212 102 959 43 333 274 221 102 745 629 59 486 274 75 1 843 59 515 838 951 692 366 17 985 237 214 75 556 901 782 914 540 452 333 137 272 85 914 378 904 483 994 378 782 43 948 84 658 985 948 60 659 838 629 137 517 843 240 115 214 490 489 745 984 885 443 716 474 292 85 344 837 60 240 60 659 137 212 882 1001
1001 951 1001 1001 1001 1001 1001 1001 1001 1001 1001 1001 1001 1001 1001 1001 1001 1001 1001 1001 1001 1001 1001 1001 1001 1001 1001 1001 1001 1001 1001 1001 1001 1001 1001 1001 1001 1001 1001 1001 1001 1001 1001 1001 1001 1001 1001 1001 1001 1001 1001 1001 1001 1001 1001 1001 1001 1001 1001 1001 1001 1001 1001 1001 1001 1001 1001 1001 1001 1001 1001 1001 1001 1001 1001 1001 1001 1001 1001 1001 1001 1001 1001 1001 1001 1001 1001 1001 1001 1001 1001 1001 1001 1001 1001 1001 1001 1001 1001 1001
1001 36 1001 947 477 17 716 838 486 885 959 517 279 1000 36 452 711 36 745 454 315 951 947 733 692 237 1 333 630 733 8 233 304 75 630 304 102 927 84 630 716 517 701 490 43 733 984 292 837 233 716 629 115 137 366 876 366 947 670 489 167 673 733 994 820 366 274 452 272 948 556 486 994 837 36 35 43 1000 337 366 733 567 1000 914 712 927 233 625 782 947 115 456 75 914 443 415 765 692 843 515
1001 948 1001 1001 1001 1001 1001 1001 1001 1001 1001 1001 1001 1001 1001 1001 1001 1001 1001 1001 1001 1001 1001 1001 1001 1001 1001 1001 1001 1001 1001 1001 1001 1001 1001 1001 1001 1001 1001 1001 1001 1001 1001 1001 1001 1001 1001 1001 1001 1001 1001 1001 1001 1001 1001 1001 1001 1001 1001 1001 1001 1001 1001 1001 1001 1001 1001 1001 1001 1001 1001 1001 1001 1001 1001 1001 1001 1001 1001 1001 1001 1001 1001 1001 1001 1001 1001 1001 1001 1001 1001 1001 1001 1001 1001 1001 1001 1001 1001 1001
1001 673 443 59 366 985 701 733 540 315 333 137 733 1000 221 820 765 716 84 489 378 115 1000 452 415 337 233 480 947 670 137 333 927 517 951 257 35 115 1 603 457 885 716 214 882 463 994 603 214 606 630 556 716 630 489 115 477 272 629 947 978 279 221 344 882 639 603 904 304 85 994 745 984 711 463 837 209 985 948 947 540 515 463 843 692 483 463 692 782 606 567 237 927 315 556 711 984 169 75 1001
1001 1001 1001 1001 1001 1001 1001 1001 1001 1001 1001 1001 1001 1001 1001 1001 1001 1001 1001 1001 1001 1001 1001 1001 1001 1001 1001 1001 1001 1001 1001 1001 1001 1001 1001 1001 1001 1001 1001 1001 1001 1001 1001 1001 1001 1001 1001 1001 1001 1001 1001 1001 1001 1001 1001 1001 1001 1001 1001 1001 1001 1001 1001 1001 1001 1001 1001 1001 1001 1001 1001 1001 1001 1001 1001 1001 1001 1001 1001 1001 1001 1001 1001 1001 1001 1001 1001 1001 1001 1001 1001 1001 1001 1001 1001 1001 1001 1001 1001 1001
