99 100
1 1 1 1 1 1 1 1 1 1 1 1 1 1 1 1 1 1 1 1 1 1 1 1 1 1 1 1 1 1 1 1 1 1 1 1 1 1 1 1 1 1 1 1 1 1 1 1 1 1 1 1 1 1 1 1 1 1 1 1 1 1 1 1 1 1 1 1 1 1 1 1 1 1 1 1 1 1 1 1 1 1 1 1 1 1 1 1 1 1 1 1 1 1 1 1 1 1 1 1
1 730774899 119549748 93020511 71425843 381566483 71425843 714996855 768892321 118114463 111490138 118114463 551734622 93020511 381566483 1000000000 730774899 74069210 712864173 142364089 160316943 712864173 142364089 658770164 1000000000 768892321 160316943 83944554 514090151 514090151 142364089 381566483 111490138 93020511 93020511 551734622 74069210 93020511 1000000000 551734622 551734622 74069210 712864173 658770164 119549748 205500901 551734622 768892321 74069210 71425843 160316943 83944554 93020511 768892321 118114463 118114463 712864173 118114463 83944554 74069210 714996855 551734622 142364089 1000000000 83944554 142364089 658770164 205500901 514090151 768892321 118114463 142364089 714996855 118114463 74069210 768892321 714996855 71425843 160316943 1000000000 118114463 1000000000 118114463 118114463 93020511 71425843 93020511 658770164 951651842 951651842 83944554 93020511 381566483 142364089 119549748 551734622 111490138 111490138 551734622 1
1 1 1 1 1 1 1 1 1 1 1 1 1 1 1 1 1 1 1 1 1 1 1 1 1 1 1 1 1 1 1 1 1 1 1 1 1 1 1 1 1 1 1 1 1 1 1 1 1 1 1 1 1 1 1 1 1 1 1 1 1 1 1 1 1 1 1 1 1 1 1 1 1 1 1 1 1 1 1 1 1 1 1 1 1 1 1 1 1 1 1 1 1 1 1 1 1 1 1000000000 1
514090151 730774899 514090151 205500901 142364089 768892321 1000000000 712864173 142364089 71425843 658770164 71425843 551734622 160316943 712864173 119549748 205500901 714996855 381566483 514090151 1000000000 551734622 514090151 160316943 712864173 730774899 74069210 514090151 714996855 768892321 111490138 83944554 205500901 83944554 951651842 551734622 381566483 951651842 74069210 119549748 160316943 658770164 712864173 712864173 142364089 951651842 111490138 119549748 111490138 951651842 71425843 1000000000 768892321 714996855 142364089 514090151 205500901 514090151 714996855 658770164 730774899 381566483 551734622 768892321 551734622 1000000000 1000000000 93020511 381566483 730774899 71425843 83944554 712864173 730774899 381566483 205500901 712864173 119549748 119549748 658770164 160316943 658770164 551734622 712864173 118114463 714996855 730774899 111490138 93020511 118114463 74069210 1000000000 118114463 551734622 118114463 205500901 205500901 1 514090151 1
1 1 1 1 1 1 1 1 1 1 1 1 1 1 1 1 1 1 1 1 1 1 1 1 1 1 1 1 1 1 1 1 1 1 1 1 1 1 1 1 1 1 1 1 1 1 1 1 1 1 1 1 1 1 1 1 1 1 1 1 1 1 1 1 1 1 1 1 1 1 1 1 1 1 1 1 1 1 1 1 1 1 1 1 1 1 1 1 1 1 1 1 1 1 1 1 1 1 119549748 1
1 142364089 514090151 119549748 1000000000 205500901 514090151 71425843 514090151 768892321 712864173 205500901 551734622 119549748 71425843 1000000000 658770164 514090151 142364089 658770164 160316943 551734622 381566483 160316943 74069210 93020511 714996855 93020511 658770164 1000000000 119549748 205500901 142364089 83944554 714996855 1000000000 119549748 83944554 119549748 381566483 118114463 730774899 160316943 658770164 71425843 205500901 71425843 71425843 514090151 93020511 93020511 160316943 514090151 714996855 74069210 119549748 381566483 111490138 118114463 93020511 514090151 93020511 83944554 730774899 111490138 74069210 551734622 730774899 768892321 951651842 205500901 71425843 714996855 1000000000 658770164 160316943 119549748 118114463 730774899 514090151 71425843 730774899 714996855 658770164 658770164 730774899 205500901 119549748 74069210 74069210 205500901 714996855 1000000000 74069210 111490138 730774899 111490138 83944554 712864173 1
1 1 1 1 1 1 1 1 1 1 1 1 1 1 1 1 1 1 1 1 1 1 1 1 1 1 1 1 1 1 1 1 1 1 1 1 1 1 1 1 1 1 1 1 1 1 1 1 1 1 1 1 1 1 1 1 1 1 1 1 1 1 1 1 1 1 1 1 1 1 1 1 1 1 1 1 1 1 1 1 1 1 1 1 1 1 1 1 1 1 1 1 1 1 1 1 1 1 951651842 1
118114463 714996855 93020511 1000000000 551734622 951651842 93020511 93020511 83944554 205500901 142364089 160316943 142364089 111490138 514090151 74069210 83944554 71425843 658770164 514090151 93020511 714996855 381566483 514090151 1000000000 83944554 768892321 118114463 551734622 142364089 714996855 119549748 93020511 118114463 111490138 205500901 111490138 74069210 111490138 658770164 83944554 514090151 118114463 712864173 205500901 514090151 142364089 514090151 730774899 119549748 74069210 71425843 730774899 160316943 658770164 83944554 951651842 951651842 951651842 119549748 111490138 381566483 381566483 83944554 205500901 381566483 658770164 381566483 1000000000 74069210 730774899 714996855 74069210 658770164 142364089 951651842 93020511 205500901 205500901 111490138 381566483 74069210 142364089 83944554 951651842 93020511 111490138 71425843 83944554 730774899 730774899 381566483 74069210 1000000000 205500901 119549748 1000000000 1 712864173 1
1 1 1 1 1 1 1 1 1 1 1 1 1 1 1 1 1 1 1 1 1 1 1 1 1 1 1 1 1 1 1 1 1 1 1 1 1 1 1 1 1 1 1 1 1 1 1 1 1 1 1 1 1 1 1 1 1 1 1 1 1 1 1 1 1 1 1 1 1 1 1 1 1 1 1 1 1 1 1 1 1 1 1 1 1 1 1 1 1 1 1 1 1 1 1 1 1 1 712864173 1
1 381566483 83944554 381566483 381566483 111490138 1000000000 768892321 951651842 712864173 71425843 712864173 71425843 768892321 1000000000 768892321 71425843 205500901 111490138 658770164 712864173 514090151 93020511 551734622 142364089 74069210 658770164 1000000000 142364089 93020511 142364089 712864173 160316943 119549748 514090151 658770164 119549748 551734622 118114463 514090151 712864173 381566483 93020511 514090151 118114463 381566483 74069210 712864173 93020511 658770164 381566483 83944554 93020511 381566483 142364089 730774899 658770164 205500901 71425843 658770164 93020511 205500901 514090151 712864173 1000000000 951651842 730774899 93020511 119549748 712864173 160316943 514090151 118114463 658770164 951651842 1000000000 142364089 142364089 111490138 205500901 381566483 142364089 714996855 714996855 768892321 118114463 730774899 160316943 119549748 951651842 83944554 768892321 381566483 71425843 951651842 111490138 71425843 83944554 714996855 1
1 1 1 1 1 1 1 1 1 1 1 1 1 1 1 1 1 1 1 1 1 1 1 1 1 1 1 1 1 1 1 1 1 1 1 1 1 1 1 1 1 1 1 1 1 1 1 1 1 1 1 1 1 1 1 1 1 1 1 1 1 1 1 1 1 1 1 1 1 1 1 1 1 1 1 1 1 1 1 1 1 1 1 1 1 1 1 1 1 1 1 1 1 1 1 1 1 1 712864173 1
160316943 83944554 1000000000 1000000000 119549748 71425843 712864173 205500901 730774899 951651842 93020511 730774899 712864173 730774899 111490138 551734622 83944554 1000000000 551734622 205500901 118114463 142364089 93020511 83944554 160316943 714996855 768892321 730774899 205500901 951651842 71425843 768892321 111490138 1000000000 658770164 768892321 551734622 714996855 658770164 1000000000 551734622 142364089 71425843 83944554 83944554 118114463 1000000000 658770164 74069210 658770164 118114463 514090151 951651842 160316943 111490138 71425843 658770164 142364089 111490138 551734622 74069210 74069210 514090151 142364089 712864173 951651842 93020511 658770164 514090151 712864173 142364089 381566483 118114463 83944554 381566483 768892321 551734622 119549748 142364089 381566483 714996855 768892321 142364089 119549748 93020511 118114463 714996855 74069210 119549748 93020511 205500901 712864173 119549748 74069210 111490138 205500901 142364089 1 658770164 1
1 1 1 1 1 1 1 1 1 1 1 1 1 1 1 1 1 1 1 1 1 1 1 1 1 1 1 1 1 1 1 1 1 1 1 1 1 1 1 1 1 1 1 1 1 1 1 1 1 1 1 1 1 1 1 1 1 1 1 1 1 1 1 1 1 1 1 1 1 1 1 1 1 1 1 1 1 1 1 1 1 1 1 1 1 1 1 1 1 1 1 1 1 1 1 1 1 1 71425843 1
1 1000000000 658770164 71425843 111490138 111490138 714996855 160316943 205500901 658770164 142364089 658770164 83944554 118114463 730774899 951651842 71425843 381566483 730774899 71425843 111490138 142364089 714996855 951651842 93020511 118114463 93020511 111490138 730774899 111490138 74069210 381566483 93020511 205500901 658770164 93020511 714996855 74069210 74069210 111490138 1000000000 381566483 730774899 93020511 658770164 712864173 83944554 1000000000 658770164 730774899 658770164 119549748 111490138 381566483 714996855 119549748 730774899 142364089 93020511 712864173 160316943 71425843 768892321 71425843 658770164 514090151 83944554 1000000000 381566483 1000000000 142364089 730774899 730774899 381566483 74069210 712864173 205500901 712864173 119549748 142364089 551734622 514090151 1000000000 119549748 658770164 730774899 93020511 381566483 951651842 381566483 730774899 160316943 142364089 712864173 118114463 712864173 74069210 93020511 71425843 1
1 1 1 1 1 1 1 1 1 1 1 1 1 1 1 1 1 1 1 1 1 1 1 1 1 1 1 1 1 1 1 1 1 1 1 1 1 1 1 1 1 1 1 1 1 1 1 1 1 1 1 1 1 1 1 1 1 1 1 1 1 1 1 1 1 1 1 1 1 1 1 1 1 1 1 1 1 1 1 1 1 1 1 1 1 1 1 1 1 1 1 1 1 1 1 1 1 1 93020511 1
514090151 160316943 514090151 658770164 712864173 730774899 93020511 712864173 951651842 381566483 118114463 714996855 160316943 1000000000 142364089 551734622 730774899 768892321 714996855 551734622 119549748 119549748 551734622 1000000000 714996855 514090151 730774899 118114463 74069210 714996855 160316943 951651842 712864173 93020511 768892321 160316943 119549748 74069210 730774899 93020511 381566483 119549748 160316943 730774899 514090151 768892321 730774899 551734622 514090151 205500901 71425843 119549748 1000000000 205500901 514090151 205500901 768892321 74069210 118114463 93020511 71425843 658770164 205500901 712864173 768892321 111490138 514090151 93020511 514090151 951651842 93020511 658770164 93020511 951651842 160316943 951651842 119549748 142364089 71425843 658770164 768892321 1000000000 93020511 951651842 514090151 951651842 551734622 712864173 71425843 551734622 83944554 119549748 714996855 551734622 514090151 83944554 658770164 1 71425843 1
1 1 1 1 1 1 1 1 1 1 1 1 1 1 1 1 1 1 1 1 1 1 1 1 1 1 1 1 1 1 1 1 1 1 1 1 1 1 1 1 1 1 1 1 1 1 1 1 1 1 1 1 1 1 1 1 1 1 1 1 1 1 1 1 1 1 1 1 1 1 1 1 1 1 1 1 1 1 1 1 1 1 1 1 1 1 1 1 1 1 1 1 1 1 1 1 1 1 93020511 1
1 111490138 514090151 381566483 712864173 118114463 93020511 118114463 951651842 111490138 1000000000 118114463 119549748 118114463 142364089 712864173 142364089 514090151 658770164 951651842 658770164 205500901 1000000000 381566483 1000000000 381566483 1000000000 71425843 111490138 514090151 514090151 714996855 381566483 118114463 119549748 768892321 714996855 142364089 712864173 658770164 119549748 712864173 951651842 551734622 118114463 111490138 160316943 205500901 118114463 111490138 142364089 514090151 381566483 205500901 514090151 142364089 712864173 142364089 768892321 768892321 205500901 118114463 160316943 74069210 951651842 142364089 514090151 74069210 205500901 1000000000 93020511 658770164 768892321 83944554 551734622 730774899 951651842 111490138 381566483 712864173 712864173 951651842 1000000000 514090151 83944554 551734622 205500901 118114463 119549748 551734622 160316943 730774899 142364089 205500901 381566483 118114463 119549748 514090151 119549748 1
1 1 1 1 1 1 1 1 1 1 1 1 1 1 1 1 1 1 1 1 1 1 1 1 1 1 1 1 1 1 1 1 1 1 1 1 1 1 1 1 1 1 1 1 1 1 1 1 1 1 1 1 1 1 1 1 1 1 1 1 1 1 1 1 1 1 1 1 1 1 1 1 1 1 1 1 1 1 1 1 1 1 1 1 1 1 1 1 1 1 1 1 1 1 1 1 1 1 730774899 1
83944554 118114463 160316943 514090151 74069210 119549748 951651842 71425843 142364089 730774899 111490138 381566483 71425843 119549748 142364089 83944554 74069210 1000000000 93020511 730774899 381566483 119549748 730774899 119549748 551734622 514090151 714996855 514090151 658770164 551734622 74069210 514090151 551734622 83944554 74069210 160316943 142364089 83944554 730774899 730774899 714996855 951651842 514090151 119549748 658770164 730774899 1000000000 111490138 205500901 111490138 160316943 551734622 712864173 111490138 951651842 205500901 119549748 93020511 205500901 74069210 142364089 1000000000 951651842 551734622 93020511 1000000000 551734622 381566483 712864173 951651842 658770164 768892321 551734622 714996855 712864173 768892321 714996855 714996855 111490138 730774899 951651842 111490138 83944554 118114463 119549748 93020511 1000000000 118114463 730774899 381566483 514090151 93020511 93020511 1000000000 1000000000 74069210 551734622 1 768892321 1
1 1 1 1 1 1 1 1 1 1 1 1 1 1 1 1 1 1 1 1 1 1 1 1 1 1 1 1 1 1 1 1 1 1 1 1 1 1 1 1 1 1 1 1 1 1 1 1 1 1 1 1 1 1 1 1 1 1 1 1 1 1 1 1 1 1 1 1 1 1 1 1 1 1 1 1 1 1 1 1 1 1 1 1 1 1 1 1 1 1 1 1 1 1 1 1 1 1 768892321 1
1 1000000000 93020511 1000000000 951651842 514090151 714996855 551734622 118114463 768892321 142364089 514090151 768892321 119549748 205500901 74069210 74069210 514090151 93020511 551734622 83944554 83944554 730774899 142364089 951651842 712864173 118114463 205500901 768892321 514090151 160316943 118114463 71425843 71425843 111490138 119549748 119549748 118114463 111490138 83944554 71425843 205500901 83944554 111490138 118114463 119549748 768892321 205500901 160316943 74069210 111490138 93020511 551734622 205500901 74069210 730774899 768892321 712864173 74069210 551734622 1000000000 730774899 74069210 83944554 712864173 119549748 83944554 551734622 118114463 93020511 160316943 93020511 551734622 730774899 142364089 714996855 768892321 730774899 658770164 658770164 768892321 712864173 83944554 93020511 71425843 714996855 714996855 118114463 93020511 111490138 1000000000 118114463 381566483 83944554 71425843 83944554 74069210 119549748 551734622 1
1 1 1 1 1 1 1 1 1 1 1 1 1 1 1 1 1 1 1 1 1 1 1 1 1 1 1 1 1 1 1 1 1 1 1 1 1 1 1 1 1 1 1 1 1 1 1 1 1 1 1 1 1 1 1 1 1 1 1 1 1 1 1 1 1 1 1 1 1 1 1 1 1 1 1 1 1 1 1 1 1 1 1 1 1 1 1 1 1 1 1 1 1 1 1 1 1 1 381566483 1
551734622 74069210 160316943 658770164 730774899 118114463 1000000000 714996855 381566483 951651842 93020511 160316943 658770164 160316943 74069210 714996855 712864173 381566483 118114463 730774899 71425843 730774899 514090151 714996855 730774899 381566483 160316943 83944554 658770164 951651842 119549748 1000000000 111490138 514090151 74069210 205500901 714996855 205500901 551734622 381566483 118114463 714996855 142364089 119549748 83944554 1000000000 951651842 119549748 205500901 160316943 118114463 118114463 71425843 160316943 142364089 712864173 768892321 768892321 111490138 712864173 712864173 714996855 118114463 93020511 111490138 71425843 768892321 118114463 111490138 730774899 514090151 142364089 74069210 160316943 160316943 730774899 205500901 205500901 205500901 551734622 160316943 111490138 118114463 712864173 514090151 951651842 768892321 381566483 93020511 205500901 205500901 951651842 1000000000 658770164 712864173 1000000000 714996855 1 83944554 1
1 1 1 1 1 1 1 1 1 1 1 1 1 1 1 1 1 1 1 1 1 1 1 1 1 1 1 1 1 1 1 1 1 1 1 1 1 1 1 1 1 1 1 1 1 1 1 1 1 1 1 1 1 1 1 1 1 1 1 1 1 1 1 1 1 1 1 1 1 1 1 1 1 1 1 1 1 1 1 1 1 1 1 1 1 1 1 1 1 1 1 1 1 1 1 1 1 1 514090151 1
1 658770164 83944554 119549748 160316943 514090151 514090151 551734622 1000000000 119549748 74069210 74069210 160316943 551734622 551734622 551734622 712864173 730774899 205500901 83944554 730774899 71425843 381566483 71425843 111490138 712864173 381566483 658770164 83944554 74069210 119549748 1000000000 118114463 1000000000 93020511 730774899 71425843 111490138 1000000000 768892321 119549748 205500901 768892321 111490138 951651842 730774899 93020511 71425843 1000000000 205500901 71425843 111490138 111490138 730774899 381566483 1000000000 514090151 730774899 119549748 514090151 730774899 714996855 111490138 205500901 142364089 951651842 118114463 83944554 119549748 381566483 71425843 381566483 1000000000 71425843 74069210 118114463 768892321 712864173 71425843 714996855 658770164 111490138 74069210 118114463 111490138 83944554 551734622 160316943 71425843 1000000000 712864173 142364089 160316943 119549748 551734622 111490138 71425843 714996855 381566483 1
1 1 1 1 1 1 1 1 1 1 1 1 1 1 1 1 1 1 1 1 1 1 1 1 1 1 1 1 1 1 1 1 1 1 1 1 1 1 1 1 1 1 1 1 1 1 1 1 1 1 1 1 1 1 1 1 1 1 1 1 1 1 1 1 1 1 1 1 1 1 1 1 1 1 1 1 1 1 1 1 1 1 1 1 1 1 1 1 1 1 1 1 1 1 1 1 1 1 142364089 1
118114463 119549748 205500901 730774899 83944554 160316943 111490138 118114463 118114463 160316943 768892321 119549748 160316943 205500901 160316943 205500901 514090151 119549748 514090151 730774899 142364089 83944554 514090151 768892321 74069210 730774899 1000000000 381566483 83944554 1000000000 768892321 160316943 111490138 74069210 71425843 111490138 514090151 93020511 160316943 951651842 160316943 160316943 119549748 1000000000 119549748 74069210 119549748 712864173 142364089 768892321 658770164 381566483 74069210 93020511 951651842 514090151 712864173 71425843 74069210 74069210 83944554 730774899 730774899 160316943 951651842 768892321 730774899 71425843 93020511 160316943 71425843 205500901 83944554 118114463 658770164 1000000000 83944554 768892321 205500901 768892321 730774899 951651842 551734622 381566483 160316943 951651842 951651842 74069210 118114463 111490138 118114463 83944554 119549748 1000000000 551734622 768892321 74069210 1 160316943 1
1 1 1 1 1 1 1 1 1 1 1 1 1 1 1 1 1 1 1 1 1 1 1 1 1 1 1 1 1 1 1 1 1 1 1 1 1 1 1 1 1 1 1 1 1 1 1 1 1 1 1 1 1 1 1 1 1 1 1 1 1 1 1 1 1 1 1 1 1 1 1 1 1 1 1 1 1 1 1 1 1 1 1 1 1 1 1 1 1 1 1 1 1 1 1 1 1 1 118114463 1
1 514090151 93020511 111490138 514090151 514090151 381566483 712864173 714996855 551734622 118114463 93020511 111490138 111490138 551734622 119549748 714996855 83944554 205500901 205500901 93020511 74069210 71425843 205500901 142364089 714996855 768892321 714996855 205500901 71425843 730774899 74069210 1000000000 551734622 658770164 768892321 111490138 119549748 768892321 514090151 730774899 205500901 514090151 951651842 205500901 951651842 118114463 658770164 142364089 730774899 768892321 74069210 712864173 658770164 551734622 71425843 118114463 118114463 119549748 730774899 71425843 111490138 160316943 381566483 730774899 714996855 160316943 551734622 381566483 160316943 160316943 119549748 142364089 74069210 658770164 111490138 514090151 768892321 730774899 658770164 74069210 551734622 205500901 712864173 142364089 119549748 658770164 205500901 658770164 381566483 160316943 951651842 142364089 71425843 381566483 111490138 118114463 71425843 551734622 1
1 1 1 1 1 1 1 1 1 1 1 1 1 1 1 1 1 1 1 1 1 1 1 1 1 1 1 1 1 1 1 1 1 1 1 1 1 1 1 1 1 1 1 1 1 1 1 1 1 1 1 1 1 1 1 1 1 1 1 1 1 1 1 1 1 1 1 1 1 1 1 1 1 1 1 1 1 1 1 1 1 1 1 1 1 1 1 1 1 1 1 1 1 1 1 1 1 1 93020511 1
951651842 381566483 160316943 160316943 768892321 514090151 730774899 551734622 1000000000 951651842 160316943 71425843 381566483 1000000000 551734622 74069210 160316943 514090151 1000000000 71425843 768892321 514090151 712864173 514090151 71425843 118114463 118114463 768892321 71425843 118114463 514090151 205500901 658770164 118114463 71425843 658770164 71425843 951651842 111490138 1000000000 160316943 768892321 160316943 768892321 951651842 205500901 381566483 160316943 74069210 160316943 119549748 119549748 1000000000 730774899 119549748 514090151 118114463 1000000000 118114463 951651842 71425843 712864173 205500901 71425843 118114463 83944554 768892321 71425843 951651842 119549748 1000000000 951651842 142364089 142364089 142364089 381566483 142364089 381566483 381566483 714996855 768892321 205500901 142364089 160316943 1000000000 714996855 118114463 714996855 142364089 1000000000 205500901 160316943 205500901 142364089 93020511 551734622 551734622 1 205500901 1
1 1 1 1 1 1 1 1 1 1 1 1 1 1 1 1 1 1 1 1 1 1 1 1 1 1 1 1 1 1 1 1 1 1 1 1 1 1 1 1 1 1 1 1 1 1 1 1 1 1 1 1 1 1 1 1 1 1 1 1 1 1 1 1 1 1 1 1 1 1 1 1 1 1 1 1 1 1 1 1 1 1 1 1 1 1 1 1 1 1 1 1 1 1 1 1 1 1 730774899 1
1 118114463 381566483 730774899 381566483 160316943 714996855 93020511 658770164 160316943 160316943 83944554 142364089 119549748 71425843 119549748 768892321 118114463 83944554 712864173 951651842 712864173 714996855 551734622 1000000000 1000000000 514090151 658770164 551734622 71425843 768892321 551734622 93020511 381566483 205500901 714996855 83944554 142364089 83944554 514090151 205500901 83944554 381566483 71425843 768892321 714996855 551734622 514090151 712864173 714996855 1000000000 119549748 714996855 714996855 74069210 712864173 714996855 1000000000 93020511 71425843 768892321 142364089 514090151 714996855 730774899 381566483 658770164 514090151 951651842 160316943 205500901 160316943 111490138 714996855 730774899 119549748 160316943 118114463 551734622 160316943 160316943 93020511 658770164 71425843 160316943 83944554 514090151 712864173 74069210 730774899 768892321 381566483 1000000000 74069210 83944554 118114463 551734622 551734622 74069210 1
1 1 1 1 1 1 1 1 1 1 1 1 1 1 1 1 1 1 1 1 1 1 1 1 1 1 1 1 1 1 1 1 1 1 1 1 1 1 1 1 1 1 1 1 1 1 1 1 1 1 1 1 1 1 1 1 1 1 1 1 1 1 1 1 1 1 1 1 1 1 1 1 1 1 1 1 1 1 1 1 1 1 1 1 1 1 1 1 1 1 1 1 1 1 1 1 1 1 119549748 1
712864173 1000000000 658770164 714996855 730774899 514090151 205500901 658770164 381566483 160316943 551734622 730774899 551734622 768892321 1000000000 712864173 551734622 951651842 712864173 712864173 142364089 118114463 658770164 381566483 551734622 381566483 111490138 768892321 714996855 118114463 71425843 142364089 514090151 381566483 712864173 93020511 74069210 205500901 71425843 74069210 730774899 93020511 768892321 119549748 658770164 205500901 71425843 951651842 514090151 730774899 160316943 111490138 658770164 93020511 119549748 93020511 714996855 142364089 118114463 714996855 712864173 381566483 658770164 160316943 160316943 658770164 83944554 160316943 658770164 118114463 111490138 951651842 951651842 730774899 119549748 714996855 768892321 93020511 768892321 714996855 514090151 118114463 951651842 381566483 142364089 119549748 119549748 160316943 658770164 714996855 83944554 712864173 205500901 160316943 118114463 160316943 71425843 1 93020511 1
1 1 1 1 1 1 1 1 1 1 1 1 1 1 1 1 1 1 1 1 1 1 1 1 1 1 1 1 1 1 1 1 1 1 1 1 1 1 1 1 1 1 1 1 1 1 1 1 1 1 1 1 1 1 1 1 1 1 1 1 1 1 1 1 1 1 1 1 1 1 1 1 1 1 1 1 1 1 1 1 1 1 1 1 1 1 1 1 1 1 1 1 1 1 1 1 1 1 111490138 1
1 951651842 714996855 730774899 142364089 111490138 514090151 142364089 714996855 160316943 381566483 1000000000 714996855 71425843 514090151 551734622 74069210 119549748 205500901 714996855 71425843 768892321 730774899 93020511 118114463 714996855 118114463 951651842 160316943 658770164 74069210 730774899 1000000000 381566483 118114463 1000000000 768892321 93020511 768892321 730774899 71425843 205500901 730774899 93020511 142364089 111490138 381566483 118114463 712864173 551734622 1000000000 768892321 551734622 74069210 951651842 714996855 712864173 71425843 730774899 551734622 83944554 514090151 1000000000 71425843 74069210 74069210 83944554 74069210 514090151 160316943 71425843 118114463 381566483 1000000000 658770164 83944554 951651842 119549748 712864173 768892321 71425843 951651842 142364089 111490138 712864173 119549748 1000000000 83944554 951651842 658770164 71425843 381566483 381566483 119549748 951651842 1000000000 381566483 712864173 205500901 1
1 1 1 1 1 1 1 1 1 1 1 1 1 1 1 1 1 1 1 1 1 1 1 1 1 1 1 1 1 1 1 1 1 1 1 1 1 1 1 1 1 1 1 1 1 1 1 1 1 1 1 1 1 1 1 1 1 1 1 1 1 1 1 1 1 1 1 1 1 1 1 1 1 1 1 1 1 1 1 1 1 1 1 1 1 1 1 1 1 1 1 1 1 1 1 1 1 1 551734622 1
551734622 74069210 514090151 119549748 768892321 71425843 951651842 118114463 118114463 205500901 118114463 714996855 1000000000 514090151 714996855 951651842 551734622 142364089 381566483 514090151 714996855 118114463 205500901 951651842 551734622 712864173 71425843 71425843 551734622 71425843 730774899 119549748 111490138 1000000000 714996855 1000000000 714996855 205500901 160316943 205500901 381566483 712864173 160316943 71425843 119549748 714996855 160316943 205500901 71425843 658770164 83944554 118114463 74069210 83944554 951651842 551734622 83944554 71425843 514090151 712864173 714996855 768892321 381566483 658770164 111490138 119549748 514090151 118114463 119549748 83944554 205500901 381566483 142364089 658770164 71425843 768892321 714996855 93020511 142364089 93020511 514090151 142364089 119549748 768892321 71425843 119549748 71425843 730774899 551734622 83944554 93020511 83944554 551734622 551734622 381566483 1000000000 160316943 1 111490138 1
1 1 1 1 1 1 1 1 1 1 1 1 1 1 1 1 1 1 1 1 1 1 1 1 1 1 1 1 1 1 1 1 1 1 1 1 1 1 1 1 1 1 1 1 1 1 1 1 1 1 1 1 1 1 1 1 1 1 1 1 1 1 1 1 1 1 1 1 1 1 1 1 1 1 1 1 1 1 1 1 1 1 1 1 1 1 1 1 1 1 1 1 1 1 1 1 1 1 74069210 1
1 93020511 658770164 205500901 160316943 71425843 730774899 951651842 142364089 1000000000 93020511 514090151 1000000000 551734622 118114463 142364089 71425843 93020511 74069210 119549748 118114463 119549748 119549748 730774899 111490138 381566483 118114463 730774899 118114463 714996855 83944554 119549748 83944554 551734622 551734622 951651842 74069210 118114463 93020511 730774899 160316943 514090151 119549748 71425843 551734622 205500901 119549748 74069210 119549748 93020511 160316943 205500901 205500901 111490138 1000000000 160316943 118114463 381566483 712864173 951651842 71425843 768892321 83944554 111490138 1000000000 714996855 83944554 118114463 730774899 551734622 951651842 730774899 1000000000 111490138 712864173 951651842 93020511 93020511 74069210 768892321 658770164 551734622 205500901 74069210 1000000000 768892321 712864173 119549748 768892321 111490138 111490138 730774899 951651842 119549748 381566483 74069210 1000000000 381566483 714996855 1
1 1 1 1 1 1 1 1 1 1 1 1 1 1 1 1 1 1 1 1 1 1 1 1 1 1 1 1 1 1 1 1 1 1 1 1 1 1 1 1 1 1 1 1 1 1 1 1 1 1 1 1 1 1 1 1 1 1 1 1 1 1 1 1 1 1 1 1 1 1 1 1 1 1 1 1 1 1 1 1 1 1 1 1 1 1 1 1 1 1 1 1 1 1 1 1 1 1 951651842 1
83944554 514090151 93020511 205500901 551734622 111490138 160316943 951651842 160316943 1000000000 381566483 142364089 118114463 74069210 74069210 71425843 381566483 951651842 160316943 119549748 119549748 381566483 658770164 551734622 551734622 658770164 514090151 71425843 714996855 118114463 93020511 71425843 1000000000 142364089 205500901 83944554 93020511 768892321 160316943 205500901 712864173 768892321 119549748 551734622 514090151 381566483 551734622 551734622 551734622 951651842 551734622 83944554 119549748 160316943 205500901 514090151 951651842 119549748 118114463 714996855 118114463 730774899 514090151 118114463 514090151 1000000000 712864173 712864173 93020511 1000000000 83944554 74069210 119549748 111490138 71425843 142364089 951651842 712864173 1000000000 951651842 71425843 111490138 658770164 83944554 381566483 83944554 712864173 93020511 205500901 205500901 514090151 160316943 551734622 71425843 1000000000 768892321 730774899 1 551734622 1
1 1 1 1 1 1 1 1 1 1 1 1 1 1 1 1 1 1 1 1 1 1 1 1 1 1 1 1 1 1 1 1 1 1 1 1 1 1 1 1 1 1 1 1 1 1 1 1 1 1 1 1 1 1 1 1 1 1 1 1 1 1 1 1 1 1 1 1 1 1 1 1 1 1 1 1 1 1 1 1 1 1 1 1 1 1 1 1 1 1 1 1 1 1 1 1 1 1 160316943 1
1 93020511 142364089 111490138 74069210 712864173 74069210 118114463 658770164 951651842 83944554 381566483 951651842 93020511 658770164 118114463 142364089 142364089 768892321 730774899 551734622 551734622 74069210 381566483 74069210 514090151 111490138 551734622 712864173 712864173 551734622 514090151 74069210 71425843 93020511 730774899 205500901 93020511 514090151 514090151 1000000000 1000000000 768892321 74069210 730774899 119549748 730774899 951651842 93020511 118114463 93020511 83944554 514090151 951651842 118114463 730774899 730774899 381566483 71425843 514090151 658770164 1000000000 160316943 658770164 1000000000 71425843 118114463 951651842 93020511 551734622 712864173 119549748 514090151 1000000000 111490138 118114463 93020511 514090151 714996855 71425843 83944554 118114463 118114463 83944554 205500901 714996855 730774899 118114463 768892321 205500901 514090151 160316943 160316943 142364089 142364089 74069210 768892321 658770164 551734622 1
1 1 1 1 1 1 1 1 1 1 1 1 1 1 1 1 1 1 1 1 1 1 1 1 1 1 1 1 1 1 1 1 1 1 1 1 1 1 1 1 1 1 1 1 1 1 1 1 1 1 1 1 1 1 1 1 1 1 1 1 1 1 1 1 1 1 1 1 1 1 1 1 1 1 1 1 1 1 1 1 1 1 1 1 1 1 1 1 1 1 1 1 1 1 1 1 1 1 768892321 1
951651842 111490138 658770164 71425843 118114463 142364089 551734622 658770164 119549748 658770164 118114463 74069210 551734622 712864173 551734622 142364089 712864173 205500901 118114463 71425843 1000000000 730774899 514090151 160316943 160316943 381566483 1000000000 142364089 1000000000 83944554 74069210 768892321 1000000000 119549748 730774899 551734622 71425843 1000000000 714996855 658770164 74069210 514090151 730774899 658770164 160316943 93020511 381566483 712864173 951651842 205500901 730774899 514090151 730774899 205500901 768892321 74069210 514090151 768892321 119549748 74069210 514090151 83944554 205500901 142364089 712864173 768892321 111490138 714996855 119549748 551734622 768892321 730774899 93020511 658770164 83944554 74069210 658770164 205500901 119549748 119549748 658770164 142364089 83944554 714996855 951651842 160316943 714996855 768892321 119549748 514090151 71425843 551734622 160316943 551734622 381566483 142364089 1000000000 1 951651842 1
1 1 1 1 1 1 1 1 1 1 1 1 1 1 1 1 1 1 1 1 1 1 1 1 1 1 1 1 1 1 1 1 1 1 1 1 1 1 1 1 1 1 1 1 1 1 1 1 1 1 1 1 1 1 1 1 1 1 1 1 1 1 1 1 1 1 1 1 1 1 1 1 1 1 1 1 1 1 1 1 1 1 1 1 1 1 1 1 1 1 1 1 1 1 1 1 1 1 951651842 1
1 768892321 205500901 142364089 160316943 951651842 142364089 111490138 160316943 142364089 712864173 83944554 160316943 111490138 730774899 111490138 205500901 658770164 111490138 119549748 93020511 768892321 71425843 111490138 730774899 119549748 111490138 712864173 111490138 119549748 714996855 551734622 205500901 1000000000 142364089 93020511 951651842 71425843 951651842 119549748 1000000000 951651842 118114463 551734622 714996855 514090151 71425843 93020511 381566483 712864173 712864173 1000000000 74069210 712864173 142364089 381566483 83944554 119549748 142364089 1000000000 768892321 730774899 118114463 658770164 74069210 714996855 118114463 551734622 74069210 142364089 160316943 714996855 93020511 83944554 551734622 71425843 71425843 658770164 205500901 514090151 74069210 160316943 1000000000 514090151 71425843 74069210 514090151 381566483 730774899 381566483 712864173 111490138 714996855 951651842 160316943 768892321 658770164 119549748 514090151 1
1 1 1 1 1 1 1 1 1 1 1 1 1 1 1 1 1 1 1 1 1 1 1 1 1 1 1 1 1 1 1 1 1 1 1 1 1 1 1 1 1 1 1 1 1 1 1 1 1 1 1 1 1 1 1 1 1 1 1 1 1 1 1 1 1 1 1 1 1 1 1 1 1 1 1 1 1 1 1 1 1 1 1 1 1 1 1 1 1 1 1 1 1 1 1 1 1 1 714996855 1
714996855 83944554 1000000000 142364089 74069210 551734622 658770164 205500901 951651842 381566483 93020511 951651842 83944554 714996855 111490138 118114463 83944554 93020511 730774899 205500901 951651842 160316943 111490138 93020511 658770164 111490138 74069210 658770164 118114463 381566483 160316943 730774899 74069210 714996855 74069210 71425843 83944554 93020511 658770164 71425843 730774899 160316943 74069210 730774899 74069210 205500901 205500901 551734622 118114463 142364089 658770164 93020511 93020511 160316943 381566483 160316943 119549748 514090151 118114463 768892321 768892321 658770164 712864173 160316943 71425843 951651842 142364089 381566483 714996855 118114463 951651842 1000000000 714996855 71425843 714996855 160316943 111490138 83944554 142364089 381566483 551734622 118114463 658770164 712864173 74069210 1000000000 93020511 205500901 74069210 71425843 93020511 768892321 71425843 111490138 74069210 381566483 381566483 1 551734622 1
1 1 1 1 1 1 1 1 1 1 1 1 1 1 1 1 1 1 1 1 1 1 1 1 1 1 1 1 1 1 1 1 1 1 1 1 1 1 1 1 1 1 1 1 1 1 1 1 1 1 1 1 1 1 1 1 1 1 1 1 1 1 1 1 1 1 1 1 1 1 1 1 1 1 1 1 1 1 1 1 1 1 1 1 1 1 1 1 1 1 1 1 1 1 1 1 1 1 658770164 1
1 142364089 658770164 74069210 119549748 514090151 142364089 951651842 74069210 205500901 142364089 381566483 71425843 160316943 119549748 74069210 658770164 160316943 142364089 658770164 93020511 93020511 118114463 74069210 951651842 83944554 1000000000 1000000000 712864173 119549748 658770164 712864173 160316943 83944554 83944554 160316943 951651842 951651842 514090151 381566483 160316943 142364089 111490138 142364089 93020511 119549748 83944554 71425843 658770164 551734622 714996855 83944554 111490138 93020511 381566483 1000000000 160316943 658770164 119549748 160316943 768892321 1000000000 514090151 71425843 111490138 551734622 768892321 142364089 205500901 514090151 712864173 205500901 551734622 119549748 658770164 93020511 658770164 381566483 111490138 514090151 142364089 551734622 71425843 658770164 714996855 730774899 71425843 142364089 730774899 714996855 768892321 118114463 714996855 142364089 93020511 730774899 93020511 658770164 74069210 1
1 1 1 1 1 1 1 1 1 1 1 1 1 1 1 1 1 1 1 1 1 1 1 1 1 1 1 1 1 1 1 1 1 1 1 1 1 1 1 1 1 1 1 1 1 1 1 1 1 1 1 1 1 1 1 1 1 1 1 1 1 1 1 1 1 1 1 1 1 1 1 1 1 1 1 1 1 1 1 1 1 1 1 1 1 1 1 1 1 1 1 1 1 1 1 1 1 1 658770164 1
381566483 714996855 205500901 951651842 205500901 1000000000 119549748 730774899 951651842 119549748 714996855 119549748 1000000000 83944554 93020511 74069210 768892321 83944554 71425843 730774899 658770164 119549748 951651842 93020511 205500901 768892321 551734622 205500901 111490138 730774899 160316943 1000000000 712864173 381566483 71425843 551734622 71425843 1000000000 205500901 71425843 714996855 551734622 514090151 951651842 658770164 74069210 205500901 205500901 730774899 658770164 951651842 381566483 768892321 74069210 381566483 142364089 658770164 111490138 74069210 658770164 205500901 951651842 1000000000 83944554 205500901 74069210 514090151 160316943 551734622 768892321 205500901 768892321 142364089 951651842 205500901 111490138 551734622 714996855 514090151 712864173 111490138 118114463 71425843 951651842 160316943 712864173 119549748 160316943 714996855 514090151 712864173 142364089 160316943 119549748 1000000000 205500901 768892321 1 119549748 1
1 1 1 1 1 1 1 1 1 1 1 1 1 1 1 1 1 1 1 1 1 1 1 1 1 1 1 1 1 1 1 1 1 1 1 1 1 1 1 1 1 1 1 1 1 1 1 1 1 1 1 1 1 1 1 1 1 1 1 1 1 1 1 1 1 1 1 1 1 1 1 1 1 1 1 1 1 1 1 1 1 1 1 1 1 1 1 1 1 1 1 1 1 1 1 1 1 1 514090151 1
1 658770164 730774899 768892321 93020511 658770164 712864173 1000000000 658770164 205500901 74069210 119549748 381566483 74069210 205500901 119549748 951651842 514090151 118114463 142364089 74069210 142364089 83944554 712864173 714996855 514090151 160316943 93020511 514090151 730774899 381566483 118114463 951651842 93020511 514090151 551734622 160316943 111490138 951651842 714996855 1000000000 160316943 768892321 551734622 93020511 119549748 74069210 1000000000 381566483 119549748 118114463 119549748 514090151 1000000000 119549748 71425843 160316943 71425843 658770164 119549748 951651842 714996855 83944554 119549748 714996855 119549748 83944554 74069210 118114463 381566483 951651842 712864173 118114463 514090151 514090151 551734622 111490138 714996855 83944554 93020511 83944554 118114463 71425843 514090151 1000000000 712864173 714996855 83944554 83944554 768892321 551734622 71425843 71425843 714996855 551734622 83944554 74069210 551734622 93020511 1
1 1 1 1 1 1 1 1 1 1 1 1 1 1 1 1 1 1 1 1 1 1 1 1 1 1 1 1 1 1 1 1 1 1 1 1 1 1 1 1 1 1 1 1 1 1 1 1 1 1 1 1 1 1 1 1 1 1 1 1 1 1 1 1 1 1 1 1 1 1 1 1 1 1 1 1 1 1 1 1 1 1 1 1 1 1 1 1 1 1 1 1 1 1 1 1 1 1 205500901 1
205500901 118114463 381566483 142364089 714996855 160316943 93020511 160316943 142364089 93020511 1000000000 1000000000 118114463 74069210 142364089 83944554 205500901 381566483 205500901 83944554 714996855 118114463 74069210 111490138 142364089 951651842 160316943 730774899 712864173 93020511 74069210 83944554 381566483 74069210 551734622 714996855 205500901 1000000000 730774899 142364089 119549748 951651842 551734622 93020511 551734622 768892321 74069210 142364089 83944554 93020511 160316943 1000000000 119549748 93020511 730774899 514090151 551734622 658770164 83944554 551734622 658770164 71425843 768892321 83944554 71425843 658770164 142364089 83944554 74069210 951651842 93020511 93020511 712864173 712864173 74069210 658770164 93020511 119549748 951651842 514090151 118114463 658770164 83944554 712864173 951651842 514090151 768892321 71425843 71425843 83944554 83944554 951651842 160316943 111490138 93020511 951651842 1000000000 1 119549748 1
1 1 1 1 1 1 1 1 1 1 1 1 1 1 1 1 1 1 1 1 1 1 1 1 1 1 1 1 1 1 1 1 1 1 1 1 1 1 1 1 1 1 1 1 1 1 1 1 1 1 1 1 1 1 1 1 1 1 1 1 1 1 1 1 1 1 1 1 1 1 1 1 1 1 1 1 1 1 1 1 1 1 1 1 1 1 1 1 1 1 1 1 1 1 1 1 1 1 71425843 1
1 712864173 83944554 142364089 714996855 74069210 142364089 712864173 551734622 205500901 381566483 551734622 514090151 74069210 730774899 118114463 74069210 83944554 118114463 712864173 768892321 71425843 551734622 142364089 551734622 768892321 119549748 160316943 1000000000 551734622 381566483 71425843 951651842 205500901 71425843 205500901 205500901 119549748 514090151 142364089 118114463 205500901 730774899 119549748 1000000000 74069210 142364089 714996855 118114463 658770164 83944554 381566483 730774899 83944554 205500901 111490138 951651842 74069210 768892321 142364089 83944554 205500901 71425843 205500901 1000000000 83944554 119549748 83944554 160316943 83944554 1000000000 142364089 951651842 714996855 142364089 551734622 730774899 712864173 551734622 714996855 730774899 160316943 205500901 551734622 111490138 714996855 712864173 514090151 1000000000 160316943 712864173 658770164 951651842 119549748 514090151 768892321 74069210 111490138 514090151 1
1 1 1 1 1 1 1 1 1 1 1 1 1 1 1 1 1 1 1 1 1 1 1 1 1 1 1 1 1 1 1 1 1 1 1 1 1 1 1 1 1 1 1 1 1 1 1 1 1 1 1 1 1 1 1 1 1 1 1 1 1 1 1 1 1 1 1 1 1 1 1 1 1 1 1 1 1 1 1 1 1 1 1 1 1 1 1 1 1 1 1 1 1 1 1 1 1 1 951651842 1
381566483 712864173 111490138 714996855 205500901 111490138 119549748 83944554 712864173 714996855 658770164 119549748 111490138 119549748 160316943 142364089 160316943 205500901 111490138 71425843 712864173 714996855 160316943 74069210 74069210 551734622 205500901 93020511 714996855 658770164 730774899 93020511 658770164 71425843 205500901 142364089 951651842 381566483 768892321 730774899 514090151 142364089 768892321 118114463 119549748 142364089 83944554 160316943 714996855 205500901 514090151 74069210 712864173 730774899 514090151 119549748 768892321 111490138 714996855 1000000000 160316943 730774899 712864173 119549748 381566483 951651842 951651842 381566483 142364089 205500901 951651842 119549748 205500901 951651842 381566483 951651842 71425843 658770164 111490138 74069210 93020511 714996855 381566483 730774899 119549748 714996855 1000000000 951651842 714996855 1000000000 658770164 381566483 119549748 730774899 730774899 160316943 1000000000 1 514090151 1
1 1 1 1 1 1 1 1 1 1 1 1 1 1 1 1 1 1 1 1 1 1 1 1 1 1 1 1 1 1 1 1 1 1 1 1 1 1 1 1 1 1 1 1 1 1 1 1 1 1 1 1 1 1 1 1 1 1 1 1 1 1 1 1 1 1 1 1 1 1 1 1 1 1 1 1 1 1 1 1 1 1 1 1 1 1 1 1 1 1 1 1 1 1 1 1 1 1 160316943 1
1 118114463 712864173 381566483 93020511 551734622 730774899 118114463 730774899 142364089 730774899 160316943 119549748 768892321 551734622 111490138 714996855 714996855 381566483 514090151 381566483 71425843 142364089 83944554 658770164 714996855 951651842 951651842 658770164 514090151 712864173 93020511 83944554 83944554 658770164 768892321 93020511 205500901 768892321 160316943 205500901 142364089 714996855 74069210 83944554 768892321 712864173 514090151 658770164 951651842 111490138 160316943 142364089 71425843 93020511 714996855 381566483 142364089 111490138 768892321 205500901 551734622 381566483 111490138 119549748 551734622 160316943 714996855 160316943 381566483 74069210 142364089 111490138 951651842 714996855 1000000000 551734622 730774899 714996855 111490138 1000000000 111490138 658770164 71425843 205500901 730774899 951651842 74069210 119549748 551734622 142364089 111490138 658770164 119549748 111490138 514090151 93020511 951651842 83944554 1
1 1 1 1 1 1 1 1 1 1 1 1 1 1 1 1 1 1 1 1 1 1 1 1 1 1 1 1 1 1 1 1 1 1 1 1 1 1 1 1 1 1 1 1 1 1 1 1 1 1 1 1 1 1 1 1 1 1 1 1 1 1 1 1 1 1 1 1 1 1 1 1 1 1 1 1 1 1 1 1 1 1 1 1 1 1 1 1 1 1 1 1 1 1 1 1 1 1 730774899 1
551734622 951651842 119549748 74069210 730774899 551734622 714996855 119549748 712864173 712864173 118114463 93020511 381566483 514090151 381566483 381566483 160316943 83944554 160316943 118114463 111490138 74069210 119549748 142364089 714996855 712864173 768892321 514090151 730774899 712864173 111490138 1000000000 381566483 83944554 118114463 205500901 768892321 74069210 205500901 1000000000 551734622 83944554 551734622 160316943 83944554 160316943 381566483 514090151 119549748 119549748 1000000000 730774899 119549748 71425843 381566483 111490138 951651842 93020511 714996855 111490138 111490138 381566483 712864173 160316943 111490138 111490138 71425843 119549748 768892321 714996855 714996855 514090151 1000000000 111490138 951651842 1000000000 381566483 514090151 1000000000 205500901 71425843 1000000000 712864173 83944554 381566483 142364089 730774899 74069210 142364089 118114463 381566483 93020511 118114463 205500901 160316943 119549748 714996855 1 1000000000 1
1 1 1 1 1 1 1 1 1 1 1 1 1 1 1 1 1 1 1 1 1 1 1 1 1 1 1 1 1 1 1 1 1 1 1 1 1 1 1 1 1 1 1 1 1 1 1 1 1 1 1 1 1 1 1 1 1 1 1 1 1 1 1 1 1 1 1 1 1 1 1 1 1 1 1 1 1 1 1 1 1 1 1 1 1 1 1 1 1 1 1 1 1 1 1 1 1 1 551734622 1
1 381566483 951651842 1000000000 74069210 119549748 551734622 1000000000 658770164 714996855 160316943 71425843 381566483 74069210 381566483 730774899 118114463 712864173 768892321 514090151 768892321 514090151 551734622 119549748 119549748 658770164 658770164 93020511 658770164 111490138 951651842 551734622 205500901 514090151 714996855 205500901 658770164 730774899 1000000000 74069210 118114463 142364089 381566483 83944554 111490138 714996855 1000000000 83944554 768892321 712864173 1000000000 1000000000 111490138 1000000000 74069210 514090151 71425843 768892321 658770164 160316943 714996855 142364089 768892321 160316943 951651842 951651842 381566483 1000000000 514090151 551734622 514090151 514090151 381566483 83944554 514090151 83944554 951651842 118114463 93020511 119549748 768892321 160316943 119549748 74069210 1000000000 111490138 119549748 1000000000 83944554 119549748 514090151 714996855 160316943 142364089 768892321 142364089 142364089 119549748 730774899 1
1 1 1 1 1 1 1 1 1 1 1 1 1 1 1 1 1 1 1 1 1 1 1 1 1 1 1 1 1 1 1 1 1 1 1 1 1 1 1 1 1 1 1 1 1 1 1 1 1 1 1 1 1 1 1 1 1 1 1 1 1 1 1 1 1 1 1 1 1 1 1 1 1 1 1 1 1 1 1 1 1 1 1 1 1 1 1 1 1 1 1 1 1 1 1 1 1 1 142364089 1
71425843 111490138 119549748 74069210 381566483 730774899 768892321 119549748 381566483 71425843 951651842 119549748 93020511 74069210 93020511 712864173 730774899 714996855 71425843 83944554 514090151 205500901 381566483 93020511 83944554 93020511 119549748 160316943 514090151 514090151 205500901 1000000000 712864173 381566483 93020511 111490138 118114463 118114463 714996855 551734622 118114463 768892321 93020511 205500901 551734622 730774899 712864173 712864173 93020511 1000000000 514090151 160316943 142364089 714996855 111490138 83944554 71425843 714996855 951651842 551734622 730774899 1000000000 714996855 381566483 658770164 119549748 730774899 74069210 71425843 951651842 160316943 93020511 658770164 142364089 93020511 951651842 71425843 714996855 514090151 714996855 71425843 111490138 551734622 118114463 714996855 768892321 514090151 142364089 1000000000 1000000000 768892321 119549748 712864173 768892321 83944554 514090151 712864173 1 74069210 1
1 1 1 1 1 1 1 1 1 1 1 1 1 1 1 1 1 1 1 1 1 1 1 1 1 1 1 1 1 1 1 1 1 1 1 1 1 1 1 1 1 1 1 1 1 1 1 1 1 1 1 1 1 1 1 1 1 1 1 1 1 1 1 1 1 1 1 1 1 1 1 1 1 1 1 1 1 1 1 1 1 1 1 1 1 1 1 1 1 1 1 1 1 1 1 1 1 1 714996855 1
1 119549748 142364089 93020511 118114463 514090151 160316943 119549748 768892321 74069210 119549748 381566483 93020511 83944554 381566483 142364089 768892321 712864173 111490138 658770164 93020511 951651842 142364089 658770164 118114463 768892321 118114463 768892321 71425843 74069210 118114463 712864173 205500901 730774899 712864173 1000000000 83944554 714996855 160316943 119549748 951651842 111490138 71425843 111490138 658770164 730774899 381566483 111490138 1000000000 712864173 712864173 205500901 551734622 951651842 730774899 730774899 768892321 111490138 71425843 712864173 71425843 205500901 1000000000 381566483 712864173 142364089 1000000000 93020511 768892321 551734622 119549748 74069210 1000000000 551734622 83944554 205500901 111490138 730774899 951651842 951651842 381566483 111490138 658770164 111490138 74069210 1000000000 714996855 93020511 111490138 514090151 712864173 951651842 93020511 71425843 1000000000 951651842 381566483 142364089 768892321 1
1 1 1 1 1 1 1 1 1 1 1 1 1 1 1 1 1 1 1 1 1 1 1 1 1 1 1 1 1 1 1 1 1 1 1 1 1 1 1 1 1 1 1 1 1 1 1 1 1 1 1 1 1 1 1 1 1 1 1 1 1 1 1 1 1 1 1 1 1 1 1 1 1 1 1 1 1 1 1 1 1 1 1 1 1 1 1 1 1 1 1 1 1 1 1 1 1 1 142364089 1
111490138 730774899 118114463 118114463 714996855 514090151 768892321 714996855 514090151 712864173 1000000000 142364089 160316943 83944554 119549748 712864173 83944554 951651842 71425843 160316943 951651842 730774899 658770164 1000000000 730774899 74069210 951651842 712864173 714996855 160316943 1000000000 951651842 205500901 83944554 730774899 160316943 71425843 83944554 730774899 111490138 712864173 730774899 205500901 712864173 160316943 160316943 712864173 712864173 1000000000 111490138 83944554 1000000000 142364089 551734622 74069210 83944554 712864173 951651842 714996855 111490138 142364089 768892321 381566483 205500901 205500901 712864173 514090151 730774899 160316943 160316943 93020511 142364089 730774899 74069210 71425843 712864173 160316943 381566483 1000000000 71425843 111490138 951651842 119549748 658770164 119549748 514090151 142364089 205500901 381566483 119549748 712864173 951651842 714996855 730774899 768892321 658770164 658770164 1 74069210 1
1 1 1 1 1 1 1 1 1 1 1 1 1 1 1 1 1 1 1 1 1 1 1 1 1 1 1 1 1 1 1 1 1 1 1 1 1 1 1 1 1 1 1 1 1 1 1 1 1 1 1 1 1 1 1 1 1 1 1 1 1 1 1 1 1 1 1 1 1 1 1 1 1 1 1 1 1 1 1 1 1 1 1 1 1 1 1 1 1 1 1 1 1 1 1 1 1 1 118114463 1
1 730774899 768892321 160316943 514090151 74069210 951651842 712864173 118114463 205500901 142364089 951651842 118114463 712864173 71425843 951651842 160316943 71425843 514090151 83944554 730774899 714996855 658770164 83944554 111490138 111490138 381566483 118114463 381566483 118114463 381566483 551734622 658770164 730774899 768892321 768892321 730774899 205500901 119549748 714996855 514090151 658770164 118114463 714996855 119549748 71425843 142364089 712864173 111490138 93020511 205500901 74069210 1000000000 160316943 551734622 1000000000 83944554 658770164 83944554 118114463 71425843 712864173 93020511 714996855 160316943 160316943 514090151 205500901 119549748 74069210 768892321 111490138 119549748 118114463 160316943 71425843 111490138 514090151 118114463 83944554 551734622 160316943 768892321 71425843 119549748 142364089 111490138 118114463 71425843 160316943 83944554 118114463 712864173 93020511 111490138 1000000000 381566483 768892321 1000000000 1
1 1 1 1 1 1 1 1 1 1 1 1 1 1 1 1 1 1 1 1 1 1 1 1 1 1 1 1 1 1 1 1 1 1 1 1 1 1 1 1 1 1 1 1 1 1 1 1 1 1 1 1 1 1 1 1 1 1 1 1 1 1 1 1 1 1 1 1 1 1 1 1 1 1 1 1 1 1 1 1 1 1 1 1 1 1 1 1 1 1 1 1 1 1 1 1 1 1 83944554 1
205500901 93020511 93020511 712864173 205500901 1000000000 714996855 658770164 951651842 119549748 514090151 205500901 83944554 83944554 730774899 658770164 83944554 551734622 381566483 730774899 111490138 658770164 93020511 951651842 93020511 1000000000 514090151 551734622 118114463 71425843 768892321 93020511 83944554 111490138 119549748 730774899 160316943 768892321 381566483 768892321 111490138 730774899 658770164 730774899 71425843 514090151 93020511 712864173 160316943 118114463 74069210 712864173 381566483 111490138 119549748 381566483 83944554 1000000000 714996855 83944554 951651842 658770164 730774899 712864173 111490138 768892321 119549748 1000000000 551734622 74069210 93020511 730774899 730774899 381566483 658770164 712864173 93020511 768892321 658770164 83944554 714996855 118114463 714996855 1000000000 83944554 714996855 93020511 1000000000 71425843 83944554 712864173 551734622 768892321 142364089 160316943 551734622 658770164 1 730774899 1
1 1 1 1 1 1 1 1 1 1 1 1 1 1 1 1 1 1 1 1 1 1 1 1 1 1 1 1 1 1 1 1 1 1 1 1 1 1 1 1 1 1 1 1 1 1 1 1 1 1 1 1 1 1 1 1 1 1 1 1 1 1 1 1 1 1 1 1 1 1 1 1 1 1 1 1 1 1 1 1 1 1 1 1 1 1 1 1 1 1 1 1 1 1 1 1 1 1 93020511 1
1 551734622 658770164 119549748 551734622 74069210 658770164 712864173 658770164 74069210 951651842 768892321 83944554 712864173 730774899 119549748 71425843 514090151 118114463 1000000000 142364089 205500901 714996855 1000000000 93020511 74069210 71425843 551734622 768892321 119549748 381566483 205500901 1000000000 71425843 658770164 119549748 142364089 71425843 730774899 730774899 1000000000 111490138 205500901 111490138 712864173 551734622 160316943 160316943 111490138 730774899 111490138 160316943 118114463 74069210 142364089 514090151 111490138 712864173 205500901 730774899 712864173 951651842 730774899 658770164 551734622 74069210 205500901 514090151 74069210 551734622 712864173 93020511 951651842 768892321 714996855 658770164 160316943 551734622 111490138 730774899 514090151 514090151 160316943 83944554 768892321 658770164 381566483 714996855 142364089 1000000000 71425843 74069210 119549748 714996855 551734622 74069210 160316943 768892321 118114463 1
1 1 1 1 1 1 1 1 1 1 1 1 1 1 1 1 1 1 1 1 1 1 1 1 1 1 1 1 1 1 1 1 1 1 1 1 1 1 1 1 1 1 1 1 1 1 1 1 1 1 1 1 1 1 1 1 1 1 1 1 1 1 1 1 1 1 1 1 1 1 1 1 1 1 1 1 1 1 1 1 1 1 1 1 1 1 1 1 1 1 1 1 1 1 1 1 1 1 381566483 1
1000000000 551734622 514090151 118114463 712864173 1000000000 658770164 514090151 551734622 951651842 118114463 381566483 118114463 118114463 160316943 83944554 768892321 74069210 71425843 93020511 118114463 730774899 205500901 205500901 71425843 658770164 205500901 142364089 768892321 658770164 730774899 74069210 951651842 71425843 551734622 514090151 142364089 93020511 712864173 83944554 551734622 1000000000 381566483 514090151 730774899 712864173 83944554 658770164 730774899 111490138 83944554 730774899 730774899 111490138 160316943 551734622 93020511 111490138 1000000000 730774899 83944554 111490138 768892321 142364089 658770164 205500901 118114463 658770164 951651842 712864173 1000000000 74069210 514090151 111490138 160316943 93020511 951651842 119549748 1000000000 160316943 160316943 119549748 142364089 514090151 71425843 551734622 74069210 142364089 74069210 83944554 142364089 714996855 1000000000 142364089 381566483 71425843 1000000000 1 74069210 1
1 1 1 1 1 1 1 1 1 1 1 1 1 1 1 1 1 1 1 1 1 1 1 1 1 1 1 1 1 1 1 1 1 1 1 1 1 1 1 1 1 1 1 1 1 1 1 1 1 1 1 1 1 1 1 1 1 1 1 1 1 1 1 1 1 1 1 1 1 1 1 1 1 1 1 1 1 1 1 1 1 1 1 1 1 1 1 1 1 1 1 1 1 1 1 1 1 1 768892321 1
1 93020511 93020511 381566483 205500901 658770164 768892321 514090151 951651842 768892321 381566483 119549748 83944554 111490138 658770164 381566483 714996855 160316943 768892321 111490138 93020511 551734622 514090151 142364089 712864173 551734622 205500901 74069210 730774899 712864173 768892321 730774899 712864173 768892321 658770164 951651842 714996855 142364089 74069210 551734622 714996855 712864173 74069210 71425843 768892321 658770164 74069210 381566483 111490138 111490138 74069210 111490138 951651842 142364089 768892321 658770164 730774899 714996855 551734622 71425843 71425843 71425843 83944554 111490138 83944554 712864173 768892321 83944554 71425843 712864173 514090151 83944554 118114463 730774899 1000000000 119549748 160316943 730774899 768892321 71425843 119549748 83944554 142364089 658770164 514090151 381566483 205500901 93020511 712864173 71425843 951651842 111490138 118114463 730774899 142364089 71425843 658770164 381566483 514090151 1
1 1 1 1 1 1 1 1 1 1 1 1 1 1 1 1 1 1 1 1 1 1 1 1 1 1 1 1 1 1 1 1 1 1 1 1 1 1 1 1 1 1 1 1 1 1 1 1 1 1 1 1 1 1 1 1 1 1 1 1 1 1 1 1 1 1 1 1 1 1 1 1 1 1 1 1 1 1 1 1 1 1 1 1 1 1 1 1 1 1 1 1 1 1 1 1 1 1 951651842 1
712864173 1000000000 514090151 119549748 93020511 118114463 93020511 118114463 1000000000 93020511 83944554 768892321 768892321 714996855 951651842 142364089 119549748 74069210 514090151 714996855 118114463 118114463 119549748 1000000000 71425843 514090151 730774899 93020511 1000000000 551734622 714996855 730774899 730774899 118114463 83944554 119549748 712864173 160316943 83944554 205500901 119549748 714996855 1000000000 205500901 205500901 111490138 730774899 1000000000 730774899 712864173 160316943 712864173 551734622 93020511 93020511 768892321 551734622 514090151 160316943 514090151 730774899 768892321 658770164 951651842 1000000000 83944554 514090151 118114463 74069210 714996855 381566483 768892321 119549748 714996855 74069210 951651842 730774899 205500901 381566483 83944554 381566483 118114463 951651842 714996855 951651842 551734622 730774899 74069210 93020511 1000000000 118114463 119549748 951651842 514090151 712864173 712864173 74069210 1 714996855 1
1 1 1 1 1 1 1 1 1 1 1 1 1 1 1 1 1 1 1 1 1 1 1 1 1 1 1 1 1 1 1 1 1 1 1 1 1 1 1 1 1 1 1 1 1 1 1 1 1 1 1 1 1 1 1 1 1 1 1 1 1 1 1 1 1 1 1 1 1 1 1 1 1 1 1 1 1 1 1 1 1 1 1 1 1 1 1 1 1 1 1 1 1 1 1 1 1 1 93020511 1
1 714996855 93020511 74069210 712864173 514090151 93020511 83944554 205500901 730774899 83944554 1000000000 205500901 658770164 93020511 381566483 951651842 712864173 381566483 714996855 83944554 93020511 83944554 118114463 768892321 658770164 111490138 381566483 658770164 118114463 1000000000 205500901 205500901 551734622 119549748 514090151 83944554 119549748 160316943 768892321 142364089 205500901 111490138 119549748 83944554 205500901 71425843 93020511 71425843 714996855 74069210 768892321 119549748 768892321 205500901 714996855 1000000000 951651842 951651842 551734622 111490138 142364089 514090151 951651842 205500901 1000000000 93020511 658770164 142364089 951651842 74069210 74069210 714996855 712864173 712864173 142364089 768892321 118114463 74069210 93020511 205500901 551734622 730774899 951651842 768892321 951651842 768892321 714996855 712864173 514090151 71425843 712864173 951651842 551734622 712864173 111490138 71425843 658770164 1000000000 1
1 1 1 1 1 1 1 1 1 1 1 1 1 1 1 1 1 1 1 1 1 1 1 1 1 1 1 1 1 1 1 1 1 1 1 1 1 1 1 1 1 1 1 1 1 1 1 1 1 1 1 1 1 1 1 1 1 1 1 1 1 1 1 1 1 1 1 1 1 1 1 1 1 1 1 1 1 1 1 1 1 1 1 1 1 1 1 1 1 1 1 1 1 1 1 1 1 1 74069210 1
381566483 951651842 714996855 160316943 71425843 730774899 119549748 83944554 658770164 93020511 119549748 658770164 768892321 730774899 205500901 118114463 83944554 551734622 119549748 205500901 205500901 205500901 83944554 71425843 551734622 111490138 514090151 712864173 1000000000 83944554 142364089 381566483 119549748 142364089 83944554 951651842 93020511 83944554 111490138 160316943 712864173 951651842 93020511 1000000000 712864173 118114463 142364089 551734622 514090151 768892321 714996855 160316943 118114463 118114463 205500901 951651842 658770164 730774899 142364089 205500901 111490138 160316943 160316943 160316943 111490138 142364089 83944554 83944554 730774899 658770164 118114463 714996855 111490138 119549748 71425843 74069210 83944554 381566483 118114463 83944554 551734622 951651842 1000000000 142364089 551734622 74069210 514090151 93020511 551734622 142364089 205500901 730774899 111490138 160316943 119549748 74069210 514090151 1 118114463 1
1 1 1 1 1 1 1 1 1 1 1 1 1 1 1 1 1 1 1 1 1 1 1 1 1 1 1 1 1 1 1 1 1 1 1 1 1 1 1 1 1 1 1 1 1 1 1 1 1 1 1 1 1 1 1 1 1 1 1 1 1 1 1 1 1 1 1 1 1 1 1 1 1 1 1 1 1 1 1 1 1 1 1 1 1 1 1 1 1 1 1 1 1 1 1 1 1 1 658770164 1
1 111490138 93020511 658770164 514090151 658770164 658770164 768892321 951651842 160316943 730774899 119549748 93020511 551734622 1000000000 730774899 74069210 714996855 142364089 205500901 93020511 551734622 74069210 83944554 142364089 142364089 119549748 951651842 83944554 1000000000 93020511 712864173 658770164 381566483 160316943 83944554 714996855 111490138 205500901 1000000000 658770164 111490138 142364089 119549748 514090151 514090151 768892321 551734622 71425843 714996855 730774899 71425843 658770164 74069210 111490138 768892321 118114463 142364089 712864173 730774899 119549748 658770164 712864173 1000000000 83944554 111490138 74069210 111490138 1000000000 118114463 551734622 142364089 658770164 111490138 205500901 119549748 514090151 205500901 111490138 71425843 381566483 83944554 730774899 730774899 111490138 118114463 83944554 768892321 74069210 74069210 83944554 714996855 1000000000 381566483 951651842 951651842 658770164 111490138 551734622 1
1 1 1 1 1 1 1 1 1 1 1 1 1 1 1 1 1 1 1 1 1 1 1 1 1 1 1 1 1 1 1 1 1 1 1 1 1 1 1 1 1 1 1 1 1 1 1 1 1 1 1 1 1 1 1 1 1 1 1 1 1 1 1 1 1 1 1 1 1 1 1 1 1 1 1 1 1 1 1 1 1 1 1 1 1 1 1 1 1 1 1 1 1 1 1 1 1 1 93020511 1
160316943 142364089 768892321 768892321 714996855 1000000000 71425843 951651842 551734622 381566483 142364089 1000000000 71425843 514090151 712864173 119549748 514090151 658770164 83944554 93020511 730774899 658770164 83944554 142364089 951651842 205500901 160316943 658770164 118114463 730774899 381566483 381566483 71425843 119549748 118114463 768892321 714996855 381566483 1000000000 658770164 951651842 730774899 118114463 712864173 160316943 74069210 551734622 160316943 730774899 768892321 74069210 768892321 83944554 74069210 119549748 118114463 514090151 551734622 93020511 714996855 111490138 514090151 658770164 93020511 514090151 93020511 951651842 83944554 514090151 93020511 730774899 551734622 714996855 111490138 381566483 160316943 551734622 714996855 142364089 142364089 83944554 160316943 1000000000 768892321 205500901 712864173 83944554 111490138 714996855 1000000000 205500901 74069210 71425843 381566483 658770164 768892321 514090151 1 712864173 1
1 1 1 1 1 1 1 1 1 1 1 1 1 1 1 1 1 1 1 1 1 1 1 1 1 1 1 1 1 1 1 1 1 1 1 1 1 1 1 1 1 1 1 1 1 1 1 1 1 1 1 1 1 1 1 1 1 1 1 1 1 1 1 1 1 1 1 1 1 1 1 1 1 1 1 1 1 1 1 1 1 1 1 1 1 1 1 1 1 1 1 1 1 1 1 1 1 1 730774899 1
1 142364089 551734622 730774899 714996855 381566483 1000000000 658770164 118114463 1000000000 83944554 768892321 714996855 74069210 118114463 514090151 514090151 514090151 768892321 712864173 951651842 71425843 768892321 768892321 381566483 714996855 205500901 658770164 83944554 551734622 712864173 712864173 1000000000 381566483 768892321 381566483 118114463 160316943 514090151 730774899 111490138 74069210 514090151 551734622 381566483 712864173 658770164 118114463 71425843 768892321 111490138 205500901 951651842 83944554 142364089 118114463 74069210 118114463 951651842 730774899 658770164 111490138 730774899 768892321 551734622 768892321 1000000000 205500901 551734622 951651842 111490138 71425843 514090151 118114463 951651842 551734622 83944554 111490138 74069210 1000000000 119549748 381566483 83944554 658770164 74069210 381566483 119549748 658770164 551734622 712864173 1000000000 93020511 71425843 142364089 119549748 93020511 658770164 74069210 658770164 1
1 1 1 1 1 1 1 1 1 1 1 1 1 1 1 1 1 1 1 1 1 1 1 1 1 1 1 1 1 1 1 1 1 1 1 1 1 1 1 1 1 1 1 1 1 1 1 1 1 1 1 1 1 1 1 1 1 1 1 1 1 1 1 1 1 1 1 1 1 1 1 1 1 1 1 1 1 1 1 1 1 1 1 1 1 1 1 1 1 1 1 1 1 1 1 1 1 1 1 1
