45 44
12 10 12 12 15 2 12 3 12 7 12 8 9 12 6 7 7 12 13 12 9 12 12 12 12 12 12 2 12 13 12 12 6 12 5 12 13 12 7 12 12 12 11 12
12 2 5 12 1 12 12 7 12 12 12 12 12 12 12 14 12 12 12 12 11 7 12 8 7 8 11 10 12 7 8 12 6 12 12 12 11 12 8 12 6 1 1 12
12 12 5 12 9 8 12 5 13 12 11 2 14 7 13 1 11 5 1 12 15 8 12 12 2 12 12 12 12 12 15 12 8 2 12 15 7 12 2 12 6 12 12 12
2 12 3 12 5 12 12 12 12 12 12 8 12 12 13 12 10 12 12 12 12 2 13 12 15 12 5 3 12 9 3 12 9 12 12 12 12 12 1 12 12 12 15 3
12 12 2 12 6 6 10 13 5 12 13 5 12 1 5 12 7 7 12 1 7 15 12 12 12 12 12 6 12 1 12 12 11 6 12 15 11 2 11 12 6 12 4 12
5 12 13 12 12 9 11 12 12 12 12 2 12 12 5 12 14 12 12 8 12 15 5 9 1 12 10 6 6 11 14 12 12 12 12 12 15 12 1 12 8 11 5 12
12 12 12 12 4 3 12 12 2 12 10 15 2 12 6 12 15 2 12 15 12 3 12 12 3 12 13 12 9 12 6 12 8 1 4 9 1 12 12 12 12 12 15 12
5 5 12 2 6 12 12 14 7 14 5 7 12 12 15 12 14 12 12 4 12 3 12 4 3 12 4 12 9 12 15 12 12 12 12 9 12 12 7 10 10 9 2 12
12 12 12 12 12 12 8 4 5 4 12 7 9 12 12 12 7 12 13 13 12 10 12 14 12 12 12 12 12 12 3 12 5 5 13 6 7 12 12 9 12 10 1 12
2 5 12 6 8 12 1 12 5 12 12 12 15 4 9 12 10 12 11 14 12 6 12 12 12 7 13 13 3 10 10 12 15 12 7 12 6 12 6 10 12 12 4 12
12 11 10 14 5 12 12 12 7 11 12 14 3 12 12 12 12 12 12 6 12 10 12 4 12 15 11 12 12 12 12 12 12 12 12 12 12 12 12 12 12 1 4 12
12 13 10 12 1 12 10 14 9 6 12 9 3 10 4 4 6 12 7 11 12 9 5 11 12 12 1 8 12 2 1 12 11 12 6 12 8 2 12 15 12 10 8 12
12 9 12 12 15 12 3 12 12 5 12 11 12 7 12 12 12 12 7 3 12 12 15 12 12 7 1 12 12 12 9 1 1 3 6 14 3 6 10 10 11 2 12 12
12 8 8 12 12 12 14 4 12 12 12 8 12 3 7 2 9 12 2 12 12 8 6 3 12 14 12 12 15 12 12 5 12 1 4 12 12 12 5 12 13 12 12 15
12 3 12 12 1 1 11 1 6 12 4 2 12 15 12 13 12 12 3 6 12 12 5 12 12 12 12 13 15 5 9 9 12 12 11 6 6 12 6 12 5 9 12 3
12 15 13 12 12 13 12 6 12 12 10 12 12 4 12 12 12 6 11 13 12 7 3 4 12 9 13 2 12 12 12 12 12 14 9 12 9 12 12 12 11 12 12 12
12 5 12 12 10 13 12 6 12 4 9 2 12 4 12 11 6 2 12 8 12 12 12 12 12 12 12 12 12 6 12 11 8 2 12 12 15 12 8 2 5 12 1 13
12 1 8 12 12 12 12 12 12 12 1 12 12 12 12 2 12 11 12 8 12 9 8 8 8 2 9 10 14 7 7 15 12 1 4 12 12 12 12 12 14 12 12 12
12 12 1 4 7 8 9 1 3 12 8 10 12 15 5 15 12 11 12 10 12 15 12 3 12 8 12 12 12 12 8 12 12 6 12 12 13 13 9 12 13 12 7 12
14 12 9 12 5 12 11 12 2 12 12 12 12 12 12 14 12 8 12 3 12 12 12 12 12 12 12 13 15 13 7 13 12 2 12 8 4 12 5 6 1 12 1 14
12 12 11 12 11 12 9 12 1 12 2 1 4 7 13 4 12 4 12 12 12 13 2 7 6 7 13 5 12 10 3 12 12 12 12 12 12 12 12 9 12 12 12 5
6 12 8 12 12 12 1 12 3 12 13 12 7 12 11 15 12 14 1 12 9 6 12 1 6 12 7 6 12 12 10 4 12 1 11 1 7 11 6 7 14 1 12 12
12 12 3 12 3 1 2 12 7 12 10 12 12 12 1 12 12 12 12 12 12 12 12 12 14 12 6 12 12 15 13 12 12 15 9 12 15 12 15 6 12 8 12 2
8 12 4 12 6 12 2 12 11 12 14 7 12 2 1 12 1 12 11 12 9 5 8 9 14 12 12 12 13 11 11 12 8 15 12 12 12 12 12 15 12 6 12 13
12 12 12 12 12 12 12 12 12 12 12 12 12 12 12 12 10 6 6 1 3 15 12 8 9 12 8 12 13 12 8 12 12 12 12 3 10 11 12 12 12 12 12 12
12 9 1 6 15 12 6 12 5 3 8 13 9 1 5 4 11 12 12 10 12 12 12 12 6 12 11 14 2 12 14 12 5 11 2 3 12 6 4 5 8 11 12 15
12 5 12 12 15 5 14 12 11 12 3 12 12 12 12 13 7 12 10 10 5 12 13 3 1 12 12 6 12 12 12 12 12 12 5 12 12 12 12 12 12 9 12 12
6 9 1 12 12 9 12 12 12 12 6 12 14 12 5 6 12 12 7 12 5 12 8 12 10 12 7 2 12 5 3 10 14 12 12 12 8 8 2 9 8 8 8 4
12 12 7 2 12 14 12 4 12 11 11 12 9 3 14 15 8 12 9 12 12 12 12 12 12 12 12 12 12 12 12 12 1 12 9 12 12 12 12 12 12 12 12 12
3 12 12 12 12 6 12 3 4 11 9 12 13 8 12 6 12 12 12 12 11 7 12 13 12 13 12 7 12 9 5 13 11 2 3 12 6 12 13 12 7 4 3 4
9 7 7 6 12 12 12 12 9 11 12 12 12 8 12 12 12 3 11 9 3 12 12 8 9 3 15 2 12 12 12 12 8 12 4 3 10 4 8 12 12 12 12 12
12 12 12 1 14 12 9 12 12 13 6 4 12 12 12 1 12 12 12 12 10 15 12 12 12 12 12 1 14 3 2 12 12 12 12 12 12 12 9 12 1 15 9 10
12 9 10 5 11 7 14 5 12 12 12 12 12 14 5 8 1 12 7 11 6 4 7 5 12 14 12 12 12 12 2 14 12 10 1 6 15 12 8 12 12 12 12 12
12 12 10 10 12 15 12 4 2 12 8 8 9 3 14 12 4 13 1 12 5 2 12 12 12 13 7 5 11 14 4 5 8 11 15 12 11 4 9 12 13 12 3 4
1 12 8 12 12 7 12 1 12 12 12 12 12 12 12 12 12 12 12 12 12 14 12 14 12 12 12 12 12 11 15 12 9 12 8 12 12 12 6 1 1 10 1 12
12 12 12 12 10 10 12 10 6 12 9 5 14 15 14 12 10 13 10 3 1 3 7 10 11 13 8 10 7 9 12 12 12 12 12 12 15 3 13 12 12 12 12 12
4 5 8 12 12 12 12 12 12 12 12 12 1 12 7 6 10 12 12 12 12 13 12 12 12 2 12 12 12 12 12 7 13 1 3 9 4 15 12 12 3 12 4 3
12 12 8 9 12 5 11 1 15 12 2 13 15 12 1 12 13 12 11 9 10 13 3 12 11 10 12 11 10 3 14 9 12 5 3 12 12 12 12 6 9 4 3 12
6 12 12 12 12 7 12 12 12 12 12 12 4 12 12 12 12 12 5 12 12 5 12 12 12 14 12 12 12 3 12 12 12 12 12 12 1 14 12 12 12 9 12 12
5 15 7 1 15 10 7 4 12 1 15 12 11 12 1 10 14 1 13 15 12 2 12 8 15 7 12 7 12 12 12 2 15 5 12 14 13 5 12 10 5 14 12 2
10 12 11 12 12 12 12 12 12 15 12 12 12 12 12 12 8 12 15 12 12 12 12 12 3 1 12 8 13 8 12 12 11 1 10 11 12 3 6 1 12 5 12 12
12 12 12 12 10 1 12 9 14 4 12 15 12 10 7 12 12 12 4 13 12 14 8 12 12 12 12 12 12 7 13 12 12 12 12 12 12 12 12 12 12 12 12 3
12 10 2 12 12 3 5 3 14 12 12 13 12 12 6 4 12 3 10 12 12 12 4 12 13 11 14 13 12 12 15 1 12 14 12 2 12 13 12 15 7 12 9 11
12 12 13 11 15 7 12 12 12 12 2 6 12 13 1 12 12 12 4 12 14 9 9 13 6 12 12 10 12 3 5 2 12 2 13 14 12 10 12 13 11 12 12 12
12 2 9 12 12 12 12 10 12 5 7 12 12 12 3 12 1 12 12 12 12 12 12 12 12 12 8 15 12 12 5 12 12 12 12 6 12 13 12 12 2 6 12 14
