99 100
500 630 500 500 500 500 500 500 500 913 500 510 500 500 500 500 557 500 515 500 831 500 500 500 1000 243 500 286 500 226 270 500 990 500 500 920 500 500 214 500 990 500 500 887 500 500 557 500 500 500 500 500 500 500 500 500 500 500 531 500 790 500 500 500 500 500 500 500 248 500 897 500 500 887 500 500 897 500 510 500 500 500 500 500 320 500 720 500 500 500 790 500 500 500 913 500 500 500 500 500
500 500 500 62 449 916 388 874 500 976 500 500 500 433 976 200 591 500 913 500 363 990 284 500 322 500 500 500 500 500 500 500 591 500 720 147 322 500 905 500 500 500 214 587 500 91 826 178 1 920 699 322 720 500 755 500 214 500 500 500 410 871 515 932 500 248 270 368 214 500 221 500 200 159 868 500 500 500 994 500 767 285 625 733 715 500 922 720 500 243 994 486 500 807 720 500 59 403 200 53
208 588 335 458 500 934 500 500 500 214 605 27 500 500 270 500 976 500 205 500 62 500 500 500 733 826 59 510 732 500 208 219 510 500 284 500 322 500 807 108 500 890 826 500 500 591 500 531 500 934 500 500 27 555 363 732 587 439 843 500 619 500 500 285 500 500 976 500 500 500 500 500 500 500 500 500 994 327 905 500 500 500 270 500 449 500 920 97 500 1 500 327 500 500 500 500 337 62 500 976
500 500 121 500 500 515 363 1 500 826 500 108 500 335 932 500 587 500 557 500 285 890 1000 500 500 500 500 500 500 500 896 500 436 500 458 500 108 500 868 500 500 500 712 826 500 27 500 500 500 755 557 500 1 500 344 500 500 500 500 500 871 500 1000 284 994 500 897 843 934 436 178 897 121 500 449 500 500 500 486 500 205 320 591 500 500 500 932 500 500 500 500 27 500 625 403 500 500 922 500 500
874 500 916 896 500 500 790 500 500 500 500 500 500 500 500 500 733 500 913 500 500 205 500 500 715 979 62 344 605 500 500 500 500 500 147 500 922 500 500 500 159 651 994 500 500 922 184 322 500 500 500 500 531 500 510 868 500 934 733 500 332 500 327 500 651 500 500 630 433 500 868 500 363 587 344 932 500 932 556 500 732 500 890 500 831 588 121 500 108 107 332 994 500 790 557 1 500 226 322 500
500 500 826 932 500 922 388 874 248 922 510 492 500 286 121 557 976 500 388 500 121 619 439 458 59 500 500 500 500 500 510 771 887 896 557 500 184 486 868 500 605 500 897 284 500 500 699 896 403 500 178 500 500 500 500 699 818 625 500 500 500 500 208 500 208 97 500 500 913 500 388 500 500 831 500 436 500 500 500 500 826 500 500 500 500 500 807 500 388 285 500 500 500 500 492 868 715 208 20 500
500 107 205 500 500 500 500 500 588 500 500 920 500 500 625 500 500 500 843 500 500 500 944 500 500 500 284 121 20 500 905 500 979 403 500 500 755 500 500 500 990 500 831 818 410 500 500 500 159 270 449 500 625 699 500 500 500 500 500 320 439 500 531 500 500 500 500 555 107 500 500 500 831 699 500 500 500 887 913 410 712 500 896 831 344 510 619 500 500 243 843 214 500 913 555 500 515 500 659 500
500 771 500 500 659 500 178 107 208 107 500 913 500 363 208 913 500 363 733 208 500 388 720 500 896 500 27 136 500 500 500 500 500 248 587 500 630 557 556 500 184 500 755 500 500 500 720 500 500 500 500 500 556 91 91 500 733 136 868 108 500 500 500 500 659 510 500 500 500 500 107 121 896 913 500 403 922 913 500 500 500 500 500 500 500 436 500 500 831 767 344 500 500 500 500 500 108 500 243 500
500 500 500 458 439 990 556 500 500 500 500 458 500 500 500 500 500 214 500 500 500 630 335 630 699 327 591 500 500 531 500 53 243 807 500 500 500 500 184 500 896 500 121 500 200 500 53 500 410 500 136 500 449 500 500 500 732 500 500 500 500 868 500 205 410 831 922 208 284 500 500 62 214 500 500 458 500 410 500 818 178 500 108 500 877 515 108 500 284 500 458 500 403 332 270 755 531 500 659 500
587 500 286 221 500 332 403 994 284 994 500 500 500 619 555 807 767 178 121 200 500 500 335 500 320 630 500 500 108 20 433 877 500 439 500 221 91 500 332 500 771 500 492 1000 363 388 699 587 108 979 887 344 332 771 651 1 555 20 363 807 659 990 20 205 500 410 916 500 200 843 500 500 715 121 500 871 500 732 500 226 147 619 221 332 219 500 136 500 388 500 500 500 97 500 286 500 500 500 500 500
500 500 500 896 500 720 500 557 500 500 500 871 500 500 732 500 500 500 555 500 500 712 715 500 890 500 500 286 994 500 62 243 500 214 831 818 500 500 500 500 755 500 500 500 913 500 920 500 410 905 500 831 286 500 27 588 500 97 500 500 591 500 500 62 500 500 226 500 248 147 500 807 510 500 500 625 500 53 500 136 500 831 226 500 500 500 896 500 515 890 270 500 500 500 500 500 97 121 320 994
121 436 500 916 500 515 500 934 449 219 363 337 500 285 905 500 934 492 720 458 500 136 733 500 97 733 500 591 1000 500 500 500 500 500 843 500 500 905 500 136 767 500 458 699 874 500 500 500 500 500 500 500 500 500 284 500 500 486 868 500 990 588 500 818 200 500 59 500 500 500 500 500 826 619 500 337 500 500 500 500 500 500 184 62 500 285 720 500 500 226 500 500 410 1 755 790 243 591 500 500
500 556 500 435 500 500 500 435 500 433 877 500 500 500 896 500 831 500 62 285 500 337 500 500 500 159 500 500 368 221 53 270 500 200 284 790 332 226 500 500 436 500 500 500 619 410 322 500 136 767 818 184 591 500 720 500 248 807 500 500 500 500 500 500 890 500 712 208 285 630 500 327 344 500 500 500 500 619 226 979 651 916 976 500 500 934 510 500 403 790 630 500 500 500 500 500 500 531 720 500
500 500 500 500 500 755 500 874 500 500 1 178 284 500 500 500 27 500 500 500 500 500 500 916 500 500 500 337 831 500 433 500 500 500 500 557 500 500 500 322 557 500 732 871 492 500 436 877 62 500 500 500 500 500 500 500 500 500 500 831 887 651 500 436 557 500 221 500 979 500 500 807 990 500 890 715 651 619 500 500 327 500 897 755 500 500 500 500 500 500 732 500 588 790 755 619 913 388 871 500
500 630 388 327 500 270 335 388 826 500 388 500 699 500 332 732 1000 588 221 403 500 435 205 449 335 327 500 500 500 500 327 27 500 625 458 990 510 771 500 500 439 500 286 979 500 500 500 107 335 284 221 270 108 337 715 720 843 136 887 994 500 500 500 500 136 500 990 500 286 715 500 500 500 500 500 449 500 732 897 500 500 500 619 920 587 500 890 286 767 147 435 500 500 500 332 500 433 843 500 500
920 877 500 500 500 500 619 500 500 500 990 500 332 500 500 500 332 500 897 147 555 619 500 500 916 500 500 121 363 699 332 625 500 214 214 500 500 625 874 500 184 500 205 500 500 337 916 732 500 500 896 500 500 500 500 500 500 500 500 248 979 159 410 500 500 500 500 500 500 500 500 605 221 887 184 555 500 651 877 500 556 159 771 500 500 500 500 920 500 159 887 500 767 874 905 500 500 108 932 500
184 500 500 733 205 500 205 214 108 500 500 500 500 500 932 699 715 500 91 500 433 515 219 500 715 831 500 500 435 500 500 500 500 500 1000 458 500 492 500 500 500 500 720 435 500 500 91 500 500 59 388 630 332 435 500 897 887 322 500 500 500 500 500 500 1000 531 458 435 500 205 500 205 500 619 500 184 500 500 500 500 500 500 335 449 500 458 500 500 500 433 500 500 979 500 107 500 651 320 619 500
500 500 874 934 500 500 500 500 322 221 439 226 896 500 500 500 320 500 344 500 439 500 500 500 500 500 500 435 767 913 403 147 500 486 976 605 500 270 403 587 890 500 226 178 62 500 344 221 500 284 591 500 500 767 916 897 500 605 53 97 121 410 205 214 976 500 720 500 500 874 500 500 500 500 500 890 500 591 500 994 994 337 200 500 500 327 887 979 486 136 500 922 449 500 1000 500 831 500 136 500
286 557 436 200 905 500 219 500 500 500 877 500 720 335 91 500 887 500 97 500 715 388 410 944 755 630 500 500 91 500 818 500 500 500 979 500 500 920 587 500 121 500 27 500 500 500 147 500 500 500 699 771 500 285 500 147 500 500 500 500 500 500 500 200 500 500 922 630 286 605 436 651 500 720 890 226 322 976 500 500 500 896 147 53 500 500 500 500 897 874 500 767 337 500 248 500 284 500 715 500
500 500 500 500 896 916 619 510 449 500 200 500 500 500 500 500 500 500 500 500 500 500 500 320 500 500 500 625 221 500 344 913 920 500 159 890 500 500 871 500 500 500 221 458 436 500 363 500 515 500 500 712 500 587 500 214 208 979 790 874 510 449 500 556 944 500 59 500 500 500 831 214 500 990 500 214 733 500 500 896 500 500 767 755 500 458 449 896 486 500 500 500 531 500 510 500 733 500 184 500
136 286 651 500 500 500 500 500 500 500 500 500 221 500 790 1000 1000 500 285 531 500 720 944 515 733 439 500 500 500 500 500 922 500 500 500 403 500 184 243 500 767 500 500 500 500 500 767 976 449 625 500 226 500 994 500 403 500 500 500 500 500 500 500 500 890 500 200 226 922 500 630 500 500 159 500 500 500 500 897 755 630 619 619 500 500 147 500 53 699 605 136 500 557 500 932 500 990 500 500 500
500 500 500 500 557 500 934 500 994 284 500 557 659 500 712 500 976 871 410 500 500 500 322 932 500 651 20 500 1 630 410 1000 433 651 500 500 500 500 248 932 136 500 916 500 1000 500 500 62 285 500 500 500 500 200 500 920 651 913 178 500 720 500 712 500 500 500 500 500 587 500 53 363 500 500 500 944 62 500 500 720 500 922 205 831 500 500 500 500 732 363 500 500 500 500 500 500 619 843 920 500
531 1000 630 184 458 486 492 388 720 27 510 285 897 651 27 500 877 905 500 500 887 500 500 500 500 500 368 500 500 922 500 890 500 178 184 107 285 500 500 500 699 344 790 458 286 500 651 605 500 500 625 500 994 147 500 976 771 500 896 922 403 410 733 410 337 733 500 905 320 500 184 208 587 605 500 500 619 221 994 449 500 979 500 53 500 403 108 500 500 934 226 458 500 1000 221 976 913 500 214 500
486 500 500 500 500 500 500 500 843 500 771 500 500 500 500 500 500 500 500 588 344 226 270 121 619 500 248 284 500 500 500 108 500 767 500 500 500 500 920 500 500 500 435 492 500 500 1 826 320 500 327 248 136 500 500 500 897 500 515 500 587 500 500 500 500 500 500 500 818 500 976 500 976 500 500 733 976 200 500 62 500 178 500 500 500 248 327 322 53 449 500 500 500 486 500 436 221 500 486 500
500 500 486 807 208 500 826 500 500 500 184 435 332 500 976 1 500 335 500 755 500 500 500 500 270 500 979 433 500 205 874 285 500 500 500 818 332 990 243 1 944 20 976 500 500 651 887 500 27 500 755 500 913 500 807 500 20 500 500 500 500 500 320 332 344 20 555 500 500 500 62 500 108 335 500 433 500 871 500 500 500 136 877 59 500 500 790 500 500 990 320 500 818 286 500 500 994 500 226 500
625 771 107 500 790 733 147 184 712 500 500 500 557 337 868 178 818 818 121 979 226 20 932 500 831 500 500 91 500 515 500 410 500 403 500 500 500 458 500 97 136 500 285 905 500 500 555 500 500 500 500 500 767 500 905 767 831 843 500 831 515 500 344 500 500 605 500 500 887 500 868 500 699 500 500 286 500 436 500 458 896 108 184 500 500 591 449 500 286 335 500 500 500 270 500 435 243 500 159 500
500 587 500 500 733 500 500 500 500 500 327 500 979 500 500 500 500 625 62 500 868 699 500 500 500 500 826 147 500 605 500 286 337 990 868 500 874 922 500 500 712 500 327 500 500 920 107 121 874 500 435 720 651 500 500 388 500 715 920 320 771 500 990 732 500 500 500 108 790 500 500 500 439 916 500 720 500 500 500 500 500 500 887 767 500 500 500 500 500 712 871 53 500 108 500 500 651 500 214 500
500 492 500 270 871 588 1000 944 500 890 868 53 219 715 500 905 500 500 500 500 500 767 826 500 944 500 500 500 500 500 500 500 200 500 807 500 500 659 500 890 699 500 286 335 500 500 458 500 500 500 500 97 248 500 178 243 500 147 500 500 587 500 994 320 344 136 767 868 1000 515 588 500 500 363 500 500 500 286 732 651 433 200 934 20 59 20 327 243 500 147 699 500 500 905 605 500 500 500 500 500
500 720 500 555 500 500 500 500 500 500 500 500 500 410 208 320 439 214 619 332 500 500 184 332 284 368 332 410 344 555 771 500 20 500 588 500 732 932 500 944 500 500 500 327 500 1000 733 625 486 322 500 500 515 500 500 337 500 286 732 500 531 887 226 500 732 699 500 226 500 500 270 591 500 208 500 890 500 500 436 500 871 500 905 500 826 500 500 500 500 500 887 108 500 500 733 944 500 619 990 976
500 587 500 449 715 226 410 922 500 556 221 659 630 720 1000 500 920 871 500 732 500 270 905 500 500 121 500 159 500 500 500 500 368 500 555 500 500 344 500 500 500 557 699 322 500 500 221 500 108 335 500 531 285 500 208 335 500 500 500 500 500 843 500 500 500 500 500 248 500 147 818 500 500 449 500 59 91 500 913 500 500 500 332 500 449 136 214 500 27 887 699 388 790 500 91 831 500 932 510 500
500 500 500 500 500 500 500 500 500 500 790 699 500 733 500 500 500 500 500 500 500 515 871 976 500 159 500 433 108 214 818 500 388 500 108 500 916 868 807 500 270 59 500 1000 108 500 905 500 284 500 500 500 500 500 500 449 59 591 715 500 874 435 515 994 932 322 500 500 500 500 790 284 500 500 500 500 587 200 630 500 97 147 976 500 651 500 500 500 500 771 500 327 500 500 500 205 500 435 500 500
818 500 178 500 1 500 531 500 108 500 500 500 500 500 500 107 500 587 557 410 500 500 500 500 500 500 500 500 500 500 500 500 500 500 500 500 500 500 285 500 500 868 500 500 1000 500 20 500 335 807 500 916 500 557 500 500 248 500 916 500 243 500 807 62 500 732 320 500 59 979 715 500 500 767 913 500 500 285 500 500 500 500 243 500 322 905 510 91 500 1000 500 208 555 557 500 500 500 500 500 492
500 500 200 500 807 108 605 500 916 121 500 403 500 344 449 771 332 510 500 896 500 897 920 320 920 944 286 136 630 20 332 990 732 500 159 500 219 976 327 510 500 337 435 500 531 500 605 500 500 826 436 715 436 979 500 285 871 500 868 500 500 500 890 500 500 500 916 500 500 500 587 767 322 944 500 500 433 322 500 890 871 458 712 500 699 226 500 200 500 557 500 500 403 715 557 500 226 500 659 219
500 108 492 790 555 500 500 500 515 62 720 699 322 922 733 500 500 500 500 108 178 651 500 500 500 500 500 27 500 27 500 916 591 97 219 500 500 500 368 500 500 500 976 500 659 500 625 208 500 500 500 500 208 500 500 500 500 500 322 500 449 625 733 630 500 214 605 500 807 630 403 500 630 184 755 500 500 500 500 500 500 500 500 500 890 500 500 500 500 208 500 327 922 500 53 500 934 990 159 500
492 767 500 184 500 500 557 500 887 500 500 500 500 500 205 920 868 916 500 205 500 500 500 285 59 91 500 619 500 435 500 871 500 905 500 500 976 826 905 500 555 500 591 500 500 500 500 121 651 53 916 500 659 221 826 500 591 500 500 500 500 270 214 500 500 335 500 500 500 500 500 500 500 874 699 410 500 659 221 136 913 720 243 755 147 214 990 433 500 500 500 500 335 500 500 500 500 720 500 500
500 500 500 500 500 1 214 531 243 20 905 205 53 500 500 500 500 285 500 403 368 625 500 320 500 500 500 500 500 500 500 20 500 556 871 500 500 715 659 91 994 500 439 332 500 944 818 107 920 500 1000 500 363 500 200 184 107 920 97 147 500 500 500 500 826 651 500 214 732 286 108 159 843 994 500 439 500 410 500 500 500 500 500 500 62 284 500 976 214 147 500 332 720 500 897 62 944 732 500 27
515 500 588 500 944 712 500 755 500 243 500 284 826 630 108 121 500 439 500 500 932 327 934 651 630 208 976 922 500 458 500 733 500 403 944 771 500 500 243 720 500 500 500 500 500 500 500 720 500 500 500 500 208 500 500 500 500 500 934 979 877 500 243 500 214 500 500 500 500 920 27 500 284 500 500 363 500 500 500 733 531 184 184 492 226 500 500 500 500 403 500 920 887 500 500 500 500 500 500 500
699 515 214 500 897 500 500 500 500 500 500 500 500 500 500 500 500 500 500 790 59 500 1000 500 284 500 720 270 920 990 500 807 500 435 500 944 922 500 500 322 712 500 868 500 944 337 920 843 320 486 807 500 27 651 990 492 435 500 605 500 335 248 486 500 500 500 62 625 500 500 1000 500 136 449 500 699 500 922 500 500 500 500 388 500 500 500 920 285 500 500 500 500 500 500 147 500 920 270 630 920
500 20 625 976 433 368 625 500 458 932 53 500 403 625 500 433 934 588 500 500 500 500 500 500 500 500 831 500 107 500 500 500 500 767 500 500 500 500 97 587 556 922 871 500 178 500 322 500 436 500 500 500 500 712 1 500 807 500 500 500 976 97 500 500 871 200 243 890 651 500 818 500 500 500 500 433 500 159 500 147 556 994 843 868 922 327 651 887 807 500 91 712 500 712 557 439 556 500 108 500
500 500 435 500 699 500 890 979 107 500 335 807 97 486 200 588 500 1 500 588 344 410 619 868 625 500 344 500 790 605 651 531 500 922 1000 184 500 843 136 500 500 897 500 500 920 500 500 500 147 890 500 59 871 699 500 500 221 826 344 500 500 500 500 214 1 221 500 500 327 500 767 976 976 433 500 920 500 944 531 588 500 874 500 208 500 184 818 500 59 500 500 556 500 868 500 500 500 500 337 500
831 500 818 500 500 500 500 500 500 500 500 500 500 449 922 500 500 500 500 531 500 500 500 500 500 500 500 500 500 500 500 500 500 500 500 500 500 500 492 59 500 500 500 979 337 871 159 500 159 500 500 500 994 53 200 500 500 555 944 284 500 97 500 500 500 990 500 818 363 515 630 500 147 121 500 500 500 500 500 500 500 108 500 500 500 500 913 500 368 500 219 732 920 107 515 500 108 436 630 500
500 500 1 337 922 619 890 285 877 874 500 284 500 368 500 500 284 27 500 200 979 625 500 1000 1000 587 500 59 500 121 500 1000 500 433 515 500 248 500 500 588 920 990 500 285 500 500 831 500 500 500 994 500 500 136 755 500 990 178 500 500 500 121 510 500 712 486 500 500 108 436 500 500 500 335 500 556 147 53 107 107 147 897 807 500 651 59 920 500 500 500 500 500 934 500 733 500 500 871 500 500
500 733 699 500 500 976 500 53 500 733 500 449 248 208 270 500 410 500 500 605 500 500 500 439 500 500 500 922 500 934 500 818 500 200 500 500 62 243 500 449 500 184 500 91 284 500 327 322 53 874 270 1 500 436 500 500 500 435 108 500 934 651 500 500 500 159 979 500 500 27 500 905 500 500 500 500 205 500 500 500 403 500 920 500 270 184 500 500 510 486 500 605 515 500 897 531 500 944 500 922
500 500 147 913 500 500 500 178 500 226 500 500 62 500 625 587 178 500 136 388 500 332 500 1000 403 500 200 922 320 91 285 248 500 363 979 500 205 500 500 500 500 500 500 500 107 500 932 826 500 500 715 500 500 868 500 492 136 108 147 59 53 920 826 403 500 500 97 320 500 720 320 715 270 97 500 332 887 500 591 214 896 500 651 500 500 500 500 97 557 221 826 699 767 500 500 388 500 500 500 500
433 500 500 433 771 500 243 147 500 226 59 500 720 500 500 500 184 121 843 916 994 818 500 332 826 410 922 388 500 790 226 500 500 500 715 500 108 1 500 905 500 136 322 500 500 500 500 500 500 53 591 715 500 500 500 500 433 715 659 500 226 500 322 500 500 712 555 500 500 439 500 990 897 500 500 500 344 500 712 500 556 500 248 500 486 767 243 436 500 147 720 500 433 500 897 363 500 588 500 486
91 790 500 500 500 500 500 500 500 500 500 500 500 500 896 53 286 121 500 97 214 500 500 62 500 500 500 500 500 500 221 500 831 500 1 587 226 337 214 831 285 200 107 715 790 500 285 219 500 790 500 178 557 732 337 500 500 868 500 500 500 500 214 733 500 500 363 500 97 531 500 108 500 500 388 500 500 500 500 500 500 500 286 500 916 557 500 500 500 500 587 500 500 500 500 500 500 896 826 458
500 500 500 922 458 890 433 136 337 715 439 500 1000 807 27 433 500 500 500 500 500 500 587 344 500 492 320 108 270 500 500 500 368 897 990 344 500 500 500 500 500 500 500 500 500 500 510 500 500 500 500 500 500 500 91 500 767 363 335 108 531 500 500 27 913 500 500 500 500 449 500 107 874 59 591 500 147 500 433 500 403 500 699 500 500 208 500 121 890 500 435 500 510 500 877 905 500 500 500 500
500 605 1000 91 500 994 500 500 720 500 500 500 500 458 500 807 877 107 732 344 944 510 178 651 826 619 500 200 619 500 510 500 208 500 219 500 500 27 458 388 91 826 767 486 500 458 557 500 630 500 221 500 790 500 107 500 1 285 500 500 500 500 332 994 500 500 221 410 500 208 500 500 500 790 934 500 332 344 790 320 458 208 248 500 53 320 500 449 226 720 208 500 877 715 831 790 500 53 790 500
556 944 500 976 500 91 932 500 368 53 59 500 659 436 500 500 500 500 818 500 500 500 831 500 990 500 500 500 500 500 831 91 557 500 53 896 500 363 500 500 500 500 500 500 500 556 322 403 887 771 897 320 557 500 59 500 500 226 994 922 500 226 53 733 896 500 337 630 500 388 500 327 771 515 500 500 500 605 500 557 500 332 790 500 500 500 500 500 500 826 905 500 500 500 500 771 500 500 136 500
500 500 500 500 500 500 500 500 500 733 500 500 500 403 500 1000 332 922 920 944 500 994 732 500 755 905 500 20 500 699 591 500 500 500 500 699 270 767 344 500 715 500 605 500 91 285 500 388 500 500 500 500 500 500 500 500 588 439 500 932 500 720 27 500 630 625 320 500 500 500 500 659 500 500 500 200 807 712 500 285 500 500 200 97 500 107 270 699 500 500 500 500 91 920 755 979 588 890 136 433
630 208 205 659 591 320 53 500 510 205 619 62 500 500 500 500 107 500 807 500 500 500 226 500 500 897 890 659 755 934 767 458 108 913 500 651 286 500 887 439 994 555 767 605 486 874 500 591 322 500 286 97 178 363 807 500 699 500 500 500 500 500 500 500 500 500 843 332 363 500 221 410 556 500 243 916 500 500 500 243 147 500 335 500 500 500 818 403 500 588 344 896 807 500 200 500 500 500 136 500
500 500 500 500 500 500 500 500 449 500 368 205 500 994 500 286 826 500 59 205 877 500 733 994 500 733 500 920 500 500 500 136 934 500 500 500 500 500 500 286 500 905 500 500 500 500 500 619 500 500 492 500 500 500 500 500 990 897 136 591 877 248 625 500 337 285 248 368 500 500 843 286 500 500 147 121 136 976 500 20 500 500 1000 500 515 500 500 905 531 344 500 500 500 500 91 500 767 771 605 500
877 270 699 27 916 200 531 500 178 500 500 136 994 20 500 500 500 500 920 500 500 500 500 433 500 877 500 436 920 500 625 286 500 500 531 500 27 913 500 531 500 1 699 344 500 200 500 976 335 790 27 59 27 659 27 500 500 500 887 121 500 500 500 500 500 136 500 1000 818 500 500 284 944 500 500 605 500 976 500 320 767 500 515 500 767 990 332 322 500 500 500 410 720 159 327 500 500 712 500 500
500 500 500 500 178 500 712 500 248 500 868 327 500 500 500 916 363 500 979 732 531 219 500 500 500 500 500 905 500 500 500 284 248 934 214 147 435 500 500 500 500 284 500 270 699 920 500 500 121 500 500 500 500 500 897 500 605 500 500 831 994 403 587 500 531 108 500 20 755 500 630 121 630 500 871 979 500 733 500 868 500 500 500 500 500 500 337 871 500 136 755 905 913 500 221 500 403 433 500 97
344 243 322 500 500 500 500 500 500 500 500 221 322 159 500 500 715 243 605 500 500 248 159 368 97 871 500 868 91 712 500 500 159 715 500 500 500 500 651 200 500 221 500 500 976 500 500 932 555 335 107 335 205 500 818 818 790 500 27 890 500 500 500 500 500 500 500 500 433 500 659 500 500 500 843 500 500 500 500 720 200 500 605 920 625 500 500 500 500 500 500 500 184 500 108 500 500 500 500 500
200 500 27 755 659 205 500 790 449 107 500 500 500 500 500 767 332 500 20 510 500 107 500 500 500 500 500 500 500 327 587 500 500 896 515 368 767 619 712 500 500 285 591 500 990 877 500 500 91 500 720 500 500 500 500 286 500 500 500 500 500 755 439 97 630 500 219 1 178 500 121 20 322 500 755 178 818 826 500 500 500 500 500 871 27 619 699 871 500 435 436 500 500 500 500 500 248 500 920 500
500 500 500 500 500 500 500 720 500 208 890 510 388 107 500 500 843 500 896 500 500 916 905 976 500 59 214 500 248 587 874 922 500 890 500 286 500 332 887 435 500 500 500 500 322 934 332 500 500 500 184 388 107 500 243 205 500 699 500 335 733 990 500 557 500 500 449 500 555 500 107 500 944 500 890 500 500 500 500 458 905 332 659 922 500 619 500 976 436 874 531 500 699 500 588 500 826 403 510 433
147 732 243 905 332 486 1000 108 500 243 327 500 248 53 556 500 500 500 932 286 500 500 500 913 790 205 500 500 285 500 712 771 500 248 500 767 500 248 500 20 486 286 922 500 905 500 200 363 905 500 221 500 826 500 178 920 920 934 712 27 500 500 500 147 270 500 449 500 831 500 121 500 433 500 486 515 107 284 500 121 500 500 500 896 500 500 500 500 500 500 715 874 699 248 184 286 887 1000 500 500
500 500 500 500 500 500 500 500 500 500 500 500 500 500 500 500 771 510 226 184 500 916 500 500 500 500 500 916 944 500 605 500 500 500 500 500 500 500 500 877 500 500 500 500 715 500 890 500 916 500 990 500 500 500 500 492 500 771 500 868 363 979 500 492 555 500 877 500 147 500 715 500 403 500 922 500 755 59 500 733 500 492 248 1000 500 767 755 436 363 322 732 500 439 500 715 500 335 500 500 486
27 630 500 322 877 905 492 20 243 500 932 500 807 500 320 500 500 500 243 500 500 91 755 732 286 270 500 500 500 500 831 219 284 887 500 874 136 916 500 944 335 403 486 500 159 500 500 500 500 500 843 712 284 500 20 435 500 500 500 500 500 944 500 500 500 500 500 500 53 500 500 500 500 500 500 500 403 500 500 500 500 500 500 500 500 500 500 500 500 500 500 500 500 500 221 500 896 557 500 147
500 500 500 492 720 500 200 500 515 248 219 556 332 877 1000 500 843 243 556 826 905 243 500 771 500 720 826 221 136 500 53 436 500 659 868 712 500 500 500 500 500 500 500 500 555 818 755 27 890 500 500 651 619 500 439 920 588 922 205 184 500 913 147 556 214 905 344 500 556 922 920 322 337 500 905 515 403 403 270 500 214 500 715 500 248 500 221 913 826 831 531 121 733 270 205 500 877 500 500 500
59 659 922 890 500 500 500 500 500 500 500 500 500 715 500 500 248 500 896 500 97 500 500 500 500 500 500 136 500 500 500 219 500 932 500 243 868 449 630 715 619 368 557 500 435 555 500 591 890 121 500 500 327 500 286 500 335 500 500 500 500 500 500 1 500 651 500 500 500 500 625 500 500 500 500 332 500 913 500 500 285 27 874 555 337 555 1000 712 500 500 97 500 226 500 388 500 286 500 492 588
826 500 920 500 500 486 510 439 108 874 916 243 500 500 500 733 979 500 62 500 767 108 320 733 205 500 555 219 591 916 500 712 500 436 500 388 500 500 500 500 500 500 500 500 871 500 500 500 322 979 97 500 410 500 712 500 932 659 557 922 159 226 500 500 500 435 887 500 53 435 699 178 871 500 877 219 500 200 492 500 59 500 368 500 890 500 500 500 500 327 363 500 500 500 53 500 905 500 500 913
500 500 871 97 556 715 771 500 500 205 500 630 976 887 500 887 555 500 147 500 178 500 771 500 500 500 733 500 284 500 500 53 500 159 500 619 91 53 27 994 221 59 121 500 843 905 214 500 449 500 500 500 500 500 500 500 500 818 500 243 500 500 500 831 500 500 500 500 874 500 913 591 500 500 500 979 500 874 335 500 897 500 205 500 221 500 322 630 733 486 500 500 363 887 732 500 531 121 500 500
221 500 699 831 500 500 659 53 500 500 500 500 500 500 500 107 500 500 91 500 136 500 108 896 332 500 500 500 916 531 500 500 500 500 500 818 500 500 500 500 500 500 500 500 500 500 515 500 219 896 500 807 500 531 500 62 500 500 500 994 712 587 831 136 887 449 433 500 500 500 500 712 587 990 500 500 500 500 500 500 500 500 732 500 500 500 500 208 500 500 500 556 767 500 208 500 1000 500 500 286
500 500 500 510 91 500 887 449 184 436 284 712 410 916 500 205 699 500 449 500 916 500 887 500 874 500 979 500 500 285 214 591 208 500 178 630 248 403 720 515 531 363 214 226 790 500 500 500 890 588 500 221 500 934 214 605 500 733 500 500 108 500 435 500 500 243 944 807 500 843 500 500 136 500 500 715 896 147 335 659 1 286 20 990 500 515 500 500 500 944 500 500 500 500 136 500 905 659 500 500
500 871 500 500 500 500 335 500 500 500 630 500 500 500 500 500 500 500 500 500 500 500 500 500 871 486 219 871 500 500 286 500 715 500 619 500 790 500 500 500 500 121 147 500 121 807 121 500 500 994 214 286 712 916 500 492 1000 108 555 500 934 500 136 818 500 285 500 136 890 994 458 500 492 388 500 320 500 500 108 500 871 500 500 712 500 205 979 807 699 712 108 500 755 332 439 500 436 871 159 500
515 107 59 720 449 500 214 890 868 500 500 500 913 500 732 500 20 500 159 500 976 500 807 500 500 500 500 1 322 500 905 500 136 500 500 500 449 410 322 699 500 500 976 500 868 500 515 587 500 500 771 500 896 500 500 500 874 500 159 500 500 500 890 515 500 587 500 874 500 500 205 500 500 591 500 243 500 659 327 500 500 500 53 990 500 500 500 500 500 500 651 500 500 826 771 500 500 208 500 500
500 500 433 500 53 500 410 500 147 500 20 500 890 500 807 500 1000 205 219 515 818 897 720 500 733 20 500 500 500 500 500 500 500 500 243 500 500 500 500 136 896 500 500 500 500 500 733 500 500 337 322 500 699 715 976 500 1 500 320 492 990 500 500 994 500 500 500 344 500 62 332 922 500 500 500 500 500 500 178 934 755 500 500 699 500 200 720 555 874 208 208 486 818 771 500 500 733 556 531 500
270 500 500 500 500 500 500 500 159 515 439 556 515 874 990 500 344 500 500 500 500 500 97 500 500 344 439 500 818 916 500 625 59 871 733 363 790 944 500 619 1000 136 588 363 458 500 286 1 500 363 500 500 435 500 500 500 97 500 59 500 332 403 500 732 97 243 500 630 500 136 500 500 500 587 107 500 439 500 270 500 500 500 877 715 500 500 500 932 500 699 500 699 500 732 500 934 826 500 91 500
500 500 515 500 136 205 732 500 500 500 500 500 500 587 458 732 555 53 733 97 871 500 591 905 410 587 905 934 20 591 874 284 500 500 500 587 500 976 500 200 500 500 322 500 531 500 1000 500 500 715 500 433 659 515 1000 500 500 500 500 500 500 500 500 843 500 59 500 500 500 510 897 659 500 500 219 91 720 874 436 322 531 500 500 500 500 221 344 871 500 500 500 944 500 500 500 651 500 500 500 500
556 500 922 500 221 500 121 890 500 439 368 344 500 500 500 500 500 500 500 500 500 500 500 219 500 178 500 500 500 500 500 500 500 59 500 500 500 500 500 922 410 500 91 500 555 500 322 500 439 591 500 91 500 588 243 335 121 500 916 916 435 510 500 363 500 108 916 178 500 500 500 500 500 531 91 990 500 790 178 500 121 500 327 500 934 944 500 221 337 410 500 557 500 270 486 874 887 500 320 243
178 874 934 659 433 500 500 221 500 332 500 500 500 363 205 771 625 555 715 286 897 500 557 219 500 916 1 107 439 486 831 994 913 147 871 732 500 994 500 500 500 500 500 500 500 500 500 500 500 500 500 715 500 712 500 877 932 556 322 944 500 712 500 500 500 877 500 53 557 492 890 320 500 712 108 500 500 500 62 500 500 500 486 994 221 500 500 994 500 159 500 500 500 890 500 500 826 500 208 500
587 500 219 500 715 435 500 486 500 510 1 91 344 871 500 500 500 897 755 500 922 500 214 500 500 651 500 500 500 500 500 500 500 500 500 720 363 388 486 492 159 219 136 630 107 107 500 630 500 284 500 500 500 500 500 500 699 205 500 403 500 500 500 335 500 755 500 344 500 285 368 500 500 500 108 500 630 790 790 500 920 877 435 500 916 500 659 771 500 178 500 159 388 285 500 27 934 500 500 500
500 500 500 500 916 887 500 284 327 920 934 500 500 934 699 712 500 492 500 500 248 500 1 500 874 219 53 733 284 147 335 27 439 588 500 659 500 868 500 720 500 500 1000 500 500 500 500 221 500 184 62 363 335 285 500 625 944 500 500 771 732 270 136 874 500 619 500 335 500 500 200 270 500 890 368 500 922 500 200 500 500 270 588 500 500 500 500 500 500 500 500 500 500 531 500 208 500 500 205 59
27 500 363 500 932 500 500 500 368 500 285 108 500 651 500 121 500 630 108 500 368 500 337 500 807 500 500 500 500 896 500 500 500 500 500 500 500 363 500 826 500 159 625 500 439 344 20 337 248 1 500 877 500 843 500 500 659 699 500 790 990 500 591 500 500 500 500 556 500 136 184 500 500 500 320 500 136 500 890 916 500 732 500 500 184 896 492 388 720 20 659 458 184 897 500 322 335 500 897 500
920 435 905 500 121 826 500 733 890 500 107 500 500 500 500 500 500 500 500 500 500 500 500 500 20 435 932 500 557 439 887 868 868 619 500 916 500 91 500 500 500 500 979 248 843 500 27 500 625 500 500 500 500 159 410 500 500 500 500 500 147 500 500 500 720 327 500 500 500 500 91 905 877 500 733 500 807 500 332 121 500 1 500 896 771 500 500 500 363 500 500 500 500 500 500 500 913 500 500 500
500 500 500 500 500 500 500 500 500 500 500 500 818 715 807 500 53 500 337 500 531 500 136 500 500 500 500 500 630 500 337 147 500 62 557 715 500 659 136 27 591 500 605 205 500 500 500 500 500 500 515 831 500 286 755 344 733 767 510 500 651 320 91 492 868 920 53 767 500 831 922 500 767 500 932 500 733 500 403 500 500 226 500 500 500 500 897 500 500 500 922 159 515 500 934 588 890 500 286 715
91 62 500 510 712 500 843 486 435 205 500 53 659 500 500 500 920 500 826 922 208 826 219 435 868 732 286 500 500 500 500 62 500 651 500 500 500 500 874 500 500 500 500 771 715 591 651 458 500 492 767 500 500 500 651 500 20 500 458 500 500 500 500 500 500 500 500 500 500 500 500 500 905 500 108 500 591 500 818 500 1 214 500 877 1000 62 184 922 790 368 248 500 388 248 335 720 500 500 500 500
500 920 219 184 500 500 449 500 500 500 500 712 219 556 720 588 327 284 720 500 500 486 500 500 500 500 826 500 767 510 500 755 500 790 755 285 500 433 214 932 327 591 500 147 500 433 500 771 284 720 843 320 831 500 435 500 500 500 285 510 219 826 1 515 403 286 587 916 605 651 944 500 500 500 500 500 500 500 500 500 500 500 500 500 97 500 500 500 500 500 500 500 500 500 976 500 500 934 500 410
500 363 500 388 436 27 59 712 500 214 500 531 500 715 500 500 500 500 515 335 500 284 226 388 510 500 53 322 715 500 500 368 500 500 877 500 500 500 500 500 500 500 500 91 500 500 500 871 500 500 500 500 500 500 500 500 363 500 500 500 500 500 500 500 500 500 500 500 500 630 555 994 403 159 500 219 630 337 500 285 500 897 500 62 890 500 337 97 890 874 226 500 322 591 976 322 500 605 905 874
500 905 500 214 500 651 500 337 388 890 913 388 500 500 500 831 20 500 500 500 500 500 500 500 403 500 436 500 913 492 500 1000 905 500 500 500 771 651 944 1 500 403 500 500 500 205 500 500 500 732 410 531 790 500 59 27 439 436 557 368 630 436 843 221 659 91 214 219 500 557 500 500 500 500 500 363 500 771 500 1000 436 285 976 755 500 500 500 97 500 605 619 403 871 500 515 500 500 500 500 500
500 874 500 531 500 97 500 184 286 500 531 500 500 344 500 108 500 500 979 500 843 388 916 500 500 500 53 500 515 97 500 136 439 214 500 733 285 327 500 53 826 699 500 20 500 871 630 500 619 591 500 500 439 500 874 500 500 500 500 500 500 500 320 500 410 994 500 500 500 500 500 807 500 767 500 284 500 555 320 205 500 990 500 500 500 890 500 500 500 500 500 500 500 500 500 500 976 500 214 286
500 874 500 831 500 890 500 1000 500 500 500 500 767 248 226 887 994 500 874 1000 492 500 699 712 887 500 500 500 500 500 500 178 500 994 335 1000 449 500 500 500 500 500 500 913 807 270 515 486 492 515 337 500 976 1000 720 200 531 107 500 486 91 500 500 500 500 500 500 715 500 557 500 733 605 625 500 500 500 500 630 500 500 500 500 285 500 97 500 555 500 790 500 818 500 625 500 337 715 27 270 500
500 500 500 868 500 897 500 619 449 843 27 818 887 500 285 500 62 807 905 500 500 500 59 500 944 732 591 896 500 979 500 712 500 990 715 500 410 344 591 208 500 449 500 905 500 500 588 322 500 337 500 500 500 500 500 588 500 500 500 916 500 500 1000 500 62 322 500 755 500 136 500 97 500 500 500 733 605 500 500 500 243 500 732 515 807 916 732 221 500 913 500 905 500 200 500 500 500 500 500 500
500 285 500 500 500 500 500 337 500 500 500 500 500 500 500 500 877 500 500 500 449 500 500 500 500 500 500 500 500 790 500 500 500 500 500 500 500 500 500 500 500 248 388 91 500 556 755 500 500 500 500 913 500 436 500 500 500 108 500 515 831 500 226 458 619 877 208 877 500 53 363 625 868 335 500 877 755 500 877 500 121 500 500 500 500 500 500 27 500 732 500 327 500 410 285 500 184 500 449 500
500 531 826 990 500 208 500 285 27 934 320 896 458 979 500 363 337 449 818 492 435 344 555 500 790 500 285 500 403 944 284 818 500 605 990 890 500 557 994 205 500 871 771 500 500 500 108 500 27 410 500 944 500 410 500 147 500 335 500 699 62 500 831 500 500 500 500 500 500 205 500 500 500 500 500 500 630 205 435 588 322 555 270 458 720 500 270 588 826 214 905 556 500 500 715 500 896 500 20 500
1000 890 500 916 500 322 337 555 500 500 500 500 500 916 500 500 500 500 733 500 449 500 337 500 990 994 944 500 205 500 500 500 500 500 587 500 500 439 500 500 500 435 500 500 322 500 500 500 500 200 363 755 59 890 500 286 874 286 500 500 831 818 53 500 107 500 226 500 436 285 913 286 500 492 322 500 27 500 500 500 500 500 500 500 53 1 435 500 500 500 59 335 178 932 226 205 184 500 53 500
500 913 500 500 500 500 990 659 121 439 979 363 500 388 320 874 20 500 500 500 500 500 500 500 270 500 651 20 826 500 200 500 920 920 205 877 934 20 184 226 500 91 97 659 368 934 500 887 403 27 500 500 500 500 500 248 500 500 500 286 771 500 500 500 439 184 720 500 27 500 500 890 500 500 486 500 500 500 286 439 200 755 619 500 500 500 500 500 243 500 500 500 500 500 500 500 159 619 62 500
500 500 500 659 97 500 500 605 500 591 500 500 500 243 500 500 500 500 221 500 286 890 243 62 994 500 732 439 500 500 871 500 500 994 916 500 433 200 500 905 733 108 500 767 136 500 500 556 500 500 500 243 337 944 500 27 62 659 500 492 136 877 877 932 62 790 500 500 976 712 500 500 500 916 286 500 932 500 500 500 500 500 897 500 913 500 403 500 1 320 715 500 270 500 733 500 500 500 20 990
500 699 205 913 449 500 368 205 500 327 363 767 500 699 913 327 500 591 388 500 59 500 500 500 500 500 500 500 500 896 868 868 214 922 500 500 500 500 500 285 500 771 500 715 500 500 934 916 500 320 337 322 500 327 500 500 286 500 500 500 715 913 500 500 500 500 500 439 248 591 439 500 320 555 790 557 284 500 53 226 500 515 557 219 53 136 588 500 500 591 286 807 733 887 449 500 200 500 500 500
500 932 500 500 500 500 500 531 500 555 500 322 500 500 500 500 500 486 932 219 913 934 831 449 715 97 500 587 500 500 755 556 500 500 500 226 500 458 500 500 500 500 500 500 500 200 905 500 500 486 500 500 500 500 500 619 994 500 335 500 913 500 500 410 500 831 500 219 433 500 500 500 500 990 500 500 500 500 500 205 500 500 500 500 500 500 807 934 871 932 500 500 500 500 20 500 890 286 500 53
500 699 651 630 932 344 500 500 500 500 500 500 500 771 500 807 699 877 500 890 500 771 500 20 184 500 500 874 651 500 500 20 767 500 874 59 720 979 410 136 877 767 659 226 500 97 59 871 500 458 500 871 500 755 500 335 619 630 913 108 214 178 214 184 500 335 500 500 159 732 486 500 659 588 500 826 500 605 922 733 916 500 877 767 136 500 500 994 500 226 500 555 97 337 27 515 732 439 591 62
500 403 500 500 500 500 500 368 500 270 500 205 27 458 500 630 944 500 500 500 500 500 500 500 500 500 934 121 388 712 500 184 920 322 20 500 920 500 500 500 500 500 500 500 500 500 556 500 500 556 890 591 500 922 500 500 732 826 500 500 500 896 500 500 500 944 500 920 363 500 500 500 500 887 500 922 500 500 500 976 500 500 500 500 243 500 588 439 500 121 500 500 500 500 500 458 500 944 500 91
790 790 435 500 890 500 720 555 332 843 990 335 500 500 500 843 500 500 337 500 712 500 219 500 121 500 500 1000 500 587 699 243 500 557 500 500 500 500 53 500 625 500 107 913 500 285 439 771 874 439 500 500 500 920 286 500 500 605 337 449 500 500 500 588 515 435 270 555 500 500 403 500 1000 874 500 619 500 492 500 630 184 500 905 500 332 500 500 500 500 500 500 121 107 27 327 458 500 62 500 500
500 500 500 500 344 439 226 332 500 916 500 500 500 200 916 219 868 1 136 500 200 500 285 500 890 500 332 159 500 53 500 500 500 500 500 515 619 500 605 500 320 91 108 905 500 500 500 990 890 500 500 557 500 500 831 755 500 500 916 62 286 500 625 219 500 500 500 500 500 1 270 500 732 219 284 410 500 449 976 322 500 500 248 913 651 500 874 874 979 492 500 500 500 500 500 500 500 500 500 121
868 500 136 286 219 500 500 500 500 449 557 625 344 826 500 500 500 500 500 500 332 500 871 500 922 500 492 500 500 500 500 1000 500 327 500 531 890 500 136 500 121 500 500 500 500 807 500 619 500 500 107 147 270 500 219 500 500 20 767 500 651 699 659 320 486 500 905 500 368 335 500 500 500 285 625 500 500 500 500 890 433 500 922 500 284 500 500 500 500 97 500 871 500 285 435 486 1000 557 205 871
285 53 449 500 515 500 630 916 500 403 433 500 897 500 500 205 500 922 500 97 388 214 388 208 826 500 320 214 807 178 887 388 20 619 826 108 500 500 492 500 20 200 871 200 500 651 619 732 20 905 732 500 500 500 363 500 108 184 500 500 500 500 500 500 500 500 630 500 733 500 500 890 500 208 500 500 625 500 492 320 979 715 327 500 500 500 790 790 500 625 500 733 500 500 500 500 500 500 500 500
500 500 500 500 500 500 826 500 500 500 500 500 500 500 97 200 500 159 500 332 500 500 500 500 500 500 500 486 500 500 500 500 500 500 500 500 500 944 874 500 500 363 500 500 500 500 712 500 500 500 500 500 896 500 944 500 500 219 500 147 500 651 435 500 877 500 433 500 916 934 500 979 500 630 500 27 270 500 500 500 1000 500 500 500 790 500 500 97 500 818 500 897 500 755 219 500 877 500 436 500
