99 100
1 1 27 1 1 1 1 109 717 1 1 1 1 1 1 339 1 363 1 1 17 1 16 1 6 1 2 1 1 273 1 362 558 1 948 17 463 1 1 913 1 1 1 1 1 1 1 1 1 851 1 1 714 1 1 1 1 1 404 1 172 467 1 16 1 605 1 89 13 1 1 1 1 1 1 273 1 1 1 1 550 1 194 1 1 1 746 1 16 1 714 1 289 1 1 601 89 1 17 1
1 98 362 380 870 944 1 463 1 1 145 13 180 172 340 13 1 897 944 1 928 1 920 1 1 1 109 1 550 98 1 512 1 1 1 842 1 1 363 146 770 417 146 172 1 958 512 13 969 290 194 1 1 1 653 39 601 6 331 1 1 998 1 888 1 732 1 507 1 1 452 109 998 641 17 944 1000 242 1 340 6 1 380 180 456 1 714 1 1 1 1 1 770 205 1 1 1 1 507 1
1 626 702 1 1 1 1 13 300 1 546 1 290 626 1 1 1 1 1 1 1 1 1 1 6 1 89 1 1 851 1 842 16 1 512 467 1 746 928 1 17 1 1 109 1 1 1 850 1 1 89 600 27 1 1 1 1 224 202 772 1 1 1 456 1 289 1 177 1 1000 396 1 452 1 464 505 1 546 1 1 897 1 746 1 13 1 998 1 396 507 467 772 601 1 1 319 507 109 198 1
1 1 63 89 180 837 1 339 1 1 1 1 1 456 691 178 550 474 837 146 380 920 1 194 178 63 363 464 1 717 1 1 8 1 1 1 1 363 828 1 512 16 1 558 1 146 339 417 1 370 702 1 1 1 290 145 237 601 1 888 194 1 98 691 1 928 1 1 1 1 1 1 1 1 1 370 1 969 732 1 1 1 1 1 1 1 1 1 1 702 1 1 63 626 1 1 116 1 463 1
466 1 116 1 194 1 1 507 362 1 363 770 237 770 1 928 242 1 188 289 1 1 1 913 1000 1 1 1 1 512 1 89 944 746 474 98 1 1 1 1 1 63 1 331 1 1 1 1 1 1 734 289 705 1 1 1 370 109 1 27 145 1 1 1 1 417 1 913 474 546 1 653 89 188 1 1 1 1 202 146 205 828 1 237 463 512 16 331 408 453 463 1 89 1 1 340 370 1 417 1
180 1 1 1 290 331 1 1 98 1 1 1 388 1 1 920 1 1 1 1000 1 273 1 1 920 224 332 388 1 1 1 1 1 464 1 714 702 913 332 855 1 641 1 998 1 828 39 897 89 13 558 1 1 1 691 993 920 1 1 1 89 1 474 702 289 194 1 1 1 146 1 1 1 404 1 178 705 13 273 1 626 1 1 340 691 1 1 1 172 1 27 1 339 339 1 1 1 1 205 1
1 1 300 958 205 363 463 1 1 1 691 363 180 1 205 734 1 224 1 870 546 332 331 1 1 653 1 851 1 389 205 340 993 944 1 714 913 1 242 1 1 331 1 389 1 1000 300 1 145 1 8 842 404 1 705 1 180 1 558 145 944 1 1 1 13 6 1 807 464 389 396 969 705 601 512 705 332 1 339 1 573 340 1 1 958 550 1 16 641 1 194 1 1 1 1 702 993 13 362 1
1 452 913 1 177 1 27 1 180 89 605 237 1 1 1 202 290 339 1 198 888 1 1 1 205 116 1 1 1 1 1 550 1 507 1 1 600 1 17 928 1 6 1 98 1 1 1 1 1 1 339 1 1 1 1 1 1 1 958 1 714 1 998 363 388 1 1 1 1 1 1 1 1 1 1 714 1 1 198 1 408 550 340 1 1 1 1 1 202 1 653 1 408 332 6 691 1 828 1 1
1 1 1 1 1 1 888 1 332 1 1 913 1 626 1 1 237 1 1 224 1 1 463 1 172 1 1 913 300 109 512 746 1 340 928 1 319 1 380 1 1 1 1 573 1 236 993 6 1 180 198 1 505 6 370 1 626 714 807 1 888 1 331 1 464 1 466 380 948 380 828 474 39 331 1 870 605 1 273 1 89 1 1 1 339 146 1 116 319 1 1 1 1 1 224 116 1 1 1 363
1000 242 116 145 828 1 998 1 1 1 837 998 1 897 732 897 717 948 1 467 27 913 388 1 714 512 1 913 13 1 98 855 1 1 600 1 1 1 828 370 601 1 202 828 1 1 464 653 888 389 145 467 605 1 1 1 467 1 807 1 202 1 202 1 1 1 1 16 1 1 1 300 1 388 734 948 1 1 467 1 224 290 600 1 1 993 463 362 188 993 396 948 463 1 1 205 13 944 1 145
1 172 1 828 1 1 928 466 1 714 109 1 1 466 1 172 224 601 1 558 1 1 601 1 1 1 1 1 1 1 1 417 1 389 340 289 16 1 913 702 1 1 1 370 1 734 224 1 1 998 1 1 573 626 89 1 1 1 1 1 98 1 1 1 363 178 1 1 1 807 851 242 1 1 600 172 236 1 1 1 1 772 273 855 1 1 109 1 116 601 1 27 512 897 1 1 1 1 1 1
1 370 1 109 242 1 870 404 1 452 290 1 13 605 1 1 691 1 1 172 1 851 505 1 453 653 1 332 452 717 456 290 1 1 1 1 1 1 146 1 1 605 1 1 1 1 1 1 205 855 546 1 1 1 1 1 188 466 319 180 98 653 39 1 178 850 601 944 920 453 1 464 684 1 16 1 362 453 404 300 1 702 1 705 1 146 772 1 1 600 1 289 1 702 1 705 944 172 27 363
1 1 1 958 1 1 98 1 1 1 1 1 116 746 273 1 145 236 1 702 1 920 1 1 920 897 1 1 1 63 1 1 1 417 850 1 202 512 691 396 888 969 746 1 109 463 550 913 13 1 505 464 2 202 319 1 396 1 948 1 404 601 1 1 1 1 1 1 1 717 1 1 319 1 746 1 1 913 1 1 1 837 1 1 1 13 1 1 331 770 1 626 1 27 1 1 1 913 1 1
851 512 1 691 8 1 897 16 1 601 116 717 116 1 558 1 1 732 1 1 1 600 993 993 573 1 1 456 180 734 404 1 13 702 828 1 1 1 928 1 1 993 550 1 641 332 1 842 888 1 573 363 1 1 1 1 851 1 467 1 198 1 1 17 146 505 17 224 198 396 1 913 770 1 691 300 1 958 198 456 1 1 1 362 16 2 1 290 870 1 1 600 1 237 1 363 339 98 1 290
1 1 1 1 1 1 855 732 1 746 1 404 300 1 897 601 1 855 888 16 1 1 242 1 573 828 1 1 27 1 828 1 300 1 474 172 653 63 145 180 1 180 1 1 550 1 1 1 2 1 1 467 770 948 194 1 732 1 432 1 734 380 1 1 1 1 1 993 1 1 1 1 512 1 1 340 1 734 1 417 1 300 332 404 1 1 1 1 705 474 1 116 1 1 1 1 319 1 1 1
1 16 1 194 388 1 1 1 1 1 1 1 1 1 734 1 1 1 1 837 1 600 17 1 684 109 851 1 1 1 8 1 1 1 1 408 1 948 1 1 1 732 146 1 332 432 1 870 205 1 236 732 948 1 1 1 380 1 1 1 770 1 1 626 198 505 331 717 641 331 1 546 380 1 339 432 1 2 1 969 1 1 1 1 1 408 452 850 605 558 1 550 732 463 828 1 1 1 332 505
224 116 573 389 702 714 236 601 362 1 178 188 466 236 194 467 463 850 1 1 1 1 1 1 1 684 202 1 331 463 507 1 897 897 1 39 1 237 1 626 1 1 1000 1 717 1 1 1 172 1 1 1 27 417 8 1 340 702 1 463 89 1 145 837 1 363 1 1 1 1 1 1 626 1 1 948 1 178 1 717 1 466 370 714 89 300 1 1 1 177 1 242 1 1 1 1 466 27 998 1
1 1 1 1 396 237 1 388 1 1 920 1 146 1 1 1 1 273 870 573 1 63 851 466 340 507 1 1 714 1 1 1 1 13 600 6 1 388 456 456 842 1 319 1 944 1 242 705 969 1 746 770 194 1 1 1 1 1 1 1 1 1 1 1 1 1 1 828 27 913 626 1 146 466 1 194 1 969 1 626 1 453 453 1 404 1 1 362 198 290 1 456 145 389 290 1 1 1 1 1
456 732 202 1 605 1 1 180 717 1 1 1 507 396 958 1 601 289 1 1 1 1 1 897 1 626 290 1 1 1 464 198 98 512 273 1 1 1 456 1 1 1 1 1 772 1 453 1 870 1 1 1 842 17 27 888 734 969 1 605 1 944 1 600 1 290 1 1 1 1 6 1 388 1 1 850 1 273 1 332 1 1 389 1 746 98 1 109 1 474 1 507 1 600 1 1 732 573 1 653
1 1 237 1 273 456 1 1 1 1 89 63 331 1 1 1 1 290 897 188 1 714 732 507 1 466 2 732 404 1 98 1 837 1 505 300 205 1 888 626 145 1 205 1 851 1 1 1 463 1 928 691 224 1 17 1 1 1 1 998 837 855 897 463 6 558 920 17 770 456 396 464 452 177 1 1 1 146 1 1 1 691 145 1 558 1 1 512 1 242 1 772 1 734 39 1 300 388 558 237
452 1 1 1 474 1 1 626 13 1 1 1 456 319 653 714 1 363 1 1 1 1 1 600 1 1 505 205 1 1 507 1 1 1 1 897 1 1 734 1 224 27 177 1 300 770 1 17 653 1 1 39 1 1 474 558 340 1 605 505 319 1 180 1 1 466 1 289 1 691 1 1 205 363 684 1 512 641 319 558 1 331 2 1 2 1 969 242 1 605 1 205 1 1 969 1 601 1 273 1
63 290 855 1 89 653 998 452 205 1 605 89 178 1 1 178 1 550 453 396 1 89 236 850 913 1 1 550 2 1 998 1 653 180 928 558 928 1 842 1 1 1 188 1 1 289 1 1 417 380 1 746 626 1 456 1 550 1 98 1 507 1 717 1 714 993 1 290 1 807 396 1 300 1 772 1 842 1 1 1 1 1 242 1 1 1 653 1 1 746 1 456 39 1 1 1 1 1 1 1
573 1 888 1 202 928 1 1 1 1 145 1 601 417 1 558 1 432 1 1 1 714 512 1 993 1 180 145 1 1 331 1 273 1 1 17 842 1 16 178 855 1 512 1 332 332 1 969 188 1 1 1 734 1 467 1 1 1 1 1 1 1 1 1 1 177 1 1 1 1 1 1 273 1 408 1 600 746 370 172 1 850 998 1 641 340 463 993 1 920 1 1 746 1 714 944 993 550 63 340
1 1 958 1 1 178 388 432 1000 1 1 1 1 851 1 1 1 558 456 363 1 198 1 1 1 1 1 734 1 370 340 1 1 1 626 993 1 1 1 1 1 1 550 1 705 370 1 702 1 1 273 109 237 1 389 626 600 1 888 2 178 98 380 236 63 16 1 290 1 417 205 408 850 1 1 1 1 550 920 1 1 1 177 1 1 180 1 1 1 770 63 1 456 1 837 1 1 1 474 1
467 1 116 558 1 605 1 1 1 1 39 116 969 432 746 705 1 772 453 1 1 507 550 98 408 807 1 1 1 948 1 1 404 1 1 507 512 463 178 389 188 1 1 1 1 417 1 807 1 928 913 1 550 1 600 1 507 1 1 770 1 205 998 1 1 920 1 601 772 98 1 969 920 340 1 842 380 772 1 1 772 512 432 1 702 558 172 770 1 8 273 1 837 1 1 1 550 236 507 1
1 1 452 27 1 842 417 370 202 1 1 1 474 1 1 1 1 1 388 828 1 691 1 363 1 98 362 1 2 388 1 331 146 601 63 512 1 180 550 1 653 380 237 16 1 466 1 734 1 1 944 1 404 1 453 1 98 1 396 172 1 1 714 1 13 362 1 772 1 653 1 109 1 198 1 1 1 332 300 1 242 1 464 1 1 1 851 1 1 1 1 1 837 1 512 702 870 1 734 1
432 1 1 1 1 1 512 1 512 145 1 205 177 205 897 573 202 1 1 340 1 600 1 507 1 1 1 1 27 1 1 1 1 432 1 1 1 1 331 1 993 702 1 1 1 432 1 1 1 396 172 1 8 1 1 1 363 1 1 467 1 897 109 1 466 1 1 1 1 558 1 958 1 332 958 1 850 109 1 1 1 1 1 1 339 1 340 850 702 242 913 1 850 1 1 1 948 1 1 1
188 456 1 969 601 1 1 1 1 1 1 1 1 13 1 1 396 1 13 626 1 851 1 63 641 546 546 1 1 1 116 202 855 404 116 456 1 89 653 1 1 363 1 888 1 1 1 734 39 626 1 1 180 1 452 944 39 177 1 1 1 1 512 1 1 1 837 452 17 746 1 601 1 408 1 1 1 512 198 463 1 505 505 714 380 319 842 1 1 388 1 1 573 1 453 466 417 466 1 897
1 362 897 626 1 1 146 8 550 512 993 1 732 453 453 1 1 1 1 177 1 928 1 63 339 1 1 1 300 1 1 1 1 772 1 850 1 1 1 1 300 969 913 463 109 89 1 691 1 807 1 340 17 1 1 331 1 702 1 6 546 948 770 146 289 1 1 734 1 505 1 807 1 289 463 1 605 641 1 13 1 1 1 1 1 474 17 1 550 289 702 1 145 1 1 466 1 205 1 944
1 944 1 194 702 237 734 1 1 1 691 1 1 1 146 1 380 474 1 1 1 339 1 1 546 600 98 1 732 855 331 550 684 408 1 928 944 300 16 1 1 958 969 1 1 1 1 339 1 913 1 601 732 1 178 2 1 705 1 600 1 888 177 1 1000 1 340 691 1 1 1 1 1 851 1 1 998 1 1 1 1 702 1 732 1 408 1 1 1 851 1 1 362 13 1 1 1 242 1 1
1 1 1 807 1 1 332 888 467 1 98 1 913 463 388 202 828 289 145 237 1 1 1 13 109 1 1 1 1 370 1 1 601 1 1 1 1 1 770 332 1 1 237 653 180 116 1 1 1 1 1 1 236 1 1 870 1 1 1 1 1 1 273 1 772 1 772 363 1 194 39 837 340 146 1 177 920 319 1 116 432 958 897 851 888 146 702 1 717 601 1 684 194 1 1 388 601 546 1 17
89 27 1 89 370 1 1 1 39 1 289 1 1 1 1 1 467 641 1 362 340 1 13 98 332 89 772 1 605 920 1 452 146 550 1 684 463 684 380 870 474 1 224 1 340 1 1 178 1 888 331 717 339 1 772 13 928 1 601 1 746 1 8 1 1 1 746 1 1 1 1 1 1000 969 1 180 408 27 1 1 1 1 1 1 993 920 1 1 1 507 1 319 993 717 1 1 1 702 1 1
1 1 1 1 1 1 691 1 1 1 1 1 913 944 993 734 897 1 1 1 1 1 1 6 702 1 605 1 1 600 1 1 389 1 1 1 331 1 194 1 641 1 273 1 463 505 319 63 1 601 1 1 13 1 1 1 1 1 198 1 684 948 236 770 505 1 1 1 948 145 770 464 16 1 1 1 807 1 1 512 89 851 289 897 408 1 1 897 273 717 1 1 363 512 1 273 705 237 1 897
432 1 641 1 601 1 944 1 467 1 897 1 1 998 1 1 89 362 507 1 332 958 116 770 1 1 1 1 600 684 180 1 807 714 1 734 888 1 432 1 116 1 1 1 1 1 1 1 1 98 1 474 109 1 505 389 98 6 702 63 340 944 1 1 331 702 734 1 601 505 1 605 1 1 13 2 684 1 746 452 1 653 1 1 746 467 1 1 145 237 1 319 63 1 1 1 1 653 1 1
1 1 177 1 319 1 16 332 432 145 691 993 1 300 1 600 605 1 1 1 1 388 1 746 331 888 1 837 202 432 1 1 198 1 1 1 389 1 109 1 332 1 224 1 146 432 573 855 1 63 1 573 1 1 1 1 1 1 16 1 717 1 1 202 319 1 339 1 505 1 1 188 1 746 2 1 1 1 1 705 1 626 300 1 626 1 1 145 705 1 1 1 188 89 1 888 1 573 626 1
1 188 897 172 339 63 180 828 1 717 1 1 1 1 1 1 948 463 1 39 837 289 1 453 1 388 1 339 1 1000 202 1 850 828 1 467 177 1 363 1 180 948 948 370 456 1 734 1 1 474 1 1 1 332 626 550 180 319 558 1 172 388 1 746 116 1 601 1 714 396 1 772 1 1 1 1 691 684 39 340 1 1 146 1 1 1 432 464 605 653 13 1 1 98 1 1000 734 198 1 1
331 178 464 1 362 467 1 177 1 1 1 969 641 319 1 507 969 1 1 1 920 920 1 396 1 389 1 172 1 89 1 1 1 998 1 1 605 1 1 1 1 1 340 1 850 1 363 1 558 732 1 452 13 474 1 1 1 1 289 1 1 888 1 512 1 1 1 1 1 1 1 1 1 828 194 828 948 1 1 1 1 850 691 1 807 198 380 1 732 1 273 641 1 1 1 1 1 1 1 600
466 1 205 1 958 1 1 770 362 550 388 466 1 1 1 1 684 17 600 1 1 948 1 1 1 89 1 1 1 236 1 600 432 512 837 1 205 1 851 850 180 27 691 1 1 1 1 1 1 177 1 1 1 1 1 842 236 641 2 1 237 691 1 770 842 1 300 370 746 242 558 870 1 1 1 1 474 1 205 870 913 319 1 1 116 363 1 1 1 1 1 452 1 944 417 920 507 464 1 1
1 1 1 1 1 1 550 717 1 897 1 714 467 198 466 1 1 1 920 16 1 732 1000 913 1 177 1 408 1 1 1 1 1 408 1 1 684 1 944 89 1 1 653 39 242 717 13 363 1 601 1 63 1 842 331 172 1 1 8 1 198 1 1 1 734 1 1 550 1 1 1 242 1 948 464 897 417 1 828 1 453 198 732 1 1 380 145 1 702 505 1 998 1 507 1 1 1 363 1 505
1 205 573 1 870 1 1 109 1 1 1 1 1 1 1 1 273 236 39 1 1 1 1 714 1 205 331 691 474 6 1 512 842 388 897 1 1 1 1 546 920 1 1 8 1 146 1 1 1 1 1 180 691 837 1 897 177 1 145 1 178 601 178 1 684 1 2 116 1 507 145 362 746 242 1 1 851 1 1 1 1 194 290 1 626 505 1 1 573 1 1 1 1 1 1 16 340 920 432 920
600 362 172 558 145 1 8 98 290 807 558 27 6 194 1 993 452 1 463 177 145 404 1 1 1 1 1 146 289 1 1 1 224 1 1 1 417 202 453 205 1 1 224 13 1 2 948 772 1 474 237 389 1 362 1 1 702 1 1 1 452 202 1 1 340 1 1 1 1 1 1 702 1 705 89 1 850 1 466 198 913 362 1 1 145 177 63 1 870 290 1 732 855 1 180 558 1 1 734 1
1 546 1 770 1 1 1 27 1 1 1 1 641 1 1 1 1 1 172 396 1 27 417 205 807 177 1 1 958 1 289 913 507 888 998 1 969 1 237 319 855 1 1 1 1 1 1 1 1 89 1 1 1 290 1 993 684 467 8 1 1 380 1 573 380 1 178 600 851 224 1 145 1 550 1 1 1 1 1 1 1 146 1 236 558 1 396 601 16 1 1 1 452 178 408 746 363 1 1 1
1 1 1 1 1 319 1 432 601 641 1 17 389 1 363 1 746 998 16 1 1 1 1 464 1 109 39 1 1 1 1 1 202 1 1 1 177 1 1 512 714 452 1 188 1 870 1 870 89 734 1 362 463 717 1 1 116 1 573 408 1 993 1 684 1 1 1 1 1 626 1 8 1 807 464 1 770 363 842 705 236 746 1 1 98 1 1 641 1 1 2 837 474 1 1 319 1 1 626 772
332 605 944 202 389 626 1 1000 870 1 1 1 734 888 408 1 466 1 109 474 714 396 1 474 1 705 194 507 1 340 370 550 205 242 573 1 237 1 17 897 1 8 1 837 842 920 1 1 289 172 1 1 601 944 842 1 1 1 626 626 1 116 1 807 1 466 855 362 362 13 850 897 1 1 1000 1 1 172 550 1 1000 1 1 389 1000 1 16 734 1 466 194 1 116 1 948 546 1 300 2 1
1 1 1 1 1 1 1 1 1 1 558 1 1 432 1 1 1 1 1 453 1 1 1 1 1 146 1 224 1 98 1 6 1 340 1 1 1 1 1 913 1 146 850 340 1 969 242 1 1 851 641 1 1 177 969 289 1 842 198 1 1 172 1 1 1 1 1 1 1 194 27 1 1 888 505 1 417 913 1 1 463 998 1 1 202 1 63 1 1 467 605 1 828 1 1 1 1 1 1 1
691 242 340 746 928 319 177 300 178 969 463 340 1 198 289 641 1 396 1 202 109 897 1 913 1 1 1 1 1 851 1 388 1 16 550 1 146 653 772 289 1 290 1 605 1 855 1 1 807 2 237 1 958 236 1 653 1 1 289 550 1 1 1 714 913 380 770 331 1 1 202 1 370 194 370 1 1 198 770 1 466 1 1 242 63 1 855 1 242 388 1 1 998 888 1 16 842 289 109 512
1 1 363 1 1 27 998 1 837 202 1 855 1 1 116 290 452 242 1 1 380 1 1 194 1 300 573 109 1 432 1 180 1 319 1 1 224 1 467 1 1 467 1 770 1 319 850 1 339 202 1 1 1 8 1 237 1 172 13 573 13 224 1 605 1 691 1 828 600 452 178 1 770 1 948 6 1 1 319 1 928 1 600 16 1 1 202 1 1 772 913 1 177 1 1 1 1 1 1 1
558 1 198 1 408 888 1 1 202 1 1 39 8 1 1 1 1 684 1 300 732 717 944 772 116 600 452 1 1 1 1 1 1 331 691 1 146 1 770 600 1 1 1 466 1 705 1 1 1 178 363 1 98 289 1 897 1 897 1 605 432 1 1 1 1 1 1 1 850 1 993 1 770 1 958 1 1 897 290 1 39 1 1 1 1 897 505 1 388 289 188 1 340 1 300 601 512 1 8 417
1 1 1 1 746 1 1 290 920 512 1 948 319 27 1 300 1 1 1 1 870 370 1 573 1 1 842 1 273 1 920 920 396 273 746 1 1 1 1 404 714 146 1 1 1 13 463 408 1 1 828 1 452 1 1 180 1 1 1 1 463 573 1 969 691 177 363 89 842 1 993 1 290 1 456 1 432 98 116 1 888 180 1 289 600 897 1 1 1 1 702 1 380 1 512 1 331 948 550 1
944 714 16 1 13 897 1 1 1 1 1 913 1 39 1 63 474 1 948 1 1 1 1 453 1 188 13 605 452 1 1 1 178 1 851 224 1 705 732 573 1 404 1 396 2 705 1 16 1 332 717 1 408 467 1 998 1 6 463 626 319 1 1 1 1 1 993 1 1 1 474 1 928 1 746 1 1 1 770 1 1 653 1 1 1 1 1 464 178 16 705 1 1 1 1 1 1 172 641 1
1 1 1 1 1 8 717 855 558 464 1 1 1 380 17 289 16 331 467 684 505 417 1 388 1 1 1 705 1 1 850 16 180 1 362 464 1 202 1 370 1 958 1 273 1 1 1 1 1 1 1 1 1 1 1 1 1 16 1 1 546 1 146 626 807 172 453 993 807 1 1 1 546 1 17 1 389 600 702 109 1 180 1 194 1 1000 1 1 1 1 1 1 300 1 601 837 1 1 1 1
1 404 1 370 1 1 1 289 1 1 1 842 1 1 13 913 1 1 550 178 1 842 1 331 1 417 1 626 1 116 456 550 1 1 1 98 1 396 1 850 1 888 1 828 202 828 770 702 746 1 417 546 897 1 289 734 98 380 172 1 1 1 1 1 1 641 1 452 339 855 1 732 626 1 463 1 1 453 1 605 1 714 1 145 600 362 63 1 331 1 242 1 641 1 1 236 1 993 1 63
463 417 109 466 705 339 1 27 1 842 116 363 89 1 1 224 1 39 558 1 1 653 1 1 1 842 331 466 1 913 944 1 1 732 417 146 1 188 1 944 1 550 1 851 1 340 1 332 1 1 1 1 897 339 546 198 1 920 1 1 177 178 2 39 702 242 1 546 1 828 1 1 290 1 1 1 573 180 1 331 1 1 1 1 546 1 145 653 732 920 505 507 417 1 855 550 1 870 1 550
1 1 1 1 1 605 1 331 507 290 1 507 388 89 1 319 1 1 888 691 1 224 550 8 1 17 1 1 1 1 920 1 404 920 1 396 1 705 1 432 1 362 1 89 1 474 1 1 1 600 512 1 1 8 1 1 1 558 1 913 550 1 331 1 837 408 1 1 1 998 684 1 1 1 601 944 998 1 1 1 1 13 734 1 1 1 1 1 1 1 1 1 626 1 1 198 1 512 1 1
363 370 717 98 1 1 1 1 63 370 1 331 1 463 1 842 116 1 198 456 1 464 1 456 1 573 1 16 573 146 332 1 1 837 1 339 1 13 1 205 1 1 1 1 1 1 1 98 1 178 1 1 332 432 837 558 1 453 1 855 339 1 1 1 1 558 39 1 626 331 1 1 13 1 507 734 1 1 202 897 1 380 389 1 432 828 1 573 146 641 717 404 452 998 319 948 396 717 1 2
1 948 1 1 1 948 362 1 1 1 1 1 1 331 1 224 290 1 1 558 1 684 1 1 1 958 1 1 464 1 388 178 1 1 1 601 1 1 1 507 463 1 370 63 8 550 380 684 388 600 828 1 948 1 466 1 1 1 1 1 1 1 993 8 396 172 339 1 1 837 1 389 404 1 177 1 1 746 870 1 1 1 958 319 389 1 1 1 1 1 1 1 1 1 1 194 1 464 17 63
1 388 605 734 1 746 1 1 388 1 8 2 1 1 1 1 16 1 507 340 1 63 178 855 1 98 1 732 319 1 600 1 1 888 512 194 339 1 180 897 1 1 1 1 1 842 1 177 1 993 188 340 205 1 6 512 237 1 109 198 837 205 6 1 464 1 6 1 714 691 456 507 1 1 1 1 242 897 969 172 717 1 842 1 273 456 948 16 1 340 194 467 1 1000 1 467 1 1 396 1
1 1 1 1 1 998 948 17 958 1 1 770 1000 1 714 1 1 1 717 1 1 850 1 198 1 1 1 1 1 1 362 828 1 1 6 1 463 1 1 1 1 198 17 290 331 332 1 202 1 363 1 16 717 1 27 1 363 1 546 1 242 1 273 1 396 1 417 1 1 717 109 1 1 180 1 546 236 1 388 1 601 319 998 1 1 380 1 512 339 684 1 1000 948 380 290 63 1 188 205 1
202 653 178 178 417 505 474 1 109 913 6 913 851 417 717 17 408 1 466 2 1 1 1 1 1 89 1 948 273 242 837 17 202 1 98 1 408 601 855 653 1 1 1 1 2 1 1 1 1 1 1 202 1 1 39 1 289 1 116 1 17 1 389 1 116 1 198 224 1 1 1 1 8 319 1 1 1 1 63 1 1 242 172 1 734 237 1 1 205 1 1 1 1 1 913 1 1 1 1 1
1 1 1 27 888 1 389 1 1 770 1 109 1 1 1 1 1 1 89 198 714 319 837 993 205 6 1 993 1 194 717 998 1 1 601 1 1 1 1 1 1 145 717 2 380 145 1 340 1000 746 1 732 505 1 1 1 39 1 691 1 944 1 1 1 850 1 1 273 474 1 273 1 1 63 370 16 573 300 993 1 194 27 1 1 1 734 1 600 300 1 98 772 705 828 116 1 408 8 432 1000
770 1 888 993 1 1 236 1000 1 8 1 1 1 290 145 290 920 1 1 1 1 1 1 8 1 1 1 1 1 1 855 1 1 202 188 888 363 1 6 363 1 1 1 8 1 1 1 605 1 464 362 236 180 870 505 1 109 1 178 1 746 1 512 370 300 1 339 2 1 1 146 601 1 1 1 691 1 1 273 1 1 998 1 188 734 653 1 474 1 1 948 1 807 1 464 1 363 1 1 1
1 1 1 1 1 770 993 1 1 370 702 363 1 474 1 1 1 1 404 178 467 969 1 928 456 734 1 684 463 1 855 653 1 98 1 6 39 27 242 807 2 1 772 684 850 993 1 6 1 1 969 1 948 1 1 1 1 1 837 1 300 1 1 1 456 1 1 242 17 98 453 300 807 828 1 842 1 746 17 1 456 13 1 1 188 1 1 362 1 27 550 1 717 1 550 1 289 601 236 1
289 1 948 888 1 1 13 920 1 1 1 242 969 855 855 1 928 1 505 1 1 1 1 1 732 1 1 1 370 512 396 1 1 1 1 888 1 1 734 180 1 1 1 1 388 507 1 2 1 340 505 1 928 13 948 870 913 1 1 1 1 1 463 13 242 466 1 1 507 1 1 290 850 1 1 1 1 1 928 1 928 1 1 466 558 1000 1 920 1 1 1 1 1 1 1 1 1 1 1 1
453 732 389 944 404 1 1 1 1 177 339 273 1 842 714 944 837 691 178 388 855 237 39 1 1 1 855 1 1 178 1 1 770 388 388 289 913 1 273 1 1 2 13 177 2 1 1 1 1 1 1 1 507 1 396 1 146 178 1 332 870 380 98 453 1 27 452 1 273 1 732 870 1 1 380 1 188 1 1 1 1 1 550 474 1 717 1 1 1 380 705 362 897 1 6 1 746 653 1 897
1 1 1 1 546 178 944 273 1 1 172 1 1 290 1 928 1 855 1 463 1 1 116 194 188 1 236 188 1 573 920 1 958 1 362 1 463 1 1 1 205 331 1 389 467 202 474 1 507 691 370 505 958 1 389 1 194 1 1 550 1 734 1 600 1 466 1 1 1 1 1 1 1 558 855 1 601 1 837 1 732 1 1 1 1 1 1 550 404 1000 913 1 145 601 404 1 1 370 1 734
944 178 870 1 290 1 300 1 1 466 850 870 1 705 1 172 1 404 1 194 188 1 505 1 913 920 467 1 1 1 1 1 1 1 505 1 319 1 842 1 948 1 1 920 1 1 1 1 1 180 1 1 1 1 717 1 1 1 512 837 1 109 1 705 1 770 273 432 300 1 242 13 331 194 188 8 558 6 63 828 339 1 605 1 558 842 1 1 1 1 1 1 1 180 404 417 432 17 1 1
1 913 1 1 1 1 998 177 1 1 702 717 1 172 1 714 1 236 1 1 1 1 1 1 1 1 653 432 452 888 1 370 546 1 746 1 408 897 944 1 1 1 466 8 116 1 558 474 146 290 1 505 732 558 837 474 463 1 1 507 1 1 1 408 1 1 684 1 63 1 770 1 1 1 888 16 1 1 1 1 474 653 717 641 98 1 1 389 1 389 1 300 1 202 1 913 1 319 850 273
1 641 507 39 1000 1 340 467 177 1 626 1 1 605 1 1 1 1 1 389 194 388 928 1 242 1 1 1 1 1 1 1 653 177 188 1 1 948 1 1 464 2 626 1 807 1 1 370 1 456 1 1 146 1 1 1 1 1 546 300 1 969 109 224 1 714 16 1 913 1 1 1 653 1 1 1 1 948 913 717 340 828 1 1 466 850 380 807 828 600 653 331 1 1 1 1 1 1 1 1
1 202 273 1 1 1 1 1 1 1 626 332 1 417 463 109 546 39 362 456 1 389 300 273 507 550 1 958 958 194 363 1 1 109 1 1 388 188 1 362 180 1 300 1 339 1 202 507 1 1 1 691 851 702 13 98 145 1 1 1 1 1 1 1 1 1 1 1 1 1 27 734 331 870 641 237 888 237 1 331 1 969 1 205 512 1 466 1 177 1 1 717 1 734 1 146 1 467 408 714
1 1 870 417 109 653 714 550 180 1 1 178 1 928 1 1 1 89 1 948 1 237 1 969 1 920 653 89 600 1 888 362 1 188 714 1 1 772 1 453 1 1 1 1 396 1 1000 1 1 807 89 897 1 913 1 242 1 1 684 236 467 178 116 6 684 944 290 453 772 653 467 1 16 1 850 1 389 1 1 1 1 1 1 1 1 1 1 1 1 1 558 466 452 188 691 653 1 1 1 1
1 641 370 993 1 463 1 474 605 1 641 380 1 408 16 641 1 993 1 1 1 456 1 1 1 178 417 1 1 1 1 464 1 870 466 1 855 828 1 1 1 684 850 404 363 1 1 1 370 339 993 1 1 842 1 452 573 1 1 463 1 1 998 1 453 1 605 558 1 1 888 1 772 1 600 1 172 1 63 467 734 146 573 27 684 684 842 109 653 1 1 1 1 1 1 888 362 998 194 273
1 452 1 1 1 1 1 1 1 1 1 1 1 1 474 1 1 807 13 1 512 550 452 332 1 1 389 370 600 319 1 363 1 202 1 1 1 998 505 691 1 1 897 1 8 732 1 717 691 1 388 702 1 188 1 145 1 1 242 714 1 363 188 1 474 1 1 1 1 242 828 1 237 1 1 1 1 1 1 998 1 691 772 1 1 1 855 1 732 362 8 236 300 463 714 98 1 1 1 1
1 558 601 958 332 1 855 1 842 1 331 6 464 1 331 417 1 772 1 1 913 1 1 512 16 1 331 1 1 1 1 684 1 463 507 319 1 550 1 290 1 512 177 1 842 1 1 512 1 1 1 319 1 1 1 512 626 1 1 1 1 1 1 1 1 1 573 1 855 109 1 1 1 1 39 236 1 202 1 1 1 1 474 1 717 851 463 1 1 188 1 273 558 1 1 732 512 1 319 188
1 39 1 202 388 188 289 1 408 98 319 1 1 1 1 1 1 1 1 2 705 505 1 1 1 1 452 913 770 507 1 1 1 1 944 1 1 188 1 194 1 1 224 1 242 362 1 362 1 188 837 389 1 16 289 13 300 920 1 16 920 913 734 1 388 202 714 8 236 2 969 1 850 1 1 897 452 928 13 948 63 236 558 1 714 1 691 1 432 920 1 1 453 1 432 370 1 1 1 1
1 300 1 1 1 432 396 456 432 1 1 1 684 1 98 237 463 453 1 807 1 2 1000 626 1000 1 63 289 1 432 1 388 920 1 116 363 1 172 1 370 1 331 417 1 1 1 1 691 1 1 289 178 1 456 1 178 870 1 1 1 16 1 273 6 705 408 1 63 1 1 928 1 928 851 237 180 404 1 897 1 507 1 1 1 1 1 1 1 1 178 1 13 944 1 851 601 851 1 601 958
1 417 242 146 1 512 1 467 993 888 273 1 691 340 396 1 1 1 1 1 1 1 1 1 1 1 1 1 1 1 1 1000 1 1 1 684 1 1 1 948 1 1 39 1 467 464 734 224 897 1 1 734 1 290 1 998 1 1 505 1 1 1 1 1 1 948 1 626 432 1 1 1 1 1 546 770 1 1 1 1 1 1 850 464 855 928 389 39 897 388 1 1 1 1 1 370 1 1 1 1
1 702 1 1 1 237 1 6 1 1 380 944 180 1 1 1 6 1 331 920 1 770 546 505 432 641 507 897 432 404 507 109 855 512 1 807 396 851 1 363 641 1 1 1 1 289 734 1 202 1 807 194 1 920 1 512 1 558 807 1 17 417 505 467 172 180 1 17 180 1 746 546 998 300 772 1 1 198 746 453 224 1 1 1 1 1 236 1 16 1 1 1000 1 855 339 507 1 8 273 546
1 432 1 172 13 684 1 1 1 17 17 1 746 452 1 913 172 550 63 1 1 2 1 1 1 1 1 1 1 1 1 16 1 1 1 1 1 1 1 1 273 17 851 1 331 920 1 1 1 1 1 1 1 1 1 1 1 1 453 242 851 1 573 1 466 1 1 1 870 1 1 1 1 1 464 913 1 1 1 13 920 1 109 998 558 177 605 1 1 1 605 188 828 339 63 1 1 1 1 1
1 1 1 993 1 145 332 1 404 456 1 1 1 8 16 63 1 1 1 1 464 466 339 146 1 404 1 600 1 705 1 1 1 456 600 13 177 300 188 1 452 363 1 1 1 993 1 290 13 558 63 1 684 920 717 1 13 600 202 1 1 1 653 1 331 1 850 717 300 1 404 467 89 1 453 1 1 772 1 1 380 605 546 1 888 1 1 1 404 1 362 1 17 1 146 39 453 1 746 734
1 331 1 408 1 870 1 1 340 1 1 998 1 998 1 855 89 17 1 396 177 1 626 452 370 237 600 339 702 17 380 920 998 969 198 1 1 1 1 1 1 116 691 1 888 691 1 146 362 1 236 1 1 1 851 464 13 1 948 772 1 404 691 1 408 1 1 1 1 1 1 1 705 432 236 1 828 116 888 202 172 1 290 1 850 1 507 224 456 1 1 1 417 1 641 1 1 1 944 1
732 172 1 109 1 850 1 993 63 388 928 958 1 601 1 1 702 546 969 653 198 1 770 1 850 1 1 109 224 1 180 1 705 1 512 944 732 39 466 1 626 273 855 1 1 993 1 1 1 1 897 601 746 948 466 1 1 1 1 550 1 1 1 1 653 1 888 146 888 224 205 1 1 1 1 1 1 1 145 717 1 1 109 1 1 1 1 1 464 691 27 505 467 1 913 467 1 116 370 1
180 1 1 1 1 1 1 1 1 362 1 236 1 850 1 237 928 1 396 452 1 1 1 1 1 1 842 194 1 1 1 1 1 1 558 1 1 1 1 1 1 1 653 1 370 600 1 404 2 1 1 1 1 1 1 1 684 1 732 600 1 188 467 641 300 1 850 1 993 1 198 1000 512 466 1 958 573 1 1 145 1 6 653 1 237 16 653 1 1 505 1 1 339 1 1 300 1 1000 242 1
1 1 362 408 1 289 897 13 1 1 1 1 1 1 1 1 1 1 1 601 1 770 1 6 236 1 1 1 1 558 1 600 389 1 13 734 573 573 600 453 653 1 1 1 1 1 1 626 180 6 600 456 6 456 178 237 180 702 63 605 1 319 1 626 1 1 1 1 1 1 1 1 1 290 273 920 897 188 456 641 1 145 828 1 772 1 180 6 6 734 512 1 332 146 1 319 1 1 1 1
456 1 1 202 605 8 1 224 452 653 331 116 466 998 505 202 605 1 332 300 828 145 116 734 1 1 998 432 1 546 13 734 1 1 714 897 1 273 920 1 1 1 16 1 331 998 1 1 1 1 1 1 1 1 1 1 1 1 1 1 1 1 1 1 1 944 1 626 1 507 772 319 993 17 1 1 1 1 1 1 1 1 1 1 1 1 1 1 507 1 340 1 714 507 1 702 1 888 339 273
1 1 605 8 1 1 1 1 1 380 1 928 1 332 13 1 456 1 63 1 605 1 205 1 1 109 928 452 512 180 1 363 362 1 691 1 1 1 1 1 6 1 362 1 1 464 1 467 1 717 1 920 1 550 1 464 1 202 300 1 807 684 1 691 1 837 705 339 1 1 1 362 1 850 1 290 1 388 1 389 1 550 507 1 39 1 194 331 389 1 1000 1 1 332 1 1 1 1 474 1
969 1 1 714 842 340 1 380 1 1 1 1 1 1 1 1 1 1 63 1 653 1 340 116 746 691 772 1 1 1 1 1 1 1 1 1 734 1 828 1 601 1 474 389 1 558 1 370 1 456 1 16 273 146 331 993 573 993 1 1 1 408 1 732 362 332 89 1 1 546 1 1 1 1 1 116 550 339 319 944 202 380 691 770 2 340 732 1 331 1 177 362 1 842 1 837 290 1 1 1
1000 546 1 505 1 601 717 146 770 290 6 432 1 512 1 172 897 1 1 1 1 1 1 850 1 1 505 897 842 205 998 920 2 1 828 1 851 928 145 1 993 1 1 146 1 363 1 641 1 362 1 1 456 1 1 474 1 319 370 1 205 944 1 1 1 362 1 1 948 691 1 842 1 653 290 453 1 1 1 928 1 1 1 1 1 1 601 1 89 1 290 146 1 1 1 1 396 505 837 109
1 605 1 340 1 1 1 1 1 1 1 1 1 466 1 772 1 1 828 63 205 705 1 467 202 1 920 1 188 1 1 1 558 188 172 1 1 1 466 1 714 546 1 463 177 2 1 289 1 89 177 1 1 1 600 870 1 177 605 463 98 948 1 770 1 453 746 236 388 1 1 202 1 1 466 870 1 362 116 27 512 1 17 109 453 958 202 1 467 1 1 1 1 464 2 913 63 1 1 1
1 948 1 13 417 300 1 546 626 684 464 188 732 993 456 605 913 388 417 1 1 1 1 1 1 1 1 1 1 1 463 1 1 600 1 1 145 1 39 432 388 1 1 98 1 1 1 452 1 944 1 1 332 1 1 1 1 1 1 178 1 340 1 558 1 714 1 626 1 1 237 300 958 1 1 39 1 714 1 1 1 1 202 1 432 1 601 1 807 1 837 705 1 1 1 300 1 1 888 1
1 380 626 705 1 828 180 13 1 1 1 1 1 1 1 1 512 1 1 1 194 363 116 380 145 928 146 1 63 1 512 408 1 1 1 456 180 332 605 1 178 331 1 998 948 467 1 600 339 396 300 1 236 1 237 237 1 198 1 1 1 714 370 319 600 653 1 870 178 319 546 626 855 605 1 1 1 340 319 1 180 1 8 1 1 1 1 1 1 1 1 714 1 180 1 732 1 466 734 998
1 1 63 1 1 807 1 1 1 63 807 1 888 1 969 1 1 1 180 1 772 1 1 1 1 1 1 1 474 1 1 897 998 273 1 1 1 1 1 1 1 828 1 897 1 1 1 1 1 456 194 300 339 1 851 466 653 969 1 146 1 178 1 290 1 653 1 691 1 770 1 770 1 928 1 842 1 237 1 1 600 1 1 1 626 897 1 8 1 601 653 339 396 770 1 1 1 1 1 1
116 1 558 6 1 1 1 205 1 198 1 1 456 807 205 505 1 224 807 998 717 897 1 339 1 702 714 1 870 897 389 109 1 601 1 456 1 13 1 807 188 13 89 944 332 1 734 396 993 370 1 1 807 1 1 1 319 300 1 224 770 236 1 558 1 684 1 1 1 1 1 237 1 89 1 370 1 1 1 512 512 969 1 600 474 770 1 505 466 194 1 1 1 178 1 888 1 717 236 27
1 1 1 1 1 404 1 16 1 300 1 714 958 1 1 1 1 463 1 842 1 626 601 958 558 837 205 1 842 1 1 89 1 1 1 408 1 558 1 1 1 404 300 1 1 1 1 1 1 1 1 807 466 837 702 1 1 396 1 1 1 1 1 1 1 1 1 466 714 453 734 180 1 1 1 842 172 1 27 928 1 850 63 546 1 1 1 1 1 1 1 331 1 16 202 456 1 1 1 1
224 1 464 172 1 177 1 39 1 8 27 116 888 188 1 363 1 605 1 1 1 1 1 1 1 1 1 1 396 404 1 1 1 340 1 870 1 63 1 145 1 1 958 998 109 1000 1 641 466 408 172 573 732 1 842 1 770 180 1 332 1 205 1 920 998 1 855 194 1 1 180 1 1 969 1 404 1 1 1 1 1 1 1 408 198 116 13 928 1 464 1 691 1 1 1 237 1 205 8 772
1 1 1 452 1 464 16 807 1 236 1 1 1 109 273 332 605 362 1 198 920 1 684 1 289 1 464 1 888 331 842 807 1 178 928 601 370 770 474 456 1 573 300 1 1 1 1 1 1 1 1 1 1 1 772 772 146 188 146 474 1 146 1 1 770 1 1 1 1 388 626 944 1 380 897 6 944 714 1 855 958 362 273 837 453 1 605 512 464 452 641 600 1 202 1 362 16 653 1 601
1 558 363 705 273 332 17 1 1 432 1 202 1 1 1 1 1 1 1 1 98 404 714 837 404 453 466 1 388 1 1 1 1 1 1 1 1 27 1 1 1 1 505 1 466 1 300 1 456 1 417 1 452 1 1 1 1 389 1 1 1 464 1 828 641 1 27 1 8 851 626 1 1 1 205 1 1 1 1 1 89 1 417 993 1 1 1 1 178 1 772 404 1 340 205 6 1 1 1 1
1 512 1 1 194 1 1 1 27 653 913 870 39 1 408 370 1 205 653 1 340 601 1 89 1 339 1 1 746 1 339 1 362 456 362 1 705 2 8 188 1 550 913 653 546 202 188 1 339 13 109 1 331 1 2 362 17 452 1 145 188 851 1 1 770 1 714 1 1 1 289 380 1 172 453 734 339 1 702 1 1 1 1 1 1 463 290 1 1 1 1 507 39 913 1 236 1 842 705 1000
1 467 1 194 362 417 1 8 772 1 178 1 601 772 389 1 1 1 897 1 289 1 1 1 1 1 1 920 8 546 913 1 1 1 27 1 641 837 1 1 1 855 1 1 1 1 1 1 1 1 417 1 851 1 1 1 13 851 452 236 389 1 1 842 958 1 993 194 146 1 466 417 1 1 1 1 205 1 408 1 273 1 380 388 1 1 396 1 920 194 1 1 319 389 1 205 1 1 1 1
1 1 1 1 1 109 1 717 1 1 1 1 1 1 1 1 605 1 404 1 177 601 1 331 1 474 1 558 1 1 1 1 116 1 600 1 993 1 1 466 1 855 1 605 1 456 1 558 1 807 224 1 172 1 177 1 1 1 1 1 653 546 1 828 1 1 1 1 6 1 237 1 1 705 1 456 339 1 340 1 601 1 1 807 1 842 855 1 1 851 17 1 1 1 1 1 1 1000 1 463
