99 100
646 1001 749 1001 1001 1001 1001 1001 1001 1001 1001 1001 1001 1001 1001 1001 1001 298 1001 661 1001 805 1001 1001 1001 1001 469 1001 764 1001 1001 1001 942 970 1001 808 1001 1001 992 534 1001 1001 1001 276 1001 14 1001 1000 937 1001 660 1001 276 1001 68 1001 173 1001 793 1001 68 992 1001 1001 1001 1001 1001 150 1001 173 1001 1001 1001 1001 1001 1001 1001 1001 1001 1 1001 210 1001 1001 1001 1001 1001 1001 793 906 1001 284 1001 992 881 884 1001 985 972 1001
1001 1001 1001 1001 767 1001 929 279 285 675 884 961 279 906 887 845 1001 986 1001 810 1001 952 646 805 937 1001 546 1001 276 1001 975 473 609 1001 1001 767 646 1001 1001 886 660 228 1001 1001 1001 1001 1001 1001 667 1001 1001 1001 1001 1001 1001 1001 751 1001 711 1001 1001 25 1001 970 379 396 705 906 1001 1 1001 901 228 475 127 884 972 808 961 605 1001 869 1001 22 1001 961 364 1001 1001 1001 1001 473 1001 1001 901 1001 1001 1001 805 1001
961 906 975 772 268 737 985 1001 1001 1001 173 1001 1001 1001 1001 1001 1001 1001 1001 1001 1001 1001 1001 1001 1001 1001 1001 1001 25 1001 1001 1001 808 667 1001 961 1001 1001 751 546 1001 1001 1001 150 929 660 972 364 956 1001 839 845 173 690 64 893 246 1001 283 284 1001 906 1001 284 1001 1001 826 1001 1001 1001 1001 1001 1001 1001 1001 1001 667 1001 469 1001 1001 764 1001 476 189 283 246 488 661 631 228 764 1001 1 512 1001 546 139 893 1001
1001 396 1001 820 1001 1001 283 952 139 1001 1001 1001 283 22 1001 992 907 2 961 952 7 772 661 942 1001 975 767 1001 1001 1001 808 173 364 1001 1001 1001 1001 798 727 970 350 539 1001 1001 1001 1001 1001 1001 1001 1001 1001 1001 1001 1001 1001 1001 890 1001 661 1001 1001 1001 1001 1001 1001 667 839 1001 827 907 890 14 893 134 798 1001 1001 1001 1001 1001 907 705 1001 35 1001 134 1001 826 1001 1000 150 1001 1001 1001 127 1001 1001 1001 810 1001
1001 1001 1001 98 150 1001 609 956 1001 1001 890 1 893 469 727 278 1001 1001 1001 1001 25 1001 1001 1001 1001 751 1001 1001 667 1001 1001 890 1001 1001 961 678 975 476 1001 86 1001 887 1001 660 173 808 869 189 869 827 68 901 955 727 1001 942 827 1001 1001 1001 137 150 727 1001 869 661 35 1001 534 1001 890 1001 929 1001 767 678 772 961 279 970 173 1001 1001 1001 1001 972 1001 1001 1001 1001 1001 1001 432 1001 961 1001 772 660 432 1001
705 810 1001 1001 1001 1001 1001 298 432 1001 276 1001 1001 1001 134 805 1000 749 961 1001 285 546 767 772 35 64 298 278 727 798 1001 808 469 1001 1001 7 1001 189 1001 975 1001 1001 1001 1001 1001 1001 1001 1001 1001 1001 1001 1001 350 705 839 955 1001 1001 139 1001 1001 675 1001 1001 1001 1001 1001 1001 1001 1001 1001 1001 1001 1001 1001 298 1001 1001 1001 808 1001 1001 884 189 631 661 1001 793 64 881 1001 906 350 1001 1001 1001 1001 139 1001 1001
1001 1001 1001 906 1001 955 1001 887 488 1001 2 285 711 1001 609 1001 1001 1001 1001 1001 1001 1001 1001 1001 1001 1001 1001 1001 1001 1001 1001 1001 1001 1001 609 660 1001 139 1001 189 1001 359 1 475 767 609 992 1000 86 820 512 1001 1001 1001 793 1001 1001 952 764 985 1001 210 98 1001 64 727 1001 937 1001 955 711 35 845 727 1001 1001 1001 985 955 808 189 1001 1001 1001 749 906 1001 1001 1001 268 1001 1001 975 1001 881 690 432 469 512 1001
283 1001 810 675 737 228 1001 1001 808 942 488 1001 1001 1001 1001 1001 534 1001 667 808 1001 178 1001 379 1001 805 1001 887 22 907 512 906 473 1001 1001 1000 1001 1001 1001 1001 1001 1001 1001 1001 1001 1001 1001 1001 1001 1001 488 667 749 359 937 1001 1 285 1001 705 137 906 1001 1001 1001 359 14 476 1001 1001 1001 1001 1001 631 1001 139 1001 1001 1001 1001 1001 1001 827 1001 1001 134 1001 134 1001 942 810 749 826 1001 1001 1001 609 810 1001 1001
631 1001 793 476 1001 751 64 1001 1001 1001 1001 1001 276 134 805 1001 884 798 992 827 690 210 379 887 432 1 675 432 246 1001 705 1001 379 1001 98 631 473 1001 808 929 798 68 1001 956 1001 359 1001 667 1001 283 279 1001 1001 1001 1001 1001 1001 1001 1001 1001 798 364 1001 667 1001 1001 1001 546 1001 276 1001 727 1001 631 1001 68 1001 887 1001 906 1001 488 534 1001 667 906 1001 178 298 268 1001 1001 64 1001 13 1001 1001 1001 1001 350
1001 1001 1001 805 1001 972 285 379 1001 961 1001 907 907 1001 986 473 605 1001 64 1001 826 1001 283 1001 1001 1001 1001 1001 1001 1001 1001 1001 1001 1001 1001 845 1001 1001 1001 1001 1001 887 675 667 512 660 1001 509 605 14 826 189 1001 660 661 1001 364 1001 839 1001 1001 869 605 609 1001 972 845 98 189 432 283 937 173 364 970 127 906 469 1001 906 1001 1001 678 1001 1001 1001 1001 1001 1001 972 432 1001 810 396 475 509 298 137 1001 2
1001 364 476 210 1001 364 1001 13 246 475 937 150 1001 1001 1001 1001 1001 1001 1001 1001 1001 1001 1001 1001 475 1001 749 1001 127 793 246 764 660 751 1001 1001 1001 805 278 810 727 127 1001 298 1001 173 298 737 210 1001 886 1001 1001 1001 396 432 906 1001 705 1001 137 886 127 1001 1001 1001 1001 1001 1001 1001 737 1001 1001 1000 705 1001 805 475 609 942 907 283 705 1001 772 961 1001 631 1001 890 1001 1001 1001 1001 1001 1001 1001 150 1001 1001
1001 68 1001 1001 1001 1001 1001 1001 1001 546 1001 1001 1001 279 827 956 810 985 476 751 881 1001 210 1001 609 1001 985 1001 134 1001 1001 1001 1001 1001 1001 137 1001 1001 1001 609 1001 98 1001 268 1001 727 1001 35 1001 1001 1001 1001 539 1001 1001 1001 475 276 13 661 808 1001 605 845 278 1001 488 827 1001 396 246 675 1001 1001 1001 1001 1001 1001 1001 1001 1001 1001 134 972 727 488 476 992 173 975 1001 473 379 646 134 727 678 25 1001 737
1001 35 137 1001 189 512 285 956 1001 1001 1001 350 509 907 279 1001 884 1001 1001 1001 772 678 364 1000 711 992 98 134 690 985 278 986 1001 475 1001 839 893 1001 793 805 1001 1001 1001 473 1001 884 1001 661 609 1001 1000 134 661 906 772 86 893 1001 1001 1001 1001 1001 1001 283 1001 1001 1001 845 631 189 1001 539 68 1001 396 396 279 284 476 1001 278 475 475 1001 1001 1001 1001 1001 359 1001 1001 1001 1001 1001 1001 1001 1001 469 893 826
1001 279 808 808 839 1001 1001 1001 1001 539 1001 749 1001 1001 1001 1001 1001 1001 820 1001 1001 1001 727 1001 749 1001 1001 359 350 1001 1001 1001 1001 278 1001 2 890 1001 667 1001 1001 886 886 1 1001 1001 1001 1001 1001 1001 1001 1001 13 1001 1001 1001 279 1001 1 86 364 690 7 737 890 139 1001 1001 893 1001 1001 1001 1001 1001 1001 1001 1001 1001 737 432 488 1001 469 1001 772 1001 134 1001 1001 1001 667 139 246 678 283 14 820 476 1001 1001
1001 1 1001 1001 1001 1001 609 1001 751 64 1001 678 488 808 14 25 1001 178 646 667 1001 13 805 1001 98 1001 751 379 1001 1001 956 1001 364 539 1001 1001 986 1001 1001 1001 68 827 1001 1001 1001 820 749 1001 488 1001 178 1001 793 1001 906 285 907 1001 1001 1001 1001 1001 808 772 1001 827 98 1001 1001 1001 749 396 884 284 469 827 660 1001 1001 539 1001 1001 1001 1001 975 1001 68 364 1001 827 22 1001 886 283 1001 1001 1 1001 1001 279
1001 509 749 2 810 660 279 827 2 772 178 764 1001 488 1001 1001 1001 661 1001 1001 1001 1001 1001 1001 1001 1001 1001 1001 1001 173 178 1001 1001 350 992 1001 379 278 35 432 955 1001 1001 150 1001 1001 469 1001 992 534 884 1001 1001 1001 364 1001 284 1001 473 7 956 64 605 1001 1001 1001 432 1001 810 1001 1001 1001 210 134 1001 956 35 178 1001 1001 1001 475 1001 178 139 189 772 1001 1001 1001 1001 1001 1001 985 1001 14 972 1001 298 767
808 970 1001 1001 1001 1001 1001 1001 886 1001 276 1001 1001 1001 1001 14 1001 284 661 228 1001 2 1001 609 1001 512 1001 534 1001 1001 64 929 1001 952 1001 1001 1001 1001 1001 1001 1001 1001 276 992 509 1001 13 1001 1001 678 534 661 1001 631 1 1001 1001 1001 1001 1001 1001 1001 1001 1001 661 1001 737 1001 956 1001 929 661 1 1001 1001 1001 1001 25 1001 772 134 68 1001 1001 1001 1001 887 13 827 893 772 150 1001 1001 1001 1001 1001 1001 1001 1001
1001 512 937 1001 667 955 64 1001 1001 1001 1001 1001 379 955 1001 539 1001 137 1001 1001 1001 793 2 972 298 475 1001 246 1001 675 64 1001 1001 975 808 1001 469 1001 711 907 7 884 546 942 1001 1001 929 887 1001 1001 1001 961 1001 1001 1001 1001 705 1001 68 972 488 178 986 475 772 178 509 13 975 1 942 1001 298 1001 952 660 150 845 350 98 1001 609 690 189 793 975 35 1001 1001 1001 1001 276 1001 793 139 1001 906 1001 35 1001
1001 1001 359 475 379 1001 1001 1001 631 1001 137 1001 827 810 937 475 173 972 137 1000 1001 901 1001 1001 1001 1001 1001 469 1000 737 805 64 1001 661 1 1001 279 1001 985 1001 1001 1001 1001 952 359 285 890 1001 1001 975 2 955 886 284 956 887 820 534 810 810 1001 1001 1001 1001 1001 1001 68 1001 827 1001 985 1001 1001 1001 1001 2 210 1001 646 1001 1001 1001 469 1001 359 1001 268 13 1001 970 1001 359 901 690 1 279 937 68 975 134
1001 512 25 1001 1001 1001 469 1001 22 475 2 173 512 1001 1001 1001 1001 1001 1001 1001 1001 13 359 1001 737 359 1001 1001 1001 1001 767 134 887 820 1001 1001 737 1001 1001 1001 298 810 1001 1001 749 1001 1 906 1001 1001 1001 1001 1001 1001 189 1001 2 1001 1001 605 1001 134 749 298 1001 751 539 1001 667 1001 764 1001 396 646 1001 1001 1001 1001 1001 1001 509 1001 1001 1001 1001 1001 1001 1001 1001 279 1001 1001 1001 1001 1001 1001 1001 1001 1001 1001
1001 1001 1000 488 473 727 952 893 189 1001 1001 1001 1001 1001 961 1001 512 808 1001 711 1001 7 1001 1001 7 1001 1001 772 1001 942 890 1001 1001 887 64 1001 475 631 1001 86 826 690 268 1001 1001 1001 1001 972 1001 68 14 469 1001 884 869 1001 609 1001 350 705 1001 1001 1001 98 539 906 1001 1001 1001 1001 1001 1001 1001 810 839 1001 929 1001 884 1001 881 379 134 476 134 952 711 1001 906 952 810 798 667 605 1001 646 1001 35 937 808
906 1001 886 810 1001 667 1001 1001 246 907 189 1000 210 906 961 907 278 1001 1001 68 956 210 284 1001 798 1001 605 13 1001 379 826 667 1001 1001 1001 1001 1001 886 1001 1001 1001 509 901 1001 279 845 827 660 1001 1001 127 150 1001 1001 1001 1001 1001 1001 1001 189 1001 956 827 173 1001 1001 1001 14 284 772 1001 534 1001 1001 364 1001 546 1001 955 1001 1001 1001 1001 1001 1001 1001 469 986 764 1001 173 737 1001 509 884 509 1001 1001 1001 1001
488 1001 764 1001 1001 1001 1001 678 678 1001 279 1001 1001 1001 1001 1001 808 1 285 906 690 1001 534 678 476 1001 631 1001 1001 1001 1001 961 929 134 1001 534 1001 907 660 1001 139 884 1001 1001 975 228 1001 150 228 1001 1001 298 1001 986 907 1001 820 937 1001 1001 1001 1001 1001 1001 1001 727 173 727 1001 808 887 127 1000 473 767 546 727 985 764 1001 64 1001 751 1001 127 1001 1001 1001 1001 1001 711 1001 1001 1001 1001 886 901 173 473 284
1001 1001 970 952 64 705 1001 798 1001 1001 1 793 178 137 907 1001 137 1001 1001 1001 1001 1001 1001 1001 1001 1001 820 942 1001 751 150 379 1001 749 1001 488 1001 1001 64 1001 1001 64 955 1001 1001 1001 1001 1001 379 1001 975 956 737 839 1001 1001 1001 35 1001 631 1001 228 396 2 1001 1001 1001 1001 1001 1001 1001 1001 1001 1001 1001 1001 1001 1001 887 1001 793 283 279 886 2 1001 985 1001 805 1001 1001 1001 246 985 1001 1001 1001 1001 1001 1001
476 1001 808 1001 727 1001 1001 35 1001 279 955 1001 667 150 1001 1001 1001 1001 793 546 1001 839 1001 509 1001 884 1000 1001 1001 727 1001 1001 1001 1001 1001 64 826 1001 139 1001 952 705 1001 1001 278 1001 675 678 379 210 667 1001 1001 942 1001 173 1001 1000 992 901 86 86 1001 727 961 690 798 1001 189 1001 751 1001 534 1001 678 228 798 68 869 1001 1001 1001 1001 1001 810 1001 539 952 705 1001 826 798 667 1001 1001 992 1001 539 139 1001
1001 1001 13 1001 364 711 1001 1001 1001 1001 1001 1001 1001 1001 1001 285 827 1001 178 893 173 955 1001 268 1001 1001 228 285 1001 942 1001 64 1001 839 1001 646 1001 1001 675 1001 137 98 675 827 283 1001 1001 1001 1001 1001 1001 1001 751 432 660 189 1001 1001 1001 1001 1001 1001 1001 1001 1001 476 359 901 869 929 942 1001 646 1001 1001 1001 1001 1001 285 952 488 150 772 678 667 805 845 1001 961 1001 1001 1001 1000 793 929 992 25 178 364 379
690 1001 1001 1001 1001 1001 1001 609 793 1001 469 727 364 1001 139 473 1001 1001 1001 1001 808 1001 1001 228 956 86 189 986 887 14 901 469 279 737 1001 975 705 1001 975 1001 1001 1001 1001 1001 476 1001 826 139 1001 901 901 1001 1001 1001 929 1000 810 1001 609 1001 749 1001 476 476 1001 1001 1001 1001 1001 1001 284 793 805 139 1001 64 150 1001 1001 1001 1001 1001 1001 1001 1001 1001 1001 1001 869 150 961 952 609 1001 890 1001 1001 1001 1001 1001
1001 1001 22 826 1001 22 1001 86 285 35 839 1001 1001 1001 661 1001 1001 210 1001 646 432 268 1001 1001 1001 827 1001 1001 1001 1001 1001 1001 1001 1001 1001 1001 887 675 64 1001 134 1001 992 1001 952 7 228 764 246 661 1001 1001 284 1001 1001 432 298 1001 150 1001 705 1001 1001 751 711 1001 134 473 992 1001 1001 1001 1001 992 975 986 1 173 134 1001 228 884 907 2 396 359 469 772 98 22 1001 805 476 1001 901 1001 13 1001 942 667
1001 476 772 1001 1001 737 1001 956 1001 1001 1001 1001 178 1001 14 1001 937 972 1001 992 1001 1001 1001 956 1001 7 488 1001 646 1001 890 1001 246 546 631 1001 1001 1001 690 942 150 1001 956 1001 1001 1001 1001 1001 1001 127 1001 488 827 929 1001 1001 476 1001 278 955 737 35 1001 1001 22 764 609 1001 956 690 22 35 1001 1001 970 1001 534 1001 284 929 992 1001 887 1001 379 1001 805 845 1001 1001 1001 1001 1001 1001 956 1001 546 956 845 1001
1001 887 985 285 284 509 961 278 1001 228 98 884 808 512 631 1001 1001 808 893 690 1001 1 1001 805 1001 1001 886 893 992 25 189 539 473 805 1001 1001 751 1001 1001 955 1001 1001 210 737 1001 228 150 764 1001 992 1001 1001 646 937 839 1001 972 1001 1001 1001 98 475 469 1001 1001 1001 1001 1001 1001 1001 1001 278 810 1001 1001 1001 1001 1001 1001 1001 1001 1001 1001 1001 1001 1001 1001 476 1001 767 359 1 690 228 7 1001 1001 1001 488 1001
907 14 1001 690 1001 942 1001 1001 1001 173 1001 1001 1001 609 737 1001 284 690 1001 1001 1001 646 1001 890 1001 189 1 1001 488 1001 1001 1001 1001 1001 1001 473 189 805 1001 767 1001 298 793 1001 1001 1001 1001 711 929 68 268 1001 1001 488 1001 1001 127 1001 488 1001 1001 1001 907 359 1001 276 1001 283 1001 705 1001 890 1001 1001 546 173 1001 952 1001 279 1001 660 1001 705 1001 893 1001 1001 1001 1001 1001 1001 1001 1001 1001 1001 276 228 539 1001
298 1001 1001 1001 1001 1001 1001 475 1001 137 1001 379 1001 1001 1001 1001 1001 929 189 1001 810 893 359 886 1001 298 1001 1001 13 975 839 364 432 1001 675 432 1001 970 283 711 1001 539 534 278 1001 937 476 961 827 1001 1001 1001 972 972 845 1001 276 1001 937 1001 820 1001 1001 64 1001 805 1001 98 134 268 810 826 228 137 646 839 675 955 1001 886 1001 284 845 605 1001 7 869 1000 884 1001 886 646 887 534 86 1001 1001 1001 1001 1001
1001 1001 646 675 1001 1 285 845 509 605 1001 512 1001 893 1001 646 1001 189 2 751 929 1001 767 793 881 279 476 1001 1001 1001 1001 1001 1001 1001 1001 1001 1001 1001 881 1001 1001 1001 1001 285 1001 1001 1001 1001 276 1001 767 1001 1001 890 1001 1001 35 228 432 1001 546 727 1001 279 1001 379 1001 1001 1001 1001 1001 1001 1001 1001 1001 675 1001 1001 1001 826 1001 1001 1001 609 1001 1001 1001 1001 469 1001 1001 1001 1001 1001 749 1001 675 942 1001 955
1001 25 350 1001 1001 1001 1001 539 1001 1001 1001 890 1001 14 1001 268 1001 820 1001 1001 1001 1001 1001 1001 1001 1001 1001 1001 972 475 86 1001 992 1001 826 1001 955 1001 534 476 1001 134 228 884 178 7 7 955 279 1001 661 284 1001 985 798 1001 7 1001 189 1001 1001 890 1001 810 1001 98 808 1001 869 134 22 907 1001 884 139 609 364 1001 956 98 1001 512 1001 546 475 1001 539 970 937 173 488 727 992 1001 285 1001 1001 992 469 210
1001 972 22 488 1001 826 509 711 1001 364 1001 646 1001 737 1001 798 1001 972 749 705 1001 675 1001 749 1001 539 1001 886 975 1001 1000 1001 178 690 661 1001 284 972 667 178 1001 1001 1001 1001 1001 1001 1001 1001 764 1001 1001 279 1001 886 1001 1001 1001 1001 64 826 1001 35 1001 808 1001 893 127 1001 284 1001 1001 35 1001 1001 1001 1001 14 1001 1001 210 1001 509 1001 1001 228 1001 1001 1001 1001 1001 810 1001 793 661 887 890 396 539 1001 764
1001 475 1001 13 1001 1001 1001 298 884 751 1001 35 1001 631 1001 279 396 285 1001 1001 1001 546 1001 35 1001 534 1001 1001 952 1001 1001 1001 690 276 1001 1001 1001 1001 772 1001 1001 139 1001 86 150 285 942 14 86 772 1001 646 1001 150 68 1001 749 1001 1001 7 798 675 35 869 1001 798 1001 1001 1001 1001 907 751 1001 906 1001 727 772 749 764 845 884 805 1001 488 432 1001 64 1001 952 1001 1001 1001 1001 1001 1001 1001 1001 1001 1001 1001
1001 246 1001 1001 1001 246 1001 869 1001 488 14 772 1001 893 1001 539 228 1001 1001 98 1001 605 210 955 1001 705 396 1001 661 826 189 1001 605 1001 1001 25 1001 189 893 1001 737 929 986 228 1001 690 1001 1001 1001 772 1001 992 1001 278 1001 1001 893 283 1001 1001 1001 1001 1001 1000 1001 35 705 1001 279 1001 1001 473 884 284 98 992 906 1001 1001 1001 605 1001 1001 1001 839 1001 379 1001 881 970 1001 285 268 1001 284 1001 805 1001 810 605
881 2 469 35 1001 631 705 134 1001 1001 1001 1001 1001 890 972 839 1001 1001 893 749 1001 881 1001 1001 1001 820 1001 1001 64 1001 25 469 546 1001 534 845 1001 675 1001 1001 1001 127 1001 13 1001 1001 1001 881 469 127 955 764 488 364 127 359 690 1001 1001 150 364 631 675 887 1001 646 1001 1001 14 609 1001 1001 127 1001 150 1001 475 1001 942 869 68 884 1001 660 764 661 901 1001 476 279 942 839 1001 1001 25 1001 534 1001 1001 1001
1001 907 1001 1001 1001 1001 432 1001 1001 276 1001 906 1001 1001 1001 178 886 1001 1001 826 985 884 546 268 1001 14 605 150 808 1001 1001 1001 1001 1001 749 805 1001 986 1001 396 1001 749 1001 1001 1001 35 1000 805 1001 1001 476 1001 1001 1001 1001 956 972 2 1001 1001 1001 1001 992 1001 1001 98 364 1001 68 727 14 1001 1001 1001 1001 1001 1001 1001 1001 1001 705 278 534 869 139 1001 1001 1001 1001 1001 1001 150 705 1001 890 1001 937 1001 396 1001
1001 1001 1001 646 1001 1000 150 661 1001 631 810 268 1001 137 1 955 772 1001 661 805 1001 1001 432 68 661 173 1001 956 1001 1001 475 749 1001 246 764 1001 1001 886 1001 476 1001 1001 1001 690 1001 1001 992 1001 1001 646 609 937 1001 906 986 906 1001 276 845 1001 475 139 646 970 1001 793 798 1001 1001 1001 13 1001 488 1001 379 13 893 364 1001 173 396 1001 1001 1001 139 675 660 1001 884 1001 727 173 1001 1001 751 1001 283 285 992 278
1001 667 1001 139 1001 1001 1001 667 1001 7 1001 1001 1001 887 1001 1001 1001 1001 1001 127 678 1001 893 1001 1001 1001 1001 1001 1001 364 660 609 1001 25 1001 1001 534 396 1001 189 1001 929 1001 246 793 1001 1001 1001 906 985 1001 956 1001 1001 1001 1001 1001 1001 675 1001 1001 1001 1001 660 1001 1001 749 1001 173 1001 350 25 764 68 887 1001 173 675 893 2 1001 1001 961 906 546 1001 127 952 751 178 35 283 283 278 298 1001 1001 1001 1001 1001
1001 929 1001 379 609 1001 150 772 1001 646 793 845 1001 86 737 605 539 276 1001 64 1001 1001 1001 1001 826 808 1001 350 1001 210 1001 1001 1001 986 1001 35 764 1001 1001 432 1001 955 98 469 1001 1001 906 539 985 826 1001 956 1001 534 772 534 772 1001 284 285 1001 475 1001 137 1001 937 228 1001 827 1001 1001 1001 1001 1001 1001 1001 1001 379 1001 189 1001 972 751 1001 475 1001 1001 1001 1001 1001 473 1001 1001 1001 890 1001 509 7 1001 798
1001 210 1001 937 1001 1001 1001 961 1001 150 1001 1001 1001 839 1001 1001 1001 1001 1001 772 1001 609 1001 881 13 1001 1001 986 1001 970 1001 798 1001 534 1001 1001 246 1001 279 929 1001 1001 1001 150 764 1001 1001 1001 1001 1001 1001 1001 1001 1001 1001 1001 884 1001 1001 539 1001 605 1001 881 1001 1001 98 1001 64 1001 1000 1001 886 1001 298 972 827 1000 1001 798 1001 1001 1001 1001 150 1001 970 975 276 1001 1001 1001 826 705 793 139 887 1001 1001 1001
1001 887 1001 646 476 906 1001 793 1001 127 364 139 1001 359 278 1001 473 1001 839 137 1001 189 678 189 1001 1001 379 64 1001 139 1001 827 1001 678 1001 942 956 276 675 1001 1001 475 972 605 826 210 1001 751 955 1001 284 1001 826 901 1001 1 690 1001 737 98 711 68 1001 675 150 127 975 35 432 1001 396 1001 952 1001 1001 134 631 1001 1001 1001 1001 13 1001 285 475 1001 1001 1001 285 1001 711 1001 1001 1001 1001 1001 35 952 1001 975
1001 749 1001 1001 512 512 961 961 546 189 906 1001 1001 137 1001 1001 661 772 749 890 1001 210 1001 1001 1001 137 890 1001 1001 737 1001 546 228 476 278 767 1001 810 68 893 1001 539 1001 1001 1001 808 1001 139 937 1001 985 1001 1001 808 1001 1001 396 1001 1001 956 1001 1001 1001 1001 1001 1001 476 1001 1001 1001 907 1001 1000 246 1001 1001 1001 1001 279 1001 808 839 1001 1001 1001 1001 150 350 881 827 246 886 1000 1001 678 173 827 1001 1001 1001
631 705 432 1001 1001 1001 1001 1001 678 1001 1001 1001 139 359 749 98 178 1001 1001 1001 1001 150 283 1001 845 893 189 1001 884 956 1001 887 1001 1001 284 1001 1001 1001 1001 1001 1001 1001 1001 534 1001 279 1001 1001 690 1001 98 1001 772 473 737 961 228 886 534 660 246 35 350 1001 68 737 705 1001 660 1001 350 1001 1001 985 284 1001 839 396 475 1001 1001 660 1001 2 488 1001 1001 1001 1001 1001 1001 1001 609 1001 1001 1001 68 952 1 1001
1001 350 1001 1001 886 1001 764 1001 737 1001 432 1001 25 1001 1001 1001 1001 1001 751 1001 886 887 767 1001 1001 1001 473 956 929 1001 1001 961 810 1001 1001 1001 279 1001 678 1001 992 1001 893 690 1001 886 1001 609 228 810 711 1001 1001 1001 359 1001 820 1001 246 705 1001 279 2 1001 1001 364 1001 1001 881 1001 512 283 1001 1001 906 1001 1001 1001 986 881 1001 690 1001 127 1001 1001 512 7 907 793 127 546 961 772 881 276 1000 1001 890 869
1001 278 13 1001 7 475 350 1001 350 887 942 488 942 178 22 189 1001 631 839 1001 139 1001 1001 1001 13 1001 396 1001 1001 1001 884 14 509 379 907 1001 278 150 35 1001 631 1001 1001 469 793 690 68 660 1001 901 228 826 228 1001 1001 1001 1001 1001 1001 1001 1001 1001 970 1001 512 298 1001 808 1000 929 279 609 379 1001 469 661 1001 546 14 488 1001 881 1001 7 798 1001 1001 1001 1001 1001 1001 1001 1001 1001 1001 1001 1001 1001 1001 1001
1001 25 1001 1001 1001 1001 539 189 631 2 1001 1001 1001 1001 1001 1001 1001 737 1001 1001 793 469 1001 890 827 2 476 1001 228 1001 64 1001 1001 1001 1001 1001 283 1001 1001 1001 178 985 1001 1001 1001 534 972 1001 1001 1001 1001 1001 901 1001 35 64 1001 609 1001 972 1001 35 839 1001 359 972 64 98 1001 961 476 1001 942 1001 886 1001 1001 1001 1001 678 189 907 285 7 1001 1001 86 364 432 749 1001 22 805 667 661 661 1000 737 767 1001
1001 1001 1001 961 727 1001 727 1001 660 1001 1001 268 1001 509 881 890 1001 942 137 1001 1001 970 1001 810 1001 276 839 992 432 1001 134 1001 546 727 1001 22 907 985 1001 942 906 869 1001 705 1001 1001 1001 1001 285 22 1001 298 646 1001 1001 2 1001 283 1001 14 1001 767 985 1001 1001 359 228 1001 1001 1001 631 1001 749 134 228 359 1001 127 1001 1001 1001 1001 1001 820 488 1001 1001 1001 1001 268 1001 1001 1001 1001 1001 1001 1001 1001 278 1001
488 1001 379 675 937 1001 1001 1001 805 189 869 469 210 509 1001 134 1001 364 1001 1001 690 901 1001 1001 1001 1001 1001 893 793 1001 14 35 737 473 1001 1000 1001 1001 1001 137 1001 1001 1001 534 1001 767 705 845 986 887 1001 22 1001 1001 7 690 1001 751 1001 534 1001 1001 13 737 1001 1001 1001 1001 150 1001 1001 1001 1001 1001 1001 952 1001 970 772 1001 827 667 1001 469 1001 1001 539 1000 906 396 512 906 890 992 534 772 139 678 985 1001
1001 1001 1001 473 1001 1001 283 1001 2 1001 839 1001 1001 1001 1001 1001 1001 64 189 1001 975 1001 1001 869 134 886 1001 1001 929 1001 1001 992 1001 1001 1001 350 1001 150 1001 1000 1001 173 1001 86 1001 1001 1001 1001 1001 2 1001 986 1001 64 279 284 1001 210 1001 278 751 826 276 1001 1001 127 1001 705 887 1001 705 1001 512 901 1001 25 1001 1001 359 1001 1001 705 276 25 1001 646 929 1001 810 1001 1001 1001 1001 1001 1001 1001 810 1001 937 660
1001 534 1001 937 1001 660 972 1001 1001 1001 298 1001 432 25 1001 667 1001 826 1001 1001 189 961 1001 1001 1001 992 1001 210 767 1001 268 64 1001 189 1001 396 1001 509 1001 127 210 246 1001 690 887 1001 86 952 631 210 798 805 1001 893 1001 751 890 884 1001 1001 1001 1001 25 970 1001 675 1001 1 609 826 767 1001 1001 690 278 283 907 1001 150 1001 35 396 1001 1001 1001 1001 364 1001 1001 1001 1 1001 278 1001 881 1001 1001 1001 1001 1001
1001 826 364 285 887 711 1001 1001 539 1001 660 1001 727 1001 1001 890 1001 737 906 1001 283 907 1001 22 1001 886 1001 737 1001 1001 1001 826 512 705 2 845 1001 68 1001 127 1001 1001 1001 534 1001 1001 1001 1001 1001 86 1001 901 1001 1001 1001 1001 1001 14 1001 767 1001 886 942 1001 1001 488 1001 1001 1001 1001 173 1001 379 907 1001 1001 1001 1001 127 1001 805 705 189 1001 661 1001 1001 1001 139 772 509 956 539 298 751 893 1001 64 929 827
1001 678 64 1001 1001 1001 1001 246 539 1001 711 1001 955 1001 890 972 1001 512 1001 1001 749 1001 1001 711 1001 86 961 228 810 298 1001 810 1001 1001 1001 1001 1001 881 2 952 751 98 675 667 488 1001 1000 350 901 210 1001 534 942 432 1001 929 546 546 1001 805 1001 675 473 751 1001 972 970 1001 820 546 972 379 711 631 475 1000 942 473 893 1001 1001 1001 139 1000 711 1001 469 1001 1001 1001 1001 1001 1001 764 1001 749 1001 1001 1001 1001
1001 1001 798 1001 751 25 1001 1001 986 509 246 1001 772 952 727 268 98 985 887 1001 961 22 1001 512 1001 364 1001 1001 469 845 1001 937 1001 886 1001 7 1001 1001 661 1001 1001 1001 1001 1001 1001 1001 1001 1001 675 1001 1001 1001 1001 906 509 985 1001 646 845 25 1001 937 1001 1001 1001 1001 798 1001 667 826 1001 690 992 1001 1001 793 1001 137 1001 1001 907 35 631 1001 1001 1001 86 737 970 907 178 820 276 764 1001 509 68 1001 1000 1001
869 1001 810 279 364 972 1001 285 737 1001 1001 1001 1001 890 1001 1001 276 1001 661 1001 1001 810 1001 379 1001 278 881 1001 1001 1001 1001 68 810 359 396 678 1001 887 469 473 845 808 1001 276 1001 1 173 1001 1001 1001 512 359 1001 1001 1001 884 1001 1001 1001 509 1001 379 660 1001 178 1001 667 1001 1001 1001 1001 1001 727 1001 246 749 1001 956 937 1001 1001 1001 364 1001 139 1001 1001 1001 1001 1001 1001 1001 972 228 1001 1001 727 1001 68 298
1001 1001 1001 284 1001 1001 1001 1001 509 285 985 1001 127 285 127 1001 1001 1001 1001 1001 678 278 25 646 992 886 764 68 1001 276 1001 827 1001 1001 1001 970 820 512 1001 1001 1001 1001 1001 432 1001 473 1001 1001 907 246 396 970 1001 509 1001 1001 1001 711 25 884 893 992 660 1001 189 1001 609 1001 609 1001 737 1001 1001 1001 1001 1001 1001 1001 690 1001 986 512 675 985 469 631 1001 86 727 660 942 509 646 1001 1001 228 539 1001 139 1001
937 869 1001 808 751 1001 228 1001 1 1001 1001 1001 278 1001 1001 1001 727 1001 278 1001 1001 1001 1001 1001 705 86 1001 675 1001 887 1000 975 64 150 1001 1001 1001 1001 1001 970 189 764 1001 985 827 937 98 1001 1001 1001 1001 798 1001 173 1001 764 1001 1001 173 1001 35 1001 901 139 907 1001 469 1001 955 631 276 749 767 798 86 955 25 827 845 1001 1001 350 1001 793 1001 1001 1001 1001 1001 1001 1001 1000 1001 1001 793 667 678 678 359 1001
1001 1001 1001 1001 869 210 98 1001 970 1001 793 1001 228 808 827 228 396 675 661 1001 667 826 283 228 845 1001 1001 1001 1001 1001 283 1001 1001 1001 1001 534 1001 488 1001 1001 350 539 1001 1001 1001 350 827 646 1001 884 285 475 646 690 127 278 675 937 35 1001 1001 1001 1001 139 1001 1001 737 1001 1001 1001 1001 1001 1001 956 1001 660 1001 1001 667 1001 276 901 1001 1001 1001 764 660 1001 7 1001 661 2 1001 772 173 1001 737 1001 631 1001
210 379 1001 14 881 1001 1001 1001 901 749 751 727 534 1001 1001 1001 1001 1001 1001 1001 992 1001 432 1001 13 667 749 1001 379 751 98 1001 985 1001 86 827 1001 810 869 1001 1001 475 1001 284 1001 534 1001 1001 1001 1001 1001 1001 942 1001 869 1001 1001 1001 1001 1001 661 808 660 609 986 1001 839 1001 906 7 1001 805 1001 1001 1001 1001 1001 772 907 667 798 1001 1001 678 1001 98 1001 1001 2 1001 1001 1001 1001 1001 1001 1001 1001 1001 1001 1001
1001 1 1001 283 279 975 1001 975 737 751 1001 284 178 432 396 364 609 1001 35 1001 1001 1001 1001 1001 1001 98 1001 1001 956 1001 1001 1001 884 1001 1001 14 1001 1001 1 1001 534 2 1001 137 469 469 605 1001 820 25 473 1001 1001 1001 1001 1001 64 793 907 1001 961 1001 869 1001 820 887 283 1001 1001 283 1001 711 1001 727 1001 173 985 276 1001 189 893 539 1001 189 1001 711 751 1001 869 1001 667 1001 14 1001 956 1001 134 178 727 1001
1001 1001 1001 1001 1001 137 1001 268 1001 1001 1001 210 1001 845 1001 1001 1001 1001 605 86 1001 661 1001 22 907 827 359 1001 956 512 1001 942 727 798 1001 396 890 767 711 1001 173 1001 1001 805 284 1001 134 1001 1001 127 1001 1001 150 25 609 1001 1001 887 1001 1001 1001 1001 1001 1001 1001 1001 808 901 986 887 675 137 1001 546 1001 1001 1001 1001 1001 1001 772 675 1001 890 1001 1001 396 1001 512 475 793 1001 827 1001 667 839 764 1001 705 737
1001 767 1001 475 751 749 14 539 137 901 1001 886 1001 1001 1001 631 1 1001 1001 985 473 727 1001 764 488 1001 1001 1001 509 1001 1001 1001 1001 546 1001 279 1001 1001 1001 1001 845 961 1001 127 1001 1001 1001 1001 173 25 279 1001 1001 1001 820 1001 737 749 178 1001 737 1001 646 276 1001 955 646 1001 901 1001 178 86 772 820 845 1001 488 942 285 711 546 1001 1001 764 1000 1001 278 1001 1001 1001 772 1001 890 1001 1001 1001 711 1001 711 1001
1001 881 1001 1001 1001 1001 278 1001 189 1001 1001 1001 1001 808 890 134 1001 1001 276 727 1001 1001 1001 1001 86 1001 646 1001 605 737 1001 737 1001 810 929 955 2 767 901 1001 178 396 1001 359 14 826 1001 134 350 1001 276 364 1001 986 808 278 64 1001 992 35 359 767 798 228 1001 1001 1001 1001 1001 1001 1001 1001 1001 1001 826 1001 1001 1001 1001 1001 512 869 473 711 827 1001 906 1001 350 1001 488 1001 546 1001 469 1001 1001 1001 1001 1001
1001 884 881 1001 284 7 798 1001 1001 1001 13 137 1001 1001 1001 210 7 1001 1001 364 512 1001 631 1001 22 1001 827 1001 929 1001 1001 379 1001 929 764 1001 1001 350 1001 1001 7 1001 1001 1001 660 660 1001 22 737 1001 473 1001 1001 1001 1001 1001 278 1001 986 1001 1001 1001 1001 476 961 1001 512 1001 534 1001 488 1001 705 189 975 1001 820 772 772 350 952 1001 1001 68 1001 1001 929 827 22 901 469 1001 488 1001 751 364 609 1001 137 1001
25 35 512 139 283 1001 1001 1001 690 1001 890 1001 1001 210 1001 986 690 1001 810 749 886 1001 901 1001 546 1001 667 546 13 1001 512 749 1001 1001 285 25 1001 1001 1001 929 7 955 1001 14 751 1001 1001 1001 952 1001 886 805 1001 764 476 1001 1001 1001 1001 1001 772 1001 884 539 749 35 660 956 150 737 285 178 7 1001 839 767 68 886 1001 1001 675 751 1001 476 881 1001 1001 1001 1001 1001 678 1001 278 1001 1001 1001 961 1001 881 1001
1001 1001 1001 1001 1001 1001 985 1001 906 1001 890 956 1001 1000 1001 268 1001 1001 1001 127 1001 1001 890 1001 667 1001 1001 1001 173 1001 705 1001 1001 942 884 350 970 839 1001 285 22 1001 1001 992 1001 1001 228 1001 1001 1001 139 845 678 631 1001 1001 985 1001 711 772 476 1001 1001 1001 1001 1001 1001 1001 1001 1001 1001 1001 1001 1001 189 475 1001 1001 1001 845 887 68 1001 396 86 173 1001 727 1001 678 276 992 820 432 1001 283 279 901 284 1001
1001 86 1001 279 134 1001 173 869 284 1001 13 1001 1001 22 975 901 1001 961 1001 359 1001 793 298 1001 678 285 1001 890 767 1001 869 986 1001 475 1001 1001 1001 1001 1001 7 1001 1001 751 284 509 1001 764 1001 7 1001 1001 1001 1001 359 1001 298 749 1001 1001 1001 667 476 283 961 1001 13 986 675 1001 350 64 1001 150 1001 1001 711 890 992 1001 901 678 1001 1001 298 1001 727 749 839 1001 278 1001 942 173 1001 1001 1001 1001 1001 7 893
1001 764 469 285 1001 1001 937 1001 1001 1001 7 881 1001 473 1001 1001 1001 228 1001 906 1001 906 276 139 150 1001 1001 660 1001 1001 907 1001 1001 268 1001 139 1001 210 1001 810 937 1001 605 1001 1001 1001 961 1001 869 1001 98 279 1001 396 1001 1001 512 1001 884 1001 1001 767 1001 14 475 178 1001 929 473 22 690 1001 970 690 1001 1001 98 1001 1001 1001 350 705 1001 1001 1001 737 1001 937 173 2 1001 1001 173 35 609 1001 278 189 546 1001
869 678 1001 1001 1001 64 942 246 767 1001 137 1001 1001 364 955 396 1001 134 1001 751 1001 1001 675 1001 13 7 1001 284 827 1001 512 631 1001 396 1001 678 975 711 1001 1001 534 985 25 937 1001 631 246 839 137 1001 1001 887 1001 509 1001 605 985 1001 845 228 1001 1001 1001 1001 1001 1001 1001 1001 1001 1001 727 546 884 178 364 1001 1001 1001 929 1001 1001 1001 1001 1 1001 1001 1001 1001 473 1001 1001 907 972 1001 1001 1001 25 1001 1001 1001
751 1001 1001 961 1001 961 1001 1 661 955 907 64 1001 1001 1001 907 298 737 1001 805 432 972 25 1001 35 1001 1001 1001 150 1001 839 1001 1001 364 1001 279 1001 283 283 285 173 1001 1001 1001 1001 1001 1001 539 1001 1001 137 992 1001 210 1001 887 1001 1001 1001 869 1001 820 1001 942 1001 893 139 1001 751 972 98 350 1001 1001 772 1001 13 1001 820 772 764 1001 150 432 1001 985 150 1001 1001 1001 534 7 907 13 955 1001 1001 1001 268 1
1001 1001 350 86 1001 631 1001 1001 1001 25 1001 1001 1001 869 952 661 827 1001 1001 1001 820 772 1001 1001 1001 1001 986 1001 364 827 98 469 737 509 1001 661 1001 379 1001 1001 1001 1001 396 1001 942 1001 488 134 893 1001 1001 22 1001 893 749 661 86 1001 764 975 1001 839 1001 975 1001 350 605 767 178 1001 1001 1001 1001 890 1000 1001 22 1001 1001 1001 25 1001 985 955 952 68 972 660 1001 711 605 1001 906 886 1001 1001 764 1001 1001 1001
986 1001 1001 35 1001 956 667 25 1001 1001 1001 509 1001 1001 906 134 1001 1001 767 1001 952 1001 1001 827 512 1001 350 1001 1001 1001 475 1001 1001 1001 1001 810 1001 1001 1001 86 711 1001 22 1001 228 1001 1001 1001 210 1001 667 68 1001 1001 1001 808 1001 1001 1001 1 1001 178 1001 534 1001 1001 1001 1001 1001 1001 473 886 1001 1001 127 1001 469 727 268 705 246 1001 1001 609 1001 1001 1001 283 1001 1001 1001 1001 1001 772 475 1001 476 22 1001 68
1000 432 476 826 901 667 1001 826 767 970 1001 473 808 2 929 1001 1001 64 749 1001 711 488 1001 279 1001 1001 605 1001 178 1001 737 808 364 2 509 150 25 127 1001 810 1001 1001 64 283 826 546 1001 886 678 1001 1001 772 1001 359 512 839 1001 955 827 764 396 379 906 805 937 884 1001 970 956 1001 764 631 631 1001 284 1001 1001 1001 1001 1001 134 751 1001 1001 1001 906 1001 956 1001 881 1001 751 1001 955 1001 1001 1001 210 512 127
1001 1001 749 1001 890 1001 1001 1001 1001 1001 1001 1001 1001 826 228 906 1001 278 1001 1001 675 890 992 808 820 1001 189 1001 667 1001 1001 13 1001 1001 1001 1001 1001 1001 1001 929 675 1001 1001 534 1001 1001 1001 276 1001 1001 737 396 1001 1001 1001 127 1001 1001 1001 1001 1001 1001 1001 1001 1001 727 1001 890 1001 1001 1001 1001 869 1001 488 1001 678 1001 139 907 285 283 1001 808 955 285 1001 929 1001 929 396 992 1001 476 1001 228 1001 1001 13 955
1001 845 929 1001 279 1001 985 1001 2 764 1001 298 1001 512 1001 1001 1001 364 798 1001 189 1001 1001 1001 1001 1001 937 1001 906 1001 488 737 808 283 767 1001 35 1001 285 64 1001 1001 955 798 509 488 1001 793 839 1001 605 539 827 278 1001 826 189 1001 268 678 1001 150 1001 798 985 359 1001 13 534 1001 764 1001 975 667 396 1001 546 937 690 1001 1001 678 1001 1001 1001 379 1001 661 1001 1001 1001 379 1001 283 1001 961 98 1001 1001 678
1001 1001 1001 1001 1001 1001 985 1001 1001 14 1001 705 1001 705 952 956 1001 1001 512 1001 279 678 798 246 1001 210 798 1001 942 1001 1 1001 1001 1001 1001 1001 476 1001 25 475 711 1001 1001 808 1001 1001 1001 1001 906 1001 1001 1001 1001 992 1001 1001 178 1001 1001 727 810 956 1001 605 1001 808 956 727 276 1001 646 1001 512 1001 1001 1001 952 173 1001 1001 278 276 396 1001 246 820 379 961 283 881 13 986 1001 137 1001 475 906 937 1001 1001
469 2 972 364 1001 646 350 952 1001 284 1001 986 14 2 929 1001 1001 826 820 661 631 1001 1001 1001 1001 1001 134 1001 359 767 907 810 772 350 678 1001 379 1001 727 1001 1001 1001 7 189 283 942 1001 661 749 1001 690 751 605 22 1001 942 7 1001 134 396 1001 1001 1001 1001 1001 1001 1001 1001 646 1001 228 772 379 276 469 1001 1001 1001 1001 278 64 1001 1001 1001 1001 1001 1001 1001 1001 1001 1001 955 737 884 826 972 1001 1001 1001 970
1001 1001 1001 1001 1001 1001 887 276 1001 992 1001 972 827 1001 1001 1001 808 992 1001 546 727 68 942 820 1001 749 772 298 379 1001 268 1001 1001 1001 1001 1001 364 178 546 798 808 1001 137 972 1001 1001 1001 1001 793 1001 1001 1001 1001 646 631 937 764 793 173 986 972 476 150 705 278 675 1001 711 276 1001 1001 970 1001 1001 1001 1001 737 1001 893 884 278 534 1001 276 972 1001 98 705 268 284 1001 173 1001 1001 279 1001 1001 705 1001 1001
396 929 1001 134 884 1001 1001 955 276 798 1001 1001 98 869 1001 705 887 1001 1001 678 1001 826 1001 1001 1001 646 1001 884 737 1001 901 1001 396 1001 749 1001 810 1001 1001 1001 1001 1001 1001 278 661 1001 379 1001 178 2 1001 937 1001 1001 1001 1001 1001 1001 1001 283 1001 1001 1001 1001 1001 432 1001 1001 893 1001 512 975 1001 512 1001 35 826 1001 1001 1001 64 907 1001 1001 646 1001 1001 1001 906 767 1001 1001 1001 826 764 1001 64 929 1001 955
1001 1001 1001 268 98 751 901 901 1001 845 1001 285 737 1001 1001 1001 793 276 1001 7 1001 881 68 539 1001 1001 1001 1001 1001 1001 660 283 820 1001 7 1001 646 907 810 1001 134 605 1001 278 7 1001 942 1001 1001 210 1001 350 631 906 1001 646 690 25 1001 1001 1001 86 992 901 646 1 1001 667 929 476 869 1000 475 881 1001 1001 534 767 137 1001 1001 952 1001 364 827 1001 901 1001 1001 972 2 772 690 1000 1001 1001 1000 1001 1001 1001
1001 942 1001 646 1001 1001 1001 1001 1001 1001 1001 1001 1 1001 605 1001 173 901 1001 1001 1001 1001 1001 1001 1001 475 1001 727 68 68 609 1001 1001 1001 839 798 646 810 1001 1001 887 1001 1001 359 1001 1001 711 1001 869 772 1001 22 1001 887 1001 907 1001 942 985 364 1001 539 1001 605 1001 350 137 906 2 1001 1001 1001 1001 705 793 845 646 1001 1001 1001 970 890 901 189 137 1001 705 907 1001 1001 1001 1001 646 1001 1001 906 711 893 1001 727
284 359 539 14 1001 98 1001 956 475 1001 173 1001 14 661 14 1001 350 1001 1001 660 793 1001 210 1001 22 942 1001 1001 1001 1001 845 1001 675 1001 1001 975 901 1001 1001 246 64 678 1001 767 727 1001 929 1001 1001 970 1001 1001 1001 793 1001 1001 1001 1001 1001 869 1001 1001 1001 1001 1001 1001 1001 869 1001 1001 660 884 1001 1001 1001 1001 808 887 350 1001 1001 1001 1001 1001 512 1001 1001 631 1 268 278 901 534 661 1001 1001 1001 690 1001 678
1001 1001 1001 1001 1001 887 1001 1001 749 1001 942 1001 1001 1001 432 1001 727 798 1001 1001 955 901 972 1001 396 793 1001 826 839 1001 283 1001 749 1001 798 942 1001 1001 901 678 1001 826 1001 137 961 1001 246 13 1001 350 137 1001 137 737 298 2 1001 711 1001 661 660 1001 64 1001 137 845 661 64 1001 432 139 1001 1001 749 1001 14 985 1001 35 1001 793 827 488 364 364 826 379 727 1001 1001 1001 1001 749 820 631 845 546 7 1001 1001
1001 660 929 646 1001 1000 1001 68 929 1001 711 1001 929 1001 473 1001 1001 826 298 1001 359 970 1001 1001 767 1001 1001 1001 509 1001 667 1001 64 1001 379 1001 1001 942 893 1001 1001 1001 1001 475 1001 1001 1001 173 539 476 1001 1001 1001 137 1001 631 25 961 764 631 631 1001 364 1001 1001 1001 1001 1001 1001 1001 298 1001 727 772 1001 1001 1001 1001 228 1001 1001 1001 1001 1001 1001 907 1001 1001 1001 660 1001 350 210 1001 488 1001 1001 278 364 886
512 150 488 1001 1001 512 1001 1001 13 1001 690 1001 283 1001 488 952 35 285 1001 1001 887 1001 1001 1 893 1001 890 1001 475 137 906 893 298 884 432 767 1001 972 432 276 278 961 1001 14 751 228 1001 1001 1001 678 1001 893 1001 1001 1001 1001 972 1001 827 1001 1001 1001 150 1001 937 1001 869 1001 660 1001 906 881 690 767 1001 178 469 886 475 937 929 992 808 210 298 13 476 881 1001 134 98 605 246 1001 1001 1001 432 937 810 1001
660 1001 1001 1001 820 646 278 1001 285 173 605 1001 798 805 475 992 1001 886 283 1001 961 473 1001 798 1001 1001 890 1001 1001 1001 972 1001 1001 1001 1001 1001 1001 284 1001 1001 1001 1001 1001 1001 1001 7 751 350 1001 952 1001 279 1001 772 539 631 808 1001 35 737 285 667 13 1001 150 1001 228 1001 893 1001 1001 283 1001 1001 1001 1001 1001 1001 1001 1001 1001 1001 14 268 1001 2 826 1001 1001 1001 793 1001 906 1001 631 661 276 246 1001 1001
1001 1001 907 1001 1001 1001 22 972 298 1001 1001 1001 1001 1001 631 1001 1001 1001 1001 1001 1001 379 798 942 690 805 961 1001 955 278 955 284 396 1001 228 432 1001 279 893 929 884 678 1001 13 1001 1001 767 1001 1001 359 210 473 1001 1001 1001 1001 1001 1001 1001 1001 1001 1001 279 1001 268 605 820 884 278 1001 767 678 1001 284 711 539 1001 268 1001 845 35 1001 1001 278 1001 1001 1001 1001 173 1001 1001 1001 1001 1001 1001 869 1001 1001 1001 886
1001 189 379 1001 1000 1001 901 488 1001 1001 150 1001 268 379 661 509 1001 660 1001 605 64 992 127 1001 1001 1001 1001 1001 1001 1001 1001 1001 751 827 660 1001 1001 1001 678 1001 1001 1001 1001 22 22 772 605 937 1001 228 1001 1001 1001 992 952 1001 751 884 359 986 1001 189 86 906 961 1001 1001 1001 2 1001 1001 350 1001 1001 942 1001 1001 937 228 992 64 678 1001 1001 1001 798 22 1001 539 469 150 1001 64 886 1001 1001 1001 661 1001 1001
1001 137 1001 1001 283 1001 1001 705 661 1001 678 1001 1001 1001 1001 667 1 992 826 986 1001 1001 1001 1001 798 1001 609 1001 820 1001 25 1001 285 1001 1001 1001 661 1001 137 22 1001 246 1001 1001 1001 1001 1001 737 1001 609 1001 609 1001 1001 534 1001 1001 1001 1001 139 737 283 1001 952 1001 1001 546 1001 534 1001 826 805 937 509 956 972 1001 1001 1001 1001 150 767 1001 667 1001 139 751 1001 1001 1001 1 1001 1001 985 751 1001 25 737 1001 646
1001 749 810 127 14 751 1001 749 1001 1001 887 546 1001 1000 1001 820 137 1001 1001 1001 1001 705 1000 1001 22 1001 285 1001 839 1001 134 1001 350 1001 767 1001 646 845 631 887 1001 890 1001 246 1001 298 539 992 985 667 278 970 1001 881 631 798 1001 884 1001 1001 1001 1001 1001 1001 1001 906 798 379 727 1001 1001 1001 1001 534 1001 1001 1001 810 1001 268 276 1001 1001 929 1001 1001 25 869 1001 432 539 985 1001 1001 283 1001 1001 972 1001 737
1001 805 1001 1001 1001 1001 1001 961 1001 869 798 1001 1001 432 1001 820 1001 1001 1000 675 1001 985 1001 1001 749 1001 228 751 276 276 246 1001 961 929 7 1001 268 1001 1001 1001 1001 173 1001 737 1001 476 901 1001 1001 1001 1001 1001 1001 1001 1001 961 13 139 678 886 475 285 1001 350 1001 1001 1001 955 210 1001 827 975 1001 956 1001 134 1001 473 1001 1001 826 975 1001 13 1001 952 985 1001 1001 13 1001 512 1001 228 279 661 1001 798 1001 1001
1001 139 1001 173 25 1001 893 488 1001 727 985 1001 678 534 893 268 907 298 605 952 364 992 906 1001 189 1001 1001 1001 1001 767 284 476 887 1001 1001 1001 7 1001 887 68 1001 284 1001 86 1001 1001 929 68 631 364 646 1001 901 929 1001 1001 1001 884 1001 1001 1001 986 1001 268 937 359 1001 1001 276 1001 1001 284 839 473 473 646 1001 276 1001 86 68 751 534 961 1001 1001 605 1001 886 139 1001 1001 1001 1001 1001 660 432 764 539 134
1001 975 1001 379 1001 1001 907 1001 1001 1001 667 1001 1001 631 1001 1001 1001 1001 711 1001 284 1001 64 1001 975 711 1001 906 1001 488 1001 1001 469 509 1001 268 881 1001 178 1001 1001 820 727 68 1001 827 178 1001 1001 1001 1001 1001 1001 228 35 764 1001 1001 1001 14 631 985 1001 1001 1001 675 749 805 35 886 1001 1001 1001 1001 1001 283 1001 432 1001 283 134 1001 1001 1001 1001 2 985 210 68 1001 1001 727 1001 751 1001 1001 1001 1001 1001 845
1001 767 1001 539 1001 660 826 279 1001 279 675 1001 970 609 907 364 2 1001 22 1001 893 1001 1001 1001 1001 189 772 134 1001 210 1001 228 469 278 793 810 869 955 985 139 1001 1001 210 1001 1001 705 546 14 956 661 1001 278 1001 1001 14 1001 1001 808 1001 1001 509 906 737 886 1001 1001 1001 1001 150 1001 1001 906 1 276 986 7 893 512 1001 1001 605 827 1001 364 1001 1001 1001 189 276 727 1001 793 512 178 1001 14 985 546 1001 1001
534 992 1001 985 1001 1001 992 1001 1001 1001 893 476 298 1001 827 1001 1001 1001 1001 1001 1001 1001 901 961 1001 1001 631 1001 1001 1001 1001 1001 1001 1001 189 1001 1001 1001 1001 1001 1001 22 907 705 1001 727 1001 1001 1001 1001 1001 986 961 1001 955 942 1001 956 284 1001 1001 1001 1001 279 1001 350 970 488 2 150 1001 1001 1001 1001 1001 1001 901 1001 1001 350 64 955 1001 661 1001 820 1001 1001 1001 210 1001 1001 690 1001 1001 1001 1001 178 1001 173
937 1001 1001 749 1 1001 278 1001 845 210 793 1001 1001 1001 942 298 1001 890 1001 906 667 1001 1001 86 68 68 25 1001 887 985 1001 798 826 475 887 276 1001 22 727 1001 279 278 1001 942 278 284 189 605 1001 887 1001 137 1001 1001 1001 810 1001 1001 985 1001 886 955 276 660 890 14 1001 1001 1001 929 68 942 764 609 869 476 284 605 1001 1001 1001 210 1001 476 432 887 1001 134 1001 98 820 1001 2 975 1001 901 1 276 476 86
1001 1001 646 279 1001 1001 793 1001 1001 1001 826 1001 279 1001 1001 1001 1001 134 1001 1001 276 1000 1001 1001 1001 805 1001 1001 1001 667 1001 1001 1001 1001 1001 690 1001 605 1001 1001 1001 98 1001 1001 1001 1001 1001 1001 1001 845 1001 98 1001 646 1001 210 178 1001 798 1001 1001 1001 1001 1001 1001 1001 1001 268 1001 1001 1001 1001 1001 1001 1001 1001 1001 350 86 1001 25 952 1001 1001 475 1001 1001 68 1001 276 1001 1001 660 1001 1001 1001 1001 1001 1001 1001
