100 100
1 217359630 1 842921497 1 842921497 141981294 1 1 1 1 1 1 1 1 1 1 1 1 1 1 1 1 1 63355138 1 888146113 1000000000 1 842921497 842921497 1 1 1 1 1 1 1 1 1 1 169560421 1 1 20491972 1 25456585 1 1 217359630 1 1 1 20491972 405756550 1 169560421 1 56895056 1 62971699 456673015 1 291503453 1 842921497 291503453 888146113 1 456673015 63355138 141981294 1 56895056 1 1 759437752 1 759437752 1 759437752 1000000000 1 63355138 1000000000 1 217359630 1 25456585 1 1 1 1 1 1 1 834210876 1 1 1
1 1 1 141981294 1 1 1 1 62971699 1 217359630 1000000000 141981294 405756550 62971699 75724621 842921497 1 75724621 217359630 1 1000000000 75724621 291503453 291503453 1 405756550 1 1 1 75724621 834210876 62971699 759437752 27824680 27824680 759437752 1 759437752 934432315 1 56895056 1 27824680 75724621 1 1 1 27824680 934432315 56895056 1 888146113 217359630 1 1 1 1 1 1 1 62971699 1 291503453 1 1 456673015 1 1 1 56895056 1 1 63355138 1 1000000000 27824680 1 1 1 1 842921497 1 1 888146113 1 834210876 1 456673015 1 934432315 291503453 888146113 596308881 20491972 1 405756550 1 25456585 217359630
291503453 1 217359630 56895056 759437752 62971699 759437752 842921497 405756550 141981294 25456585 842921497 1 1 1 1 217359630 75724621 291503453 596308881 1 1 56895056 1 596308881 1 63355138 1 141981294 1 1 1 1 1 1 1 405756550 934432315 934432315 1 1 1 1 1 75724621 27824680 63355138 1 217359630 1 25456585 1 1 63355138 888146113 169560421 20491972 1 63355138 20491972 1 405756550 1 1 1 759437752 62971699 291503453 456673015 1 63355138 291503453 1 1 1 1 1 1 25456585 405756550 759437752 27824680 1 217359630 141981294 1 291503453 1 842921497 1 1 1 1 1 456673015 291503453 834210876 1 456673015 1
1 1 291503453 1 1 62971699 1 169560421 1 56895056 1 75724621 75724621 1 169560421 1 1 934432315 1 217359630 888146113 1 1 1 1 1 934432315 934432315 596308881 405756550 291503453 62971699 20491972 456673015 1 934432315 888146113 1 75724621 217359630 1 63355138 834210876 1 217359630 1 141981294 1 63355138 1 56895056 56895056 1 1 405756550 1 20491972 1 1 596308881 63355138 75724621 217359630 1 934432315 759437752 1 141981294 1 1 842921497 759437752 1000000000 1 834210876 169560421 1000000000 27824680 27824680 1 1 63355138 1 1 25456585 1 759437752 1 888146113 1 75724621 27824680 141981294 834210876 456673015 1 1 1 63355138 1
1 759437752 291503453 456673015 1 63355138 1 1 1 75724621 1 1 405756550 934432315 842921497 1 759437752 291503453 1 1 1 1 75724621 1 291503453 1 1 456673015 1 934432315 1 1 1 1 1 1 56895056 1 62971699 834210876 456673015 27824680 1 1 25456585 1 20491972 1 842921497 1 1 1 1 62971699 405756550 1 1 1 842921497 20491972 291503453 1 291503453 1 1 596308881 1 63355138 405756550 1 25456585 1 842921497 1 20491972 1 27824680 20491972 1 1 934432315 759437752 1 456673015 405756550 1 62971699 1 596308881 1 1 62971699 1 1 1000000000 1 25456585 1 405756550 1
1 456673015 1 75724621 1 169560421 141981294 759437752 1 56895056 62971699 1 217359630 1 56895056 1 1 1000000000 1 934432315 405756550 1 27824680 141981294 141981294 596308881 1 169560421 1 888146113 596308881 405756550 217359630 25456585 217359630 1 291503453 1 141981294 1 1000000000 456673015 759437752 1 141981294 1 217359630 1 888146113 834210876 25456585 25456585 1 1 169560421 1 169560421 1 1 1 1000000000 1 1 1 25456585 405756550 1 405756550 1 1 75724621 1 1 1 20491972 1 1 25456585 169560421 1 1 1 1 169560421 1 1 1 1 62971699 1 56895056 834210876 1 888146113 834210876 405756550 20491972 1 759437752 1
1 1 1 1 1 1 1 1 1 1 1 1 934432315 1 63355138 1 596308881 1000000000 217359630 888146113 25456585 62971699 456673015 1 25456585 1 1 596308881 1 456673015 1 169560421 63355138 1 20491972 1 291503453 1 1 1 1 1 1 1 1 1 1 1 1 25456585 1 456673015 1 75724621 141981294 405756550 934432315 1 63355138 1000000000 62971699 291503453 141981294 1 1 1000000000 1 141981294 25456585 1 63355138 1 27824680 20491972 842921497 1 456673015 25456585 1 1 27824680 759437752 842921497 456673015 596308881 1 62971699 405756550 169560421 1 27824680 1 1 25456585 1 169560421 1 1 169560421 1
405756550 1 25456585 596308881 75724621 217359630 1 291503453 291503453 1000000000 759437752 1 75724621 1 217359630 1 934432315 1 27824680 1 75724621 62971699 1 1 888146113 888146113 1 888146113 1 1 1 1 1 1 1 1 63355138 56895056 456673015 842921497 759437752 75724621 596308881 20491972 217359630 27824680 405756550 20491972 1 63355138 1 1 1 1 1 934432315 1 1 1 1 20491972 1 842921497 1 834210876 20491972 1 20491972 1 1 169560421 1 56895056 25456585 1 1 1 25456585 63355138 1 1000000000 56895056 1 20491972 1 1 1 834210876 1 1 596308881 169560421 1 1 1 596308881 291503453 1 596308881 1
75724621 27824680 27824680 1 834210876 456673015 75724621 405756550 1 1 1 1 1 1 888146113 1 62971699 1 1000000000 1 834210876 1 1 596308881 834210876 1 1 63355138 75724621 20491972 291503453 456673015 27824680 456673015 1 888146113 63355138 1 1 56895056 1 169560421 1 56895056 934432315 1 1 1 1 934432315 169560421 217359630 56895056 25456585 1 934432315 1000000000 1 834210876 63355138 25456585 1 291503453 1 934432315 62971699 1 834210876 1 75724621 291503453 1 1 1 1 63355138 141981294 759437752 1 1 1 1 1 20491972 217359630 934432315 1 20491972 405756550 1 1 1 1 169560421 20491972 27824680 1 1 1 1
1 1000000000 596308881 1 217359630 1 834210876 1 1 834210876 291503453 62971699 56895056 1 1 1 834210876 1 63355138 1 27824680 1 1000000000 75724621 1 1 169560421 141981294 888146113 1 141981294 1 169560421 1 1 888146113 63355138 934432315 1 1 1 1 1 1 456673015 456673015 62971699 1 169560421 25456585 1 1 1 1 1 1000000000 888146113 1 934432315 141981294 1 1 1 1 291503453 1 1 1 1 405756550 1000000000 1 1000000000 141981294 75724621 405756550 1 27824680 405756550 20491972 1 63355138 27824680 20491972 27824680 1 1 1 934432315 291503453 1 834210876 169560421 405756550 1 405756550 75724621 75724621 1 405756550
1 934432315 1 1 888146113 1 20491972 888146113 217359630 405756550 1 1 1 1 75724621 1 25456585 1 759437752 1 20491972 1 759437752 25456585 169560421 1 1 1 1 1 1 1 456673015 934432315 1 1 1 934432315 141981294 141981294 25456585 888146113 1 217359630 169560421 1 1 1 20491972 934432315 25456585 25456585 842921497 169560421 1 1 75724621 1 405756550 1 1 20491972 1 596308881 1000000000 1000000000 1 62971699 1 1 56895056 1 405756550 1 596308881 456673015 1 888146113 759437752 1 1 1 20491972 405756550 1 1 169560421 1 1 1000000000 1 1 405756550 759437752 1 291503453 1 1 1 834210876
1 291503453 1000000000 1 934432315 1 75724621 1 217359630 456673015 842921497 842921497 20491972 842921497 20491972 1 1 1 1 1 1000000000 1 27824680 1 456673015 1 25456585 291503453 456673015 1 63355138 1 1 842921497 1 217359630 169560421 842921497 1 217359630 1 759437752 1 1 291503453 934432315 20491972 1 1 759437752 1 1 1 842921497 834210876 1 456673015 1 1 1 169560421 20491972 169560421 1000000000 1 934432315 1 217359630 834210876 1 1000000000 1 1 1 888146113 1 1 1 291503453 63355138 56895056 1 1 62971699 20491972 888146113 217359630 596308881 1 62971699 291503453 1 842921497 1 1 1 1 217359630 1 1
1 1 1 1 834210876 1 25456585 1 934432315 1 1000000000 1 141981294 1 934432315 20491972 291503453 1000000000 63355138 1 56895056 1 1 1 63355138 842921497 888146113 1 934432315 456673015 291503453 888146113 1 291503453 1 1 405756550 1 1 1 1 1 1 217359630 405756550 1 217359630 596308881 1 759437752 27824680 20491972 1 1 1 1 217359630 20491972 1 141981294 62971699 1 888146113 1 1 27824680 405756550 75724621 169560421 1 1 1 62971699 62971699 20491972 834210876 1 217359630 217359630 1 842921497 1 1000000000 63355138 1 1 1 888146113 1 75724621 63355138 1 291503453 759437752 759437752 62971699 1 63355138 27824680 1
20491972 27824680 1000000000 1 934432315 1 20491972 1 20491972 1 1000000000 1 1 1 759437752 1 25456585 1 1 1 1 1 405756550 75724621 62971699 63355138 1 1 56895056 63355138 1 1 1 1 1 934432315 405756550 1000000000 405756550 56895056 456673015 291503453 1 1 217359630 1 62971699 1 1 1 1 596308881 842921497 888146113 1000000000 1 834210876 1 1 1 20491972 1 25456585 1 934432315 20491972 1 217359630 1 1 63355138 62971699 62971699 1 888146113 596308881 1 596308881 1 1 1 1 1 20491972 934432315 1 596308881 596308881 1 1 56895056 1 1 1 1 834210876 888146113 596308881 1 1
1 1 1 1 1 1 1 1 169560421 1 217359630 1000000000 56895056 1 1000000000 1 27824680 62971699 141981294 456673015 56895056 1 834210876 20491972 1 888146113 834210876 1 27824680 1 1 217359630 1 834210876 1 1 1 1 834210876 1 1 1 1 596308881 56895056 1 141981294 63355138 63355138 759437752 1 169560421 1 62971699 20491972 1 759437752 141981294 596308881 1 1 1 63355138 1 75724621 1 1 834210876 842921497 1 1 1 1 1 291503453 1 1 888146113 456673015 141981294 62971699 27824680 1 25456585 1 1 1 456673015 141981294 1 1 1 834210876 75724621 25456585 596308881 1 25456585 20491972 1
1 63355138 217359630 25456585 1000000000 405756550 888146113 1 1 1 25456585 1 56895056 1 291503453 1 1 25456585 1 1 1 1 1 456673015 1 456673015 63355138 1 596308881 1 596308881 291503453 834210876 759437752 456673015 759437752 1 25456585 169560421 934432315 27824680 27824680 1 934432315 56895056 1 456673015 1 141981294 934432315 1 62971699 1 63355138 1 1 1 1 25456585 56895056 1 759437752 63355138 1 1 1 456673015 75724621 291503453 456673015 1 596308881 75724621 20491972 56895056 25456585 1 834210876 1 1 1 1 1 405756550 217359630 217359630 1 1000000000 1 1 27824680 1 405756550 141981294 1 456673015 1 75724621 1 1
291503453 759437752 1 217359630 1 141981294 291503453 62971699 27824680 1 1 1 1 1 1 1 834210876 141981294 842921497 888146113 62971699 1 759437752 141981294 1 169560421 1 1 75724621 25456585 75724621 1 1 291503453 1 27824680 1 1 1 456673015 1 1 1 834210876 1 1 20491972 1 405756550 1 1 1 1 291503453 759437752 834210876 291503453 1 27824680 1 1 20491972 1 1 291503453 27824680 934432315 1 1 888146113 1 1 25456585 888146113 1 1 1 169560421 1000000000 456673015 1 834210876 1 1 63355138 1 1 1 1 62971699 56895056 1000000000 62971699 1 1 75724621 1 596308881 1 141981294
1 1 1 1 1 217359630 1 834210876 291503453 1000000000 141981294 934432315 75724621 1 596308881 1 1 56895056 1 63355138 1 1 842921497 1 1 405756550 1 934432315 842921497 1 63355138 291503453 1 1 1 1 1 934432315 25456585 291503453 217359630 20491972 1 834210876 1000000000 1 291503453 1 842921497 20491972 25456585 834210876 1 934432315 934432315 1 25456585 1 1000000000 1 842921497 888146113 456673015 1 834210876 1 1000000000 56895056 1 456673015 63355138 1 1 759437752 842921497 62971699 1 1 169560421 62971699 934432315 291503453 1 56895056 20491972 934432315 1 596308881 1 62971699 1 759437752 25456585 842921497 1 1 1 1 1 405756550
27824680 291503453 1 834210876 1 1 1 405756550 1 1000000000 1 1 25456585 141981294 596308881 596308881 1 291503453 1 834210876 141981294 1 25456585 169560421 1 25456585 1 217359630 1 1 1 27824680 456673015 456673015 217359630 169560421 1 1 1 63355138 1 1000000000 1 1 1 1 934432315 1 405756550 1 27824680 1 1 1 75724621 1 62971699 1 1000000000 1 291503453 1000000000 1 1 1 1 1 1 1 63355138 1 1 842921497 25456585 1 75724621 27824680 1 1 596308881 1 1 1 1 1000000000 217359630 1 834210876 63355138 888146113 1 1 217359630 25456585 25456585 63355138 456673015 834210876 1 1
1 25456585 291503453 25456585 759437752 596308881 1 842921497 1 596308881 217359630 1 25456585 20491972 1 1 1 1 1 1 291503453 1 834210876 1 1 169560421 1 596308881 842921497 1 169560421 25456585 1 1 1 291503453 842921497 1 75724621 405756550 1 169560421 75724621 25456585 20491972 1 596308881 1 1 1 291503453 834210876 405756550 1 934432315 1 1 1 1 1 1 1 1 62971699 1 217359630 75724621 842921497 56895056 596308881 1000000000 1 1 75724621 1 1 141981294 217359630 1 456673015 27824680 1 20491972 1 1 1 1 456673015 1 934432315 75724621 1 169560421 1 1 20491972 25456585 1 1 888146113
1 1 1 1 1 1 1 1 1 1 1 1 1 888146113 27824680 888146113 141981294 405756550 291503453 1 27824680 1 75724621 27824680 1 888146113 1 27824680 1 1 1 842921497 25456585 56895056 1 1 1 1 405756550 1 1 1 56895056 1 1 1 62971699 888146113 217359630 1 217359630 1 291503453 1 63355138 291503453 888146113 1000000000 62971699 1 25456585 834210876 141981294 27824680 405756550 934432315 217359630 1 888146113 25456585 759437752 1 25456585 934432315 20491972 1 834210876 1 1 1 291503453 888146113 141981294 456673015 888146113 456673015 1 1 1 1 888146113 1 759437752 842921497 1 1 75724621 20491972 1 62971699
596308881 141981294 217359630 141981294 888146113 217359630 934432315 596308881 1 75724621 217359630 834210876 1 1 1 1 1 1 1 1 1 1 1 834210876 1 456673015 1 456673015 63355138 75724621 1 1 63355138 888146113 63355138 56895056 1000000000 1 169560421 62971699 596308881 1 20491972 217359630 75724621 1 759437752 1 25456585 1 888146113 1 759437752 1 291503453 456673015 1 56895056 842921497 1 1 1 934432315 1 1 1 25456585 1 1 217359630 1 1 1 1 1 1 20491972 1 888146113 27824680 888146113 1 62971699 1 63355138 1 1 20491972 217359630 456673015 169560421 1 1 75724621 217359630 1 1 291503453 1 1
1 834210876 1 56895056 1 63355138 1 169560421 888146113 291503453 1 75724621 842921497 141981294 1 596308881 25456585 75724621 596308881 56895056 291503453 596308881 1 1 1 1 1 1 63355138 1 1 217359630 888146113 1 1 1 1 1 1 888146113 1 1 1 405756550 1 1 62971699 1 1 1 1 1 1 1 934432315 1 1 27824680 1 1 456673015 1 1 1 291503453 888146113 75724621 1 27824680 405756550 20491972 169560421 141981294 1 1000000000 1 27824680 1 1 1 75724621 1 1 1 1 1 888146113 405756550 834210876 1 141981294 1000000000 1 25456585 20491972 141981294 1 1 1 456673015
1 291503453 1 217359630 1 62971699 1 20491972 1 1 1 1 1 141981294 20491972 842921497 1 217359630 1000000000 1 20491972 141981294 1 217359630 1 291503453 888146113 291503453 169560421 1000000000 1 217359630 217359630 169560421 934432315 141981294 456673015 291503453 1 63355138 842921497 1 56895056 25456585 1 56895056 291503453 934432315 62971699 217359630 888146113 1 842921497 141981294 75724621 842921497 1 834210876 1 888146113 759437752 1 1000000000 1 27824680 1 27824680 1 1000000000 25456585 1 1 596308881 834210876 217359630 1 291503453 1 27824680 834210876 25456585 1000000000 405756550 217359630 141981294 1 934432315 1 62971699 1 759437752 934432315 1 1 596308881 63355138 27824680 141981294 1 27824680
1 56895056 1 759437752 1 405756550 1 20491972 56895056 1000000000 141981294 842921497 1 405756550 1 291503453 1 56895056 1 1 1 20491972 834210876 56895056 1 1 169560421 1 842921497 20491972 1 1 1 1 1 1 1 1 1 1 1 1 75724621 1 1 1 596308881 169560421 1 20491972 1 1 1 1 834210876 1 1 842921497 1 1 842921497 20491972 169560421 405756550 842921497 1 1 1 1 596308881 1 63355138 291503453 1 1 1 1 1 1000000000 1 27824680 1 169560421 1 1 1 456673015 1 405756550 1 1 1000000000 1 291503453 27824680 1 25456585 1 1 1
1 842921497 1 75724621 1 1000000000 1 888146113 1 1 1 1 1 1 1 1 1 759437752 63355138 62971699 1 1 56895056 1 1 934432315 291503453 1 1 1 1 62971699 456673015 169560421 405756550 1 1000000000 1 217359630 596308881 62971699 1 169560421 169560421 1 291503453 27824680 1 1 169560421 456673015 1 141981294 141981294 63355138 888146113 1 1 1 75724621 405756550 1 1 1 888146113 25456585 169560421 842921497 1 888146113 1 1 456673015 291503453 27824680 1000000000 1 62971699 1000000000 1 62971699 1 56895056 456673015 1 25456585 25456585 1 1 1 759437752 456673015 1 63355138 1 1 1 1 834210876 169560421
1 888146113 1 217359630 1 56895056 1 405756550 20491972 20491972 25456585 842921497 56895056 842921497 169560421 75724621 1 1 141981294 291503453 27824680 1 759437752 456673015 1 1 1000000000 217359630 25456585 834210876 1 934432315 1 1 1 1 75724621 141981294 759437752 1 1 1 1 56895056 1 1 25456585 596308881 1 1 1 1 1 1 56895056 62971699 405756550 1 596308881 62971699 291503453 1 27824680 759437752 596308881 1 888146113 1000000000 1 405756550 1 842921497 141981294 405756550 1 56895056 1 1 842921497 1 25456585 1 27824680 1 1 1 405756550 62971699 20491972 1 169560421 291503453 1 291503453 62971699 62971699 1 25456585 834210876 1
1 1 1 1 1 1 1 291503453 405756550 1 1 1 834210876 1 1 888146113 25456585 1 596308881 1 1 1 1 1 1 20491972 842921497 169560421 1 405756550 1 141981294 1 169560421 405756550 456673015 1000000000 1 1 1 25456585 842921497 1 1 1 934432315 934432315 62971699 25456585 405756550 934432315 1 596308881 27824680 596308881 1 27824680 1 934432315 1 20491972 1 1 1 934432315 1 20491972 1 1 1 1 934432315 1 934432315 1 1 1 63355138 405756550 1 169560421 1 20491972 759437752 56895056 1 1 1 759437752 1 75724621 1 1 1 1 1 1 1 56895056 1
291503453 759437752 759437752 596308881 1 596308881 20491972 27824680 1 1 456673015 1 62971699 1 596308881 141981294 217359630 1 842921497 56895056 834210876 27824680 1 1000000000 842921497 888146113 1 842921497 1 169560421 456673015 834210876 759437752 141981294 1 1 1 1 25456585 405756550 56895056 1 1 141981294 1 1 1 1 1 1 1 1 1 596308881 1 1 1 1 25456585 1 834210876 759437752 1 217359630 596308881 1 217359630 596308881 834210876 27824680 1 291503453 1 934432315 934432315 834210876 1 1 1 1 1 1 1 25456585 456673015 1 75724621 1 596308881 1 596308881 169560421 759437752 834210876 291503453 1 291503453 405756550 20491972 1
596308881 1 141981294 1 1 1 1 596308881 1 456673015 759437752 1 1 1 1 1 1 1 596308881 1 63355138 1 1 1 759437752 25456585 1 842921497 1 1 596308881 934432315 1 456673015 169560421 141981294 1 888146113 20491972 1 25456585 75724621 596308881 56895056 1 456673015 27824680 56895056 217359630 834210876 759437752 75724621 1 596308881 888146113 834210876 141981294 1 1 1 1 1 1 1 217359630 1 20491972 1 75724621 1 1 1 1 169560421 1 842921497 1 888146113 1000000000 25456585 456673015 596308881 1 1 934432315 842921497 25456585 1 405756550 1 63355138 1 25456585 759437752 1 1 1 27824680 1 1
1 1 27824680 456673015 842921497 888146113 1 25456585 759437752 1000000000 1 1 456673015 1 405756550 405756550 291503453 1 1 1 1 1 1000000000 1 1 217359630 1 62971699 56895056 1 75724621 1 1 20491972 1 596308881 888146113 759437752 1 1 1 1 1 1 1 25456585 1 1 888146113 1 1 1 1 1 1 1 141981294 62971699 405756550 1 25456585 217359630 1000000000 1 291503453 1 456673015 1 141981294 934432315 1000000000 20491972 1 169560421 1 1 1 1 1 1 217359630 56895056 888146113 62971699 27824680 1 1 1 1 1 1 1 1000000000 1 1 217359630 1 1 1 405756550
888146113 1 62971699 1 1 27824680 1 1 1 141981294 596308881 56895056 27824680 1 1 62971699 1 1 759437752 1 169560421 759437752 56895056 1 63355138 217359630 1 291503453 1 1 596308881 888146113 1 1 1 934432315 1 62971699 456673015 934432315 56895056 63355138 1 75724621 169560421 20491972 27824680 1 291503453 842921497 834210876 934432315 27824680 934432315 217359630 1 1 291503453 1 1 20491972 1 888146113 291503453 63355138 1 25456585 1 1 1 834210876 1 1 169560421 1 141981294 20491972 405756550 141981294 291503453 1000000000 1 1 759437752 596308881 217359630 759437752 596308881 456673015 842921497 596308881 1 405756550 27824680 1 842921497 888146113 842921497 1 1
1 1 934432315 20491972 1 1000000000 1000000000 1 27824680 141981294 1 596308881 1 1 141981294 56895056 169560421 25456585 217359630 20491972 888146113 1 1 1 1 1 1 1 1 834210876 759437752 888146113 141981294 1 888146113 20491972 1 1 1 888146113 1 405756550 1 1 888146113 1 1 1 62971699 27824680 1 1 1 291503453 759437752 75724621 1 1 1 63355138 1000000000 1 1 75724621 1 1 934432315 1 169560421 834210876 141981294 62971699 1 27824680 1 56895056 1 842921497 217359630 1 934432315 75724621 1 834210876 1 63355138 25456585 1 1 1 1 1 834210876 1 1 291503453 1 888146113 169560421 217359630
456673015 1 596308881 1 1 1 596308881 1 1 759437752 1 27824680 596308881 759437752 934432315 217359630 1 405756550 1 1 1 1 456673015 842921497 141981294 405756550 75724621 169560421 1 1 888146113 1 1 1 1 842921497 291503453 1000000000 1 759437752 1 141981294 217359630 141981294 596308881 1000000000 169560421 1 1 1 1 56895056 934432315 27824680 1 934432315 63355138 934432315 1 63355138 63355138 56895056 1 405756550 63355138 1 1 1 759437752 759437752 1 20491972 1 56895056 1 759437752 1 20491972 1 1 1 25456585 1 934432315 1 1 842921497 1 1000000000 759437752 888146113 1 217359630 934432315 1 141981294 1 934432315 834210876 1
456673015 1 456673015 596308881 596308881 1 1000000000 1 56895056 56895056 1 405756550 1 1 291503453 1 1 934432315 56895056 456673015 596308881 1 169560421 1 934432315 1 1 1 1 169560421 759437752 888146113 934432315 934432315 1 56895056 1 759437752 1 63355138 1 1 888146113 1 1 1 1 1 63355138 1000000000 1 291503453 1 75724621 1 1 1 1 1 1000000000 1 291503453 1 888146113 217359630 1 20491972 1 1 27824680 1 1 1 1 1 1 1 1 1 27824680 75724621 217359630 1 1 1 25456585 934432315 217359630 20491972 1 1 1 1 1 1 1 1 1 1 1
1 1 1 1 1 1 1 1 1 1 1 56895056 1 291503453 456673015 63355138 1 56895056 1 1 217359630 834210876 27824680 1 63355138 934432315 62971699 834210876 1 63355138 1 888146113 1 1 1 1 1 1 1 888146113 1 405756550 20491972 62971699 596308881 62971699 25456585 1 141981294 169560421 1 217359630 1 759437752 834210876 25456585 63355138 20491972 1 1 1 934432315 1 1 217359630 1 759437752 1 842921497 20491972 141981294 405756550 56895056 141981294 141981294 842921497 1 217359630 62971699 56895056 1 842921497 456673015 842921497 1 141981294 217359630 1 1000000000 888146113 56895056 888146113 834210876 842921497 1 63355138 63355138 62971699 834210876 25456585
62971699 1 62971699 141981294 25456585 456673015 834210876 842921497 596308881 1 1000000000 27824680 1 56895056 1 405756550 1 20491972 405756550 1 888146113 1 405756550 1 291503453 1 1 1 1 1 1 25456585 405756550 75724621 20491972 62971699 934432315 141981294 1 405756550 1 456673015 63355138 1 1 1 888146113 934432315 141981294 1 1 888146113 1 1 1 1 888146113 842921497 1 759437752 63355138 141981294 834210876 1 1 1 20491972 56895056 759437752 1 75724621 1 1 1 1 1 1 888146113 1 291503453 1 834210876 1 20491972 1 1 934432315 1 217359630 1 62971699 1 27824680 1 1 1 1 1 291503453 1
1 1 291503453 1 1 1 1 1 1000000000 1 1 1 1 834210876 1 1 1 1000000000 1 1 1 1 1 1 759437752 217359630 842921497 63355138 56895056 1 27824680 25456585 1 63355138 1 405756550 1 1 1 1 1 1 759437752 934432315 842921497 1 1 842921497 27824680 63355138 1 1 1 456673015 934432315 75724621 25456585 1 1 1 63355138 1 888146113 63355138 1 759437752 842921497 1 1 1 834210876 27824680 759437752 291503453 20491972 291503453 1 1000000000 1 169560421 1 56895056 1 888146113 1 141981294 56895056 1 596308881 1 62971699 1 405756550 25456585 1 27824680 141981294 456673015 1000000000 1
63355138 141981294 1000000000 405756550 1 20491972 25456585 1 1 1 291503453 1 759437752 1000000000 888146113 25456585 1 20491972 217359630 456673015 75724621 596308881 56895056 1 1 1000000000 456673015 1 405756550 1 405756550 169560421 1 291503453 1 1000000000 27824680 456673015 27824680 1 405756550 1 1 1 1 1 934432315 759437752 1 1000000000 75724621 405756550 1 1 596308881 934432315 1 1 62971699 1 20491972 1 1000000000 1 1 1 759437752 1 27824680 842921497 759437752 1 25456585 25456585 1 1 1 1 1 888146113 1 1 1 56895056 1 1 759437752 1 1 1 1 1 759437752 834210876 1 456673015 596308881 1 456673015 1
1 1000000000 1 27824680 20491972 842921497 405756550 596308881 842921497 27824680 27824680 1 1 834210876 1 1 1 1 842921497 1 169560421 1 75724621 27824680 1 842921497 1 1 1 1 1 1 1 596308881 1 217359630 1 1 759437752 934432315 25456585 888146113 75724621 63355138 456673015 1 1 1 1 1 141981294 1000000000 596308881 1 1 1000000000 25456585 1000000000 405756550 1 888146113 1 141981294 141981294 63355138 1 1 1 1 1 1 1 1 291503453 456673015 842921497 1 63355138 20491972 834210876 141981294 169560421 1 20491972 596308881 1 1000000000 1 75724621 56895056 1 834210876 75724621 1 1 1 56895056 1 291503453 1
1 1 1 291503453 1 834210876 1 1 1 1 842921497 1 759437752 291503453 169560421 1 888146113 1 834210876 1 27824680 1 1 25456585 1 596308881 62971699 20491972 169560421 759437752 1 75724621 1 1 1 934432315 842921497 1 1 1 169560421 1 1 1 888146113 888146113 834210876 759437752 842921497 1 1 405756550 1 1 456673015 75724621 1 1 1 1 834210876 1 75724621 1 169560421 759437752 1 842921497 842921497 596308881 63355138 888146113 20491972 759437752 456673015 1 1 1 56895056 1 217359630 1 1 141981294 405756550 1 596308881 1 1 456673015 842921497 291503453 1 1 75724621 1 217359630 1 1 1
63355138 62971699 1 1 1 1 1 25456585 759437752 1 1 1 1 1 27824680 456673015 291503453 1 169560421 1 405756550 63355138 1 405756550 1 596308881 1 596308881 1 291503453 405756550 27824680 75724621 75724621 1 1 596308881 888146113 75724621 1 75724621 1000000000 759437752 1 1 1 1 1 842921497 169560421 1 141981294 63355138 1 291503453 217359630 27824680 596308881 27824680 1 834210876 1 25456585 1 1 62971699 1 1 1 888146113 1 141981294 842921497 1 759437752 1 456673015 596308881 169560421 1 596308881 1 169560421 934432315 1 1 1000000000 1 56895056 27824680 1 934432315 169560421 1 456673015 456673015 63355138 1 291503453 75724621
1 1 1 842921497 62971699 141981294 1000000000 842921497 596308881 169560421 888146113 934432315 934432315 1 888146113 1 834210876 1 141981294 1 27824680 169560421 1 291503453 1 25456585 1 141981294 1 1 1 56895056 1 1 1 25456585 934432315 1 291503453 1 56895056 1 291503453 596308881 842921497 1 405756550 405756550 1000000000 1 1 1 1 1 1 1 63355138 1 834210876 1 888146113 1 63355138 759437752 1 169560421 1 291503453 405756550 291503453 1 75724621 1 1 1 1 1 1 169560421 1 1 1 1 25456585 834210876 1 1 1 456673015 1 1 1 934432315 1 1 291503453 834210876 1 1 1
759437752 1 63355138 56895056 1 1 20491972 1 888146113 1 62971699 1000000000 1 1 1 1 1 1 1 1 1 1 1 1 1 1 1 1 1 75724621 75724621 75724621 596308881 456673015 1 1 1 1 75724621 1 1 1 1 888146113 1 1 1 759437752 75724621 75724621 1 934432315 1000000000 169560421 217359630 405756550 62971699 1 1 1 1 1 27824680 1 1 56895056 1 1 842921497 291503453 1 291503453 596308881 141981294 141981294 1 291503453 759437752 834210876 842921497 596308881 1 834210876 456673015 1 1 62971699 1 56895056 1 63355138 63355138 20491972 1 456673015 27824680 1 1 596308881 1000000000
1 1 1 291503453 27824680 1 1 1 1 1 1 1 1 169560421 20491972 759437752 842921497 842921497 1 20491972 405756550 1 888146113 62971699 834210876 217359630 75724621 934432315 1 405756550 1 75724621 1 1000000000 1 834210876 141981294 456673015 20491972 27824680 27824680 25456585 1 62971699 25456585 1 934432315 888146113 1 1 1 1 169560421 759437752 1 1 834210876 63355138 596308881 62971699 842921497 1 27824680 1 27824680 27824680 1 217359630 75724621 1 1 217359630 27824680 1 596308881 1 25456585 62971699 1 596308881 1 1 169560421 1 1 834210876 25456585 1 456673015 1 169560421 1 1 1 1 141981294 62971699 1 217359630 1
1 63355138 20491972 25456585 56895056 63355138 1 888146113 1 888146113 1 934432315 1 934432315 1 1 1 1 1 1 405756550 1 888146113 1 1 1 1 1 1 1 1 1 1 1 1 291503453 27824680 1 141981294 62971699 1 217359630 1 1 1 1 1 62971699 141981294 25456585 596308881 1 1 291503453 20491972 1 1 1 169560421 1 291503453 1 291503453 1 291503453 1 1 1 934432315 63355138 1 1 759437752 1 1 1 1 291503453 1 1 1 759437752 62971699 596308881 1 842921497 405756550 888146113 888146113 1 75724621 141981294 63355138 842921497 1 842921497 169560421 1 1 1
141981294 291503453 596308881 1 1 1 1 1000000000 1 25456585 1 842921497 1 25456585 25456585 456673015 1 456673015 25456585 1 62971699 1 75724621 291503453 1 25456585 934432315 1 56895056 1000000000 834210876 1 25456585 169560421 1 1 934432315 1 1 1 1 834210876 934432315 63355138 842921497 1000000000 1 75724621 56895056 1 63355138 169560421 1 1 291503453 63355138 63355138 1 1 1 1 1 1 1 291503453 169560421 934432315 1 1 169560421 27824680 1 56895056 456673015 1 456673015 405756550 169560421 291503453 75724621 1 842921497 759437752 1 1 1 63355138 62971699 1 1 63355138 1 596308881 842921497 1 1 1 1 141981294 27824680
1 1 842921497 1 25456585 169560421 1 62971699 1 842921497 1 141981294 62971699 888146113 1 1 1 456673015 1 1 62971699 63355138 63355138 1 1 63355138 1 1 1 405756550 1 1 1 596308881 141981294 1 1 1 217359630 291503453 1 1000000000 1 934432315 1 1 1 1 20491972 1 456673015 842921497 62971699 1 1 934432315 1 1 25456585 217359630 1 934432315 834210876 1 1 759437752 63355138 888146113 1 1 1000000000 1 75724621 1 1 759437752 1 405756550 1 1 1 1 596308881 27824680 291503453 1 1 842921497 169560421 1 934432315 1 1 63355138 1 25456585 1000000000 1000000000 291503453 1
1 291503453 217359630 1 291503453 75724621 934432315 141981294 217359630 934432315 62971699 1000000000 1 888146113 1 25456585 1 934432315 217359630 217359630 63355138 1 1 1 62971699 405756550 141981294 1 27824680 888146113 1000000000 169560421 1000000000 217359630 405756550 27824680 141981294 1 217359630 1 1 63355138 1 405756550 759437752 20491972 1 56895056 1000000000 1 456673015 1 596308881 27824680 1 888146113 63355138 888146113 596308881 1 1 63355138 20491972 75724621 1 1 20491972 596308881 1 217359630 25456585 1 1 1 169560421 20491972 1 62971699 834210876 1 888146113 1000000000 834210876 1 596308881 63355138 1 405756550 1 1 1 1 27824680 56895056 1 1 75724621 1 596308881 1
1 1 20491972 75724621 759437752 1 1 1 62971699 1 75724621 759437752 1 1 1 405756550 1000000000 20491972 27824680 1 934432315 63355138 834210876 20491972 169560421 1 1 1 63355138 1 291503453 1 25456585 27824680 1 1 56895056 1 27824680 1000000000 1 1 1 63355138 1 1 1 1 1 1 1 1 1 1 1 1 217359630 1 25456585 759437752 1 1 1000000000 25456585 934432315 1 1 25456585 1 56895056 1 1 62971699 75724621 169560421 1000000000 1 842921497 1 1 1 1 834210876 1 934432315 1 1 141981294 1 27824680 27824680 75724621 888146113 1 1 834210876 169560421 1 169560421 1
1 25456585 141981294 217359630 1 1 20491972 1 1 1 1 1 1 20491972 1 141981294 20491972 1 759437752 1 56895056 1 63355138 20491972 1 1 842921497 1 759437752 1 75724621 1 1 596308881 1000000000 1 596308881 20491972 141981294 1 1 596308881 1 1 1 63355138 27824680 1 75724621 1 842921497 1 888146113 25456585 291503453 1 934432315 1 63355138 456673015 759437752 405756550 56895056 1 888146113 759437752 1 1 1 20491972 62971699 1 596308881 1 20491972 1 1 56895056 1 596308881 1 596308881 56895056 1 75724621 63355138 1 1 1 1 1 888146113 759437752 62971699 1 1 1 1 596308881 1
1 1 1 141981294 1000000000 56895056 888146113 1 75724621 759437752 62971699 291503453 1000000000 1000000000 1 888146113 1 1 1 1 1 1 1 1 1 291503453 456673015 405756550 62971699 1 217359630 934432315 1 1 1 1 1 1 63355138 456673015 1 25456585 759437752 1 20491972 291503453 217359630 842921497 27824680 834210876 834210876 888146113 1000000000 1 75724621 1 75724621 1 56895056 1 842921497 1 456673015 1 1 217359630 291503453 27824680 1 169560421 1 1 217359630 1 1000000000 1 405756550 20491972 1 759437752 842921497 759437752 1 1 1 291503453 1000000000 842921497 1 834210876 291503453 169560421 1 27824680 1 141981294 56895056 27824680 27824680 1
1 217359630 75724621 20491972 291503453 1 27824680 759437752 934432315 20491972 1 759437752 1 56895056 27824680 62971699 63355138 596308881 1 75724621 1 27824680 75724621 1 842921497 934432315 1 1 1 1 1 1 1 169560421 834210876 1 75724621 1 1 1 1 1000000000 1 1 759437752 1 217359630 20491972 1 1 1 1 1 1 1 1 56895056 1 456673015 1 62971699 1 1000000000 141981294 1 1 62971699 1 1 56895056 1 759437752 759437752 1 1000000000 1 1000000000 1 1 1 217359630 75724621 217359630 63355138 1 25456585 1 1 1 291503453 1 169560421 1 1 1 1 1 1000000000 1 1
1 1 405756550 1 141981294 1 1 934432315 1 888146113 1 62971699 1 217359630 1 1000000000 1 141981294 1 759437752 1 141981294 1 1 1 291503453 62971699 25456585 291503453 1 75724621 842921497 1 217359630 1 1 456673015 75724621 1 75724621 1 27824680 291503453 405756550 405756550 1 1 759437752 1000000000 834210876 169560421 888146113 759437752 405756550 27824680 1 27824680 1 1 1 1 1 1 56895056 834210876 1 141981294 141981294 1 1 1 1 56895056 1 1 1 842921497 25456585 1 842921497 169560421 1 1 56895056 1 1 1 759437752 291503453 75724621 1 169560421 1 56895056 56895056 141981294 456673015 27824680 141981294 1
1 596308881 1000000000 1 217359630 25456585 1 934432315 1 596308881 1 1 1 56895056 1 1 1 1 1 456673015 75724621 56895056 456673015 934432315 1 141981294 888146113 1 1 1 56895056 62971699 217359630 759437752 27824680 1000000000 834210876 141981294 217359630 27824680 456673015 834210876 888146113 1 934432315 141981294 1 1 141981294 1 1 1 1 1 1 1 217359630 20491972 934432315 291503453 63355138 25456585 1 1 834210876 1 1 56895056 842921497 759437752 1 169560421 25456585 1 759437752 1 596308881 1 1 1 20491972 1 596308881 888146113 291503453 842921497 1 1000000000 1 1 1 596308881 1 1 20491972 1 1 888146113 1000000000 1
1 1 1 1 27824680 1 1 1 1 25456585 1 25456585 27824680 20491972 405756550 456673015 169560421 1 62971699 888146113 405756550 1 1 20491972 1 27824680 1 1 456673015 1 169560421 1 1 1 1 834210876 1 1 1 1 1 1 1 1 405756550 834210876 291503453 1 1 1 169560421 834210876 456673015 56895056 834210876 1 888146113 1 20491972 217359630 1 25456585 888146113 1 888146113 56895056 1 1000000000 63355138 1 1 1 405756550 1 934432315 759437752 291503453 1 63355138 596308881 934432315 1 1 291503453 217359630 1 1 934432315 20491972 291503453 1 217359630 1 888146113 405756550 1 20491972 25456585 1 1
25456585 217359630 1000000000 1 834210876 217359630 1 63355138 1 1 1 1 759437752 1 56895056 1 141981294 1 596308881 1 1 1 217359630 888146113 1 25456585 888146113 405756550 759437752 169560421 217359630 834210876 217359630 1 20491972 63355138 27824680 291503453 27824680 842921497 75724621 596308881 842921497 1 63355138 1 834210876 456673015 842921497 1 456673015 1 1 1 20491972 1 1 1 1 217359630 1 1 1 1 1 1 1 1 1 1 217359630 63355138 456673015 1 934432315 1 25456585 1 27824680 1 75724621 759437752 1 25456585 1 1 75724621 56895056 1 56895056 1 834210876 1 1 75724621 1 1 56895056 1 169560421
1 1 1 1 1 1 1 25456585 25456585 934432315 291503453 1 62971699 1 1 1 888146113 141981294 169560421 27824680 405756550 1 1 63355138 759437752 842921497 1 834210876 1000000000 1 62971699 1 1 1 1 1 1 1 1 1 1 1 1 1 1 1 1 141981294 20491972 141981294 25456585 56895056 20491972 1 20491972 75724621 141981294 27824680 1 934432315 27824680 934432315 405756550 63355138 456673015 759437752 1 291503453 759437752 1 1 1 888146113 1 217359630 1 888146113 1 1 1 842921497 1 1 169560421 934432315 1 1 63355138 1 25456585 1 169560421 1 75724621 596308881 1 456673015 27824680 1 1
834210876 934432315 1 456673015 1 56895056 1 25456585 1 1 1 1 834210876 405756550 1 596308881 834210876 1 934432315 1 1 1 291503453 1000000000 1 842921497 1 62971699 1 1 27824680 63355138 291503453 842921497 291503453 596308881 20491972 596308881 759437752 62971699 25456585 596308881 62971699 888146113 842921497 62971699 1 1 456673015 1 63355138 1 1 1 1 1 1 934432315 1 75724621 1 1 56895056 1 1 596308881 596308881 63355138 1 1 25456585 20491972 596308881 1 888146113 1 1 1 842921497 63355138 20491972 27824680 1 1 1 1 888146113 934432315 1 405756550 1 1 1 1 75724621 1 1 20491972 1 405756550
1 1 1 63355138 1000000000 20491972 934432315 25456585 456673015 1 934432315 1 1 1 1 1 291503453 1 20491972 1 56895056 1 1 56895056 1 842921497 1 217359630 169560421 1 456673015 1 834210876 1 888146113 1 169560421 1 1 20491972 1 75724621 1 1 834210876 169560421 169560421 1 25456585 1 456673015 842921497 63355138 27824680 405756550 25456585 1 1 1 934432315 1 141981294 291503453 1000000000 1 1 1 405756550 75724621 1 1 1 596308881 1 63355138 169560421 217359630 1 1 27824680 1 934432315 405756550 456673015 456673015 1 1 1 1 20491972 1 25456585 141981294 1 596308881 1 25456585 405756550 1 1
1 291503453 1 1 405756550 1 1 20491972 1 1 834210876 217359630 934432315 934432315 596308881 1 456673015 1 62971699 291503453 20491972 842921497 1 1000000000 1 842921497 1 405756550 1 1 1 1 1 1 217359630 1 25456585 456673015 1 834210876 1 842921497 842921497 1 759437752 1 596308881 1 25456585 1 888146113 25456585 1 20491972 1 217359630 888146113 759437752 1 1 1 1 56895056 169560421 1 456673015 888146113 25456585 842921497 1 842921497 169560421 141981294 1 405756550 1 596308881 1 25456585 759437752 1 291503453 141981294 1 27824680 20491972 27824680 1000000000 1 1 1 1 291503453 1 888146113 1 56895056 834210876 1 1000000000
75724621 141981294 20491972 596308881 405756550 405756550 1 1 1 20491972 405756550 1 1 1 1 1 1 1 1 63355138 1 63355138 1 456673015 1 1000000000 1 20491972 1 63355138 405756550 456673015 456673015 1 934432315 1 1 1 1 56895056 1 1 1 1 1 1 1 1 1 1 1 1 1 1 1 1 1 888146113 1 888146113 27824680 1 1 1 1 405756550 1 596308881 1 1 1 405756550 217359630 1 834210876 1 456673015 1 56895056 1 1 456673015 1 1 405756550 1 1 25456585 25456585 1 291503453 56895056 842921497 62971699 291503453 1 834210876 1 1 1
1 1 1000000000 1 25456585 141981294 62971699 63355138 62971699 1000000000 842921497 56895056 1 934432315 888146113 27824680 1 27824680 1 1 1 1 1 1 1 1 1 217359630 759437752 934432315 291503453 1 1000000000 1 75724621 456673015 842921497 27824680 1 456673015 25456585 63355138 141981294 1 56895056 62971699 75724621 63355138 1 759437752 20491972 291503453 1 1000000000 1 75724621 1 1 1 75724621 75724621 1 405756550 63355138 1 1 1 141981294 456673015 75724621 1 1 405756550 1 934432315 1 1 1 1 1 1000000000 63355138 1 405756550 842921497 1 217359630 169560421 56895056 1 1 1 1 63355138 1 1 141981294 1 62971699 1
25456585 1 1 1 1 842921497 1 1 1 842921497 1 456673015 596308881 169560421 1 25456585 62971699 62971699 217359630 141981294 63355138 56895056 217359630 405756550 25456585 834210876 1 20491972 1 62971699 1 1 1 1 217359630 1 1000000000 1 1 1 1 1 63355138 834210876 842921497 1 888146113 20491972 888146113 934432315 1 27824680 27824680 217359630 63355138 834210876 62971699 888146113 1 834210876 1 1 20491972 759437752 27824680 217359630 1 596308881 1 169560421 75724621 1 842921497 1 20491972 596308881 1 217359630 596308881 1 169560421 1 1 1 759437752 1 1 405756550 1 1 75724621 759437752 842921497 934432315 20491972 1 1 1 456673015 56895056
842921497 291503453 20491972 596308881 1 20491972 75724621 25456585 1 1 1 1 1 1 1 1 1 1 1 1 25456585 1 291503453 1 1 27824680 1 1 1 1 1 141981294 62971699 1 1 1 141981294 934432315 27824680 25456585 1 20491972 56895056 291503453 1 1 1 1 1 1 1 1 1 1 1 1 1 842921497 842921497 291503453 291503453 1 888146113 1 1 25456585 1 842921497 1 1 1 1 27824680 1 56895056 1 1 1 25456585 405756550 934432315 1 596308881 405756550 759437752 1 842921497 759437752 1 596308881 63355138 1 842921497 1 217359630 1 842921497 842921497 27824680 1
1 405756550 1 20491972 1 1 1 1000000000 1 62971699 1 834210876 596308881 169560421 1 141981294 20491972 1 759437752 1 1 1 456673015 842921497 1 25456585 27824680 25456585 1 842921497 217359630 842921497 1 1 217359630 1 1 1 1 1 1 291503453 1 20491972 934432315 63355138 20491972 1 25456585 1 169560421 596308881 63355138 1 291503453 934432315 1 1 1 1 20491972 25456585 456673015 141981294 1 1 1 1 1 934432315 834210876 1 1 1 63355138 1 141981294 888146113 62971699 1 56895056 1 596308881 1 888146113 1 75724621 1 1 1 1 1 405756550 1 1000000000 1 1 1 75724621 1
1 1 1 20491972 1 1000000000 75724621 25456585 842921497 27824680 1 1000000000 1 1 1 842921497 1 1 1000000000 27824680 842921497 1 1 1 1 1 1 1 1 1 20491972 27824680 217359630 834210876 27824680 56895056 759437752 20491972 63355138 405756550 1 1 1 1 1 1 1 1 169560421 1 291503453 1 1 1 1 456673015 456673015 934432315 834210876 1 759437752 141981294 1 56895056 27824680 1000000000 1 888146113 1 62971699 1 1 27824680 1 1 1 1 1 1 1 20491972 1 596308881 1 596308881 1 1000000000 1 20491972 75724621 456673015 75724621 759437752 1 27824680 1 20491972 25456585 63355138 1
63355138 888146113 1 141981294 1 1 1 1 1 405756550 63355138 405756550 217359630 1 934432315 834210876 1000000000 291503453 62971699 1 842921497 169560421 75724621 27824680 1 20491972 405756550 291503453 1 169560421 759437752 1 1 1 1 1 1 1 1 291503453 842921497 834210876 25456585 1 596308881 456673015 1 63355138 27824680 217359630 842921497 291503453 1 759437752 596308881 141981294 759437752 1 1 1 1 1 1 1 1 1 1 169560421 456673015 141981294 934432315 169560421 27824680 456673015 75724621 1 62971699 405756550 596308881 934432315 25456585 1 169560421 1 62971699 1 291503453 1 1 20491972 1 934432315 1 1 1 1 1 1 1 1
1 1 1 1 1 217359630 27824680 596308881 25456585 834210876 1 1 888146113 1000000000 888146113 1 63355138 1 405756550 1 1000000000 888146113 1 834210876 888146113 217359630 1 1 1 842921497 934432315 27824680 1 217359630 1 291503453 934432315 1000000000 1 405756550 1 759437752 63355138 56895056 63355138 1 1 27824680 1 1 217359630 1 1 596308881 1 1 759437752 291503453 75724621 842921497 75724621 1 291503453 1000000000 1 141981294 1 56895056 1 1 141981294 1 1 1 1 1 1000000000 1 1 25456585 1 1 27824680 1 596308881 1 1 1 27824680 934432315 1 20491972 1 934432315 20491972 141981294 888146113 25456585 56895056 1
1 291503453 1 62971699 1 1 456673015 596308881 1 56895056 1 63355138 27824680 1 1 1 456673015 1 1 1 1 1 1 1 1 141981294 842921497 56895056 169560421 1000000000 1 759437752 1 27824680 405756550 834210876 1 834210876 1 1 1 1 62971699 1 169560421 56895056 169560421 25456585 759437752 1 141981294 842921497 27824680 27824680 63355138 1 1 25456585 1 1 1 1 62971699 596308881 1 141981294 1 759437752 56895056 1 1 1 25456585 888146113 759437752 1 1 1 27824680 141981294 291503453 1 834210876 1 62971699 1 596308881 75724621 25456585 1 1 1 1 1 75724621 1 456673015 1 842921497 834210876
20491972 217359630 169560421 25456585 1000000000 1 1 405756550 1 1 1 1 1000000000 75724621 63355138 1 75724621 1 27824680 20491972 934432315 291503453 596308881 1 759437752 456673015 1 1 1000000000 25456585 1 1 1 759437752 1 1 1 169560421 596308881 1000000000 1 456673015 1000000000 1 1 1 596308881 1 141981294 1 169560421 1 888146113 1 27824680 405756550 1 141981294 291503453 888146113 25456585 834210876 842921497 1 1 25456585 75724621 291503453 217359630 1000000000 25456585 1 1 25456585 1 1 291503453 217359630 27824680 1 62971699 1 141981294 1 62971699 1 1 1 217359630 934432315 1 291503453 759437752 842921497 759437752 1 1 1 934432315 1
405756550 1 934432315 1 1 1 20491972 27824680 56895056 759437752 456673015 1 63355138 1 456673015 1 25456585 169560421 456673015 291503453 1 1 1 1 1 75724621 20491972 1 1 291503453 169560421 1 27824680 75724621 1 759437752 1 1 1 1 1 1 1 1 456673015 1 1 1 1 1 1 1 1 1 1 1 1 1 75724621 1 63355138 1 217359630 141981294 62971699 888146113 1 842921497 1 834210876 56895056 27824680 842921497 888146113 27824680 1 1 1 759437752 1 27824680 1 1 1 888146113 1 217359630 934432315 20491972 141981294 1 934432315 1 1 63355138 1 169560421 405756550 63355138 1
1 1 25456585 759437752 888146113 1 834210876 1 456673015 1 1 1 27824680 1 75724621 1 759437752 1 291503453 1 1 20491972 1 1000000000 1 1 1 1 596308881 63355138 291503453 456673015 63355138 56895056 75724621 27824680 1000000000 1 934432315 405756550 1 20491972 1 217359630 169560421 842921497 1 27824680 834210876 1 217359630 1 27824680 1 25456585 1 141981294 1 1 1 1 1 1 63355138 1 1 1 1 1 1 217359630 1 291503453 1 456673015 934432315 759437752 1 1 1 56895056 1 456673015 75724621 1000000000 1 405756550 1 1 20491972 1 1 1 63355138 62971699 1 169560421 1 888146113 1
25456585 1 1 1 1 1 27824680 1 75724621 141981294 25456585 1 25456585 1 842921497 1 1 1 1000000000 27824680 456673015 405756550 25456585 842921497 842921497 888146113 141981294 1 20491972 842921497 1 1 27824680 1 1 1 1 1 217359630 1 1 291503453 63355138 1000000000 141981294 596308881 456673015 291503453 1 1 456673015 1 834210876 63355138 63355138 1 27824680 62971699 1 759437752 20491972 1 169560421 759437752 75724621 934432315 456673015 56895056 217359630 1 1 1 1 1 1000000000 1 291503453 56895056 1 834210876 141981294 1 456673015 1 1 1 1 1 596308881 75724621 1 596308881 217359630 20491972 1 1 1 1 56895056 1
596308881 27824680 141981294 1 291503453 1 1 1 1 1 1 1 1 1 56895056 596308881 20491972 1 934432315 1 1000000000 1 934432315 1 1 1 1 1 1 291503453 1000000000 1 62971699 934432315 20491972 834210876 217359630 759437752 141981294 456673015 1 1 1 456673015 75724621 1 888146113 1 1 141981294 62971699 25456585 888146113 1 25456585 1 20491972 20491972 934432315 217359630 405756550 1 1 834210876 1000000000 1 27824680 1 1 1 25456585 217359630 888146113 1 27824680 1 1 1000000000 1 1 141981294 1 291503453 842921497 759437752 1 759437752 759437752 62971699 1 1 1 1 20491972 1 63355138 62971699 888146113 759437752 1
1 1 1 1 596308881 405756550 1 25456585 27824680 934432315 27824680 217359630 217359630 1 888146113 1 1 1 217359630 1 169560421 1 1 1 63355138 75724621 1000000000 1 56895056 63355138 1 1 456673015 1 1 888146113 1 1 1 20491972 1000000000 1 25456585 169560421 1 1 1 1 834210876 596308881 1 1 1 1 1 1 456673015 1 1 1 1 1 25456585 217359630 1 1 141981294 834210876 63355138 888146113 834210876 1 291503453 1 63355138 20491972 1 169560421 1000000000 1 596308881 1 291503453 1 169560421 1 456673015 1 456673015 1 169560421 291503453 1 291503453 1 405756550 1 934432315 1000000000 1
842921497 759437752 834210876 1 834210876 1 1 834210876 1 1 1 1 1 1 27824680 456673015 596308881 1 63355138 1 20491972 759437752 834210876 63355138 842921497 141981294 1 1 1 169560421 20491972 1 759437752 834210876 1 291503453 1 56895056 1 1 1 1 63355138 1 1 141981294 25456585 1 596308881 141981294 405756550 596308881 596308881 1000000000 1 25456585 75724621 169560421 27824680 1 169560421 1 1 1 1 217359630 456673015 1 62971699 1 1 1 1 1 1 1 1 1 888146113 1 1 1 842921497 1 1000000000 1 1 1 141981294 1 25456585 834210876 596308881 291503453 1 1 1 27824680 1 1
62971699 1 842921497 1 63355138 75724621 1 27824680 888146113 759437752 62971699 20491972 1 456673015 834210876 1 1000000000 1 834210876 1 141981294 169560421 1 1 1 1 1 217359630 1 1 1 1 1 456673015 1 834210876 1 20491972 217359630 842921497 75724621 75724621 169560421 62971699 934432315 56895056 27824680 934432315 1000000000 1 1 934432315 1 934432315 1 217359630 1 934432315 291503453 759437752 63355138 141981294 1 842921497 1 1 56895056 1 291503453 596308881 759437752 169560421 1000000000 759437752 456673015 217359630 217359630 1 141981294 217359630 888146113 1 1000000000 1 759437752 291503453 842921497 1 1 1 1 759437752 1 1 1 596308881 75724621 75724621 1 842921497
1 1 1 1 56895056 169560421 1000000000 596308881 834210876 1 759437752 62971699 1 1 1 1 1 1 1 1 1 217359630 1000000000 25456585 888146113 27824680 141981294 56895056 1 291503453 405756550 1 20491972 141981294 1 56895056 141981294 169560421 169560421 1 1 27824680 1 1 1 1 1 1 456673015 1000000000 1 1000000000 1 62971699 596308881 888146113 1 456673015 1 1 1 1 1 75724621 27824680 1 1 1 1 1 1 1 1 1 25456585 1 1 1 1 1 1 1 1 1 1 456673015 27824680 1 62971699 759437752 834210876 405756550 934432315 1 888146113 456673015 1 1 1 1
291503453 1 63355138 1 62971699 1 1 1 1 1 842921497 1 1 56895056 834210876 596308881 1 217359630 1 456673015 1 291503453 1 596308881 405756550 1 75724621 759437752 62971699 456673015 1 1 842921497 75724621 1 1 62971699 1 20491972 934432315 1 169560421 217359630 25456585 405756550 62971699 834210876 1 1 1 1 1 1 405756550 1 1 1 1 1 25456585 1 759437752 1 1 456673015 888146113 62971699 1 27824680 842921497 75724621 25456585 62971699 1 27824680 169560421 405756550 1 141981294 842921497 1 56895056 1 75724621 1 1 1 1 1 1 1 834210876 1 1 1 1 1 456673015 456673015 405756550
1 1 62971699 63355138 75724621 1 596308881 1 20491972 1 1 1 842921497 56895056 1 56895056 759437752 834210876 141981294 888146113 1 1 1 888146113 1 1 25456585 1 1 596308881 20491972 1 1 62971699 56895056 1 834210876 1 1 1 1 1 1 934432315 20491972 1 759437752 75724621 20491972 596308881 1 596308881 1 141981294 291503453 62971699 456673015 56895056 20491972 217359630 169560421 456673015 141981294 456673015 888146113 1 63355138 62971699 1000000000 1 1 1 1 1 456673015 1 63355138 75724621 56895056 934432315 405756550 75724621 405756550 1000000000 1 759437752 56895056 934432315 1 842921497 141981294 934432315 1 75724621 27824680 888146113 169560421 141981294 1 20491972
842921497 1 596308881 1 1 1 405756550 1 56895056 1 759437752 1 596308881 1 1 1 56895056 217359630 1 1 1 842921497 1 1 1 63355138 834210876 1 62971699 217359630 759437752 456673015 1 1 1 1 63355138 888146113 291503453 217359630 1 62971699 1 1 1 1 141981294 1 405756550 842921497 291503453 169560421 1 596308881 759437752 1 291503453 27824680 1 1 1 1 1 1 1 1 1 1 1 1 934432315 1 217359630 1 1 1 1 1 1 75724621 1 1 1 1000000000 1 1 1 405756550 834210876 75724621 1 1 1 1 1 1 1 1 1 1
456673015 842921497 141981294 25456585 27824680 759437752 842921497 888146113 20491972 217359630 834210876 759437752 62971699 1 63355138 1 1 1 1 217359630 1 596308881 1 1000000000 1 759437752 1 1 27824680 1 1 759437752 169560421 834210876 1 291503453 25456585 62971699 1 25456585 63355138 27824680 141981294 217359630 834210876 1 1 1 20491972 1 1000000000 1 1 141981294 1 1 25456585 1 1 834210876 888146113 1000000000 27824680 63355138 75724621 291503453 1 141981294 75724621 759437752 20491972 62971699 169560421 20491972 596308881 62971699 1 141981294 75724621 63355138 63355138 63355138 1 1 1 56895056 759437752 934432315 1 1 1 141981294 1 169560421 62971699 1 934432315 1 56895056 1
1 1 20491972 1 1 1 1 25456585 1 1 1 291503453 1 1 934432315 1 169560421 456673015 759437752 888146113 1 20491972 842921497 169560421 1 596308881 62971699 1 1 1 75724621 141981294 1 141981294 1 1 1 1 1 934432315 1 1 1 1 56895056 1000000000 20491972 1 456673015 1 20491972 759437752 1 888146113 1 75724621 27824680 934432315 842921497 1000000000 1 1 1 1 1 1 1 141981294 934432315 1 63355138 1 169560421 1 1 1 1 291503453 1 934432315 1 759437752 62971699 1 56895056 1000000000 1 63355138 888146113 1 842921497 141981294 25456585 56895056 25456585 834210876 169560421 75724621 27824680 934432315
834210876 1 56895056 1 759437752 63355138 1 20491972 842921497 20491972 1 1 1 834210876 20491972 1 759437752 1 1 1 1 1 405756550 759437752 1 62971699 291503453 834210876 1 62971699 75724621 1 1 1 1 405756550 834210876 1000000000 1 56895056 20491972 759437752 169560421 1 217359630 1 63355138 1 56895056 1 291503453 1 1 596308881 1 25456585 1 62971699 1 1 1 834210876 217359630 63355138 842921497 27824680 1 56895056 1 1 1 1 75724621 1 169560421 141981294 1 1 1 1 1 1 1 1 1 1 1 141981294 1 1 1 1 1 169560421 1 1 1 1 141981294 1
1 1 63355138 27824680 62971699 1 1 56895056 1 1 1 834210876 1 1 842921497 217359630 1000000000 1000000000 888146113 169560421 1 169560421 75724621 1 1 1 27824680 1 1 1 25456585 27824680 934432315 934432315 1 27824680 1 63355138 1 56895056 1 1 1 1 1 1 1 1 1 1 25456585 934432315 1 20491972 1 759437752 1 27824680 456673015 20491972 56895056 63355138 1 759437752 1 934432315 842921497 20491972 834210876 75724621 834210876 1 1 1 759437752 1 1 834210876 1000000000 1 63355138 1 596308881 1 456673015 27824680 1 1 1 25456585 934432315 169560421 141981294 456673015 1 56895056 27824680 291503453 834210876 1
169560421 1 1 25456585 169560421 1000000000 1 63355138 75724621 759437752 217359630 456673015 75724621 27824680 834210876 1 62971699 596308881 1 25456585 759437752 169560421 1 1 456673015 1 1 1 63355138 1 1 1 1 1 1 934432315 1 27824680 1 1 1 63355138 291503453 75724621 1000000000 75724621 888146113 842921497 1000000000 1 888146113 1 1 1 1 1 1 1 759437752 1 141981294 1 1 1 1 1 834210876 62971699 1 1 1 1 842921497 596308881 456673015 169560421 1 217359630 1 1 842921497 1 141981294 1 1 934432315 1 456673015 27824680 888146113 1 25456585 1 1000000000 1 62971699 1 596308881 169560421 1
1 1 25456585 63355138 1 63355138 1 834210876 1 888146113 1 1 1 1 1 1 1 1 1 1 1000000000 1 1 456673015 141981294 1 842921497 1 25456585 1 63355138 934432315 169560421 1 62971699 62971699 1 217359630 405756550 405756550 1000000000 169560421 1 217359630 1 759437752 1 1 1 1 1 1 456673015 1 141981294 1 934432315 1 1 1 1 1 291503453 25456585 1 75724621 888146113 1 1 20491972 596308881 1 1 1 1 20491972 759437752 141981294 169560421 1 456673015 456673015 75724621 1 834210876 596308881 1 1 1 1 1 1 1 1 1 1 1 1 1 1
456673015 1 1 1 1 1 1 405756550 1 1 1 596308881 596308881 169560421 291503453 169560421 596308881 934432315 1 56895056 834210876 1000000000 596308881 934432315 834210876 217359630 141981294 1 25456585 291503453 20491972 1 1000000000 1 759437752 1 1 1 1 1 1 1 1 27824680 1 217359630 27824680 141981294 1 842921497 27824680 1 842921497 1 456673015 1 842921497 1 596308881 934432315 759437752 75724621 62971699 1 1 1 1 1 934432315 63355138 217359630 75724621 1 169560421 20491972 842921497 1 1 1 1 405756550 1 1 1 1 141981294 56895056 25456585 1 169560421 405756550 63355138 759437752 834210876 405756550 934432315 63355138 62971699 759437752 56895056
25456585 842921497 27824680 456673015 62971699 759437752 1 759437752 217359630 1 27824680 25456585 1 1 20491972 169560421 1 834210876 1 56895056 1 456673015 20491972 1 1 1 1 1 1 834210876 1 1 405756550 291503453 25456585 842921497 888146113 596308881 291503453 75724621 169560421 456673015 1 1 1 1 1 1 1 759437752 842921497 1000000000 1000000000 1 291503453 1 20491972 1000000000 56895056 1 759437752 1 934432315 75724621 75724621 1 759437752 1 596308881 62971699 1 596308881 169560421 217359630 1 934432315 217359630 405756550 1 63355138 888146113 169560421 842921497 1 888146113 75724621 141981294 1 1 1 1 1 759437752 1 934432315 1 1 1 1 1
1 75724621 759437752 1 1 1 1 888146113 834210876 1 1 62971699 75724621 1 1 1 1 1 1 1 1 1 1 1 75724621 1 27824680 759437752 217359630 934432315 759437752 1 63355138 1 63355138 1 1 1 291503453 1 291503453 63355138 842921497 1 842921497 1 56895056 63355138 1 1 456673015 1 1 1 62971699 20491972 169560421 1 1 1 1 1 1 1 1 1 141981294 934432315 169560421 1 1 1 1 1 1 1 1 1 1 1 1 456673015 1 1 1 1 834210876 1 27824680 25456585 759437752 1 1 1 1 1 169560421 20491972 934432315 169560421
1 1 1 1 25456585 842921497 1 1 1 1 141981294 27824680 1000000000 75724621 169560421 56895056 25456585 1 141981294 1 888146113 25456585 759437752 405756550 759437752 141981294 1000000000 1 1 1 1 1 1 1 63355138 27824680 27824680 1 596308881 1 1 1 1 1 934432315 75724621 456673015 20491972 1 1000000000 834210876 291503453 25456585 27824680 759437752 1 25456585 63355138 25456585 596308881 834210876 1 27824680 62971699 1 141981294 75724621 1 1 1 1000000000 1 62971699 1 888146113 759437752 1 217359630 75724621 1 217359630 759437752 405756550 1 842921497 63355138 888146113 1 1 291503453 27824680 63355138 1 62971699 25456585 63355138 56895056 1000000000 1 759437752
56895056 456673015 759437752 1 1 456673015 596308881 1 25456585 1 217359630 1 75724621 1 1 1 1 1 405756550 1000000000 456673015 1 63355138 1 291503453 1 169560421 75724621 291503453 25456585 20491972 63355138 1 75724621 62971699 1 1 1 141981294 20491972 25456585 169560421 27824680 141981294 20491972 834210876 1 888146113 1 596308881 888146113 1 1 1 1 1 1 834210876 1 1 1 1 1 27824680 75724621 834210876 596308881 62971699 1 456673015 842921497 934432315 25456585 1000000000 75724621 25456585 75724621 141981294 1 1 456673015 1 1 1 1 1 63355138 934432315 1 1 1 27824680 1 1 1 1 1 25456585 1 1
1 1 1 1 75724621 888146113 1 1 888146113 1000000000 75724621 1 1 1 596308881 596308881 456673015 291503453 62971699 1 759437752 1 1 1 1 1 1 1 1 1 1 1 1 759437752 56895056 62971699 405756550 1 842921497 1 1 1 291503453 1 1 1 1 1 1 62971699 1 1 63355138 27824680 1 56895056 1 1 1 934432315 217359630 1 75724621 1000000000 596308881 1 56895056 62971699 759437752 405756550 63355138 1 1 834210876 1 27824680 1 1 1 141981294 25456585 20491972 291503453 1 27824680 1 1 934432315 1 75724621 1 456673015 63355138 1 456673015 934432315 1 1 1 291503453
405756550 1 20491972 1 1 842921497 405756550 1 596308881 1 1 1 596308881 759437752 759437752 1 1 1 1 1 1 1 934432315 169560421 842921497 291503453 934432315 456673015 291503453 25456585 56895056 25456585 1 1 1 1 1 1 1 1 759437752 1 1 1 842921497 1 75724621 141981294 1 62971699 25456585 1 1 405756550 20491972 63355138 27824680 1000000000 1 62971699 456673015 596308881 888146113 75724621 1 1 1 1 1 1 20491972 759437752 1 1 1 1 1 56895056 1 842921497 1 1 1 1 25456585 25456585 1 834210876 1 456673015 1 63355138 1 1 56895056 596308881 1 888146113 1 1
1 1 217359630 1 759437752 759437752 1 1 888146113 596308881 217359630 888146113 759437752 1 1 1 405756550 1 291503453 62971699 25456585 217359630 25456585 934432315 1 62971699 456673015 1 1 1 141981294 405756550 1 842921497 1 62971699 27824680 1 888146113 1 56895056 1 25456585 934432315 20491972 1 1 405756550 1 1 834210876 169560421 1 1 141981294 1 1 1 1 1 1 141981294 1 1 1 1000000000 1 291503453 217359630 1 1 1 1 834210876 1 75724621 1 169560421 888146113 217359630 62971699 63355138 934432315 1 1 888146113 1 934432315 1 20491972 1 456673015 141981294 1 1 834210876 62971699 596308881 888146113 1
1 405756550 75724621 1 934432315 1 1 20491972 291503453 1 1 1 1 1 169560421 1 169560421 888146113 405756550 1 1 141981294 1 1 1 1 62971699 842921497 62971699 1 291503453 1 1 169560421 1 27824680 1 1 759437752 20491972 291503453 842921497 75724621 1 1 1 56895056 842921497 1 834210876 62971699 759437752 1 217359630 62971699 834210876 20491972 20491972 1 62971699 759437752 596308881 291503453 1 27824680 842921497 63355138 62971699 56895056 1000000000 62971699 63355138 141981294 27824680 1 834210876 1 934432315 1 1 63355138 1 20491972 1 842921497 62971699 834210876 842921497 1 934432315 1 405756550 1 1 25456585 75724621 1 934432315 291503453 1
1 1 405756550 1 169560421 934432315 20491972 934432315 217359630 56895056 62971699 759437752 1 62971699 759437752 1000000000 25456585 1 842921497 934432315 1 25456585 217359630 1 842921497 1 1 169560421 1 1 1 1 291503453 934432315 1 291503453 169560421 25456585 20491972 1 1 1 1 1 217359630 1 1 27824680 456673015 834210876 1 842921497 842921497 217359630 1 456673015 1 1 1 1 1 1000000000 1 1 217359630 1 1 1 1 1 1 1 1 1 1 456673015 888146113 456673015 759437752 1 141981294 1 1 1 1 1 141981294 1 1 456673015 141981294 217359630 405756550 1 1 1 1 1 217359630 169560421
1 842921497 596308881 291503453 834210876 1 1 1 1 1 934432315 888146113 842921497 842921497 1 56895056 1 1 1 1 1 1 1 1 25456585 62971699 1 169560421 62971699 1 169560421 1 1 596308881 596308881 62971699 1 1 1 1 934432315 456673015 62971699 1 20491972 1 217359630 888146113 20491972 1 1 1 1 1 1 405756550 217359630 1 405756550 1 405756550 1000000000 169560421 20491972 456673015 596308881 842921497 842921497 27824680 934432315 1 456673015 291503453 141981294 934432315 27824680 834210876 1 1 1 1 1 20491972 1 834210876 1 456673015 62971699 1 834210876 25456585 1 759437752 1 63355138 1 759437752 1 56895056 1
1 1 1 1 596308881 1 842921497 1 934432315 1 1 1 1 1 1 1 1 1000000000 1 842921497 834210876 1 25456585 1 291503453 1 1 1 1 1 596308881 1 934432315 759437752 1 1 1 1000000000 596308881 1 934432315 1 1 1 1000000000 1 20491972 1 1 1 888146113 217359630 1 934432315 1 1 1 1 759437752 1 405756550 1 1 1 1 1 1 1 1 1 1 62971699 1 1 1 1 1 1 25456585 1 217359630 1 405756550 1 217359630 1 1 291503453 1 834210876 1 1 1 1 1000000000 1 1000000000 1 1 1
