25 29
1001 797 981 1001 204 716 987 657 716 767 157 252 651 414 975 96 548 797 651 599 96 448 827 536 769 914 747 747 626
1001 1 523 1001 827 954 580 252 597 53 914 716 778 975 117 448 616 108 794 218 797 490 914 101 790 981 157 965 448
1001 626 1001 1001 794 535 74 641 188 709 218 76 954 643 74 562 965 712 747 74 767 414 548 630 615 716 493 599 864
1001 581 267 1001 599 357 784 645 664 530 794 886 580 615 514 651 767 648 616 657 878 864 252 277 389 580 716 398 987
1001 1001 599 1001 705 630 493 709 218 277 101 267 597 657 232 263 954 523 328 797 651 896 553 778 548 586 586 501 769
1001 10 490 1001 448 586 705 501 553 616 778 10 552 767 460 232 71 478 764 657 712 162 53 74 267 965 767 414 648
1001 657 414 1001 645 74 552 922 523 643 922 562 809 267 460 1 599 643 826 935 548 535 643 530 712 76 712 357 568
1001 263 1001 1001 826 809 478 664 1 630 263 827 493 747 784 277 826 536 878 648 712 987 295 987 772 111 535 778 778
1001 731 76 1001 645 827 747 263 101 826 389 568 548 514 648 159 651 357 769 651 716 448 790 864 925 10 157 581 886
1001 1001 530 1001 493 709 784 117 76 886 664 641 157 232 267 737 96 581 886 96 705 218 648 772 784 74 878 935 778
1001 553 651 1001 1000 277 922 117 597 994 778 643 731 71 501 277 218 1 705 460 1 108 643 562 651 204 213 252 267
1001 643 53 1001 213 117 778 96 705 76 213 794 809 74 664 157 530 162 1 965 772 954 599 648 769 657 76 664 10
1001 76 1001 1001 108 922 615 826 108 162 769 901 460 827 827 1 901 53 648 535 643 490 357 645 580 922 535 643 414
1001 859 53 1001 553 232 232 664 535 809 716 101 954 731 630 747 96 615 41 267 490 10 157 117 414 645 535 716 1000
1001 1001 657 1001 523 716 252 648 71 204 162 586 580 790 530 553 460 204 414 580 514 790 398 568 794 861 914 478 901
1001 1 712 1001 616 747 886 975 626 553 797 111 922 987 641 295 886 664 245 965 859 108 581 41 925 71 615 737 987
1001 535 1001 1001 859 922 1001 76 1001 641 1001 731 1001 490 1001 76 552 101 737 901 626 232 859 71 597 295 935 648 615
1001 552 548 1001 1001 1001 1001 267 1001 864 1001 901 1001 1001 1001 232 657 562 568 1000 536 586 809 552 501 101 784 245 914
1001 1001 490 1001 1001 965 1001 925 1001 1 1001 267 1001 597 581 501 784 523 981 53 357 10 896 398 826 861 389 478 737
1001 641 864 651 1001 859 1001 864 1001 108 1001 709 1001 731 1001 914 651 790 914 616 460 597 809 981 1000 616 864 864 643
1001 1001 1001 994 1001 597 1001 901 1001 764 1001 1000 1001 204 1001 1000 581 935 641 651 328 157 586 263 901 878 71 514 501
630 1001 1001 1001 1001 1001 1001 1001 1001 1001 1001 1001 1001 1001 1001 1001 1001 1001 1001 1001 1001 1001 1001 1001 1001 1001 1001 1001 1001
159 747 1001 53 71 981 1001 896 826 398 1001 981 357 76 1001 398 859 975 1001 664 232 975 1001 263 705 914 1001 987 1001
1001 514 861 861 1001 859 864 878 1001 705 994 460 1001 597 790 794 1001 389 767 232 1001 53 188 53 1001 859 764 490 1001
1001 1001 1001 1001 1001 1001 1001 1001 1001 1001 1001 1001 1001 1001 1001 1001 1001 1001 1001 1001 1001 1001 1001 1001 1001 1001 1001 1001 1001
