25 29
308 73 919 841 249 461 153 288 744 695 64 259 431 26 255 259 288 980 846 744 202 835 310 762 536 1 2 835 1
940 310 468 340 476 249 919 259 476 258 940 769 536 536 201 784 259 413 79 291 46 413 461 312 256 1 201 980 1
1000 674 103 841 784 885 762 762 746 308 764 762 919 79 259 288 824 729 958 839 729 841 762 695 256 1 1 699 1
842 459 201 861 729 123 555 249 458 1000 980 846 200 980 695 291 26 312 458 2 658 119 555 119 638 1 596 461 1
258 489 980 260 73 841 489 201 591 256 79 842 487 255 864 958 340 333 26 249 340 980 997 7 639 1 123 1 1
459 887 461 459 679 784 401 312 288 119 201 256 861 980 593 371 26 446 679 1000 591 729 830 431 458 1 73 259 1
119 373 1000 291 746 92 824 960 288 691 596 762 249 729 1000 451 658 762 46 375 940 729 155 264 446 1 255 258 1
375 201 839 695 919 997 258 833 200 451 46 919 340 255 803 635 288 431 747 272 841 259 729 272 272 1 1 919 1
596 101 747 260 842 891 652 841 291 264 746 635 310 201 264 937 846 846 489 635 960 638 635 980 691 1 371 256 1
312 674 310 762 291 153 7 123 839 658 747 958 26 830 401 830 433 891 291 401 919 487 1000 940 980 1 446 1 1
101 310 652 835 699 747 695 824 874 431 864 639 433 73 747 431 468 536 46 1000 291 861 461 555 874 1 536 652 1
695 919 784 153 373 201 864 841 764 431 310 1000 835 371 2 652 256 842 940 746 202 26 805 980 919 1 805 762 1
200 593 7 64 652 260 591 887 960 591 769 639 459 1000 746 674 693 155 1000 200 919 919 249 638 803 1 1 693 1
239 333 123 451 803 591 744 803 2 693 861 635 784 375 310 841 638 679 487 729 79 960 841 201 1000 1 153 92 1
833 997 260 604 92 764 487 591 591 413 891 885 536 769 919 830 729 839 375 635 2 846 413 461 940 1 919 1 1
635 264 260 431 555 604 604 729 638 101 123 874 695 980 747 79 638 887 153 839 555 695 604 431 373 1 652 747 1
103 635 202 258 202 842 312 468 940 638 744 458 155 202 1 433 1 451 1 864 1 769 1 824 26 1 1 202 1
200 699 373 864 833 891 249 413 764 805 555 919 1000 312 1 1 1 693 1 958 1 803 1 1 1 1 340 312 1
555 679 803 371 459 201 887 695 887 861 308 264 729 746 679 176 1 459 1 200 1 288 1 980 1 1 960 1 1
744 744 695 202 658 891 288 769 64 375 693 699 652 123 1 155 1 919 1 312 1 887 1 272 1 489 842 73 1
960 695 1000 103 256 887 371 864 891 103 846 264 7 153 1 919 1 762 1 489 1 200 1 64 1 451 1 1 1
1 1 1 1 1 1 1 1 1 1 1 1 1 1 1 1 1 1 1 1 1 1 1 1 1 1 1 1 885
1 2 1 699 658 103 1 536 291 340 1 835 371 555 1 79 2 887 1 842 784 310 1 679 703 604 1 861 997
1 919 803 431 1 73 639 308 1 413 476 476 1 119 291 555 1 73 691 176 1 693 674 123 1 940 833 64 1
1 1 1 1 1 1 1 1 1 1 1 1 1 1 1 1 1 1 1 1 1 1 1 1 1 1 1 1 1
