25 29
534 778 45 189 855 162 997 356 375 773 997 882 330 669 162 602 375 771 363 492 416 764 438 126 438 500 748 611 500
438 213 869 416 882 648 490 273 213 363 468 434 290 226 221 778 375 254 874 845 115 45 773 299 965 500 845 879 500
879 226 492 778 631 904 126 468 608 775 775 534 254 661 490 329 997 382 39 611 823 507 778 123 369 500 500 121 500
137 274 116 43 559 137 192 794 356 661 43 15 559 83 382 672 559 290 847 583 1 847 187 620 299 500 274 524 500
867 778 115 187 438 869 273 277 492 764 329 602 456 620 869 993 116 356 1000 771 1 879 867 10 115 500 226 500 500
771 775 162 356 226 891 630 363 997 965 375 773 189 221 477 1 997 997 845 356 583 382 1000 778 477 500 879 438 500
375 273 414 524 672 189 871 416 672 456 213 771 174 290 630 672 997 189 620 871 882 363 277 884 213 500 39 277 500
631 43 320 15 672 648 290 468 879 213 434 775 403 583 891 775 468 100 121 771 752 602 1000 620 874 500 500 874 500
669 646 621 823 620 752 254 277 83 507 596 296 855 867 611 596 855 646 672 845 997 273 596 194 121 500 1 492 500
661 213 879 29 375 559 855 646 732 648 274 162 748 631 273 10 967 874 492 174 965 672 775 126 879 500 115 500 500
290 299 126 320 321 192 672 321 621 879 559 416 596 375 194 672 363 494 277 416 277 375 794 845 83 500 375 874 500
187 631 993 997 965 100 468 15 299 764 669 296 631 221 874 15 648 891 965 732 879 611 444 778 771 500 192 226 500
221 321 646 192 363 492 403 274 194 794 1 115 468 414 123 15 438 100 984 494 794 277 116 329 10 500 500 672 500
884 15 492 434 174 778 583 775 596 274 121 823 596 438 444 438 39 514 414 771 174 414 965 274 492 500 775 121 500
661 965 967 329 672 329 869 194 321 646 274 137 137 847 162 403 382 494 771 369 1 296 882 884 611 500 871 500 500
174 620 847 226 116 468 1000 10 631 414 630 511 884 1000 221 438 621 121 15 492 468 967 559 162 414 500 904 871 500
514 213 414 10 363 732 100 296 559 363 126 492 137 299 500 356 500 882 500 621 500 414 500 15 511 500 500 823 500
137 773 511 867 648 891 83 162 194 162 524 669 847 29 500 500 500 221 500 320 500 321 500 500 500 500 194 356 500
39 329 290 559 115 274 10 194 884 602 492 321 494 884 121 456 500 273 500 490 500 778 500 752 500 500 669 500 500
15 83 967 732 15 524 369 356 414 661 83 534 83 661 500 356 500 748 500 620 500 621 500 221 500 39 438 468 500
1 661 775 43 382 847 162 611 646 771 329 116 375 29 500 845 500 794 500 775 500 277 500 967 500 274 500 500 500
500 500 500 500 500 500 500 500 500 500 500 500 500 500 500 500 500 500 500 500 500 500 500 500 500 500 500 500 434
500 444 500 965 534 1 500 468 477 116 500 967 137 299 500 997 984 669 500 620 884 997 500 621 669 507 500 773 490
500 965 1 874 500 631 559 1000 500 456 511 984 500 369 621 330 500 507 823 778 500 192 274 277 500 534 904 494 500
500 500 500 500 500 500 500 500 500 500 500 500 500 500 500 500 500 500 500 500 500 500 500 500 500 500 500 500 500
