90 809
1 10 0 59833
1 15 -39 93637
1 19 -23 35071
1 22 29 64910
1 24 -16 58712
1 29 -62 148447
1 31 17 123966
1 32 -64 161099
1 39 0 19617
1 43 -94 172046
1 44 90 22529
1 61 84 79319
1 62 38 10911
1 70 -18 90884
2 3 77 13809
2 5 58 88661
2 8 -71 167997
2 12 67 44251
2 13 -17 38226
2 15 0 71846
2 25 0 119730
2 26 0 41709
2 40 5 101767
2 45 0 126102
2 49 0 113894
2 55 93 120432
2 68 -27 74089
2 76 -73 174206
2 81 0 41778
2 83 0 5201
2 84 -75 120719
2 85 45 99453
2 86 22 127158
3 4 11 65922
3 15 -8 61258
3 20 -57 99212
3 21 0 41414
3 30 -97 169902
3 32 0 135331
3 37 0 109833
3 43 0 56448
3 44 -53 112083
3 46 0 34904
3 72 26 98505
3 80 91 11471
3 86 -39 74402
3 89 -45 114536
3 90 20 52594
4 5 0 63005
4 12 -33 89536
4 14 0 124725
4 17 23 116474
4 18 -99 156898
4 20 0 100810
4 23 26 55178
4 32 0 7776
4 34 -23 71444
4 40 -30 81936
4 48 19 44355
4 52 0 107868
4 53 0 41398
4 55 0 48167
4 57 -74 122993
4 61 -62 145490
4 65 0 54385
4 70 0 93068
4 80 -38 70831
4 81 77 136852
5 10 0 61109
5 19 0 65330
5 22 0 45459
5 25 0 84780
5 32 0 91159
5 33 5 101105
5 37 83 137578
5 45 0 65827
5 46 -83 139586
5 57 27 64298
5 62 32 129698
5 65 85 79434
5 66 36 81955
5 67 0 128994
5 70 -2 54774
5 71 0 72179
5 77 -34 88480
5 78 -16 39670
5 80 0 13922
5 83 67 2615
5 90 -5 24901
6 8 41 71346
6 18 86 34771
6 22 0 30176
6 23 23 62983
6 28 -46 93281
6 39 0 21181
6 40 0 139886
6 41 -95 173311
6 46 0 10352
6 52 0 83291
6 54 -98 143631
6 55 96 89556
6 60 0 132359
6 73 -40 69109
7 8 -28 50665
7 17 -22 73298
7 21 85 26935
7 35 99 70422
7 38 82 94580
7 39 62 99679
7 43 0 142684
7 56 76 100026
7 69 21 26919
7 70 -8 59452
7 72 0 141395
7 74 2 42872
7 88 0 2555
7 89 52 75200
8 19 -88 181435
8 21 0 83062
8 25 0 6974
8 31 0 139618
8 32 16 92483
8 36 -56 144623
8 46 -76 142049
8 55 28 66543
8 60 92 80543
8 73 0 116276
8 79 0 96581
8 81 0 93630
8 82 0 87403
8 88 0 140506
8 90 35 100447
9 10 -82 120498
9 15 -44 66855
9 17 0 5195
9 18 -26 82578
9 25 72 34269
9 40 0 73066
9 48 -77 112865
9 49 0 49098
9 59 0 8543
9 69 -37 94225
9 72 0 39697
9 73 2 33560
9 80 -85 178678
9 82 0 109761
9 84 25 85943
9 87 -73 123331
9 89 0 39538
10 12 0 60676
10 14 0 58468
10 25 -79 160999
10 27 -73 112668
10 28 -14 78082
10 29 -12 75343
10 32 0 5631
10 33 0 41980
10 41 0 68116
10 46 0 140293
10 70 -66 122720
10 78 -97 183522
11 14 -51 138829
11 15 -59 156756
11 17 55 67139
11 19 -33 52524
11 20 35 122220
11 28 -37 55586
11 29 83 138697
11 37 0 10684
11 46 46 115306
11 48 39 51544
11 50 0 90563
11 66 0 25085
11 74 0 64292
11 75 -99 196274
11 81 0 142538
11 82 -90 177206
11 86 70 38720
12 15 -82 118301
12 19 65 109434
12 24 0 74405
12 31 96 76536
12 33 51 87705
12 36 70 51379
12 40 0 70263
12 53 -52 117482
12 62 51 115820
12 67 82 125121
12 68 -39 121958
12 72 42 44149
12 79 0 49256
12 88 0 91201
13 14 0 137778
13 15 0 56341
13 21 20 85076
13 22 14 72508
13 26 -98 206087
13 37 -95 165599
13 38 59 34320
13 43 97 43822
13 53 -2 52093
13 54 44 106091
13 58 -89 145777
13 61 9 128282
13 63 -21 94467
13 64 -88 146778
13 65 0 4070
13 67 -2 41955
13 68 62 27626
13 70 45 121551
13 90 75 112868
14 15 14 142675
14 27 86 119860
14 31 0 19948
14 32 -74 111710
14 50 0 86662
14 52 89 66236
14 53 21 76608
14 54 -2 10711
14 63 0 68814
14 65 4 27141
14 68 2 120125
14 81 21 22298
14 85 0 121647
14 87 -19 72467
14 88 -87 137249
14 89 0 116350
15 18 67 54986
15 28 85 115080
15 36 12 35295
15 37 -51 78077
15 47 0 21996
15 56 41 116701
15 65 18 64888
15 72 -67 149460
15 74 -92 162546
15 81 0 7626
15 87 -50 98609
16 19 -52 119392
16 21 28 19080
16 26 0 74819
16 33 0 52137
16 44 0 53125
16 46 0 109568
16 53 -99 211591
16 58 -2 74328
16 60 0 95612
16 68 0 40892
16 88 77 106354
17 22 0 10047
17 28 46 143570
17 29 -67 144160
17 35 0 134446
17 38 35 87075
17 47 100 49707
17 55 -90 150631
17 56 0 98887
17 57 31 119288
17 71 95 93944
17 76 46 27921
17 84 79 132879
18 22 79 12650
18 29 0 11425
18 44 0 77178
18 46 -1 67404
18 54 24 88991
18 57 43 70259
18 62 0 121555
18 64 0 137931
18 70 78 84084
18 75 0 14477
18 76 -1 64221
18 77 -5 36048
18 80 0 127723
18 83 26 129912
19 23 0 67135
19 40 0 0
19 55 30 10414
19 76 -25 102528
19 81 -14 47519
19 85 0 55910
19 86 0 13833
19 90 -100 149667
20 22 -38 97167
20 23 47 4904
20 30 0 104498
20 32 93 58298
20 34 32 16999
20 37 74 114488
20 38 0 59386
20 45 -34 118631
20 46 -8 40279
20 50 -65 139625
20 60 -64 125343
20 65 63 10557
20 69 54 97750
20 71 -19 93379
20 73 0 73251
21 28 -25 49817
21 33 0 2886
21 34 38 66549
21 44 0 2600
21 46 -64 163257
21 59 -30 55630
21 61 1 10625
21 62 90 110745
21 67 0 115343
21 71 68 8919
21 81 -2 6563
21 82 0 4574
22 23 -86 191895
22 26 29 114277
22 27 78 2542
22 28 88 80499
22 32 -31 87266
22 33 51 83818
22 38 -33 62057
22 40 -33 104563
22 41 0 11422
22 42 -96 181396
22 50 -29 75950
22 65 86 117487
22 84 0 1339
22 86 45 30933
22 87 0 121528
22 89 0 14382
23 24 0 0
23 35 40 22787
23 45 0 56933
23 49 0 119296
23 50 73 64025
23 54 -77 111799
23 59 0 98615
23 68 0 11324
23 69 0 80475
23 79 0 66208
23 81 -31 82301
23 88 -79 160384
24 25 -67 131020
24 29 0 122632
24 36 46 60601
24 44 -50 103308
24 50 81 120739
24 51 46 11936
24 60 0 31349
24 61 0 80054
24 64 -56 113611
24 65 16 9302
24 66 -92 198410
24 71 0 112383
24 75 83 19644
24 78 52 69838
24 83 0 36515
24 87 0 94946
25 28 0 136945
25 30 100 22317
25 31 -87 164883
25 35 46 16791
25 37 0 9352
25 39 -29 59310
25 46 0 115771
25 47 -87 159810
25 54 0 49932
25 55 -27 84274
25 57 -46 79776
25 58 0 68040
25 59 0 34706
25 61 45 110850
25 66 55 98616
25 72 0 133672
25 78 -36 68718
25 80 -100 203027
25 86 0 13780
26 31 99 129766
26 35 0 87652
26 43 -13 65704
26 47 39 93360
26 51 89 28796
26 53 24 59647
26 56 -76 130379
26 58 67 93199
26 64 -76 171795
26 66 0 21614
26 69 -83 130824
26 70 27 116391
26 76 0 84607
26 79 0 16991
26 90 78 85700
27 29 0 109317
27 32 89 111756
27 34 -58 120155
27 41 35 94234
27 47 95 623
27 51 48 89557
27 56 37 80297
27 58 33 104300
27 66 0 54118
27 69 24 96046
27 72 46 110974
27 83 -99 173516
27 87 -62 125064
27 90 77 95724
28 38 0 135633
28 39 40 137179
28 42 69 34444
28 47 -47 104056
28 61 0 18230
28 66 -87 167193
28 67 70 119125
28 69 0 95777
28 77 0 36420
28 87 18 3090
29 31 -86 172676
29 33 -85 142522
29 35 0 54599
29 44 72 71033
29 46 -84 146476
29 49 33 79491
29 50 0 6196
29 56 27 142142
29 57 -22 93891
29 58 7 110522
29 65 -3 25427
29 67 0 21408
29 71 14 95227
29 74 0 93213
29 75 -54 96346
29 81 -67 112648
29 86 0 0
29 88 -19 60237
30 33 21 35534
30 38 62 23725
30 41 0 7014
30 47 86 128073
30 55 73 48402
30 60 -100 189901
30 61 -98 159915
30 66 -68 168003
30 69 37 104930
30 71 0 122573
30 75 0 9999
30 76 0 90877
30 78 15 80989
30 80 -73 114601
30 83 -86 187166
30 90 0 42705
31 35 0 17038
31 41 0 99599
31 51 -5 40339
31 69 0 52376
31 72 27 63322
31 73 -55 145512
31 75 0 38346
31 87 87 53713
32 38 -81 137765
32 40 38 90029
32 43 38 58812
32 49 41 45725
32 50 36 52142
32 56 -73 121503
32 59 61 10930
32 60 0 80649
32 77 -80 151749
33 47 0 0
33 56 -48 97368
33 62 19 55688
33 63 14 7449
33 67 6 40119
33 77 10 102193
33 81 64 127481
34 47 14 122189
34 48 -9 79642
34 49 0 27457
34 51 0 83649
34 53 0 14465
34 54 79 77475
34 57 0 130810
34 59 -41 72345
34 72 -68 167360
34 73 92 134754
34 75 47 10520
34 77 36 116614
34 86 50 40162
35 36 0 53348
35 37 0 133300
35 38 0 40348
35 43 0 88606
35 46 0 106314
35 49 82 130850
35 50 0 131471
35 57 -6 10217
35 60 28 102809
35 62 -56 100189
35 63 0 62889
35 64 12 5187
35 65 -57 105559
35 67 -21 89314
35 73 0 108980
35 74 0 51359
35 75 -6 75175
35 79 -17 62929
35 87 -28 62097
36 39 27 96367
36 41 0 48382
36 45 7 86676
36 46 -82 187598
36 54 0 86450
36 58 0 47099
36 63 -20 72237
36 69 18 86815
36 70 58 102195
36 77 0 89031
36 80 -73 158956
37 41 -92 147002
37 44 25 133345
37 46 0 70170
37 48 75 85078
37 49 99 103294
37 51 0 9302
37 62 -21 61616
37 66 -96 198252
37 68 71 16332
37 74 -47 116226
37 75 68 40854
37 76 0 81580
37 79 99 102602
37 89 0 66958
38 44 0 48847
38 48 68 127027
38 50 -32 68278
38 52 62 7448
38 53 -94 147035
38 59 24 87193
38 60 -85 187694
38 62 0 106470
38 66 -27 57401
38 81 0 24945
38 84 3 37754
38 85 -82 189471
38 88 -28 97033
39 41 -31 58056
39 43 0 74454
39 45 0 17033
39 54 61 120364
39 71 63 25080
39 74 51 139305
39 83 -89 158907
39 84 18 128892
39 85 98 71368
39 86 96 121546
39 88 -86 155450
39 90 79 137361
40 45 33 60718
40 47 -25 43477
40 58 26 41774
40 60 -29 67238
40 74 -46 125017
40 77 3 24490
40 80 0 56599
40 81 0 102750
40 90 15 91409
41 42 -16 75491
41 43 38 90830
41 49 -99 204697
41 63 2 112555
41 65 -74 133206
41 74 0 121643
41 77 -20 69378
41 79 -13 62214
41 83 59 52234
41 90 50 71372
42 45 0 98507
42 47 -89 138496
42 48 0 66034
42 50 -49 96042
42 52 0 67476
42 53 0 136823
42 57 -54 143821
42 60 0 105826
42 62 79 13002
42 74 0 21374
42 76 -6 52031
42 83 -23 64284
42 89 8 142420
43 53 0 0
43 60 -88 175608
43 61 -23 66754
43 63 91 95719
43 68 -75 148773
43 78 85 50875
43 79 97 123910
44 55 -10 50069
44 60 0 116405
44 74 0 38298
44 76 29 5638
44 86 78 18506
44 87 11 29723
45 48 -37 81433
45 50 42 21462
45 55 0 90783
45 59 0 69255
45 63 0 119512
45 77 55 62827
45 83 63 125361
46 49 82 86892
46 59 61 97088
46 61 0 34821
46 65 55 1278
46 67 39 39578
46 70 -3 42499
46 71 90 104178
46 79 -73 137557
46 86 -86 185052
46 87 15 124848
46 89 0 126555
47 57 38 40720
47 60 0 37445
47 64 66 64360
47 66 0 118532
47 68 0 97579
47 71 39 120961
47 79 -38 126611
47 81 0 20510
47 82 0 102310
47 87 85 51640
48 49 0 18407
48 52 -55 135798
48 55 -3 24046
48 56 -68 148623
48 60 -10 80282
48 64 52 53779
48 73 0 28357
48 78 -55 142882
48 82 -29 108791
48 88 0 16543
49 57 82 23376
49 61 1 63131
49 62 62 69443
49 66 58 67523
49 80 -42 122546
49 85 0 43317
49 88 -56 92526
49 90 0 134584
50 52 67 6802
50 55 0 48151
50 68 -95 179239
50 70 75 126267
50 72 -34 52305
50 75 -76 133078
50 82 20 128203
50 84 0 32742
50 85 94 61066
51 58 0 59801
51 67 28 89775
51 72 -56 129672
51 73 40 130176
51 74 0 121627
51 75 0 30643
51 78 80 77067
51 85 0 131271
51 86 98 31872
51 90 0 87252
52 58 -75 126111
52 60 0 31978
52 74 0 0
52 84 -100 163082
52 87 -59 91245
53 54 42 108514
53 58 -75 178536
53 60 0 95630
53 61 86 2287
53 78 0 30426
53 82 0 13074
53 83 0 40440
53 86 3 63302
53 89 -56 140373
54 56 -56 136288
54 63 31 24028
54 66 0 1495
54 68 13 14766
54 72 0 88270
55 56 39 35904
55 61 55 639
55 68 0 79591
55 69 -98 180352
55 70 17 132479
55 81 0 35028
55 89 -9 70872
56 57 -77 122770
56 59 88 93599
56 63 0 56132
56 64 32 139067
56 65 -1 9781
56 67 0 48276
56 73 55 64402
56 78 4 52050
56 83 -39 68856
56 90 3 75843
57 61 0 22527
57 72 -20 39675
57 90 0 136593
58 60 -13 68152
58 61 -48 89140
58 62 0 85780
58 68 23 123109
58 72 -84 133885
58 73 -42 116709
58 76 -93 162336
58 77 0 71961
58 80 0 57787
58 82 50 25664
58 87 69 82074
58 90 0 38837
59 64 0 12697
59 73 0 0
59 75 80 38435
59 82 0 21451
59 86 0 88305
59 90 -16 54848
60 78 45 63613
60 82 25 131446
60 88 46 15581
61 71 -63 140336
61 72 0 50656
61 81 30 12173
62 67 -10 77423
62 68 0 0
62 71 0 119109
62 74 28 78747
62 76 96 91452
62 87 0 94122
62 89 -48 131137
63 64 0 109485
63 65 0 13837
63 73 -65 124050
63 76 -51 123365
63 77 -95 200992
63 79 -21 74760
63 80 -77 129621
63 81 -27 73432
63 86 -22 82697
63 90 -23 89484
64 69 0 110039
64 70 0 113504
64 76 0 24917
64 86 0 38312
64 88 33 121767
65 67 0 122062
65 79 51 40415
65 81 -76 156780
65 82 0 20733
65 84 30 92701
65 85 27 72880
66 70 -8 50212
66 76 -69 171110
66 78 -36 64418
66 79 0 143813
66 82 -7 12217
66 85 99 66722
66 88 0 125621
67 73 91 96494
67 74 -99 203936
67 89 92 133981
68 70 85 133372
68 76 -85 127977
68 80 54 82910
68 85 32 138273
68 86 -93 141890
68 87 -10 35217
68 90 0 11510
69 77 0 100062
69 81 0 0
69 82 8 39131
69 84 29 23775
69 89 0 29610
70 80 65 106430
70 82 0 51045
70 83 52 21064
70 85 0 93595
70 87 18 2415
71 78 -64 143722
71 80 18 33782
71 89 0 70257
71 90 0 36281
72 74 0 140491
72 78 -90 138586
72 79 46 67065
72 82 -67 153350
72 84 57 2535
73 77 0 143941
73 88 0 9050
74 78 -9 83703
74 90 -83 180991
77 84 -68 129977
77 87 -94 205178
77 88 -61 155665
77 90 87 107117
78 83 5 54163
78 86 90 68941
78 90 -1 43055
81 83 39 15515
82 88 1 39142
83 88 -19 36573
84 88 0 12912
84 90 -76 112696
85 90 0 87412
87 88 0 77640
87 89 73 109351
88 89 0 77300
