80 707
1 5 0 58397
1 11 0 48591
1 12 73 89980
1 15 0 64989
1 24 -23 64226
1 26 57 131216
1 34 -27 98187
1 38 0 112255
1 45 -85 152000
1 47 0 76445
1 49 -72 122244
1 58 0 48081
1 62 -20 94452
1 63 -48 127812
1 64 -75 120477
2 3 0 35161
2 4 0 59447
2 5 0 16691
2 14 81 98449
2 24 0 58258
2 28 0 124991
2 29 -95 137520
2 31 -98 202760
2 32 40 53717
2 40 -30 101595
2 45 0 115466
2 49 -3 43732
2 55 -64 154973
2 61 -36 84586
2 68 0 107927
2 69 -17 29346
2 72 27 29379
2 77 0 135678
2 78 -15 47836
2 80 -58 100213
3 13 0 26985
3 15 96 69576
3 18 26 117942
3 23 2 84792
3 35 -46 109251
3 36 -1 1654
3 37 -20 48313
3 40 23 42044
3 42 -37 57727
3 44 41 80394
3 48 -18 36947
3 51 97 2841
3 53 -24 59935
3 60 0 37362
3 64 73 127702
3 76 0 92545
3 77 79 5309
3 80 17 72481
4 6 -68 150561
4 10 62 118687
4 24 78 132740
4 25 45 14383
4 28 10 37019
4 30 0 29042
4 33 0 104910
4 36 0 51174
4 48 0 47915
4 50 0 111085
4 65 0 83731
4 80 -55 116992
5 11 0 135191
5 18 20 113509
5 20 0 99872
5 34 52 115696
5 36 0 86916
5 37 0 62634
5 38 11 76072
5 44 31 21835
5 47 0 106132
5 51 0 68416
5 55 -61 130278
5 59 0 30228
5 67 90 66883
5 70 83 47069
5 77 -98 201193
6 9 2 111968
6 23 0 130626
6 26 43 93005
6 30 -50 118494
6 35 89 126465
6 38 0 60025
6 41 -11 58520
6 48 -59 149702
6 54 0 63689
6 61 -48 140353
6 64 0 80386
6 69 47 244
7 11 50 105504
7 21 0 63166
7 24 -36 119796
7 25 -52 77031
7 31 -76 176906
7 36 45 18688
7 40 -22 96670
7 41 66 82235
7 72 -70 162031
7 78 -7 68985
8 13 75 65013
8 20 0 13413
8 21 33 128224
8 23 67 134790
8 24 85 136471
8 29 93 38413
8 31 -1 7786
8 40 64 57516
8 42 74 86539
8 43 -51 83061
8 50 0 41195
8 51 6 11215
8 53 -5 25156
8 58 0 21112
8 71 -15 61337
8 73 15 69286
9 13 45 90252
9 14 0 60663
9 24 0 138748
9 29 58 91537
9 30 -6 56646
9 36 -79 129443
9 38 -73 126050
9 39 0 70528
9 41 4 126113
9 42 0 5659
9 46 0 77010
9 48 7 108826
9 52 -41 128474
9 59 26 141431
9 64 -29 101994
9 76 46 88635
10 13 -50 134178
10 16 0 63354
10 20 47 47765
10 22 77 2648
10 29 0 89098
10 31 -1 47388
10 40 -23 99128
10 44 -93 200930
10 49 39 143163
10 55 -26 79862
10 59 -63 123689
10 62 0 87701
10 63 0 116558
10 64 24 143952
10 66 0 68652
10 67 54 83676
10 69 0 94819
10 74 0 41027
11 14 0 13638
11 19 0 136821
11 25 84 104437
11 26 -15 81269
11 32 88 76657
11 37 -24 45713
11 38 0 115799
11 45 -26 61364
11 46 45 100937
11 47 66 47917
11 49 -19 63121
11 53 -96 199718
11 54 43 14920
11 55 0 119377
11 67 0 27803
11 71 97 142780
11 79 0 88703
12 14 0 63189
12 17 0 123289
12 27 0 0
12 28 25 42487
12 30 0 117175
12 34 55 12686
12 43 0 136242
12 58 0 45278
12 61 -78 174481
12 62 0 89701
12 67 0 19131
12 68 -13 30060
12 72 -98 142535
12 73 0 57217
12 75 0 20785
12 76 61 40796
12 77 0 23637
12 78 -27 39002
12 79 73 53354
13 16 -73 166426
13 17 -86 188628
13 34 72 22264
13 49 6 126193
13 54 0 143303
13 55 0 19365
13 57 -34 117976
13 59 23 17686
13 62 88 66341
13 64 100 12493
13 71 9 44034
13 73 57 65606
14 18 21 20752
14 20 0 128549
14 21 0 142454
14 25 -61 146688
14 27 -53 121423
14 31 0 99197
14 32 0 134999
14 33 0 9270
14 37 -66 110763
14 38 -86 173848
14 40 0 16982
14 41 -27 70902
14 45 0 79236
14 46 0 119913
14 47 49 95081
14 50 100 113321
14 53 18 28923
14 56 0 81364
14 60 86 44321
14 63 0 143675
14 67 0 135441
14 69 92 106910
14 71 -23 64598
14 74 62 27801
14 80 43 79772
15 19 -6 65524
15 24 51 120728
15 31 -81 128733
15 32 41 38185
15 38 0 54414
15 42 74 140508
15 53 0 11993
15 54 76 4364
15 56 17 26910
15 58 -55 116121
15 63 0 99501
15 74 -63 155216
15 78 28 29268
16 20 -35 108568
16 22 -25 78805
16 25 0 43374
16 30 -1 58464
16 33 0 9571
16 35 56 2468
16 37 -58 122996
16 38 15 142552
16 43 59 10160
16 45 -31 92572
16 51 0 100016
16 52 13 12191
16 67 94 83850
16 71 0 86689
16 75 -76 117071
16 79 0 0
17 19 -49 134386
17 26 -28 54461
17 29 -11 25395
17 31 0 31752
17 36 0 71464
17 40 0 40563
17 44 0 33635
17 55 0 62009
17 65 0 64537
17 66 -51 119706
17 69 89 36653
17 74 -44 122095
17 75 -29 64792
17 76 0 44801
18 22 42 89424
18 24 -47 73643
18 30 64 22979
18 36 58 87529
18 41 -15 24026
18 50 0 16979
18 56 -68 155598
18 61 -34 51748
18 64 35 104029
18 68 -29 94476
18 78 -85 138676
18 80 0 105770
19 22 49 84870
19 23 0 79504
19 36 25 54636
19 47 0 100322
19 48 98 44518
19 50 0 18856
19 57 -97 195461
19 74 83 9730
19 79 0 55128
20 25 60 27945
20 26 -89 183418
20 27 -24 55113
20 28 -32 105920
20 29 0 65414
20 35 12 116077
20 36 0 86366
20 37 -55 102923
20 38 78 29694
20 40 63 29382
20 47 -79 180601
20 62 -27 106594
20 63 9 70033
20 67 0 32224
20 77 68 118237
20 78 0 73110
20 79 -13 20983
21 29 0 88453
21 32 0 39578
21 33 0 0
21 38 -54 137688
21 48 89 62201
21 50 13 137795
21 52 0 107391
21 62 1 136210
21 67 -88 148885
21 77 -34 70814
22 27 0 0
22 40 12 115721
22 43 100 8526
22 57 0 34998
22 59 -39 89296
22 63 42 33285
22 65 0 29292
22 70 0 0
22 72 -64 147843
22 73 -88 128691
22 75 -24 89341
22 76 0 51330
22 78 -15 46455
23 24 -57 140391
23 29 25 102059
23 32 -35 107018
23 33 0 114379
23 34 0 83098
23 36 19 61799
23 42 -53 82657
23 45 0 121480
23 47 -87 129975
23 52 -26 48133
23 53 95 72813
23 57 -83 124276
23 67 62 129417
23 68 -37 87996
23 71 0 42838
23 72 94 60443
24 41 0 62038
24 42 0 34824
24 43 1 102487
24 58 0 118672
24 67 0 86194
24 70 0 106211
24 72 8 37336
24 75 88 21709
24 76 75 87130
24 77 0 0
24 79 0 115184
25 27 5 124593
25 31 -19 91810
25 33 -22 61167
25 37 -59 139280
25 38 -94 142614
25 39 0 0
25 40 0 34687
25 48 -49 107935
25 52 0 81368
25 60 81 120223
25 61 -91 135588
25 62 8 13014
25 63 81 126104
25 71 0 0
25 73 0 37640
25 79 0 6218
25 80 -59 139282
26 33 0 3950
26 38 -49 81168
26 49 -6 35550
26 51 -76 156340
26 53 -6 36682
26 60 0 10641
26 62 0 141714
26 63 -91 152159
26 64 59 125575
27 32 -43 123805
27 34 0 67578
27 39 -41 90285
27 42 0 23087
27 47 -22 59231
27 51 79 4145
27 54 -11 68371
27 57 0 29223
27 63 -85 165949
27 73 13 32360
27 77 0 131264
28 29 94 129361
28 32 -49 105147
28 33 0 130652
28 45 0 74589
28 48 -15 60423
28 50 -87 125504
28 58 0 46433
28 62 -29 80125
28 65 100 126419
28 69 23 133705
28 73 0 0
28 78 68 72443
29 32 -21 93766
29 34 76 84035
29 37 -67 106732
29 38 0 58617
29 45 -98 176720
29 53 50 138870
29 54 -90 154328
29 62 -34 90754
29 63 0 58227
29 75 -5 24104
29 80 0 119701
30 34 -85 154545
30 35 -4 72890
30 36 0 110649
30 39 14 91024
30 43 0 76380
30 46 -63 126289
30 53 0 49565
30 58 0 123830
30 65 44 42439
30 67 79 57298
30 69 -98 148073
30 71 31 79559
30 72 -93 193476
30 77 90 2227
31 32 0 71944
31 33 0 33318
31 37 74 73727
31 41 87 19471
31 44 0 91479
31 48 -41 65258
31 57 0 115774
31 59 11 19247
31 60 0 45512
31 68 0 78544
31 77 0 66050
32 34 0 29027
32 48 0 129189
32 49 -21 101737
32 52 0 110665
32 54 0 138135
32 55 32 64896
32 56 0 63162
32 58 -40 110139
32 61 31 59924
32 63 -1 61066
32 66 -81 139040
32 73 -15 69254
32 74 -25 64897
32 78 21 23028
33 40 3 129466
33 51 0 97160
33 55 -1 39199
33 57 86 64488
33 58 -23 55183
33 68 0 128366
33 71 0 63739
33 72 0 58104
33 76 83 67641
34 35 0 97536
34 39 -47 76237
34 41 0 135516
34 45 -2 6311
34 46 67 47113
34 49 0 124091
34 53 0 79718
34 58 -32 65630
34 68 0 86395
34 72 34 100935
34 73 67 12056
34 74 -29 72908
34 79 -33 96049
35 40 86 92205
35 41 0 81018
35 42 0 31581
35 46 -64 160474
35 65 -71 132339
35 66 0 127917
35 68 -68 137881
35 70 0 36773
35 73 84 61123
35 76 71 88563
36 46 0 70430
36 60 5 25801
36 66 54 97087
36 72 0 134979
36 76 76 82854
36 79 -11 49695
37 44 0 22291
37 52 0 27723
37 55 -15 87705
37 56 -2 38304
37 62 -57 136789
37 69 35 113802
37 70 -100 215129
37 71 77 110457
37 75 -5 18906
38 39 0 143655
38 44 23 71077
38 55 80 7380
38 56 0 6194
38 67 1 34506
38 68 26 67582
38 73 53 68920
39 43 55 97563
39 47 -43 98136
39 53 -26 106463
39 58 -85 193848
39 59 49 98081
39 61 0 43255
39 62 -99 157896
39 77 0 89384
39 80 -30 85719
40 41 0 19425
40 46 0 42231
40 54 0 83814
40 63 -45 74793
40 64 0 67039
40 73 0 26121
40 76 95 42948
40 77 0 95117
40 78 -30 107613
40 80 -41 67510
41 43 0 47835
41 44 -91 137154
41 50 9 89379
41 61 -47 124419
41 63 -20 88080
41 76 0 46549
42 45 -21 32721
42 48 -40 101487
42 55 2 134734
42 57 -2 19264
42 58 -36 90534
42 61 -46 115841
42 62 39 64455
42 66 -4 7231
42 68 0 108011
42 71 0 78979
42 76 0 61912
43 45 0 19967
43 52 31 135749
43 56 28 135744
43 61 20 137072
43 62 0 101846
43 65 0 111584
43 74 6 103708
43 76 -91 169365
43 78 0 0
43 79 0 103845
44 47 -63 91997
44 48 0 17028
44 52 0 81668
44 54 -25 55840
44 57 -9 34139
44 61 76 120541
44 63 59 66625
44 65 -70 170005
44 66 0 0
44 67 -54 88249
44 70 17 60888
44 72 -80 145243
45 46 0 111219
45 48 0 73154
45 51 0 119795
45 53 -40 127741
45 56 0 130874
45 57 0 58764
45 61 0 111877
45 77 0 0
46 49 -86 194982
46 55 -84 173011
46 56 0 10258
46 66 0 98465
46 70 -39 81298
46 73 89 4296
46 75 -91 192534
47 59 -1 63905
47 60 69 112956
47 64 -63 152514
47 66 -74 108378
47 68 17 79276
47 77 -81 146327
47 78 -37 95133
47 80 53 84640
48 50 85 21243
48 51 0 15124
48 54 -71 106852
48 58 65 140640
48 59 0 75018
48 60 -15 25239
48 62 0 120745
48 65 0 2950
48 66 -84 139520
48 67 -86 154784
49 50 -6 64247
49 57 -89 141666
49 64 -62 117808
49 78 -8 30296
50 53 20 38514
50 55 0 46526
50 57 -4 55759
50 59 -61 154498
50 67 0 117185
50 79 -85 135581
51 59 0 70637
51 61 30 36579
51 66 67 108667
51 76 0 43857
51 78 0 9118
52 55 -25 40928
52 62 53 14738
52 63 -95 198914
52 64 -9 34628
52 67 -6 74910
52 69 0 120918
52 72 0 93593
52 73 0 131881
52 76 -45 68088
53 55 24 92161
53 57 61 35388
53 61 -25 89453
53 65 36 67094
53 66 0 35482
53 76 0 49591
54 62 34 109433
54 64 -59 106213
54 68 0 39045
54 69 0 31042
54 75 -99 156668
54 80 -72 150950
55 56 3 73595
55 59 41 134981
55 62 -98 148038
55 64 18 67541
55 73 74 50032
56 60 -96 161109
56 62 0 59929
56 63 -19 55295
56 73 -58 102782
56 77 0 83051
56 80 -49 97700
57 58 32 3298
57 61 0 102525
57 62 0 77838
57 63 -62 111650
57 68 -82 184356
57 77 0 32036
58 70 6 24627
59 65 -45 73637
59 68 0 23717
59 72 0 10498
59 75 -41 79443
59 76 -73 128162
59 78 98 86308
59 79 -52 122465
60 64 -71 140981
60 66 0 44546
60 68 -4 63794
60 70 0 41297
60 74 5 90433
61 63 0 64536
61 70 24 134764
61 71 13 21408
62 68 98 111294
62 73 -39 124029
62 79 -82 121856
63 68 -55 93261
63 73 -3 10221
64 65 43 33990
64 68 -7 43711
64 69 100 50604
64 73 0 72126
65 71 54 135138
65 79 0 42467
66 68 -59 147022
66 69 0 24068
66 74 76 52582
66 75 -26 91456
66 79 0 0
67 73 0 103703
67 75 77 68316
68 72 68 72195
68 73 0 71167
68 75 0 38959
68 77 0 0
69 76 0 115109
70 74 0 130358
70 79 99 4687
71 72 0 55905
71 73 80 77732
71 74 -14 80962
71 78 21 81829
71 79 -72 104057
73 76 73 25263
73 80 0 120688
74 75 99 121648
74 78 54 8880
76 80 50 94449
77 79 0 0
78 79 -74 132629
79 80 0 88624
