203 402
1 2 100 0
1 3 99 7
1 4 98 21
1 5 97 43
1 6 96 72
1 7 95 108
1 8 94 151
1 9 93 201
1 10 92 259
1 11 91 324
1 12 90 396
1 13 89 475
1 14 88 561
1 15 87 655
1 16 86 756
1 17 85 864
1 18 84 979
1 19 83 1101
1 20 82 1231
1 21 81 1368
1 22 80 1512
1 23 79 1663
1 24 78 1821
1 25 77 1987
1 26 76 2160
1 27 75 2340
1 28 74 2527
1 29 73 2721
1 30 72 2923
1 31 71 3132
1 32 70 3348
1 33 69 3571
1 34 68 3801
1 35 67 4039
1 36 66 4284
1 37 65 4536
1 38 64 4795
1 39 63 5061
1 40 62 5335
1 41 61 5616
1 42 60 5904
1 43 59 6199
1 44 58 6501
1 45 57 6811
1 46 56 7128
1 47 55 7452
1 48 54 7783
1 49 53 8121
1 50 52 8467
1 51 51 8820
1 52 50 9180
1 53 49 9547
1 54 48 9921
1 55 47 10303
1 56 46 10692
1 57 45 11088
1 58 44 11491
1 59 43 11901
1 60 42 12319
1 61 41 12744
1 62 40 13176
1 63 39 13615
1 64 38 14061
1 65 37 14515
1 66 36 14976
1 67 35 15444
1 68 34 15919
1 69 33 16401
1 70 32 16891
1 71 31 17388
1 72 30 17892
1 73 29 18403
1 74 28 18921
1 75 27 19447
1 76 26 19980
1 77 25 20520
1 78 24 21067
1 79 23 21621
1 80 22 22183
1 81 21 22752
1 82 20 23328
1 83 19 23911
1 84 18 24501
1 85 17 25099
1 86 16 25704
1 87 15 26316
1 88 14 26935
1 89 13 27561
1 90 12 28195
1 91 11 28836
1 92 10 29484
1 93 9 30139
1 94 8 30801
1 95 7 31471
1 96 6 32148
1 97 5 32832
1 98 4 33523
1 99 3 34221
1 100 2 34927
1 101 1 35640
1 102 0 14544
1 103 -1 37087
1 104 -2 37821
1 105 -3 38563
1 106 -4 39312
1 107 -5 40068
1 108 -6 40831
1 109 -7 41601
1 110 -8 42379
1 111 -9 43164
1 112 -10 43956
1 113 -11 44755
1 114 -12 45561
1 115 -13 46375
1 116 -14 47196
1 117 -15 48024
1 118 -16 48859
1 119 -17 49701
1 120 -18 50551
1 121 -19 51408
1 122 -20 52272
1 123 -21 53143
1 124 -22 54021
1 125 -23 54907
1 126 -24 55800
1 127 -25 56700
1 128 -26 57607
1 129 -27 58521
1 130 -28 59443
1 131 -29 60372
1 132 -30 61308
1 133 -31 62251
1 134 -32 63201
1 135 -33 64159
1 136 -34 65124
1 137 -35 66096
1 138 -36 67075
1 139 -37 68061
1 140 -38 69055
1 141 -39 70056
1 142 -40 71064
1 143 -41 72079
1 144 -42 73101
1 145 -43 74131
1 146 -44 75168
1 147 -45 76212
1 148 -46 77263
1 149 -47 78321
1 150 -48 79387
1 151 -49 80460
1 152 -50 81540
1 153 -51 82627
1 154 -52 83721
1 155 -53 84823
1 156 -54 85932
1 157 -55 87048
1 158 -56 88171
1 159 -57 89301
1 160 -58 90439
1 161 -59 91584
1 162 -60 92736
1 163 -61 93895
1 164 -62 95061
1 165 -63 96235
1 166 -64 97416
1 167 -65 98604
1 168 -66 99799
1 169 -67 101001
1 170 -68 102211
1 171 -69 103428
1 172 -70 104652
1 173 -71 105883
1 174 -72 107121
1 175 -73 108367
1 176 -74 109620
1 177 -75 110880
1 178 -76 112147
1 179 -77 113421
1 180 -78 114703
1 181 -79 115992
1 182 -80 117288
1 183 -81 118591
1 184 -82 119901
1 185 -83 121219
1 186 -84 122544
1 187 -85 123876
1 188 -86 125215
1 189 -87 126561
1 190 -88 127915
1 191 -89 129276
1 192 -90 130644
1 193 -91 132019
1 194 -92 133401
1 195 -93 134791
1 196 -94 136188
1 197 -95 137592
1 198 -96 139003
1 199 -97 140421
1 200 -98 141847
1 201 -99 143280
1 202 -100 144720
2 203 0 0
3 203 0 0
4 203 0 0
5 203 0 0
6 203 0 0
7 203 0 0
8 203 0 0
9 203 0 0
10 203 0 0
11 203 0 0
12 203 0 0
13 203 0 0
14 203 0 0
15 203 0 0
16 203 0 0
17 203 0 0
18 203 0 0
19 203 0 0
20 203 0 0
21 203 0 0
22 203 0 0
23 203 0 0
24 203 0 0
25 203 0 0
26 203 0 0
27 203 0 0
28 203 0 0
29 203 0 0
30 203 0 0
31 203 0 0
32 203 0 0
33 203 0 0
34 203 0 0
35 203 0 0
36 203 0 0
37 203 0 0
38 203 0 0
39 203 0 0
40 203 0 0
41 203 0 0
42 203 0 0
43 203 0 0
44 203 0 0
45 203 0 0
46 203 0 0
47 203 0 0
48 203 0 0
49 203 0 0
50 203 0 0
51 203 0 0
52 203 0 0
53 203 0 0
54 203 0 0
55 203 0 0
56 203 0 0
57 203 0 0
58 203 0 0
59 203 0 0
60 203 0 0
61 203 0 0
62 203 0 0
63 203 0 0
64 203 0 0
65 203 0 0
66 203 0 0
67 203 0 0
68 203 0 0
69 203 0 0
70 203 0 0
71 203 0 0
72 203 0 0
73 203 0 0
74 203 0 0
75 203 0 0
76 203 0 0
77 203 0 0
78 203 0 0
79 203 0 0
80 203 0 0
81 203 0 0
82 203 0 0
83 203 0 0
84 203 0 0
85 203 0 0
86 203 0 0
87 203 0 0
88 203 0 0
89 203 0 0
90 203 0 0
91 203 0 0
92 203 0 0
93 203 0 0
94 203 0 0
95 203 0 0
96 203 0 0
97 203 0 0
98 203 0 0
99 203 0 0
100 203 0 0
101 203 0 0
102 203 0 0
103 203 0 0
104 203 0 0
105 203 0 0
106 203 0 0
107 203 0 0
108 203 0 0
109 203 0 0
110 203 0 0
111 203 0 0
112 203 0 0
113 203 0 0
114 203 0 0
115 203 0 0
116 203 0 0
117 203 0 0
118 203 0 0
119 203 0 0
120 203 0 0
121 203 0 0
122 203 0 0
123 203 0 0
124 203 0 0
125 203 0 0
126 203 0 0
127 203 0 0
128 203 0 0
129 203 0 0
130 203 0 0
131 203 0 0
132 203 0 0
133 203 0 0
134 203 0 0
135 203 0 0
136 203 0 0
137 203 0 0
138 203 0 0
139 203 0 0
140 203 0 0
141 203 0 0
142 203 0 0
143 203 0 0
144 203 0 0
145 203 0 0
146 203 0 0
147 203 0 0
148 203 0 0
149 203 0 0
150 203 0 0
151 203 0 0
152 203 0 0
153 203 0 0
154 203 0 0
155 203 0 0
156 203 0 0
157 203 0 0
158 203 0 0
159 203 0 0
160 203 0 0
161 203 0 0
162 203 0 0
163 203 0 0
164 203 0 0
165 203 0 0
166 203 0 0
167 203 0 0
168 203 0 0
169 203 0 0
170 203 0 0
171 203 0 0
172 203 0 0
173 203 0 0
174 203 0 0
175 203 0 0
176 203 0 0
177 203 0 0
178 203 0 0
179 203 0 0
180 203 0 0
181 203 0 0
182 203 0 0
183 203 0 0
184 203 0 0
185 203 0 0
186 203 0 0
187 203 0 0
188 203 0 0
189 203 0 0
190 203 0 0
191 203 0 0
192 203 0 0
193 203 0 0
194 203 0 0
195 203 0 0
196 203 0 0
197 203 0 0
198 203 0 0
199 203 0 0
200 203 0 0
201 203 0 0
202 203 0 0
