1000 999
1 2 100 1000000
2 3 100 1000000
3 4 100 1000000
4 5 100 1000000
5 6 100 1000000
6 7 100 1000000
7 8 100 1000000
8 9 100 1000000
9 10 100 1000000
10 11 100 1000000
11 12 100 1000000
12 13 100 1000000
13 14 100 1000000
14 15 100 1000000
15 16 100 1000000
16 17 100 1000000
17 18 100 1000000
18 19 100 1000000
19 20 100 1000000
20 21 100 1000000
21 22 100 1000000
22 23 100 1000000
23 24 100 1000000
24 25 100 1000000
25 26 100 1000000
26 27 100 1000000
27 28 100 1000000
28 29 100 1000000
29 30 100 1000000
30 31 100 1000000
31 32 100 1000000
32 33 100 1000000
33 34 100 1000000
34 35 100 1000000
35 36 100 1000000
36 37 100 1000000
37 38 100 1000000
38 39 100 1000000
39 40 100 1000000
40 41 100 1000000
41 42 100 1000000
42 43 100 1000000
43 44 100 1000000
44 45 100 1000000
45 46 100 1000000
46 47 100 1000000
47 48 100 1000000
48 49 100 1000000
49 50 100 1000000
50 51 100 1000000
51 52 100 1000000
52 53 100 1000000
53 54 100 1000000
54 55 100 1000000
55 56 100 1000000
56 57 100 1000000
57 58 100 1000000
58 59 100 1000000
59 60 100 1000000
60 61 100 1000000
61 62 100 1000000
62 63 100 1000000
63 64 100 1000000
64 65 100 1000000
65 66 100 1000000
66 67 100 1000000
67 68 100 1000000
68 69 100 1000000
69 70 100 1000000
70 71 100 1000000
71 72 100 1000000
72 73 100 1000000
73 74 100 1000000
74 75 100 1000000
75 76 100 1000000
76 77 100 1000000
77 78 100 1000000
78 79 100 1000000
79 80 100 1000000
80 81 100 1000000
81 82 100 1000000
82 83 100 1000000
83 84 100 1000000
84 85 100 1000000
85 86 100 1000000
86 87 100 1000000
87 88 100 1000000
88 89 100 1000000
89 90 100 1000000
90 91 100 1000000
91 92 100 1000000
92 93 100 1000000
93 94 100 1000000
94 95 100 1000000
95 96 100 1000000
96 97 100 1000000
97 98 100 1000000
98 99 100 1000000
99 100 100 1000000
100 101 100 1000000
101 102 100 1000000
102 103 100 1000000
103 104 100 1000000
104 105 100 1000000
105 106 100 1000000
106 107 100 1000000
107 108 100 1000000
108 109 100 1000000
109 110 100 1000000
110 111 100 1000000
111 112 100 1000000
112 113 100 1000000
113 114 100 1000000
114 115 100 1000000
115 116 100 1000000
116 117 100 1000000
117 118 100 1000000
118 119 100 1000000
119 120 100 1000000
120 121 100 1000000
121 122 100 1000000
122 123 100 1000000
123 124 100 1000000
124 125 100 1000000
125 126 100 1000000
126 127 100 1000000
127 128 100 1000000
128 129 100 1000000
129 130 100 1000000
130 131 100 1000000
131 132 100 1000000
132 133 100 1000000
133 134 100 1000000
134 135 100 1000000
135 136 100 1000000
136 137 100 1000000
137 138 100 1000000
138 139 100 1000000
139 140 100 1000000
140 141 100 1000000
141 142 100 1000000
142 143 100 1000000
143 144 100 1000000
144 145 100 1000000
145 146 100 1000000
146 147 100 1000000
147 148 100 1000000
148 149 100 1000000
149 150 100 1000000
150 151 100 1000000
151 152 100 1000000
152 153 100 1000000
153 154 100 1000000
154 155 100 1000000
155 156 100 1000000
156 157 100 1000000
157 158 100 1000000
158 159 100 1000000
159 160 100 1000000
160 161 100 1000000
161 162 100 1000000
162 163 100 1000000
163 164 100 1000000
164 165 100 1000000
165 166 100 1000000
166 167 100 1000000
167 168 100 1000000
168 169 100 1000000
169 170 100 1000000
170 171 100 1000000
171 172 100 1000000
172 173 100 1000000
173 174 100 1000000
174 175 100 1000000
175 176 100 1000000
176 177 100 1000000
177 178 100 1000000
178 179 100 1000000
179 180 100 1000000
180 181 100 1000000
181 182 100 1000000
182 183 100 1000000
183 184 100 1000000
184 185 100 1000000
185 186 100 1000000
186 187 100 1000000
187 188 100 1000000
188 189 100 1000000
189 190 100 1000000
190 191 100 1000000
191 192 100 1000000
192 193 100 1000000
193 194 100 1000000
194 195 100 1000000
195 196 100 1000000
196 197 100 1000000
197 198 100 1000000
198 199 100 1000000
199 200 100 1000000
200 201 100 1000000
201 202 100 1000000
202 203 100 1000000
203 204 100 1000000
204 205 100 1000000
205 206 100 1000000
206 207 100 1000000
207 208 100 1000000
208 209 100 1000000
209 210 100 1000000
210 211 100 1000000
211 212 100 1000000
212 213 100 1000000
213 214 100 1000000
214 215 100 1000000
215 216 100 1000000
216 217 100 1000000
217 218 100 1000000
218 219 100 1000000
219 220 100 1000000
220 221 100 1000000
221 222 100 1000000
222 223 100 1000000
223 224 100 1000000
224 225 100 1000000
225 226 100 1000000
226 227 100 1000000
227 228 100 1000000
228 229 100 1000000
229 230 100 1000000
230 231 100 1000000
231 232 100 1000000
232 233 100 1000000
233 234 100 1000000
234 235 100 1000000
235 236 100 1000000
236 237 100 1000000
237 238 100 1000000
238 239 100 1000000
239 240 100 1000000
240 241 100 1000000
241 242 100 1000000
242 243 100 1000000
243 244 100 1000000
244 245 100 1000000
245 246 100 1000000
246 247 100 1000000
247 248 100 1000000
248 249 100 1000000
249 250 100 1000000
250 251 100 1000000
251 252 100 1000000
252 253 100 1000000
253 254 100 1000000
254 255 100 1000000
255 256 100 1000000
256 257 100 1000000
257 258 100 1000000
258 259 100 1000000
259 260 100 1000000
260 261 100 1000000
261 262 100 1000000
262 263 100 1000000
263 264 100 1000000
264 265 100 1000000
265 266 100 1000000
266 267 100 1000000
267 268 100 1000000
268 269 100 1000000
269 270 100 1000000
270 271 100 1000000
271 272 100 1000000
272 273 100 1000000
273 274 100 1000000
274 275 100 1000000
275 276 100 1000000
276 277 100 1000000
277 278 100 1000000
278 279 100 1000000
279 280 100 1000000
280 281 100 1000000
281 282 100 1000000
282 283 100 1000000
283 284 100 1000000
284 285 100 1000000
285 286 100 1000000
286 287 100 1000000
287 288 100 1000000
288 289 100 1000000
289 290 100 1000000
290 291 100 1000000
291 292 100 1000000
292 293 100 1000000
293 294 100 1000000
294 295 100 1000000
295 296 100 1000000
296 297 100 1000000
297 298 100 1000000
298 299 100 1000000
299 300 100 1000000
300 301 100 1000000
301 302 100 1000000
302 303 100 1000000
303 304 100 1000000
304 305 100 1000000
305 306 100 1000000
306 307 100 1000000
307 308 100 1000000
308 309 100 1000000
309 310 100 1000000
310 311 100 1000000
311 312 100 1000000
312 313 100 1000000
313 314 100 1000000
314 315 100 1000000
315 316 100 1000000
316 317 100 1000000
317 318 100 1000000
318 319 100 1000000
319 320 100 1000000
320 321 100 1000000
321 322 100 1000000
322 323 100 1000000
323 324 100 1000000
324 325 100 1000000
325 326 100 1000000
326 327 100 1000000
327 328 100 1000000
328 329 100 1000000
329 330 100 1000000
330 331 100 1000000
331 332 100 1000000
332 333 100 1000000
333 334 100 1000000
334 335 100 1000000
335 336 100 1000000
336 337 100 1000000
337 338 100 1000000
338 339 100 1000000
339 340 100 1000000
340 341 100 1000000
341 342 100 1000000
342 343 100 1000000
343 344 100 1000000
344 345 100 1000000
345 346 100 1000000
346 347 100 1000000
347 348 100 1000000
348 349 100 1000000
349 350 100 1000000
350 351 100 1000000
351 352 100 1000000
352 353 100 1000000
353 354 100 1000000
354 355 100 1000000
355 356 100 1000000
356 357 100 1000000
357 358 100 1000000
358 359 100 1000000
359 360 100 1000000
360 361 100 1000000
361 362 100 1000000
362 363 100 1000000
363 364 100 1000000
364 365 100 1000000
365 366 100 1000000
366 367 100 1000000
367 368 100 1000000
368 369 100 1000000
369 370 100 1000000
370 371 100 1000000
371 372 100 1000000
372 373 100 1000000
373 374 100 1000000
374 375 100 1000000
375 376 100 1000000
376 377 100 1000000
377 378 100 1000000
378 379 100 1000000
379 380 100 1000000
380 381 100 1000000
381 382 100 1000000
382 383 100 1000000
383 384 100 1000000
384 385 100 1000000
385 386 100 1000000
386 387 100 1000000
387 388 100 1000000
388 389 100 1000000
389 390 100 1000000
390 391 100 1000000
391 392 100 1000000
392 393 100 1000000
393 394 100 1000000
394 395 100 1000000
395 396 100 1000000
396 397 100 1000000
397 398 100 1000000
398 399 100 1000000
399 400 100 1000000
400 401 100 1000000
401 402 100 1000000
402 403 100 1000000
403 404 100 1000000
404 405 100 1000000
405 406 100 1000000
406 407 100 1000000
407 408 100 1000000
408 409 100 1000000
409 410 100 1000000
410 411 100 1000000
411 412 100 1000000
412 413 100 1000000
413 414 100 1000000
414 415 100 1000000
415 416 100 1000000
416 417 100 1000000
417 418 100 1000000
418 419 100 1000000
419 420 100 1000000
420 421 100 1000000
421 422 100 1000000
422 423 100 1000000
423 424 100 1000000
424 425 100 1000000
425 426 100 1000000
426 427 100 1000000
427 428 100 1000000
428 429 100 1000000
429 430 100 1000000
430 431 100 1000000
431 432 100 1000000
432 433 100 1000000
433 434 100 1000000
434 435 100 1000000
435 436 100 1000000
436 437 100 1000000
437 438 100 1000000
438 439 100 1000000
439 440 100 1000000
440 441 100 1000000
441 442 100 1000000
442 443 100 1000000
443 444 100 1000000
444 445 100 1000000
445 446 100 1000000
446 447 100 1000000
447 448 100 1000000
448 449 100 1000000
449 450 100 1000000
450 451 100 1000000
451 452 100 1000000
452 453 100 1000000
453 454 100 1000000
454 455 100 1000000
455 456 100 1000000
456 457 100 1000000
457 458 100 1000000
458 459 100 1000000
459 460 100 1000000
460 461 100 1000000
461 462 100 1000000
462 463 100 1000000
463 464 100 1000000
464 465 100 1000000
465 466 100 1000000
466 467 100 1000000
467 468 100 1000000
468 469 100 1000000
469 470 100 1000000
470 471 100 1000000
471 472 100 1000000
472 473 100 1000000
473 474 100 1000000
474 475 100 1000000
475 476 100 1000000
476 477 100 1000000
477 478 100 1000000
478 479 100 1000000
479 480 100 1000000
480 481 100 1000000
481 482 100 1000000
482 483 100 1000000
483 484 100 1000000
484 485 100 1000000
485 486 100 1000000
486 487 100 1000000
487 488 100 1000000
488 489 100 1000000
489 490 100 1000000
490 491 100 1000000
491 492 100 1000000
492 493 100 1000000
493 494 100 1000000
494 495 100 1000000
495 496 100 1000000
496 497 100 1000000
497 498 100 1000000
498 499 100 1000000
499 500 100 1000000
500 501 100 1000000
501 502 100 1000000
502 503 100 1000000
503 504 100 1000000
504 505 100 1000000
505 506 100 1000000
506 507 100 1000000
507 508 100 1000000
508 509 100 1000000
509 510 100 1000000
510 511 100 1000000
511 512 100 1000000
512 513 100 1000000
513 514 100 1000000
514 515 100 1000000
515 516 100 1000000
516 517 100 1000000
517 518 100 1000000
518 519 100 1000000
519 520 100 1000000
520 521 100 1000000
521 522 100 1000000
522 523 100 1000000
523 524 100 1000000
524 525 100 1000000
525 526 100 1000000
526 527 100 1000000
527 528 100 1000000
528 529 100 1000000
529 530 100 1000000
530 531 100 1000000
531 532 100 1000000
532 533 100 1000000
533 534 100 1000000
534 535 100 1000000
535 536 100 1000000
536 537 100 1000000
537 538 100 1000000
538 539 100 1000000
539 540 100 1000000
540 541 100 1000000
541 542 100 1000000
542 543 100 1000000
543 544 100 1000000
544 545 100 1000000
545 546 100 1000000
546 547 100 1000000
547 548 100 1000000
548 549 100 1000000
549 550 100 1000000
550 551 100 1000000
551 552 100 1000000
552 553 100 1000000
553 554 100 1000000
554 555 100 1000000
555 556 100 1000000
556 557 100 1000000
557 558 100 1000000
558 559 100 1000000
559 560 100 1000000
560 561 100 1000000
561 562 100 1000000
562 563 100 1000000
563 564 100 1000000
564 565 100 1000000
565 566 100 1000000
566 567 100 1000000
567 568 100 1000000
568 569 100 1000000
569 570 100 1000000
570 571 100 1000000
571 572 100 1000000
572 573 100 1000000
573 574 100 1000000
574 575 100 1000000
575 576 100 1000000
576 577 100 1000000
577 578 100 1000000
578 579 100 1000000
579 580 100 1000000
580 581 100 1000000
581 582 100 1000000
582 583 100 1000000
583 584 100 1000000
584 585 100 1000000
585 586 100 1000000
586 587 100 1000000
587 588 100 1000000
588 589 100 1000000
589 590 100 1000000
590 591 100 1000000
591 592 100 1000000
592 593 100 1000000
593 594 100 1000000
594 595 100 1000000
595 596 100 1000000
596 597 100 1000000
597 598 100 1000000
598 599 100 1000000
599 600 100 1000000
600 601 100 1000000
601 602 100 1000000
602 603 100 1000000
603 604 100 1000000
604 605 100 1000000
605 606 100 1000000
606 607 100 1000000
607 608 100 1000000
608 609 100 1000000
609 610 100 1000000
610 611 100 1000000
611 612 100 1000000
612 613 100 1000000
613 614 100 1000000
614 615 100 1000000
615 616 100 1000000
616 617 100 1000000
617 618 100 1000000
618 619 100 1000000
619 620 100 1000000
620 621 100 1000000
621 622 100 1000000
622 623 100 1000000
623 624 100 1000000
624 625 100 1000000
625 626 100 1000000
626 627 100 1000000
627 628 100 1000000
628 629 100 1000000
629 630 100 1000000
630 631 100 1000000
631 632 100 1000000
632 633 100 1000000
633 634 100 1000000
634 635 100 1000000
635 636 100 1000000
636 637 100 1000000
637 638 100 1000000
638 639 100 1000000
639 640 100 1000000
640 641 100 1000000
641 642 100 1000000
642 643 100 1000000
643 644 100 1000000
644 645 100 1000000
645 646 100 1000000
646 647 100 1000000
647 648 100 1000000
648 649 100 1000000
649 650 100 1000000
650 651 100 1000000
651 652 100 1000000
652 653 100 1000000
653 654 100 1000000
654 655 100 1000000
655 656 100 1000000
656 657 100 1000000
657 658 100 1000000
658 659 100 1000000
659 660 100 1000000
660 661 100 1000000
661 662 100 1000000
662 663 100 1000000
663 664 100 1000000
664 665 100 1000000
665 666 100 1000000
666 667 100 1000000
667 668 100 1000000
668 669 100 1000000
669 670 100 1000000
670 671 100 1000000
671 672 100 1000000
672 673 100 1000000
673 674 100 1000000
674 675 100 1000000
675 676 100 1000000
676 677 100 1000000
677 678 100 1000000
678 679 100 1000000
679 680 100 1000000
680 681 100 1000000
681 682 100 1000000
682 683 100 1000000
683 684 100 1000000
684 685 100 1000000
685 686 100 1000000
686 687 100 1000000
687 688 100 1000000
688 689 100 1000000
689 690 100 1000000
690 691 100 1000000
691 692 100 1000000
692 693 100 1000000
693 694 100 1000000
694 695 100 1000000
695 696 100 1000000
696 697 100 1000000
697 698 100 1000000
698 699 100 1000000
699 700 100 1000000
700 701 100 1000000
701 702 100 1000000
702 703 100 1000000
703 704 100 1000000
704 705 100 1000000
705 706 100 1000000
706 707 100 1000000
707 708 100 1000000
708 709 100 1000000
709 710 100 1000000
710 711 100 1000000
711 712 100 1000000
712 713 100 1000000
713 714 100 1000000
714 715 100 1000000
715 716 100 1000000
716 717 100 1000000
717 718 100 1000000
718 719 100 1000000
719 720 100 1000000
720 721 100 1000000
721 722 100 1000000
722 723 100 1000000
723 724 100 1000000
724 725 100 1000000
725 726 100 1000000
726 727 100 1000000
727 728 100 1000000
728 729 100 1000000
729 730 100 1000000
730 731 100 1000000
731 732 100 1000000
732 733 100 1000000
733 734 100 1000000
734 735 100 1000000
735 736 100 1000000
736 737 100 1000000
737 738 100 1000000
738 739 100 1000000
739 740 100 1000000
740 741 100 1000000
741 742 100 1000000
742 743 100 1000000
743 744 100 1000000
744 745 100 1000000
745 746 100 1000000
746 747 100 1000000
747 748 100 1000000
748 749 100 1000000
749 750 100 1000000
750 751 100 1000000
751 752 100 1000000
752 753 100 1000000
753 754 100 1000000
754 755 100 1000000
755 756 100 1000000
756 757 100 1000000
757 758 100 1000000
758 759 100 1000000
759 760 100 1000000
760 761 100 1000000
761 762 100 1000000
762 763 100 1000000
763 764 100 1000000
764 765 100 1000000
765 766 100 1000000
766 767 100 1000000
767 768 100 1000000
768 769 100 1000000
769 770 100 1000000
770 771 100 1000000
771 772 100 1000000
772 773 100 1000000
773 774 100 1000000
774 775 100 1000000
775 776 100 1000000
776 777 100 1000000
777 778 100 1000000
778 779 100 1000000
779 780 100 1000000
780 781 100 1000000
781 782 100 1000000
782 783 100 1000000
783 784 100 1000000
784 785 100 1000000
785 786 100 1000000
786 787 100 1000000
787 788 100 1000000
788 789 100 1000000
789 790 100 1000000
790 791 100 1000000
791 792 100 1000000
792 793 100 1000000
793 794 100 1000000
794 795 100 1000000
795 796 100 1000000
796 797 100 1000000
797 798 100 1000000
798 799 100 1000000
799 800 100 1000000
800 801 100 1000000
801 802 100 1000000
802 803 100 1000000
803 804 100 1000000
804 805 100 1000000
805 806 100 1000000
806 807 100 1000000
807 808 100 1000000
808 809 100 1000000
809 810 100 1000000
810 811 100 1000000
811 812 100 1000000
812 813 100 1000000
813 814 100 1000000
814 815 100 1000000
815 816 100 1000000
816 817 100 1000000
817 818 100 1000000
818 819 100 1000000
819 820 100 1000000
820 821 100 1000000
821 822 100 1000000
822 823 100 1000000
823 824 100 1000000
824 825 100 1000000
825 826 100 1000000
826 827 100 1000000
827 828 100 1000000
828 829 100 1000000
829 830 100 1000000
830 831 100 1000000
831 832 100 1000000
832 833 100 1000000
833 834 100 1000000
834 835 100 1000000
835 836 100 1000000
836 837 100 1000000
837 838 100 1000000
838 839 100 1000000
839 840 100 1000000
840 841 100 1000000
841 842 100 1000000
842 843 100 1000000
843 844 100 1000000
844 845 100 1000000
845 846 100 1000000
846 847 100 1000000
847 848 100 1000000
848 849 100 1000000
849 850 100 1000000
850 851 100 1000000
851 852 100 1000000
852 853 100 1000000
853 854 100 1000000
854 855 100 1000000
855 856 100 1000000
856 857 100 1000000
857 858 100 1000000
858 859 100 1000000
859 860 100 1000000
860 861 100 1000000
861 862 100 1000000
862 863 100 1000000
863 864 100 1000000
864 865 100 1000000
865 866 100 1000000
866 867 100 1000000
867 868 100 1000000
868 869 100 1000000
869 870 100 1000000
870 871 100 1000000
871 872 100 1000000
872 873 100 1000000
873 874 100 1000000
874 875 100 1000000
875 876 100 1000000
876 877 100 1000000
877 878 100 1000000
878 879 100 1000000
879 880 100 1000000
880 881 100 1000000
881 882 100 1000000
882 883 100 1000000
883 884 100 1000000
884 885 100 1000000
885 886 100 1000000
886 887 100 1000000
887 888 100 1000000
888 889 100 1000000
889 890 100 1000000
890 891 100 1000000
891 892 100 1000000
892 893 100 1000000
893 894 100 1000000
894 895 100 1000000
895 896 100 1000000
896 897 100 1000000
897 898 100 1000000
898 899 100 1000000
899 900 100 1000000
900 901 100 1000000
901 902 100 1000000
902 903 100 1000000
903 904 100 1000000
904 905 100 1000000
905 906 100 1000000
906 907 100 1000000
907 908 100 1000000
908 909 100 1000000
909 910 100 1000000
910 911 100 1000000
911 912 100 1000000
912 913 100 1000000
913 914 100 1000000
914 915 100 1000000
915 916 100 1000000
916 917 100 1000000
917 918 100 1000000
918 919 100 1000000
919 920 100 1000000
920 921 100 1000000
921 922 100 1000000
922 923 100 1000000
923 924 100 1000000
924 925 100 1000000
925 926 100 1000000
926 927 100 1000000
927 928 100 1000000
928 929 100 1000000
929 930 100 1000000
930 931 100 1000000
931 932 100 1000000
932 933 100 1000000
933 934 100 1000000
934 935 100 1000000
935 936 100 1000000
936 937 100 1000000
937 938 100 1000000
938 939 100 1000000
939 940 100 1000000
940 941 100 1000000
941 942 100 1000000
942 943 100 1000000
943 944 100 1000000
944 945 100 1000000
945 946 100 1000000
946 947 100 1000000
947 948 100 1000000
948 949 100 1000000
949 950 100 1000000
950 951 100 1000000
951 952 100 1000000
952 953 100 1000000
953 954 100 1000000
954 955 100 1000000
955 956 100 1000000
956 957 100 1000000
957 958 100 1000000
958 959 100 1000000
959 960 100 1000000
960 961 100 1000000
961 962 100 1000000
962 963 100 1000000
963 964 100 1000000
964 965 100 1000000
965 966 100 1000000
966 967 100 1000000
967 968 100 1000000
968 969 100 1000000
969 970 100 1000000
970 971 100 1000000
971 972 100 1000000
972 973 100 1000000
973 974 100 1000000
974 975 100 1000000
975 976 100 1000000
976 977 100 1000000
977 978 100 1000000
978 979 100 1000000
979 980 100 1000000
980 981 100 1000000
981 982 100 1000000
982 983 100 1000000
983 984 100 1000000
984 985 100 1000000
985 986 100 1000000
986 987 100 1000000
987 988 100 1000000
988 989 100 1000000
989 990 100 1000000
990 991 100 1000000
991 992 100 1000000
992 993 100 1000000
993 994 100 1000000
994 995 100 1000000
995 996 100 1000000
996 997 100 1000000
997 998 100 1000000
998 999 100 1000000
999 1000 100 1000000
