10 38
1 2 0 27601
1 3 0 57460
1 4 83 135994
1 6 0 0
1 7 -95 158218
1 8 -15 25137
1 9 -86 185523
2 3 13 102475
2 4 0 58057
2 5 -85 179241
2 6 0 128573
2 7 -51 130102
2 8 0 105650
2 9 -67 146666
2 10 0 0
3 4 0 85244
3 6 0 4195
3 7 0 13131
3 8 0 59530
3 9 0 8552
3 10 0 0
4 5 -67 144657
4 7 -46 82929
4 8 -86 131196
4 9 0 24843
4 10 -39 57747
5 7 59 91457
5 9 -74 171908
5 10 -100 211003
6 7 0 140245
6 8 -77 143295
6 9 75 51805
6 10 0 47486
7 9 56 9675
7 10 64 19530
8 9 6 120286
8 10 -47 70693
9 10 47 127050
