100 4304
1 2 0 60699
1 3 19 23708
1 4 0 44910
1 5 0 55362
1 6 -6 42983
1 7 98 30730
1 8 -58 86796
1 9 -87 133004
1 10 48 64706
1 11 0 18954
1 13 -6 78365
1 14 26 36616
1 15 11 31511
1 16 0 107306
1 17 0 78723
1 18 -100 164709
1 19 16 99756
1 20 0 75096
1 21 0 139291
1 23 -27 105579
1 25 0 67249
1 26 0 57896
1 27 99 115656
1 28 51 141028
1 29 -65 153662
1 30 9 66035
1 31 -46 116695
1 32 -89 190292
1 33 64 14514
1 34 0 62420
1 35 78 118323
1 36 0 70588
1 37 53 96034
1 38 0 34412
1 40 -10 35666
1 41 -70 108562
1 42 -91 188028
1 43 0 43610
1 44 0 50451
1 45 0 141473
1 47 0 88040
1 48 -34 103589
1 49 0 51371
1 50 20 141097
1 53 97 17560
1 54 -24 41629
1 55 0 45432
1 57 -47 120017
1 58 0 53496
1 59 -37 72489
1 60 73 119546
1 61 -16 33413
1 62 0 102335
1 63 0 129472
1 64 96 88303
1 65 62 89294
1 66 -52 125563
1 67 -88 177966
1 68 50 55547
1 69 49 96392
1 71 -3 59109
1 72 40 74983
1 73 59 59939
1 74 -77 176052
1 75 0 140791
1 76 45 111577
1 78 0 84359
1 79 -67 165890
1 80 -58 145405
1 82 73 61206
1 84 57 62592
1 85 -88 148250
1 86 -3 34704
1 87 11 22753
1 88 88 88172
1 89 64 12648
1 91 63 121496
1 92 0 44451
1 93 18 59803
1 96 5 49664
1 97 94 50805
1 98 0 67381
1 100 67 24356
2 3 -9 25052
2 4 0 63016
2 5 0 88040
2 6 -40 90783
2 7 -29 57506
2 8 -72 124476
2 9 -16 62203
2 10 -89 174913
2 11 69 22012
2 12 -86 157827
2 13 0 33892
2 14 62 12796
2 16 42 22865
2 17 -15 58115
2 18 -93 190309
2 19 68 1705
2 20 -32 92403
2 21 -33 92662
2 22 -7 35260
2 23 -60 129131
2 24 40 83934
2 25 -70 138427
2 26 0 72490
2 29 61 114576
2 30 -78 138957
2 31 0 123749
2 32 0 141906
2 33 76 122723
2 34 0 29671
2 35 95 60218
2 36 21 128537
2 37 46 80468
2 38 0 112582
2 39 0 128335
2 40 26 122928
2 41 0 0
2 42 0 46739
2 43 98 17797
2 44 -97 211663
2 45 -83 175721
2 46 11 39949
2 47 0 8343
2 48 0 72458
2 49 58 107236
2 50 72 125639
2 51 -88 155624
2 52 27 125485
2 53 0 16998
2 54 0 51452
2 55 0 115693
2 56 66 13588
2 57 0 11916
2 60 0 106953
2 62 0 118569
2 64 -80 147970
2 66 -66 124024
2 67 -40 95876
2 68 -66 133110
2 69 0 4282
2 70 -92 140702
2 71 100 85314
2 73 0 136682
2 74 0 42024
2 76 0 19951
2 77 -5 74414
2 78 -68 134140
2 79 -8 65053
2 80 0 139330
2 81 0 65460
2 82 -15 73721
2 83 -12 33296
2 85 73 93086
2 86 -36 116241
2 87 98 56780
2 88 97 80575
2 89 -57 139132
2 90 3 11010
2 91 -88 172280
2 92 0 23283
2 93 14 42523
2 94 27 13465
2 96 0 18958
2 97 -10 51550
2 98 0 39186
2 100 -1 5962
3 4 -43 127962
3 5 36 60631
3 6 -26 108597
3 7 37 71257
3 8 -31 72192
3 9 -81 138679
3 10 0 89876
3 11 -63 125055
3 12 -24 68158
3 13 0 66980
3 14 10 106683
3 15 0 119489
3 16 84 29455
3 17 37 58533
3 18 0 135756
3 19 87 24983
3 20 70 22080
3 22 0 66378
3 23 0 73613
3 24 0 44191
3 25 56 142948
3 26 0 68025
3 28 -58 111800
3 29 43 36356
3 32 0 43530
3 33 0 60365
3 34 63 64554
3 35 -33 58821
3 36 0 78869
3 37 0 109291
3 38 82 29005
3 39 0 11375
3 40 0 108636
3 41 -81 166404
3 42 0 139287
3 43 86 33416
3 44 -5 7374
3 45 0 19869
3 46 0 40812
3 47 9 16254
3 48 0 35860
3 51 0 26954
3 52 -29 109009
3 53 0 14706
3 54 0 86442
3 55 21 60693
3 56 48 5114
3 57 -39 89845
3 58 0 102134
3 59 0 0
3 61 -6 78254
3 62 43 77181
3 63 76 111617
3 64 89 85975
3 65 -30 109289
3 66 48 110263
3 67 63 29269
3 68 0 30103
3 69 16 95317
3 70 41 23088
3 71 -1 49697
3 72 -86 151358
3 73 -21 63744
3 74 0 132432
3 76 -28 55046
3 77 -86 161128
3 79 -17 25796
3 80 0 64279
3 81 17 3509
3 82 33 138929
3 83 74 100327
3 85 0 54635
3 86 0 134290
3 87 -53 108830
3 89 93 99814
3 90 48 50420
3 91 0 44598
3 92 51 67162
3 94 -23 85837
3 95 -39 57585
3 97 30 119201
3 98 28 32425
3 99 -38 123678
3 100 -19 38864
4 5 -81 183264
4 6 29 113876
4 7 -63 125178
4 8 0 87955
4 9 51 96057
4 10 0 129258
4 11 -63 134424
4 12 96 75186
4 13 88 32420
4 14 92 90649
4 15 0 76605
4 16 57 26013
4 17 25 33077
4 18 74 11231
4 21 0 122555
4 22 0 126493
4 23 34 119630
4 25 -48 128909
4 26 37 22458
4 27 0 133819
4 28 0 118166
4 29 58 143588
4 30 0 39109
4 31 0 126549
4 32 98 140815
4 33 -13 58632
4 34 -18 95869
4 35 0 108595
4 36 -78 154882
4 37 36 60278
4 38 62 46170
4 39 -59 130341
4 40 10 33557
4 41 0 118336
4 42 81 85353
4 43 0 29841
4 44 0 94169
4 45 42 122725
4 46 89 96929
4 47 27 17974
4 48 -21 75546
4 49 11 139275
4 50 0 108133
4 51 46 120684
4 52 -49 93690
4 53 -54 146578
4 54 46 124054
4 55 -17 43278
4 56 0 109216
4 57 85 20802
4 58 74 21524
4 59 0 143014
4 60 -95 184049
4 61 0 134376
4 62 -7 63224
4 63 0 106613
4 64 0 28589
4 65 0 132900
4 66 -80 138346
4 68 -56 130386
4 69 24 130833
4 70 76 64908
4 71 0 86808
4 72 0 141131
4 73 -67 154639
4 74 -93 172093
4 75 -98 206605
4 76 55 5583
4 77 0 17665
4 79 0 54480
4 80 27 28229
4 81 -98 184766
4 82 0 16789
4 83 27 106610
4 84 -7 32571
4 86 -39 70186
4 87 -92 153675
4 88 -61 90834
4 89 0 34062
4 90 77 126201
4 91 0 66309
4 92 -29 71719
4 93 0 27408
4 94 -11 85195
4 95 0 137951
4 96 93 122184
4 97 29 26623
4 98 64 46622
4 99 0 1375
4 100 0 83129
5 7 -24 85937
5 8 -65 157409
5 10 15 3606
5 11 -71 133099
5 12 0 59397
5 13 55 77270
5 14 0 13387
5 15 -100 146797
5 17 0 29750
5 18 79 16494
5 19 -100 211713
5 21 99 99690
5 23 89 67517
5 24 43 123334
5 25 16 81550
5 26 0 102445
5 27 0 48090
5 28 -29 101562
5 29 0 121119
5 30 0 138445
5 32 0 17609
5 33 -32 47939
5 34 2 143469
5 35 17 116105
5 36 0 22975
5 37 36 87384
5 38 -76 123959
5 39 4 12153
5 40 0 135100
5 41 -55 81045
5 42 35 128182
5 44 91 81190
5 45 0 109955
5 46 29 43162
5 47 0 129923
5 48 -71 145241
5 49 -95 145699
5 50 0 90194
5 51 -80 144077
5 52 0 84201
5 53 -61 146084
5 54 51 98671
5 55 -66 149741
5 56 13 108446
5 57 78 16153
5 58 0 138924
5 59 96 13163
5 60 3 50652
5 61 0 75600
5 62 -5 14232
5 63 72 107397
5 64 0 7214
5 65 20 140210
5 66 -2 71197
5 67 56 3633
5 68 -95 186941
5 69 8 76044
5 70 0 49282
5 71 0 57190
5 72 -46 86737
5 73 -48 90410
5 74 0 47614
5 75 -69 160412
5 76 5 49819
5 77 0 89600
5 79 -14 23400
5 80 -86 149144
5 81 -11 32111
5 82 -62 136719
5 83 27 94518
5 84 9 21112
5 85 -51 80103
5 86 6 5637
5 87 0 125689
5 88 75 112985
5 90 -52 119982
5 91 0 64012
5 92 -24 90957
5 93 0 93073
5 94 9 28973
5 96 -24 85971
5 97 -23 86888
5 99 9 13842
5 100 -77 158612
6 7 0 102737
6 8 -9 35400
6 9 -100 165587
6 10 51 130343
6 11 -80 129695
6 12 0 63489
6 13 58 114996
6 14 0 140011
6 15 -62 91584
6 16 -34 107410
6 17 93 87381
6 18 -6 34198
6 19 0 102182
6 20 0 53947
6 21 0 73453
6 22 0 28112
6 23 81 142907
6 24 83 86373
6 25 55 77385
6 26 79 72401
6 27 8 63417
6 28 0 85493
6 29 38 110318
6 32 0 5069
6 33 6 37566
6 35 -19 91038
6 36 27 74697
6 37 -76 121239
6 38 -89 177113
6 39 51 35353
6 41 66 7783
6 42 -92 196644
6 43 93 127273
6 45 0 132733
6 46 -83 164118
6 47 23 97839
6 48 0 139375
6 49 0 0
6 50 0 99028
6 51 -72 116920
6 52 0 85197
6 53 27 108658
6 54 0 135490
6 56 8 56073
6 57 -88 141573
6 58 0 24601
6 60 0 80793
6 61 -80 119863
6 62 0 112350
6 63 -53 128432
6 64 0 99525
6 65 9 101052
6 66 -61 128712
6 67 65 7560
6 68 -67 107167
6 69 -32 62108
6 70 0 22093
6 72 -74 154570
6 73 -1 45385
6 74 29 78045
6 75 0 134180
6 77 0 54900
6 78 83 64443
6 79 -49 129313
6 80 95 110745
6 81 0 69242
6 83 -26 57244
6 84 80 36564
6 86 0 14296
6 87 25 99920
6 88 85 82688
6 89 -99 186979
6 90 0 37119
6 91 7 52356
6 92 -37 64481
6 93 0 98336
6 94 81 119384
6 95 -35 119384
6 96 0 26007
6 97 0 73488
6 98 0 44213
6 99 60 17928
6 100 -23 85971
7 8 -2 20926
7 9 0 58245
7 10 0 46702
7 11 -33 83106
7 12 94 6788
7 13 -59 143355
7 14 15 59612
7 16 -27 87735
7 17 0 10116
7 18 0 15427
7 19 85 32259
7 20 91 92281
7 22 46 111285
7 23 -70 160248
7 24 0 43100
7 25 4 76918
7 26 -68 160557
7 28 0 93437
7 29 14 715
7 31 -69 100725
7 32 -15 69800
7 33 0 10759
7 34 0 99366
7 35 57 103826
7 36 -52 108039
7 37 -75 155488
7 38 0 52193
7 39 -47 132854
7 40 -13 83903
7 41 96 22401
7 43 -3 51583
7 44 0 109098
7 45 -83 135037
7 46 0 139611
7 47 0 15598
7 48 -90 194366
7 49 51 39397
7 50 -23 95588
7 51 0 143230
7 52 0 21528
7 53 0 77864
7 54 55 116739
7 55 45 123989
7 56 16 37660
7 57 -42 86706
7 58 7 19711
7 59 15 15879
7 60 0 55588
7 61 7 33506
7 62 0 74178
7 63 57 128469
7 64 82 73714
7 65 -60 117102
7 67 -48 118717
7 68 90 4543
7 69 0 123053
7 70 0 110254
7 72 90 133156
7 73 -50 115937
7 74 50 60631
7 75 0 18942
7 76 0 96246
7 77 55 96256
7 78 0 0
7 79 0 22241
7 80 -10 33170
7 81 35 33854
7 82 -87 154743
7 83 0 41853
7 84 48 23550
7 85 -16 60699
7 86 0 131297
7 87 69 111184
7 88 36 129137
7 90 92 131559
7 92 -32 91912
7 93 38 139589
7 95 -40 124889
7 96 83 50776
7 97 0 15552
7 98 33 69429
7 99 0 0
7 100 -27 51982
8 9 0 45984
8 10 -92 192199
8 11 70 16135
8 12 -33 52479
8 13 -38 123819
8 14 -52 110251
8 15 -91 186438
8 16 0 138634
8 18 24 67747
8 19 -92 160911
8 20 64 11106
8 21 16 42428
8 23 0 76193
8 24 66 10111
8 25 0 72320
8 27 -75 168653
8 29 0 121461
8 30 44 11862
8 31 0 86683
8 32 63 70890
8 34 90 104046
8 35 0 29683
8 36 0 124254
8 37 -9 52595
8 38 -78 158289
8 39 98 78082
8 40 0 4171
8 41 -59 153488
8 42 0 90322
8 43 47 6432
8 44 63 106951
8 45 65 97200
8 46 0 52454
8 47 0 18444
8 48 13 126519
8 49 30 96205
8 50 0 129359
8 51 0 66666
8 52 -88 137552
8 53 -69 107433
8 54 -4 53725
8 55 14 106341
8 56 98 132182
8 57 -20 38725
8 58 -49 102238
8 60 0 17118
8 61 0 79959
8 62 51 101600
8 63 0 34020
8 64 0 142032
8 65 0 6329
8 66 57 92251
8 67 87 43878
8 68 -3 13256
8 69 3 141425
8 70 99 37808
8 71 2 14460
8 72 -42 131511
8 73 41 64774
8 74 85 97418
8 75 0 25671
8 76 0 27780
8 77 0 141723
8 78 35 116787
8 79 20 4137
8 80 0 7648
8 81 0 76320
8 82 -41 115276
8 83 0 4029
8 84 0 137018
8 85 36 43908
8 86 14 77069
8 87 0 19746
8 88 0 123116
8 90 -67 115665
8 91 0 99806
8 92 -11 22944
8 94 0 119285
8 95 -56 101527
8 96 13 76987
8 97 28 56208
8 98 -59 123317
8 99 0 41985
8 100 14 35502
9 10 72 22099
9 11 0 7753
9 12 -43 113320
9 14 0 133526
9 16 94 59256
9 17 -63 133074
9 18 71 122503
9 19 62 122150
9 20 52 69948
9 21 46 516
9 22 88 33555
9 23 0 101738
9 24 0 134785
9 25 0 4109
9 26 0 0
9 27 -19 92664
9 28 0 106445
9 29 -2 42337
9 30 0 47375
9 31 -28 69611
9 32 -70 120919
9 33 0 54410
9 34 0 22504
9 35 -56 119245
9 36 -15 50099
9 37 0 82869
9 38 1 18498
9 39 -27 70677
9 40 -82 188376
9 41 0 77220
9 42 -35 76466
9 43 -33 100980
9 44 90 107630
9 45 30 63890
9 46 -73 173076
9 47 42 126388
9 48 58 28200
9 50 77 109085
9 51 -92 192913
9 52 0 27100
9 53 -63 117524
9 54 0 18435
9 55 86 92380
9 56 0 27131
9 57 0 19826
9 59 0 11768
9 61 -7 30349
9 62 -55 129375
9 63 -1 18950
9 64 -26 98884
9 65 20 126436
9 66 -74 129919
9 67 -12 40528
9 68 56 18019
9 69 0 46616
9 70 30 92855
9 72 -97 139916
9 73 -16 90844
9 74 -9 45619
9 75 0 98465
9 76 77 54504
9 77 -74 156309
9 78 45 82452
9 79 0 56013
9 80 -99 164582
9 81 0 97883
9 83 -38 65495
9 85 81 133698
9 86 0 50634
9 89 0 128147
9 90 -12 34664
9 91 0 73045
9 92 0 26354
9 93 0 64449
9 94 54 47414
9 95 -43 132467
9 96 0 90280
9 97 -98 175286
9 98 -44 132294
9 99 42 34958
9 100 -92 190650
10 11 84 138882
10 12 -96 163498
10 13 0 0
10 14 10 40738
10 15 -27 60797
10 16 34 123780
10 17 34 48827
10 18 0 120584
10 19 -32 109279
10 20 -84 131105
10 21 0 0
10 22 6 118748
10 23 86 135736
10 24 -30 90003
10 25 -48 83631
10 26 0 47847
10 28 80 97809
10 29 76 2822
10 31 -32 116543
10 32 -49 118647
10 33 -66 106463
10 34 -76 155158
10 35 0 121830
10 36 65 97218
10 37 69 121539
10 38 65 45691
10 39 -53 88206
10 41 -27 86560
10 43 -60 132595
10 44 -5 69657
10 45 -89 176040
10 46 -22 44196
10 47 0 77287
10 48 84 39475
10 49 44 86489
10 50 72 62609
10 51 90 88902
10 53 86 137449
10 54 -37 75173
10 55 57 84649
10 56 -81 138675
10 57 0 130810
10 58 50 13974
10 59 54 83850
10 60 -11 58586
10 61 17 116958
10 62 0 59010
10 63 -91 182642
10 65 -93 178832
10 66 -55 140855
10 67 29 11423
10 68 66 27177
10 69 74 57806
10 70 90 87777
10 72 0 72235
10 73 -61 107996
10 74 0 89160
10 75 -45 90471
10 76 0 11650
10 77 0 14152
10 78 -75 159291
10 79 38 13155
10 80 -31 83798
10 81 0 57543
10 82 95 40120
10 83 -100 163968
10 85 0 8874
10 86 0 12348
10 87 0 138918
10 88 93 23096
10 89 -46 86008
10 90 0 26926
10 92 -51 122170
10 93 40 17715
10 94 0 84727
10 95 -74 133902
10 96 -65 114578
10 97 0 54631
10 98 23 103976
10 99 -49 132880
10 100 -76 172468
11 12 15 122039
11 13 94 23499
11 14 -77 152512
11 15 0 0
11 16 -74 162975
11 17 -71 103737
11 18 -34 63996
11 19 -74 149206
11 20 -11 37102
11 21 0 0
11 22 0 111011
11 23 0 68048
11 24 53 105354
11 26 0 42854
11 28 96 34923
11 29 64 115486
11 30 92 58502
11 31 70 142227
11 32 39 29300
11 33 4 13870
11 34 1 108960
11 35 -49 125055
11 36 -25 104988
11 37 55 123885
11 39 0 46365
11 40 0 76995
11 41 0 130665
11 42 0 85285
11 43 0 0
11 44 0 21764
11 45 33 134696
11 48 -20 68600
11 49 0 51987
11 50 87 98086
11 51 -35 102932
11 52 87 14201
11 54 42 140339
11 56 0 102139
11 57 -34 87786
11 58 -54 139447
11 59 9 383
11 61 8 1797
11 62 74 17966
11 63 0 135244
11 64 -91 162704
11 65 0 82113
11 66 -69 103167
11 67 0 81690
11 68 -90 138844
11 69 9 121566
11 71 -23 84123
11 72 -84 121696
11 75 -34 96278
11 78 0 26262
11 79 -81 179260
11 80 -22 53585
11 81 0 25689
11 82 -64 127778
11 83 0 110141
11 85 -57 99206
11 86 29 107882
11 87 0 84461
11 88 -32 68572
11 89 92 13662
11 91 27 143329
11 92 0 118328
11 93 0 14862
11 94 39 48715
11 95 -22 80497
11 96 86 25608
11 97 0 99054
11 100 0 81493
12 13 36 57274
12 16 0 96536
12 17 0 56564
12 20 0 77407
12 21 88 141443
12 22 0 107606
12 23 0 92796
12 24 -54 115917
12 25 0 131839
12 26 -58 110572
12 27 0 33779
12 28 92 70220
12 29 34 106426
12 31 -21 40530
12 32 0 75592
12 33 33 100853
12 34 54 8913
12 35 15 21931
12 36 0 86193
12 37 0 38141
12 38 35 3795
12 39 23 100765
12 40 -92 132895
12 41 4 114460
12 42 0 29850
12 43 -97 159636
12 44 58 17453
12 45 53 29325
12 47 56 104287
12 48 0 53717
12 51 0 118124
12 52 100 45996
12 53 -29 108902
12 54 0 30337
12 55 0 125582
12 56 0 46879
12 58 0 102977
12 61 92 56777
12 62 0 69566
12 63 0 0
12 65 -78 175160
12 66 -13 65306
12 67 90 65858
12 68 36 75865
12 69 4 120485
12 70 17 125658
12 72 -90 172791
12 73 -64 150902
12 74 0 50010
12 75 -34 83853
12 77 -30 103305
12 78 0 139628
12 79 83 5012
12 80 -36 103581
12 82 0 70832
12 83 56 115040
12 84 85 118361
12 85 0 112214
12 87 -30 86067
12 88 -90 175894
12 90 97 60866
12 91 53 11964
12 92 -30 81410
12 93 -53 115744
12 94 75 68042
12 95 59 123795
12 96 0 143757
12 97 0 8435
12 98 39 54246
12 99 0 87454
12 100 -62 143619
13 15 0 123081
13 16 0 0
13 17 0 131603
13 18 8 120321
13 19 17 64516
13 20 75 98418
13 21 66 87562
13 23 0 495
13 24 54 92540
13 25 -71 119027
13 26 0 55273
13 27 -96 184828
13 29 42 88816
13 30 0 99471
13 31 -15 63730
13 32 45 7031
13 33 11 91441
13 34 87 37774
13 35 0 138161
13 37 10 133541
13 38 0 78700
13 39 0 142620
13 40 -27 45365
13 41 56 123865
13 42 -67 165427
13 45 -51 121186
13 46 -14 64153
13 48 26 12063
13 49 0 122386
13 50 0 132260
13 53 4 83426
13 54 48 26864
13 55 46 78681
13 57 0 57019
13 58 -28 110568
13 59 0 39858
13 60 0 38854
13 61 0 122066
13 62 94 39142
13 63 -66 105332
13 64 -22 74791
13 65 85 29705
13 66 22 11104
13 67 0 26617
13 68 0 19043
13 69 0 81041
13 70 -29 100124
13 71 -73 110915
13 72 -90 167277
13 73 0 143978
13 74 67 37038
13 76 0 76487
13 77 0 98664
13 79 0 72276
13 80 -62 143069
13 81 1 128818
13 82 77 134226
13 83 0 829
13 84 67 67212
13 85 15 67911
13 86 11 119581
13 88 0 68585
13 90 0 21684
13 91 0 91108
13 92 92 78236
13 93 0 50361
13 94 -1 28053
13 95 95 100096
13 96 0 0
13 97 0 36747
13 98 0 126934
13 99 34 23695
13 100 -33 72845
14 15 41 132030
14 16 0 69688
14 17 0 29576
14 18 -55 119604
14 20 0 55402
14 21 26 33792
14 22 0 7992
14 23 81 88533
14 24 79 102773
14 25 21 20788
14 26 0 46613
14 27 -26 77133
14 28 65 60682
14 29 0 83515
14 30 4 15315
14 31 0 13928
14 32 0 4353
14 33 0 84059
14 34 0 103073
14 35 -62 91344
14 36 0 13833
14 37 0 130177
14 39 0 3467
14 40 0 27814
14 41 21 2951
14 42 -52 140127
14 43 -82 158160
14 44 30 115486
14 45 -4 30249
14 46 0 0
14 47 76 48442
14 48 63 39595
14 49 -13 77233
14 50 0 69196
14 51 47 84069
14 52 -5 79028
14 53 -78 151773
14 54 -85 152273
14 55 0 123268
14 56 -40 109099
14 57 -60 152894
14 58 -100 161480
14 59 61 120282
14 60 0 0
14 62 88 134883
14 64 0 136841
14 65 0 41151
14 66 -26 69802
14 68 48 15526
14 69 35 47094
14 70 0 25402
14 71 -43 129960
14 72 -21 49576
14 73 -75 160437
14 74 -20 75805
14 75 29 56181
14 76 -20 66575
14 77 -62 117850
14 78 0 134237
14 79 71 74945
14 80 0 79216
14 81 84 9352
14 82 0 110340
14 83 37 64349
14 85 -76 158769
14 86 0 98138
14 87 0 29905
14 88 0 117721
14 89 0 0
14 90 0 18495
14 91 88 54242
14 92 0 131770
14 93 46 67609
14 94 -43 80529
14 96 0 28037
14 97 -63 122034
14 98 -39 115762
14 99 0 80270
14 100 0 21948
15 16 -22 74051
15 17 22 138450
15 18 0 28970
15 19 44 45651
15 21 -13 49409
15 24 -4 73907
15 25 -46 116451
15 26 43 20935
15 27 64 46942
15 28 0 0
15 29 7 118347
15 30 -35 71808
15 31 97 58130
15 32 0 93049
15 33 0 20072
15 34 0 15161
15 35 8 128494
15 37 13 89640
15 38 -54 125907
15 39 -97 200333
15 40 -16 29982
15 41 47 66950
15 42 0 51971
15 44 0 105691
15 46 15 140113
15 47 0 102441
15 48 44 132559
15 49 75 97454
15 50 0 28006
15 51 0 130939
15 52 -82 150277
15 53 12 79925
15 54 0 143777
15 55 0 69220
15 57 -78 174555
15 58 73 11959
15 59 0 88518
15 60 86 89612
15 61 96 128835
15 62 54 12730
15 64 70 42219
15 65 -91 145238
15 66 -19 96929
15 67 -82 137336
15 68 -51 130778
15 69 -19 52161
15 70 -62 116596
15 71 11 134323
15 73 51 34366
15 74 67 65227
15 75 0 18892
15 76 -42 65604
15 77 -61 141835
15 78 -83 140280
15 79 87 137220
15 80 -4 14974
15 81 0 18950
15 82 9 54629
15 83 -54 144647
15 84 0 102462
15 85 -53 127254
15 88 62 28343
15 89 0 30063
15 90 0 102212
15 91 61 66490
15 92 0 11657
15 93 -26 84313
15 94 -90 152094
15 95 -16 51584
15 96 0 47490
15 97 30 42111
15 98 35 22648
15 99 0 91942
15 100 48 26519
16 17 35 75734
16 18 78 134793
16 19 76 128959
16 20 0 64687
16 21 19 56842
16 22 17 36573
16 23 -97 170406
16 24 0 115356
16 26 41 127273
16 27 -77 139042
16 29 72 143477
16 30 68 10640
16 31 0 3960
16 34 0 80268
16 35 -30 69959
16 36 54 40943
16 37 0 92495
16 38 0 85762
16 39 -51 111412
16 40 1 8931
16 42 53 108318
16 43 -45 106759
16 44 -10 58802
16 45 -89 195122
16 46 0 46669
16 47 0 42684
16 48 -17 38846
16 49 9 128498
16 50 0 120870
16 51 0 104725
16 52 90 102970
16 54 0 10816
16 55 -80 151698
16 56 52 73709
16 58 -16 83714
16 59 0 11340
16 60 -13 65037
16 61 0 38384
16 63 -86 159023
16 64 -80 118510
16 65 34 118133
16 67 -58 101931
16 68 0 134394
16 69 67 128577
16 70 65 101890
16 71 38 26255
16 72 0 68205
16 73 47 102826
16 74 96 7937
16 75 0 29552
16 77 -33 102906
16 78 18 50671
16 79 -37 63762
16 80 -86 151201
16 81 -94 199894
16 82 -24 73032
16 83 21 20193
16 84 76 48390
16 85 80 48153
16 86 0 69232
16 87 0 53662
16 88 0 111542
16 89 36 29567
16 90 0 125957
16 91 0 108765
16 92 -50 75862
16 93 -74 176856
16 94 0 26939
16 95 -26 67795
16 96 -83 141179
16 97 -84 178168
16 98 -69 146113
16 99 0 45846
16 100 -23 81712
17 19 98 81744
17 21 0 43560
17 22 0 43416
17 23 0 48630
17 24 54 83596
17 25 0 56486
17 26 0 126348
17 27 85 100667
17 28 0 121550
17 29 84 40013
17 30 0 11403
17 31 62 3498
17 32 -47 121557
17 33 33 137890
17 34 0 14418
17 35 6 21980
17 36 -23 71504
17 37 73 121299
17 38 -38 92906
17 39 76 58791
17 40 0 65404
17 41 -96 168292
17 45 -53 109954
17 46 -18 90059
17 47 25 86606
17 48 62 61549
17 49 60 69666
17 50 60 105566
17 51 0 0
17 52 -58 135495
17 54 0 16590
17 55 0 117829
17 56 38 109738
17 57 -77 137595
17 58 6 86868
17 59 0 11431
17 60 -28 62111
17 62 -84 177755
17 64 15 74834
17 65 -94 152791
17 66 -73 118029
17 68 26 79107
17 69 23 27829
17 70 0 116949
17 71 53 129902
17 72 0 104865
17 73 0 103110
17 74 -82 185504
17 75 -37 98214
17 76 88 29476
17 77 0 30733
17 78 49 112905
17 79 -19 80804
17 80 0 135243
17 81 88 91801
17 82 0 82698
17 83 -88 197852
17 84 49 41046
17 85 50 87279
17 87 0 63221
17 89 94 103137
17 90 78 110467
17 91 86 142540
17 92 8 6633
17 93 -1 40664
17 94 42 135379
17 95 0 1691
17 96 -96 202330
17 97 -6 72137
17 98 17 39913
17 99 67 65833
17 100 29 15448
18 19 78 57595
18 20 -28 103621
18 21 0 0
18 22 0 0
18 24 -30 90874
18 25 -61 123104
18 27 -50 123754
18 29 -41 70132
18 30 0 66289
18 31 100 60315
18 32 78 80900
18 33 -84 168366
18 34 -30 98409
18 35 -19 29648
18 36 89 40056
18 37 99 17913
18 38 95 99052
18 39 -88 158598
18 40 24 88950
18 41 -43 106111
18 42 0 139384
18 43 -35 119903
18 44 -68 106396
18 45 -98 153598
18 46 46 89068
18 47 0 143926
18 48 -17 34404
18 49 -66 108858
18 50 -54 135048
18 51 0 92445
18 52 0 0
18 53 95 32374
18 54 92 14755
18 55 -45 101341
18 56 -65 135803
18 58 60 41627
18 60 0 75903
18 61 23 14174
18 62 -66 117664
18 63 43 533
18 64 0 43501
18 65 -100 184223
18 66 -84 157448
18 67 -90 175871
18 68 -43 127525
18 70 0 102944
18 71 -47 83453
18 72 -73 121164
18 73 0 34240
18 74 0 77138
18 76 -67 103013
18 77 96 116422
18 78 0 85865
18 79 40 76660
18 80 100 133738
18 81 37 649
18 82 -12 31838
18 83 0 54448
18 84 0 67950
18 85 -78 114615
18 86 -53 102731
18 87 40 37547
18 88 0 65582
18 89 0 100477
18 90 -50 125696
18 92 -65 125127
18 93 79 138100
18 94 41 123021
18 95 -34 87147
18 96 35 8565
18 97 -92 199700
18 98 13 106229
18 99 0 30447
18 100 0 102702
19 21 -22 82301
19 22 0 141772
19 23 30 107682
19 24 -26 101053
19 25 47 20408
19 26 0 42679
19 27 52 21903
19 28 0 65150
19 29 20 26528
19 30 46 93481
19 31 0 77838
19 32 -27 73633
19 33 -79 115880
19 34 0 73733
19 35 35 127269
19 36 0 95770
19 37 95 117810
19 38 -33 87271
19 39 35 143254
19 40 10 88987
19 41 25 4797
19 42 -27 83546
19 43 -50 133154
19 44 0 62888
19 45 -23 79209
19 46 -32 47158
19 47 0 111779
19 48 -87 129736
19 49 -88 191070
19 50 59 140575
19 51 0 89355
19 52 -64 108007
19 53 26 53467
19 54 -5 27587
19 55 38 116337
19 56 42 118217
19 57 -93 147909
19 58 0 8048
19 59 -2 5112
19 60 0 40898
19 61 0 105708
19 62 -2 36465
19 63 -58 141508
19 65 92 116080
19 66 0 143789
19 67 0 97162
19 68 0 121018
19 69 -93 203626
19 70 36 40183
19 71 -4 32328
19 72 -20 77607
19 73 0 46215
19 75 40 11906
19 76 -17 47237
19 78 -18 32570
19 80 0 62620
19 81 -56 84740
19 82 0 98176
19 83 -84 177813
19 84 -67 148453
19 86 -20 89900
19 87 -35 115096
19 88 -91 189064
19 89 3 103314
19 90 19 42222
19 92 0 90050
19 93 -4 28421
19 94 25 135326
19 95 -92 182125
19 96 65 128702
19 97 -24 91789
19 99 0 71725
19 100 34 1520
20 21 -17 72113
20 23 -41 80357
20 24 -49 103280
20 25 8 124577
20 26 -78 124837
20 27 20 110346
20 28 0 6532
20 29 -29 80837
20 30 0 119190
20 31 -98 175661
20 32 -5 22496
20 33 -73 132608
20 34 0 131831
20 35 0 77812
20 38 0 54872
20 39 -30 67981
20 40 92 50614
20 41 73 14674
20 42 0 140411
20 43 -94 171667
20 44 74 104065
20 45 -33 116119
20 47 0 633
20 48 11 50815
20 49 0 57496
20 50 0 69589
20 51 -45 121185
20 52 -56 123038
20 53 74 64528
20 54 -60 105006
20 55 -52 75537
20 56 0 49067
20 57 -78 115864
20 59 19 6832
20 60 42 83033
20 61 49 61610
20 62 58 78392
20 63 0 4791
20 64 3 66495
20 65 0 44844
20 66 20 113482
20 67 -32 106008
20 68 20 83977
20 69 0 108397
20 70 0 21228
20 71 -40 59134
20 72 -19 91042
20 73 9 29358
20 75 97 82063
20 78 0 45545
20 79 46 22670
20 80 -27 42986
20 81 58 66155
20 82 36 119660
20 83 -32 61382
20 84 0 104283
20 86 -77 132157
20 87 -76 171848
20 88 68 6554
20 89 48 2960
20 90 50 110205
20 91 0 130716
20 92 -24 40085
20 93 -80 141998
20 94 0 130743
20 96 0 116756
20 97 -44 67185
20 98 0 93579
20 99 19 7824
20 100 0 12357
21 22 0 9437
21 24 -57 100072
21 25 83 107892
21 26 0 77414
21 27 -21 50101
21 29 0 453
21 30 0 87363
21 31 12 25341
21 32 -59 101403
21 33 -6 23673
21 34 7 88760
21 35 -74 117281
21 36 -26 100888
21 37 0 30679
21 38 0 60804
21 39 0 51243
21 40 85 139845
21 41 16 52774
21 43 0 0
21 44 100 38291
21 45 74 81021
21 46 0 92430
21 47 0 38183
21 48 -56 116971
21 49 0 51973
21 50 -43 88554
21 52 0 26671
21 53 -76 162327
21 54 63 21398
21 55 100 43109
21 57 -26 77354
21 58 94 71683
21 59 50 17074
21 60 0 0
21 61 -40 112511
21 62 -10 54406
21 63 0 109595
21 64 -88 161007
21 65 0 28656
21 66 90 101506
21 67 0 0
21 68 -73 130910
21 69 0 965
21 70 -10 25844
21 71 44 1198
21 72 -94 148370
21 73 43 138090
21 74 70 85133
21 75 0 111297
21 76 -58 89385
21 77 91 53357
21 78 29 64847
21 79 0 135421
21 80 -69 165478
21 81 -32 92145
21 82 -72 128420
21 85 0 114755
21 86 -88 184845
21 87 -27 78648
21 88 -98 164239
21 89 -59 145341
21 90 65 138907
21 91 30 7437
21 92 0 7991
21 93 26 100772
21 94 -41 63028
21 95 0 109350
21 97 -51 138071
21 98 -15 35041
21 99 -23 94252
21 100 0 59592
22 23 38 32280
22 24 97 60879
22 27 0 64591
22 28 -32 97612
22 29 0 96827
22 30 94 93885
22 31 -10 58551
22 32 20 73077
22 33 91 134163
22 34 52 103581
22 35 -59 104810
22 36 50 111115
22 38 85 17191
22 40 -38 84855
22 41 -42 89219
22 42 29 36060
22 43 52 129379
22 45 -67 123142
22 47 71 129296
22 50 74 79840
22 52 0 51238
22 53 8 4001
22 54 56 21370
22 55 24 79245
22 56 47 123628
22 57 -73 175389
22 58 0 23373
22 59 8 100885
22 60 -57 144694
22 61 -58 97454
22 62 6 70849
22 63 0 122131
22 64 0 107130
22 65 0 112870
22 66 0 87248
22 67 -86 158467
22 69 -30 48609
22 70 78 55221
22 71 -73 147400
22 72 -55 112294
22 73 -47 79409
22 74 48 40601
22 75 -24 59553
22 76 -22 33351
22 77 -17 69036
22 78 -89 149512
22 80 0 59315
22 81 0 0
22 82 0 41730
22 83 -36 73129
22 84 -22 70040
22 85 -87 175825
22 86 0 77351
22 87 0 76910
22 88 44 56661
22 89 -57 131148
22 90 50 32912
22 91 0 136216
22 92 0 52146
22 93 -42 92193
22 94 -46 86597
22 95 44 40407
22 96 72 8066
22 97 -14 52270
22 98 -59 142818
22 99 -49 75098
22 100 0 115122
23 24 58 39370
23 25 0 123878
23 26 0 77225
23 27 50 123392
23 28 72 116920
23 30 0 86067
23 31 0 7307
23 32 17 69567
23 33 -88 152285
23 35 -25 47460
23 36 36 100731
23 37 -33 79494
23 39 72 137030
23 40 -76 143320
23 41 -99 179499
23 42 -22 51680
23 43 -57 124226
23 44 27 33587
23 45 3 60148
23 47 -28 86448
23 48 -70 124865
23 50 -18 60450
23 51 -36 89489
23 52 -100 152492
23 53 -68 166429
23 55 48 85766
23 56 -24 38107
23 57 7 16278
23 58 0 64072
23 59 66 109120
23 60 -71 108784
23 61 0 107959
23 62 68 13306
23 63 -61 125988
23 64 0 0
23 67 79 17948
23 68 72 59428
23 69 -59 89307
23 70 -10 19817
23 71 0 122345
23 72 -48 73217
23 73 0 32493
23 74 53 106155
23 75 0 48350
23 76 -69 146454
23 77 68 20887
23 78 -4 6119
23 79 5 35849
23 80 1 46548
23 81 -62 96064
23 82 0 95426
23 85 63 138348
23 86 -12 86001
23 88 -34 115531
23 89 0 0
23 90 48 88119
23 92 -94 197339
23 93 20 104762
23 94 0 15391
23 95 0 12152
23 96 1 89305
23 97 -7 32112
23 98 -69 112339
23 99 29 15570
23 100 0 82926
24 25 -11 76406
24 26 24 46067
24 27 0 131385
24 28 56 79696
24 29 0 104888
24 30 0 79575
24 31 19 125124
24 32 0 77336
24 33 0 43533
24 34 0 89870
24 35 0 2805
24 38 14 18970
24 39 0 0
24 41 17 19622
24 42 -99 165609
24 43 11 24099
24 44 68 97704
24 45 0 42047
24 46 -84 147858
24 47 75 5119
24 48 0 31235
24 49 0 79502
24 50 7 2575
24 51 0 46311
24 52 -78 114189
24 53 0 115671
24 54 0 0
24 55 11 61485
24 56 -83 180170
24 57 0 38021
24 58 44 101864
24 59 12 82026
24 60 42 89569
24 61 74 76197
24 62 0 127177
24 63 84 102010
24 64 0 79520
24 65 0 16009
24 66 47 113830
24 67 0 124355
24 68 -96 185754
24 69 0 33466
24 70 0 87525
24 71 25 109185
24 72 0 130196
24 73 0 7262
24 74 62 18746
24 75 0 133672
24 76 -61 156692
24 77 54 133269
24 78 17 86550
24 79 83 32940
24 80 -89 170178
24 81 -24 94602
24 82 0 74187
24 83 36 113780
24 84 -99 170423
24 85 0 129726
24 86 -9 59341
24 87 0 96818
24 88 0 109112
24 89 -27 90120
24 90 24 143868
24 91 -57 149449
24 92 0 63586
24 93 0 13771
24 94 14 111339
24 95 -86 124166
24 96 0 49299
24 97 7 13459
24 98 -29 54846
24 99 0 94677
24 100 59 72722
25 26 52 59169
25 27 16 63523
25 28 -48 85916
25 29 -66 99194
25 30 84 56327
25 31 56 138724
25 32 0 60260
25 33 -44 68986
25 34 0 94743
25 36 0 62203
25 37 44 34637
25 38 -29 82507
25 39 0 119249
25 40 86 110105
25 41 -55 126238
25 42 27 18921
25 43 0 110432
25 44 27 24084
25 46 0 52177
25 47 0 80761
25 48 -1 67348
25 49 55 52592
25 50 -12 56528
25 51 0 136256
25 52 98 779
25 53 -84 140296
25 55 0 78160
25 56 0 119328
25 57 87 44538
25 58 -57 137614
25 59 -87 169909
25 60 9 97509
25 61 0 29401
25 62 0 117606
25 63 -27 71904
25 64 -27 99434
25 65 49 42397
25 66 -43 75096
25 68 -18 49024
25 69 -47 80574
25 70 0 90123
25 71 0 68298
25 72 0 81597
25 73 0 23197
25 74 0 0
25 75 85 69898
25 76 40 103460
25 77 0 25430
25 78 34 66365
25 79 64 54101
25 80 0 24271
25 81 0 114984
25 82 0 111760
25 83 9 42392
25 84 35 12974
25 85 -87 191606
25 86 0 18405
25 88 0 119808
25 90 -25 66975
25 91 0 76145
25 92 -96 209914
25 93 -5 10956
25 94 0 59489
25 95 0 65636
25 96 72 8788
25 97 81 126539
25 98 -10 40561
25 99 -95 165960
25 100 0 0
26 27 23 58261
26 28 0 0
26 29 -16 52555
26 30 0 98299
26 33 0 6809
26 34 54 10354
26 37 85 40505
26 38 0 124100
26 41 0 99036
26 44 0 84727
26 45 0 46742
26 46 -92 200024
26 47 0 93129
26 48 0 92339
26 49 -86 194063
26 50 0 0
26 51 -47 76543
26 53 52 118201
26 54 -19 60407
26 56 19 46831
26 57 -14 39720
26 58 -81 186383
26 59 0 17854
26 60 0 125330
26 61 3 16121
26 62 94 2375
26 63 0 109165
26 64 39 81729
26 65 -18 68131
26 66 -42 94484
26 67 97 108281
26 69 -18 67682
26 70 0 5494
26 71 16 87739
26 73 69 143941
26 75 -64 160433
26 76 0 73180
26 79 -91 196535
26 80 0 115003
26 81 0 48884
26 82 0 66828
26 83 34 109620
26 84 0 66180
26 85 -1 6914
26 86 0 29398
26 87 -33 94690
26 88 87 47847
26 90 78 124501
26 91 -74 169956
26 92 -86 180318
26 95 0 95856
26 96 -65 136227
26 97 81 55652
26 98 0 1700
26 99 -19 36094
26 100 -32 95298
27 28 98 142032
27 31 0 35689
27 33 0 95215
27 34 0 88170
27 35 -51 114805
27 36 -65 104544
27 37 -19 32032
27 38 -29 74428
27 39 71 18771
27 40 -54 87930
27 41 -90 145284
27 42 9 29796
27 43 47 117315
27 44 0 108787
27 45 -80 173747
27 46 0 21636
27 48 30 60562
27 49 -54 110818
27 50 46 65405
27 51 -27 74594
27 53 0 29322
27 54 -21 87411
27 55 98 82025
27 56 0 120532
27 57 0 135286
27 58 28 55095
27 59 -92 179909
27 61 -98 158004
27 62 -30 71075
27 64 -32 62685
27 65 36 83829
27 66 0 22845
27 68 64 95640
27 69 14 120962
27 70 0 52307
27 71 71 77914
27 72 0 11154
27 73 28 120385
27 74 -66 155054
27 76 36 96282
27 77 40 29573
27 78 100 42440
27 79 25 14036
27 81 -16 93243
27 83 -82 151076
27 84 17 16871
27 85 -96 184498
27 86 67 128997
27 87 0 98944
27 88 -58 144269
27 90 88 84226
27 91 0 128529
27 92 -11 49721
27 93 -51 136641
27 94 38 93658
27 95 44 110545
27 96 0 114318
27 98 0 40684
27 99 0 42905
27 100 84 82890
28 29 36 104666
28 30 0 3457
28 31 68 77523
28 32 0 81446
28 33 -5 62903
28 34 0 76606
28 35 0 19897
28 36 0 42958
28 37 0 112384
28 38 3 86612
28 39 26 30050
28 40 -47 134970
28 41 -83 153152
28 43 0 5338
28 44 -74 141268
28 45 55 68188
28 48 0 125014
28 49 -100 212132
28 50 0 137620
28 51 17 7057
28 52 0 121965
28 54 0 140266
28 55 -99 214224
28 56 -15 30009
28 57 -36 79429
28 58 -49 104862
28 59 -65 104943
28 61 0 55817
28 62 0 65327
28 63 -85 149672
28 64 0 84093
28 66 20 141856
28 67 36 20184
28 68 34 4546
28 70 -16 44789
28 71 -60 153955
28 73 -7 20942
28 74 20 11297
28 75 33 27511
28 77 -92 189550
28 78 -1 38563
28 79 89 90172
28 80 90 107065
28 81 2 117650
28 82 0 85099
28 83 -47 82641
28 84 -60 106575
28 85 -57 145750
28 86 0 139710
28 87 65 63352
28 88 0 11399
28 89 0 87926
28 90 0 43521
28 91 0 13725
28 92 23 72521
28 93 -50 116771
28 94 -77 148457
28 95 0 84680
28 96 28 82377
28 97 84 16816
28 98 20 136504
28 99 -8 45687
28 100 -4 69715
29 30 0 77989
29 31 0 78888
29 33 0 0
29 34 70 73608
29 35 -91 176135
29 36 0 54574
29 37 -48 100434
29 38 34 48436
29 39 -77 148093
29 40 -16 67030
29 41 -40 123066
29 42 -58 136085
29 43 0 15531
29 44 96 25084
29 46 0 112479
29 47 19 131492
29 48 46 56530
29 49 0 106948
29 50 0 133674
29 51 86 23493
29 52 0 0
29 53 -13 60084
29 54 3 15750
29 55 -51 114929
29 56 -6 58520
29 57 37 63397
29 58 0 136524
29 59 71 141075
29 60 -54 139894
29 62 1 69447
29 63 45 16806
29 64 -68 116780
29 65 -4 6346
29 66 -40 80974
29 68 0 130491
29 69 -29 72541
29 70 -65 107426
29 71 -42 89303
29 72 -82 178055
29 73 -19 29549
29 74 0 127446
29 75 40 90575
29 76 62 77224
29 77 0 27355
29 78 1 84626
29 79 0 94198
29 80 6 100565
29 81 -40 123063
29 83 0 31530
29 84 0 73312
29 85 -81 163491
29 87 0 39040
29 88 0 80323
29 89 0 0
29 90 0 85181
29 91 0 82693
29 93 83 88984
29 94 38 97197
29 95 -32 68370
29 97 -8 81049
29 98 -20 36490
29 99 0 58003
29 100 -18 80250
30 31 17 42190
30 32 77 53061
30 33 -88 156045
30 34 0 67866
30 35 -44 117006
30 36 13 80239
30 37 92 61185
30 38 0 11859
30 39 -41 86075
30 40 -88 187468
30 42 -5 19960
30 44 -30 56011
30 45 0 24592
30 46 80 24953
30 47 11 17611
30 48 0 142034
30 49 -10 85635
30 51 16 91623
30 53 98 4709
30 54 -72 169609
30 55 94 13934
30 56 -88 145259
30 57 -43 75252
30 58 52 113771
30 59 -65 123627
30 60 16 72423
30 61 0 65271
30 62 -55 149688
30 63 0 142798
30 64 46 107569
30 65 99 56838
30 66 27 99516
30 67 0 0
30 68 -15 54276
30 69 -72 168141
30 71 -51 94709
30 73 0 134876
30 74 -49 121789
30 75 0 42332
30 76 0 133677
30 77 7 128473
30 78 37 4495
30 80 -25 64094
30 81 0 117450
30 82 0 22234
30 83 49 133601
30 84 0 44296
30 86 0 92424
30 87 41 118220
30 88 -59 148260
30 89 0 36940
30 90 0 33411
30 91 84 103872
30 93 -42 116809
30 94 -21 55642
30 95 -82 118374
30 96 -44 77407
30 97 98 8493
30 98 0 130085
31 32 80 48758
31 33 92 79974
31 34 -96 159060
31 35 0 3992
31 36 88 42599
31 38 77 91540
31 39 -1 45800
31 40 -82 136439
31 41 0 131625
31 42 0 0
31 43 -20 47707
31 44 2 142543
31 45 -41 121197
31 46 -63 150481
31 48 0 111395
31 49 79 135406
31 50 -62 144452
31 51 0 62950
31 52 -37 80526
31 53 53 21595
31 54 0 20862
31 55 -83 153831
31 56 0 142712
31 57 0 84653
31 58 0 99062
31 59 0 0
31 60 0 91943
31 61 -69 112973
31 62 62 121360
31 64 7 65802
31 65 0 69983
31 66 0 132564
31 67 0 129473
31 68 0 10304
31 69 83 124787
31 72 -30 79541
31 73 0 92826
31 74 41 42564
31 75 46 98862
31 76 17 63500
31 77 -22 48727
31 78 0 0
31 79 0 48928
31 80 0 139675
31 81 -8 82400
31 82 0 128374
31 83 0 122421
31 84 0 81389
31 85 0 19195
31 87 0 91963
31 88 91 102985
31 89 91 94635
31 90 52 38348
31 91 0 74602
31 92 0 5502
31 93 -88 190688
31 94 0 85813
31 96 8 41430
31 97 -96 144287
31 98 0 50442
31 99 0 59559
31 100 50 61860
32 33 49 78105
32 34 -22 91306
32 35 0 112169
32 36 2 60057
32 37 -63 134954
32 38 18 103153
32 39 0 126632
32 40 24 84342
32 41 0 94162
32 42 0 91623
32 43 0 54623
32 45 0 17855
32 46 0 111843
32 47 26 86301
32 48 0 41314
32 49 57 47906
32 50 -82 143649
32 51 83 50394
32 52 0 81622
32 53 0 16117
32 54 0 34155
32 55 21 74957
32 56 -82 125016
32 57 -80 137852
32 58 -34 98106
32 59 -69 120678
32 60 0 138070
32 61 2 13543
32 62 -12 33423
32 63 38 123114
32 64 7 21464
32 65 30 43706
32 66 -29 106260
32 67 0 138496
32 69 59 46219
32 70 0 108901
32 71 -59 96953
32 72 6 18843
32 73 0 48181
32 74 -27 84737
32 75 48 67815
32 76 0 121929
32 77 71 99622
32 78 -73 166610
32 80 0 111170
32 81 0 86544
32 82 0 97061
32 83 0 40565
32 86 84 21641
32 87 -13 38595
32 88 0 0
32 89 -3 46915
32 91 -17 54317
32 92 0 65904
32 93 0 78644
32 94 0 56176
32 95 -49 82466
32 96 0 53107
32 97 67 57157
32 98 -83 175130
32 99 56 29120
32 100 -10 50809
33 34 -100 146557
33 35 54 73568
33 36 90 51467
33 37 94 134090
33 38 -19 41658
33 40 33 115695
33 41 3 34311
33 42 0 103366
33 43 -6 33718
33 44 74 86858
33 45 71 96149
33 46 0 114197
33 47 80 10178
33 48 -87 149164
33 49 0 108418
33 50 14 118223
33 51 -99 193053
33 52 -62 93723
33 56 22 34319
33 57 0 24156
33 58 57 49764
33 59 -69 105508
33 60 0 87365
33 61 -46 93288
33 62 0 5448
33 63 0 721
33 64 0 29550
33 65 -80 128293
33 66 0 55537
33 67 95 14491
33 68 -30 50415
33 70 0 122484
33 71 0 84162
33 72 -93 178581
33 74 46 105248
33 75 -44 77742
33 77 -49 110669
33 78 -79 121741
33 79 -3 22874
33 81 -64 140943
33 83 -37 65476
33 84 0 95120
33 85 0 60013
33 86 93 50333
33 87 -73 160476
33 88 0 42674
33 89 -90 186284
33 90 86 112602
33 92 -47 129272
33 93 0 102268
33 94 -38 57963
33 95 86 102685
33 96 98 87146
33 97 0 82982
33 98 20 75796
33 99 0 143433
33 100 -69 101345
34 35 0 3599
34 36 75 4826
34 37 1 110415
34 38 97 27823
34 40 71 84000
34 41 -44 119932
34 42 -46 96933
34 43 7 103651
34 44 -14 31766
34 45 0 118712
34 46 0 50457
34 47 0 103498
34 48 -40 116493
34 49 50 40860
34 50 6 65496
34 51 0 83525
34 52 75 35811
34 53 -4 30403
34 54 -99 193889
34 55 42 101662
34 56 87 49980
34 57 18 99214
34 58 -99 159508
34 59 67 5899
34 60 -72 157782
34 61 70 94196
34 62 96 588
34 63 0 0
34 64 0 14723
34 66 0 69496
34 67 72 37622
34 68 -74 161871
34 69 -65 106430
34 71 -31 84063
34 72 0 128690
34 73 21 138689
34 75 0 68504
34 76 0 119695
34 78 0 138015
34 79 -2 24779
34 80 72 18247
34 81 71 140906
34 82 -100 150709
34 83 0 134903
34 84 0 126979
34 85 -8 29786
34 86 30 65758
34 88 -54 127938
34 89 -75 131287
34 90 76 106280
34 91 -46 85602
34 92 41 20693
34 93 -42 68906
34 94 50 107951
34 96 0 77739
34 97 -28 106085
34 98 0 130548
34 99 58 78124
34 100 31 7080
35 36 75 95370
35 37 68 38060
35 38 22 40345
35 39 -3 14316
35 40 -92 202231
35 42 0 41071
35 43 0 118517
35 44 -91 141452
35 45 7 4865
35 46 22 44537
35 47 -14 69459
35 48 -26 89947
35 51 0 67245
35 52 -39 121511
35 53 -40 112937
35 54 -32 46732
35 55 37 27819
35 56 -30 83900
35 57 25 18417
35 58 99 62206
35 59 0 81276
35 60 -99 144046
35 62 0 17627
35 64 -86 147608
35 67 0 14478
35 69 77 113167
35 70 0 133875
35 71 -16 32628
35 73 91 107484
35 74 19 16770
35 75 0 130052
35 76 -10 17583
35 77 0 129553
35 78 0 59769
35 79 0 0
35 81 46 79026
35 82 0 111737
35 83 -51 83288
35 84 0 4105
35 86 90 54338
35 87 -11 51051
35 88 76 6812
35 90 0 13042
35 91 0 119831
35 92 -59 119503
35 93 94 95812
35 95 -41 91617
35 96 48 81526
35 97 -19 32220
35 98 22 140985
35 99 0 54592
35 100 0 6480
36 37 -23 40702
36 38 90 44432
36 39 -4 22812
36 40 33 41042
36 41 31 78374
36 42 30 66507
36 43 0 48067
36 45 0 89021
36 46 56 64923
36 47 0 84242
36 48 74 73651
36 49 74 82678
36 50 0 70050
36 51 0 0
36 52 0 139599
36 53 0 70876
36 54 20 13850
36 55 -68 122919
36 56 80 128547
36 59 26 84277
36 60 0 47008
36 62 92 25986
36 64 -61 121559
36 65 0 143628
36 66 0 84167
36 67 -22 97960
36 68 41 79832
36 69 26 123534
36 70 0 65789
36 71 -66 101326
36 72 -53 145350
36 73 0 53843
36 74 -88 132389
36 75 -81 186168
36 77 0 91055
36 78 0 116794
36 79 -31 79626
36 80 -80 118048
36 81 -94 157312
36 82 -77 157229
36 83 14 99403
36 85 0 22791
36 89 29 114867
36 90 -95 195985
36 91 -78 130052
36 92 -28 59074
36 94 15 109367
36 97 -74 115523
36 98 -22 100558
37 38 -99 193831
37 40 0 95833
37 41 -33 116094
37 42 0 120597
37 43 30 88238
37 44 11 139877
37 45 99 46352
37 46 31 143889
37 47 -77 168530
37 48 9 18456
37 49 -56 114254
37 50 0 117861
37 51 0 0
37 52 -53 144022
37 53 12 51377
37 54 20 142848
37 55 74 31713
37 56 -21 36136
37 57 -27 67793
37 58 0 64285
37 59 17 140356
37 60 21 11933
37 61 -20 88733
37 62 -28 71861
37 63 77 104705
37 64 0 104542
37 65 -68 167824
37 66 0 22341
37 67 0 88711
37 68 52 31320
37 69 -27 60485
37 70 -20 63841
37 71 63 71109
37 72 0 109797
37 74 0 104358
37 76 0 107907
37 77 -50 88654
37 78 0 119768
37 79 0 142143
37 80 0 78316
37 81 0 9913
37 82 0 17738
37 84 -63 158052
37 85 0 95094
37 86 0 30222
37 87 0 113641
37 88 0 31139
37 92 27 79183
37 93 -92 137295
37 94 0 124958
37 95 33 96278
37 96 -98 197917
37 97 0 51817
37 98 16 94111
37 100 87 67158
38 39 55 85272
38 40 12 36834
38 41 44 82348
38 42 0 41652
38 43 83 78205
38 44 72 40080
38 46 18 42493
38 47 -37 65171
38 48 0 35063
38 49 4 33458
38 50 -51 127430
38 52 -29 109523
38 53 0 112981
38 54 0 0
38 56 0 0
38 57 -71 130295
38 58 -56 102035
38 59 -62 140899
38 60 43 125570
38 61 0 71833
38 62 0 34047
38 63 0 107478
38 65 80 122133
38 66 -27 70194
38 67 -56 146419
38 69 -72 118238
38 70 0 0
38 71 -15 86355
38 72 -16 69430
38 73 20 4688
38 74 -27 86910
38 75 0 123869
38 76 -69 144097
38 77 0 86916
38 78 39 138028
38 79 11 48895
38 80 24 12023
38 81 7 80935
38 82 -68 98434
38 83 0 83476
38 84 -13 45337
38 85 20 27582
38 86 0 60542
38 87 -6 61799
38 88 23 38640
38 90 82 142596
38 91 -3 10029
38 92 5 16479
38 93 0 143575
38 95 -72 175020
38 96 0 20396
38 97 -42 78772
38 99 0 80242
38 100 0 128419
39 40 71 113023
39 41 -10 32618
39 42 67 20540
39 43 -98 175511
39 44 0 0
39 45 -24 74274
39 46 13 93759
39 47 0 111244
39 48 -21 30808
39 49 -4 26069
39 50 11 108768
39 51 -68 162660
39 52 48 143128
39 53 0 0
39 54 0 125489
39 55 69 18770
39 57 0 131343
39 60 57 272
39 61 13 23578
39 62 -60 104978
39 64 0 137892
39 65 -14 43200
39 66 -87 191420
39 67 0 123853
39 68 -24 44242
39 70 0 82064
39 71 -69 144262
39 72 0 0
39 73 0 44803
39 74 -96 170559
39 76 -29 77361
39 77 -14 59891
39 78 0 89818
39 79 0 0
39 80 0 109951
39 81 65 117528
39 82 0 103050
39 84 -29 84335
39 85 -63 111562
39 86 9 133108
39 88 -87 138071
39 89 46 67067
39 90 0 93459
39 91 0 122987
39 92 12 33481
39 94 0 137596
39 95 31 33407
39 97 -62 113636
39 98 -52 131713
39 99 0 136891
39 100 -73 115349
40 41 0 142250
40 42 0 84274
40 44 -34 67999
40 45 0 38017
40 46 5 140199
40 47 0 104762
40 48 61 48618
40 49 0 143020
40 50 -6 79053
40 51 28 20835
40 52 52 19439
40 54 -48 89731
40 55 49 87900
40 56 -5 18260
40 59 0 25336
40 60 -30 113274
40 61 -15 91836
40 62 62 64816
40 64 0 104086
40 65 -18 53522
40 66 -84 146910
40 67 8 68281
40 69 3 135673
40 70 40 62057
40 71 0 55054
40 72 -31 99677
40 74 0 122477
40 75 0 53556
40 76 44 17648
40 77 33 40783
40 78 0 28402
40 79 0 87570
40 80 -43 122363
40 81 -6 13420
40 82 -32 78281
40 83 69 117209
40 84 -58 135468
40 85 0 25732
40 87 0 142686
40 89 -82 141198
40 90 -73 110206
40 91 -100 167984
40 92 -56 116244
40 93 0 109487
40 94 -40 123930
40 95 28 42706
40 96 0 55715
40 97 80 106512
40 98 92 91702
40 99 0 130270
40 100 -56 83918
41 42 0 106648
41 43 -91 192806
41 44 0 60267
41 45 -46 79648
41 46 0 143709
41 47 0 51070
41 49 0 0
41 51 61 101561
41 52 0 93272
41 53 30 123837
41 54 85 83517
41 55 0 33925
41 56 35 72385
41 57 0 17261
41 58 0 79705
41 59 66 139546
41 60 40 50962
41 61 -77 125810
41 62 -79 137895
41 63 0 24023
41 64 -48 130931
41 65 98 15533
41 66 32 129086
41 67 0 64632
41 68 0 90944
41 69 -95 188837
41 70 85 103122
41 71 0 52810
41 73 0 113755
41 74 0 0
41 76 -90 130633
41 77 -98 190662
41 78 0 36266
41 79 -96 186586
41 80 0 90649
41 81 0 93475
41 82 -76 178994
41 83 -40 90977
41 84 -31 107440
41 85 -72 112126
41 86 -64 115001
41 87 0 64454
41 89 0 17074
41 90 0 21779
41 92 -6 74206
41 93 66 38945
41 95 -44 85391
41 96 48 3373
41 97 -77 174972
41 98 17 132392
41 99 86 53426
41 100 0 60612
42 43 0 82127
42 44 -98 157071
42 45 0 108799
42 46 71 10781
42 47 26 130081
42 48 13 91450
42 49 54 27409
42 51 31 116634
42 52 36 42339
42 53 61 51406
42 54 0 126204
42 55 -35 62220
42 56 -96 163569
42 57 63 34170
42 58 -34 116007
42 59 -74 158386
42 60 -2 60832
42 61 0 44849
42 63 -94 141839
42 64 77 78893
42 66 4 29315
42 67 -53 139511
42 68 -33 79791
42 69 66 101929
42 70 -10 69183
42 71 -47 125358
42 73 95 9780
42 74 33 21285
42 76 27 11481
42 77 100 6379
42 78 47 125846
42 79 -54 100420
42 80 67 125350
42 83 8 110579
42 84 99 19142
42 86 -52 77445
42 87 -32 107816
42 88 3 142059
42 90 0 137714
42 91 11 56110
42 92 -65 118034
42 93 0 77080
42 94 -22 68694
42 95 78 46291
42 96 0 140843
42 97 47 80710
42 98 0 138047
42 99 0 132681
42 100 0 24296
43 44 -61 149250
43 45 0 92518
43 46 86 45565
43 48 0 27679
43 49 0 83782
43 50 45 7315
43 51 92 37851
43 52 0 23965
43 53 0 55161
43 54 0 109118
43 55 0 102225
43 56 0 64274
43 57 44 110626
43 58 0 117159
43 60 0 42538
43 61 0 105471
43 62 60 139526
43 63 0 116095
43 65 -63 150032
43 66 -2 10968
43 67 30 110458
43 68 10 34247
43 69 -80 154365
43 70 -37 91563
43 71 0 36879
43 72 0 70085
43 73 0 130863
43 74 -69 109879
43 77 -22 74534
43 78 -95 179167
43 79 16 92260
43 80 0 85057
43 81 0 116070
43 82 40 44380
43 83 67 71272
43 86 -9 60436
43 87 77 60559
43 88 53 121926
43 89 -86 173683
43 90 63 117729
43 91 -84 141651
43 92 0 8342
43 93 11 7193
43 94 20 14823
43 95 -14 56423
43 96 -57 100889
43 97 -7 20939
43 98 -4 10783
43 99 19 66316
44 46 0 124149
44 47 -80 184865
44 48 28 33989
44 49 23 47632
44 50 1 82475
44 51 35 121643
44 52 0 132967
44 54 0 95643
44 55 -58 120408
44 56 97 58130
44 57 2 90262
44 58 -26 45323
44 59 55 130465
44 60 76 136204
44 61 0 13737
44 62 48 119006
44 63 60 45000
44 64 -80 119812
44 65 -68 154359
44 66 0 6526
44 67 0 8896
44 68 0 111766
44 69 84 3946
44 70 -56 151255
44 72 0 31764
44 73 -2 22862
44 75 -77 122152
44 76 0 104213
44 77 0 110540
44 78 -54 97759
44 79 -73 106592
44 80 0 0
44 81 15 35738
44 82 6 59831
44 83 15 135221
44 84 -86 170291
44 85 49 26597
44 86 78 2654
44 87 54 15751
44 88 0 63384
44 89 0 81604
44 90 0 56396
44 91 48 95108
44 92 81 100524
44 93 0 4808
44 94 46 75104
44 96 -93 200083
44 97 0 40102
44 99 0 15234
44 100 5 86998
45 46 0 5970
45 47 34 38128
45 48 0 34879
45 49 0 132247
45 50 75 83390
45 51 90 130285
45 52 -2 18163
45 53 94 37024
45 54 -91 157319
45 55 85 51025
45 56 0 29110
45 57 0 88289
45 59 97 109679
45 60 0 16995
45 61 0 136161
45 62 -57 140285
45 63 -90 194346
45 64 63 13774
45 65 63 9586
45 66 -73 135835
45 67 0 118932
45 68 -17 90104
45 69 16 30274
45 70 93 122845
45 71 -32 93187
45 72 55 110256
45 73 53 23474
45 74 0 108743
45 75 0 0
45 76 -40 61064
45 78 33 41589
45 79 66 69726
45 80 86 16061
45 81 0 77678
45 82 0 29925
45 83 -84 173827
45 84 -6 43246
45 86 60 97939
45 87 -28 87120
45 88 88 64035
45 89 0 37840
45 90 -68 119113
45 92 0 0
45 94 -14 54558
45 97 0 14624
45 99 57 57358
45 100 -79 178739
46 49 0 28410
46 50 0 138004
46 51 67 45985
46 52 3 22321
46 54 75 134286
46 55 14 34582
46 56 0 120181
46 57 -35 120937
46 58 0 60828
46 59 -41 65202
46 60 73 123614
46 62 21 40737
46 63 -49 137049
46 65 74 114390
46 66 -26 75983
46 67 -93 147685
46 68 26 95274
46 69 -38 94409
46 70 0 124940
46 71 -59 93240
46 72 0 119464
46 73 0 16886
46 74 92 12442
46 75 62 125939
46 76 0 0
46 77 45 87675
46 79 97 137835
46 80 77 107339
46 81 -45 88149
46 83 -6 20565
46 84 0 49616
46 85 75 38664
46 86 -42 99141
46 87 36 32548
46 88 0 136192
46 89 1 120142
46 91 0 139148
46 92 -5 68053
46 93 -85 179982
46 94 2 67417
46 97 8 69058
46 98 -71 154662
46 99 -34 101405
46 100 0 141029
47 48 0 43669
47 49 0 96159
47 50 -63 157849
47 51 -28 65131
47 52 84 42717
47 53 48 13665
47 54 -56 101716
47 55 -68 113176
47 56 0 72297
47 57 0 0
47 59 0 138554
47 60 -58 105110
47 61 -15 69191
47 62 -3 46300
47 63 -86 193538
47 64 -17 55353
47 65 -56 114907
47 66 89 70660
47 67 91 109020
47 68 -79 119147
47 70 -30 106813
47 71 -61 94866
47 72 0 117730
47 74 -31 58351
47 75 0 43773
47 76 -62 101430
47 77 0 40272
47 78 -66 134618
47 79 -29 76290
47 82 0 107172
47 83 42 5720
47 84 0 48630
47 85 43 83408
47 86 0 114411
47 87 0 56604
47 88 -72 160475
47 90 0 117107
47 91 0 67794
47 92 80 77659
47 93 0 135062
47 95 0 50364
47 96 5 88503
47 97 -94 169097
47 100 0 110562
48 49 0 103841
48 50 44 65543
48 51 -16 67683
48 52 -30 110597
48 53 86 105888
48 54 -87 189797
48 55 0 81673
48 57 -6 52258
48 58 0 122144
48 59 0 63726
48 60 0 36881
48 61 59 87836
48 63 0 26536
48 64 -15 81744
48 65 -67 138329
48 66 -2 28599
48 67 83 75238
48 68 60 38414
48 69 0 19344
48 70 0 36946
48 71 -69 143593
48 72 -43 104734
48 73 0 53637
48 74 0 24273
48 75 0 67237
48 76 0 19284
48 77 98 142452
48 78 0 11728
48 79 39 129947
48 80 73 132794
48 82 26 118484
48 83 -59 107110
48 84 -31 44642
48 85 42 49204
48 86 -94 202284
48 87 0 41282
48 88 75 113510
48 89 -41 66624
48 90 63 108266
48 91 60 95886
48 92 -57 121462
48 94 24 94238
48 95 0 73121
48 96 0 88886
48 98 89 63412
48 99 51 84868
49 51 -13 80391
49 52 -87 160408
49 53 -70 146868
49 55 0 123987
49 56 0 47430
49 57 -8 19026
49 58 -37 56680
49 59 -93 167662
49 60 22 106103
49 61 99 11083
49 62 0 25014
49 63 -3 5800
49 65 -59 128828
49 66 -94 147109
49 67 -59 113953
49 68 86 94052
49 69 0 85028
49 70 -72 106983
49 71 -50 128660
49 72 -6 61217
49 73 -81 142561
49 74 0 83863
49 75 -60 113707
49 77 0 128742
49 78 68 27386
49 79 87 122720
49 81 35 129305
49 82 -47 113699
49 83 -99 164749
49 86 0 37069
49 87 -29 63646
49 88 0 120309
49 90 -29 47587
49 91 -18 51067
49 92 2 38087
49 93 42 78679
49 94 -75 137254
49 95 99 117662
49 96 51 2814
49 97 23 94610
49 98 58 17890
49 99 -72 142131
49 100 37 43625
50 51 0 61937
50 52 0 55275
50 53 36 26141
50 54 -14 46539
50 56 -79 124077
50 57 -70 162804
50 58 0 3693
50 60 -88 192205
50 61 -45 67386
50 62 -48 94924
50 63 -81 175860
50 64 97 124385
50 65 -52 94734
50 66 0 37150
50 67 -23 35512
50 68 0 109695
50 69 64 10768
50 71 -84 155860
50 73 -85 138816
50 74 -59 137755
50 75 0 44931
50 76 -19 61230
50 77 42 16212
50 78 0 51061
50 79 -67 127346
50 80 -90 163068
50 81 -14 51659
50 82 0 44130
50 84 48 119458
50 85 -25 65944
50 86 0 51969
50 87 -22 36953
50 88 0 84245
50 89 -52 99412
50 90 -55 85685
50 91 66 28337
50 92 15 10959
50 93 0 124601
50 94 89 21102
50 95 -60 99102
50 96 -17 74341
50 97 -97 167815
50 98 53 65980
50 99 30 14235
50 100 64 67646
51 52 53 139099
51 53 -42 119547
51 55 24 7492
51 56 0 0
51 57 -82 122034
51 58 0 9839
51 59 1 106361
51 60 0 8192
51 62 -28 80184
51 64 0 75633
51 65 77 72225
51 66 -92 136705
51 67 77 121851
51 68 75 17272
51 69 0 0
51 70 0 90378
51 71 -72 171882
51 72 0 9481
51 73 -67 158703
51 74 0 16156
51 76 0 131090
51 78 0 17047
51 79 -44 103745
51 82 100 143495
51 83 0 60593
51 84 0 95999
51 86 0 0
51 88 -58 134522
51 89 -13 21298
51 90 79 107049
51 91 -48 133711
51 92 -5 14317
51 93 -33 65962
51 94 80 77542
51 95 0 135646
51 96 91 24378
51 97 0 78629
51 99 0 124113
51 100 0 46156
52 54 2 134037
52 55 -74 170672
52 56 47 89869
52 57 59 117927
52 58 11 39169
52 59 0 36332
52 60 97 72345
52 61 -17 58819
52 62 -39 93598
52 63 32 130197
52 64 -47 135684
52 65 70 46770
52 67 0 34022
52 68 -38 95386
52 69 0 142327
52 70 30 112488
52 71 -38 115689
52 72 63 61614
52 74 0 22847
52 76 0 102067
52 77 -32 65672
52 78 58 130034
52 79 -61 121314
52 80 25 77657
52 81 -43 70262
52 82 -95 172603
52 83 31 36200
52 84 -7 24201
52 85 12 27555
52 86 0 26738
52 88 86 114914
52 90 0 59095
52 91 -27 53606
52 92 86 42712
52 93 73 50062
52 94 0 136103
52 95 41 43821
52 96 -3 24227
52 97 49 70521
52 98 0 100827
52 99 84 48266
52 100 0 27688
53 54 0 46697
53 55 -11 33249
53 56 0 93700
53 57 98 95396
53 58 0 26072
53 59 -16 53964
53 60 0 79456
53 61 44 128149
53 64 -8 50600
53 65 -35 77260
53 66 0 0
53 67 -10 82446
53 68 13 114025
53 69 94 43066
53 70 -11 38915
53 71 0 83479
53 72 49 103532
53 73 14 14262
53 74 74 44445
53 75 -56 117853
53 76 9 121400
53 77 -3 14754
53 78 -46 137148
53 79 -87 140997
53 80 0 0
53 81 78 116619
53 82 -49 115180
53 83 47 10981
53 84 -85 152281
53 85 0 81834
53 86 0 84743
53 87 0 78146
53 88 0 361
53 89 0 106104
53 90 0 20383
53 91 46 82248
53 92 0 46406
53 93 0 30024
53 94 29 112611
53 95 0 2437
53 96 -20 40303
53 97 31 64711
53 98 -84 130453
53 99 0 24343
53 100 -73 171347
54 55 0 140115
54 56 -15 48818
54 57 -67 136973
54 58 -48 130334
54 59 -9 35813
54 60 -45 80905
54 62 71 28744
54 64 0 27150
54 65 41 69672
54 68 -61 95762
54 69 -33 110068
54 71 0 110906
54 72 38 96866
54 73 0 68816
54 74 0 134682
54 75 0 136453
54 76 -6 41299
54 77 -29 52994
54 78 0 7187
54 79 0 78745
54 81 89 125035
54 82 -69 122894
54 83 0 38717
54 84 0 29725
54 85 -40 98668
54 86 -25 61890
54 87 0 71757
54 89 11 48473
54 90 79 74556
54 91 0 42906
54 92 0 126471
54 93 -24 100077
54 95 99 129445
54 96 58 57612
54 97 0 36564
54 99 0 48234
55 56 0 110280
55 57 -75 108236
55 58 -26 84823
55 59 -36 93462
55 60 0 17686
55 61 -44 98791
55 62 34 102133
55 63 -58 93630
55 64 -20 54744
55 65 0 76436
55 66 35 23266
55 67 0 5027
55 68 72 32002
55 69 -21 91389
55 70 0 53827
55 71 14 68480
55 72 -2 3336
55 73 0 46075
55 74 0 7132
55 76 0 604
55 77 72 53550
55 78 0 53113
55 80 53 78799
55 81 18 66547
55 82 0 140901
55 83 0 115203
55 84 -79 161042
55 85 0 31822
55 86 39 30704
55 87 0 8600
55 89 43 61174
55 90 0 0
55 91 39 16117
55 92 89 68507
55 93 -38 93487
55 94 -7 55177
55 95 0 12723
55 96 0 67458
55 98 38 3927
55 99 -16 93431
55 100 -80 186579
56 58 -96 162266
56 59 50 57723
56 60 -81 174285
56 61 0 142023
56 63 0 141944
56 65 0 21244
56 66 0 74387
56 67 28 91189
56 68 -46 83541
56 69 0 131906
56 70 -17 61898
56 71 0 87828
56 72 54 33651
56 73 0 111797
56 74 -36 107848
56 75 0 23618
56 76 0 116654
56 77 -11 41943
56 78 44 29187
56 79 58 113747
56 81 20 136472
56 83 0 10432
56 85 0 31571
56 86 71 65147
56 88 0 32838
56 90 -12 67092
56 91 0 28326
56 92 0 30327
56 96 -49 133760
56 97 0 50376
56 98 -34 94055
56 99 17 36515
56 100 0 60952
57 58 0 139829
57 59 -58 122867
57 60 0 48958
57 61 0 103950
57 62 91 28905
57 64 -85 177205
57 65 60 91316
57 66 52 25189
57 67 21 136706
57 68 -45 119500
57 69 60 108789
57 70 0 137132
57 71 -14 26134
57 72 0 108220
57 73 37 39913
57 74 54 32149
57 75 0 122120
57 76 23 52160
57 77 0 132557
57 78 76 104752
57 79 0 41131
57 80 -17 77336
57 81 0 1174
57 82 39 131782
57 83 -20 98164
57 84 22 142055
57 85 88 35273
57 86 -93 181659
57 87 0 100089
57 88 -19 35585
57 89 0 48926
57 90 0 3596
57 91 -56 151595
57 92 -86 193633
57 94 0 101469
57 96 0 92278
57 97 -75 171965
57 98 -93 181969
57 99 0 68671
57 100 -71 138395
58 59 -8 15818
58 60 11 14947
58 61 8 51225
58 62 99 11418
58 63 53 120682
58 64 0 35855
58 65 -54 125256
58 66 0 35526
58 67 0 12143
58 69 0 3280
58 71 -73 119732
58 72 0 91036
58 73 -73 117829
58 74 -5 19281
58 75 0 106357
58 76 0 48335
58 77 50 141265
58 78 -49 120119
58 79 0 79036
58 80 33 102752
58 81 0 28764
58 82 87 51035
58 83 4 41321
58 84 39 104291
58 85 85 97736
58 86 -95 143517
58 87 0 82781
58 88 90 80632
58 90 0 51536
58 91 -80 139609
58 93 -86 167694
58 94 0 88027
58 95 -96 178500
58 97 93 136082
58 99 0 45596
58 100 0 74817
59 61 0 86575
59 62 0 10714
59 63 27 71201
59 64 0 22809
59 65 -54 142578
59 66 72 75378
59 67 0 90633
59 68 65 4443
59 70 0 35769
59 71 89 43013
59 72 7 116266
59 73 -85 133899
59 74 0 0
59 75 -18 62714
59 76 59 108817
59 77 -87 178705
59 78 0 29677
59 79 -36 111832
59 80 12 37631
59 81 0 63609
59 82 29 133619
59 84 75 63522
59 85 13 79499
59 87 0 116352
59 88 0 125779
59 90 0 78379
59 91 0 3425
59 92 0 127763
59 93 -63 96847
59 94 -94 203122
59 95 0 10071
59 96 21 69115
59 97 0 41397
59 98 -35 115647
59 99 -8 39635
60 61 -87 163622
60 62 26 109909
60 64 58 93113
60 65 98 83140
60 66 16 90631
60 67 44 40113
60 70 0 32995
60 71 -74 116135
60 72 0 138346
60 73 -66 154962
60 75 0 104655
60 76 -54 110170
60 77 -22 92657
60 78 90 35918
60 80 46 18685
60 82 -15 87379
60 83 0 90894
60 84 -63 134711
60 85 -78 160198
60 86 38 108595
60 87 -41 107001
60 88 5 78586
60 89 28 103539
60 90 -48 102363
60 91 67 120116
60 92 59 95500
60 93 -22 94796
60 94 -32 68560
60 95 0 130586
60 97 7 30221
60 98 0 123605
60 99 0 74461
60 100 0 31094
61 62 67 36580
61 63 37 60586
61 64 0 53347
61 65 -7 49987
61 66 0 0
61 67 65 48268
61 68 -34 55050
61 69 20 88517
61 72 0 19680
61 74 -77 180752
61 75 -8 73480
61 76 0 29944
61 78 11 125832
61 79 -51 73440
61 80 53 124907
61 81 9 6200
61 82 0 36804
61 83 0 142309
61 84 -20 56496
61 85 16 24854
61 86 61 24303
61 87 0 30202
61 88 -12 27191
61 89 -4 54602
61 90 33 1855
61 91 86 12000
61 92 0 43876
61 94 0 44054
61 95 -76 115088
61 99 -98 208255
61 100 -78 121625
62 63 27 80469
62 64 -69 132124
62 65 -58 97453
62 66 -34 88579
62 68 70 91215
62 70 0 86248
62 71 82 30468
62 72 0 23182
62 75 -36 67388
62 76 0 94594
62 77 58 27283
62 78 -74 153384
62 79 -71 164539
62 80 0 70918
62 81 12 131003
62 82 0 6889
62 83 37 18401
62 84 -52 99150
62 86 -1 66985
62 87 -50 81995
62 88 99 43980
62 89 -65 133262
62 91 0 0
62 92 86 32999
62 93 61 97931
62 94 0 105587
62 95 0 48553
62 96 -72 130638
62 97 0 114386
62 98 0 4322
62 99 0 7737
62 100 50 42853
63 65 0 88810
63 66 0 5799
63 67 49 46705
63 68 72 110465
63 69 45 55118
63 70 -78 116195
63 71 20 138580
63 72 0 21578
63 73 0 76805
63 74 -81 144420
63 75 -70 167749
63 76 -21 74389
63 78 0 136872
63 79 57 85039
63 81 32 136394
63 82 72 107405
63 83 68 110372
63 84 91 74810
63 85 0 9859
63 86 -52 140918
63 87 43 136260
63 88 -65 124532
63 89 -24 95481
63 90 -48 97339
63 91 13 111295
63 92 57 24764
63 93 69 135104
63 94 -36 110805
63 95 -61 155145
63 96 0 40963
63 97 0 1898
63 98 0 16242
63 99 0 135047
64 65 0 17648
64 66 -14 77569
64 67 0 65512
64 68 0 411
64 69 50 132728
64 70 -67 151732
64 71 0 47355
64 72 27 2913
64 74 -92 202654
64 75 75 443
64 76 0 85886
64 77 -51 114313
64 79 56 143612
64 80 35 103311
64 81 33 57041
64 82 0 117567
64 83 -83 163996
64 84 0 79131
64 85 -41 101960
64 86 38 19989
64 87 54 46236
64 88 0 60132
64 89 18 9400
64 90 15 90174
64 91 -36 97712
64 93 -80 173494
64 94 0 0
64 95 -85 150630
64 96 49 120571
64 97 -46 120599
64 98 -17 27043
64 99 25 7197
64 100 0 12289
65 66 -30 105402
65 68 21 80549
65 69 0 91861
65 70 0 10462
65 71 -39 69472
65 73 0 0
65 74 0 82345
65 75 0 127943
65 76 0 54599
65 77 -36 111805
65 78 -99 148602
65 79 -99 167783
65 80 0 40483
65 81 0 66514
65 82 -16 26857
65 83 39 53979
65 84 31 78043
65 85 0 450
65 86 0 102485
65 87 0 21779
65 88 1 82648
65 89 32 11535
65 90 -58 104275
65 91 50 133643
65 92 -48 110702
65 93 0 89615
65 94 -13 69308
65 95 64 24037
65 96 -52 88048
65 97 0 65886
65 98 0 43620
65 99 -6 24020
65 100 83 13110
66 67 0 48337
66 68 0 102370
66 69 9 31201
66 70 0 126890
66 71 -36 82553
66 72 -43 70362
66 73 -83 129436
66 74 0 100637
66 75 -83 137751
66 76 73 70268
66 77 0 28130
66 78 61 12871
66 79 0 123663
66 82 0 2083
66 83 -32 88863
66 84 -33 56561
66 85 0 27439
66 86 0 0
66 87 0 56092
66 88 46 28162
66 89 -16 52077
66 90 0 89757
66 91 -40 103621
66 92 10 135081
66 93 -48 83379
66 94 0 95963
66 95 -89 183923
66 96 86 35741
66 97 -89 193233
66 99 0 109283
66 100 -50 125408
67 68 0 0
67 69 -69 109447
67 70 -61 134687
67 71 -44 69587
67 72 -98 145786
67 73 0 52268
67 74 0 100292
67 75 33 32221
67 76 -99 194638
67 77 0 38703
67 78 0 0
67 79 99 97125
67 80 0 22829
67 81 76 86453
67 82 0 83971
67 83 71 34695
67 84 0 80758
67 85 -42 107592
67 86 -25 107151
67 87 0 35986
67 88 -64 108134
67 89 -1 24693
67 90 0 108786
67 91 0 28784
67 92 -98 180104
67 93 0 110038
67 95 0 12366
67 96 3 82634
67 97 30 79581
67 98 63 16991
67 99 44 16460
67 100 23 99020
68 69 81 10771
68 70 -38 56024
68 71 -67 139275
68 73 -51 119190
68 74 -58 110434
68 75 -89 137598
68 76 0 129011
68 77 -34 62386
68 78 -97 143083
68 79 0 56012
68 80 -70 165506
68 82 77 143229
68 83 -13 77670
68 84 8 7669
68 85 -90 156200
68 86 85 29854
68 87 -45 108531
68 88 0 0
68 89 -95 141581
68 90 0 138870
68 91 0 134392
68 92 16 28852
68 93 67 33161
68 94 76 96604
68 95 38 62512
68 96 -79 175760
68 97 79 24888
68 98 -54 130455
68 99 0 66589
69 70 -91 172912
69 71 100 137116
69 73 15 11230
69 74 0 15830
69 75 -92 137019
69 76 -16 85098
69 77 54 61650
69 78 27 48768
69 79 -30 89628
69 80 0 131463
69 81 -2 47215
69 82 50 58363
69 83 0 56220
69 84 30 37651
69 86 -89 136992
69 87 -8 12312
69 88 -81 163013
69 89 0 13842
69 90 34 10025
69 91 -53 79775
69 92 0 46954
69 93 -92 140114
69 94 -85 188806
69 95 -92 177500
69 96 0 22717
69 97 -70 101952
69 98 -3 11862
69 99 15 52329
69 100 -27 75393
70 71 8 57320
70 72 0 106598
70 73 0 4019
70 74 49 135400
70 75 52 131786
70 77 76 97605
70 79 39 130919
70 80 -19 56013
70 81 -62 107657
70 83 -50 132143
70 84 26 143135
70 85 94 76376
70 86 0 20472
70 87 0 8584
70 88 0 27222
70 89 -95 137511
70 90 -90 185074
70 92 0 38597
70 93 17 105856
70 95 -90 176682
70 96 -64 144737
70 97 -87 195742
70 98 69 136460
70 99 -58 112814
70 100 53 6778
71 72 0 54097
71 73 0 9760
71 74 -25 41078
71 75 7 2667
71 76 -2 4962
71 77 0 102401
71 78 -6 16735
71 79 80 142895
71 80 0 0
71 81 0 44249
71 82 15 60266
71 83 0 17630
71 84 -62 111006
71 85 67 36589
71 86 0 126675
71 87 0 99731
71 88 -46 85704
71 89 -38 106583
71 90 80 5162
71 91 -83 124423
71 92 0 126924
71 93 0 84418
71 94 -97 205957
71 95 -98 166112
71 96 20 89024
71 97 0 39465
71 99 -76 140373
71 100 -56 146737
72 73 0 57507
72 74 0 103308
72 75 33 66561
72 77 -28 50989
72 78 0 29017
72 80 0 3904
72 81 0 4941
72 82 56 62784
72 84 0 18783
72 85 -13 59871
72 86 -58 84184
72 87 78 65651
72 88 0 38573
72 89 -41 92461
72 90 0 43884
72 91 95 119428
72 93 -2 19721
72 94 93 18793
72 95 -26 39355
72 96 0 94511
72 97 -28 41790
72 98 0 67759
72 100 0 0
73 74 0 114050
73 76 0 51715
73 77 -81 150924
73 78 -10 54450
73 79 17 140709
73 80 77 126602
73 81 78 101794
73 82 0 26758
73 83 21 137548
73 84 0 102376
73 86 74 136694
73 87 85 60946
73 88 36 649
73 89 -87 161905
73 90 -7 44920
73 91 57 82033
73 92 59 106169
73 93 14 55185
73 94 0 68738
73 95 28 33551
73 96 15 108006
73 98 0 39656
73 99 16 119067
73 100 -1 18299
74 76 -46 76861
74 77 0 7622
74 78 32 129294
74 79 -88 136168
74 80 31 118858
74 81 0 35499
74 82 -99 148853
74 83 -52 141666
74 84 0 78458
74 85 -18 37622
74 86 38 67784
74 87 -46 107140
74 88 -37 85724
74 90 -30 43421
74 91 0 38132
74 92 35 2767
74 93 -95 198129
74 97 65 49767
74 98 0 59894
74 99 0 128374
74 100 97 116502
75 77 0 34930
75 78 -90 177789
75 79 -48 94788
75 80 2 103913
75 81 0 32029
75 82 6 80820
75 84 -30 97977
75 86 40 99561
75 87 70 14673
75 89 -30 81750
75 90 0 29815
75 92 -37 108919
75 93 82 102262
75 94 76 15324
75 96 17 107074
75 97 35 7550
75 98 -94 183019
75 100 20 91641
76 77 0 81600
76 78 0 0
76 79 -63 130642
76 80 78 49953
76 81 -36 113890
76 82 8 57116
76 83 0 51702
76 85 -13 27389
76 87 0 15507
76 88 0 75596
76 89 25 93585
76 90 99 106891
76 91 0 4910
76 94 -86 174812
76 95 -31 98900
76 96 -43 66105
76 97 0 42311
76 98 0 123704
76 99 -44 78739
76 100 -36 66585
77 78 29 123944
77 79 0 126992
77 80 0 132934
77 82 0 82199
77 84 0 52221
77 85 -95 155688
77 86 0 86292
77 87 22 111635
77 88 94 78168
77 89 -56 144048
77 90 -93 164703
77 91 0 132014
77 93 0 131256
77 95 49 134832
77 97 0 141565
77 98 99 104796
78 79 0 27588
78 80 74 31188
78 81 0 21782
78 82 0 109887
78 83 -91 199577
78 84 -62 124348
78 85 -61 115147
78 86 -63 120039
78 88 0 102235
78 89 -21 61980
78 91 -32 112962
78 92 91 137440
78 93 -66 121627
78 94 0 139463
78 96 50 79653
78 97 0 45801
78 98 48 139735
78 99 -26 39110
78 100 0 94167
79 80 31 38482
79 81 -29 77770
79 82 25 99869
79 84 0 70296
79 85 0 75367
79 86 0 17804
79 87 37 118186
79 88 -84 123668
79 89 0 127587
79 91 0 113125
79 92 -69 141340
79 93 0 117783
79 95 40 50834
79 96 -85 138561
79 97 24 42721
79 98 6 38684
79 99 -45 84154
79 100 -80 177556
80 81 -32 109474
80 82 -19 92514
80 83 0 0
80 84 0 53742
80 85 -64 104720
80 86 0 127977
80 87 0 11752
80 88 -84 175178
80 89 0 45246
80 90 0 14925
80 91 -44 105170
80 92 0 129756
80 93 -39 82644
80 94 0 80040
80 95 -44 128042
80 96 0 124571
80 97 1 59230
80 98 -30 73505
80 99 0 100412
80 100 90 38638
81 82 57 37222
81 83 -57 105862
81 84 0 102880
81 85 0 9436
81 86 19 69535
81 87 98 62392
81 88 0 15826
81 89 28 83519
81 90 10 103170
81 91 48 53775
81 92 -68 128742
81 93 0 113855
81 94 62 80119
81 95 -7 18937
81 96 0 129186
81 97 27 28569
81 98 0 62938
81 99 -82 169891
81 100 0 99350
82 83 -25 95531
82 84 -71 166606
82 85 -62 112149
82 86 -79 146023
82 87 20 107343
82 88 0 647
82 89 -94 138521
82 90 -80 169479
82 91 -25 78822
82 92 -37 76042
82 93 -61 128528
82 94 46 40190
82 95 51 44982
82 96 -52 109725
82 97 58 7117
82 98 0 85428
82 99 0 20395
82 100 40 20157
83 84 0 83682
83 85 43 13682
83 86 -50 142945
83 87 80 26949
83 88 -61 90852
83 89 -99 202333
83 90 0 9221
83 91 -59 98531
83 92 -8 50561
83 93 -21 61278
83 94 70 105658
83 95 5 44190
83 96 -49 138388
83 97 47 25944
83 98 22 28018
83 99 71 128189
84 85 -53 99447
84 86 0 7117
84 87 0 109925
84 88 10 15341
84 90 -25 46170
84 91 67 129085
84 92 -50 123950
84 93 0 86608
84 94 -65 122137
84 96 0 140187
84 97 -13 73757
84 98 51 123462
84 99 -39 67594
84 100 -80 171980
85 86 17 118881
85 88 0 27133
85 89 0 10854
85 90 -45 120540
85 91 -64 112903
85 94 0 73357
85 95 0 33764
85 96 -47 74288
85 97 0 113417
85 98 0 2591
85 99 -69 155306
85 100 73 130053
86 87 -19 56105
86 88 0 114660
86 89 -61 143994
86 90 13 92239
86 91 -96 195760
86 92 70 90586
86 93 0 28098
86 94 96 78559
86 95 -94 193983
86 96 0 80269
86 97 -9 44651
86 98 6 136027
86 99 -50 72339
86 100 -62 110730
87 88 -36 70297
87 89 60 25249
87 90 96 19165
87 91 0 35460
87 92 92 31917
87 93 0 97120
87 94 0 71077
87 95 -7 28951
87 96 81 129805
87 97 -100 188662
87 99 -75 133356
87 100 -5 50487
88 89 17 7051
88 90 -16 72741
88 91 0 44372
88 92 0 57390
88 93 43 118046
88 94 0 17753
88 96 -31 84659
88 97 31 92435
88 98 80 135925
88 99 63 61497
88 100 51 143305
89 91 -37 114808
89 93 0 55369
89 94 -35 71879
89 95 -53 92246
89 96 0 15458
89 97 50 110195
89 98 0 5527
89 99 89 90546
89 100 -4 21969
90 92 -53 120520
90 94 -52 142729
90 95 54 67217
90 96 34 5527
90 99 0 111386
90 100 10 45286
91 92 36 107508
91 93 -69 129056
91 94 -74 174225
91 95 -52 93635
91 96 0 98473
91 97 65 9417
91 98 -94 202502
91 99 95 61478
91 100 0 14494
92 93 -30 107526
92 94 -41 60879
92 95 0 58007
92 96 22 69884
92 97 45 2231
92 98 -43 115048
92 99 0 63000
92 100 0 141553
93 94 0 108135
93 95 0 57900
93 96 0 2538
93 97 -8 16652
93 98 -20 36676
93 99 -47 99256
93 100 -42 99384
94 95 0 64413
94 96 0 70811
94 97 64 141410
94 98 44 110740
94 99 -8 79857
94 100 74 90624
95 96 29 44819
95 97 -86 193621
95 100 -81 148918
96 97 0 108978
96 99 64 20413
96 100 88 61874
97 98 0 131036
97 99 0 41100
97 100 13 96757
98 100 0 71647
99 100 -61 149021
