20 124
1 2 5 77240
1 3 81 76484
1 4 0 130218
1 6 0 105682
1 7 -6 44831
1 8 59 94838
1 9 0 121528
1 10 -67 139638
1 12 0 76380
1 18 0 116063
2 3 85 58049
2 4 -14 56086
2 5 0 107060
2 8 -23 70966
2 10 91 18982
2 11 36 16693
2 12 35 125662
2 13 -14 84997
2 14 69 44697
2 18 6 92373
2 19 48 65013
2 20 -81 134959
3 5 -20 68041
3 7 -13 84515
3 8 0 95326
3 11 69 28891
3 12 -4 14487
3 13 -36 54156
3 14 36 67309
3 15 -77 118664
3 16 0 134732
3 17 0 98633
3 18 13 48385
3 19 0 90494
3 20 85 38216
4 5 0 80455
4 7 68 135051
4 8 97 44404
4 10 0 116363
4 12 -37 115290
4 15 12 103885
4 16 0 92025
4 17 -92 201067
4 19 0 136543
4 20 -28 92241
5 6 -77 173338
5 7 -44 110808
5 8 38 111101
5 9 -25 105152
5 10 0 41147
5 11 -72 171762
5 14 0 96006
5 15 43 115044
5 16 -84 165131
5 17 38 118392
5 18 -22 69894
5 19 98 74099
6 12 -73 166470
6 13 53 22220
6 14 -14 91155
6 17 81 135932
6 18 -36 66717
6 20 -93 177138
7 12 88 77518
7 13 -63 142500
7 14 97 98143
7 15 0 0
7 16 71 123102
7 19 51 80360
8 9 23 62616
8 10 48 74861
8 11 0 27959
8 14 0 11849
8 15 -78 165860
8 17 0 39956
8 18 24 78201
8 20 -64 116553
9 12 0 81263
9 13 48 34422
9 14 -98 179670
9 15 0 39791
9 17 39 51880
9 18 0 17473
9 19 0 136806
9 20 35 91276
10 11 -67 151156
10 12 98 123180
10 13 0 0
10 14 -89 184639
10 15 30 53838
10 16 65 11601
10 18 48 40270
10 19 -21 57407
10 20 -30 107141
11 12 0 64914
11 13 0 72165
11 14 53 3300
11 16 -43 120197
11 17 -84 146727
12 13 -36 113283
12 14 0 61608
12 15 0 61752
12 16 0 22054
12 17 0 111087
12 18 0 123284
12 19 -88 142987
13 14 0 74047
13 15 5 128486
13 16 0 141741
13 18 39 88459
13 19 -67 110400
13 20 67 2245
14 18 -29 110822
14 19 0 11831
14 20 8 89469
15 18 43 127831
16 17 0 17641
16 18 0 78430
16 20 0 126501
17 19 70 19280
17 20 0 143049
18 19 89 23005
18 20 -77 143541
19 20 74 95708
