30 214
1 2 0 116032
1 3 -25 64791
1 5 0 80214
1 6 65 138678
1 8 -70 141190
1 9 84 55912
1 11 0 118117
1 16 20 108335
1 20 -47 69070
1 21 -72 137853
1 24 63 31474
1 26 -95 186786
1 29 91 77976
2 3 -45 82224
2 5 0 34374
2 7 -43 81945
2 8 -79 139317
2 9 87 24290
2 14 -6 68011
2 16 -28 82194
2 17 -38 99446
2 23 -13 25434
2 24 77 136330
2 27 74 23630
2 29 0 63962
2 30 0 91285
3 4 -9 71347
3 5 0 130521
3 8 34 17990
3 11 30 89570
3 13 0 85628
3 19 -45 92029
3 20 0 125385
3 22 0 86580
3 23 -59 131852
3 24 52 37292
3 25 0 76619
3 28 50 60971
3 30 24 118155
4 5 0 0
4 6 -68 164300
4 10 12 91252
4 12 12 127720
4 13 97 29597
4 14 0 116755
4 15 0 112500
4 16 0 53348
4 17 -63 162685
4 19 -68 119893
4 20 35 58295
4 21 -22 84138
4 22 0 38533
4 23 0 30334
4 24 0 31105
4 26 -67 135573
4 27 -14 87006
4 29 -24 69982
4 30 -48 90381
5 8 98 129994
5 11 0 141369
5 15 79 54993
5 16 33 128276
5 21 -29 58248
5 29 0 116250
5 30 -23 46524
6 8 0 42863
6 10 0 115906
6 13 0 142421
6 14 -35 99085
6 15 -26 91793
6 16 94 109080
6 17 73 72186
6 21 -52 134268
6 23 -97 182107
6 26 98 30830
6 27 0 114652
6 29 43 138841
7 9 -61 158704
7 10 50 131284
7 13 60 80613
7 14 -23 66806
7 16 89 90073
7 19 -40 121129
7 25 5 94001
7 26 75 62192
7 27 56 76156
7 29 0 94719
7 30 -38 92784
8 10 34 93116
8 13 39 99288
8 14 0 18425
8 17 -17 31560
8 18 0 81339
8 19 -79 160375
8 20 51 84621
8 26 0 1938
8 28 0 95576
8 30 -29 58645
9 10 0 110261
9 15 75 5855
9 17 0 35672
9 20 0 36157
9 23 -20 44151
9 27 29 11285
9 28 0 89336
9 29 -81 157619
10 11 61 14637
10 15 58 82792
10 17 33 51630
10 18 36 52740
10 20 -10 41676
10 21 0 24727
10 23 -20 41219
10 26 8 82845
10 30 0 138650
11 13 -89 176437
11 14 -29 71515
11 15 0 78632
11 17 0 75532
11 19 44 141030
11 20 42 84761
11 21 44 11941
11 24 7 117700
11 25 72 84436
11 27 93 73527
11 28 25 131914
11 29 33 59252
12 14 11 1523
12 16 0 34238
12 18 48 89612
12 19 -13 69491
12 21 0 135827
12 23 0 75424
12 24 -1 2430
12 27 0 37343
12 28 0 70829
12 30 0 1310
13 15 0 20698
13 17 10 6615
13 18 8 45546
13 21 0 0
13 22 -7 25229
13 27 0 2438
14 18 0 99752
14 19 36 49286
14 20 0 70182
14 21 -67 101564
14 23 95 69262
14 24 0 125009
14 27 78 119881
14 28 0 112688
14 30 0 119013
15 18 -22 48356
15 19 0 124581
15 21 -15 42707
15 22 34 23005
15 26 67 141381
15 28 0 31133
15 29 0 94890
15 30 44 128731
16 17 0 5575
16 18 81 12120
16 20 0 134802
16 25 -73 108792
16 28 -52 134538
16 29 0 38576
17 18 14 89433
17 19 -43 101755
17 20 0 96205
17 21 98 132390
17 22 87 92996
18 19 -86 132371
18 22 0 130070
18 23 82 86369
18 25 1 25546
18 27 0 68403
18 28 80 87305
18 30 -35 68337
19 20 44 55503
19 21 9 35432
19 22 62 84217
19 29 42 136301
20 22 0 0
20 26 -68 117432
20 28 96 55266
20 29 -18 71621
21 22 0 21812
21 26 55 48742
21 27 0 25559
21 28 0 66974
21 29 0 75343
21 30 0 70555
22 24 0 77141
22 25 69 64527
22 27 0 10032
22 28 58 39758
22 29 -49 109591
22 30 -39 107669
23 24 -79 144709
23 27 0 134908
23 28 -83 164646
23 29 94 52863
23 30 0 38916
24 26 -51 86238
24 28 0 14292
24 29 0 53515
25 27 91 15800
25 28 6 126828
25 30 -55 148917
26 27 -44 68897
26 29 0 34668
27 28 0 3534
27 29 32 120554
27 30 -65 165506
