40 325
1 3 28 101391
1 4 25 37370
1 7 86 128712
1 8 -48 138580
1 9 -89 141648
1 10 -45 94654
1 12 0 117661
1 13 36 119431
1 14 -4 61771
1 16 -27 77065
1 18 0 3388
1 21 -23 39791
1 22 0 47135
1 23 62 132206
1 25 0 6083
1 26 52 19754
1 27 -66 162480
1 28 0 0
1 34 -6 35481
1 35 78 38606
1 37 -12 45668
1 40 -81 143677
2 5 0 29923
2 6 38 101723
2 7 -87 137930
2 10 0 113489
2 11 76 699
2 12 71 13332
2 17 -12 54614
2 18 77 131640
2 21 72 106475
2 24 0 13443
2 29 -72 130906
2 32 74 16976
2 33 -26 41042
2 34 -98 205188
2 38 73 102329
3 4 -76 116588
3 6 5 76682
3 7 -18 34164
3 10 45 112548
3 11 -64 114873
3 12 0 64400
3 16 96 127669
3 17 49 2346
3 19 -7 66175
3 20 -59 133057
3 22 -95 176781
3 26 -69 108443
3 29 0 90137
3 30 0 9108
3 32 89 63415
3 37 -55 116242
3 40 74 134302
4 10 -10 19715
4 13 0 43467
4 16 0 14233
4 17 59 32821
4 21 0 130690
4 25 -53 115338
4 32 89 23966
4 33 37 104756
4 34 -86 184088
4 38 -31 94149
4 39 30 86830
5 6 0 61433
5 7 -1 18226
5 10 41 85689
5 17 0 54702
5 21 30 76198
5 22 77 78660
5 25 36 25699
5 27 50 104564
5 34 -91 193256
5 35 14 130190
5 40 -26 96410
6 7 -28 50947
6 9 0 13328
6 11 50 127108
6 12 -68 157616
6 15 75 83504
6 19 68 29450
6 20 -40 96798
6 22 0 49159
6 25 0 63317
6 27 62 26157
6 30 -66 123301
6 33 -22 101167
6 34 -46 134825
6 35 59 40904
6 40 -37 90963
7 9 0 97474
7 10 26 141103
7 11 0 62889
7 13 0 126448
7 14 -15 46958
7 15 -11 81246
7 16 50 30687
7 17 0 25162
7 19 0 100753
7 21 -55 135910
7 23 51 107626
7 25 -23 93608
7 27 28 435
7 30 0 134448
7 32 100 78752
7 33 0 86909
7 34 74 86058
7 35 92 128766
7 37 -41 76313
7 38 -56 90203
7 40 0 237
8 10 -12 31591
8 11 -93 160000
8 13 -59 153170
8 17 0 12935
8 18 0 90143
8 20 -6 54086
8 24 -27 45905
8 27 -82 177123
8 28 83 95448
8 29 0 106812
8 30 -48 97442
8 31 42 1631
8 33 96 5087
8 34 0 42790
8 35 48 62266
9 10 -98 158683
9 11 21 140561
9 18 99 68348
9 19 -52 108079
9 21 0 127335
9 22 28 79461
9 23 73 142201
9 28 -78 122397
9 29 7 69596
9 30 0 72961
9 34 0 39589
9 35 -87 190297
9 37 0 116507
9 39 -15 57848
9 40 -49 89039
10 12 0 29188
10 14 0 103520
10 17 0 20432
10 20 -87 148558
10 22 -55 93171
10 23 33 104764
10 29 -13 43547
10 30 0 44469
10 31 0 45973
10 32 0 121155
10 35 -32 54791
10 36 0 80710
10 38 -96 147953
11 12 0 32185
11 15 0 0
11 17 -21 86859
11 19 -77 165186
11 22 27 66000
11 26 -90 176689
11 27 52 82232
11 28 0 97565
11 32 0 102092
11 37 0 42055
11 39 -62 110797
12 16 -73 131815
12 18 70 11298
12 22 -52 135296
12 23 8 78252
12 24 0 125784
12 25 0 116510
12 26 -86 193058
12 28 -13 38380
12 30 -16 46118
12 31 -50 106087
12 34 0 0
12 36 -76 136504
12 38 0 82806
12 40 67 66907
13 14 72 88234
13 15 -90 158933
13 16 -66 121225
13 17 -52 81121
13 20 94 85214
13 21 0 18246
13 22 38 121729
13 28 29 3579
13 29 0 60253
13 33 -7 43802
13 34 -88 156252
13 38 31 137082
14 25 88 27800
14 31 -84 157369
14 34 0 46853
14 35 68 143322
14 37 20 84947
14 38 48 99431
14 40 94 80983
15 16 100 39429
15 18 -5 69013
15 19 0 60659
15 23 -24 90662
15 25 77 129410
15 26 0 40399
15 30 54 18060
15 35 92 124638
15 38 28 36401
15 39 99 139333
16 20 0 103364
16 21 94 35571
16 22 99 115037
16 23 41 99012
16 28 -48 122476
16 32 5 47787
16 33 -86 132034
16 34 -48 98099
16 35 3 2263
16 39 0 2168
17 20 62 126154
17 29 69 90097
17 31 -49 132810
17 34 20 84493
17 35 82 52496
17 36 57 107094
17 37 0 15421
17 39 -85 174888
17 40 -9 64192
18 21 -22 51932
18 23 0 79620
18 24 -24 99907
18 26 -96 155373
18 28 -51 132124
18 29 0 1153
18 34 0 134094
18 36 -87 157884
18 38 -17 79759
18 40 -57 136858
19 20 77 94896
19 21 0 43076
19 23 0 81536
19 24 34 29848
19 26 -81 156980
19 27 -55 148321
19 28 49 142089
19 30 0 49444
19 31 54 86109
19 37 2 57057
20 24 0 110569
20 31 73 107273
20 32 0 66065
20 33 36 27705
20 39 65 33889
21 25 0 108928
21 26 94 106056
21 27 6 7906
21 29 48 106150
21 31 34 82970
21 34 0 71118
21 35 -83 155010
21 37 0 93134
22 29 -49 124220
22 35 0 130611
22 38 0 95578
22 39 0 52399
23 25 -47 94766
23 26 -91 157814
23 28 46 136735
23 36 0 138811
23 40 -51 89673
24 25 0 89320
24 26 -11 74196
24 28 82 40135
24 31 96 8824
24 32 0 4344
24 34 0 26800
24 37 0 108255
24 38 -5 73832
25 27 0 51532
25 28 0 91876
25 30 0 60014
25 32 0 100634
25 34 -16 86929
25 35 -31 97845
25 36 61 125667
25 38 73 87020
26 29 -75 117518
26 35 -39 103964
27 28 -22 52547
27 29 38 68537
27 33 0 5496
27 34 70 40074
28 32 -98 145699
28 34 -1 50265
28 37 0 49662
28 39 0 6055
29 30 -22 78612
29 32 100 13149
29 34 -78 179918
29 37 0 133006
29 38 88 140241
29 40 0 29663
30 33 0 73887
30 34 -66 134426
30 37 -48 88601
30 40 20 64652
31 32 97 6939
31 33 -90 168030
31 34 0 94965
31 36 -90 188309
31 38 -67 102694
31 40 49 47376
32 38 0 51578
32 39 38 81700
32 40 81 130735
33 34 -16 46008
33 35 58 14766
34 35 -45 92072
34 36 63 99221
34 40 -87 190367
35 36 0 98239
35 37 0 92275
35 40 33 19470
36 40 0 39464
39 40 90 60131
