50 401
1 3 0 50863
1 4 11 104225
1 5 -18 49562
1 6 0 28193
1 7 -41 82637
1 13 26 80703
1 15 0 123142
1 18 -58 149514
1 32 5 102639
1 34 0 76928
1 43 15 13502
1 44 68 112314
1 46 30 85151
1 48 56 11904
2 6 0 92159
2 14 0 14663
2 19 8 80022
2 20 0 8837
2 25 -90 153358
2 29 -27 54715
2 30 0 69257
2 33 -71 107030
2 34 0 98196
2 36 0 50145
2 38 93 123377
2 39 -49 124163
2 40 99 28463
2 49 46 52328
2 50 83 68538
3 8 -88 157082
3 9 -19 46334
3 12 31 100811
3 14 0 28152
3 23 -79 156660
3 25 -80 130792
3 28 8 42617
3 29 0 135303
3 30 0 75487
3 32 0 15389
3 33 -82 149883
3 35 40 84357
3 42 45 53244
4 6 82 14470
4 10 0 32863
4 11 -2 25893
4 12 0 11632
4 18 -38 90294
4 19 0 17669
4 21 0 58630
4 22 31 37940
4 25 0 81366
4 26 100 133699
4 27 24 127799
4 31 -72 175538
4 40 -13 40727
4 46 -65 115085
5 17 -54 97467
5 19 -46 74616
5 22 -90 136019
5 25 0 72724
5 26 73 30957
5 36 0 17606
5 38 0 24335
5 42 -72 111695
5 43 0 83743
5 46 0 51455
5 47 -67 109242
5 48 -62 143018
5 50 60 12656
6 9 98 54317
6 10 0 49962
6 12 -100 165183
6 18 -13 27658
6 22 0 125845
6 26 38 122812
6 28 -19 62600
6 37 0 51149
6 41 0 48404
6 43 -100 183942
6 44 -57 95102
6 47 75 17988
7 9 -91 139351
7 11 -96 180743
7 15 -1 22382
7 21 -3 49690
7 26 0 135877
7 27 -23 86494
7 28 0 139341
7 30 0 94356
7 31 35 94134
7 33 -46 69825
7 38 0 23808
7 41 46 58828
7 44 -73 114627
7 46 11 63048
7 47 -34 58376
8 10 68 85721
8 15 -89 188954
8 17 0 34544
8 21 0 109980
8 22 -11 30014
8 24 0 113729
8 25 0 117523
8 26 -2 4460
8 27 0 55763
8 28 -73 156083
8 29 0 124878
8 35 0 45833
8 41 75 102078
8 45 -49 128490
8 46 0 87048
8 50 9 112052
9 10 -82 120469
9 13 25 71014
9 15 -29 68337
9 17 0 71210
9 19 0 126671
9 22 -30 85169
9 23 -93 179183
9 28 -68 112179
9 31 0 9769
9 34 -24 95834
9 38 0 46353
9 42 0 117059
9 48 44 59813
9 50 76 52759
10 13 0 91798
10 18 0 29466
10 22 0 91982
10 25 -69 168951
10 29 0 130347
10 35 37 91233
10 36 75 51879
10 37 28 105365
10 42 0 66706
10 44 -14 65133
10 46 65 89973
10 48 -32 52284
10 49 0 85256
11 12 0 8682
11 15 15 78749
11 16 0 18771
11 17 -92 193024
11 18 -63 134878
11 20 4 37317
11 22 -29 48042
11 24 0 64861
11 27 0 73963
11 28 91 94139
11 29 0 92170
11 30 62 35064
11 36 0 98201
11 37 0 79642
11 38 -10 83918
11 39 0 116849
11 44 8 113251
11 45 23 81273
11 49 0 16043
11 50 21 100577
12 13 0 45684
12 14 -90 133799
12 19 -89 163230
12 20 13 88546
12 23 0 43794
12 30 60 72117
12 31 31 130656
12 38 -28 95303
12 41 -37 104610
12 48 34 129057
12 49 0 115796
13 15 -4 54566
13 21 0 64005
13 23 -65 151659
13 25 17 133036
13 32 0 75828
13 37 0 58751
13 43 -74 120422
13 48 29 121673
14 17 95 4450
14 18 0 3942
14 22 -22 67613
14 26 0 61516
14 27 -78 148530
14 38 -76 156784
14 42 -85 173161
14 43 16 38429
14 44 86 54890
14 45 -54 118737
14 47 0 82903
14 50 0 44843
15 17 -82 166197
15 18 0 21096
15 19 0 104202
15 21 26 77202
15 22 0 18267
15 30 11 84489
15 31 91 15768
15 33 67 92914
15 37 -14 38018
15 47 12 100467
15 48 29 117613
15 50 0 49490
16 17 90 43753
16 19 82 25050
16 26 0 52653
16 27 85 87962
16 29 0 51141
16 33 0 29018
16 40 15 34712
16 43 -59 123739
16 48 0 133580
17 18 0 19790
17 27 14 42395
17 29 0 79575
17 31 -60 140241
17 40 60 75989
17 44 5 111531
17 47 0 46677
17 48 93 141923
18 19 80 53872
18 21 0 94263
18 24 -18 50200
18 26 -92 200905
18 30 21 51823
18 31 0 92765
18 35 12 142333
18 38 0 70116
18 48 77 136366
18 50 15 24376
19 24 -84 176371
19 30 79 120373
19 31 -65 131172
19 37 -11 31699
19 41 -72 124590
19 43 -67 143520
19 45 0 100447
19 46 36 79643
19 49 -38 89253
19 50 12 106961
20 21 0 36414
20 24 0 6913
20 29 0 10434
20 31 -17 39723
20 32 0 124087
20 33 0 120441
20 34 0 18560
20 35 -90 187889
20 37 -39 121988
20 38 50 117923
20 41 -24 85225
20 42 13 16085
20 46 0 0
20 49 -29 63544
21 22 50 116239
21 23 0 115007
21 24 -7 43729
21 28 0 62442
21 31 -27 85236
21 32 12 49248
21 33 -44 105155
21 37 63 50473
21 40 0 100233
21 41 0 100175
21 49 -69 127078
21 50 0 56305
22 23 14 39593
22 26 43 115760
22 31 -53 83494
22 32 -9 35930
22 33 91 666
22 37 0 34827
22 44 0 114351
22 47 0 106024
22 49 97 86262
22 50 0 28089
23 24 -51 76215
23 26 42 43594
23 35 0 106954
23 38 30 111401
23 39 -80 116433
23 40 0 51108
23 41 -34 62288
23 43 0 108031
23 47 34 107529
23 49 -54 101585
24 25 0 32698
24 26 0 11441
24 27 0 65924
24 31 54 129239
24 33 69 60922
24 36 72 103144
24 37 -36 58967
24 39 0 66504
24 40 -12 46897
24 45 -45 130230
24 46 -11 61087
24 50 -53 84615
25 29 -52 134924
25 31 0 52350
25 32 0 98607
25 34 72 43263
25 36 -93 176333
25 38 38 71698
25 39 -28 100898
25 40 65 57813
25 44 43 101643
25 49 0 141002
25 50 8 133808
26 28 26 79763
26 34 18 84961
26 42 -83 139018
26 43 27 95308
26 44 0 103971
26 46 0 110359
26 48 -97 161142
27 28 -4 61960
27 31 60 60241
27 35 -30 65085
27 40 97 28956
27 41 23 45361
27 42 -75 111637
27 47 57 53756
28 29 11 40838
28 31 0 31133
28 32 -77 140258
28 34 0 0
28 36 0 52614
28 39 72 80523
28 42 -76 129714
28 47 0 132596
28 49 0 80119
29 30 -90 173750
29 34 -14 88867
29 35 76 127006
29 36 -50 111966
29 44 -92 140878
29 47 23 57334
29 49 -7 24280
29 50 -27 54578
30 31 73 108492
30 38 52 80644
30 44 -35 114968
30 50 9 123077
31 34 32 100289
31 35 -40 113457
31 36 0 120855
31 41 -10 84348
31 44 80 102880
31 46 0 28817
31 48 72 66520
32 34 0 0
32 37 -33 73241
32 40 96 36287
32 45 -93 185519
33 35 0 7746
33 37 99 125053
33 41 0 9929
33 43 0 99552
33 49 -52 131033
34 35 -73 147099
34 36 74 142280
34 38 58 3608
34 45 -11 84316
34 50 0 84245
35 38 -75 135109
35 40 -31 113919
35 46 56 40329
35 50 36 91515
36 37 0 57488
36 39 -92 174687
36 45 18 141936
36 47 64 1700
37 39 94 56301
37 42 0 136650
37 43 77 18736
37 44 17 47108
37 48 -50 139629
38 41 -31 115214
38 42 -21 48243
38 43 0 66005
38 45 -86 175168
39 40 -97 180758
39 50 -97 206606
40 42 -96 150311
40 44 0 92801
40 46 38 13320
41 43 -2 50609
41 46 52 55282
42 48 -71 134983
42 50 -76 126887
43 44 -48 116024
43 45 11 84828
43 46 -26 89219
43 49 0 97454
44 48 72 23705
44 50 -54 80850
45 46 0 108646
46 47 -30 72161
46 48 -77 125257
46 49 13 62672
48 49 88 64125
