60 504
1 2 2 134818
1 6 93 106304
1 12 -38 84549
1 14 0 120844
1 15 -30 48367
1 22 -24 62686
1 30 44 47993
1 36 -93 177541
1 45 0 37633
1 47 36 100814
1 48 0 633
1 49 45 88926
1 51 87 51293
1 53 -29 103107
1 57 -87 150380
1 59 -64 156447
2 3 0 32090
2 4 -39 114954
2 7 -38 70708
2 8 48 76096
2 9 -68 103721
2 11 -26 75520
2 14 46 55037
2 15 -84 187549
2 19 -94 163573
2 25 0 54028
2 27 -57 101710
2 40 23 112393
2 42 0 78710
2 44 54 106285
2 45 76 67519
2 51 33 64808
2 52 11 45295
2 54 0 6935
2 57 0 129195
2 59 -95 170918
3 4 -11 21848
3 6 -24 57156
3 10 63 46266
3 11 -80 141357
3 15 -44 90898
3 16 92 123978
3 17 -98 156544
3 18 0 102251
3 19 -7 11304
3 26 50 95389
3 27 -83 157260
3 30 16 105527
3 34 0 4456
3 39 0 54923
3 40 30 105173
3 41 -3 26405
3 44 0 111768
3 51 11 122675
3 55 -82 164221
3 60 -25 85195
4 5 27 121957
4 8 -36 117754
4 10 -83 176417
4 12 70 85941
4 13 -42 123880
4 14 43 75353
4 19 0 111101
4 20 0 125592
4 22 0 96750
4 23 0 140568
4 26 47 64175
4 30 99 14419
4 34 -59 140288
4 37 -84 164977
4 38 -96 173597
4 42 -25 46295
4 43 0 94396
4 45 0 119145
4 46 0 92469
4 47 -27 45371
4 55 -17 77595
4 58 46 41846
5 8 0 114924
5 11 -43 117920
5 20 86 71772
5 29 0 10564
5 30 -67 121395
5 36 -47 85361
5 37 0 34345
5 39 -46 91962
5 40 0 56565
5 43 -68 107742
5 45 -86 175956
5 46 100 93787
5 49 0 24482
5 50 -93 170258
5 51 0 134503
5 53 27 58439
5 57 0 23755
5 59 0 99873
6 9 -79 145833
6 10 -73 139853
6 13 0 43333
6 17 0 56212
6 18 0 43159
6 20 -49 122557
6 23 58 35764
6 24 -80 176529
6 31 30 82541
6 33 -89 154862
6 45 99 3526
6 46 52 27598
6 48 0 29465
6 51 0 72349
6 53 -88 155847
6 58 -100 151537
6 59 0 140601
7 8 -95 153647
7 9 0 13154
7 10 -89 150715
7 15 8 1236
7 19 43 4863
7 25 -38 116717
7 27 -16 58213
7 30 -96 147143
7 34 2 58816
7 39 -96 209300
7 41 0 815
7 50 -63 149041
7 54 10 52842
7 56 40 14734
7 57 16 81213
7 60 2 8032
8 11 0 96030
8 12 -42 64367
8 20 -30 90726
8 24 -54 147824
8 28 0 130700
8 30 -47 110187
8 33 51 95957
8 44 47 1746
8 45 39 58380
8 47 12 33503
8 49 0 124634
8 50 -97 181563
8 52 0 25756
8 54 0 100146
8 57 -44 64136
8 60 0 17143
9 10 -8 26259
9 11 22 10838
9 20 0 68452
9 28 0 1235
9 30 -61 123174
9 33 32 10789
9 37 0 43433
9 38 0 0
9 46 -46 95970
9 53 -99 177577
10 12 21 66901
10 13 47 38262
10 15 33 76601
10 20 -24 55264
10 37 -75 150190
10 38 -36 55048
10 39 0 51388
10 42 -96 144852
10 44 0 1054
10 45 24 79065
10 53 -81 140582
10 54 -10 74737
11 20 19 136243
11 26 85 69132
11 30 -70 137381
11 34 -59 113021
11 35 -1 34061
11 37 0 67031
11 38 0 12645
11 39 -14 35754
11 42 -38 82171
11 60 -63 96177
12 14 0 61658
12 17 26 22778
12 21 78 35511
12 22 0 129698
12 25 0 138893
12 26 0 63476
12 28 -3 63557
12 50 -12 82408
12 52 -97 147113
12 57 -32 96196
12 59 -48 121097
12 60 -40 75306
13 21 0 31984
13 26 42 96378
13 39 98 57055
13 50 0 65446
13 52 0 106447
13 54 -38 89139
14 15 -58 140314
14 17 -34 117165
14 18 -84 124282
14 19 12 81319
14 25 32 98488
14 27 0 55748
14 28 -35 118575
14 34 18 70158
14 39 45 30643
14 46 -68 122288
14 49 73 54484
14 52 0 48254
14 54 0 0
14 57 -65 139646
14 58 0 60243
15 19 -27 71257
15 22 0 0
15 32 0 21712
15 35 -84 162055
15 43 60 108658
15 44 7 39349
15 46 26 109244
15 48 48 123104
15 55 0 96707
15 59 26 117136
16 20 -76 134813
16 22 0 102164
16 31 -55 145942
16 36 -94 138146
16 37 52 47919
16 39 -70 115588
16 44 -97 180066
16 55 -60 92592
16 60 -53 88083
17 28 -52 79436
17 29 0 22094
17 30 14 91245
17 34 -57 139477
17 37 32 28385
17 38 -28 97325
17 42 -68 140399
17 43 -27 87840
17 44 84 106782
17 57 0 133426
18 23 23 125178
18 25 -74 137288
18 26 -84 151981
18 31 58 43030
18 32 -10 48555
18 36 0 16335
18 39 79 93451
18 43 -48 81675
18 49 0 133713
18 51 4 106644
18 56 0 69218
19 20 0 74769
19 21 -70 118097
19 24 0 30483
19 27 56 55514
19 31 0 110314
19 35 0 126563
19 39 0 77079
19 40 0 78180
19 41 97 136120
19 49 0 110743
19 50 80 43945
19 55 0 96575
19 58 0 12009
19 59 47 38506
20 22 68 118642
20 23 -43 131917
20 25 -65 147001
20 29 -78 168360
20 37 65 129476
20 45 0 113649
20 46 0 66113
20 53 49 51426
20 54 0 17790
20 55 71 113614
20 56 0 43821
20 57 29 69416
20 58 99 110011
21 23 0 68972
21 29 -60 130101
21 31 66 142925
21 33 87 41400
21 34 6 1787
21 35 0 34108
21 38 0 88654
21 39 -41 119580
21 41 93 143811
21 43 20 123612
21 48 35 52224
21 49 54 126918
21 51 -85 125026
21 52 -11 25498
21 53 37 111678
21 59 -29 73940
21 60 0 90458
22 23 19 37612
22 25 39 56006
22 27 -31 63972
22 28 0 78550
22 37 -1 60489
22 39 -36 84779
22 40 0 0
22 44 82 66279
22 51 39 3083
22 53 59 58231
22 55 11 13085
22 56 79 136376
22 57 -60 93418
22 60 92 38895
23 25 0 83716
23 26 -42 113700
23 28 0 0
23 34 0 81914
23 37 66 90763
23 38 -57 144092
23 40 -80 180697
23 43 -46 75571
23 50 94 15339
23 51 -16 89165
24 28 0 43665
24 30 -57 113638
24 31 53 16902
24 32 86 20247
24 35 0 70022
24 40 -45 84833
24 42 67 58670
24 52 0 113074
24 56 91 60862
24 57 49 114944
24 60 -30 50745
25 32 7 74756
25 35 35 51016
25 36 17 57222
25 37 -99 214203
25 38 56 88251
25 39 85 107836
25 47 29 68090
25 48 -16 63830
25 49 92 136397
25 56 26 1575
25 59 0 91459
26 28 0 125932
26 30 96 89352
26 31 84 99796
26 35 -59 135328
26 36 55 51468
26 37 0 118285
26 42 -51 141243
26 43 -2 61575
26 44 0 142583
26 46 99 101460
26 48 19 8781
26 53 0 0
26 54 56 8874
26 55 0 47721
26 57 18 135779
26 59 0 76198
27 32 0 83354
27 39 -51 107845
27 40 0 51606
27 45 82 140098
27 50 0 33044
27 51 0 93671
27 52 -18 56507
28 29 62 131606
28 40 -60 109037
28 42 -44 106845
28 44 0 128751
28 45 0 11802
28 49 0 7153
28 52 0 81990
28 59 0 26087
29 35 0 0
29 45 -83 183295
29 49 11 20575
29 51 -52 76256
29 52 56 10806
29 58 0 74407
30 33 0 35491
30 35 2 26687
30 36 0 49657
30 37 0 129841
30 42 0 5557
30 48 9 42200
30 49 69 37882
30 52 16 17604
30 54 94 58388
31 46 86 104676
31 50 0 60012
31 52 97 41757
31 54 -22 85122
32 33 -65 121407
32 34 0 106594
32 35 0 55410
32 44 0 0
32 46 -66 156803
32 53 12 21283
32 56 0 12373
33 38 77 101586
33 40 19 96579
33 41 0 67650
33 47 19 123150
33 50 51 57338
33 51 0 47952
33 58 -96 206835
34 39 0 100904
34 40 55 80243
34 47 0 0
34 50 0 41220
34 51 -78 136565
35 39 -98 191692
35 48 -95 147787
35 50 0 103665
35 51 88 87297
35 54 -84 177293
35 57 95 14826
36 37 42 79906
36 38 0 135840
36 39 39 43
36 43 -100 154201
36 45 0 7903
36 46 -39 77154
36 52 82 142855
36 58 -22 70508
36 59 -65 129423
37 41 0 124213
37 42 -20 30995
37 46 -40 74692
37 48 -83 138418
37 49 0 121143
38 40 -60 113059
38 43 75 96559
38 46 -74 170153
38 47 -93 140842
38 52 0 58387
38 53 91 96205
38 55 0 47123
39 41 43 14466
39 45 47 50829
39 50 39 93778
39 52 58 26218
39 58 18 72476
39 60 52 14411
40 41 0 0
40 43 2 90778
40 44 15 2066
40 45 -70 143369
40 46 0 69181
40 49 -85 150572
40 56 43 114607
40 59 -48 115431
41 44 59 101421
41 45 62 117179
41 54 0 136693
41 56 -20 44178
41 58 -48 92464
42 45 0 135472
42 46 -6 24569
42 49 -89 148787
42 51 -81 151680
42 57 33 120830
42 58 27 28938
42 60 0 30138
43 45 85 127569
43 47 0 27867
43 49 0 128650
43 50 -21 32006
43 51 80 131468
43 56 0 86020
43 59 14 59161
44 46 0 126468
44 51 -8 72114
44 54 -82 128788
44 58 -87 132723
44 59 0 145
45 48 89 100216
45 54 -13 43933
45 55 -60 124044
45 57 100 97177
45 59 21 42203
46 50 -27 56905
46 55 -10 25832
46 57 3 80884
47 48 -53 138256
47 54 50 100801
47 56 -72 126675
47 58 -7 25933
48 49 0 44370
48 53 0 47982
48 56 0 43536
48 58 -87 144674
48 59 13 86468
49 51 6 88118
49 55 11 40674
49 56 0 106203
50 55 -41 63134
51 54 -85 174435
52 59 71 81148
53 54 66 42883
54 56 -29 73004
54 60 0 24628
55 59 0 0
56 57 98 54659
57 59 78 23362
57 60 -24 50656
