70 604
1 3 -67 145697
1 16 -24 51071
1 17 24 11569
1 18 -14 40637
1 19 86 4850
1 20 53 61644
1 24 0 44519
1 27 -6 76071
1 34 48 98933
1 35 -7 15858
1 44 0 26372
1 46 -36 106633
1 47 8 72690
1 48 0 125955
1 54 99 128788
1 57 8 20764
1 59 -12 18363
1 60 0 0
2 3 59 54203
2 13 0 115904
2 14 0 78585
2 17 0 0
2 30 0 95884
2 37 52 43883
2 38 70 1689
2 39 0 94050
2 40 0 80835
2 47 88 44434
2 48 0 0
2 50 -86 182239
2 52 2 135985
2 56 31 14973
2 66 -8 43706
2 68 0 123504
3 7 42 122789
3 12 -76 157323
3 19 -60 140547
3 26 87 29758
3 27 -70 150588
3 34 -39 64870
3 40 0 81800
3 42 42 82813
3 43 -2 39954
3 45 0 22303
3 47 91 143663
3 50 83 11842
3 51 14 14687
3 52 -44 129837
3 60 -24 91021
3 62 42 136722
3 64 27 61306
3 65 60 69182
3 68 -47 89414
3 69 -89 139889
4 10 -57 84942
4 13 -57 105777
4 14 0 63746
4 23 -16 64698
4 27 -84 123389
4 28 -52 110872
4 29 -65 113447
4 35 -36 59705
4 39 16 29136
4 48 30 34966
4 56 0 69708
4 59 57 67438
4 61 58 70533
4 62 0 62
4 67 -17 67812
4 69 0 1310
4 70 -56 82819
5 10 -98 210005
5 11 0 136117
5 13 0 79488
5 18 22 95928
5 19 7 26856
5 20 1 3200
5 21 36 134846
5 25 0 25685
5 27 30 68997
5 29 51 60984
5 31 79 143009
5 34 64 54428
5 36 92 7886
5 39 0 83139
5 45 -64 130225
5 52 40 59458
5 56 0 71868
5 60 0 990
5 65 -65 99748
5 70 0 141597
6 10 5 117127
6 12 92 107633
6 32 32 26346
6 33 25 11183
6 40 -27 51639
6 42 0 95688
6 43 28 68480
6 45 -16 91380
6 47 32 131908
6 49 -5 65028
6 65 -83 181401
6 66 0 19331
7 10 -80 161358
7 14 31 4312
7 18 27 81309
7 26 -3 37121
7 30 0 505
7 33 0 109527
7 34 24 82211
7 42 0 96747
7 44 0 129538
7 45 0 128616
7 47 0 12496
7 48 57 25379
7 50 -36 58761
7 51 58 43474
7 55 0 34995
7 58 0 108149
7 59 -30 93921
7 60 -20 96311
7 65 0 95223
7 70 0 53162
8 10 0 137241
8 12 -12 40197
8 16 0 98224
8 22 -53 85970
8 23 0 137913
8 25 24 75797
8 26 -31 114714
8 34 -66 134444
8 47 50 127389
8 48 -6 72088
8 49 46 4321
8 53 -30 90672
8 58 58 140191
8 67 0 59839
8 68 -92 193627
8 69 82 100228
9 12 -21 93801
9 14 19 36978
9 15 0 83931
9 16 46 29171
9 17 -19 79940
9 18 -55 117916
9 19 0 119915
9 21 57 34924
9 23 -12 44441
9 24 -65 96017
9 25 44 70607
9 31 40 138095
9 32 0 73288
9 33 -50 92239
9 34 0 127239
9 36 3 86296
9 37 0 0
9 42 0 13892
9 43 -40 104962
9 50 0 94173
9 55 0 75091
9 61 0 133805
9 65 26 110069
9 70 -71 170160
10 14 0 3241
10 19 3 67819
10 20 12 129408
10 28 -62 160876
10 31 0 0
10 32 14 96851
10 42 80 67751
10 47 72 130425
10 48 -27 101031
10 49 0 98319
10 54 72 38215
10 57 -80 154906
10 59 48 103560
10 63 0 134189
10 67 56 140588
10 70 0 68950
11 13 -74 159857
11 14 0 141852
11 17 39 127628
11 22 40 57358
11 25 59 88968
11 29 -17 77199
11 30 -4 73582
11 34 97 131079
11 42 -87 151023
11 45 -87 153639
11 51 -73 143708
11 56 100 10288
11 57 -33 91491
12 24 35 141357
12 38 0 62185
12 41 -16 55366
12 58 0 13574
12 62 47 50991
12 63 0 0
12 64 0 98595
12 65 -77 152042
12 66 0 52457
12 67 46 113517
13 18 -64 127101
13 25 0 15815
13 32 0 23675
13 39 10 39545
13 41 0 63823
13 49 -95 172422
13 50 0 45402
13 53 -28 82100
13 58 61 31407
13 59 0 143709
13 67 -65 124644
13 68 20 44028
14 26 -92 160356
14 28 0 28780
14 35 0 43509
14 43 70 91623
14 46 83 106549
14 47 -12 45411
14 52 61 88172
14 54 63 132357
14 61 -61 129006
14 64 93 72381
14 65 -69 120736
14 69 -3 45330
15 20 30 47523
15 31 -61 110325
15 38 86 13053
15 39 39 48179
15 44 67 32552
15 65 -56 101068
15 67 0 137313
15 69 -28 104682
16 17 -23 84451
16 19 -89 192151
16 20 0 133040
16 22 -2 49705
16 26 15 85915
16 30 82 102206
16 33 -64 142788
16 37 0 140458
16 40 -63 162391
16 41 0 10419
16 44 -59 104290
16 48 -12 59867
16 52 89 31313
16 54 10 29977
16 57 -53 147993
16 67 0 0
17 28 0 132704
17 29 70 40868
17 36 0 123763
17 41 -21 96504
17 45 93 7279
17 49 -10 64031
17 52 12 81506
17 53 0 60717
17 60 0 0
17 61 4 45557
17 65 0 76201
18 21 -63 119648
18 23 -57 91044
18 31 -12 19186
18 34 -2 33604
18 38 0 57823
18 39 0 118210
18 40 0 25396
18 41 36 86420
18 44 5 23842
18 54 77 15976
18 67 -100 176188
19 46 0 73167
19 47 -18 79573
19 49 0 99523
19 50 6 73382
19 54 90 133818
19 58 0 81386
19 61 -90 184204
19 68 59 71656
20 29 23 130827
20 32 0 0
20 34 -5 14899
20 40 44 108306
20 41 64 82187
20 42 -91 173418
20 48 0 76362
20 49 -34 97664
20 52 -39 105732
20 54 -57 133300
20 55 0 8414
20 57 -56 126958
20 58 -81 150525
20 60 0 62610
20 62 -36 63258
21 28 76 50439
21 30 32 39278
21 34 -28 59018
21 36 0 4939
21 41 0 76510
21 47 38 104524
21 52 74 95153
21 54 57 102344
21 57 0 0
21 62 -97 151377
21 63 88 136772
22 35 0 25634
22 42 61 32030
22 43 -17 64359
22 48 0 131269
22 51 13 109306
22 54 -32 84398
22 60 0 21133
22 63 45 68017
22 67 10 110059
22 70 -21 63726
23 28 0 131418
23 41 0 94081
23 48 0 26866
23 54 0 29840
23 55 -68 106956
23 67 0 22918
24 30 -24 44167
24 31 0 73121
24 37 -58 153671
24 40 -84 134313
24 45 -25 50327
24 54 46 7946
24 55 46 105245
24 57 -71 171799
24 64 0 67421
24 65 39 96033
24 68 0 41186
25 26 0 110855
25 28 -38 83405
25 35 -27 78957
25 40 -87 140515
25 42 35 91409
25 51 0 87588
25 54 0 77084
25 58 -22 91315
25 60 -16 43637
25 61 9 17174
25 62 30 16321
25 66 22 79646
25 68 85 42168
26 29 -49 89926
26 30 36 7471
26 40 -2 51977
26 47 22 127149
26 57 -7 53434
26 59 70 133892
26 64 -70 152764
26 68 0 75615
26 70 49 38619
27 29 0 44534
27 32 -17 28197
27 34 -56 152609
27 36 0 27817
27 40 -9 31712
27 42 0 130897
27 51 -90 131019
27 52 89 30923
27 56 0 86876
27 57 -67 128392
27 61 92 59025
27 64 -47 105782
27 65 -24 85209
27 70 0 46306
28 32 0 25792
28 34 0 87155
28 36 8 69415
28 40 -27 53009
28 44 68 126671
28 46 39 9206
28 48 -85 178100
28 50 0 42741
28 57 62 89529
28 59 -3 62680
28 62 0 9893
28 63 -12 42706
28 64 -94 173047
28 70 -83 132310
29 30 -71 145860
29 31 82 105883
29 33 44 16113
29 35 -50 118832
29 42 5 105113
29 55 12 139605
29 59 40 19988
29 62 57 80461
29 65 39 85302
30 40 93 54516
30 48 0 107914
30 52 -67 139342
30 53 -91 142999
30 57 83 78012
30 58 -72 128216
31 36 -8 55094
31 39 78 110185
31 47 31 136475
31 52 1 41820
31 53 -35 122006
31 60 -52 108295
31 61 0 119590
31 63 0 137348
31 64 43 83918
31 68 0 71674
32 35 13 56739
32 37 0 70645
32 42 81 71846
32 49 0 4155
32 50 0 36362
32 51 0 107126
32 53 73 137890
32 55 -91 182349
32 58 0 141478
32 60 61 28576
32 61 0 131347
32 64 61 48475
32 65 0 17455
32 69 -68 133402
33 36 -43 67639
33 39 56 58898
33 40 0 44620
33 43 -58 137654
33 50 70 1225
33 51 29 94093
33 54 -61 146558
33 59 58 54876
33 62 32 47154
33 64 0 118256
33 65 15 21948
33 66 0 140350
33 67 -39 116155
34 35 0 6156
34 38 0 139374
34 41 0 4149
34 42 -86 168581
34 46 81 117752
34 47 0 83762
34 51 0 15443
34 54 0 37222
34 55 -94 161011
35 43 -57 123841
35 46 65 36447
35 47 0 102367
35 54 0 28421
35 60 -36 99006
35 61 69 52032
35 62 46 26077
35 67 0 82105
36 44 -34 49639
36 47 0 16219
36 54 -77 116587
36 58 0 82471
36 65 0 1470
37 46 62 52690
37 52 71 207
37 64 -77 158246
37 69 -78 148275
38 41 0 6628
38 56 -17 72447
38 59 -45 91739
38 60 0 15935
38 64 77 100713
38 65 0 103433
38 66 0 32545
39 45 0 29477
39 49 -13 35260
39 53 47 116008
39 60 0 9775
39 65 0 56848
40 42 54 115422
40 43 0 15355
40 47 26 140651
40 51 0 31193
40 54 -9 67835
40 62 -20 95622
40 65 -28 86501
40 70 0 136991
41 46 21 2709
41 48 -1 32069
41 54 64 122838
41 59 23 123596
41 64 -10 18218
41 65 61 106438
41 68 0 56773
42 46 -3 74952
42 47 0 69964
42 54 -57 136772
42 55 0 113649
42 58 0 8770
42 64 -75 139435
42 66 25 67596
43 45 0 142033
43 52 -44 92568
43 56 -4 40899
43 57 0 91082
43 58 0 127893
43 65 69 36400
43 66 74 71443
43 69 -7 64833
44 45 46 54882
44 49 0 58977
44 50 42 102271
44 52 0 99341
44 55 -56 133768
44 57 14 47394
44 58 -94 183402
44 60 0 30165
44 63 0 0
44 67 -87 137474
44 70 0 99143
45 49 -36 52912
45 50 12 96563
45 51 0 69322
45 53 69 97812
45 57 0 135857
45 62 93 97748
45 63 -23 33412
45 69 -16 82850
45 70 0 91411
46 47 16 17844
46 48 -88 174486
46 50 -99 200707
46 53 0 30547
46 59 0 98176
46 61 -76 113162
46 62 0 83069
46 69 91 69796
47 55 -59 146317
47 56 0 101805
47 61 0 47315
47 65 0 2978
47 67 -14 77510
48 50 -82 123408
48 51 0 94516
48 52 91 10312
48 58 0 120313
48 59 -1 60645
48 60 -63 106434
48 63 95 73618
48 67 -2 9514
48 69 0 121737
49 52 0 51164
49 57 -43 70720
49 59 37 5155
49 61 0 68864
49 66 64 48155
50 57 -98 165905
50 58 0 69592
50 60 45 13725
50 63 95 45022
50 64 -98 186052
51 54 0 11653
51 56 63 18496
51 63 -65 136742
52 56 -51 87784
52 61 -10 34183
52 63 -74 142179
52 65 0 128068
52 67 0 87475
53 56 -89 152571
53 61 -2 24499
53 66 68 96727
53 67 -52 112759
54 55 17 65838
54 65 -80 172402
54 68 0 100403
55 56 41 62647
55 59 91 18090
55 67 0 2011
55 69 0 0
56 57 -47 100874
56 58 -56 90955
56 63 -70 146515
56 67 -28 43618
56 70 0 21989
57 59 -61 156911
57 60 0 26148
57 63 38 105594
58 61 25 51503
58 62 0 26378
59 60 49 102735
60 61 0 115346
60 62 -57 131343
60 63 0 70971
60 68 71 140946
61 63 -60 146397
61 64 0 3611
62 63 28 89402
62 66 0 84668
62 67 47 142219
63 64 83 42407
63 65 88 30910
63 66 56 89607
63 68 0 99845
64 68 0 56984
65 66 -56 87398
67 68 -15 54066
67 69 -89 128404
67 70 -3 75092
69 70 -46 123086
