38 38
900000002 47999626
900000001 158033055
-895612605 -265573122
900000001 -265573121
900000002 364299489
-894517000 -894516999
900000001 -473428297
900000001 -52764390
900000002 -894516999
900000002 260671027
-889966570 158033053
-894517000 -793590318
900000001 -793590319
-899425261 565534858
-896371537 364299489
-889966571 158033054
-899425261 669679446
-890726222 -473428298
900000002 -793590318
-895612604 -155573570
900000001 -582702076
900000001 -369960517
-890726222 -369960516
-897190819 47999626
900000002 464960122
900000002 -473428298
-899425262 565534859
-889966571 260671027
900000001 364299490
900000001 -894516998
900000002 -155573571
-899425262 669679445
-894516999 -894517000
900000002 669679445
-899438473 -582702074
-889966570 260671028
900000002 -52764391
-897190819 -52764391
900000001 565534859
-899425261 565534859
-899425261 669679445
900000001 669679445
900000001 900000001
-999999998 900000001
-999999998 999999998
999999998 999999998
999999998 -999999998
900000001 -999999998
900000001 -894516999
-894516999 -894516999
-894516999 -793590318
900000001 -793590318
900000001 -693028793
-899438473 -693028793
-899438473 -582702075
900000001 -582702075
900000001 -473428298
-890726221 -473428298
-890726221 -369960516
900000001 -369960516
900000001 -265573122
-895612604 -265573122
-895612604 -155573571
900000001 -155573571
900000001 -52764391
-897190818 -52764391
-897190818 47999626
900000001 47999626
900000001 158033054
-889966570 158033054
-889966570 260671027
900000001 260671027
900000001 364299489
-896371536 364299489
-896371536 464960122
900000001 464960122
