282 282
-985770886 -780912312
987142857 671791271
-985907986 794207827
987142856 87156120
-986668779 33238602
987142857 87156121
-986621547 140532847
-986222932 -34015666
-986691253 -441649962
987142857 -373463986
-986377542 860402630
987142856 807178203
987142857 562909853
987142857 59460126
987142857 127470999
987142857 -877258855
-986470587 846780173
987142857 -822363076
-985887549 -413602463
987142856 46272607
987142857 -918429329
-986386610 -454958705
987142857 -536131967
-987029623 820174886
987142857 603945781
987142856 -645204002
987142856 -141174624
-986054861 290112256
-985781477 -331344426
-985906085 -863536765
987142857 290112257
-986390489 398611247
987142857 208213988
987142856 180775601
987142857 -863536765
987142856 -618570108
987142857 -850389070
-986372124 -727213470
-986437610 -618570106
-985781478 -331344425
-986775418 -75976731
987142857 481340943
-986205872 235177946
987142857 -249731811
987142856 -753861161
-986283340 73176783
-987141975 -102120293
-987141975 -115453578
987142857 101125736
-986775418 -88895715
987142857 -441649961
987142856 -441649960
987142856 -276416366
-985759955 -658956846
987142857 644684101
987142856 -918429330
987142856 317623944
987142856 644684102
987142856 508541274
987142856 846780172
987142856 -102120295
-985975507 617970271
-986621548 140532846
-987134065 753143912
987142857 73176784
-986294476 -549894146
987142857 -128311600
987142857 617970272
987142857 -959012785
987142856 -822363075
987142857 -482566522
-985906084 -877258856
-986294475 -549894147
-986841846 -522973814
-986542118 -767454433
987142856 -959012784
-986756702 -195648461
-985966650 -891352769
-985759956 -658956845
987142856 -317958147
-986961790 -482566522
-985770886 -794759490
987142857 -495654893
987142856 494341952
-985939816 454499941
-986542119 -753861160
-986496555 -986496554
987142857 114092548
-986902653 494341953
-986437610 -631641614
987142857 -727213471
987142857 -713197634
-986902652 494341954
987142856 -767454431
987142856 -262807655
-986222932 -20034840
-985984161 -699755936
987142857 860402630
-986965994 46272606
-985939817 454499942
-986236967 262698123
-986383201 317623942
-986767588 -959012785
987142856 833704298
-986369096 -304327243
987142856 -563599670
-985913968 -822363076
-985746592 -154132527
987142857 -34015666
987142856 766705715
987142857 154425755
-986965993 46272605
987142856 454499943
-986775419 -88895714
987142856 6303579
987142857 -359618794
987142856 -359618793
-986734001 358286564
987142857 385001739
-986154806 -345562945
987142856 -222480970
-985939817 468243597
-986924155 -249731812
987142856 657931758
987142856 -236043608
987142856 589894048
987142856 -699755938
-985746593 -154132528
987142856 -454958707
-986542119 -767454432
987142856 -972245197
-986734002 344313920
-986734002 358286563
-985991504 -932111018
-986383202 331047923
-986363047 657931760
987142857 657931759
987142856 -508693103
-986158762 221383820
-986691253 -427714910
-986222931 -20034839
987142857 -47792733
987142856 -591174502
-985984162 -699755937
987142856 481340944
987142856 -522973813
-985770885 -794759491
987142856 -727213472
-986365115 -262807654
-985991505 -932111017
987142856 154425756
-986740878 -6775719
987142857 -167953898
-986734001 344313919
987142857 -304327243
987142856 576201910
987142857 -618570107
-985907985 780797728
-986668779 19634798
987142857 331047923
987142857 -102120294
987142856 820174884
-985906084 -863536764
987142856 -605454230
987142856 699554895
987142857 -331344425
987142857 -753861160
987142856 753143914
987142856 631047149
-985800678 521692468
-986775419 -75976732
987142856 -195648460
-985907985 794207828
987142857 -75976732
987142857 -413602462
-986054862 290112257
987142857 727098977
987142857 -686841494
-986154807 -345562946
987142857 398611248
987142857 -808988603
-985966649 -891352768
-985975507 631047151
-986437363 -208891758
-986205871 235177945
-987141976 -115453577
987142857 262698124
987142857 846780173
-986672175 385001739
987142856 -331344424
-987134066 753143913
-986437362 -208891757
987142856 167404607
987142856 -88895713
-985747280 426709957
-986740877 -6775720
987142857 766705716
987142856 398611249
-986965994 59460126
987142857 -673196888
-985906085 -877258855
-986668780 33238601
-985800678 508541272
-986386610 -468953135
-985975508 617970272
987142856 344313921
-985887550 -413602462
987142857 -549894146
-986841845 -522973815
-985781477 -317958145
987142857 -946119511
-986902652 481340942
987142857 412457238
-987042096 -128311600
987142856 -413602461
-985769279 699554893
-986852304 -850389070
-985991505 -918429329
-986008400 562909853
987142857 780797729
987142856 -904395979
987142856 -536131968
987142857 -6775719
987142857 -182207304
987142856 -482566523
987142857 235177946
987142856 -304327242
987142856 -34015665
-987029624 820174885
987142857 -740233286
-985984162 -713197634
-986307862 603945782
-986283341 73176784
987142857 46272606
-985759955 -645204000
-986470586 833704296
987142856 -75976733
987142856 671791272
987142856 521692466
-986236968 262698124
-986094556 -577269060
987142856 140532845
-986307862 589894046
987142857 -780912312
987142856 33238600
987142856 873340009
987142857 -154132528
987142857 -658956845
-985769280 699554894
987142856 535048367
-986924156 -236043607
987142856 -345562947
987142856 290112258
-986644100 535048366
987142857 753143913
987142856 740277979
987142856 331047922
-986386611 -468953134
987142856 304007145
987142856 426709958
987142857 -262807654
-986107089 167404609
987142856 221383818
-986644099 535048365
-986767587 -946119510
987142856 412457237
987142856 262698125
-986377542 873340010
987142857 -794759490
987142857 454499942
987142856 -713197633
987142857 -115453577
-986222931 -34015667
987142857 494341953
-985913967 -822363077
-986629006 180775599
987142856 440439759
-985984161 -713197635
-985939816 468243598
-985769280 713757802
-986390489 412457239
987142857 -317958146
987142856 -441649961
-986691253 -441649961
-986691253 -427714911
987142856 -427714911
987142856 -413602462
-985887549 -413602462
-985887549 -399698521
987142856 -399698521
987142856 -386573048
-986874525 -386573048
-986874525 -373463986
987142856 -373463986
987142856 -359618794
-986154806 -359618794
-986154806 -345562946
987142856 -345562946
987142856 -331344425
-985781477 -331344425
-985781477 -317958146
987142856 -317958146
987142856 -304327243
-986369095 -304327243
-986369095 -290051251
987142856 -290051251
987142856 -276416367
-986365114 -276416367
-986365114 -262807654
987142856 -262807654
987142856 -249731811
-986924155 -249731811
-986924155 -236043607
987142856 -236043607
987142856 -222480971
-986437362 -222480971
-986437362 -208891758
987142856 -208891758
987142856 -195648461
-986756701 -195648461
-986756701 -182207304
987142856 -182207304
987142856 -167953898
-985746592 -167953898
-985746592 -154132528
987142856 -154132528
987142856 -141174625
-987042095 -141174625
-987042095 -128311600
987142856 -128311600
987142856 -115453577
-987141975 -115453577
-987141975 -102120294
987142856 -102120294
987142856 -88895714
-986775418 -88895714
-986775418 -75976732
987142856 -75976732
987142856 -61920464
-985943730 -61920464
-985943730 -47792733
987142856 -47792733
987142856 -34015666
-986222931 -34015666
-986222931 -20034840
987142856 -20034840
987142856 -6775719
-986740877 -6775719
-986740877 6303580
987142856 6303580
987142856 19634799
-986668779 19634799
-986668779 33238601
987142856 33238601
987142856 46272606
-986965993 46272606
-986965993 59460126
987142856 59460126
987142856 73176784
-986283340 73176784
-986283340 87156121
987142856 87156121
987142856 101125736
-986030383 101125736
-986030383 114092548
987142856 114092548
987142856 127470999
-986621547 127470999
-986621547 140532846
987142856 140532846
987142856 154425755
-986107089 154425755
-986107089 167404608
987142856 167404608
987142856 180775600
-986629006 180775600
-986629006 194372752
987142856 194372752
987142856 208213988
-986158762 208213988
-986158762 221383819
987142856 221383819
987142856 235177946
-986205871 235177946
-986205871 248935093
987142856 248935093
987142856 262698124
-986236967 262698124
-986236967 276167120
987142856 276167120
987142856 290112257
-986054861 290112257
-986054861 304007146
987142856 304007146
987142856 317623943
-986383201 317623943
-986383201 331047923
987142856 331047923
987142856 344313920
-986734001 344313920
-986734001 358286563
987142856 358286563
987142856 371614387
-986672174 371614387
-986672174 385001739
987142856 385001739
987142856 398611248
-986390489 398611248
-986390489 412457238
987142856 412457238
987142856 426709957
-985747279 426709957
-985747279 440439760
987142856 440439760
987142856 454499942
-985939816 454499942
-985939816 468243597
987142856 468243597
987142856 481340943
-986902652 481340943
-986902652 494341953
987142856 494341953
987142856 508541273
-985800678 508541273
-985800678 521692467
987142856 521692467
987142856 535048366
-986644099 535048366
-986644099 548918254
987142856 548918254
987142856 562909853
-986008399 562909853
-986008399 576201911
987142856 576201911
987142856 589894047
-986307862 589894047
-986307862 603945781
987142856 603945781
987142856 617970272
-985975507 617970272
-985975507 631047150
987142856 631047150
987142856 644684101
-986363047 644684101
-986363047 657931759
987142856 657931759
987142856 671791271
-986140486 671791271
-986140486 685324175
987142856 685324175
987142856 699554894
-985769279 699554894
-985769279 713757802
987142856 713757802
987142856 727098977
-986658823 727098977
-986658823 740277980
987142856 740277980
987142856 753143913
-987134065 753143913
-987134065 766705716
987142856 766705716
987142856 780797729
-985907985 780797729
-985907985 794207827
987142856 794207827
987142856 807178202
-987029623 807178202
-987029623 820174885
987142856 820174885
987142856 833704297
-986470586 833704297
-986470586 846780173
987142856 846780173
987142856 860402630
-986377541 860402630
-986377541 873340010
987142856 873340010
987142856 987142856
-999999998 987142856
-999999998 999999998
999999998 999999998
999999998 -999999998
987142856 -999999998
987142856 -986496554
-986496554 -986496554
-986496554 -972245196
987142856 -972245196
987142856 -959012785
-986767587 -959012785
-986767587 -946119511
987142856 -946119511
987142856 -932111017
-985991504 -932111017
-985991504 -918429329
987142856 -918429329
987142856 -904395980
-985966649 -904395980
-985966649 -891352769
987142856 -891352769
987142856 -877258855
-985906084 -877258855
-985906084 -863536765
987142856 -863536765
987142856 -850389070
-986852303 -850389070
-986852303 -836449107
987142856 -836449107
987142856 -822363076
-985913967 -822363076
-985913967 -808988603
987142856 -808988603
987142856 -794759490
-985770885 -794759490
-985770885 -780912312
987142856 -780912312
987142856 -767454432
-986542118 -767454432
-986542118 -753861160
987142856 -753861160
987142856 -740233286
-986372124 -740233286
-986372124 -727213471
987142856 -727213471
987142856 -713197634
-985984161 -713197634
-985984161 -699755937
987142856 -699755937
987142856 -686841494
-987085555 -686841494
-987085555 -673196888
987142856 -673196888
987142856 -658956845
-985759955 -658956845
-985759955 -645204001
987142856 -645204001
987142856 -631641613
-986437610 -631641613
-986437610 -618570107
987142856 -618570107
987142856 -605454231
-986884122 -605454231
-986884122 -591174501
987142856 -591174501
987142856 -577269059
-986094556 -577269059
-986094556 -563599669
987142856 -563599669
987142856 -549894146
-986294475 -549894146
-986294475 -536131967
987142856 -536131967
987142856 -522973814
-986841845 -522973814
-986841845 -508693102
987142856 -508693102
987142856 -495654893
-986961789 -495654893
-986961789 -482566522
987142856 -482566522
987142856 -468953134
-986386610 -468953134
-986386610 -454958706
987142856 -454958706
