26 26
-35139636 850000003
-673141131 850000003
-673141129 -839527697
-839527698 -839527697
119328157 -845532207
-839527697 850000004
285617144 -845532207
-839527697 -839527698
-513323080 850000003
-839527696 850000003
285617144 850000004
-352462818 850000004
439691417 -845925724
-186172099 850000004
-35139634 -833709279
596124369 -845925724
119328157 850000004
-186172100 -833709279
-186172098 850000003
596124368 850000004
596124367 850000003
-352462817 -840181949
119328156 -845532206
-513323081 850000004
439691419 850000003
-186172099 -833709280
999999998 999999998
999999998 -999999998
850000003 -999999998
850000003 850000003
596124368 850000003
596124368 -845925724
439691418 -845925724
439691418 850000003
285617144 850000003
285617144 -845532206
119328157 -845532206
119328157 850000003
-35139635 850000003
-35139635 -833709279
-186172099 -833709279
-186172099 850000003
-352462818 850000003
-352462818 -840181949
-513323081 -840181949
-513323081 850000003
-673141130 850000003
-673141130 -839527697
-839527697 -839527697
-839527697 850000003
-999999998 850000003
-999999998 999999998
