210 210
-981783480 -744863494
-981627097 -341058844
982692307 -617138467
-981147957 475226231
982692307 -690811689
982692306 -195919240
982692306 277969978
982692307 816541354
982692306 -762511510
982692307 -105387992
-981857774 -654021355
-982282861 -489591152
-982554156 745432697
-981793311 204932366
982692306 798120084
-982295553 854024950
982692307 113199287
-981219711 581956810
982692307 618879744
-981493757 -396661474
982692307 -49881091
-981793310 223619755
982692306 -506925543
982692306 22724445
-980988648 -360070195
982692306 -267840790
982692307 -635879130
-982261586 -690811688
-981647589 132039536
982692307 402040347
982692307 241826442
-982053840 22724444
-982068095 -86224520
-981493756 -396661473
982692307 -744863494
982692306 -562388560
-980988648 -378155232
-981219711 564331154
982692306 964822327
982692306 113199286
982692307 456773071
-982282861 -470882068
-981912860 946735187
982692307 76154872
982692307 -854457476
-982351983 -780294574
-982094406 187026775
982692307 22724444
982692306 -690811690
982692306 564331155
-981377237 438150309
982692307 331447443
-981203157 816541354
982692307 581956810
982692307 -654021355
982692306 618879743
-982351983 -762511508
982692306 -305272830
982692307 -67812995
-982021852 76154873
-981582302 -49881092
982692307 -562388561
-981493757 -415632276
982692307 168120843
-982190317 331447444
-982165650 -580222910
982692307 -232110359
-982231442 511682636
-981912860 927513734
982692307 349257124
-981147956 456773070
982692306 -818183269
982692307 -195919241
-981912859 946735188
982692306 -799217641
-982086806 636532977
-981353708 -142073251
-982522314 546853469
982692307 -506925542
982692306 -67812996
982692306 927513735
-982190318 331447443
982692307 -799217640
-982124991 691542461
-982426188 277969977
-981655161 -617138466
982692306 -489591151
-981627097 -323645733
-981159748 94133017
-982536557 -232110359
-981039625 -562388561
982692306 40580518
982692306 -396661475
-981076932 -818183270
-982295554 854024951
982692306 -213382684
982692307 -709089229
-980890881 -286949909
982692306 -654021356
982692306 -49881090
-982282860 -470882067
982692307 946735187
982692306 -378155231
-981147957 456773071
-982049338 4773783
982692306 908808824
982692307 -489591152
982692306 -415632275
-982165650 -598793630
982692306 636532978
-982536556 -232110360
982692307 798120085
-982165649 -580222909
982692306 -31764940
982692307 -86224520
-981039625 -544032956
-981647590 149768434
982692306 -142073253
982692307 709417469
-981039624 -562388562
-981949675 384718695
982692307 964822326
-982123899 -249986457
-982094407 168120843
982692307 745432698
982692307 511682635
-981203156 835228110
-982123900 -267840791
982692306 204932367
982692307 -341058844
-982282860 -489591153
-981840381 709417468
-982647654 -177342853
-982610921 367329618
982692306 76154871
-982021853 76154872
-982231442 494078272
982692306 58526679
982692307 -836241054
-981295089 908808826
-981942214 -854457477
-982123900 -249986458
982692306 384718697
-980890880 -286949908
982692306 654952021
982692307 727273081
982692307 672865215
-981840382 709417469
-982295553 872399547
-982346765 600737097
982692306 -836241055
982692307 223619754
982692307 204932366
982692306 4773782
-981627096 -341058845
982692306 456773072
982692306 -780294572
982692307 600737098
982692306 187026773
-982346766 618879744
-981578729 798120086
982692306 331447442
982692306 -598793629
982692306 349257125
-981793311 223619754
-982647655 -195919241
-982086806 654952022
-981193697 -434438578
982692307 259795557
-982610921 349257124
-981193697 -453164930
982692306 -544032957
-982299621 964822326
982692307 149768434
-982522313 546853470
-981219710 581956811
982692306 890103992
982692307 -780294573
982692307 636532977
-982426187 277969976
-982124990 672865214
-981147956 475226232
-981295090 908808825
-981783479 -744863495
-982665608 -525072583
-981942215 -854457476
982692306 -744863493
-981377236 420090669
-982522313 529451190
982692307 -818183270
-980836526 -123426963
982692307 -434438578
982692306 691542460
982692306 546853468
-982094406 168120842
982692306 -159990509
-981377236 438150310
982692307 -453164930
-981219710 564331153
982692307 -598793630
-981159749 94133018
-981039624 -544032955
982692306 672865216
982692307 -159990510
982692306 420090671
-982053839 22724443
-982665609 -506925542
-981825579 259795557
-982021852 58526677
982692306 -525072581
982692306 113199287
982692306 132039537
-981647589 132039537
-981647589 149768434
982692306 149768434
982692306 168120843
-982094406 168120843
-982094406 187026774
982692306 187026774
982692306 204932366
-981793310 204932366
-981793310 223619754
982692306 223619754
982692306 241826442
-981825578 241826442
-981825578 259795557
982692306 259795557
982692306 277969977
-982426187 277969977
-982426187 295755808
982692306 295755808
982692306 313329619
-982190317 313329619
-982190317 331447443
982692306 331447443
982692306 349257124
-982610920 349257124
-982610920 367329618
982692306 367329618
982692306 384718696
-981949675 384718696
-981949675 402040347
982692306 402040347
982692306 420090670
-981377236 420090670
-981377236 438150309
982692306 438150309
982692306 456773071
-981147956 456773071
-981147956 475226231
982692306 475226231
982692306 494078273
-982231442 494078273
-982231442 511682635
982692306 511682635
982692306 529451191
-982522313 529451191
-982522313 546853469
982692306 546853469
982692306 564331154
-981219710 564331154
-981219710 581956810
982692306 581956810
982692306 600737098
-982346765 600737098
-982346765 618879744
982692306 618879744
982692306 636532977
-982086805 636532977
-982086805 654952022
982692306 654952022
982692306 672865215
-982124990 672865215
-982124990 691542461
982692306 691542461
982692306 709417469
-981840381 709417469
-981840381 727273081
982692306 727273081
982692306 745432698
-982554156 745432698
-982554156 762977962
982692306 762977962
982692306 780423804
-981578729 780423804
-981578729 798120085
982692306 798120085
982692306 816541354
-981203156 816541354
-981203156 835228109
982692306 835228109
982692306 854024951
-982295553 854024951
-982295553 872399546
982692306 872399546
982692306 890103991
-981295089 890103991
-981295089 908808825
982692306 908808825
982692306 927513734
-981912859 927513734
-981912859 946735187
982692306 946735187
982692306 964822326
-982299620 964822326
-982299620 982299620
982692306 982299620
982692306 999999998
999999998 999999998
999999998 -999999998
-999999998 -999999998
-999999998 -982692306
982692306 -982692306
982692306 -854457476
-981942214 -854457476
-981942214 -836241054
982692306 -836241054
982692306 -818183270
-981076931 -818183270
-981076931 -799217640
982692306 -799217640
982692306 -780294573
-982351983 -780294573
-982351983 -762511509
982692306 -762511509
982692306 -744863494
-981783479 -744863494
-981783479 -727305748
982692306 -727305748
982692306 -709089229
-982261586 -709089229
-982261586 -690811689
982692306 -690811689
982692306 -673073277
-981857773 -673073277
-981857773 -654021355
982692306 -654021355
982692306 -635879130
-981655161 -635879130
-981655161 -617138467
982692306 -617138467
982692306 -598793630
-982165649 -598793630
-982165649 -580222910
982692306 -580222910
982692306 -562388561
-981039624 -562388561
-981039624 -544032956
982692306 -544032956
982692306 -525072582
-982665608 -525072582
-982665608 -506925542
982692306 -506925542
982692306 -489591152
-982282860 -489591152
-982282860 -470882068
982692306 -470882068
982692306 -453164930
-981193696 -453164930
-981193696 -434438578
982692306 -434438578
982692306 -415632276
-981493756 -415632276
-981493756 -396661474
982692306 -396661474
982692306 -378155232
-980988647 -378155232
-980988647 -360070195
982692306 -360070195
982692306 -341058844
-981627096 -341058844
-981627096 -323645733
982692306 -323645733
982692306 -305272831
-980890880 -305272831
-980890880 -286949909
982692306 -286949909
982692306 -267840791
-982123899 -267840791
-982123899 -249986458
982692306 -249986458
982692306 -232110359
-982536556 -232110359
-982536556 -213382683
982692306 -213382683
982692306 -195919241
-982647654 -195919241
-982647654 -177342854
982692306 -177342854
982692306 -159990510
-981353708 -159990510
-981353708 -142073252
982692306 -142073252
982692306 -123426962
-980836526 -123426962
-980836526 -105387992
982692306 -105387992
982692306 -86224520
-982068094 -86224520
-982068094 -67812995
982692306 -67812995
982692306 -49881091
-981582302 -49881091
-981582302 -31764939
982692306 -31764939
982692306 -13347243
-982049337 -13347243
-982049337 4773783
982692306 4773783
982692306 22724444
-982053839 22724444
-982053839 40580519
982692306 40580519
982692306 58526678
-982021852 58526678
-982021852 76154872
982692306 76154872
982692306 94133018
-981159748 94133018
-981159748 113199287
