34 34
-887500001 86245318
403735454 -875420708
405904164 -515107480
405904165 -635336412
406480004 86245317
403735454 -757746991
405904165 -515107481
-887500001 -275690604
411458889 -275690603
-887500002 -875420708
528314743 887500002
406480003 86245316
403735453 -875420709
411458889 -398251626
-887500001 205670194
-887500001 -398251625
406602177 -35589422
879434362 887500001
648886245 887500001
406480004 205670195
648886247 -887406998
411458888 -398251627
-887500001 -153978036
528314742 -887406998
761479245 -879434363
-887500002 86245317
761479247 887500001
528314743 -887406999
-887500002 -635336412
406602177 -153978038
403735453 -757746990
-887500002 -35589423
761479246 -879434364
-887500001 -757746992
-887500001 -398251626
-887500001 -515107481
405904164 -515107481
405904164 -635336412
-887500001 -635336412
-887500001 -757746991
403735453 -757746991
403735453 -875420708
-887500001 -875420708
-887500001 -999999998
-999999998 -999999998
-999999998 999999998
999999998 999999998
999999998 887500001
879434363 887500001
879434363 -879434363
761479246 -879434363
761479246 887500001
648886246 887500001
648886246 -887406998
528314743 -887406998
528314743 887500001
-887500001 887500001
-887500001 205670195
406480003 205670195
406480003 86245317
-887500001 86245317
-887500001 -35589423
406602177 -35589423
406602177 -153978037
-887500001 -153978037
-887500001 -275690603
411458888 -275690603
411458888 -398251626
