58 58
-935714286 931513321
929047114 -935714285
662355081 529125917
255209795 390824838
255209795 322445454
728039942 -935714286
111574063 -935714285
863406366 794791839
389470567 525654826
253726909 255548589
182342277 -935714285
863406368 -935714285
44581600 251677244
387884438 385496738
111574065 251677243
320623776 -935714286
44581599 251677243
661510565 734920915
-20158766 186485189
-935714285 865744723
182342275 255548588
458626520 -935714285
-935714285 525654825
657422708 664303683
-20158767 186485188
863406367 794791840
255209796 322445455
-935714285 456238819
253726909 -935714286
728039942 795779023
182342276 255548589
320623775 385496737
389470566 456238817
44581601 -935714285
863406367 -935714286
387884438 -935714286
657422709 664303682
253726908 -935714285
-935714285 664303681
182342276 -935714286
657422708 594810778
458626519 524731188
-935714286 456238818
-935714285 322445456
-935714285 734920917
44581600 -935714286
728039943 -935714285
255209796 390824837
661510566 799215345
929047116 794791839
-935714286 322445455
793440667 -935714286
111574064 -935714286
-935714285 257705087
793440666 -935714285
-935714286 186485189
793440668 795779022
-935714285 186485190
253726909 -935714285
320623776 -935714285
320623776 385496737
387884438 385496737
387884438 -935714285
458626519 -935714285
458626519 524731187
523723341 524731187
523723341 -935714285
593802933 -935714285
593802933 529125917
662355080 529125917
662355080 -935714285
728039942 -935714285
728039942 795779022
793440667 795779022
793440667 -935714285
863406367 -935714285
863406367 794791839
929047115 794791839
929047115 -935714285
999999998 -935714285
999999998 -999999998
-999999998 -999999998
-999999998 999999998
-935714285 999999998
-935714285 931513321
931513321 931513321
931513321 865744722
-935714285 865744722
-935714285 799215345
661510565 799215345
661510565 734920916
-935714285 734920916
-935714285 664303682
657422708 664303682
657422708 594810779
-935714285 594810779
-935714285 525654826
389470566 525654826
389470566 456238818
-935714285 456238818
-935714285 390824837
255209795 390824837
255209795 322445455
-935714285 322445455
-935714285 257705088
-20158767 257705088
-20158767 186485189
-935714285 186485189
-935714285 -935714285
44581600 -935714285
44581600 251677243
111574064 251677243
111574064 -935714285
182342276 -935714285
182342276 255548588
253726909 255548588
