418 418
-680447364 669777075
-133824789 25485122
991346152 307066806
-553757438 507120972
991346152 641712787
991346153 844329941
-245245683 -991346153
-645361575 -991346153
-899003048 771059846
-498800996 470138902
-852160881 -991346152
-843400252 -991346153
991346153 334956024
-645391409 587117583
-272427307 188054968
-235807952 -991346152
-508393730 -991346152
-207233899 133887999
991346152 971935662
991346152 206805649
991346152 170654427
-935642951 853603148
-445603626 -991346152
991346153 252992971
991346152 479116274
-226196702 -991346152
991346152 632736169
991346153 79747717
-935493574 -991346152
-807072602 717099082
991346153 971935663
991346152 907296505
-390305394 216417884
-254330383 188773446
-780192203 717104783
-207780514 161691387
991346152 334956023
991346153 398124314
991346152 497906721
-481328458 -991346152
-935474611 889629853
-327335336 -991346152
-944443520 897882713
-571561031 515967986
-170352415 134237996
991346153 234625723
-824881448 771248412
-935185572 798796245
991346153 679289797
-381537530 207275563
-871140976 771383012
-672204332 -991346153
-834091391 -991346153
-626473568 -991346152
991346153 316483889
-463139883 353026309
-780192203 -991346153
-935759353 817265838
-254330383 -991346153
-672204333 -991346152
-743989117 -991346152
-553835376 498256836
-336223043 -991346153
991346153 880725293
-481217822 388823195
991346152 826175549
-617412035 -991346152
-427050932 262437773
-852160879 771053651
-889708299 -991346152
991346152 808007889
-824881448 761651553
-197825293 133887999
991346152 871375027
-481217823 380123970
-571561030 -991346152
991346152 525046741
-207233899 -991346153
-780192202 717104782
-962586984 -991346152
991346152 262437772
-789070063 717104783
-935170313 834859718
991346153 826175550
-517557605 479909240
-445681583 325960634
-762019345 -991346152
-133824788 -991346153
-743989116 -991346153
-815938450 -991346153
-797930210 -991346153
-553835376 -991346153
-336223042 -991346152
991346153 262437773
-179357804 134142469
-953329906 944143578
-725666798 679512500
-871140975 771383011
991346153 980913169
-363185590 -991346153
-571561031 -991346153
991346152 388823193
-134579550 34910188
991346152 16930168
991346153 707279606
-544491876 498256836
-390330911 -991346153
-216589284 169851951
991346152 771248411
-953329906 953450960
-97156671 16930166
-935170312 834859717
-899078874 780458355
-598616538 -991346152
-281137337 188054968
991346153 197471991
-272427308 -991346152
-880632954 771383011
991346153 451864210
-990620800 -991346153
-598616536 568947079
-106190716 25733934
-216589285 169851952
-445681583 334956025
-445600596 316483889
-498800997 470138903
-152401734 106811577
-481505268 362359760
-990424564 990424563
-935493575 -991346153
-152579386 97917246
-309245352 188742924
-971980390 971766304
-216589286 -991346152
-589513056 -991346153
991346152 179463200
-363185590 207473865
-498878722 451864209
-734749100 679512500
-824625580 -991346152
-517143123 497906723
-635803767 -991346152
-226950779 188614818
991346153 125318244
-770691152 707279605
-654068699 -991346153
-917160868 789182762
-152081613 79747717
-843400251 -991346152
991346152 161691389
-152081613 70519080
-644858327 605273577
991346152 953450959
-427050931 262437774
-807072602 -991346153
-152089578 61134943
-481540415 406795672
-917160867 -991346153
-445681584 334956024
-589513055 -991346152
-426954242 243726738
991346152 651089895
-363185591 -991346152
991346153 52451823
991346153 889629853
-953609477 962708037
-644609106 614483950
-263728761 188773446
-935474611 898327594
991346153 953450960
-445603627 279933152
-481328459 353169278
991346152 25876141
-861736271 771053652
991346153 380123970
-335877521 197471990
-935185573 798796246
-436220473 279933151
991346153 761651553
-426954240 -991346152
991346152 688752516
-327335334 188205279
-372593511 207473865
-953012192 934568788
-743989116 679493974
-134579549 34910187
991346153 735331259
-300074218 -991346152
-408737200 -991346153
-771181622 698269024
-935538961 880725293
-698592522 679635221
-508393729 -991346153
991346152 252992972
-472473335 353169278
-689910081 -991346153
-152089579 61134942
-354302663 -991346153
-345489756 -991346152
-981127255 -991346152
-226196703 169851952
-143249854 61134943
-953609477 971935664
-207780514 170654429
991346152 362359761
-327335335 188205280
-680920356 660787349
-133923584 61192809
-363185589 207473864
-152401733 106811576
991346153 834859718
991346153 725964929
-935538960 880725294
-526357375 -991346152
-207780515 161691388
991346152 225457883
991346153 962708038
-880632952 -991346152
-953012193 925845880
-300074219 188300859
991346153 388823194
-770691153 707279606
991346153 179463199
991346153 525046740
-917160867 789182763
-207233898 -991346152
991346152 990424562
-345489755 207534958
-645391409 578174612
-797930210 717099082
-689910081 679635221
-207100701 143243384
991346153 280282700
-290554360 188300858
-762019344 -991346153
-463777897 335656343
-824625582 752185743
-336223043 188205280
-953012192 925845879
991346153 595794872
991346152 716463877
-662827226 632736167
-580639785 533572261
-235807951 -991346153
991346152 97917245
-562699513 515967985
-152579385 97917247
-134579550 43781518
-481710872 443056139
991346153 216417884
-953173192 897882712
-354302663 207534958
-216589285 -991346153
991346152 380123971
-152579386 89139821
-133923584 52451823
-517557605 -991346153
-725666797 679512499
-662990593 651089894
-861736272 771053651
-417858329 243726738
-944443519 897882712
-318606268 188742923
-743989115 679493973
-445681584 325960635
-235807950 188387291
-716760558 -991346153
-852160880 -991346153
-645361574 -991346152
-580639786 533572262
-318606267 -991346153
-446377216 298366679
991346153 188614818
-553757439 507120973
-580639786 -991346153
-152089578 -991346153
-427096309 271607315
-318606266 -991346152
-889708298 -991346153
991346152 798796247
-815938451 -991346152
-953609478 971935663
991346152 415774199
991346152 980913170
-97156671 25876143
-133824787 -991346152
991346152 744091646
-843400252 771697729
-300074220 188300858
-734749099 -991346152
-455077341 -991346153
-408757880 243892522
991346153 716463878
991346152 623276573
991346153 353026308
-953362194 916621090
-133923583 61192810
-807243442 744091644
-427050931 252992970
991346153 460623896
991346152 862574456
-617412034 -991346153
-309245351 188742923
-935474610 898327595
991346153 170654428
991346153 669777075
-535685314 -991346153
-935493576 789846301
-662926103 623457938
-498800997 479116275
991346153 651089894
-133824788 25485123
991346152 551618922
-152579385 89139820
991346153 898327594
991346152 451864211
-399473232 225504594
-562699514 -991346153
-481710871 443056140
-990424564 980913169
-463777896 -991346153
991346152 679289796
991346153 344351782
-490518942 443091319
-725666798 -991346153
-953173191 897882713
991346153 298366679
-644858326 605273578
-381537531 -991346153
-899078874 789473562
-152779204 134548873
-390305393 216417883
-152081612 70519079
-535685313 -991346152
991346153 578174613
-935185573 808007890
-917160866 -991346152
-481505267 371110296
-571699809 525046739
-463777895 -991346152
991346153 798796246
-408757881 234625723
-571699810 533735765
-662926102 -991346153
-807243443 744091645
991346153 70519080
-399473233 -991346152
991346152 143243385
-680447363 679289798
-463139883 344351781
991346153 925845880
-852160880 771053652
991346153 307066805
-571699809 533735766
-935642952 853603149
-981127254 -991346153
991346153 43781518
-707709818 -991346152
991346152 944143579
-562699514 515967986
-571561032 515967985
-445603627 -991346153
-944443520 -991346153
991346153 990424563
-272427306 188054967
-390305394 225457884
-662990592 651089893
-300074219 -991346153
-644858327 595794872
-152779205 125318244
991346152 934568786
-644609105 614483949
-707709817 -991346153
-797930211 -991346152
-498878722 460623897
991346153 325960635
-445600596 307066805
991346153 443056139
-152401734 116246261
-716760557 -991346152
-327335335 -991346153
-880632953 -991346153
-935185572 808007891
-698592521 -991346152
991346152 853603150
991346152 280282699
-608184501 568947079
-263728760 -991346152
-197825294 -991346152
-263728762 188773445
-124598849 -991346152
-207100701 152202803
991346152 916621089
991346153 516104664
-498878723 451864210
-834091391 771697729
-254330384 -991346152
-281137336 -991346152
-188724377 -991346153
-152401733 116246262
-207100700 152202804
-481540416 406795671
-935170313 844329941
991346153 605273577
991346153 34910188
991346153 698269024
991346152 134548871
-463777896 335656344
-134579549 43781519
-490518942 -991346153
-861736270 -991346152
-899078875 780458356
-944443521 -991346152
-935170312 844329942
-499620837 443091319
-508393728 479909239
-935642951 862574458
991346153 660563335
-662926102 623457938
-654068699 623457938
-654068699 -991346152
-645361575 -991346152
-645361575 569467489
-635803766 569467489
-635803766 -991346152
-626473569 -991346152
-626473569 568844416
-617412034 568844416
-617412034 -991346152
-608184500 -991346152
-608184500 568947079
-598616537 568947079
-598616537 -991346152
-589513056 -991346152
-589513056 533572261
-580639786 533572261
-580639786 -991346152
-571561031 -991346152
-571561031 515967985
-562699514 515967985
-562699514 -991346152
-553835376 -991346152
-553835376 498256835
-544491876 498256835
-544491876 -991346152
-535685314 -991346152
-535685314 498314411
-526357374 498314411
-526357374 -991346152
-517557605 -991346152
-517557605 479909239
-508393729 479909239
-508393729 -991346152
-499620837 -991346152
-499620837 443091318
-490518942 443091318
-490518942 -991346152
-481328459 -991346152
-481328459 353169277
-472473335 353169277
-472473335 -991346152
-463777896 -991346152
-463777896 335656343
-455077341 335656343
-455077341 -991346152
-445603627 -991346152
-445603627 279933151
-436220474 279933151
-436220474 -991346152
-426954241 -991346152
-426954241 243726738
-417858330 243726738
-417858330 -991346152
-408737200 -991346152
-408737200 225504593
-399473232 225504593
-399473232 -991346152
-390330911 -991346152
-390330911 207275563
-381537531 207275563
-381537531 -991346152
-372593511 -991346152
-372593511 207473864
-363185590 207473864
-363185590 -991346152
-354302663 -991346152
-354302663 207534957
-345489755 207534957
-345489755 -991346152
-336223043 -991346152
-336223043 188205279
-327335335 188205279
-327335335 -991346152
-318606267 -991346152
-318606267 188742923
-309245352 188742923
-309245352 -991346152
-300074219 -991346152
-300074219 188300858
-290554361 188300858
-290554361 -991346152
-281137337 -991346152
-281137337 188054967
-272427307 188054967
-272427307 -991346152
-263728761 -991346152
-263728761 188773445
-254330383 188773445
-254330383 -991346152
-245245683 -991346152
-245245683 188387291
-235807951 188387291
-235807951 -991346152
-226196703 -991346152
-226196703 169851951
-216589285 169851951
-216589285 -991346152
-207233899 -991346152
-207233899 133887998
-197825293 133887998
-197825293 -991346152
-188724377 -991346152
-188724377 134142468
-179357804 134142468
-179357804 -991346152
-170352415 -991346152
-170352415 134237995
-161473716 134237995
-161473716 -991346152
-152089578 -991346152
-152089578 61134942
-143249854 61134942
-143249854 -991346152
-133824788 -991346152
-133824788 25485122
-124598848 25485122
-124598848 -991346152
-115422594 -991346152
-115422594 25733934
-106190717 25733934
-106190717 -991346152
991346152 -991346152
991346152 16930167
-97156671 16930167
-97156671 25876142
991346152 25876142
991346152 34910188
-134579549 34910188
-134579549 43781518
991346152 43781518
991346152 52451823
-133923583 52451823
-133923583 61192809
991346152 61192809
991346152 70519080
-152081612 70519080
-152081612 79747717
991346152 79747717
991346152 89139821
-152579385 89139821
-152579385 97917246
991346152 97917246
991346152 106811577
-152401733 106811577
-152401733 116246261
991346152 116246261
991346152 125318244
-152779204 125318244
-152779204 134548872
991346152 134548872
991346152 143243384
-207100700 143243384
-207100700 152202803
991346152 152202803
991346152 161691388
-207780514 161691388
-207780514 170654428
991346152 170654428
991346152 179463199
-226950778 179463199
-226950778 188614818
991346152 188614818
991346152 197471991
-335877521 197471991
-335877521 206805650
991346152 206805650
991346152 216417884
-390305393 216417884
-390305393 225457884
991346152 225457884
991346152 234625723
-408757880 234625723
-408757880 243892521
991346152 243892521
991346152 252992971
-427050931 252992971
-427050931 262437773
991346152 262437773
991346152 271607316
-427096309 271607316
-427096309 280282700
991346152 280282700
991346152 289406865
-446377215 289406865
-446377215 298366679
991346152 298366679
991346152 307066805
-445600595 307066805
-445600595 316483889
991346152 316483889
991346152 325960635
-445681583 325960635
-445681583 334956024
991346152 334956024
991346152 344351782
-463139883 344351782
-463139883 353026308
991346152 353026308
991346152 362359760
-481505267 362359760
-481505267 371110295
991346152 371110295
991346152 380123970
-481217822 380123970
-481217822 388823194
991346152 388823194
991346152 398124314
-481540415 398124314
-481540415 406795671
991346152 406795671
991346152 415774198
-480908721 415774198
-480908721 424607154
991346152 424607154
991346152 434217375
-481710871 434217375
-481710871 443056139
991346152 443056139
991346152 451864210
-498878722 451864210
-498878722 460623896
991346152 460623896
991346152 470138903
-498800996 470138903
-498800996 479116275
991346152 479116275
991346152 488709008
-517143123 488709008
-517143123 497906722
991346152 497906722
991346152 507120973
-553757438 507120973
-553757438 516104664
991346152 516104664
991346152 525046740
-571699809 525046740
-571699809 533735765
991346152 533735765
991346152 542675742
-589835830 542675742
-589835830 551618923
991346152 551618923
991346152 560399630
-589693886 560399630
-589693886 569251962
991346152 569251962
991346152 578174613
-645391409 578174613
-645391409 587117582
991346152 587117582
991346152 595794872
-644858326 595794872
-644858326 605273577
991346152 605273577
991346152 614483950
-644609105 614483950
-644609105 623276574
991346152 623276574
991346152 632736168
-662827226 632736168
-662827226 641712788
991346152 641712788
991346152 651089894
-662990592 651089894
-662990592 660563335
991346152 660563335
991346152 669777075
-680447363 669777075
-680447363 679289797
991346152 679289797
991346152 688752515
-771181621 688752515
-771181621 698269024
991346152 698269024
991346152 707279606
-770691152 707279606
-770691152 716463878
991346152 716463878
991346152 725964929
-807178064 725964929
-807178064 735331259
991346152 735331259
991346152 744091645
-807243442 744091645
-807243442 752956545
991346152 752956545
991346152 761651553
-824881447 761651553
-824881447 771248412
991346152 771248412
991346152 780458356
-899078874 780458356
-899078874 789473561
991346152 789473561
991346152 798796246
-935185572 798796246
-935185572 808007890
991346152 808007890
991346152 817265838
-935759352 817265838
-935759352 826175550
991346152 826175550
991346152 834859718
-935170312 834859718
-935170312 844329941
991346152 844329941
991346152 853603149
-935642951 853603149
-935642951 862574457
991346152 862574457
991346152 871375026
-935538960 871375026
-935538960 880725293
991346152 880725293
991346152 889629853
-935474610 889629853
-935474610 898327594
991346152 898327594
991346152 907296504
-953362193 907296504
-953362193 916621090
991346152 916621090
991346152 925845880
-953012192 925845880
-953012192 934568787
991346152 934568787
991346152 944143578
-953329905 944143578
-953329905 953450960
991346152 953450960
991346152 962708038
-953609477 962708038
-953609477 971935663
991346152 971935663
991346152 980913169
-990424563 980913169
-990424563 990424563
991346152 990424563
991346152 999999998
999999998 999999998
999999998 -999999998
-999999998 -999999998
-999999998 -991346152
-990620800 -991346152
-990620800 971533971
-981127254 971533971
-981127254 -991346152
-971980389 -991346152
-971980389 971766304
-962586983 971766304
-962586983 -991346152
-953173191 -991346152
-953173191 897882712
-944443520 897882712
-944443520 -991346152
-935493575 -991346152
-935493575 789846301
-926774351 789846301
-926774351 -991346152
-917160867 -991346152
-917160867 789182762
-908401559 789182762
-908401559 -991346152
-899003048 -991346152
-899003048 771059845
-889708298 771059845
-889708298 -991346152
-880632953 -991346152
-880632953 771383011
-871140976 771383011
-871140976 -991346152
-861736271 -991346152
-861736271 771053651
-852160880 771053651
-852160880 -991346152
-843400252 -991346152
-843400252 771697728
-834091391 771697728
-834091391 -991346152
-824625581 -991346152
-824625581 752185743
-815938450 752185743
-815938450 -991346152
-807072602 -991346152
-807072602 717099081
-797930210 717099081
-797930210 -991346152
-789070063 -991346152
-789070063 717104782
-780192203 717104782
-780192203 -991346152
-771221615 -991346152
-771221615 679781927
-762019344 679781927
-762019344 -991346152
-752760802 -991346152
-752760802 679493973
-743989116 679493973
-743989116 -991346152
-734749100 -991346152
-734749100 679512499
-725666798 679512499
-725666798 -991346152
-716760558 -991346152
-716760558 679846275
-707709817 679846275
-707709817 -991346152
-698592522 -991346152
-698592522 679635220
-689910081 679635220
-689910081 -991346152
-680920355 -991346152
-680920355 660787349
-672204332 660787349
-672204332 -991346152
-662926102 -991346152
