96 96
-159108217 771881222
923312801 622614146
696638694 -948132274
-912496081 256676994
-912496081 685125171
84297635 240578574
746520010 -157654101
83803140 389077231
-191749254 -521580422
84297635 314978650
-912496080 426999902
-160354528 168246232
923312802 165985499
641804290 -948132274
373880118 -948132273
588470918 -948132274
537088270 -156718541
88465602 165985500
482874240 -156718541
-191749253 -409258959
162576967 -948132273
923312801 87816676
746520010 -948132274
-892375193 -734915729
83803140 463123532
89248233 780729010
91494748 544913722
-161168680 514506047
-194918138 -734915731
-912496081 168246233
-892375194 -628604366
923312801 702157822
88465601 165985499
214746236 -154690591
850950632 -155083088
696638694 -157654101
923312801 463123531
-161168681 599679492
850950633 -155083089
-912496080 168246234
267105139 -155178601
-194918137 -628604366
89248232 780729009
923312801 544913723
267105140 -948132273
-912496080 256676993
798783400 -155083089
89248233 702157820
83803141 463123533
923312802 544913722
537088269 -948132273
746520009 -948132273
214746235 -948132274
588470917 -154202346
798783401 -155083088
-159108216 685125171
923312802 702157821
-892375193 -409258960
-912496080 342526531
923312801 389077232
-191749254 -409258958
-912496081 342526530
428975397 -155957098
641804290 -154202345
-159108216 771881221
923312802 314978649
-159512072 426999903
641804291 -154202346
588470919 -948132273
83803141 389077230
91494749 622614148
537088271 -156718542
798783402 -948132273
-912496081 426999903
373880117 -948132274
-160354527 256676994
214746234 -948132273
-161168681 514506046
696638693 -157654102
-912496081 514506047
162576966 -948132274
-912496080 685125172
923312802 87816675
-892375193 -521580420
-892375193 -193280824
88465601 87816675
923312802 463123532
-892375194 -734915730
-193793733 -305403899
1 0
-892375193 -628604367
923312802 240578575
162576965 -154690591
89248232 702157821
267105138 -155178602
923312802 780729009
-194918138 -734915730
-194918138 -628604366
-892375193 -628604366
-892375193 -521580421
-191749254 -521580421
-191749254 -409258959
-892375193 -409258959
-892375193 -305403898
-193793733 -305403898
-193793733 -193280823
-892375193 -193280823
-892375193 -87381283
-994351655 -87381283
-994351655 81554242
-912496080 81554242
-912496080 168246233
-160354528 168246233
-160354528 256676994
-912496080 256676994
-912496080 342526530
-159512073 342526530
-159512073 426999903
-912496080 426999903
-912496080 514506047
-161168681 514506047
-161168681 599679491
-912496080 599679491
-912496080 685125171
-159108217 685125171
-159108217 771881221
-912496080 771881221
-912496080 909205080
-73662537 909205080
-73662537 991060655
9704559 991060655
9704559 917410280
923312801 917410280
923312801 780729009
89248233 780729009
89248233 702157821
923312801 702157821
923312801 622614147
91494749 622614147
91494749 544913722
923312801 544913722
923312801 463123532
83803141 463123532
83803141 389077231
923312801 389077231
923312801 314978649
84297635 314978649
84297635 240578575
923312801 240578575
923312801 165985499
88465602 165985499
88465602 87816675
923312801 87816675
923312801 9055632
996963176 9055632
996963176 -102819698
947111215 -102819698
947111215 -948132273
850950632 -948132273
850950632 -155083089
798783401 -155083089
798783401 -948132273
746520010 -948132273
746520010 -157654102
696638694 -157654102
696638694 -948132273
641804290 -948132273
641804290 -154202346
588470918 -154202346
588470918 -948132273
537088270 -948132273
537088270 -156718542
482874240 -156718542
482874240 -948132273
428975396 -948132273
428975396 -155957098
373880117 -155957098
373880117 -948132273
320742717 -948132273
320742717 -155178602
267105139 -155178602
267105139 -948132273
214746235 -948132273
214746235 -154690591
162576966 -154690591
162576966 -948132273
110706073 -948132273
110706073 -997984234
-87894193 -997984234
-87894193 -896007772
-892375193 -896007772
-892375193 -734915730
