440 440
25182840 -124610484
364661150 -984998330
-173205350 -237704654
349936207 -984998329
-194954592 -291503917
-161874122 -237333922
-881937187 964893742
-227514715 -988038612
-989047343 -303030560
109014687 -984998330
980956597 -109880867
38215062 867328665
-989047343 -401258107
-989047343 -247720846
-105575548 -52271361
980956598 -417464303
150892667 -984998329
94524166 -166665628
980956598 -388971743
969919914 531516250
-412807446 -434517509
-435329044 -434410479
250268217 -333590950
-456424488 -988038613
969919913 817608162
969919913 765649130
-281463242 -988038612
-184156782 39527234
39042427 274472215
-270649832 -346332269
980956597 -291609605
236213047 -984998330
136584499 -193446558
24740485 -25160186
-272396931 37785164
-435329044 -445070181
980956598 -503060202
24740484 -25160187
334880231 -459825489
-853284752 964893742
320844318 -445608062
277979481 -984998329
-281211990 -345920255
-105353092 -106471353
109014687 -194231307
980956597 -388971744
-445982342 -988038612
250268216 -333590951
-184321205 -988038612
178617223 -222124961
-94395799 -40478297
379368744 -503009349
-128342694 -988038612
-105731994 -988038612
969919914 712486191
-707991704 964893741
980956598 -166016101
-149976081 -215432237
-766887615 38278426
207300271 -250216244
39442608 197891464
-736858543 38278426
-117241794 -988038613
-150470722 -183057066
-83012113 -988038613
39193033 739206538
-105731992 -128725275
980956597 -360860397
-96277306 39344581
80300667 -166665628
-360588208 39324756
-337406127 -390637723
-195182759 -269506551
-989047342 -63550107
24216496 -165445534
-989047343 -139540025
980956598 -221948618
-853284752 37656379
165499869 -207970310
980956598 -235582520
980956597 -249296046
37735629 -984998329
-881937186 964893741
-989047343 -379810207
-150470723 -183057067
-678428031 964893742
108732722 -166016101
-390897954 -433501473
-217065742 -988038612
-155720634 964893742
-105674544 -63550105
-989047343 -423020338
-989047343 -258582400
-989047342 -204940017
65442583 -984998330
-360588209 39324757
-149976080 -215432238
-456424488 -498856545
38256155 404386265
40325233 41207233
38256155 429687282
-989047342 -368509963
-989047342 -106471354
-347956977 -390361059
980956598 -374467706
178617222 -984998329
37735631 -165445534
-766887614 964893741
-244023356 39147007
24740484 -39281399
-448667577 964893742
980956597 -403350275
264160609 -984998330
980956597 -179740785
980956598 -124610484
980956597 -25160188
94524165 -166665627
236213047 -334166241
39420782 326884859
-989047343 -95514058
221930732 -984998330
-105353092 -117389080
980956597 -503060203
-348189405 -988038612
-391741916 -412583206
-423938902 -434517509
-989047343 -434410480
-989047342 -117389079
51203767 -984998330
-456896776 -477419354
-435329043 -445070180
150892668 -193446557
-989047343 -128051572
969919914 144885323
-105731993 -988038613
364661151 -984998329
-50649140 -40703963
-989047343 -204940018
-380416818 -412236462
39494765 686873524
-105674543 -74393466
-161874120 -988038612
-678428032 964893741
-272396930 37785165
-217598615 -314281765
-647818228 38068108
-83012112 -40478297
25182841 -109880865
980956598 -516645626
-206071972 -988038613
51203766 -165275680
-989047343 -117389080
969919913 790560994
306884101 -403350276
-989047342 -314281764
980956597 -417464304
24216497 -984998330
364471402 -474360681
-825039960 964893741
980956598 -39281399
-456896775 -477419355
969919914 352612582
24669140 -95276532
969919914 248460863
-989047342 -280139938
-206071971 -988038612
192595531 -221948618
969919914 893347180
-270649831 -988038612
969919913 634826464
969919913 197891466
-766887615 964893742
38215062 893347180
-149869823 -149925988
-72606549 -41054161
-881937187 37656379
-796783620 964893741
-989047342 -52271359
-456896775 -488414401
969919913 429687281
40325234 41207232
-155720635 964893741
-195200827 -247720846
-184321207 -237704654
24669139 -95276531
-50649139 -988038612
-281211989 -357311374
394144538 -516645627
-476681051 39292371
980956598 -194347987
980956597 -194347988
335536529 -474517699
-562420290 964893742
969919914 222998803
-360588208 964893742
-456424489 -988038612
207300272 -250216245
-360588207 964893741
38557045 144885323
-989047343 -291503916
980956597 -319535780
-766887616 38278427
-456896776 -488414402
165047322 -984998329
39442608 222998804
24179426 -52882318
165047321 -984998330
349936208 -984998330
-105353093 -106471352
-448667577 39292371
193250949 -984998329
-149869824 -161075211
150892668 -984998330
-989047343 -390361059
38247877 634826465
-304246558 -988038612
969919913 506132741
-281463240 -368124783
-989047343 -52271360
-358700846 -988038613
-150485072 -194058276
980956597 -474360683
335536528 -474517700
-238586995 -346430376
-881937188 37656380
-330986807 39324756
193250948 -250216244
-244023354 964893741
-105731993 -128725274
969919913 867328666
-347956977 -401258107
40556893 94771109
-562420291 964893741
980956597 -166016102
-504428080 964893741
221930733 -984998329
39193034 739206539
-534115680 37158616
980956598 -319535781
-476681052 39292372
-418786795 37466082
80300668 -984998330
-194954591 -280139937
980956598 -459825488
-989047342 -139540024
-260124459 -988038613
394144537 -503060202
306494091 -417464303
-149869823 -161075210
-304246556 -368673852
-391741917 -423020339
-989047343 -280139937
-206071973 -302097886
-590839523 964893741
178617224 -222124962
40022957 790560995
-281211990 -357311375
24171412 -138203391
39919015 481011998
-104929109 -84926776
-380416818 -988038613
980956597 -544833656
-390897954 -988038613
-467421729 -498856545
-301073639 964893742
-195182760 -258582399
969919914 660740864
-989047343 -149925988
969919913 531516249
-94395798 -40478296
122878729 -194231308
980956597 -138203392
980956597 -263243626
-369679203 -988038612
-358700845 -988038612
292380065 -984998330
-184156781 39527233
980956597 -235582519
969919914 172029224
980956597 -67199111
969919913 274472213
-337406125 -988038612
-150470722 -172062072
-347956978 -401258108
-150146352 -139540025
-412807446 -988038613
221621412 -305930746
39042426 274472214
-281463241 -988038613
980956598 -430961818
-66344313 37630669
969919913 94771110
39494766 686873525
-796783619 39307592
-105674543 -63550106
980956597 -374467705
108732723 -166016100
38701109 506132740
969919914 634826465
221837247 -277780604
364661149 -503009349
-590839524 964893742
-194915177 -988038612
165499868 -194347987
-150444359 -237333921
-83012114 -988038612
-184321206 -237704653
40325233 67794582
-330986808 964893741
980956598 -95276531
969919913 172029223
980956598 -263243627
-707991706 40021392
-647818229 38068109
-150444359 -988038613
39442607 222998803
-195200827 -237253046
-504428079 37158616
-149976080 -226373424
-325954057 -390637723
-435329043 -434410480
-104929108 -95514058
-825039961 964893742
307026308 -445608062
25182840 -109880866
-989047343 -357311374
-989047343 -74393466
24179425 -52882319
969919914 506132740
-326325130 -368509961
-412807445 -434517510
-736858544 964893741
122878728 -984998330
-989047343 -183057066
-39556332 -40703964
969919914 867328665
-504428079 964893742
40022958 765649128
-337406126 -988038613
-249150287 -988038613
221013796 -249296044
980956597 -277780605
349936209 -474517700
-989047343 -215432238
-39556333 -40703963
277979480 -984998330
969919914 94771109
-989047342 -357311373
-401310273 -988038612
-388642701 964893742
-369679201 -412236463
-105575547 -41252483
-139483861 -128489978
969919913 456025931
24171412 -151807543
109014686 -194231308
969919913 41207234
980956597 -516645625
-330986807 964893742
392845886 -530122768
-989047342 -258582401
39919015 456025929
-325954058 -390637722
-590839525 37716199
-390897955 -988038612
0 1
306494092 -417464302
122878727 -984998329
-989047342 -488414400
980956597 -530122770
-476681050 964893741
-325954058 -988038613
-418786794 964893742
969919913 583002408
-989047343 -237253046
221837248 -291609607
-315126542 -368673851
-678428030 40021392
-292884079 -988038613
-104929109 -95514059
-150146352 -128051572
165499868 -207970309
-292884080 -368124783
-358700847 -412041385
-989047342 -84926778
969919914 67794582
-213892199 964893742
969919914 197891465
969919914 481011997
980956598 -305930747
980956598 -138203391
-61630569 -41054161
980956598 -207970309
-989047342 -434410481
-194954591 -291503916
-149976081 -226373425
379368743 -503009348
-217065741 -988038613
221013795 -263243627
-173205352 -988038612
39042426 248460863
969919914 583002409
-562420290 37716198
-206071972 -302097885
-304246557 -988038613
-989047342 -455970972
-238020890 -324787938
-989047343 -335358098
-989047342 -303030561
38215063 867328664
306884102 -403350277
-37320469 964893741
980956598 -474360682
-989047342 -172062073
-281211989 -345920256
-390897953 -433501474
-238586995 -988038613
-562420289 37716199
24740485 -39281400
969919913 119908643
969919914 274472214
40627533 817608160
193250947 -250216245
-184156781 964893742
249670423 -984998330
221013796 -263243628
207300271 -984998330
980956598 -179740786
-434770603 -988038613
165047321 -222124961
-61630568 -41054162
-467421729 -988038613
-150485071 -194058277
969919913 352612583
40627533 842693970
-391741917 -412583205
-401310275 -433501474
39442607 197891465
39420783 300312629
-534115680 964893742
-337406126 -988038612
-348189404 -988038612
-348189404 -412041385
-358700846 -412041385
-358700846 -988038612
-369679202 -988038612
-369679202 -412236463
-380416818 -412236463
-380416818 -988038612
-390897954 -988038612
-390897954 -433501474
-401310274 -433501474
-401310274 -988038612
-412807446 -988038612
-412807446 -434517510
-423938902 -434517510
-423938902 -988038612
-434770603 -988038612
-434770603 -477336623
-445982343 -477336623
-445982343 -988038612
-456424488 -988038612
-456424488 -498856546
-467421729 -498856546
-467421729 -988038612
-989047342 -988038612
-989047342 -488414401
-456896776 -488414401
-456896776 -477419355
-989047342 -477419355
-989047342 -466504922
-434839693 -466504922
-434839693 -455970971
-989047342 -455970971
-989047342 -445070180
-435329044 -445070180
-435329044 -434410480
-989047342 -434410480
-989047342 -423020338
-391741917 -423020338
-391741917 -412583206
-989047342 -412583206
-989047342 -401258107
-347956978 -401258107
-347956978 -390361059
-989047342 -390361059
-989047342 -379810207
-326325130 -379810207
-326325130 -368509962
-989047342 -368509962
-989047342 -357311374
-281211990 -357311374
-281211990 -345920256
-989047342 -345920256
-989047342 -335358098
-238020890 -335358098
-238020890 -324787939
-989047342 -324787939
-989047342 -314281765
-217598616 -314281765
-217598616 -303030560
-989047342 -303030560
-989047342 -291503916
-194954592 -291503916
-194954592 -280139937
-989047342 -280139937
-989047342 -269506551
-195182760 -269506551
-195182760 -258582400
-989047342 -258582400
-989047342 -247720846
-195200828 -247720846
-195200828 -237253046
-989047342 -237253046
-989047342 -226373424
-149976081 -226373424
-149976081 -215432238
-989047342 -215432238
-989047342 -204940018
-150485072 -204940018
-150485072 -194058277
-989047342 -194058277
-989047342 -183057066
-150470723 -183057066
-150470723 -172062072
-989047342 -172062072
-989047342 -161075210
-149869824 -161075210
-149869824 -149925988
-989047342 -149925988
-989047342 -139540025
-150146353 -139540025
-150146353 -128051572
-989047342 -128051572
-989047342 -117389080
-105353093 -117389080
-105353093 -106471353
-989047342 -106471353
-989047342 -95514058
-104929109 -95514058
-104929109 -84926777
-989047342 -84926777
-989047342 -74393466
-105674544 -74393466
-105674544 -63550106
-989047342 -63550106
-989047342 -52271360
-105575548 -52271360
-105575548 -41252483
-989047342 -41252483
-989047342 -30072733
-999422424 -30072733
-999422424 9411589
-971771816 9411589
-971771816 964893741
-881937187 964893741
-881937187 37656380
-853284752 37656380
-853284752 964893741
-825039961 964893741
-825039961 39307593
-796783619 39307593
-796783619 964893741
-766887615 964893741
-766887615 38278427
-736858543 38278427
-736858543 964893741
-707991705 964893741
-707991705 40021392
-678428031 40021392
-678428031 964893741
-647818228 964893741
-647818228 38068109
-619496044 38068109
-619496044 964893741
-590839524 964893741
-590839524 37716199
-562420290 37716199
-562420290 964893741
-534115680 964893741
-534115680 37158617
-504428079 37158617
-504428079 964893741
-476681051 964893741
-476681051 39292372
-448667577 39292372
-448667577 964893741
-418786794 964893741
-418786794 37466082
-388642701 37466082
-388642701 964893741
-360588208 964893741
-360588208 39324757
-330986807 39324757
-330986807 964893741
-301073639 964893741
-301073639 37785165
-272396931 37785165
-272396931 964893741
-244023355 964893741
-244023355 39147007
-213892199 39147007
-213892199 964893741
-184156781 964893741
-184156781 39527234
-155720634 39527234
-155720634 964893741
-125604989 964893741
-125604989 39344582
-96277306 39344582
-96277306 964893741
-66344313 964893741
-66344313 37630670
-37320468 37630670
-37320468 964893741
-9101387 964893741
-9101387 992544349
13580367 992544349
13580367 968092300
969919913 968092300
969919913 893347180
38215063 893347180
38215063 867328665
969919913 867328665
969919913 842693969
40627533 842693969
40627533 817608161
969919913 817608161
969919913 790560995
40022958 790560995
40022958 765649129
969919913 765649129
969919913 739206538
39193034 739206538
39193034 712486191
969919913 712486191
969919913 686873524
39494766 686873524
39494766 660740864
969919913 660740864
969919913 634826465
38247878 634826465
38247878 607669920
969919913 607669920
969919913 583002409
39776850 583002409
39776850 557712733
969919913 557712733
969919913 531516250
38701110 531516250
38701110 506132740
969919913 506132740
969919913 481011997
39919015 481011997
39919015 456025930
969919913 456025930
969919913 429687282
38256156 429687282
38256156 404386265
969919913 404386265
969919913 379710476
39308090 379710476
39308090 352612582
969919913 352612582
969919913 326884859
39420783 326884859
39420783 300312630
969919913 300312630
969919913 274472214
39042427 274472214
39042427 248460863
969919913 248460863
969919913 222998803
39442608 222998803
39442608 197891465
969919913 197891465
969919913 172029224
38557046 172029224
38557046 144885323
969919913 144885323
969919913 119908644
40556894 119908644
40556894 94771109
969919913 94771109
969919913 67794582
40325234 67794582
40325234 41207233
969919913 41207233
969919913 14462366
994371962 14462366
994371962 -10998208
980956597 -10998208
980956597 -25160187
24740485 -25160187
24740485 -39281399
980956597 -39281399
980956597 -52882319
24179426 -52882319
24179426 -67199112
980956597 -67199112
980956597 -81289746
24669140 -81289746
24669140 -95276531
980956597 -95276531
980956597 -109880866
25182841 -109880866
25182841 -124610484
980956597 -124610484
980956597 -138203391
24171413 -138203391
24171413 -151807543
980956597 -151807543
980956597 -166016101
108732723 -166016101
108732723 -179740786
980956597 -179740786
980956597 -194347987
165499869 -194347987
165499869 -207970309
980956597 -207970309
980956597 -221948618
192595532 -221948618
192595532 -235582520
980956597 -235582520
980956597 -249296045
221013796 -249296045
221013796 -263243627
980956597 -263243627
980956597 -277780604
221837248 -277780604
221837248 -291609606
980956597 -291609606
980956597 -305930747
221621412 -305930747
221621412 -319535781
980956597 -319535781
980956597 -333590951
250268217 -333590951
250268217 -347196063
980956597 -347196063
980956597 -360860396
277824942 -360860396
277824942 -374467706
980956597 -374467706
980956597 -388971743
306884102 -388971743
306884102 -403350276
980956597 -403350276
980956597 -417464303
306494092 -417464303
306494092 -430961818
980956597 -430961818
980956597 -444997732
334880231 -444997732
334880231 -459825488
980956597 -459825488
980956597 -474360682
364471402 -474360682
364471402 -488284407
980956597 -488284407
980956597 -503060202
394144538 -503060202
394144538 -516645626
980956597 -516645626
980956597 -530122769
392845886 -530122769
392845886 -544833657
980956597 -544833657
980956597 -984998329
379368743 -984998329
379368743 -503009349
364661150 -503009349
364661150 -984998329
349936208 -984998329
349936208 -474517700
335536529 -474517700
335536529 -984998329
320844317 -984998329
320844317 -445608062
307026309 -445608062
307026309 -984998329
292380065 -984998329
292380065 -388286577
277979480 -388286577
277979480 -984998329
264160609 -984998329
264160609 -360653439
249670423 -360653439
249670423 -984998329
236213047 -984998329
236213047 -334166242
221930732 -334166242
221930732 -984998329
207300271 -984998329
207300271 -250216245
193250948 -250216245
193250948 -984998329
178617223 -984998329
178617223 -222124962
165047321 -222124962
165047321 -984998329
150892668 -984998329
150892668 -193446558
136584500 -193446558
136584500 -984998329
122878728 -984998329
122878728 -194231308
109014687 -194231308
109014687 -984998329
94524165 -984998329
94524165 -166665628
80300668 -166665628
80300668 -984998329
65442583 -984998329
65442583 -165275680
51203767 -165275680
51203767 -984998329
37735630 -984998329
37735630 -165445534
24216497 -165445534
24216497 -984998329
10578506 -984998329
10578506 -998413694
-28925102 -998413694
-28925102 -988038612
-39556333 -988038612
-39556333 -40703964
-50649140 -40703964
-50649140 -988038612
-61630569 -988038612
-61630569 -41054162
-72606549 -41054162
-72606549 -988038612
-83012113 -988038612
-83012113 -40478297
-94395798 -40478297
-94395798 -988038612
-105731993 -988038612
-105731993 -128725275
-117241794 -128725275
-117241794 -988038612
-128342693 -988038612
-128342693 -128489979
-139483861 -128489979
-139483861 -988038612
-150444359 -988038612
-150444359 -237333922
-161874121 -237333922
-161874121 -988038612
-173205351 -988038612
-173205351 -237704654
-184321206 -237704654
-184321206 -988038612
-194915176 -988038612
-194915176 -302097886
-206071972 -302097886
-206071972 -988038612
-217065741 -988038612
-217065741 -325275534
-227514716 -325275534
-227514716 -988038612
-238586995 -988038612
-238586995 -346430377
-249150287 -346430377
-249150287 -988038612
-260124459 -988038612
-260124459 -346332270
-270649832 -346332270
-270649832 -988038612
-281463241 -988038612
-281463241 -368124783
-292884079 -368124783
-292884079 -988038612
-304246557 -988038612
-304246557 -368673852
-315126542 -368673852
-315126542 -988038612
-325954058 -988038612
-325954058 -390637723
-337406126 -390637723
