272 272
646238732 387356708
680623651 -976817706
-592229019 -391125223
889382941 144212497
-944096124 741008205
835498850 -976817706
-895404901 -897497433
-944096124 531843557
610174170 423421268
573644055 459951385
724508748 -976817706
238330728 258307804
701545177 698871271
-944096123 168457373
747129125 -976817706
814241490 -39893507
756291825 753379282
-944096123 586412729
903470398 -976817707
658310969 -976817706
238330727 258307805
-289395355 -729442217
125452477 922441858
70149728 977744605
257555514 277303613
106425111 125185131
-62705693 381650563
502965007 -976817707
83858433 -976817706
832360332 201235108
962693420 70902020
683117206 680443300
-658245174 -662926132
-726905651 -256448589
394243415 -976817706
404504787 423421268
481376753 -976817707
-658245174 -325109068
238330728 809563607
980966658 977744606
-944096124 328385827
331297971 716596362
-64010127 636926746
-87802742 -122609738
372602265 -976817707
524755793 -39863134
835498849 -39329707
-389855622 -422532548
440579698 459951385
88313995 959580340
-826642019 -828983786
282853454 -976817707
459635069 588259266
-928942298 -931034830
-760721633 -763658582
628338362 405257078
-944096124 115195848
104971426 -39782380
422415508 625478827
62148400 -976817707
835498849 -976817707
-944096124 168457372
610174171 423421269
724508749 -976817707
-64010126 636926745
394243414 -39713497
775287635 772375090
257555513 790338820
791196642 -976817706
143460207 163802326
83858432 -39782380
-87802741 -931034829
306107349 -976817706
592263450 588259265
628338361 405257077
-189853785 -828983785
88313994 107177402
869793113 866875229
813457105 220138333
217073029 -41378823
62148400 -40098722
459635069 479006754
-895404902 -87949340
908410308 904434127
944582303 941469224
-944096124 381650564
747129123 -40692724
149837628 -40036612
720444009 716596363
199922331 847972004
327952284 -41326243
313413885 734480448
880254383 -976817706
720444010 716596362
327952283 -976817707
349023063 698871272
83858431 -39782381
-223669768 -256448589
-189853786 -828983786
219386043 239363119
-792230855 -795167804
-422671766 -596165804
172226908 -976817706
349023062 368203325
857702297 -39329708
372602266 -40935743
635709793 -976817707
-895404902 -897497432
-692461538 -290892702
-61900362 847271008
610174170 607314636
104971426 -976817707
161429275 886465058
-62702480 221434488
546744584 -976817706
851824044 181771396
181019104 201235108
683117205 350478233
832360331 828508292
590307452 -39562956
-323839467 -359053252
459635068 588259265
610174171 607314635
104971425 -976817706
294515053 313151429
880254382 -40624434
-944096124 275300028
-289395354 -325109068
-64010126 586412728
791196640 -39893508
-658245173 -325109067
193766554 -976817707
-63691846 63398387
367451033 387356708
437080611 -976817706
-860744502 -122609738
481376753 -41109694
869793112 866875230
546744586 -39863135
-63306497 275300027
125452476 922441857
835498848 -39329708
367451034 680443301
-255178989 -290892703
440579699 459951384
458339408 -39356234
385351404 405257077
-389855622 -628981948
658310967 -40673524
349023062 698871271
-944096124 432663978
813457106 809563606
70149728 89013136
-692461538 -694998104
635709794 -40693883
372602265 -40935742
440579698 607314635
738328095 295267343
944582303 89013135
404504786 423421269
944582304 941469223
738328096 734480448
-826642019 -156712221
769375482 -976817707
702006946 -976817707
680623652 -976817707
720444009 313151429
-53142343 -965695229
481376752 -41109695
-62705693 432663979
-63306496 275300028
275519243 295267344
217073028 -41378824
260330119 -976817706
-944096123 690275411
125452476 144212498
-62705692 432663978
857702296 -976817707
149837627 -40036611
680623652 -40673523
-189853785 -222632608
980966659 977744605
-944096123 432663977
880254381 -40624435
350815676 -40935743
573644054 459951384
88313994 959580339
-726905652 -256448590
-944096123 531843556
-928942299 -54411943
612928985 -40693883
702006947 -976817706
524755794 -976817706
62148401 -40098723
-692461539 -290892703
143460206 904434127
869793113 163802327
680623653 -40673524
889382941 886465059
-155751303 -191123385
172226906 -40461629
769375482 -40692723
775287635 258307805
814241491 -39893508
385351403 405257078
502965007 -41109694
83858432 -976817707
903470398 -40624434
481376754 -976817706
-944096123 221434486
-189853786 -222632607
440579699 607314636
851824043 847972004
88313995 107177401
612928986 -976817707
-59276597 482499620
349023063 368203324
-62705692 381650564
-63306496 328385827
-155751302 -191123386
199922330 847972003
219386042 828508291
-760721634 -763658581
-1 0
908410307 125185131
794232319 790338821
-658245173 -662926133
-422671766 -455348692
962693419 70902019
-389855623 -422532547
962693420 959580339
-355911438 -391125223
-355911438 -662926132
-860744503 -863086268
-792230856 -191123386
458339407 -39356233
437080609 -39356234
628338362 625478826
238416091 -41378824
-560821694 -422532548
-323839468 -359053251
756291826 277303614
851824043 181771395
-62702480 168457371
282853453 -976817706
-860744503 -122609739
-21025441 -54411943
104971427 -39782381
294515053 753379282
646238732 643389547
-928942299 -931034829
367451034 387356707
791196641 -39893507
350815677 -40935742
193766553 -976817706
665392114 368203324
701545177 332050263
747129124 -40692723
422415507 625478826
415796726 -39713498
-21025442 -54411942
415796724 -976817706
908410307 904434128
-624300989 -628981949
-422671767 -596165805
327952283 -41326242
-944096124 63398387
238416090 -41378823
926418038 922441857
-528005550 -455348692
331297972 350478233
568235194 -976817706
172226907 -976817706
149837627 -976817706
149837627 -40036612
126935689 -40036612
126935689 -976817706
104971426 -976817706
104971426 -39782381
83858432 -39782381
83858432 -976817706
62148400 -976817706
62148400 -40098723
39750654 -40098723
39750654 -976817706
17724280 -976817706
17724280 -997812129
-21025442 -997812129
-21025442 -54411943
-928942298 -54411943
-928942298 -931034829
-87802742 -931034829
-87802742 -122609739
-860744502 -122609739
-860744502 -863086268
-155751303 -863086268
-155751303 -191123386
-792230855 -191123386
-792230855 -795167803
-223669768 -795167803
-223669768 -256448590
-726905651 -256448590
-726905651 -729442216
-289395355 -729442216
-289395355 -325109068
-658245173 -325109068
-658245173 -662926132
-355911439 -662926132
-355911439 -391125223
-592229018 -391125223
-592229018 -596165804
-422671767 -596165804
-422671767 -455348692
-528005549 -455348692
-528005549 -455348693
-560821693 -455348693
-560821693 -422532548
-389855623 -422532548
-389855623 -628981948
-624300989 -628981948
-624300989 -359053252
-323839468 -359053252
-323839468 -694998103
-692461538 -694998103
-692461538 -290892703
-255178990 -290892703
-255178990 -763658581
-760721633 -763658581
-760721633 -222632608
-189853786 -222632608
-189853786 -828983785
-826642019 -828983785
-826642019 -156712222
-121340139 -156712222
-121340139 -897497432
-895404901 -897497432
-895404901 -87949340
-53142343 -87949340
-53142343 -965695228
-961171598 -965695228
-961171598 -22182643
-993288499 -22182643
-993288499 9147496
-944096123 9147496
-944096123 63398387
-63691847 63398387
-63691847 115195848
-944096123 115195848
-944096123 168457372
-62702480 168457372
-62702480 221434487
-944096123 221434487
-944096123 275300028
-63306497 275300028
-63306497 328385827
-944096123 328385827
-944096123 381650564
-62705693 381650564
-62705693 432663978
-944096123 432663978
-944096123 482499620
-59276598 482499620
-59276598 531843557
-944096123 531843557
-944096123 586412728
-64010127 586412728
-64010127 636926745
-944096123 636926745
-944096123 690275410
-62789621 690275410
-62789621 741008205
-944096123 741008205
-944096123 793467611
-61900362 793467611
-61900362 847271007
-944096123 847271007
-944096123 947126467
-9440956 947126467
-9440956 996318843
51575491 996318843
51575491 70902020
962693419 70902020
962693419 959580339
88313995 959580339
88313995 107177402
926418037 107177402
926418037 922441857
125452477 922441857
125452477 144212498
889382941 144212498
889382941 886465058
161429276 886465058
161429276 181771396
851824043 181771396
851824043 847972003
199922331 847972003
199922331 220138334
813457105 220138334
813457105 809563606
238330728 809563606
238330728 258307805
775287634 258307805
775287634 772375090
275519244 772375090
275519244 295267344
738328095 295267344
738328095 734480448
313413886 734480448
313413886 332050263
701545176 332050263
701545176 698871271
349023063 698871271
349023063 368203325
665392114 368203325
665392114 662542930
385351404 662542930
385351404 405257078
628338361 405257078
628338361 625478826
422415508 625478826
422415508 441331990
592263449 441331990
592263449 588259265
459635069 588259265
459635069 479006755
554588684 479006755
554588684 479006756
573644054 479006756
573644054 459951385
440579699 459951385
440579699 607314635
610174170 607314635
610174170 423421269
404504787 423421269
404504787 643389547
646238731 643389547
646238731 387356708
367451034 387356708
367451034 680443300
683117205 680443300
683117205 350478234
331297972 350478234
331297972 716596362
720444009 716596362
720444009 313151430
294515053 313151430
294515053 753379281
756291825 753379281
756291825 277303614
257555514 277303614
257555514 790338820
794232319 790338820
794232319 239363120
219386043 239363120
219386043 828508291
832360331 828508291
832360331 201235108
181019105 201235108
181019105 866875229
869793112 866875229
869793112 163802327
143460207 163802327
143460207 904434127
908410307 904434127
908410307 125185132
106425111 125185132
106425111 941469223
944582303 941469223
944582303 89013136
70149729 89013136
70149729 977744605
980966658 977744605
980966658 52628781
999540896 52628781
999540896 -18072349
978546473 -18072349
978546473 -976817706
903470398 -976817706
903470398 -40624435
880254382 -40624435
880254382 -976817706
857702296 -976817706
857702296 -39329708
835498849 -39329708
835498849 -976817706
814241490 -976817706
814241490 -39893508
791196641 -39893508
791196641 -976817706
769375482 -976817706
769375482 -40692724
747129124 -40692724
747129124 -976817706
724508749 -976817706
724508749 -39455643
702006946 -39455643
702006946 -976817706
680623652 -976817706
680623652 -40673524
658310968 -40673524
658310968 -976817706
635709793 -976817706
635709793 -40693883
612928986 -40693883
612928986 -976817706
590307452 -976817706
590307452 -39562957
568235193 -39562957
568235193 -976817706
546744585 -976817706
546744585 -39863135
524755793 -39863135
524755793 -976817706
502965007 -976817706
502965007 -41109695
481376753 -41109695
481376753 -976817706
458339407 -976817706
458339407 -39356234
437080610 -39356234
437080610 -976817706
415796725 -976817706
415796725 -39713498
394243414 -39713498
394243414 -976817706
372602265 -976817706
372602265 -40935743
350815677 -40935743
350815677 -976817706
327952283 -976817706
327952283 -41326243
306107348 -41326243
306107348 -976817706
282853454 -976817706
282853454 -39986377
260330118 -39986377
260330118 -976817706
238416090 -976817706
238416090 -41378824
217073029 -41378824
217073029 -976817706
193766554 -976817706
193766554 -40461629
172226907 -40461629
