428 428
-215360477 795890042
-796376343 -797700934
-835112835 831795944
-108162643 -125533472
-796376342 -201291181
221898770 778724383
-619862732 617688576
379893914 -632442457
-262377988 -750552719
-262377989 -750552720
281744381 303197224
-780866624 -781790233
124603457 876019696
-231140475 -248160813
-567526407 563875574
-707884657 705370241
-636858848 634684690
241941251 758681902
-707884658 288463405
-46655194 -63824350
-62253224 -78834840
132629636 -879706735
-376565827 634684690
-401783477 -418477249
-125902484 885348035
149872045 -164987142
-168650682 -844280025
695796728 -697029967
-341442825 669807694
241941252 263401778
-386456608 -403354604
-153960590 -171130323
395729185 -616607184
-707884657 288463404
599350111 -393896397
565497159 563514210
-817012513 814146827
-417281924 -433975694
-686784877 -310882646
781308050 778724384
-108792145 902458374
-798755728 795890042
-641441898 -356225625
-46655195 -63824349
-923754459 72593604
647182598 -346063908
-325025653 -687905056
-933843175 -63824350
-370691940 -642238769
-215360476 795890041
116416734 -895919637
-417281923 -433975695
762328191 -230918317
-339778233 -356225626
-811847108 -185820417
878979190 -114267316
584551047 582434236
895192093 -98054415
379300141 621323014
599350110 -600160603
862449660 -130796846
301227879 323394232
702770146 699395276
-976871266 974258733
-123962347 -140215982
801550444 184104979
-270468094 740782425
412175768 -426207795
895192092 -895919637
445195450 -567140919
623559096 362096325
163181031 837442124
-686784878 -687905055
762328191 -762257781
-54182643 72593603
65939164 -946397205
-625404459 -372263066
796018278 -197228228
149872045 -862464326
-625404458 -626474100
-594312921 -595648784
915826180 913763212
132629635 -147744734
550825053 -442421453
-869664718 867337808
143524747 164448694
-852554378 849237487
-92135636 -920795071
-355815674 -372263065
897047744 88607677
347175988 -665160383
663990047 -665160382
315306403 -329256461
99887203 -114267317
-817012514 179335549
105638378 126529013
266398513 -745937858
182135634 204347371
935881381 932763257
-447374944 563875573
781308051 778724383
801550443 798966777
-749506712 -750552719
911714273 -912449167
379300141 401104375
124603458 876019697
-796376343 -201291182
796018279 -796366263
67859897 88607677
360052470 381269485
-817012513 179335548
-933843175 -935805562
-763144551 233203512
-447374945 563875574
412175767 -426207796
-184249291 -828681418
722253644 718878772
-370691940 -387589934
-376565827 393442917
143524746 164448695
105638379 894984776
-153960590 -858970119
-231140476 -248160812
-324401611 686848908
163181030 184104979
-887674943 108673118
-619862732 376485329
702770147 282885276
955334571 30320850
-72712630 938537889
742296124 243359297
-77125145 -935805562
331089250 -681247121
-309311520 -325635228
-339778234 -673152475
-31953978 -980976731
-653900062 651642277
779237280 -214009228
360052469 381269486
-749506711 -750552720
301227879 699395276
360052470 640570685
183047805 -829288564
-77125145 -93706763
379300140 621323013
299282567 -313232625
-653900061 651642278
533670187 -459576319
418188917 582434236
241941252 758681903
897047745 88607678
-619862733 376485330
-417281923 -595648784
-72712629 938537888
201656378 223868115
-447458404 -463727569
-567526408 428821655
-108162643 -904768066
-903960761 -904768066
533670188 -459576320
412175768 -600160603
-923754458 920064861
266398513 -280914336
33557274 -978779095
746008267 -745937857
-36991785 974258732
-686784877 -687905056
-563691830 -565472304
-976871267 974258732
-270468093 288463405
935881380 49774041
-672065478 669807693
-246589687 -766341022
-964142420 -33525103
266398512 -745937857
-359608240 651642277
-199759009 -813171700
-672065478 324282585
428040584 -584295785
821206728 164448695
395729186 -616607185
-585540512 410807551
379893913 -393896397
-62253223 -78834841
-579190275 -580526140
-16861312 -33525104
412175767 -600160602
845501774 -147744734
-339778233 -673152474
261432433 739190720
623559097 362096326
-888161058 -109506467
428040585 -584295786
-288582431 306984737
-656318165 -341349360
878047699 107607724
-359608240 376485330
-749506711 -248160812
695796728 -297449778
878979191 -114267317
599350111 -600160602
977662813 -978779096
-918832683 -920795072
428040585 -442421453
821206727 818487521
663990046 -665160383
-826537200 -171130323
-91185657 920064860
-72712629 90200091
261432434 739190721
-763144550 233203511
124603458 145494091
-31953977 -49123133
-428940681 446123172
682458198 679940854
-215229773 -797700934
-625404458 -372263065
-798755728 197592333
-940945315 938537889
-964142421 -966275513
828259364 -164987142
65939165 -81532233
-293226887 -719703820
-123962346 -888968361
526444835 459210586
166819932 -845516439
796018278 -796366264
-143912709 867337808
-184249290 -201291182
-309311520 -703619187
642806768 342848655
-869664718 126683345
722253643 718878773
-123962347 -888968362
897047744 894984776
-36991786 55402746
-153960589 -858970118
221898770 243359298
182135634 818487521
565497160 563514209
199061018 -813275353
647182599 -648352934
437108944 563514209
-763144550 759475712
-689363325 306984738
-798755729 197592334
9075048 30320851
-726577945 722668087
812246153 -813275352
-91185657 108673119
-293226887 -310882647
862449660 -862464326
299282568 -313232624
28351505 49774042
-734406275 -263261250
761787306 758681903
250078589 -762257782
1 0
67859897 932763258
-610077590 -611147230
232751106 -779585265
-162013031 179335549
-888161058 -888968361
-726577944 722668088
163181030 837442123
565497159 420158262
340879310 659743845
911714273 -81532233
82461346 -98054414
-19702413 36872759
-376565828 634684691
-869664717 867337809
663990047 -329256461
-872134051 -125533472
241941251 263401779
116416734 -130796846
105638378 894984775
-948544391 -950677485
-689363324 306984737
623559097 621323013
-31953978 -49123132
746008266 -247238240
86859943 913763212
-579190276 -580526139
-780866625 -781790232
-428940680 446123173
-432404569 -580526140
320682300 342848655
-780866625 -216800900
-948544391 -49123132
935881381 49774042
-72712630 90200090
398354028 420158262
728680784 -729402415
-594312921 -403354604
-548993790 -448673735
-246589687 -263261249
-918832683 -78834840
-734406275 -735452282
945102613 -946397205
-233812746 777437773
-563691829 -433975694
445195451 -459576319
-826537201 -828681417
-602905145 599674472
398354027 420158263
-653900061 342448000
935881380 932763258
183047805 -197228229
-246589686 -766341021
-91185658 108673118
-309311521 -325635227
-16861313 -33525103
662261189 323394232
-376565828 393442916
-933843174 -63824349
977662814 -978779095
232751106 -247238240
845501773 -147744733
-887674944 885348034
781308051 204347372
340879310 362096325
-162013032 179335548
-411576046 428821655
-641441899 -642238768
-153960589 -171130324
-672032297 -673152474
-108162642 -125533473
-979067974 -980976731
-702533339 -295134184
-781106611 215241450
-77125146 -93706762
65939164 -81532234
281744381 718878772
-857451541 -858970119
143524746 857098407
-355815673 -372263066
33557275 -978779096
-811847108 -813171699
840161331 145494092
99887204 -114267316
-432404569 -448673734
199061018 -214009227
955334572 30320851
702770147 699395275
631095861 -632442456
149872044 -164987143
955334572 952216448
-817012514 814146826
859126410 857098407
166819931 -845516438
124603457 145494092
840161330 145494091
48406705 952216448
-92135636 -109506467
945102612 -48143894
379893914 -393896396
-168650682 -185820417
862449661 -862464325
-533939954 -463727569
722253643 263401778
48406706 952216449
445195450 -459576320
-602905146 393442917
878979191 -879706734
878047698 876019697
-563691829 -565472305
-625404459 -626474099
215970107 -796366264
-964142421 -33525104
526444836 459210587
878047699 876019696
132629635 -879706734
761787307 758681902
-411576047 599674472
-602905145 393442916
-903960762 -93706763
-324401611 342448000
-393561943 617688576
-781106612 215241451
-636858847 359489214
-734406274 -735452283
201656378 798966777
-125902484 143793683
299282568 -713053803
-123962346 -140215983
583485293 -409761213
-636858847 634684691
-689363325 686848907
702770146 282885275
-46655195 -966275514
623559096 621323014
631095861 -362150647
911714274 -81532234
975676657 972271648
-585540512 582309837
-233812745 777437772
895192093 -895919636
182135633 818487520
-842135809 -155531716
-811847107 -813171700
-139278080 -155531715
-594312920 -403354603
584551046 401104375
-325025653 -341349359
-197103691 215241451
199061017 -813275352
567038712 -567140919
762328190 -230918316
781308050 204347371
-906147971 90200090
761787307 223868116
215970106 -796366263
395729186 -409761213
567038712 -426207796
347175988 -362150646
545364862 440290559
-31953977 -980976730
-305880278 705370241
65939165 -946397206
-923754459 920064860
-215360477 233203511
418188917 440290560
28351505 972271648
961522022 -31724486
-251774807 269770117
215970106 -230918317
-765417413 -766341022
-625404458 -372263066
-625404458 -626474099
-386456609 -626474099
-386456609 -403354604
-594312920 -403354604
-594312920 -595648784
-417281924 -595648784
-417281924 -433975695
-563691829 -433975695
-563691829 -565472304
-447458404 -565472304
-447458404 -463727570
-533939954 -463727570
-533939954 -463727571
-548993789 -463727571
-548993789 -448673735
-432404569 -448673735
-432404569 -580526139
-579190275 -580526139
-579190275 -418477249
-401783478 -418477249
-401783478 -611147230
-610077589 -611147230
-610077589 -387589935
-370691940 -387589935
-370691940 -642238768
-641441898 -642238768
-641441898 -356225626
-339778234 -356225626
-339778234 -673152474
-672032296 -673152474
-672032296 -325635228
-309311521 -325635228
-309311521 -703619187
-702533339 -703619187
-702533339 -295134185
-277478426 -295134185
-277478426 -735452282
-734406274 -735452282
-734406274 -263261250
-246589687 -263261250
-246589687 -766341021
-765417413 -766341021
-765417413 -232250111
-215229774 -232250111
-215229774 -797700934
-796376342 -797700934
-796376342 -201291182
-184249291 -201291182
-184249291 -828681417
-826537200 -828681417
-826537200 -171130324
-153960590 -171130324
-153960590 -858970118
-857451541 -858970118
-857451541 -140215983
-123962347 -140215983
-123962347 -888968361
-888161057 -888968361
-888161057 -109506467
-92135637 -109506467
-92135637 -920795071
-918832683 -920795071
-918832683 -78834841
-62253224 -78834841
-62253224 -950677484
-948544391 -950677484
-948544391 -49123133
-31953978 -49123133
-31953978 -980976730
-979067974 -980976730
-979067974 -18599550
-994160639 -18599550
-994160639 19476796
-976871266 19476796
-976871266 974258732
-36991786 974258732
-36991786 55402747
-940945315 55402747
-940945315 938537888
-72712630 938537888
-72712630 90200091
-906147971 90200091
-906147971 902458373
-108792145 902458373
-108792145 126683345
-869664717 126683345
-869664717 867337808
-143912710 867337808
-143912710 161235227
-835112835 161235227
-835112835 831795943
-179454575 831795943
-179454575 197592334
-798755728 197592334
-798755728 795890041
-215360477 795890041
-215360477 233203512
-763144550 233203512
-763144550 759475711
-251774807 759475711
-251774807 269770118
-726577944 269770118
-726577944 722668087
-288582431 722668087
-288582431 306984738
-689363324 306984738
-689363324 686848907
-324401611 686848907
-324401611 342448001
-653900061 342448001
-653900061 651642277
-359608241 651642277
-359608241 376485330
-619862732 376485330
-619862732 617688575
-393561943 617688575
-393561943 410807551
-585540511 410807551
-585540511 582309837
-428940681 582309837
-428940681 446123173
-550224889 446123173
-550224889 464557438
-531790625 464557438
-531790625 464557437
-447374945 464557437
-447374945 563875573
-567526407 563875573
-567526407 428821655
-411576047 428821655
-411576047 599674471
-602905145 599674471
-602905145 393442917
-376565828 393442917
-376565828 634684690
-636858847 634684690
-636858847 359489215
-341442825 359489215
-341442825 669807693
-672065477 669807693
-672065477 324282585
-305880278 324282585
-305880278 705370240
-707884657 705370240
-707884657 288463405
-270468094 288463405
-270468094 740782424
-744692281 740782424
-744692281 251655781
-233812746 251655781
-233812746 777437772
-781106611 777437772
-781106611 215241451
-197103692 215241451
-197103692 814146826
-817012513 814146826
-817012513 179335549
-162013032 179335549
-162013032 849237486
-852554378 849237486
-852554378 143793684
-125902484 143793684
-125902484 885348034
-887674943 885348034
-887674943 108673119
-91185658 108673119
-91185658 920064860
-923754458 920064860
-923754458 72593604
-54182643 72593604
-54182643 957067875
-959475302 957067875
-959475302 36872760
-19702413 36872760
-19702413 991548105
9075049 991548105
9075049 30320851
955334571 30320851
955334571 952216448
48406706 952216448
48406706 69829242
915826180 69829242
915826180 913763211
86859943 913763211
86859943 107607724
878047698 107607724
878047698 876019696
124603458 876019696
124603458 145494092
840161330 145494092
840161330 837442123
163181031 837442123
163181031 184104979
801550443 184104979
801550443 798966776
201656378 798966776
201656378 223868116
761787306 223868116
761787306 758681902
241941252 758681902
241941252 263401779
722253643 263401779
722253643 718878772
281744382 718878772
281744382 303197224
682458198 303197224
682458198 679940853
320682301 679940853
320682301 342848655
642806767 342848655
642806767 640570684
360052470 640570684
360052470 381269486
604385936 381269486
604385936 602269126
398354028 602269126
398354028 420158263
565497159 420158263
565497159 563514209
437108945 563514209
437108945 459210587
526444835 459210587
526444835 459210588
545364862 459210588
545364862 440290560
418188918 440290560
418188918 582434236
584551046 582434236
584551046 401104376
379300141 401104376
379300141 621323013
623559096 621323013
623559096 362096326
340879310 362096326
340879310 659743844
662261189 659743844
662261189 323394233
301227879 323394233
301227879 699395275
702770146 699395275
702770146 282885276
261432434 282885276
261432434 739190720
742296124 739190720
742296124 243359298
221898771 243359298
221898771 778724383
781308050 778724383
781308050 204347372
182135634 204347372
182135634 818487520
821206727 818487520
821206727 164448695
143524747 164448695
143524747 857098407
859126409 857098407
859126409 126529013
105638379 126529013
105638379 894984775
897047744 894984775
897047744 88607678
67859897 88607678
67859897 932763257
935881380 932763257
935881380 49774042
28351506 49774042
28351506 972271648
975676656 972271648
975676656 9978766
994953113 9978766
994953113 -15583694
977662813 -15583694
977662813 -978779095
33557275 -978779095
33557275 -48143895
945102612 -48143895
945102612 -946397205
65939165 -946397205
65939165 -81532234
911714273 -81532234
911714273 -912449166
99887204 -912449166
99887204 -114267317
878979190 -114267317
878979190 -879706734
132629636 -879706734
132629636 -147744734
845501773 -147744734
845501773 -845516438
166819932 -845516438
166819932 -181000355
812246152 -181000355
812246152 -813275352
199061018 -813275352
199061018 -214009228
779237279 -214009228
779237279 -779585264
232751106 -779585264
232751106 -247238241
746008266 -247238241
746008266 -745937857
266398513 -745937857
266398513 -280914337
712332170 -280914337
712332170 -713053802
299282568 -713053802
299282568 -313232625
680013882 -313232625
680013882 -681247120
331089250 -681247120
331089250 -346063909
647182598 -346063909
647182598 -648352934
363983436 -648352934
363983436 -377985919
615260588 -377985919
615260588 -616607184
395729186 -616607184
395729186 -409761214
583485293 -409761214
583485293 -584295785
428040585 -584295785
428040585 -442421454
550825053 -442421454
550825053 -459576321
533670187 -459576321
533670187 -459576320
445195451 -459576320
445195451 -567140919
567038711 -567140919
567038711 -426207796
412175768 -426207796
412175768 -600160602
599350110 -600160602
599350110 -393896397
379893914 -393896397
379893914 -632442456
631095860 -632442456
631095860 -362150647
347175988 -362150647
347175988 -665160382
663990046 -665160382
663990046 -329256461
315306404 -329256461
315306404 -697029966
695796728 -697029966
695796728 -297449779
282933955 -297449779
282933955 -729402415
728680783 -729402415
728680783 -264565724
250078589 -264565724
250078589 -762257781
762328190 -762257781
762328190 -230918317
215970107 -230918317
215970107 -796366263
796018278 -796366263
796018278 -197228229
183047806 -197228229
183047806 -829288564
828259364 -829288564
828259364 -164987143
149872045 -164987143
149872045 -862464325
862449660 -862464325
862449660 -130796847
116416734 -130796847
116416734 -895919636
895192092 -895919636
895192092 -98054415
82461346 -98054415
82461346 -929875024
929140131 -929875024
929140131 -64106376
49519756 -64106376
49519756 -962816614
961522021 -962816614
961522021 -31724486
16266975 -31724486
16266975 -996069395
-16861313 -996069395
-16861313 -33525104
-964142420 -33525104
-964142420 -966275513
-46655195 -966275513
-46655195 -63824350
-933843174 -63824350
-933843174 -935805562
-77125146 -935805562
-77125146 -93706763
-903960761 -93706763
-903960761 -904768065
-108162643 -904768065
-108162643 -125533473
-872134051 -125533473
-872134051 -873652628
-139278080 -873652628
-139278080 -155531716
-842135808 -155531716
-842135808 -844280025
-168650683 -844280025
-168650683 -185820417
-811847107 -185820417
-811847107 -813171699
-199759009 -813171699
-199759009 -216800900
-780866624 -216800900
-780866624 -781790232
-231140476 -781790232
-231140476 -248160813
-749506711 -248160813
-749506711 -750552719
-262377989 -750552719
-262377989 -279049552
-718617972 -279049552
-718617972 -719703820
-293226888 -719703820
-293226888 -310882647
-686784877 -310882647
-686784877 -687905055
-325025653 -687905055
-325025653 -341349360
-656318164 -341349360
-656318164 -657115034
-355815674 -657115034
-355815674 -372263066
