220 220
725084431 263857284
-731059528 -733850001
305263304 696445698
-110960620 -901852511
-960779828 -34077846
588371749 400569966
645945487 638972656
-339146965 -353302420
664511095 324430618
-687063783 -689556682
147523768 165811858
-914765976 -80091698
-217670853 -795142278
-186890857 -201633863
166823937 185112029
127567638 874141362
-869305089 -871238895
625919395 363022318
-731059528 -263798146
-595717795 -597983445
-838155167 -840922122
69452085 88542499
29163058 48559457
-202438578 -810374555
-65996854 -946816279
-656199977 -338657697
-671173268 -673666167
401261632 419069163
-869305088 -125552584
-853687549 -855621357
438590322 456855378
-853687550 -141170124
245700987 263857284
-249299547 -763513586
803829686 796023441
783553916 775747671
-354335254 -658477877
166823938 185112028
-323256450 -689556681
763917243 225024472
-975767275 -978246017
-429887157 -444168015
-249299546 -263798146
-81001473 -95096316
-884680123 -110177549
-34567115 -50005869
-701650981 -293206691
881671520 107270195
-944851803 -50005869
803829685 796023442
-34567114 -50005870
881671519 107270194
88179781 913529219
147523768 854185234
225961330 775747672
438590321 456855379
744824089 736914859
-595717796 -399139878
763917243 756008013
-671173269 -673666166
861715391 854185233
264794142 736914860
305263303 324430619
645945486 638972657
-339146965 -673666166
-823155320 -171702354
-641555254 -643833154
-141574237 -156702506
285171098 716537904
-687063784 -307793890
88179782 913529220
920426486 913529220
-233421487 -779391646
-701650981 -704529974
-716383811 -719262804
205685560 225024471
108207053 893501949
438590322 563118680
305263303 696445697
-429887157 -582925976
607116137 600447368
979636824 972545943
-746047395 -248810277
588371748 581702981
861715390 854185234
-95585585 -917227546
-445701064 -459981924
-308283159 -704529974
803829686 185112029
-323256451 -689556682
264794141 283949490
960715513 28226200
-233421486 -248810278
-217670854 -795142279
264794142 283949489
-399629147 -613183986
-793223809 -201633863
186048886 815660114
-399629146 -613183985
323828912 677880088
-308283158 -704529973
684615269 677880088
-777676089 -217181585
-701650982 -293206692
-19251160 -34077845
960715514 952590171
-278963131 -293206691
-323256450 -338657697
940382257 48559456
-565459786 -567112067
-81001472 -931811659
960715513 952590172
-354335255 -368490708
401261633 419069162
861715390 127226323
-838155167 -156702507
-716383812 -278473862
-550689658 -444168016
-445701065 -459981923
-641555254 -353302420
-687063783 -307793889
664511096 657775915
166823938 834885064
-278963130 -293206692
-429887156 -582925975
-429887156 -444168016
763917242 756008014
-595717795 -399139877
-249299547 -263798145
704992224 283949489
-110960621 -125552584
-186890856 -825922275
382762436 618946566
-202438577 -810374554
-914765976 -917227546
-869305089 -125552585
49118829 68515228
-157191776 -855621357
-263975263 -278473861
-580660326 -414197346
823129855 815660115
-384800906 -628012225
-823155320 -825922275
-141574236 -871238895
245700988 263857283
744824088 736914860
-293550329 -307793889
-777676088 -217181584
343933085 657775915
881671520 874141362
29163058 972545942
823129856 815660114
-611538724 -383318948
823129856 165811859
-81001472 -95096317
343933086 657775916
-354335255 -658477878
305263304 324430618
9537316 28226200
-853687549 -141170123
-384800906 -399139878
-126041854 -141170123
108207052 893501948
-368979978 -383318948
842354805 146586910
-611538725 -383318949
664511096 324430619
803829685 185112028
-126041853 -886771278
-293550328 -719262803
-534875749 -459981923
-534875750 -459981924
664511095 657775916
-731059527 -733850002
-263975263 -748837870
382762435 400569966
-944851804 -50005870
1 0
420006021 438271077
-19251159 -34077846
-217670854 -233059644
607116137 381825578
-399629146 -414197347
-944851803 -946816279
569872552 419069163
-186890856 -201633864
607116136 381825577
744824089 244117626
401261632 600447368
725084430 716537904
550670636 438271077
783553915 775747672
-884680124 -886771278
-565459785 -567112068
-777676089 -779391645
-217670853 -233059645
343933086 363022318
-823155319 -171702353
186048886 205387799
-716383812 -719262803
-414829688 -597983445
-186890857 -825922276
69452086 88542498
900399215 88542498
-929350089 -931811659
9537315 28226201
-853687550 -855621356
29163059 48559456
-126041853 -141170124
-414829687 -597983444
704992224 696445698
-263975262 -278473862
285171098 304326445
-384800907 -628012226
900399215 893501949
-580660327 -582925975
920426486 68515227
-50068830 -962744303
684615269 304326446
-960779827 -34077845
225961330 775747671
783553915 775747671
783553915 205387799
186048887 205387799
186048887 815660114
823129855 815660114
823129855 165811859
147523768 165811859
147523768 854185233
861715390 854185233
861715390 127226324
108207053 127226324
108207053 893501948
900399215 893501948
900399215 88542499
69452086 88542499
69452086 932256915
940382257 932256915
940382257 48559457
29163059 48559457
29163059 972545942
979636824 972545942
979636824 9304890
999262567 9304890
999262567 -14620642
14604151 -14620642
14604151 -993561972
-19251160 -993561972
-19251160 -34077846
-960779827 -34077846
-960779827 -962744302
-50068830 -962744302
-50068830 -65507585
-929350088 -65507585
-929350088 -931811659
-81001473 -931811659
-81001473 -95096317
-899761356 -95096317
-899761356 -901852511
-110960621 -901852511
-110960621 -125552585
-869305088 -125552585
-869305088 -871238895
-141574237 -871238895
-141574237 -156702507
-838155166 -156702507
-838155166 -840922122
-171891010 -840922122
-171891010 -186401588
-808456085 -186401588
-808456085 -810374554
-202438578 -810374554
-202438578 -217181585
-777676088 -217181585
-777676088 -779391645
-233421487 -779391645
-233421487 -248810278
-746047395 -248810278
-746047395 -748837869
-263975263 -748837869
-263975263 -278473862
-716383811 -278473862
-716383811 -719262803
-293550329 -719262803
-293550329 -307793890
-687063783 -307793890
-687063783 -689556681
-323256451 -689556681
-323256451 -338657697
-656199976 -338657697
-656199976 -658477877
-354335255 -658477877
-354335255 -368490709
-626366964 -368490709
-626366964 -628012225
-384800907 -628012225
-384800907 -399139878
-595717795 -399139878
-595717795 -597983444
-414829688 -597983444
-414829688 -429397888
-565459785 -429397888
-565459785 -567112067
-445701065 -567112067
-445701065 -459981924
-534875749 -459981924
-534875749 -459981925
-550689657 -459981925
-550689657 -444168016
-429887157 -444168016
-429887157 -582925975
-580660326 -582925975
-580660326 -414197347
-399629147 -414197347
-399629147 -613183985
-611538724 -613183985
-611538724 -383318949
-368979978 -383318949
-368979978 -643833154
-641555253 -643833154
-641555253 -353302420
-339146966 -353302420
-339146966 -673666166
-671173268 -673666166
-671173268 -323684405
-308283159 -323684405
-308283159 -704529973
-701650981 -704529973
-701650981 -293206692
-278963131 -293206692
-278963131 -733850001
-731059527 -733850001
-731059527 -263798146
-249299547 -263798146
-249299547 -763513585
-761798028 -763513585
-761798028 -233059645
-217670854 -233059645
-217670854 -795142278
-793223809 -795142278
-793223809 -201633864
-186890857 -201633864
-186890857 -825922275
-823155319 -825922275
-823155319 -171702354
-157191776 -171702354
-157191776 -855621356
-853687549 -855621356
-853687549 -141170124
-126041854 -141170124
-126041854 -886771278
-884680123 -886771278
-884680123 -110177550
-95585586 -110177550
-95585586 -917227546
-914765975 -917227546
-914765975 -80091698
-65996854 -80091698
-65996854 -946816278
-944851803 -946816278
-944851803 -50005870
-34567115 -50005870
-34567115 -978246017
-975767274 -978246017
-975767274 -19090399
-991083229 -19090399
-991083229 19708652
-18560164 19708652
-18560164 992171685
9537316 992171685
9537316 28226201
960715513 28226201
960715513 952590171
49118830 952590171
49118830 68515228
920426486 68515228
920426486 913529219
88179782 913529219
88179782 107270195
881671519 107270195
881671519 874141362
127567639 874141362
127567639 146586910
842354804 146586910
842354804 834885063
166823938 834885063
166823938 185112029
803829685 185112029
803829685 796023441
205685560 796023441
205685560 225024472
763917242 225024472
763917242 756008013
245700988 756008013
245700988 263857284
725084430 263857284
725084430 716537903
285171098 716537903
285171098 304326446
684615268 304326446
684615268 677880088
323828913 677880088
323828913 342996228
645945486 342996228
645945486 638972656
362736345 638972656
362736345 381825578
607116136 381825578
607116136 600447368
401261633 600447368
401261633 419069163
569872551 419069163
569872551 563118679
438590322 563118679
438590322 456855379
532086335 456855379
532086335 456855380
550670636 456855380
550670636 438271078
420006021 438271078
420006021 581702980
588371748 581702980
588371748 400569966
382762436 400569966
382762436 618946565
625919395 618946565
625919395 363022319
343933086 363022319
343933086 657775915
664511095 657775915
664511095 324430619
305263304 324430619
305263304 696445697
704992224 696445697
704992224 283949490
264794142 283949490
264794142 736914859
744824088 736914859
744824088 244117626
225961330 244117626
