228 228
-245576568 118016479
-979805115 -306075085
-62593112 34294982
-62593111 34294983
-242414101 -328073224
-544987309 986140954
-386881792 -410277846
-986560138 188910653
-374336764 986140953
-979805115 -220343238
-176418791 76760886
-31119758 -30995579
-218660981 118114760
-93580973 -972424066
-389134023 986140954
-114578641 -114339043
-979805115 -328073225
-199480821 -972424066
-119246128 35134219
-93580974 -30278187
-90464776 34248740
-489131065 288406637
-156602456 -972424066
-986560138 34564082
-986560138 371818279
-979805116 -156338461
-986560139 274011068
-260045381 147338606
-986560139 132869794
-429156196 -410697062
-176418792 76760887
-450753419 -411396982
-176263570 104480391
-115589780 -72464599
-245576568 986140954
-471878790 -972424066
-979805116 -50455791
-346128999 -972424066
-288475876 986140954
-90464777 34248739
-493650771 -972424066
-986560138 274011067
-34013734 986140953
-303993550 -972424066
-514327533 -972424065
-51811191 -972424065
-386881791 -410277845
-345589227 175701793
-979805116 -220343239
-176418792 63013675
-986560138 161077995
-986560139 63013676
-518234559 986140954
-431847412 202705397
-260305273 986140953
-148489272 35072890
0 -1
-240951355 -369056143
-114082321 -50455791
-135770261 -284326124
-135770260 -284326123
-240951355 -389799760
-431818461 174843788
-176689051 34564080
-986560138 90448221
-119246127 35134220
-366607086 -972424066
-445917903 986140954
-432626535 246277056
-288475877 986140953
-288475876 175532033
-979805116 -93341376
-114808188 -262661624
-474735497 288577121
-403812801 986140953
-178062763 -972424066
-474735496 986140953
-114808189 -241570454
-133867650 986140954
-514327535 -411571740
-460235543 274011068
-133867649 986140953
-450753418 -411396983
-240951354 -389799759
-986560138 76760885
-531623475 400199773
-115245474 -972424065
-51811193 -30995579
-90464777 986140954
-986560139 385782226
-986560139 49171121
-261626228 -410305513
-986560138 132869793
-90464778 986140953
-503817012 344500242
-474735497 986140954
-489222632 316284766
-114849641 -177599507
-979805115 -177599505
-162576237 35072889
-245576567 986140953
-517378627 371818278
-489131066 301797631
-220415964 -284079681
-242155798 -284401459
-514327534 -972424066
-531623473 986140953
-431847412 216911876
-316301970 175305131
-460235544 260594695
-386881791 -972424066
-72498812 -972424065
-471878789 -972424065
-283287458 -972424065
-445917903 259756365
-979805116 -348520753
-366607087 -972424065
-176263571 104480392
-260308613 132869795
-429156195 -410697061
-119246128 986140954
-366607085 -410277846
-374336762 175372334
-156602457 -972424065
-232197069 986140954
-517673392 358256662
-979805115 -114339045
-517378628 385782227
-979805116 -72464599
-162576237 986140954
-407779094 -410697061
-431531981 259756365
-104563174 986140953
-986560138 343906172
-986560139 161077996
-204740023 986140954
-374336763 986140954
-330965428 986140953
-260045380 161077996
-407779094 -972424066
-979805115 -369056145
-493650772 -972424065
-325719992 -972424066
-986560138 260594697
-62593113 986140953
-986560139 188910654
-489185950 344500242
-346128999 -411526200
-260308612 132869794
-31119760 -972424065
-450753419 -972424066
-232197069 118016479
-489185949 344500243
-115589781 -72464598
-418052669 986140953
-432626534 231485741
-979805115 -284401460
-514327534 -411571739
-245576569 118016480
-176359584 986140954
-431847413 216911877
-274021838 175806699
-62593112 986140954
-986560139 343906171
-450753420 -972424065
-115245473 -284326123
-979805115 -50455790
-156602456 -283493819
-115589781 -93341377
-240921720 -972424065
-517673392 343906171
-316301972 986140953
-114082321 -30091917
-115245473 -972424066
-558931357 986140954
-460483957 986140954
-986560138 63013677
-431531980 259756366
-330965430 175305131
-986560138 288406638
-76667304 986140954
-114082322 -30091916
-303993549 -972424065
-544987310 986140953
-260305271 175806700
-242155798 -306075086
-191105654 986140954
-325719992 -411526200
-518234560 986140953
-76667304 34294982
-176359583 118263738
-432626535 231485740
-260045380 147338607
-531623474 400199772
-517378628 371818277
-176689050 49171121
-274021838 986140954
-986560138 330049789
-199480820 -284079682
-460483958 986140953
-260308613 119212435
-302074835 986140953
-242155799 -306075087
-302074836 175532033
-489185950 986140954
-979805115 -199517641
-176689050 34564081
-176263571 90448219
-104563176 34248740
-431847413 202705396
-114082322 -50455792
-979805116 -199517640
-986560139 358256662
-260305272 175806699
-517673393 343906170
-34013732 34247037
-460483956 288577122
-72498811 -972424066
-135770259 -972424065
-176263570 90448220
-360042426 175701794
-76667303 986140953
-283287457 -972424066
-531623474 986140954
-979805115 -241570456
-176359584 118263737
-51811192 -30995578
-403812800 175756772
-104563175 986140953
-104563175 34248740
-90464777 34248740
-90464777 986140953
-76667304 986140953
-76667304 34294983
-62593112 34294983
-62593112 986140953
-48749396 986140953
-48749396 34247037
-34013733 34247037
-34013733 986140953
-20217963 986140953
-20217963 999491501
13388129 999491501
13388129 14397281
998426185 14397281
998426185 -13474307
14059163 -13474307
14059163 -992529636
-9714748 -992529636
-9714748 -972424065
-31119759 -972424065
-31119759 -30995579
-51811192 -30995579
-51811192 -972424065
-72498811 -972424065
-72498811 -30278187
-93580973 -30278187
-93580973 -972424065
-115245473 -972424065
-115245473 -284326124
-135770260 -284326124
-135770260 -972424065
-156602456 -972424065
-156602456 -283493820
-178062763 -283493820
-178062763 -972424065
-199480821 -972424065
-199480821 -284079682
-220415964 -284079682
-220415964 -972424065
-240921719 -972424065
-240921719 -410305514
-261626228 -410305514
-261626228 -972424065
-283287457 -972424065
-283287457 -411460988
-303993550 -411460988
-303993550 -972424065
-325719992 -972424065
-325719992 -411526201
-346128999 -411526201
-346128999 -972424065
-366607086 -972424065
-366607086 -410277846
-386881791 -410277846
-386881791 -972424065
-407779094 -972424065
-407779094 -410697062
-429156195 -410697062
-429156195 -972424065
-450753419 -972424065
-450753419 -411396983
-471878790 -411396983
-471878790 -972424065
-493650771 -972424065
-493650771 -411571740
-514327534 -411571740
-514327534 -972424065
-979805115 -972424065
-979805115 -389799759
-240951355 -389799759
-240951355 -369056144
-979805115 -369056144
-979805115 -348520753
-242414102 -348520753
-242414102 -328073224
-979805115 -328073224
-979805115 -306075086
-242155799 -306075086
-242155799 -284401459
-979805115 -284401459
-979805115 -262661624
-114808189 -262661624
-114808189 -241570455
-979805115 -241570455
-979805115 -220343239
-115499107 -220343239
-115499107 -199517640
-979805115 -199517640
-979805115 -177599506
-114849641 -177599506
-114849641 -156338461
-979805115 -156338461
-979805115 -135069793
-114578641 -135069793
-114578641 -114339044
-979805115 -114339044
-979805115 -93341376
-115589781 -93341376
-115589781 -72464599
-979805115 -72464599
-979805115 -50455791
-114082322 -50455791
-114082322 -30091917
-979805115 -30091917
-979805115 -9590568
-999910686 -9590568
-999910686 20451267
-986560138 20451267
-986560138 34564081
-176689051 34564081
-176689051 49171121
-986560138 49171121
-986560138 63013676
-176418792 63013676
-176418792 76760886
-986560138 76760886
-986560138 90448220
-176263571 90448220
-176263571 104480391
-986560138 104480391
-986560138 119212436
-260308613 119212436
-260308613 132869794
-986560138 132869794
-986560138 147338607
-260045381 147338607
-260045381 161077996
-986560138 161077996
-986560138 174843788
-431818462 174843788
-431818462 188910654
-986560138 188910654
-986560138 202705397
-431847413 202705397
-431847413 216911876
-986560138 216911876
-986560138 231485741
-432626535 231485741
-432626535 246277055
-986560138 246277055
-986560138 260594696
-460235544 260594696
-460235544 274011068
-986560138 274011068
-986560138 288406637
-489131066 288406637
-489131066 301797630
-986560138 301797630
-986560138 316284766
-489222633 316284766
-489222633 330049790
-986560138 330049790
-986560138 343906171
-517673393 343906171
-517673393 358256662
-986560138 358256662
-986560138 371818278
-517378628 371818278
-517378628 385782226
-986560138 385782226
-986560138 986140953
-558931357 986140953
-558931357 399146061
-544987309 399146061
-544987309 986140953
-531623474 986140953
-531623474 400199773
-518234559 400199773
-518234559 986140953
-503817012 986140953
-503817012 344500243
-489185950 344500243
-489185950 986140953
-474735497 986140953
-474735497 288577122
-460483957 288577122
-460483957 986140953
-445917903 986140953
-445917903 259756366
-431531981 259756366
-431531981 986140953
-418052670 986140953
-418052670 175756773
-403812800 175756773
-403812800 986140953
-389134023 986140953
-389134023 175372334
-374336763 175372334
-374336763 986140953
-360042425 986140953
-360042425 175701794
-345589227 175701794
-345589227 986140953
-330965429 986140953
-330965429 175305131
-316301971 175305131
-316301971 986140953
-302074836 986140953
-302074836 175532034
-288475876 175532034
-288475876 986140953
-274021838 986140953
-274021838 175806700
-260305272 175806700
-260305272 986140953
-245576568 986140953
-245576568 118016480
-232197069 118016480
-232197069 986140953
-218660980 986140953
-218660980 118114760
-204740023 118114760
-204740023 986140953
-191105654 986140953
-191105654 118263738
-176359584 118263738
-176359584 986140953
-162576237 986140953
-162576237 35072890
-148489273 35072890
-148489273 986140953
-133867650 986140953
-133867650 35134220
-119246128 35134220
-119246128 986140953
