870 870
-63134506 -52983026
456425039 464593431
802587807 -17492295
845922259 -17860413
33916228 975000377
130849999 -988596142
435375236 -988596142
-985276349 113442721
-985128353 -233455546
705724407 -17763459
469764052 -988596143
464777816 544138787
-985276348 652458039
262301391 270489670
794122195 -17910213
384308135 -18147400
833849040 164555183
122085265 -988596142
712231665 286172556
606668306 608452737
-16870944 873833534
906312135 -18023718
-440030924 -988308997
-530646056 -988308998
653729930 -988596142
174470800 -988596142
-985276349 555936815
-16171741 705520725
131412395 139611081
723911992 -18153514
-485421493 -322418561
-421776789 -304233794
-539240248 -393679993
-187733480 -180424278
-985276348 891796259
75204275 83021439
-125533950 -108267359
-985276349 740140750
400463866 608452737
-178622858 -170966003
750132184 -17851350
-394425829 -295558435
58614886 950301719
940185530 942040939
825565526 828068094
584798719 -18112968
-985128352 -179660005
581922774 416481449
-985276348 740140751
464777817 472946209
-151533262 -988308997
811711792 -17492296
-142634426 -126470843
-277212984 -988308998
888951494 -17516100
-16624652 387982252
914871073 -988596142
157750392 -988596143
-197097713 -180330235
863603218 -988596143
253573572 -18099808
-16223169 458005782
52023831 -988596142
697135699 -17763460
26110353 -17585168
-16226436 246975380
-985276349 87237042
-143410389 -109016086
540263709 -988596143
-539285353 -385085800
452356549 -17696416
-985276348 900206531
-16949362 414894477
270079682 278267961
752739766 754600699
504957599 -988596143
-16320334 688010214
-349610179 -268639711
-412635966 -304233793
-178622859 -170966004
200952344 -988596142
837653949 -988596143
688398923 -17722686
279569600 -17420380
-521687770 -358568456
794122194 -17910212
-985276348 334967917
-430774289 -988308998
-539285353 -375895184
956227878 958734221
-985276348 369986504
631038399 367365822
964712464 33691759
811711791 -17492295
802587807 -988596143
-16671344 475791624
349268924 -17849838
-412635965 -304233794
-985276348 882956691
-985276348 528647067
-494021812 -322418562
352013954 359630234
-268216988 -988308998
584798717 -988596142
358191499 -17849839
-16459482 352282366
278492429 730424174
628027085 -988596143
720136261 722095277
115565742 893350863
-16382831 193152587
75204276 933712329
-16195899 731615672
907565404 90838817
914871074 -18023718
705724408 -17763460
906312135 -988596143
-17047432 679459824
679767550 -988596143
-449324510 -322902012
-27164048 -988308997
424383300 584533305
-16223169 466890221
-178758989 -180424279
197603811 205475100
584798718 -988596143
487088755 -988596143
654627468 656902649
931753027 933712328
461100852 -17696417
988677016 991247191
-16624651 396656588
785345249 -988596143
-367404497 -988308997
915382783 917685713
227047212 -17698984
828820220 -17895104
448310955 456200569
123550972 131187925
-985276348 873833533
-304639200 -234145983
478069935 -17689883
566576584 568627761
610924442 -988596143
-539337899 -367255886
-16416680 757326770
-985276348 193152588
-985128352 -53195648
-268570233 -224718889
915382784 917685712
768867988 229536233
148647508 -988596142
644890324 -988596142
-985128353 -17406728
-530646057 -358568456
-985276348 140384980
-467408251 -988308997
384308136 -988596142
-16320867 300312216
78698559 -18037174
566887205 -17950167
327733687 681182916
-548239896 -988308997
311372959 697543644
623105838 625103368
-340370574 -259437393
-16214580 52296173
183532269 -988596143
-985128353 -367255886
43372768 -988596143
-985276349 317214091
-985128352 -109016088
845922258 -17860412
638773989 641129340
867216297 869027250
752739766 245664457
-187733481 -180424279
736327299 738836922
-394425830 -295558436
574245392 424158831
-985276349 748680033
-331755390 -988308998
-394425830 -286627738
-985128352 -286627740
344001223 664915380
-242008250 -988308998
-16435895 582481050
-16295019 740140750
-985276348 379127542
478069934 -988596142
17669413 991247190
-494021810 -988308997
1 0
801024880 803173073
-233065888 -197865164
-242008250 -197865163
542203652 544138788
-16250519 917878734
646786719 649061902
-985276349 600097219
988677017 991247190
213839287 221510219
802587806 -17492296
802587808 -988596142
174470799 -17362673
854794628 -17899054
817780181 180624042
107360055 901556548
-985276349 475791624
189102307 197379343
-16278649 774792184
-250601650 -197359871
-985276349 193152587
75204275 933712328
589949228 592559760
-268216988 -233262906
-16267573 608544322
-125533951 -988308998
679767550 -17722686
-36024090 -35312784
-17047431 679459823
83245907 90838818
139889353 869027250
303117407 705799196
-985128353 -358244112
464777817 544138788
784789403 213614818
131412394 139611082
-512671583 -358844640
-985276349 369986503
-985128352 -349552267
-985276348 847079326
504957598 -18099749
254315904 262076923
558339848 440064375
863603217 -988596142
-985276348 95672324
-178758990 -180424278
66875665 74692827
392667201 -988596143
-985276348 731615671
602287092 -17679490
-16893097 882956690
-985276348 387982254
525458012 472946209
-985128353 -215466405
-394731576 -277753510
-985128353 -179660004
-16917368 793197980
678798007 681182917
931753026 933712329
883062949 885365633
189102308 819814297
-16671345 484735776
801024879 803173074
-985128352 -259437391
785345249 -17910212
-16231220 617005600
-985276349 379127543
245064778 -988596143
-985276348 820263432
-17033367 829526857
-134077806 -108267358
858793140 860604095
-16257474 326507875
-440030926 -322605929
409483592 -988596143
218374911 -17384232
461100851 -17696416
221865302 787051301
-985276348 582481052
-985128353 -62438320
254315905 754600700
-985276349 926351727
392667201 -18147400
358191498 -17849838
-16708207 555936816
-16416947 449552554
-985276349 140384979
801024880 197379343
872096327 -17519791
-985276349 230043347
229760703 237984921
139530972 -17707654
340445768 -17917151
-985128353 -304359232
-985276349 847079325
183532269 -17362673
-99315579 -988308998
-985276349 157811114
636382259 -17298688
662662280 335741943
-142634425 -126470844
148312509 156124123
932236420 -17600723
-36154079 -17406728
614958689 616956219
-985128352 -188766469
-485421492 -322418562
550225763 448178458
-16278649 784050554
-16967082 238518885
-494021811 -988308998
25917554 982999051
907565405 909868333
-539337900 -367255887
205743530 213614819
-16375248 166863946
-223967194 -988308997
-403960606 -988308997
237440238 245664456
-985276349 856048971
235991653 -17698984
654627467 343776754
566887206 -17950168
495884534 -18045503
542203653 544138787
-985128353 -277753509
-16159553 184539698
401022016 -988596142
-16920435 291761290
375187418 -17460444
270079682 738836921
-16171741 714308061
-16822641 140384978
469764051 -17689884
34350066 -17266398
-985276349 882956690
-16484184 273616499
-985276349 909398158
-45128044 -988308998
-539240249 -393679992
50182383 958734222
-16214083 369986503
331472072 -988596143
66875664 74692828
-985276349 714308061
-502738713 -349552269
-985276349 52296173
-16420504 643282930
-90701101 -99683505
863603219 -17899054
644890322 -17534747
-16278648 774792185
-985276348 220846205
867216297 131187926
776894003 779155902
294725924 714190681
-985128353 -90245632
875201527 877504209
-81241554 -52526624
671071547 -18121691
948446308 49957913
636382259 -988596143
-394935051 -988308997
-985276349 519878846
-16700013 122372791
60993329 -988596143
391960385 399951513
-985128353 -322654356
107360056 115341272
-16250518 917878735
-985276348 546775117
139530972 -988596143
-16588052 519878847
854794629 -988596143
314154369 -988596142
623105839 625103367
662824938 -18121691
-985276348 484735774
-521687772 -988308997
566576584 431827637
-125533951 -108267358
148647510 -17707655
192388014 -17882429
43372768 -17266397
166134809 -18129566
653729931 -17534746
752739765 245664456
278492430 286172556
-430577585 -313608429
172564997 180624042
209309894 -988596143
767428556 -17679136
-430774288 -322605929
139889353 148088041
221865303 787051302
262301391 746615212
598452709 600237142
-16231221 625815851
-16226436 255686035
703902768 705799196
-985128352 -375895185
278492430 730424175
610924443 -988596142
575973491 -988596142
60993329 -17677744
-16949361 414894476
932236420 -988596143
-331755391 -233650822
113825944 -988596143
50182382 58218693
383813237 391735916
294725923 302757007
558339847 440064374
-440030925 -322605928
-985276349 326507875
157750393 -988596142
-268570234 -224718890
105193968 -988596143
-16180212 900206529
-985128352 -250786084
-539240250 -988308997
-214623500 -197485677
-16435895 591599589
792929122 795077317
-985128353 -313608428
-985276349 458005782
-358720027 -988308998
940185529 942040940
209309893 -17384232
-985276348 157811115
-125533952 -988308997
448310954 560605649
801024879 197379342
897315099 -17516100
964712463 967218808
-985276348 300312217
-160411288 -152697973
-985276349 238518885
358191497 -988596142
-295212107 -233690142
-17030237 573815098
514086925 -18099748
367787263 641129340
-985276349 308726558
34350067 -988596143
166134808 -18129565
-169300714 -161353502
87516366 -988596142
940185530 58218693
-985276349 255686035
703902767 294501454
-16283885 43851534
-394935050 -304941884
-17047432 670270294
531761116 -17729717
-985128352 -62438319
825565526 172838695
768867989 771476366
-313396277 -988308998
327733688 681182917
837653950 -988596142
964712464 967218807
-116950096 -988308998
558021980 -988596142
-90701100 -99683504
-90107880 -988308998
26110351 -988596142
-16320867 308726558
522789959 -988596143
628027086 -988596142
-16870944 865149974
875201526 877504210
678798008 319606215
850316182 148088041
17669413 25443619
-16459482 361542362
638773988 641129341
785345248 -17910213
-349610178 -988308997
26110352 -988596143
-63134506 -988308998
262456080 -988596142
-985276348 273616498
213839288 795077317
679767551 -988596142
52023829 -17677745
418123408 -17666498
-250601650 -206569141
-214623501 -197485676
-985276348 829526859
270079683 738836922
-367404499 -268547240
-16580514 423705049
-412635967 -988308997
733047125 -988596142
-242008251 -197865164
400463867 608452738
-90668231 -62438321
653729932 -17534747
-985128352 -135267292
867216296 869027251
-394731576 -268617367
-160188794 -161353502
593451524 -17679490
923445116 -988596142
-985276349 865149974
424383299 584533304
-16435894 582481051
-985128353 -250786083
906312136 -988596142
744754278 746615213
-340957710 -988308998
858793141 139611082
714851239 -988596143
-985128352 -340553479
-985276348 643282929
-16250518 926351727
296775965 -17580822
-457980846 -322902012
727914553 270489670
972960604 975000376
-985128353 -99683504
70003821 -988596143
384308135 -988596143
-539285354 -375895183
-17055464 104957846
-16159553 175253555
17290364 -988596142
-985276348 122372793
-16459481 361542361
383813237 625103368
-985128352 -358244113
-985128353 -152697972
736327300 262076923
122085263 -17286003
897315099 -988596143
478069936 -17689884
558021978 -17950168
-449324510 -988308998
43372767 -988596142
-71892160 -52526624
-985276349 43851534
-16538161 528647066
687255731 689640641
340445769 -17917152
760419300 237984921
-985128353 -349552268
932236419 -988596142
359854703 367365822
456425038 552491565
653729931 -988596143
-16257475 317214090
-16320868 300312215
-277212985 -233262907
-340370573 -250786083
344001223 351617503
359854702 367365823
-250871510 -988308998
671071546 -18121690
-90668230 -62438320
752739765 754600700
-223967196 -197485677
581922773 584533305
366625258 -17460444
712231666 286172557
375522853 383445532
-385551599 -988308997
401022014 -17381497
180848511 189125545
335768500 343776754
197603811 811312792
-16920436 282766992
-71892161 -988308998
-403960607 -304941884
262456079 -988596143
452356548 -17696417
-985276348 414894475
-985128353 -162020117
750132185 -988596143
-985276349 838366732
461100850 -988596142
107360056 901556549
452356550 -988596142
99048271 107029487
741307519 -18161815
723911991 -988596142
440288844 448178458
678798008 681182916
-16214084 379127544
-985276349 432366640
720136262 278267961
-394425829 -286627739
254315905 262076922
-81241553 -52526623
-985276348 317214092
349268923 -17849839
-16858147 78185390
-16320333 697118925
-16435894 591599588
9833961 17444945
271175904 -988596143
-16382832 202367635
-985276349 449552554
-17033366 838366732
-16818977 502208011
915382783 83021438
-178622858 -162020117
-485421493 -988308998
531761114 -988596142
712231665 714190681
70003820 -18037175
-467408250 -323035831
-503067738 -322654356
872096326 -17519792
156743569 852173034
253573571 -18099807
-985276348 238518884
-16967082 230043347
-99315578 -988308997
760419301 237984922
-169300713 -988308997
-16821593 95672325
384308134 -18147401
619755080 -17664034
705724406 -988596142
-16588051 519878846
-985128352 -331836575
-985276348 714308060
115565741 123202696
-467408249 -323035832
-16283886 43851535
-985276348 856048970
906312134 -18023719
-985276349 352282367
-340957711 -988308997
964712463 33691758
375522853 633393752
828820219 -988596143
164779652 844136953
-985276348 660992804
842280100 156124123
314154368 -988596143
907565404 909868334
-985276349 873833534
574245392 576296567
-187733479 -988308997
-16580515 432366641
598452710 600237141
-985276348 475791625
741307517 -988596142
-985276348 449552553
180848511 828068094
923711395 925670696
948446308 950301719
335768499 673148104
776894004 779155901
34350067 -17266397
514086925 -988596143
888951494 -988596143
-16780018 820263434
-16214581 60685110
-421776787 -988308997
794122194 -988596143
811711790 -988596142
662662279 664915381
972960603 975000377
-385551600 -268830049
319275964 689640641
166134807 -988596142
391960386 616956219
-178758991 -988308997
-985276349 122372792
-476611358 -988308997
-16671345 475791623
358191498 -988596143
-71892162 -988308997
792929122 205475099
-985128352 -26452741
542203653 456200570
-985276348 466890220
589949228 408454993
448310955 560605650
327733688 335741942
115565741 893350862
205743531 213614818
589949229 592559759
540263710 -988596142
213839287 795077316
-385551601 -268830050
58614886 66651195
-268570234 -215466404
687255731 311148490
418123409 -988596142
-54342101 -52983027
-214598294 -188766470
619755079 -17664033
-16420504 634466413
-36024091 -988308998
-985276348 113442720
522789960 -988596142
-151533264 -144097667
-376797156 -988308998
448310954 456200570
-985276349 582481051
872096328 -988596142
-16588051 511026120
25917553 982999050
584798718 -18112967
820580212 -17895103
-16822640 149205808
741307518 -18161814
-16821593 87237042
166134808 -988596143
205743531 803173074
-985276348 131332279
767428557 -988596142
288221826 -988596142
-16858148 78185391
91230891 917685712
235991653 -988596143
845922257 -988596142
784789404 787051301
349268924 -988596143
270079683 278267960
899580420 901556549
-16382832 193152586
880462076 -988596143
-985128353 -109016087
-36024091 -35312783
-548239897 -988308998
733047124 -988596143
-985276348 458005783
956227877 42176344
-985276349 591599588
-116950095 -988308997
322581602 -988596142
-295212106 -988308997
-985276348 679459822
-985276348 705520726
311372959 319606215
833849039 836351607
408679462 600237141
-985276349 829526858
-16295019 748680033
-985276349 264400278
464777816 472946210
-349610180 -268639712
366625259 -17460443
440288843 568627760
-16870945 873833535
-985128353 -331836576
17669414 991247191
809278676 811312793
443686815 -17622936
148647509 -988596143
288221827 -988596143
-985128353 -35243190
-250871511 -988308997
408679463 416481448
522789958 -17729717
-530646055 -988308997
286821328 722095277
229760702 237984922
-99315580 -108549831
872096327 -988596143
87516365 -17844488
-16893098 882956689
845922258 -988596143
-16229982 334967916
-985276348 811302252
-151533263 -988308998
-503067739 -331836577
714851239 -18153514
638773988 359630233
-18508720 -988308997
-985276348 405836009
-205904295 -180330236
-430774290 -988308997
980959277 17444944
828820219 -17895103
-16708206 555936815
-16416680 766283479
-985128352 -117914223
-142908180 -144097666
-985276349 722734019
794122193 -988596142
-16917369 802292176
-985276349 731615672
-53918492 -43768970
714851240 -988596142
744754279 253649944
-16949361 405836008
180848510 189125546
-985128353 -375895184
-259672970 -988308998
614958690 616956218
78698559 -988596143
-985276349 757326771
566576585 431827638
-331755390 -233650821
-503314184 -988308998
401022015 -17381496
-268570233 -215466405
-169300714 -988308998
610924442 -17664033
189102307 819814296
972960603 25443618
767428555 -17679137
-512671583 -988308998
-16700013 131332281
671071546 -988596143
432620036 576296567
-985276348 441013647
-985276349 414894476
833849039 164555182
837653948 -17860413
695647216 302757007
-90404052 -80786084
-197097713 -988308998
628027084 -17298689
727914552 730424175
-90404053 -71600819
352013955 359630233
335768500 673148105
-250601651 -206569142
392667202 -18147401
531761115 -17729716
-304639202 -988308997
-985276348 35049088
205743530 803173073
733047123 -18161815
52023830 -17677744
319275963 327509219
850316181 148088040
-45128044 -35312783
279569601 -17420379
914871075 -18023719
-233065889 -988308998
-16818977 493784809
-16770768 17355051
443686815 -988596143
139530971 -17707655
948446309 950301718
610924441 -17664034
-503314183 -358844641
923445114 -17600724
-90701101 -90245631
-985276348 493784811
-985128353 -295558435
-16420505 634466412
-16267572 608544321
-503067739 -322654355
549098493 -988596142
105193969 -988596142
123550971 131187926
331472072 -17917151
-16949362 405836007
91230892 98823801
703902768 294501455
-16917369 793197979
-985276349 573815098
-430577585 -304359231
687255732 689640640
-985128353 -242170899
598452709 399951512
174470799 -988596143
487088756 -988596142
-81241553 -988308998
712231666 714190680
200952345 -17882428
375187417 -988596143
-16858148 69773314
-394731575 -268617368
-985128352 -197359872
-27164050 -17655782
-151533263 -144097666
-134077805 -988308997
-985128353 -43768969
654627467 343776755
654627467 656902649
352013955 656902649
352013955 359630234
638773988 359630234
638773988 641129340
367787264 641129340
367787264 375298384
623105838 375298384
623105838 625103367
383813237 625103367
383813237 391735917
606668305 391735917
606668305 608452737
400463867 608452737
400463867 408454994
589949228 408454994
589949228 592559759
416356845 592559759
416356845 424158831
574245391 424158831
574245391 576296567
432620037 576296567
432620037 440064375
558339847 440064375
558339847 560605649
448310955 560605649
448310955 456200570
542203652 456200570
542203652 544138787
464777817 544138787
464777817 472946210
525458012 472946210
525458012 472946211
533810790 472946211
533810790 464593432
456425039 464593432
456425039 552491565
550225763 552491565
550225763 448178459
440288844 448178459
440288844 568627760
566576584 568627760
566576584 431827638
424383300 431827638
424383300 584533304
581922773 584533304
581922773 416481449
408679463 416481449
408679463 600237141
598452709 600237141
598452709 399951513
391960386 399951513
391960386 616956218
614958689 616956218
614958689 383445533
375522853 383445533
375522853 633393751
631038399 633393751
631038399 367365823
359854703 367365823
359854703 649061901
646786719 649061901
646786719 351617503
344001224 351617503
344001224 664915380
662662279 664915380
662662279 335741943
327733688 335741943
327733688 681182916
678798007 681182916
678798007 319606215
311372960 319606215
311372960 697543644
695647215 697543644
695647215 302757007
294725924 302757007
294725924 714190680
712231665 714190680
712231665 286172557
278492430 286172557
278492430 730424174
727914552 730424174
727914552 270489670
262301392 270489670
262301392 746615212
744754278 746615212
744754278 253649944
245888926 253649944
245888926 763027678
760419300 763027678
760419300 237984922
229760703 237984922
229760703 779155901
776894003 779155901
776894003 221510219
213839288 221510219
213839288 795077316
792929122 795077316
792929122 205475100
197603812 205475100
197603812 811312792
809278676 811312792
809278676 189125546
180848511 189125546
180848511 828068093
825565526 828068093
825565526 172838696
164779652 172838696
164779652 844136952
842280099 844136952
842280099 156124123
148312510 156124123
148312510 860604094
858793140 860604094
858793140 139611082
131412395 139611082
131412395 877504209
875201526 877504209
875201526 123202696
115565742 123202696
115565742 893350862
891374734 893350862
891374734 107029488
99048271 107029488
99048271 909868333
907565404 909868333
907565404 90838818
83245908 90838818
83245908 925670696
923711394 925670696
923711394 74692828
66875665 74692828
66875665 942040939
940185529 942040939
940185529 58218693
50182383 58218693
50182383 958734221
956227877 958734221
956227877 42176345
33916228 42176345
33916228 975000376
972960603 975000376
972960603 25443619
17669414 25443619
17669414 991247190
988677016 991247190
988677016 9727206
996512468 9727206
996512468 -9026683
988280963 -9026683
988280963 -988596142
932236420 -988596142
932236420 -17600724
923445115 -17600724
923445115 -988596142
914871074 -988596142
914871074 -18023719
906312135 -18023719
906312135 -988596142
897315099 -988596142
897315099 -17516101
888951494 -17516101
888951494 -988596142
880462076 -988596142
880462076 -17519792
872096327 -17519792
872096327 -988596142
863603218 -988596142
863603218 -17899054
854794629 -17899054
854794629 -988596142
845922258 -988596142
845922258 -17860413
837653949 -17860413
837653949 -988596142
828820219 -988596142
828820219 -17895104
820580212 -17895104
820580212 -988596142
811711791 -988596142
811711791 -17492296
802587807 -17492296
802587807 -988596142
794122194 -988596142
794122194 -17910213
785345249 -17910213
785345249 -988596142
776461719 -988596142
776461719 -17679137
767428556 -17679137
767428556 -988596142
758776102 -988596142
758776102 -17851350
750132185 -17851350
750132185 -988596142
741307518 -988596142
741307518 -18161815
733047124 -18161815
733047124 -988596142
723911992 -988596142
723911992 -18153515
714851239 -18153515
714851239 -988596142
705724407 -988596142
705724407 -17763460
697135700 -17763460
697135700 -988596142
688398923 -988596142
688398923 -17722687
679767550 -17722687
679767550 -988596142
671071546 -988596142
671071546 -18121691
662824939 -18121691
662824939 -988596142
653729931 -988596142
653729931 -17534747
644890323 -17534747
644890323 -988596142
636382259 -988596142
636382259 -17298689
628027085 -17298689
628027085 -988596142
619755079 -988596142
619755079 -17664034
610924442 -17664034
610924442 -988596142
602287091 -988596142
602287091 -17679490
593451525 -17679490
593451525 -988596142
584798718 -988596142
584798718 -18112968
575973490 -18112968
575973490 -988596142
566887205 -988596142
566887205 -17950168
558021979 -17950168
558021979 -988596142
549098494 -988596142
549098494 -17529277
540263709 -17529277
540263709 -988596142
531761115 -988596142
531761115 -17729717
522789959 -17729717
522789959 -988596142
514086925 -988596142
514086925 -18099749
504957599 -18099749
504957599 -988596142
495884533 -988596142
495884533 -18045503
487088755 -18045503
487088755 -988596142
478069935 -988596142
478069935 -17689884
469764052 -17689884
469764052 -988596142
461100851 -988596142
461100851 -17696417
452356549 -17696417
452356549 -988596142
443686815 -988596142
443686815 -17622937
435375235 -17622937
435375235 -988596142
426778981 -988596142
426778981 -17666499
418123408 -17666499
418123408 -988596142
409483592 -988596142
409483592 -17381497
401022015 -17381497
401022015 -988596142
392667201 -988596142
392667201 -18147401
384308135 -18147401
384308135 -988596142
375187417 -988596142
375187417 -17460444
366625259 -17460444
366625259 -988596142
358191498 -988596142
358191498 -17849839
349268924 -17849839
349268924 -988596142
340445768 -988596142
340445768 -17917152
331472072 -17917152
331472072 -988596142
322581603 -988596142
322581603 -18084881
314154368 -18084881
314154368 -988596142
305096170 -988596142
305096170 -17580822
296775966 -17580822
296775966 -988596142
288221827 -988596142
288221827 -17420380
279569601 -17420380
279569601 -988596142
271175904 -988596142
271175904 -17909191
262456079 -17909191
262456079 -988596142
253573571 -988596142
253573571 -18099808
245064778 -18099808
245064778 -988596142
235991653 -988596142
235991653 -17698985
227047212 -17698985
227047212 -988596142
218374910 -988596142
218374910 -17384232
209309894 -17384232
209309894 -988596142
200952345 -988596142
200952345 -17882429
192388015 -17882429
192388015 -988596142
183532269 -988596142
183532269 -17362674
174470799 -17362674
174470799 -988596142
166134808 -988596142
166134808 -18129566
157750392 -18129566
157750392 -988596142
148647509 -988596142
148647509 -17707655
139530972 -17707655
139530972 -988596142
130850000 -988596142
130850000 -17286003
122085264 -17286003
122085264 -988596142
113825944 -988596142
113825944 -17708710
105193968 -17708710
105193968 -988596142
96511941 -988596142
96511941 -17844489
87516365 -17844489
87516365 -988596142
78698559 -988596142
78698559 -18037175
70003821 -18037175
70003821 -988596142
60993329 -988596142
60993329 -17677745
52023830 -17677745
52023830 -988596142
43372768 -988596142
43372768 -17266398
34350067 -17266398
34350067 -988596142
26110352 -988596142
26110352 -17585168
17290363 -17585168
17290363 -988596142
8731878 -988596142
8731878 -996827647
-9269634 -996827647
-9269634 -988308997
-18508719 -988308997
-18508719 -17655782
-27164049 -17655782
-27164049 -988308997
-36024091 -988308997
-36024091 -35312784
-45128044 -35312784
-45128044 -988308997
-54342102 -988308997
-54342102 -52983027
-63134506 -52983027
-63134506 -988308997
-71892161 -988308997
-71892161 -52526624
-81241553 -52526624
-81241553 -988308997
-90107880 -988308997
-90107880 -108549831
-99315579 -108549831
-99315579 -988308997
-108318586 -988308997
-108318586 -108686511
-116950096 -108686511
-116950096 -988308997
-125533951 -988308997
-125533951 -108267359
-134077806 -108267359
-134077806 -988308997
-142908180 -988308997
-142908180 -144097667
-151533263 -144097667
-151533263 -988308997
-160188794 -988308997
-160188794 -161353503
-169300714 -161353503
-169300714 -988308997
-178758990 -988308997
-178758990 -180424279
-187733480 -180424279
-187733480 -988308997
-197097713 -988308997
-197097713 -180330236
-205904294 -180330236
-205904294 -988308997
-214623501 -988308997
-214623501 -197485677
-223967195 -197485677
-223967195 -988308997
-233065889 -988308997
-233065889 -197865164
-242008250 -197865164
-242008250 -988308997
-250871510 -988308997
-250871510 -215432401
-259672970 -215432401
-259672970 -988308997
-268216988 -988308997
-268216988 -233262907
-277212984 -233262907
-277212984 -988308997
-286184238 -988308997
-286184238 -233690143
-295212107 -233690143
-295212107 -988308997
-304639201 -988308997
-304639201 -234145983
-313396277 -234145983
-313396277 -988308997
-322328210 -988308997
-322328210 -233650822
-331755390 -233650822
-331755390 -988308997
-340957710 -988308997
-340957710 -268639712
-349610179 -268639712
-349610179 -988308997
-358720027 -988308997
-358720027 -268547240
-367404498 -268547240
-367404498 -988308997
-376797156 -988308997
-376797156 -268830050
-385551600 -268830050
-385551600 -988308997
-394935050 -988308997
-394935050 -304941885
-403960607 -304941885
-403960607 -988308997
-412635966 -988308997
-412635966 -304233794
-421776788 -304233794
-421776788 -988308997
-430774289 -988308997
-430774289 -322605929
-440030925 -322605929
-440030925 -988308997
-449324510 -988308997
-449324510 -322902013
-457980846 -322902013
-457980846 -988308997
-467408250 -988308997
-467408250 -323035832
-476611359 -323035832
-476611359 -988308997
-485421493 -988308997
-485421493 -322418562
-494021811 -322418562
-494021811 -988308997
-503314184 -988308997
-503314184 -358844641
-512671583 -358844641
-512671583 -988308997
-521687771 -988308997
-521687771 -358568456
-530646056 -358568456
-530646056 -988308997
-539240249 -988308997
-539240249 -393679993
-548239897 -393679993
-548239897 -988308997
-985128352 -988308997
-985128352 -385085800
-539285354 -385085800
-539285354 -375895184
-985128352 -375895184
-985128352 -367255886
-539337900 -367255886
-539337900 -358244112
-985128352 -358244112
-985128352 -349552268
-502738713 -349552268
-502738713 -340553478
-985128352 -340553478
-985128352 -331836576
-503067739 -331836576
-503067739 -322654356
-985128352 -322654356
-985128352 -313608428
-430577585 -313608428
-430577585 -304359232
-985128352 -304359232
-985128352 -295558435
-394425830 -295558435
-394425830 -286627739
-985128352 -286627739
-985128352 -277753509
-394731576 -277753509
-394731576 -268617368
-985128352 -268617368
-985128352 -259437392
-340370574 -259437392
-340370574 -250786083
-985128352 -250786083
-985128352 -242170899
-340492047 -242170899
-340492047 -233455546
-985128352 -233455546
-985128352 -224718889
-268570234 -224718889
-268570234 -215466405
-985128352 -215466405
-985128352 -206569141
-250601651 -206569141
-250601651 -197359871
-985128352 -197359871
-985128352 -188766470
-214598295 -188766470
-214598295 -179660004
-985128352 -179660004
-985128352 -170966003
-178622859 -170966003
-178622859 -162020117
-985128352 -162020117
-985128352 -152697972
-160411288 -152697972
-160411288 -144145318
-985128352 -144145318
-985128352 -135267293
-142634426 -135267293
-142634426 -126470844
-985128352 -126470844
-985128352 -117914224
-143410389 -117914224
-143410389 -109016087
-985128352 -109016087
-985128352 -99683504
-90701101 -99683504
-90701101 -90245632
-985128352 -90245632
-985128352 -80786084
-90404053 -80786084
-90404053 -71600820
-985128352 -71600820
-985128352 -62438320
-90668231 -62438320
-90668231 -53195647
-985128352 -53195647
-985128352 -43768969
-53918492 -43768969
-53918492 -35243190
-985128352 -35243190
-985128352 -26452742
-36154080 -26452742
-36154080 -17406728
-985128352 -17406728
-985128352 -8416697
-993647002 -8416697
-993647002 8354226
-985276348 8354226
-985276348 17355052
-16770768 17355052
-16770768 26535143
-985276348 26535143
-985276348 35049087
-16283886 35049087
-16283886 43851534
-985276348 43851534
-985276348 52296173
-16214581 52296173
-16214581 60685109
-985276348 60685109
-985276348 69773315
-16858148 69773315
-16858148 78185390
-985276348 78185390
-985276348 87237042
-16821594 87237042
-16821594 95672325
-985276348 95672325
-985276348 104957847
-17055464 104957847
-17055464 113442721
-985276348 113442721
-985276348 122372792
-16700013 122372792
-16700013 131332280
-985276348 131332280
-985276348 140384979
-16822641 140384979
-16822641 149205808
-985276348 149205808
-985276348 157811114
-16375248 157811114
-16375248 166863945
-985276348 166863945
-985276348 175253556
-16159553 175253556
-16159553 184539697
-985276348 184539697
-985276348 193152587
-16382832 193152587
-16382832 202367634
-985276348 202367634
-985276348 211583424
-16985732 211583424
-16985732 220846206
-985276348 220846206
-985276348 230043347
-16967083 230043347
-16967083 238518885
-985276348 238518885
-985276348 246975380
-16226437 246975380
-16226437 255686035
-985276348 255686035
-985276348 264400278
-16484185 264400278
-16484185 273616499
-985276348 273616499
-985276348 282766993
-16920436 282766993
-16920436 291761290
-985276348 291761290
-985276348 300312216
-16320868 300312216
-16320868 308726558
-985276348 308726558
-985276348 317214091
-16257475 317214091
-16257475 326507875
-985276348 326507875
-985276348 334967916
-16229983 334967916
-16229983 343592827
-985276348 343592827
-985276348 352282367
-16459482 352282367
-16459482 361542361
-985276348 361542361
-985276348 369986503
-16214084 369986503
-16214084 379127543
-985276348 379127543
-985276348 387982253
-16624652 387982253
-16624652 396656588
-985276348 396656588
-985276348 405836008
-16949362 405836008
-16949362 414894476
-985276348 414894476
-985276348 423705049
-16580515 423705049
-16580515 432366640
-985276348 432366640
-985276348 441013646
-16416948 441013646
-16416948 449552554
-985276348 449552554
-985276348 458005782
-16223170 458005782
-16223170 466890221
-985276348 466890221
-985276348 475791624
-16671345 475791624
-16671345 484735775
-985276348 484735775
-985276348 493784810
-16818977 493784810
-16818977 502208010
-985276348 502208010
-985276348 511026120
-16588052 511026120
-16588052 519878846
-985276348 519878846
-985276348 528647066
-16538162 528647066
-16538162 537836851
-985276348 537836851
-985276348 546775116
-16708207 546775116
-16708207 555936815
-985276348 555936815
-985276348 565197111
-17030238 565197111
-17030238 573815098
-985276348 573815098
-985276348 582481051
-16435895 582481051
-16435895 591599588
-985276348 591599588
-985276348 600097219
-16267573 600097219
-16267573 608544321
-985276348 608544321
-985276348 617005600
-16231221 617005600
-16231221 625815850
-985276348 625815850
-985276348 634466413
-16420505 634466413
-16420505 643282930
-985276348 643282930
-985276348 652458038
-16945050 652458038
-16945050 660992805
-985276348 660992805
-985276348 670270295
-17047432 670270295
-17047432 679459823
-985276348 679459823
-985276348 688010215
-16320334 688010215
-16320334 697118925
-985276348 697118925
-985276348 705520725
-16171742 705520725
-16171742 714308061
-985276348 714308061
-985276348 722734019
-16195900 722734019
-16195900 731615672
-985276348 731615672
-985276348 740140750
-16295020 740140750
-16295020 748680033
-985276348 748680033
-985276348 757326771
-16416680 757326771
-16416680 766283478
-985276348 766283478
-985276348 774792185
-16278649 774792185
-16278649 784050553
-985276348 784050553
-985276348 793197980
-16917369 793197980
-16917369 802292175
-985276348 802292175
-985276348 811302251
-16780018 811302251
-16780018 820263433
-985276348 820263433
-985276348 829526858
-17033367 829526858
-17033367 838366732
-985276348 838366732
-985276348 847079325
-16482535 847079325
-16482535 856048971
-985276348 856048971
-985276348 865149974
-16870945 865149974
-16870945 873833534
-985276348 873833534
-985276348 882956690
-16893098 882956690
-16893098 891796260
-985276348 891796260
-985276348 900206530
-16180212 900206530
-16180212 909398158
-985276348 909398158
-985276348 917878735
-16250519 917878735
-16250519 926351727
-985276348 926351727
-985276348 990711988
-7769942 990711988
-7769942 999082642
9833962 999082642
9833962 17444945
980959277 17444945
980959277 982999050
25917554 982999050
25917554 33691759
964712463 33691759
964712463 967218807
41697797 967218807
41697797 49957914
948446308 49957914
948446308 950301718
58614886 950301718
58614886 66651196
931753026 66651196
931753026 933712328
75204276 933712328
75204276 83021439
915382783 83021439
915382783 917685712
91230892 917685712
91230892 98823802
899580420 98823802
899580420 901556548
107360056 901556548
107360056 115341273
883062949 115341273
883062949 885365632
123550972 885365632
123550972 131187926
867216296 131187926
867216296 869027250
139889354 869027250
139889354 148088041
850316181 148088041
850316181 852173034
156743570 852173034
156743570 164555183
833849039 164555183
833849039 836351606
172564998 836351606
172564998 180624042
817780180 180624042
817780180 819814296
189102308 819814296
189102308 197379343
801024879 197379343
801024879 803173073
205743531 803173073
205743531 213614819
784789403 213614819
784789403 787051301
221865303 787051301
221865303 229536234
768867988 229536234
768867988 771476366
237440238 771476366
237440238 245664457
752739765 245664457
752739765 754600699
254315905 754600699
254315905 262076923
736327299 262076923
736327299 738836921
270079683 738836921
270079683 278267961
720136261 278267961
720136261 722095276
286821328 722095276
286821328 294501455
703902767 294501455
703902767 705799196
303117408 705799196
303117408 311148491
687255731 311148491
687255731 689640640
319275964 689640640
319275964 327509219
670895003 327509219
670895003 673148104
335768500 673148104
335768500 343776755
