97 16
55 47
59 55
15 45
59 34
59 26
15 63
47 45
35 45
16 1
47 63
59 33
59 16
55 55
55 34
52 55
49 63
37 1
31 34
55 33
31 33
13 55
31 16
13 59
27 16
59 59
31 1
31 45
59 47
13 34
27 45
55 26
13 12
13 33
31 55
49 34
55 45
57 1
37 16
52 16
59 63
15 1
35 34
35 55
35 16
49 33
49 16
35 63
27 34
16 63
49 55
59 45
57 63
37 55
27 63
31 21
47 16
37 34
13 44
37 26
13 21
16 34
59 21
59 44
37 63
31 63
59 1
13 47
49 44
55 16
27 55
37 45
16 16
13 1
13 16
49 26
16 26
47 26
59 12
13 45
55 44
13 63
47 55
52 1
35 1
49 45
31 26
55 63
16 55
16 45
27 1
15 26
55 1
55 21
49 1
47 1
52 63
13 26
35 21
52 21
52 47
15 47
15 59
57 59
57 12
15 12
15 21
27 21
27 33
15 33
15 44
47 44
47 33
35 33
