1429 116
111 18
247 276
258 270
10 51
260 293
26 18
17 293
136 191
261 13
273 24
173 78
261 18
174 270
215 33
209 18
158 155
147 201
247 182
45 163
158 191
6 290
168 59
260 163
192 117
192 155
284 117
6 270
260 256
142 216
79 17
79 260
26 162
132 17
26 111
158 201
173 274
158 193
136 59
247 162
79 101
10 164
142 13
26 51
17 78
178 270
209 270
45 285
215 111
158 13
173 117
2 117
35 51
26 54
275 256
136 17
209 290
35 270
215 201
10 213
256 117
10 18
173 54
50 24
256 182
180 13
261 256
261 182
215 78
184 165
275 248
215 274
284 18
261 193
275 71
215 13
137 89
174 293
79 201
79 164
136 159
284 164
111 59
180 117
111 274
261 82
258 222
180 293
258 165
258 37
184 256
147 54
136 285
284 163
132 213
184 270
147 267
100 78
236 182
2 49
79 51
2 106
2 37
137 181
111 164
2 51
45 51
174 17
6 162
236 37
26 203
209 256
147 256
209 293
180 260
258 216
137 117
137 203
273 163
275 106
260 274
26 276
215 162
147 155
2 201
35 117
273 276
284 203
192 142
45 155
168 115
136 180
275 101
100 191
50 49
141 293
215 142
158 101
79 203
111 193
209 13
10 155
158 222
247 49
141 59
142 54
100 117
168 93
180 18
174 115
141 111
247 201
236 13
111 159
136 51
174 267
158 115
174 78
50 33
79 15
79 155
192 162
111 71
261 78
192 33
273 267
215 18
2 211
10 203
174 111
236 24
258 155
192 24
137 13
50 18
168 89
136 37
247 267
10 106
100 37
141 24
247 33
256 17
111 106
168 193
284 51
247 180
284 24
236 285
136 33
79 290
282 201
168 201
215 93
137 293
35 274
284 276
100 51
50 267
137 274
26 222
45 49
79 250
2 33
79 213
247 285
26 285
215 115
173 115
192 13
260 164
111 117
132 18
209 182
35 54
137 260
282 274
256 89
100 290
275 276
247 15
147 13
2 165
260 13
10 117
261 24
247 59
147 193
247 181
174 13
50 260
247 260
174 180
215 154
17 193
136 165
158 203
236 49
142 117
2 155
26 93
10 193
258 15
260 201
247 144
256 142
6 24
275 267
136 164
282 24
17 222
137 216
215 180
215 182
258 89
132 111
10 59
158 216
209 17
132 293
215 267
258 33
284 182
275 180
50 106
26 154
168 256
215 256
256 163
35 144
132 89
284 293
258 163
275 165
2 17
236 51
184 142
168 144
45 93
111 162
215 144
180 49
275 59
2 182
79 13
273 117
215 191
136 293
79 89
258 24
50 222
132 267
184 213
258 193
147 222
261 274
141 182
141 159
261 33
260 106
6 49
282 51
6 164
184 115
132 193
17 267
174 213
158 54
137 267
45 164
26 144
147 51
282 270
111 211
147 203
174 274
192 78
209 274
275 13
168 267
178 213
10 154
111 222
17 276
284 71
10 78
17 49
260 59
192 267
10 142
178 260
141 89
275 17
174 165
256 213
50 250
173 216
137 182
158 33
168 191
79 159
132 274
273 193
168 180
174 222
26 163
79 270
174 59
215 24
174 155
173 164
79 144
100 274
256 106
168 37
168 82
261 165
178 203
111 101
184 111
261 163
273 201
141 37
141 115
147 213
137 213
50 293
45 106
284 213
147 164
256 162
273 182
215 222
284 154
45 260
158 78
282 106
6 15
2 276
282 17
284 101
275 49
261 106
100 180
6 274
111 82
10 267
168 248
256 274
178 248
100 101
180 222
247 111
184 164
180 193
260 267
100 182
26 155
147 93
50 78
137 51
180 144
10 163
79 33
282 111
50 285
284 59
256 267
100 49
79 37
26 270
141 155
45 274
79 163
10 49
147 89
136 222
284 78
147 115
192 165
2 18
35 89
79 106
79 49
174 101
258 293
132 276
26 191
192 106
261 93
142 193
2 13
261 111
111 182
174 51
142 51
273 162
6 106
35 267
2 164
273 59
261 59
260 17
2 163
136 49
168 13
45 59
136 78
174 142
147 111
215 106
173 37
168 78
192 89
260 15
256 193
137 33
17 101
174 193
215 270
258 285
215 164
256 164
173 142
192 144
17 13
275 51
273 285
192 54
273 37
45 267
178 115
209 37
17 274
26 59
132 106
111 24
174 162
260 180
180 59
10 111
180 24
180 17
178 17
10 182
50 164
275 163
79 59
50 290
17 33
141 51
215 293
209 267
209 285
168 111
256 290
35 24
215 213
174 89
209 276
79 180
209 78
284 274
132 290
45 37
247 164
35 162
192 216
275 216
158 267
35 49
45 191
2 101
173 285
275 182
2 15
275 142
284 54
137 144
50 180
284 250
137 37
282 15
184 260
173 13
26 33
147 216
10 290
282 163
100 213
35 13
141 162
35 164
258 274
178 142
158 293
192 93
168 155
141 193
100 270
247 71
275 193
136 117
158 59
26 256
236 154
45 222
258 117
100 33
79 248
256 51
275 82
136 182
141 180
111 163
26 159
215 276
142 180
258 256
178 13
256 270
142 24
142 165
50 256
275 260
284 201
180 165
180 155
2 115
35 37
168 293
247 274
168 216
45 250
215 71
147 182
141 144
6 267
2 71
247 37
273 256
192 59
158 117
136 13
284 256
174 182
111 17
215 203
178 101
236 270
136 111
136 201
273 144
236 15
142 115
2 89
45 54
273 180
215 37
247 89
45 159
209 163
2 213
261 290
132 49
260 154
10 285
147 82
174 163
284 106
141 17
141 106
45 248
136 267
35 193
273 293
26 193
273 111
178 155
111 180
10 201
173 144
17 111
192 193
284 270
261 293
2 142
35 93
35 106
173 180
2 93
273 49
26 290
256 15
45 117
174 285
282 180
173 222
260 203
282 164
180 182
50 101
50 211
284 162
180 54
192 101
275 240
10 180
261 270
236 290
261 154
111 270
50 89
178 267
282 267
137 106
35 285
10 17
26 213
158 37
158 142
184 180
136 162
180 111
10 216
2 78
258 78
256 24
35 276
79 154
260 276
45 18
284 165
147 33
173 203
137 270
141 256
258 13
282 256
45 290
273 13
192 248
136 290
282 162
147 285
50 213
100 285
282 290
147 144
26 117
215 260
111 203
136 274
236 142
178 182
258 267
10 250
2 270
215 155
173 213
178 164
256 276
284 93
192 164
141 33
180 203
100 203
136 54
100 267
282 13
261 203
247 222
180 216
247 155
247 256
261 51
111 89
17 162
79 111
17 191
192 270
100 18
180 142
178 163
10 240
261 201
111 191
180 180
184 78
273 106
215 216
147 24
261 216
141 248
284 181
137 78
136 155
174 117
79 54
260 162
158 285
141 211
111 201
17 37
10 162
180 164
132 182
180 37
209 24
184 144
261 260
142 89
147 163
247 117
168 101
209 180
26 250
35 111
35 18
147 250
173 17
275 293
45 154
10 101
142 59
132 270
45 89
137 211
10 37
35 250
174 248
215 15
147 270
137 222
132 37
284 15
35 33
273 18
158 24
260 24
141 78
256 155
273 270
260 290
147 180
236 155
275 18
260 193
158 17
168 51
6 18
35 211
215 285
136 24
45 111
26 180
275 164
45 15
35 222
261 276
275 37
136 89
45 78
35 17
284 285
275 24
2 159
261 49
35 163
260 142
111 111
173 155
137 24
173 49
256 144
111 267
192 290
174 33
141 54
137 71
258 51
79 267
236 18
178 256
137 165
45 203
258 213
284 33
256 260
273 101
261 89
275 201
10 293
209 155
184 193
6 111
111 250
79 162
258 111
215 163
282 203
261 222
236 164
284 193
282 193
168 33
6 163
192 18
275 213
236 163
6 17
236 256
209 165
141 222
2 240
247 101
236 274
100 193
132 201
178 285
136 181
79 211
10 270
261 248
180 270
100 15
180 267
50 248
136 260
261 155
192 285
247 293
247 142
236 267
184 267
35 159
111 49
284 82
215 211
50 54
178 222
258 106
17 181
284 111
10 256
50 37
137 256
147 59
178 111
247 290
260 155
45 213
192 293
45 256
10 33
147 49
111 256
178 78
261 164
258 260
258 18
158 144
2 285
168 285
136 106
158 180
136 144
174 24
50 270
284 13
79 191
17 17
192 37
173 293
275 203
111 165
2 274
247 13
141 181
132 24
215 165
26 13
17 15
10 89
45 33
50 117
260 165
142 49
10 82
45 162
192 17
147 260
178 216
147 142
50 59
141 101
260 248
284 89
79 18
273 203
45 144
132 51
10 181
45 193
142 164
50 162
2 222
45 24
111 240
215 51
26 101
284 191
261 285
260 101
2 82
17 106
215 17
35 260
10 222
137 101
273 260
17 270
284 37
275 111
174 164
258 164
111 276
256 33
180 274
236 17
79 274
247 106
10 15
132 285
261 37
141 285
284 49
256 37
147 17
180 33
132 144
273 155
35 155
174 144
50 17
215 101
6 101
141 71
141 270
79 93
147 248
136 248
136 18
261 180
256 111
141 165
2 193
275 285
168 54
260 111
142 285
26 211
147 37
141 154
2 216
26 78
247 248
2 191
173 101
247 163
192 182
284 180
136 256
6 33
192 111
261 267
273 51
258 101
184 13
100 106
17 117
142 17
174 49
137 164
10 276
111 213
178 117
273 33
10 211
132 248
192 115
79 117
258 59
236 33
236 213
209 49
192 213
147 101
236 89
173 182
79 256
168 117
45 180
256 18
158 165
273 154
275 155
141 267
273 142
275 117
184 117
284 211
17 180
111 142
180 115
142 37
261 17
180 78
10 144
180 213
100 24
275 78
192 201
192 260
260 49
137 111
111 144
258 201
158 51
10 274
35 256
45 293
168 213
100 111
247 51
284 260
174 260
158 49
192 15
247 154
158 182
209 260
141 49
184 162
168 49
215 117
26 17
178 165
2 290
79 182
209 162
10 191
35 15
261 144
173 163
275 274
258 82
111 15
141 216
275 162
275 222
111 154
180 163
180 51
209 33
79 24
132 33
260 33
236 144
173 256
17 164
141 13
17 18
282 33
111 293
26 15
158 248
168 182
168 203
111 37
17 290
2 24
192 222
184 248
282 165
192 180
184 293
158 93
178 293
215 59
100 276
147 78
258 162
258 154
258 71
26 106
132 191
50 274
236 293
136 71
79 78
6 51
184 89
45 17
273 15
10 24
258 182
258 49
2 181
136 211
174 37
141 117
79 293
173 165
142 111
261 101
180 101
147 293
26 164
174 256
284 216
26 293
10 71
275 270
79 222
247 78
79 285
258 144
132 15
236 260
147 191
147 162
26 89
260 18
180 71
2 162
35 78
142 293
168 163
50 154
174 54
147 276
261 162
184 182
282 285
17 182
6 13
247 270
158 163
2 267
256 293
136 270
168 17
26 248
111 51
168 222
258 180
260 37
141 203
192 51
284 159
35 293
100 13
26 24
258 203
275 33
236 117
142 222
50 13
136 101
35 182
142 248
137 54
275 15
178 144
45 181
209 51
215 290
282 276
136 216
35 180
26 267
147 165
284 267
168 162
100 201
215 49
174 203
100 222
247 54
173 59
273 165
132 101
147 274
260 51
236 276
192 211
35 248
258 142
6 276
261 15
26 182
10 248
284 142
184 222
136 163
158 164
2 111
168 142
256 13
26 181
142 155
275 144
209 15
192 163
273 290
273 248
284 155
137 49
26 274
45 182
260 285
258 17
260 260
184 155
192 203
17 163
26 37
215 193
209 248
260 117
282 293
141 274
35 203
132 203
50 155
261 142
282 49
284 17
173 24
260 144
79 276
2 54
50 163
261 117
2 144
35 154
79 193
100 17
50 15
136 203
173 51
45 270
10 13
282 260
137 180
256 203
147 117
258 276
111 285
261 211
284 144
247 24
111 155
178 89
141 260
158 82
17 24
256 285
50 93
136 276
137 115
215 248
50 144
141 164
26 260
136 15
6 37
184 216
258 240
247 213
136 213
173 33
247 17
273 164
282 37
2 59
50 159
17 51
35 181
168 24
111 248
178 274
284 222
168 164
132 211
142 33
236 162
256 154
45 101
247 240
50 51
273 17
137 248
184 274
275 89
2 260
2 154
184 163
261 213
2 250
174 216
136 115
258 248
178 162
35 290
180 248
100 211
2 203
2 293
158 111
2 180
35 191
258 290
260 270
282 101
2 256
256 49
132 13
137 59
256 101
142 213
282 18
180 89
35 101
35 213
260 182
50 111
192 276
173 162
50 276
180 256
2 248
173 111
141 213
111 33
6 293
273 274
275 290
17 285
178 180
100 293
45 276
111 78
178 193
136 193
45 211
275 154
192 274
215 240
50 203
215 82
180 285
284 248
158 89
256 256
284 290
35 59
6 285
284 115
111 13
284 240
168 165
158 162
26 49
168 274
180 162
111 290
247 18
247 250
192 256
247 193
247 203
256 201
173 248
192 49
45 13
158 213
215 89
209 164
273 71
273 93
282 93
282 54
256 54
256 82
236 82
236 54
209 54
209 71
184 71
184 15
137 15
137 18
178 18
178 71
142 71
142 82
132 82
132 54
100 54
100 71
17 71
17 54
6 54
6 93
17 93
17 82
100 82
100 93
142 93
142 106
184 106
184 93
173 93
173 82
209 82
209 154
142 154
142 142
132 142
132 115
6 115
6 159
17 159
17 142
100 142
100 165
6 165
6 260
17 260
17 240
100 240
100 260
132 260
132 250
142 250
142 276
137 276
137 290
184 290
184 276
158 276
158 270
173 270
173 260
158 260
158 250
236 250
236 216
256 216
256 250
282 250
282 211
273 211
273 240
260 240
260 211
236 211
236 191
282 191
282 181
256 181
256 165
236 165
236 181
142 181
142 191
137 191
137 201
142 201
142 211
184 211
184 201
173 201
173 191
209 191
209 240
132 240
132 216
17 216
17 201
50 201
50 181
132 181
132 154
137 154
137 163
142 163
142 159
282 159
282 115
236 115
236 93
260 93
260 71
