2629 132
218 226
51 149
42 258
228 274
91 32
213 164
44 36
218 25
291 106
226 318
196 94
283 32
133 25
83 307
308 56
196 204
133 258
228 99
226 130
51 221
133 119
113 98
291 187
226 68
93 203
226 32
203 141
221 266
158 68
226 227
246 274
192 58
192 204
161 275
158 223
175 233
226 233
70 227
152 45
83 318
144 7
42 336
289 223
203 226
110 226
269 233
161 119
308 275
269 94
107 264
85 133
70 154
63 227
228 226
83 236
302 68
70 133
161 256
318 275
91 56
85 216
173 76
269 133
213 99
308 221
302 283
321 216
91 98
51 256
42 119
175 310
213 258
196 266
107 45
213 283
28 328
251 328
113 216
84 45
289 233
161 318
318 147
291 236
269 154
291 310
302 334
228 7
203 216
191 236
144 275
42 88
196 227
192 164
283 25
308 149
47 82
228 336
175 7
226 69
175 119
16 336
293 336
191 98
228 69
192 318
213 227
269 283
173 69
192 197
152 328
203 266
91 45
302 328
308 334
85 226
318 119
117 119
226 76
28 197
229 130
302 264
63 233
110 266
191 149
213 221
321 334
51 82
107 328
117 68
293 99
283 233
318 99
321 190
42 310
161 20
173 197
269 310
228 328
308 224
86 133
42 283
213 94
229 154
229 68
110 203
192 236
70 275
91 58
191 147
318 76
283 130
321 58
218 227
152 119
268 187
91 336
28 45
61 154
158 88
70 98
70 45
191 274
269 149
133 307
152 221
91 183
107 25
251 20
133 318
83 336
173 20
110 236
251 58
293 275
321 227
268 147
42 76
340 307
283 275
308 130
16 221
196 88
283 99
191 226
28 141
218 183
63 154
113 233
51 274
221 76
173 266
293 25
229 170
63 216
196 164
70 7
175 256
231 141
63 328
86 203
110 56
283 226
293 283
51 264
269 224
321 98
213 318
229 221
340 130
110 310
251 221
83 319
251 106
91 76
192 203
144 307
340 36
173 183
308 328
70 256
221 106
28 336
318 149
83 170
226 226
117 319
293 187
85 319
231 310
283 149
16 197
340 99
47 307
158 110
213 149
213 170
308 31
283 141
85 98
218 328
161 141
93 274
246 266
293 233
226 7
308 319
173 203
293 334
110 46
318 336
91 68
196 76
269 20
158 20
293 183
63 221
47 266
221 216
133 164
86 233
84 310
302 318
229 45
268 20
213 20
289 106
213 275
91 46
36 7
251 318
318 224
196 133
107 266
83 98
246 46
268 154
16 318
291 68
113 106
152 203
231 256
47 56
203 154
289 227
191 25
226 119
44 227
231 283
133 68
213 266
51 204
293 236
289 258
191 318
133 221
63 307
203 36
192 56
196 203
196 46
42 98
113 307
228 183
228 56
16 33
196 221
86 204
133 183
91 197
196 264
226 58
192 133
251 32
86 236
47 197
231 221
63 88
192 226
203 106
16 328
229 274
110 274
117 274
289 216
117 233
85 274
161 110
226 99
144 221
268 227
83 31
84 221
51 216
110 187
117 190
218 221
28 283
84 256
91 88
191 183
83 183
203 99
283 328
246 190
63 226
175 36
196 106
229 183
70 203
231 147
42 56
161 82
308 266
221 56
47 68
192 98
293 328
196 336
144 264
308 170
49 307
117 203
289 94
161 190
117 46
203 133
107 318
173 274
158 233
47 45
86 264
269 99
308 264
229 190
152 274
51 141
226 204
84 319
268 310
221 227
152 336
84 224
251 310
229 233
51 7
133 36
191 164
161 227
63 266
117 82
113 154
144 119
318 94
191 227
152 58
16 56
63 32
63 319
340 187
133 224
158 45
228 106
308 45
192 283
269 170
221 283
42 45
221 7
110 7
28 31
28 221
228 283
28 130
86 258
16 76
196 307
229 266
231 224
47 227
63 133
16 88
83 310
70 328
93 221
84 283
191 221
16 147
16 256
133 227
269 119
191 216
42 256
226 274
251 224
93 216
196 226
84 223
144 170
51 15
196 130
16 275
302 141
51 119
340 266
91 310
144 226
51 283
321 204
152 68
70 170
318 307
113 236
318 236
308 183
117 223
221 274
192 82
318 25
318 141
51 170
308 141
113 318
321 99
113 45
251 133
228 20
70 221
113 310
321 275
283 334
158 119
113 56
70 68
28 256
196 334
47 46
173 307
218 82
110 264
175 236
340 224
291 221
203 32
289 149
192 147
86 68
28 44
213 216
218 110
213 106
16 69
107 197
231 88
144 187
175 58
229 82
161 45
161 223
117 20
70 204
117 106
213 233
85 197
321 258
144 149
173 141
144 310
93 68
289 25
221 224
133 20
63 334
218 68
246 258
229 318
152 224
293 98
318 36
302 226
218 274
158 216
42 133
283 170
47 94
28 76
144 68
340 98
302 310
86 190
268 258
173 147
293 154
229 283
318 233
16 58
308 203
173 154
47 25
291 130
308 68
283 147
293 7
289 264
340 318
85 20
158 149
218 147
113 69
192 31
226 88
175 334
83 204
218 310
289 226
340 20
158 203
203 190
107 274
152 147
51 307
246 147
283 56
47 76
28 99
113 82
175 82
152 266
107 147
289 221
191 223
85 45
293 216
228 266
42 149
318 7
173 334
269 68
144 274
192 110
192 130
107 106
47 275
107 20
16 164
308 274
47 183
51 190
229 164
340 149
173 170
283 204
175 307
269 275
203 58
293 58
175 99
213 197
293 130
268 204
117 318
113 133
158 319
246 224
289 98
144 256
93 98
268 233
63 264
84 233
16 110
251 227
42 58
293 221
84 204
269 216
161 130
113 7
161 147
91 318
246 334
226 221
86 223
161 266
246 256
91 133
47 258
213 82
83 68
228 25
93 283
113 204
218 275
107 7
231 76
231 164
221 275
268 223
91 319
42 106
47 130
47 98
85 318
229 119
28 183
196 236
161 76
221 98
228 36
340 94
289 69
340 7
86 227
51 94
218 283
16 15
203 334
85 164
221 318
340 227
28 94
49 20
158 266
44 328
340 58
302 275
61 31
28 56
63 318
42 110
144 76
318 88
175 227
192 7
251 275
213 45
268 36
308 310
152 307
144 336
63 7
191 94
93 88
191 334
133 46
221 336
175 68
144 233
203 197
158 236
133 197
158 275
321 45
321 307
42 221
226 236
144 98
231 46
91 154
83 133
16 99
196 68
191 141
251 334
293 94
302 31
228 154
340 110
318 187
175 76
246 203
83 283
213 223
28 46
63 98
28 7
144 69
113 224
213 98
203 187
251 94
291 32
289 307
110 36
113 197
340 223
84 119
218 307
117 130
175 187
51 58
117 334
231 264
191 82
321 236
152 233
161 328
302 216
229 149
83 328
158 99
213 226
113 283
93 227
291 328
231 258
221 68
113 110
246 275
291 274
86 32
85 236
85 187
229 226
231 154
61 88
229 99
228 318
51 258
85 307
161 226
47 88
291 216
203 264
289 187
229 236
84 258
308 204
173 336
144 32
251 46
191 76
283 154
246 227
218 31
175 32
161 170
84 216
283 164
293 106
84 20
231 170
269 45
302 164
251 82
218 58
246 58
16 119
196 275
117 328
36 45
246 119
302 45
340 334
203 25
291 94
161 224
175 216
44 318
321 223
302 221
144 183
16 223
269 106
93 334
246 76
268 76
175 318
289 56
113 20
340 15
110 216
144 20
340 275
302 110
161 154
291 223
203 318
226 307
49 236
203 221
226 94
93 20
152 76
133 154
110 328
251 164
321 256
93 224
268 236
251 99
117 310
251 149
231 307
28 149
231 334
117 307
83 233
318 223
269 82
28 319
228 258
191 133
144 45
289 7
218 149
228 68
173 226
291 25
28 310
221 99
228 334
144 334
175 275
231 25
291 256
91 190
321 226
175 56
63 203
86 256
113 221
91 224
161 204
85 204
221 233
340 82
318 69
107 221
107 204
302 256
175 20
291 183
196 99
28 58
110 334
86 334
84 274
246 318
107 223
161 233
152 133
192 46
229 20
117 69
63 223
218 204
117 164
308 226
47 236
113 31
321 283
83 147
283 236
42 236
293 119
152 130
113 258
28 25
173 223
86 170
70 334
84 88
91 233
63 36
226 258
196 45
70 258
158 141
321 7
28 226
158 318
152 110
229 106
51 197
196 190
133 58
231 45
246 68
161 94
16 133
229 264
63 310
158 7
192 264
213 307
173 110
302 183
42 203
16 190
308 99
175 221
289 283
85 149
86 45
228 221
175 164
318 98
83 154
196 216
226 98
51 310
61 45
173 275
16 187
152 36
16 149
192 99
196 258
16 310
283 227
289 224
83 106
84 318
308 233
173 130
218 36
340 283
91 227
196 82
51 187
231 197
192 275
293 46
268 68
42 275
173 236
36 88
158 98
293 256
158 307
246 130
133 7
321 319
269 32
133 236
16 216
246 328
289 110
173 25
228 204
70 36
302 82
107 319
321 25
251 233
84 98
291 334
86 283
289 170
269 187
213 236
16 31
251 274
302 32
51 319
28 133
133 110
144 223
28 266
161 336
70 187
293 56
229 31
293 226
83 45
113 264
269 164
83 33
218 197
318 274
191 68
251 204
133 223
173 164
91 44
110 20
107 33
63 275
86 7
44 258
175 94
91 147
49 154
283 216
291 227
268 203
228 130
47 22
291 56
85 221
133 56
85 147
152 88
44 147
133 216
158 183
158 227
86 44
291 164
85 310
47 318
117 226
47 44
203 20
84 226
28 69
158 69
191 283
269 274
340 319
152 98
293 227
51 224
289 236
133 187
83 88
144 318
268 82
93 233
152 204
63 45
283 307
251 187
161 236
16 203
302 274
308 98
144 224
47 190
283 256
63 25
221 221
268 266
318 32
196 274
231 203
117 98
133 82
268 318
158 154
93 190
213 58
158 56
302 204
191 45
289 204
308 164
221 183
133 76
28 154
158 94
16 94
91 36
85 227
226 82
289 190
302 233
42 216
28 190
192 190
93 258
175 147
302 25
203 82
85 203
203 204
133 133
283 310
173 258
70 147
173 99
218 190
289 82
152 164
291 266
226 187
117 45
110 258
133 204
63 336
246 45
318 183
85 328
291 154
117 32
91 236
289 274
133 336
321 141
213 310
269 328
228 310
289 203
83 274
42 318
158 130
85 25
196 319
321 336
283 266
269 197
196 183
144 133
110 190
117 7
293 133
308 106
289 76
192 310
51 328
213 224
269 236
113 190
308 336
107 56
86 307
47 147
191 36
218 88
61 133
191 99
221 130
268 94
16 7
175 45
318 56
161 264
85 283
218 32
28 203
321 164
91 170
231 82
28 204
86 318
86 328
51 147
152 190
289 119
283 203
161 68
47 224
229 141
308 76
302 7
173 98
113 203
221 319
70 226
113 147
226 154
84 197
293 36
133 310
117 221
158 264
308 187
91 223
83 216
107 133
175 46
213 36
340 56
173 106
229 336
218 56
293 266
152 183
228 82
63 274
28 164
308 318
289 58
246 69
196 187
269 56
340 226
308 58
283 221
293 258
110 221
191 264
283 20
42 164
93 336
203 147
107 310
110 227
203 130
218 236
268 46
268 45
213 187
161 98
251 216
84 236
70 307
340 88
86 310
318 190
196 223
173 187
231 233
152 197
28 22
283 264
268 190
83 190
133 22
308 216
229 197
84 266
291 149
51 31
318 82
340 164
192 149
117 258
246 187
318 106
192 216
51 183
63 224
218 256
340 68
321 82
191 307
268 7
226 36
196 69
44 336
302 319
229 32
192 223
229 224
340 197
218 119
246 94
289 68
70 236
340 119
229 36
283 7
16 46
283 190
291 88
144 197
308 46
91 216
91 307
161 187
192 154
196 141
83 36
191 197
83 256
117 94
175 31
229 110
70 274
173 119
113 227
228 110
117 264
318 164
113 183
161 25
246 307
246 154
91 274
203 119
158 46
228 190
63 190
110 45
293 149
302 170
175 110
231 275
133 170
173 216
203 88
16 170
231 119
231 318
117 149
63 187
226 275
192 307
203 183
251 141
133 334
28 318
268 88
203 227
49 68
110 275
110 224
42 32
42 197
269 264
231 31
269 36
293 318
246 236
86 20
291 264
107 46
308 88
226 183
226 190
84 68
289 154
226 56
70 119
113 223
84 133
91 187
117 187
218 266
283 274
42 99
226 334
16 154
42 25
302 94
196 56
51 336
291 336
84 76
283 197
28 264
196 58
293 110
51 164
289 99
85 190
269 7
51 226
291 45
321 106
283 76
117 183
268 133
83 334
173 82
231 36
291 283
251 170
246 31
133 256
321 154
133 99
63 236
321 170
110 76
133 94
221 258
83 197
321 197
293 164
318 197
231 99
302 106
63 283
226 33
113 32
213 203
152 226
36 266
268 69
221 164
86 106
268 141
173 58
269 318
196 154
293 204
228 170
228 307
107 187
302 307
318 46
318 154
340 22
231 336
133 149
85 68
268 224
221 187
318 20
85 56
63 258
218 69
107 224
107 336
221 307
203 69
117 216
289 45
47 223
293 147
218 98
107 76
213 274
218 334
152 154
191 106
221 46
85 256
42 266
289 266
85 119
42 147
268 106
70 318
144 190
226 20
192 224
28 82
158 36
107 283
51 20
289 256
84 187
196 328
91 221
302 266
246 336
86 226
269 88
173 319
42 227
113 164
203 224
152 318
218 94
113 187
268 336
268 274
144 99
218 141
86 197
16 45
61 336
291 258
173 224
213 334
51 203
251 110
283 258
291 119
269 147
152 264
144 106
49 204
28 274
192 106
246 106
269 110
302 227
152 32
175 283
113 275
161 7
84 32
228 187
213 32
213 328
192 227
269 319
191 32
85 334
251 154
175 328
321 274
70 216
269 141
117 197
283 88
175 98
191 233
291 190
161 319
283 119
113 94
289 141
192 69
85 266
226 336
61 7
308 94
221 310
308 82
289 36
93 197
340 45
83 25
213 88
113 141
51 133
191 190
321 69
173 36
203 307
83 56
63 31
228 164
246 233
192 88
318 130
218 318
93 170
16 183
91 204
318 45
289 88
268 58
291 307
191 328
175 197
293 82
231 58
246 25
42 7
191 319
340 106
91 203
228 203
107 88
192 36
93 310
44 76
44 197
340 310
203 170
49 7
117 141
161 310
291 318
321 221
117 133
42 187
161 216
28 32
221 256
83 226
218 224
84 328
28 224
113 99
218 203
251 319
231 69
51 110
302 58
228 76
293 307
318 204
175 319
144 328
318 264
203 68
246 110
63 183
161 69
289 20
283 224
269 226
192 258
302 36
293 310
191 187
191 266
340 264
221 170
340 256
91 328
84 227
173 318
117 204
173 133
110 256
93 133
229 69
85 223
251 98
70 310
70 183
152 310
161 133
226 164
16 233
110 147
28 20
44 275
318 256
113 149
16 227
47 7
269 221
36 336
42 233
246 82
203 164
291 36
51 36
51 98
228 119
133 45
91 226
196 119
229 256
152 216
158 147
173 88
291 275
113 266
291 98
293 170
117 110
191 204
144 236
289 319
228 227
293 69
152 275
226 197
51 25
289 147
213 133
113 334
340 216
93 266
117 283
91 20
192 170
302 20
144 147
283 69
51 44
83 32
289 334
251 88
192 20
70 20
86 183
340 190
203 336
91 264
293 274
302 147
84 334
173 46
226 256
93 76
246 319
70 223
246 310
51 68
144 58
196 98
246 99
302 223
28 88
158 334
70 76
302 149
152 141
16 141
318 216
191 258
91 334
321 133
291 224
226 147
44 7
93 256
318 133
231 274
269 227
269 130
49 336
161 221
107 227
213 68
61 25
321 318
84 307
231 133
191 154
231 223
85 22
302 197
269 183
113 130
86 76
218 223
228 256
269 76
229 334
246 221
231 183
221 58
85 106
173 149
340 32
196 283
47 15
28 216
63 20
213 264
117 224
321 130
283 183
61 106
291 203
251 307
175 141
268 264
228 223
152 25
228 264
283 318
173 233
228 149
192 187
221 203
226 106
83 227
83 7
113 68
321 31
133 226
158 106
228 197
226 46
191 7
226 170
85 258
291 110
117 275
161 56
302 336
144 319
231 20
218 20
51 318
85 233
133 130
144 130
221 334
49 32
226 328
283 110
23 336
203 236
269 98
28 110
221 264
113 170
283 106
192 266
175 154
93 223
340 25
218 99
213 56
191 130
16 98
221 226
203 274
229 88
218 130
218 106
93 25
84 183
226 141
340 336
152 149
318 227
318 310
117 266
91 275
221 133
152 227
91 119
175 88
42 69
91 256
231 187
85 36
192 68
289 133
152 223
144 258
47 336
268 32
251 190
203 98
113 58
246 170
221 119
251 266
16 130
83 221
318 258
269 46
44 25
268 130
283 187
91 149
229 147
83 275
302 76
51 99
283 36
16 334
16 204
70 190
321 119
228 319
218 264
51 32
321 94
158 328
228 46
113 46
229 275
47 106
191 119
158 82
192 334
152 31
161 307
318 319
191 56
228 94
269 223
283 133
191 203
231 130
308 7
191 336
268 334
268 283
221 149
44 119
192 319
133 328
268 216
231 266
221 110
246 88
268 25
144 36
308 110
269 203
246 216
93 183
221 82
16 82
246 226
291 58
107 119
49 106
340 133
133 283
51 154
113 88
318 226
291 197
133 275
70 224
203 275
173 7
308 236
42 154
218 76
251 45
133 203
36 187
221 20
107 233
308 190
221 94
85 170
283 68
42 224
302 236
110 318
302 88
16 283
251 226
229 216
308 147
283 223
340 203
85 7
107 32
117 147
269 334
107 216
218 216
229 307
152 334
203 233
251 76
340 69
289 275
251 56
173 256
133 106
173 310
28 223
133 88
340 154
144 283
158 224
318 68
229 203
226 264
321 56
196 256
269 204
291 133
231 98
93 154
152 7
86 187
44 98
229 7
47 119
196 20
269 307
107 258
213 130
117 236
28 33
318 334
117 99
291 99
246 32
191 110
192 183
107 256
51 130
293 88
84 170
231 110
340 141
107 154
203 22
47 141
107 275
84 56
70 264
221 223
229 258
91 25
318 283
70 106
289 183
268 319
152 236
61 68
152 170
231 204
291 141
158 310
291 319
229 58
70 56
85 76
93 7
293 264
231 227
51 106
63 56
213 183
51 88
231 236
228 45
251 336
283 46
51 56
175 226
84 336
196 110
70 266
91 258
93 328
318 170
302 133
110 204
84 147
231 319
293 197
51 275
226 45
47 204
144 154
93 226
340 76
113 256
51 266
110 170
321 310
246 20
93 275
113 25
302 190
144 110
321 110
93 106
86 266
268 226
213 147
152 258
191 275
293 68
302 69
283 82
117 256
228 88
291 147
229 328
161 203
49 15
158 226
218 46
218 164
228 236
251 197
231 226
36 133
293 20
91 7
229 76
107 226
16 25
63 170
144 227
302 258
28 236
192 221
86 216
221 204
173 328
226 25
228 275
161 36
229 46
308 133
289 328
196 310
251 256
321 233
152 187
161 32
302 46
158 221
308 227
340 274
16 236
192 94
192 45
86 221
158 133
85 336
246 56
47 226
28 187
229 310
110 233
191 31
229 98
221 141
133 266
289 318
42 20
28 68
203 45
175 190
161 274
107 203
231 106
196 36
173 190
158 58
268 328
47 36
117 88
226 266
268 99
107 334
47 264
308 283
44 56
158 170
158 197
161 258
113 76
231 94
70 283
291 226
175 25
231 68
251 203
110 319
269 266
283 283
133 32
51 33
161 106
302 203
16 307
173 264
221 197
28 106
91 266
152 99
36 224
28 258
28 119
63 76
47 20
228 216
175 266
318 266
226 110
231 190
93 236
63 106
16 68
268 170
175 203
213 76
302 119
152 69
85 88
161 99
246 133
192 274
28 147
110 25
144 88
213 110
85 183
113 226
42 170
133 98
86 274
321 328
221 45
107 307
268 149
152 319
218 187
152 94
144 94
251 223
63 204
161 283
302 98
283 319
175 69
175 130
161 197
203 94
291 20
308 32
291 76
221 190
196 32
213 204
321 88
173 221
289 310
340 31
302 56
293 190
196 224
308 223
213 319
51 223
289 197
268 221
221 154
192 328
84 275
293 319
28 307
85 154
84 190
113 36
291 69
91 141
175 133
191 69
70 319
16 319
251 183
308 69
144 141
308 25
191 224
158 204
83 20
107 68
152 256
51 45
161 183
321 76
203 110
28 170
192 256
251 258
318 58
110 283
84 264
86 275
144 216
161 164
218 233
229 133
246 141
269 58
93 318
158 256
246 197
269 258
47 154
86 336
293 224
117 336
63 22
226 216
251 36
269 190
291 7
191 310
221 36
173 56
228 233
196 170
203 328
191 46
321 149
191 170
51 233
110 197
231 328
173 68
161 33
246 98
283 58
321 203
213 154
246 283
133 319
308 36
196 233
28 227
28 98
308 197
246 36
293 223
218 133
93 264
113 319
175 224
213 190
269 256
251 68
213 119
133 190
42 31
251 69
70 197
340 44
63 119
83 187
321 147
70 88
144 266
83 76
251 147
113 328
340 236
175 106
107 170
86 224
133 69
16 106
340 170
107 36
218 170
203 256
218 45
268 256
16 258
51 227
85 32
16 32
42 68
152 82
175 274
44 221
113 119
203 149
213 46
16 264
144 82
308 20
246 164
246 223
86 98
144 56
36 20
110 183
218 319
268 119
107 190
291 33
173 227
110 307
107 98
203 310
213 256
93 307
93 319
110 98
291 46
213 69
269 69
321 32
70 336
340 233
321 68
158 274
340 33
203 258
321 264
47 133
221 328
283 31
86 319
228 133
229 56
251 264
302 99
161 88
246 204
203 76
228 141
228 58
42 307
229 319
231 7
203 56
173 45
16 266
51 46
218 336
61 32
226 283
47 221
291 170
49 328
63 68
70 233
340 183
213 7
192 119
93 204
191 20
268 183
196 147
158 258
86 119
47 32
47 187
91 106
83 203
203 7
83 119
289 164
268 110
16 20
16 36
218 258
84 7
229 227
51 236
85 224
44 170
117 170
133 274
86 36
191 88
246 7
302 130
226 319
158 190
23 7
47 328
340 147
152 106
173 204
191 58
308 258
28 233
144 203
85 275
196 197
269 336
321 224
117 76
340 221
161 46
308 256
318 31
268 307
51 76
63 256
229 204
196 318
213 336
16 274
340 46
229 223
268 98
340 258
251 7
16 22
268 275
93 119
175 223
321 187
63 147
86 88
173 283
293 45
175 204
175 264
42 36
251 119
36 328
42 328
133 233
158 25
47 170
228 98
228 147
158 187
192 25
251 236
246 149
133 141
117 56
91 283
107 183
152 46
218 154
302 154
291 82
152 20
42 33
268 22
42 204
175 258
113 274
158 336
226 203
289 130
113 336
203 223
203 319
302 224
226 133
251 283
158 164
302 187
16 44
161 334
144 164
318 328
161 149
283 336
318 110
85 264
110 119
84 106
293 76
308 307
175 149
117 36
117 58
196 7
229 25
283 98
28 275
321 183
340 204
221 69
175 183
51 69
293 203
231 149
229 94
221 25
83 264
321 266
283 45
291 233
84 203
16 226
289 336
289 46
110 336
246 264
158 283
221 236
321 46
63 197
246 183
231 32
173 94
268 56
144 46
192 141
161 58
268 197
226 224
226 223
213 141
110 223
318 318
228 224
16 224
144 204
318 203
91 31
191 256
107 236
83 224
117 154
152 56
93 36
293 141
221 147
291 204
226 149
196 149
28 36
221 88
117 227
175 336
192 76
318 221
226 310
229 187
152 283
93 187
203 203
158 76
308 154
83 223
85 44
192 336
218 7
283 94
340 328
133 264
308 119
268 164
133 147
83 258
83 266
231 56
47 274
192 32
192 233
175 170
203 46
231 216
203 283
251 130
144 22
196 22
196 31
213 31
213 22
251 22
251 31
269 31
269 22
321 22
321 15
61 15
61 22
49 22
49 31
44 31
44 33
49 33
49 58
44 58
44 69
49 69
49 99
44 99
44 110
49 110
49 149
44 149
44 164
49 164
49 203
44 203
44 216
49 216
49 233
44 233
44 256
49 256
49 283
44 283
44 310
49 310
49 319
36 319
36 274
44 274
44 264
36 264
36 226
44 226
44 223
36 223
36 190
44 190
44 183
36 183
36 141
44 141
44 130
36 130
36 94
44 94
44 82
36 82
36 46
44 46
44 44
36 44
36 22
44 22
44 15
23 15
23 334
61 334
61 164
84 164
84 149
61 149
61 141
86 141
86 164
110 164
110 149
93 149
93 141
110 141
110 130
61 130
61 110
110 110
110 99
61 99
61 94
110 94
110 82
61 82
61 69
110 69
110 58
93 58
93 44
321 44
321 33
293 33
293 31
289 31
289 33
228 33
228 31
221 31
221 33
173 33
173 31
158 31
158 33
110 33
110 31
93 31
93 33
84 33
84 44
61 44
61 33
70 33
70 22
84 22
84 31
86 31
86 22
117 22
117 31
144 31
