165 38
89 -57
89 -95
76 -31
41 -7
32 -17
89 -96
32 -45
82 -31
39 -31
81 -96
89 -42
32 -68
70 -68
82 -17
74 -48
75 -96
57 -48
69 -7
13 -48
6 -42
69 -46
13 -31
69 -17
6 -12
6 -95
64 -31
74 -68
74 -7
6 -96
6 -7
76 -56
75 -31
70 -7
76 -7
89 -68
89 -46
12 -46
57 -68
41 -64
89 -45
81 -7
13 -64
76 -17
69 -48
82 -64
89 -56
32 -57
74 -17
89 -7
6 -57
22 -7
75 -68
74 -96
13 -17
64 -42
13 -57
6 -31
22 -45
13 -45
89 -12
13 -96
76 -96
69 -45
65 -96
64 -48
82 -42
41 -96
82 -7
82 -56
65 -68
32 -31
74 -57
39 -45
89 -17
41 -46
64 -57
41 -68
39 -96
81 -17
41 -48
6 -68
82 -96
75 -17
76 -48
41 -31
64 -45
57 -7
82 -20
75 -7
69 -96
6 -46
32 -12
32 -56
76 -46
76 -68
41 -57
39 -7
64 -12
22 -57
76 -45
32 -95
74 -45
12 -45
6 -64
64 -17
13 -20
22 -96
32 -7
74 -56
82 -57
64 -68
41 -17
70 -31
69 -12
76 -42
65 -45
86 -96
32 -96
75 -45
6 -17
65 -17
69 -68
64 -56
82 -48
75 -42
6 -45
70 -48
12 -96
32 -48
82 -46
65 -57
6 -48
41 -20
82 -68
86 -7
64 -96
89 -64
65 -7
69 -31
89 -20
89 -48
76 -57
82 -45
13 -7
12 -7
65 -12
64 -7
70 -96
74 -42
12 -48
89 -31
6 -56
6 -20
69 -20
69 -57
22 -31
39 -57
74 -64
41 -45
81 -68
13 -46
57 -31
74 -31
13 -68
57 -96
57 -46
57 -42
12 -42
12 -12
22 -12
22 -20
39 -20
39 -12
57 -12
57 -20
65 -20
65 -42
70 -42
70 -46
75 -46
75 -64
81 -64
81 -20
70 -20
70 -12
86 -12
86 -95
39 -95
39 -64
22 -64
22 -95
12 -95
12 -56
22 -56
22 -46
39 -46
39 -56
57 -56
57 -64
70 -64
70 -56
65 -56
65 -46
