605 164
-222 -171
-21 -57
-201 -248
-127 -57
-195 -236
-212 -342
-115 -57
-215 -82
-73 -342
-316 -342
-124 -98
-17 -329
-333 -98
-254 -57
-326 -342
-237 -144
-152 -319
-138 -82
-82 -57
-270 -319
-306 -171
-111 -248
-89 -82
-138 -236
-193 -57
-34 -342
-254 -171
-83 -171
-274 -82
-137 -82
-340 -171
-83 -82
-204 -248
-138 -342
-202 -82
-301 -342
-237 -319
-127 -82
-237 -248
-220 -244
-200 -96
-75 -82
-323 -248
-124 -57
-204 -57
-200 -277
-100 -57
-200 -342
-124 -248
-291 -171
-213 -298
-202 -72
-291 -82
-151 -171
-304 -236
-166 -342
-137 -329
-287 -82
-42 -236
-143 -144
-143 -171
-100 -342
-83 -329
-292 -342
-17 -236
-195 -298
-287 -236
-306 -298
-254 -334
-287 -248
-316 -82
-17 -342
-309 -298
-254 -298
-152 -248
-213 -329
-82 -82
-17 -144
-254 -329
-220 -171
-152 -82
-82 -248
-254 -342
-340 -277
-124 -236
-254 -98
-306 -329
-309 -57
-39 -244
-200 -298
-310 -82
-127 -248
-198 -57
-43 -236
-239 -82
-75 -57
-220 -319
-17 -175
-34 -298
-306 -98
-239 -236
-193 -342
-124 -298
-215 -171
-45 -298
-220 -144
-143 -82
-137 -171
-189 -329
-152 -57
-326 -329
-111 -298
-304 -171
-104 -329
-304 -82
-222 -248
-309 -171
-213 -342
-89 -298
-189 -248
-270 -298
-323 -57
-195 -342
-189 -236
-73 -298
-115 -342
-100 -298
-89 -98
-137 -96
-304 -96
-333 -248
-39 -298
-83 -98
-138 -171
-151 -329
-26 -319
-302 -329
-202 -236
-73 -57
-166 -57
-83 -236
-34 -82
-309 -175
-326 -175
-124 -82
-83 -298
-239 -248
-204 -171
-237 -171
-39 -57
-302 -98
-287 -144
-291 -57
-39 -144
-226 -248
-291 -342
-220 -72
-213 -175
-306 -319
-306 -342
-143 -298
-189 -277
-306 -82
-43 -319
-203 -342
-82 -98
-189 -82
-73 -334
-340 -334
-104 -236
-195 -334
-81 -342
-17 -98
-143 -329
-239 -298
-333 -329
-137 -319
-270 -342
-73 -236
-202 -298
-137 -342
-39 -98
-204 -244
-254 -248
-262 -248
-302 -334
-237 -236
-226 -236
-215 -72
-202 -334
-270 -96
-291 -298
-213 -171
-239 -57
-307 -342
-222 -144
-222 -98
-307 -57
-200 -98
-34 -57
-262 -236
-202 -342
-26 -82
-89 -236
-104 -57
-201 -342
-303 -334
-111 -98
-26 -171
-39 -96
-340 -329
-213 -82
-100 -248
-17 -277
-45 -57
-26 -248
-292 -171
-302 -298
-204 -342
-104 -248
-124 -334
-89 -248
-45 -171
-287 -171
-270 -98
-291 -248
-222 -236
-82 -342
-340 -72
-292 -175
-340 -236
-237 -57
-287 -329
-104 -171
-138 -298
-237 -72
-204 -82
-152 -329
-115 -82
-301 -98
-304 -244
-124 -342
-302 -277
-83 -319
-193 -171
-21 -342
-45 -236
-21 -236
-17 -57
-254 -236
-75 -298
-143 -98
-151 -342
-111 -319
-152 -171
-111 -236
-202 -171
-137 -298
-204 -98
-200 -329
-213 -98
-81 -236
-323 -342
-200 -82
-82 -171
-304 -248
-81 -277
-201 -57
-43 -298
-316 -329
-306 -236
-202 -98
-302 -248
-115 -248
-306 -144
-212 -298
-340 -82
-201 -98
-26 -298
-292 -319
-43 -277
-21 -98
-43 -171
-143 -334
-274 -57
-340 -298
-198 -98
-309 -277
-124 -319
-323 -236
-200 -144
-213 -236
-26 -342
-221 -57
-333 -57
-127 -171
-193 -236
-270 -82
-304 -342
-287 -342
-42 -57
-262 -98
-220 -298
-195 -72
-302 -171
-305 -342
-222 -329
-151 -98
-152 -236
-316 -171
-89 -171
-213 -72
-304 -98
-270 -171
-340 -319
-204 -277
-292 -96
-239 -342
-323 -82
-221 -342
-73 -98
-220 -98
-42 -171
-43 -96
-166 -171
-143 -57
-189 -319
-152 -144
-310 -298
-111 -171
-111 -342
-151 -144
-304 -334
-39 -334
-203 -248
-124 -175
-340 -342
-73 -244
-195 -98
-220 -236
-222 -57
-326 -248
-111 -82
-81 -248
-26 -277
-73 -248
-340 -248
-151 -236
-220 -277
-26 -57
-26 -98
-220 -248
-143 -236
-43 -57
-221 -236
-305 -82
-309 -244
-302 -82
-189 -298
-143 -248
-326 -298
-200 -248
-100 -329
-292 -98
-152 -298
-200 -236
-326 -171
-75 -342
-274 -236
-301 -236
-152 -277
-316 -98
-202 -57
-237 -329
-127 -342
-124 -329
-220 -329
-43 -72
-39 -171
-213 -57
-226 -57
-39 -248
-200 -171
-340 -57
-307 -98
-137 -98
-305 -171
-226 -298
-215 -342
-274 -298
-81 -298
-316 -144
-302 -236
-75 -98
-270 -236
-17 -82
-326 -236
-193 -98
-305 -57
-340 -244
-309 -334
-17 -319
-45 -98
-237 -298
-34 -236
-222 -175
-83 -57
-198 -236
-137 -248
-17 -96
-89 -57
-124 -144
-151 -82
-195 -57
-104 -82
-309 -82
-301 -57
-292 -244
-152 -334
-302 -342
-17 -244
-152 -342
-204 -329
-305 -298
-303 -236
-340 -98
-340 -96
-73 -171
-43 -342
-215 -298
-151 -248
-111 -329
-43 -98
-220 -96
-137 -277
-202 -248
-212 -98
-302 -72
-237 -96
-82 -236
-137 -236
-287 -298
-303 -342
-195 -277
-89 -342
-309 -329
-274 -171
-292 -57
-81 -171
-292 -236
-39 -236
-287 -334
-310 -98
-111 -144
-274 -342
-305 -248
-220 -82
-189 -342
-195 -329
-189 -57
-237 -82
-204 -96
-138 -57
-111 -57
-274 -248
-195 -319
-111 -96
-203 -57
-326 -57
-17 -298
-306 -248
-100 -236
-73 -82
-73 -329
-262 -57
-17 -72
-215 -57
-222 -342
-45 -342
-39 -82
-34 -171
-195 -248
-39 -342
-100 -82
-309 -98
-213 -248
-303 -298
-204 -236
-292 -248
-152 -98
-26 -329
-166 -82
-304 -57
-303 -329
-75 -171
-239 -72
-270 -57
-323 -298
-195 -82
-189 -96
-262 -342
-326 -82
-115 -236
-292 -329
-43 -82
-81 -319
-316 -236
-304 -175
-83 -248
-254 -72
-200 -319
-189 -244
-124 -171
-254 -144
-309 -342
-303 -57
-220 -342
-292 -298
-200 -175
-310 -57
-316 -298
-333 -334
-307 -236
-307 -298
-81 -329
-203 -171
-137 -57
-220 -57
-226 -342
-302 -57
-195 -171
-17 -334
-81 -57
-202 -175
-111 -277
-310 -236
-304 -329
-222 -334
-287 -57
-204 -319
-306 -57
-292 -82
-237 -342
-81 -82
-254 -82
-83 -334
-262 -298
-198 -342
-310 -342
-137 -244
-151 -57
-104 -342
-222 -82
-340 -175
-39 -329
-202 -329
-202 -319
-301 -298
-326 -98
-316 -319
-323 -98
-309 -236
-143 -342
-221 -298
-303 -98
-304 -298
-213 -334
-100 -98
-309 -248
-17 -171
-333 -342
-212 -57
-200 -244
-83 -342
-26 -236
-42 -298
-189 -98
-75 -236
-166 -236
-340 -144
-326 -334
-42 -342
-212 -171
-43 -329
-81 -98
-100 -171
-270 -248
-204 -298
-222 -96
-189 -171
-213 -244
-200 -57
-43 -248
-307 -82
-237 -98
-254 -175
-316 -57
-203 -98
-222 -298
-270 -329
-17 -248
-287 -98
-151 -334
-316 -248
-302 -144
-42 -144
-42 -72
-21 -72
-21 -96
-34 -96
-34 -144
-21 -144
-21 -175
-115 -175
-115 -96
-127 -96
-127 -144
-138 -144
-138 -96
-166 -96
-166 -144
-198 -144
-198 -175
-127 -175
-127 -244
-75 -244
-75 -277
-45 -277
-45 -244
-42 -244
-42 -277
-34 -277
-34 -244
-21 -244
-21 -334
-34 -334
-34 -319
-42 -319
-42 -334
-45 -334
-45 -319
-75 -319
-75 -334
-82 -334
-82 -277
-104 -277
-104 -319
-89 -319
-89 -334
-115 -334
-115 -277
-127 -277
-127 -334
-138 -334
-138 -319
-151 -319
-151 -277
-138 -277
-138 -244
-166 -244
-166 -334
-193 -334
-193 -244
-198 -244
-198 -334
-201 -334
-201 -277
-203 -277
-203 -334
-212 -334
-212 -319
-215 -319
-215 -334
-221 -334
-221 -319
-226 -319
-226 -334
-239 -334
-239 -319
-262 -319
-262 -334
-274 -334
-274 -319
-291 -319
-291 -334
-301 -334
-301 -319
-305 -319
-305 -334
-307 -334
-307 -319
-310 -319
-310 -334
-323 -334
-323 -319
-333 -319
-333 -277
-310 -277
-310 -244
-333 -244
-333 -144
-323 -144
-323 -175
-310 -175
-310 -144
-307 -144
-307 -175
-305 -175
-305 -244
-307 -244
-307 -277
-303 -277
-303 -244
-301 -244
-301 -277
-221 -277
-221 -244
-291 -244
-291 -175
-262 -175
-262 -144
-274 -144
-274 -96
-291 -96
-291 -144
-301 -144
-301 -175
-303 -175
-303 -144
-305 -144
-305 -96
-333 -96
-333 -72
-303 -72
-303 -96
-301 -96
-301 -72
-262 -72
-262 -96
-239 -96
-239 -175
-226 -175
-226 -72
-221 -72
-221 -175
-215 -175
-215 -277
-212 -277
-212 -175
-203 -175
-203 -244
-201 -244
-201 -144
-215 -144
-215 -96
-212 -96
-212 -72
-203 -72
-203 -96
-201 -96
-201 -72
-198 -72
-198 -96
-193 -96
-193 -72
-45 -72
-45 -96
-104 -96
-104 -144
