785 206
-211 -276
-114 -200
-120 -42
-303 -275
-106 -276
-259 -297
-209 -163
-333 -370
-325 -188
-68 -297
-191 -124
-211 -275
-123 -370
-31 -273
-191 -163
-278 -129
-325 -48
-124 -200
-376 -124
-377 -297
-134 -52
-376 -52
-266 -48
-197 -129
-306 -271
-68 -48
-297 -188
-159 -53
-264 -163
-248 -271
-134 -48
-55 -53
-264 -129
-264 -370
-31 -163
-52 -217
-229 -163
-379 -163
-297 -53
-185 -297
-376 -275
-144 -53
-205 -129
-207 -275
-198 -370
-185 -53
-108 -200
-205 -352
-344 -53
-52 -283
-232 -200
-229 -42
-333 -23
-123 -200
-31 -48
-376 -129
-31 -370
-297 -283
-98 -200
-109 -129
-303 -217
-98 -23
-72 -129
-278 -275
-181 -23
-52 -271
-31 -42
-248 -53
-266 -23
-98 -271
-344 -48
-297 -129
-97 -129
-297 -135
-191 -48
-249 -129
-109 -370
-229 -370
-297 -370
-162 -53
-186 -53
-376 -370
-76 -53
-122 -283
-303 -53
-264 -23
-51 -297
-181 -124
-267 -53
-109 -48
-55 -283
-159 -283
-78 -53
-344 -200
-306 -370
-72 -352
-97 -124
-106 -297
-343 -53
-68 -370
-376 -200
-299 -271
-251 -23
-54 -297
-123 -53
-181 -53
-303 -200
-297 -23
-209 -271
-191 -283
-197 -48
-106 -23
-108 -188
-198 -271
-31 -135
-299 -53
-68 -129
-229 -188
-40 -163
-291 -275
-297 -275
-183 -370
-248 -23
-211 -163
-229 -275
-31 -283
-251 -53
-205 -370
-124 -188
-52 -275
-181 -200
-144 -275
-207 -163
-165 -275
-183 -163
-183 -23
-144 -283
-120 -283
-134 -42
-303 -370
-165 -48
-144 -284
-325 -271
-72 -163
-124 -297
-379 -23
-185 -200
-376 -23
-146 -23
-134 -370
-134 -271
-299 -23
-55 -273
-379 -124
-291 -53
-325 -284
-278 -48
-207 -283
-54 -275
-205 -275
-54 -283
-379 -129
-40 -283
-72 -53
-31 -271
-109 -275
-370 -370
-211 -52
-165 -188
-95 -53
-68 -163
-251 -370
-72 -273
-165 -297
-168 -53
-306 -297
-211 -273
-197 -283
-52 -129
-264 -124
-211 -200
-229 -53
-251 -48
-248 -124
-229 -271
-181 -163
-97 -273
-248 -52
-229 -217
-114 -370
-265 -200
-140 -129
-40 -271
-207 -217
-159 -23
-140 -271
-325 -200
-62 -200
-78 -200
-122 -297
-78 -42
-303 -276
-40 -273
-31 -52
-40 -135
-344 -283
-343 -23
-191 -297
-72 -283
-278 -370
-344 -271
-54 -23
-191 -53
-159 -188
-165 -271
-376 -53
-183 -48
-336 -52
-144 -129
-109 -163
-76 -283
-106 -200
-379 -271
-97 -370
-266 -297
-78 -271
-248 -48
-248 -283
-248 -200
-54 -48
-109 -53
-291 -42
-249 -370
-68 -200
-344 -297
-140 -163
-108 -271
-248 -129
-343 -275
-31 -124
-264 -135
-76 -129
-97 -52
-376 -163
-325 -370
-344 -42
-31 -200
-249 -297
-278 -163
-376 -271
-191 -129
-55 -48
-159 -129
-336 -129
-267 -283
-106 -283
-278 -53
-122 -129
-134 -129
-181 -283
-211 -23
-78 -283
-120 -275
-109 -271
-162 -271
-168 -23
-211 -283
-122 -370
-109 -273
-379 -370
-336 -48
-124 -163
-197 -271
-198 -352
-40 -124
-226 -283
-40 -23
-71 -48
-37 -200
-249 -23
-52 -200
-198 -275
-185 -23
-72 -370
-162 -129
-264 -297
-191 -217
-259 -163
-162 -275
-248 -273
-159 -275
-183 -271
-185 -135
-205 -297
-264 -283
-183 -273
-40 -53
-297 -48
-162 -23
-40 -275
-71 -200
-162 -352
-299 -297
-266 -370
-207 -42
-55 -271
-159 -48
-251 -271
-379 -135
-98 -283
-183 -275
-78 -129
-379 -273
-229 -23
-248 -297
-72 -23
-185 -271
-185 -283
-211 -370
-291 -297
-62 -23
-159 -352
-123 -283
-71 -275
-232 -53
-211 -48
-183 -53
-120 -52
-71 -23
-291 -200
-185 -273
-185 -129
-207 -23
-186 -23
-55 -124
-186 -48
-123 -48
-191 -284
-306 -275
-122 -275
-68 -135
-31 -23
-198 -283
-52 -124
-120 -297
-31 -188
-266 -163
-97 -163
-134 -297
-278 -124
-325 -23
-134 -283
-55 -129
-251 -275
-78 -163
-251 -283
-259 -271
-181 -129
-266 -129
-122 -200
-31 -284
-297 -297
-181 -275
-52 -23
-55 -370
-134 -23
-265 -129
-248 -276
-144 -48
-159 -163
-185 -352
-267 -297
-336 -370
-51 -200
-376 -297
-62 -48
-146 -370
-251 -217
-114 -129
-52 -163
-265 -23
-209 -283
-259 -370
-52 -53
-344 -129
-168 -283
-68 -124
-197 -163
-249 -200
-134 -276
-51 -48
-52 -188
-124 -370
-31 -129
-72 -200
-124 -271
-55 -163
-267 -370
-191 -200
-68 -188
-336 -283
-159 -52
-379 -297
-377 -352
-144 -200
-68 -284
-181 -297
-343 -200
-278 -283
-55 -52
-266 -271
-134 -53
-165 -163
-336 -276
-207 -352
-109 -297
-306 -23
-123 -271
-299 -370
-229 -135
-205 -23
-370 -23
-251 -273
-209 -23
-266 -188
-97 -200
-197 -23
-165 -129
-146 -163
-251 -163
-379 -283
-265 -275
-108 -283
-114 -23
-186 -370
-291 -23
-376 -273
-278 -271
-232 -283
-123 -297
-303 -129
-207 -129
-267 -163
-76 -271
-106 -129
-40 -52
-251 -276
-336 -275
-98 -53
-259 -48
-325 -283
-343 -370
-343 -163
-379 -48
-98 -297
-97 -53
-325 -135
-165 -352
-123 -188
-144 -297
-376 -217
-185 -370
-181 -370
-191 -370
-297 -273
-267 -271
-165 -283
-106 -163
-297 -200
-379 -217
-303 -297
-376 -276
-51 -283
-134 -200
-181 -217
-207 -48
-140 -23
-108 -370
-162 -370
-306 -163
-165 -53
-198 -297
-68 -53
-229 -352
-37 -283
-209 -53
-120 -129
-333 -48
-120 -53
-379 -275
-325 -297
-207 -297
-248 -370
-134 -163
-198 -129
-106 -275
-68 -283
-226 -23
-259 -283
-205 -200
-265 -297
-207 -370
-109 -188
-120 -23
-55 -275
-68 -275
-37 -23
-278 -297
-278 -200
-123 -163
-159 -200
-106 -53
-226 -200
-120 -271
-379 -42
-108 -23
-78 -275
-198 -200
-31 -276
-114 -283
-229 -283
-106 -42
-78 -370
-259 -53
-248 -163
-181 -48
-31 -297
-211 -124
-264 -53
-55 -23
-95 -283
-108 -163
-97 -135
-207 -200
-109 -52
-211 -271
-72 -284
-31 -217
-68 -23
-248 -275
-144 -271
-95 -297
-97 -275
-259 -23
-109 -124
-51 -370
-120 -200
-266 -283
-37 -370
-72 -275
-303 -163
-159 -370
-68 -271
-226 -163
-51 -275
-159 -42
-146 -271
-325 -53
-55 -135
-52 -370
-124 -129
-344 -23
-191 -271
-114 -297
-278 -23
-265 -283
-186 -283
-109 -23
-264 -275
-165 -200
-377 -23
-68 -276
-265 -271
-266 -275
-306 -48
-76 -370
-211 -129
-251 -200
-370 -271
-146 -283
-109 -200
-108 -53
-207 -271
-185 -163
-226 -370
-95 -163
-159 -297
-124 -283
-266 -53
-344 -284
-140 -370
-159 -271
-207 -53
-123 -275
-207 -135
-140 -297
-120 -135
-68 -217
-226 -188
-379 -53
-181 -284
-106 -370
-120 -217
-251 -297
-198 -52
-303 -271
-165 -135
-278 -217
-325 -124
-336 -200
-72 -48
-278 -42
-297 -42
-377 -370
-40 -370
-168 -48
-72 -297
-376 -48
-251 -129
-303 -48
-264 -271
-211 -188
-344 -370
-229 -129
-78 -23
-205 -283
-55 -200
-297 -271
-229 -297
-376 -188
-52 -297
-106 -271
-336 -53
-120 -163
-134 -275
-31 -275
-52 -48
-336 -271
-76 -23
-264 -48
-72 -271
-146 -275
-62 -275
-291 -283
-54 -200
-376 -352
-232 -370
-55 -297
-229 -273
-379 -52
-211 -284
-299 -283
-97 -297
-229 -200
-333 -297
-97 -283
-303 -124
-51 -23
-278 -135
-370 -163
-123 -124
-325 -129
-333 -200
-162 -283
-267 -23
-140 -275
-336 -297
-232 -23
-108 -297
-123 -129
-299 -163
-123 -52
-40 -297
-265 -48
-106 -135
-379 -200
-168 -370
-185 -48
-181 -273
-120 -48
-62 -297
-370 -53
-144 -370
-336 -163
-198 -273
-76 -200
-144 -217
-95 -271
-122 -23
-266 -52
-291 -370
-98 -370
-106 -188
-95 -200
-198 -188
-71 -370
-303 -23
-379 -276
-31 -53
-325 -163
-78 -297
-211 -297
-40 -129
-379 -188
-114 -275
-229 -48
-248 -135
-40 -200
-165 -370
-303 -52
-120 -370
-62 -370
-162 -297
-344 -275
-76 -163
-123 -273
-95 -23
-191 -23
-376 -283
-97 -23
-40 -48
-144 -124
-209 -370
-370 -283
-106 -48
-191 -276
-134 -188
-186 -163
-52 -135
-97 -48
-251 -188
-249 -48
-186 -271
-168 -275
-95 -370
-343 -129
-297 -163
-264 -200
-248 -284
-333 -271
-185 -188
-291 -48
-226 -53
-198 -53
-144 -163
-376 -135
-78 -48
-336 -23
-379 -284
-144 -23
-165 -23
-191 -275
-205 -53
-165 -217
-325 -275
-198 -23
-198 -48
-97 -271
-181 -271
-185 -275
-303 -283
-168 -163
-109 -283
-267 -275
-183 -283
-198 -163
-71 -129
-379 -352
-124 -23
-265 -370
-146 -129
-211 -53
-31 -352
-54 -370
-333 -129
-197 -370
-78 -276
-333 -275
-123 -23
-343 -271
-144 -52
-72 -52
-266 -200
-344 -163
-343 -297
-108 -52
-98 -52
-98 -42
-95 -42
-95 -52
-76 -52
-76 -42
-37 -42
-37 -188
-51 -188
-51 -52
-54 -52
-54 -188
-62 -188
-62 -52
-71 -52
-71 -124
-95 -124
-95 -135
-71 -135
-71 -188
-98 -188
-98 -124
-108 -124
-108 -135
-114 -135
-114 -188
-122 -188
-122 -135
-162 -135
-162 -217
-146 -217
-146 -188
-140 -188
-140 -217
-122 -217
-122 -273
-114 -273
-114 -217
-71 -217
-71 -273
-62 -273
-62 -217
-54 -217
-54 -273
-51 -273
-51 -217
-37 -217
-37 -276
-62 -276
-62 -284
-37 -284
-37 -352
-71 -352
-71 -276
-76 -276
-76 -273
-95 -273
-95 -276
-98 -276
-98 -273
-108 -273
-108 -276
-124 -276
-124 -273
-168 -273
-168 -188
-183 -188
-183 -217
-186 -217
-186 -188
-197 -188
-197 -217
-205 -217
-205 -273
-209 -273
-209 -276
-197 -276
-197 -273
-186 -273
-186 -276
-140 -276
-140 -284
-76 -284
-76 -352
-146 -352
-146 -284
-168 -284
-168 -352
-183 -352
-183 -284
-186 -284
-186 -352
-197 -352
-197 -284
-209 -284
-209 -352
-226 -352
-226 -284
-232 -284
-232 -352
-370 -352
-370 -284
-377 -284
-377 -42
-370 -42
-370 -52
-343 -52
-343 -42
-299 -42
-299 -52
-267 -52
-267 -42
-232 -42
-232 -52
-226 -52
-226 -42
-209 -42
-209 -52
-205 -52
-205 -42
-162 -42
-162 -52
-197 -52
-197 -124
-209 -124
-209 -135
-226 -135
-226 -124
-232 -124
-232 -188
-249 -188
-249 -135
-259 -135
-259 -124
-249 -124
-249 -52
-265 -52
-265 -124
-267 -124
-267 -135
-265 -135
-265 -188
-259 -188
-259 -217
-267 -217
-267 -188
-291 -188
-291 -124
-299 -124
-299 -135
-306 -135
-306 -52
-333 -52
-333 -124
-370 -124
-370 -135
-333 -135
-333 -188
-370 -188
-370 -217
-306 -217
-306 -188
-299 -188
-299 -217
-291 -217
-291 -273
-259 -273
-259 -276
-299 -276
-299 -273
-370 -273
-370 -276
-343 -276
-343 -284
-333 -284
-333 -276
-306 -276
-306 -284
-249 -284
-249 -217
-232 -217
-232 -276
-226 -276
-226 -217
-209 -217
-209 -188
-205 -188
-205 -135
-186 -135
-186 -124
-183 -124
-183 -135
-168 -135
-168 -124
-146 -124
-146 -42
-140 -42
-140 -124
-124 -124
-124 -42
-122 -42
-122 -124
-114 -124
-114 -42
-108 -42
