2035 562
-256 -194
-296 -304
-195 -60
-296 -51
-97 -154
-53 -221
-269 -280
-129 -154
-97 -212
-181 -67
-107 -240
-25 -62
-268 -238
-15 -340
-163 -307
-218 -97
-337 -133
-303 -154
-328 -216
-25 -327
-225 -309
-185 -141
-271 -191
-337 -223
-70 -216
-141 -212
-328 -316
-196 -174
-286 -212
-97 -67
-196 -116
-84 -82
-84 -62
-205 -194
-72 -67
-42 -327
-185 -253
-84 -229
-110 -297
-15 -249
-299 -82
-256 -295
-337 -180
-185 -116
-15 -40
-243 -194
-341 -303
-70 -323
-97 -292
-163 -223
-133 -174
-271 -133
-70 -264
-196 -216
-15 -121
-271 -253
-337 -216
-296 -174
-134 -156
-215 -39
-306 -336
-328 -133
-174 -223
-328 -128
-196 -229
-330 -156
-91 -45
-328 -119
-288 -253
-337 -215
-133 -82
-310 -253
-195 -52
-196 -323
-181 -119
-289 -26
-288 -52
-256 -323
-141 -191
-195 -309
-141 -141
-84 -125
-268 -327
-29 -212
-328 -229
-243 -119
-84 -128
-141 -340
-133 -212
-162 -174
-185 -39
-288 -216
-40 -133
-341 -73
-129 -198
-163 -316
-72 -216
-310 -82
-19 -253
-134 -141
-299 -174
-134 -26
-225 -307
-40 -309
-286 -340
-295 -340
-25 -280
-15 -238
-269 -297
-199 -194
-134 -295
-196 -67
-91 -327
-296 -223
-133 -240
-289 -297
-269 -26
-129 -119
-243 -125
-215 -45
-340 -26
-97 -304
-84 -327
-40 -224
-310 -194
-295 -280
-287 -174
-243 -309
-53 -62
-341 -141
-185 -73
-286 -292
-91 -133
-256 -133
-174 -191
-174 -97
-327 -194
-162 -125
-218 -128
-303 -340
-258 -253
-19 -194
-196 -133
-174 -40
-133 -73
-328 -194
-98 -264
-268 -240
-243 -264
-296 -221
-230 -174
-126 -304
-118 -180
-303 -304
-215 -327
-341 -307
-129 -67
-141 -323
-42 -212
-140 -194
-295 -141
-185 -216
-107 -156
-181 -60
-225 -154
-218 -116
-199 -125
-271 -119
-171 -280
-293 -40
-163 -323
-293 -340
-107 -39
-341 -121
-204 -73
-15 -128
-328 -297
-327 -297
-268 -280
-29 -144
-19 -212
-40 -229
-84 -283
-129 -280
-42 -194
-15 -216
-268 -323
-15 -295
-296 -97
-162 -144
-293 -156
-195 -191
-84 -297
-271 -117
-196 -340
-287 -26
-15 -52
-296 -128
-163 -144
-134 -240
-42 -309
-42 -144
-328 -191
-225 -336
-341 -249
-286 -156
-337 -174
-287 -45
-256 -280
-328 -304
-97 -156
-256 -60
-185 -340
-84 -39
-72 -45
-72 -156
-185 -45
-185 -309
-269 -304
-341 -35
-72 -116
-70 -141
-174 -174
-25 -163
-181 -323
-286 -125
-141 -238
-141 -224
-195 -297
-162 -229
-196 -304
-271 -224
-288 -240
-25 -144
-42 -280
-70 -133
-53 -280
-271 -121
-287 -253
-286 -304
-195 -125
-256 -141
-310 -212
-185 -215
-299 -141
-337 -60
-107 -144
-341 -40
-341 -39
-134 -283
-134 -325
-243 -224
-53 -125
-288 -323
-204 -240
-328 -60
-107 -229
-171 -292
-91 -304
-225 -174
-286 -26
-84 -212
-84 -133
-341 -154
-225 -304
-25 -323
-29 -60
-118 -240
-97 -295
-286 -141
-196 -280
-293 -119
-98 -52
-288 -297
-286 -40
-271 -323
-110 -133
-256 -156
-15 -45
-295 -229
-249 -323
-289 -216
-218 -323
-77 -309
-306 -26
-15 -125
-341 -292
-293 -304
-287 -229
-268 -292
-107 -192
-118 -325
-181 -116
-163 -67
-341 -223
-225 -253
-204 -174
-53 -264
-303 -221
-97 -240
-288 -39
-288 -215
-53 -116
-129 -116
-296 -116
-272 -280
-286 -327
-328 -174
-256 -143
-134 -45
-174 -52
-134 -39
-133 -253
-215 -163
-91 -119
-25 -304
-271 -198
-72 -249
-40 -240
-269 -240
-296 -325
-288 -307
-84 -141
-141 -97
-185 -212
-185 -119
-185 -133
-97 -215
-299 -26
-215 -323
-15 -117
-296 -144
-19 -264
-243 -156
-287 -223
-268 -52
-328 -140
-196 -73
-288 -340
-72 -174
-174 -60
-185 -327
-129 -192
-196 -325
-196 -295
-288 -174
-118 -52
-215 -224
-268 -216
-98 -26
-271 -216
-134 -194
-84 -174
-110 -304
-196 -156
-163 -229
-288 -325
-341 -327
-204 -39
-286 -323
-141 -26
-271 -292
-328 -51
-330 -116
-256 -58
-126 -336
-249 -229
-118 -82
-328 -280
-129 -340
-271 -223
-118 -119
-107 -191
-310 -180
-196 -35
-42 -67
-195 -253
-15 -304
-296 -52
-337 -323
-129 -323
-215 -140
-243 -67
-195 -116
-268 -125
-195 -35
-303 -119
-215 -316
-249 -82
-269 -35
-243 -340
-15 -240
-129 -229
-295 -52
-25 -191
-72 -340
-225 -133
-98 -174
-303 -336
-289 -292
-40 -325
-107 -26
-141 -117
-70 -156
-97 -280
-303 -39
-337 -26
-256 -240
-310 -141
-53 -58
-204 -116
-303 -295
-271 -51
-225 -327
-330 -253
-303 -212
-185 -303
-91 -216
-215 -295
-15 -336
-118 -191
-328 -212
-134 -316
-162 -133
-174 -133
-215 -216
-97 -58
-53 -316
-98 -340
-199 -340
-293 -223
-269 -216
-327 -280
-134 -280
-296 -82
-272 -60
-268 -191
-289 -253
-84 -58
-25 -240
-296 -62
-293 -133
-306 -156
-296 -280
-53 -253
-140 -304
-205 -309
-134 -119
-293 -174
-204 -323
-196 -119
-40 -125
-15 -297
-328 -340
-243 -240
-303 -82
-84 -249
-84 -264
-84 -194
-163 -303
-181 -141
-72 -240
-140 -26
-296 -292
-337 -238
-129 -215
-196 -297
-327 -216
-162 -216
-174 -323
-330 -67
-84 -223
-310 -340
-306 -240
-306 -39
-341 -97
-134 -133
-97 -238
-215 -82
-225 -223
-249 -340
-303 -229
-134 -216
-293 -307
-243 -45
-25 -174
-199 -144
-303 -194
-328 -292
-129 -304
-215 -249
-15 -253
-171 -45
-271 -180
-196 -194
-134 -327
-337 -229
-77 -45
-133 -323
-72 -194
-296 -60
-25 -119
-163 -215
-129 -223
-256 -221
-243 -216
-337 -45
-84 -253
-129 -60
-256 -216
-25 -125
-286 -144
-215 -303
-243 -212
-134 -223
-328 -141
-303 -240
-293 -82
-97 -192
-225 -194
-296 -73
-185 -143
-97 -97
-70 -26
-42 -133
-84 -60
-163 -174
-341 -51
-341 -119
-303 -327
-204 -144
-77 -133
-118 -121
-225 -128
-218 -240
-140 -125
-268 -180
-134 -297
-53 -45
-230 -119
-163 -216
-141 -119
-288 -119
-25 -212
-141 -249
-118 -253
-141 -223
-40 -304
-118 -304
-25 -52
-296 -327
-162 -60
-268 -128
-327 -67
-337 -58
-268 -121
-205 -212
-195 -156
-288 -316
-98 -280
-91 -309
-256 -116
-225 -40
-243 -238
-243 -253
-296 -58
-196 -52
-163 -39
-295 -292
-310 -144
-215 -297
-225 -215
-269 -253
-70 -327
-141 -280
-163 -212
-286 -280
-256 -97
-215 -144
-15 -215
-243 -52
-29 -340
-341 -192
-272 -229
-205 -52
-163 -325
-72 -223
-84 -121
-163 -253
-171 -125
-258 -133
-271 -35
-15 -224
-215 -62
-134 -143
-72 -323
-53 -133
-141 -82
-15 -73
-271 -336
-53 -340
-141 -174
-204 -133
-171 -323
-72 -264
-181 -223
-341 -325
-53 -174
-15 -60
-15 -316
-293 -192
-225 -144
-141 -297
-84 -116
-162 -52
-53 -191
-84 -73
-25 -309
-29 -156
-296 -125
-218 -280
-141 -125
-204 -297
-288 -67
-230 -304
-337 -327
-272 -340
-289 -133
-19 -229
-328 -117
-271 -304
-171 -340
-310 -51
-171 -119
-196 -224
-328 -39
-199 -253
-337 -119
-118 -163
-171 -26
-287 -280
-97 -73
-293 -163
-171 -229
-268 -309
-337 -264
-134 -82
-196 -26
-77 -224
-215 -67
-310 -307
-70 -316
-25 -253
-337 -297
-296 -67
-84 -119
-196 -82
-107 -116
-215 -133
-134 -238
-25 -141
-328 -82
-126 -125
-84 -52
-133 -292
-306 -327
-256 -52
-243 -304
-337 -240
-215 -340
-341 -212
-19 -35
-15 -67
-268 -192
-25 -194
-25 -229
-133 -39
-84 -216
-97 -116
-268 -144
-337 -97
-341 -62
-341 -316
-272 -240
-107 -297
-171 -191
-271 -144
-286 -240
-272 -253
-163 -327
-218 -191
-163 -304
-299 -144
-171 -144
-268 -133
-272 -26
-72 -97
-118 -116
-107 -280
-72 -62
-288 -26
-171 -60
-249 -292
-289 -340
-225 -180
-230 -60
-15 -35
-306 -52
-40 -327
-269 -141
-288 -304
-126 -26
-328 -253
-129 -194
-288 -62
-141 -229
-19 -26
-310 -174
-134 -154
-272 -156
-91 -297
-107 -119
-53 -35
-268 -143
-337 -194
-230 -26
-204 -140
-293 -180
-230 -216
-341 -144
-199 -26
-310 -240
-196 -303
-204 -340
-204 -295
-97 -133
-310 -283
-243 -26
-286 -128
-268 -253
-286 -215
-256 -340
-328 -144
-141 -194
-70 -212
-118 -194
-341 -180
-40 -192
-243 -323
-15 -144
-163 -249
-341 -117
-243 -121
-140 -39
-107 -304
-70 -280
-171 -133
-293 -67
-256 -117
-296 -216
-293 -52
-256 -51
-256 -223
-327 -39
-107 -67
-72 -327
-163 -116
-84 -67
-15 -174
-91 -194
-196 -121
-286 -39
-140 -238
-218 -340
-243 -297
-129 -58
-205 -119
-204 -156
-328 -323
-129 -51
-72 -40
-141 -39
-256 -309
-141 -60
-218 -60
-141 -216
-271 -192
-185 -297
-181 -292
-330 -141
-133 -67
-19 -39
-341 -26
-272 -304
-126 -141
-15 -264
-72 -297
-328 -58
-141 -143
-289 -125
-163 -198
-25 -223
-72 -39
-268 -224
-299 -280
-243 -144
-97 -163
-271 -125
-303 -116
-196 -97
-225 -224
-77 -212
-118 -229
-185 -60
-118 -45
-40 -212
-341 -191
-97 -117
-310 -133
-133 -52
-225 -323
-163 -117
-141 -156
-296 -212
-303 -174
-271 -340
-70 -82
-126 -240
-205 -340
-243 -191
-306 -280
-129 -45
-337 -280
-286 -174
-29 -223
-163 -73
-272 -67
-215 -253
-40 -292
-174 -141
-110 -240
-295 -297
-340 -323
-174 -292
-258 -67
-258 -143
-129 -82
-327 -240
-91 -240
-328 -307
-77 -144
-215 -58
-256 -62
-293 -60
-185 -249
-225 -191
-204 -304
-337 -163
-72 -141
-70 -309
-225 -192
-303 -117
-299 -253
-162 -67
-174 -212
-133 -125
-205 -45
-204 -325
-40 -156
-19 -52
-215 -60
-340 -340
-256 -163
-258 -323
-97 -26
-40 -215
-118 -67
-204 -26
-97 -141
-225 -240
-97 -45
-53 -304
-243 -82
-205 -82
-310 -191
-133 -141
-341 -336
-327 -229
-204 -253
-29 -191
-72 -26
-97 -51
-97 -229
-296 -40
-328 -303
-268 -198
-15 -141
-15 -283
-288 -133
-310 -327
-129 -253
-72 -292
-243 -223
-118 -336
-271 -280
-218 -26
-174 -253
-243 -280
-97 -316
-256 -253
-77 -340
-327 -174
-272 -45
-215 -52
-286 -62
-141 -67
-134 -73
-118 -26
-19 -141
-303 -323
-163 -125
-327 -133
-15 -223
-107 -221
-97 -180
-337 -144
-215 -309
-196 -191
-40 -323
-225 -221
-77 -292
-243 -117
-129 -327
-129 -174
-293 -297
-15 -192
-205 -304
-181 -340
-204 -40
-129 -216
-196 -144
-243 -140
-29 -119
-129 -240
-341 -280
-134 -264
-204 -141
-271 -52
-72 -144
-72 -117
-205 -26
-118 -144
-42 -116
-126 -309
-288 -280
-341 -58
-181 -174
-163 -336
-340 -45
-303 -253
-97 -216
-29 -45
-272 -174
-163 -280
-126 -340
-15 -116
-204 -280
-288 -60
-174 -154
-199 -212
-288 -97
-268 -97
-215 -194
-204 -194
-243 -133
-215 -292
-97 -52
-97 -223
-129 -224
-310 -62
-196 -62
-341 -304
-72 -125
-19 -340
-107 -307
-272 -116
-289 -280
-287 -240
-258 -280
-84 -224
-215 -325
-53 -39
-97 -323
-268 -67
-196 -141
-341 -163
-196 -60
-107 -223
-258 -297
-98 -141
-72 -133
-271 -327
-225 -212
-256 -45
-306 -82
-19 -174
-337 -125
-256 -82
-118 -35
-195 -223
-337 -156
-271 -39
-204 -221
-303 -292
-107 -309
-204 -119
-328 -26
-15 -212
-295 -156
-29 -141
-310 -198
-288 -292
-269 -309
-341 -128
-77 -52
-53 -180
-196 -240
-107 -216
-341 -295
-215 -240
-185 -292
-107 -82
-287 -133
-328 -156
-25 -297
-174 -119
-340 -144
-310 -292
-341 -323
-215 -280
-204 -125
-218 -125
-107 -323
-42 -26
-141 -116
-29 -133
-196 -140
-330 -45
-29 -292
-225 -97
-40 -144
-225 -141
-225 -119
-25 -82
-107 -340
-310 -119
-337 -283
-303 -216
-271 -221
-271 -215
-107 -140
-225 -292
-129 -191
-162 -280
-293 -116
-286 -303
-196 -45
-185 -26
-249 -133
-53 -82
-174 -116
-225 -116
-215 -128
-230 -67
-341 -240
-293 -229
-293 -39
-218 -45
-72 -303
-293 -216
-293 -121
-303 -191
-97 -125
-268 -116
-268 -117
-271 -212
-25 -67
-185 -174
-225 -295
-129 -212
-141 -336
-174 -192
-181 -45
-141 -327
-195 -133
-341 -238
-133 -223
-288 -117
-72 -73
-25 -303
-134 -221
-185 -223
-341 -52
-337 -224
-84 -323
-268 -163
-215 -238
-269 -52
-40 -340
-25 -133
-91 -144
-42 -45
-141 -144
-134 -323
-287 -292
-15 -58
-196 -253
-296 -309
-107 -125
-218 -304
-162 -297
-185 -191
-303 -144
-287 -119
-341 -82
-286 -67
-77 -297
-185 -304
-293 -144
-256 -327
-107 -45
-163 -52
-118 -156
-25 -221
-195 -327
-84 -340
-199 -45
-19 -309
-185 -280
-215 -35
-15 -292
-171 -174
-72 -52
-118 -221
-196 -238
-330 -125
-204 -336
-289 -52
-303 -156
-256 -67
-91 -26
-129 -156
-25 -264
-126 -216
-303 -297
-140 -340
-163 -309
-163 -35
-40 -191
-341 -194
-15 -194
-299 -191
-330 -39
-72 -191
-271 -309
-140 -292
-25 -216
-256 -292
-77 -216
-40 -307
-330 -212
-258 -26
-77 -119
-310 -40
-72 -238
-337 -198
-126 -60
-287 -156
-185 -240
-268 -316
-53 -323
-341 -340
-271 -297
-53 -26
-25 -26
-15 -62
-42 -340
-181 -327
-295 -191
-110 -60
-215 -73
-42 -240
-299 -323
-163 -221
-230 -52
-286 -119
-225 -51
-303 -309
-328 -327
-215 -125
-204 -67
-84 -191
-129 -39
-328 -143
-162 -327
-268 -45
-310 -125
-272 -62
-287 -144
-15 -140
-327 -26
-225 -340
-134 -229
-230 -292
-288 -73
-53 -216
-118 -174
-174 -144
-84 -309
-107 -121
-84 -304
-107 -60
-174 -297
-181 -240
-98 -304
-303 -163
-296 -39
-243 -229
-303 -45
-118 -133
-70 -229
-110 -212
-225 -198
-225 -163
-258 -52
-53 -292
-110 -223
-289 -60
-327 -340
-218 -212
-118 -39
-141 -304
-118 -125
-249 -304
-337 -253
-293 -26
-249 -26
-40 -26
-287 -52
-295 -309
-249 -216
-289 -223
-42 -156
-271 -45
-296 -192
-129 -117
-337 -212
-289 -323
-53 -119
-70 -191
-25 -292
-215 -191
-272 -133
-288 -116
-204 -264
-310 -280
-271 -141
-303 -67
-118 -73
-271 -295
-337 -67
-243 -128
-25 -198
-134 -163
-328 -52
-107 -327
-196 -212
-293 -292
-195 -303
-70 -125
-118 -309
-293 -125
-295 -125
-15 -26
-341 -253
-327 -283
-15 -82
-341 -140
-296 -119
-196 -125
-215 -229
-288 -144
-256 -307
-204 -154
-174 -309
-310 -97
-129 -125
-328 -221
-107 -238
-299 -304
-268 -82
-15 -307
-72 -309
-162 -26
-296 -194
-271 -82
-126 -194
-341 -264
-140 -216
-25 -39
-163 -292
-141 -292
-174 -82
-204 -224
-268 -223
-97 -60
-271 -229
-310 -229
-40 -73
-243 -154
-296 -340
-97 -82
-256 -297
-107 -141
-174 -125
-40 -249
-53 -212
-163 -45
-204 -180
-258 -229
-196 -192
-199 -116
-256 -304
-204 -163
-15 -221
-268 -60
-268 -39
-215 -223
-341 -116
-162 -45
-205 -240
-185 -323
-337 -191
-286 -221
-118 -223
-72 -212
-141 -52
-40 -58
-286 -198
-97 -174
-341 -60
-126 -327
-310 -52
-243 -116
-110 -292
-288 -223
-72 -253
-310 -156
-15 -325
-243 -141
-141 -133
-296 -140
-303 -223
-225 -125
-181 -304
-299 -119
-204 -223
-134 -125
-249 -191
-296 -45
-296 -297
-310 -325
-25 -116
-243 -327
-134 -51
-129 -144
-199 -309
-110 -144
-268 -119
-303 -133
-328 -154
-286 -192
-286 -116
-107 -194
-286 -73
-174 -45
-215 -174
-118 -216
-171 -52
-286 -229
-174 -26
-195 -304
-303 -198
-181 -133
-40 -97
-310 -116
-295 -240
-174 -240
-310 -39
-97 -40
-140 -133
-271 -325
-328 -309
-289 -191
-15 -163
-140 -212
-303 -303
-306 -297
-310 -117
-126 -280
-163 -26
-77 -194
-272 -292
-72 -60
-98 -39
-72 -316
-181 -26
-286 -133
-249 -144
-162 -292
-327 -292
-272 -144
-204 -82
-230 -82
-15 -229
-249 -280
-340 -133
-310 -60
-134 -174
-218 -82
-134 -307
-286 -140
-310 -215
-225 -45
-19 -280
-140 -229
-195 -144
-126 -133
-40 -141
-118 -141
-258 -216
-185 -82
-268 -340
-118 -40
-293 -191
-196 -283
-243 -35
-268 -141
-84 -45
-196 -117
-84 -26
-97 -253
-199 -60
-53 -156
-310 -121
-70 -340
-118 -212
-272 -323
-91 -174
-15 -156
-299 -45
-256 -39
-141 -253
-295 -216
-25 -316
-163 -194
-271 -240
-134 -116
-126 -253
-195 -39
-53 -52
-288 -156
-40 -119
-230 -240
-42 -292
-286 -216
-340 -119
-293 -327
-341 -67
-171 -240
-337 -304
-134 -60
-204 -216
-337 -39
-53 -141
-243 -174
-337 -292
-337 -52
-107 -154
-271 -67
-268 -26
-195 -174
-286 -45
-310 -143
-40 -303
-286 -143
-25 -295
-163 -156
-225 -216
-205 -280
-293 -336
-185 -238
-204 -212
-204 -52
-330 -327
-70 -253
-129 -73
-40 -238
-53 -295
-19 -163
-337 -192
-215 -117
-256 -249
-72 -280
-287 -309
-303 -52
-286 -309
-133 -26
-40 -52
-341 -174
-53 -327
-97 -198
-296 -35
-118 -340
-84 -280
-328 -125
-225 -82
-199 -52
-271 -62
-271 -116
-196 -292
-163 -133
-256 -26
-199 -240
-215 -221
-107 -325
-296 -323
-129 -97
-205 -67
-295 -192
-97 -340
-303 -121
-225 -143
-110 -280
-107 -292
-299 -212
-97 -194
-42 -223
-107 -133
-271 -174
-286 -223
-341 -133
-40 -60
-15 -39
-225 -156
-268 -174
-289 -141
-40 -223
-84 -140
-195 -26
-341 -45
-19 -316
-341 -283
-293 -212
-40 -180
-196 -223
-40 -216
-293 -143
-288 -45
-107 -52
-341 -156
-97 -309
-286 -52
-337 -82
-204 -292
-181 -125
-140 -116
-185 -52
-328 -240
-126 -174
-293 -323
-25 -156
-98 -327
-140 -191
-110 -340
-141 -45
-77 -174
-196 -39
-287 -340
-288 -327
-293 -45
-268 -73
-70 -292
-258 -141
-19 -82
-107 -128
-293 -194
-287 -297
-163 -82
-299 -60
-269 -156
-174 -295
-268 -40
-310 -224
-337 -62
-296 -156
-196 -221
-107 -316
-328 -45
-163 -60
-163 -297
-256 -119
-171 -212
-258 -144
-268 -154
-29 -240
-40 -174
-328 -116
-256 -198
-70 -45
-293 -280
-286 -121
-185 -125
-225 -229
-181 -309
-268 -304
-181 -212
-288 -229
-256 -229
-303 -60
-286 -253
-303 -280
-204 -229
-118 -297
-77 -26
-110 -174
-129 -309
-225 -280
-141 -309
-341 -221
-269 -340
-225 -283
-162 -194
-126 -292
-218 -133
-174 -280
-204 -60
-174 -229
-162 -191
-341 -224
-310 -223
-163 -163
-15 -154
-134 -292
-341 -198
-341 -125
-306 -253
-40 -45
-271 -156
-243 -192
-134 -144
-29 -125
-272 -309
-286 -82
-205 -191
-97 -224
-107 -253
-256 -144
-163 -119
-40 -116
-310 -26
-126 -297
-268 -229
-97 -221
-129 -52
-296 -141
-306 -216
-310 -309
-134 -212
-140 -174
-288 -35
-243 -39
-243 -303
-84 -292
-268 -325
-225 -297
-243 -40
-269 -133
-310 -304
-310 -216
-296 -224
-204 -309
-341 -215
-133 -45
-133 -51
-15 -180
-299 -240
-215 -212
-328 -283
-133 -304
-230 -323
-258 -340
-118 -292
-15 -198
-185 -198
-134 -304
-84 -143
-97 -264
-185 -144
-299 -292
-199 -304
-296 -229
-310 -45
-181 -52
-133 -191
-91 -340
-140 -240
-328 -67
-287 -327
-337 -221
-286 -58
-256 -121
-134 -303
-303 -307
-107 -212
-196 -309
-268 -35
-204 -143
-204 -191
-72 -119
-84 -97
-174 -67
-107 -174
-286 -97
-268 -283
-306 -340
-195 -340
-126 -229
-295 -26
-310 -323
-268 -194
-118 -327
-337 -249
-195 -212
-97 -119
-15 -323
-174 -194
-269 -82
-97 -283
-310 -316
-185 -283
-243 -292
-15 -309
-310 -192
-303 -128
-185 -229
-174 -156
-256 -336
-225 -67
-293 -303
-53 -163
-288 -141
-306 -133
-171 -67
-225 -26
-171 -304
-268 -297
-15 -191
-129 -141
-53 -309
-134 -340
-98 -212
-268 -156
-293 -309
-53 -223
-77 -156
-243 -316
-84 -144
-129 -26
-310 -297
-98 -253
-174 -264
-77 -191
-205 -73
-296 -26
-296 -191
-243 -325
-271 -26
-77 -229
-141 -264
-328 -121
-196 -327
-107 -249
-249 -52
-15 -303
-174 -304
-185 -35
-42 -119
-19 -125
-306 -67
-118 -280
-29 -26
-174 -216
-256 -215
-29 -280
-174 -327
-293 -141
-204 -283
-25 -45
-288 -194
-97 -297
-195 -45
-97 -62
-98 -82
-97 -191
-215 -156
-330 -191
-286 -194
-129 -62
-53 -229
-215 -143
-97 -39
-77 -327
-256 -125
-110 -45
-15 -280
-110 -52
-288 -191
-40 -253
-97 -327
-243 -60
-185 -67
-110 -82
-40 -280
-337 -116
-243 -249
-215 -121
-330 -229
-271 -60
-174 -39
-141 -121
-29 -309
-70 -52
-107 -117
-337 -340
-288 -309
-98 -125
-215 -26
-288 -82
-185 -264
-107 -143
-141 -40
-110 -26
-256 -212
-163 -191
-40 -39
-40 -67
-299 -340
-269 -39
-53 -60
-162 -309
-327 -156
-72 -224
-77 -223
-330 -309
-215 -119
-53 -67
-303 -125
-40 -297
-288 -198
-341 -143
-140 -67
-185 -194
-15 -97
-110 -216
-225 -52
-15 -119
-110 -221
-162 -340
-118 -60
-204 -327
-306 -229
-97 -144
-15 -143
-141 -240
-293 -154
-98 -297
-134 -67
-29 -82
-141 -140
-256 -40
-42 -125
-225 -39
-171 -141
-306 -191
-295 -116
-286 -297
-230 -141
-249 -174
-19 -323
-40 -194
-296 -133
-126 -116
-299 -229
-328 -325
-163 -97
-107 -224
-337 -295
-296 -240
-269 -60
-289 -229
-286 -60
-296 -215
-133 -340
-110 -194
-53 -144
-341 -297
-162 -336
-204 -128
-243 -198
-230 -340
-129 -297
-204 -215
-327 -82
-133 -133
-215 -304
-337 -309
-140 -52
-295 -67
-288 -212
-163 -240
-215 -141
-15 -133
-296 -253
-53 -194
-288 -125
-110 -116
-225 -264
-25 -60
-337 -141
-330 -26
-289 -45
-330 -340
-126 -45
-199 -174
-181 -156
-25 -35
-70 -144
-129 -336
-40 -82
-19 -156
-215 -97
-84 -325
-303 -141
-53 -297
-118 -323
-286 -191
-70 -194
-72 -82
-215 -116
-225 -60
-163 -340
-25 -340
-310 -336
-293 -117
-271 -194
-140 -323
-25 -117
-181 -191
-53 -303
-293 -198
-337 -73
-295 -253
-129 -133
-289 -82
-287 -191
-126 -144
-268 -212
-215 -154
-295 -194
-15 -51
-84 -240
-15 -327
-84 -156
-341 -216
-29 -327
-107 -62
-196 -316
-185 -156
-174 -221
-306 -141
-256 -174
-293 -253
-40 -40
-310 -58
-249 -67
-134 -191
-293 -240
-84 -35
-72 -304
-328 -223
-134 -52
-303 -26
-134 -309
-53 -240
-163 -141
-174 -224
-174 -340
-258 -191
-40 -51
-327 -253
-70 -119
-341 -229
-330 -297
-140 -60
-134 -253
-340 -304
-204 -45
-141 -154
-133 -119
-72 -229
-42 -141
-256 -191
-129 -292
-341 -309
-118 -316
-72 -307
-258 -304
-19 -198
-303 -316
-310 -67
-289 -156
-289 -240
-107 -264
-295 -323
-140 -97
-133 -97
-133 -117
-140 -117
-140 -121
-126 -121
-126 -117
-110 -117
-110 -128
-199 -128
-199 -143
-195 -143
-195 -140
-162 -140
-162 -143
-181 -143
-181 -154
-199 -154
-199 -163
-171 -163
-171 -154
-162 -154
-162 -163
-140 -163
-140 -140
-110 -140
-110 -143
-133 -143
-133 -163
-126 -163
-126 -154
-110 -154
-110 -163
-98 -163
-98 -143
-91 -143
-91 -140
-98 -140
-98 -128
-91 -128
-91 -121
-98 -121
-98 -97
-126 -97
-126 -62
-110 -62
-110 -73
-98 -73
-98 -58
-126 -58
-126 -51
-98 -51
-98 -40
-110 -40
-110 -35
-91 -35
-91 -40
-77 -40
-77 -35
-70 -35
-70 -40
-42 -40
-42 -35
-29 -35
-29 -40
-19 -40
-19 -51
-29 -51
-29 -58
-19 -58
-19 -73
-29 -73
-29 -62
-42 -62
-42 -51
-91 -51
-91 -117
-77 -117
-77 -58
-70 -58
-70 -73
-42 -73
-42 -97
-70 -97
-70 -117
-29 -117
-29 -97
-19 -97
-19 -121
-77 -121
-77 -128
-19 -128
-19 -140
-77 -140
-77 -143
-19 -143
-19 -154
-91 -154
-91 -163
-70 -163
-70 -180
-91 -180
-91 -192
-42 -192
-42 -163
-29 -163
-29 -180
-19 -180
-19 -192
-29 -192
-29 -198
-91 -198
-91 -215
-42 -215
-42 -221
-29 -221
-29 -215
-19 -215
-19 -224
-29 -224
-29 -238
-19 -238
-19 -249
-29 -249
-29 -264
-42 -264
-42 -249
-70 -249
-70 -238
-42 -238
-42 -224
-70 -224
-70 -221
-91 -221
-91 -238
-77 -238
-77 -283
-19 -283
-19 -307
-29 -307
-29 -295
-42 -295
-42 -307
-70 -307
-70 -295
-91 -295
-91 -249
-98 -249
-98 -215
-126 -215
-126 -198
-98 -198
-98 -180
-110 -180
-110 -192
-126 -192
-126 -180
-199 -180
-199 -192
-218 -192
-218 -198
-195 -198
-195 -192
-181 -192
-181 -198
-171 -198
-171 -192
-133 -192
-133 -198
-162 -198
-162 -215
-133 -215
-133 -221
-126 -221
-126 -224
-110 -224
-110 -238
-133 -238
-133 -224
-140 -224
-140 -221
-162 -221
-162 -224
-171 -224
-171 -215
-181 -215
-181 -221
-195 -221
-195 -215
-199 -215
-199 -238
-205 -238
-205 -215
-218 -215
-218 -238
-230 -238
-230 -221
-249 -221
-249 -224
-258 -224
-258 -221
-269 -221
-269 -238
-330 -238
-330 -249
-258 -249
-258 -238
-249 -238
-249 -264
-330 -264
-330 -295
-306 -295
-306 -283
-269 -283
-269 -295
-258 -295
-258 -283
-230 -283
-230 -249
-218 -249
-218 -264
-205 -264
-205 -249
-195 -249
-195 -224
-181 -224
-181 -238
-162 -238
-162 -264
-171 -264
-171 -249
-181 -249
-181 -283
-140 -283
-140 -249
-110 -249
-110 -264
-133 -264
-133 -283
-98 -283
-98 -295
-133 -295
-133 -303
-77 -303
-77 -307
-98 -307
-98 -325
-91 -325
-91 -316
-77 -316
-77 -325
-42 -325
-42 -316
-29 -316
-29 -325
-19 -325
-19 -336
-110 -336
-110 -307
-133 -307
-133 -316
-126 -316
-126 -325
-133 -325
-133 -336
-140 -336
-140 -325
-162 -325
-162 -316
-140 -316
-140 -307
-162 -307
-162 -303
-140 -303
-140 -295
-171 -295
-171 -303
-181 -303
-181 -295
-195 -295
-195 -264
-199 -264
-199 -303
-205 -303
-205 -283
-218 -283
-218 -303
-230 -303
-230 -295
-249 -295
-249 -303
-272 -303
-272 -295
-299 -295
-299 -303
-295 -303
-295 -307
-299 -307
-299 -316
-289 -316
-289 -303
-287 -303
-287 -307
-258 -307
-258 -316
-249 -316
-249 -307
-230 -307
-230 -316
-218 -316
-218 -307
-171 -307
-171 -316
-195 -316
-195 -325
-171 -325
-171 -336
-199 -336
-199 -316
-205 -316
-205 -336
-218 -336
-218 -325
-230 -325
-230 -336
-249 -336
-249 -325
-258 -325
-258 -336
-269 -336
-269 -316
-287 -316
-287 -325
-272 -325
-272 -336
-289 -336
-289 -325
-295 -325
-295 -336
-299 -336
-299 -325
-306 -325
-306 -303
-327 -303
-327 -336
-340 -336
-340 -325
-330 -325
-330 -316
-340 -316
-340 -307
-330 -307
-330 -303
-340 -303
-340 -154
-330 -154
-330 -143
-340 -143
-340 -140
-330 -140
-330 -128
-340 -128
-340 -121
-330 -121
-330 -117
-340 -117
-340 -51
-330 -51
-330 -62
-327 -62
-327 -40
-340 -40
-340 -35
-299 -35
-299 -40
-306 -40
-306 -51
-299 -51
-299 -58
-306 -58
-306 -62
-299 -62
-299 -73
-330 -73
-330 -97
-327 -97
-327 -128
-306 -128
-306 -97
-299 -97
-299 -117
-295 -117
-295 -121
-299 -121
-299 -140
-327 -140
-327 -154
-306 -154
-306 -143
-295 -143
-295 -154
-299 -154
-299 -163
-295 -163
-295 -180
-306 -180
-306 -163
-330 -163
-330 -180
-327 -180
-327 -192
-330 -192
-330 -198
-327 -198
-327 -215
-330 -215
-330 -224
-327 -224
-327 -221
-306 -221
-306 -224
-299 -224
-299 -215
-306 -215
-306 -192
-299 -192
-299 -198
-295 -198
-295 -215
-289 -215
-289 -192
-287 -192
-287 -221
-295 -221
-295 -224
-272 -224
-272 -180
-289 -180
-289 -163
-269 -163
-269 -215
-258 -215
-258 -192
-249 -192
-249 -215
-230 -215
-230 -180
-258 -180
-258 -154
-249 -154
-249 -163
-230 -163
-230 -143
-249 -143
-249 -140
-272 -140
-272 -143
-269 -143
-269 -154
-289 -154
-289 -143
-287 -143
-287 -140
-295 -140
-295 -128
-287 -128
-287 -121
-289 -121
-289 -97
-295 -97
-295 -73
-289 -73
-289 -62
-295 -62
-295 -58
-287 -58
-287 -117
-272 -117
-272 -128
-269 -128
-269 -97
-272 -97
-272 -73
-269 -73
-269 -62
-258 -62
-258 -58
-272 -58
-272 -51
-295 -51
-295 -35
-289 -35
-289 -40
-287 -40
-287 -35
-272 -35
-272 -40
-269 -40
-269 -51
-258 -51
-258 -35
-249 -35
-249 -51
-230 -51
-230 -35
-218 -35
-218 -40
-205 -40
-205 -35
-199 -35
-199 -40
-181 -40
-181 -35
-171 -35
-171 -40
-162 -40
-162 -35
-126 -35
-126 -40
-140 -40
-140 -51
-218 -51
-218 -58
-249 -58
-249 -62
-218 -62
-218 -73
-258 -73
-258 -128
-249 -128
-249 -97
-230 -97
-230 -117
-218 -117
-218 -121
-230 -121
-230 -140
-218 -140
-218 -180
-205 -180
-205 -121
-199 -121
-199 -117
-205 -117
-205 -97
-199 -97
-199 -62
-205 -62
-205 -58
-133 -58
-133 -62
-195 -62
-195 -97
-181 -97
-181 -73
-171 -73
-171 -117
-195 -117
-195 -121
-162 -121
-162 -73
-140 -73
