5651 1556
-518 -124
-203 -134
-252 -26
-545 -499
-158 -11
-276 -577
-252 -258
-409 -559
-135 -559
-80 -197
-80 -225
-360 -388
-531 -457
-449 -436
-252 -255
-458 -303
-531 -258
-360 -500
-453 -48
-320 -479
-207 -98
-72 -277
-458 -197
-514 -242
-43 -74
-135 -192
-262 -305
-287 -157
-304 -361
-528 -421
-414 -361
-12 -400
-226 -379
-287 -537
-39 -428
-561 -96
-388 -210
-531 -388
-12 -226
-426 -137
-449 -305
-23 -577
-235 -553
-380 -247
-531 -242
-156 -192
-561 -196
-226 -375
-484 -335
-101 -197
-69 -134
-228 -98
-328 -300
-31 -208
-360 -300
-276 -210
-458 -291
-276 -124
-262 -80
-135 -400
-262 -48
-302 -537
-72 -91
-380 -500
-226 -197
-530 -80
-360 -98
-262 -210
-449 -124
-252 -559
-380 -91
-101 -388
-420 -255
-477 -507
-458 -244
-322 -537
-24 -577
-254 -547
-252 -114
-252 -17
-471 -375
-446 -377
-426 -258
-253 -11
-545 -361
-484 -559
-185 -141
-207 -309
-414 -499
-287 -300
-156 -375
-252 -80
-380 -17
-477 -499
-302 -547
-464 -80
-528 -319
-252 -363
-200 -242
-135 -550
-483 -193
-254 -436
-252 -335
-339 -479
-459 -388
-231 -479
-309 -468
-207 -388
-302 -501
-182 -35
-561 -248
-339 -137
-309 -48
-50 -11
-78 -74
-458 -226
-484 -98
-360 -468
-329 -273
-426 -379
-446 -361
-185 -183
-226 -244
-217 -226
-330 -553
-101 -363
-46 -210
-309 -247
-39 -365
-228 -291
-212 -388
-453 -365
-20 -577
-330 -421
-252 -525
-380 -377
-433 -400
-328 -285
-72 -457
-561 -468
-532 -365
-46 -124
-403 -507
-366 -35
-46 -127
-360 -305
-287 -309
-477 -134
-530 -501
-464 -210
-226 -226
-185 -137
-425 -11
-509 -361
-352 -441
-50 -388
-69 -559
-333 -421
-156 -404
-514 -559
-185 -167
-388 -404
-276 -377
-366 -468
-31 -436
-276 -52
-322 -501
-221 -210
-414 -248
-448 -17
-403 -65
-459 -377
-514 -65
-217 -319
-46 -566
-528 -48
-226 -167
-39 -141
-354 -300
-446 -124
-518 -577
-483 -226
-380 -167
-156 -319
-414 -74
-459 -577
-304 -300
-71 -183
-287 -499
-414 -537
-276 -404
-302 -388
-504 -170
-276 -167
-276 -348
-276 -495
-477 -210
-76 -421
-504 -507
-322 -505
-101 -375
-414 -400
-426 -134
-217 -275
-354 -141
-254 -80
-252 -247
-276 -273
-339 -157
-464 -17
-221 -547
-320 -468
-203 -11
-426 -388
-46 -328
-320 -365
-471 -412
-69 -537
-320 -11
-185 -166
-276 -305
-339 -421
-231 -190
-69 -48
-528 -479
-101 -379
-484 -273
-76 -244
-339 -305
-320 -226
-339 -96
-477 -42
-531 -436
-545 -315
-302 -348
-453 -183
-302 -412
-252 -441
-354 -255
-532 -300
-481 -577
-420 -511
-477 -537
-252 -277
-478 -183
-458 -305
-212 -48
-528 -553
-50 -511
-231 -17
-380 -479
-252 -361
-200 -404
-200 -553
-276 -17
-433 -305
-354 -577
-212 -511
-545 -305
-217 -255
-12 -26
-182 -479
-528 -193
-452 -138
-288 -167
-78 -183
-426 -35
-287 -273
-476 -537
-156 -124
-360 -80
-252 -190
-403 -500
-12 -507
-252 -82
-333 -577
-80 -26
-328 -441
-478 -468
-357 -124
-330 -69
-518 -315
-37 -404
-425 -361
-226 -361
-103 -157
-426 -377
-488 -468
-403 -547
-258 -566
-254 -537
-433 -365
-69 -315
-320 -335
-420 -479
-69 -167
-360 -478
-12 -363
-453 -511
-380 -559
-352 -167
-459 -300
-514 -98
-46 -348
-101 -170
-477 -363
-380 -35
-446 -190
-221 -17
-531 -421
-69 -300
-135 -65
-320 -186
-561 -500
-504 -525
-388 -559
-217 -315
-478 -134
-420 -510
-514 -231
-403 -365
-514 -226
-196 -547
-414 -379
-31 -305
-477 -377
-50 -197
-420 -457
-484 -388
-302 -511
-531 -91
-226 -566
-509 -157
-12 -495
-158 -441
-531 -193
-449 -273
-449 -553
-457 -138
-459 -507
-481 -51
-254 -379
-104 -375
-72 -565
-457 -35
-433 -91
-158 -242
-158 -74
-504 -52
-200 -247
-328 -80
-320 -291
-477 -35
-212 -553
-561 -354
-104 -500
-309 -421
-329 -315
-484 -275
-71 -190
-171 -65
-484 -82
-457 -11
-339 -377
-328 -226
-357 -98
-420 -478
-453 -457
-156 -441
-452 -74
-276 -193
-76 -52
-328 -197
-228 -91
-545 -348
-366 -157
-185 -226
-207 -141
-453 -127
-23 -505
-330 -141
-403 -183
-518 -255
-380 -226
-196 -157
-328 -348
-309 -273
-366 -577
-477 -315
-530 -74
-330 -478
-330 -479
-73 -553
-287 -404
-207 -166
-481 -258
-320 -457
-477 -550
-231 -137
-532 -48
-464 -226
-135 -315
-333 -566
-262 -377
-420 -157
-388 -577
-78 -255
-449 -361
-380 -300
-72 -300
-302 -157
-426 -248
-339 -328
-504 -553
-457 -566
-330 -300
-446 -335
-288 -479
-484 -52
-477 -226
-528 -303
-320 -248
-207 -190
-464 -255
-203 -499
-425 -76
-196 -210
-73 -507
-403 -421
-471 -52
-135 -55
-366 -441
-262 -412
-262 -74
-360 -559
-530 -404
-449 -543
-200 -375
-477 -17
-182 -48
-320 -328
-309 -577
-23 -566
-171 -55
-302 -124
-452 -65
-80 -457
-287 -377
-287 -52
-352 -555
-252 -48
-514 -292
-354 -404
-71 -479
-458 -11
-46 -319
-483 -499
-253 -441
-457 -577
-459 -193
-465 -501
-228 -96
-330 -365
-339 -193
-39 -565
-360 -328
-545 -74
-156 -134
-115 -210
-135 -134
-217 -574
-509 -315
-481 -91
-69 -441
-354 -388
-93 -82
-12 -439
-135 -196
-182 -421
-414 -244
-459 -501
-317 -400
-185 -197
-69 -501
-231 -291
-104 -11
-545 -35
-360 -258
-46 -275
-115 -226
-414 -291
-76 -505
-76 -80
-182 -273
-514 -190
-471 -196
-561 -285
-414 -292
-12 -247
-518 -501
-464 -74
-287 -11
-262 -35
-46 -91
-514 -404
-465 -361
-504 -138
-320 -183
-50 -91
-135 -141
-409 -328
-504 -468
-252 -479
-31 -315
-484 -285
-409 -11
-528 -258
-448 -11
-329 -52
-140 -210
-46 -157
-488 -547
-514 -244
-80 -305
-531 -157
-357 -439
-76 -559
-276 -226
-458 -478
-426 -244
-528 -183
-388 -305
-185 -574
-380 -379
-320 -547
-453 -525
-471 -436
-476 -361
-333 -11
-322 -134
-156 -247
-449 -335
-420 -499
-276 -300
-226 -305
-200 -510
-380 -197
-518 -65
-465 -138
-135 -167
-217 -479
-417 -577
-333 -365
-200 -210
-284 -74
-156 -388
-254 -76
-46 -255
-380 -400
-403 -48
-476 -11
-514 -375
-545 -553
-528 -305
-545 -300
-231 -559
-484 -565
-484 -247
-200 -559
-200 -499
-302 -479
-171 -354
-339 -244
-72 -511
-158 -421
-458 -134
-43 -361
-101 -559
-453 -501
-200 -138
-330 -96
-93 -566
-420 -348
-514 -17
-414 -547
-464 -335
-561 -507
-352 -547
-226 -319
-200 -134
-254 -210
-287 -127
-76 -157
-200 -479
-31 -114
-23 -404
-185 -361
-446 -273
-426 -525
-284 -291
-449 -550
-458 -537
-481 -315
-453 -82
-39 -35
-388 -361
-287 -335
-360 -74
-320 -98
-24 -273
-484 -80
-171 -565
-459 -167
-360 -157
-328 -303
-545 -505
-217 -273
-217 -186
-483 -441
-226 -196
-458 -577
-93 -553
-276 -82
-403 -157
-458 -69
-37 -553
-76 -91
-182 -348
-420 -412
-270 -566
-354 -305
-231 -574
-135 -553
-252 -305
-39 -157
-380 -190
-545 -436
-483 -388
-254 -258
-101 -510
-73 -537
-446 -141
-518 -35
-403 -167
-72 -441
-414 -124
-46 -412
-93 -277
-550 -574
-329 -170
-420 -74
-481 -55
-471 -166
-12 -65
-235 -559
-471 -315
-200 -363
-158 -499
-328 -255
-252 -377
-426 -11
-488 -35
-270 -501
-207 -226
-545 -291
-477 -183
-31 -439
-12 -80
-287 -547
-156 -479
-483 -17
-464 -365
-212 -574
-446 -52
-31 -377
-171 -183
-530 -436
-203 -17
-235 -507
-78 -511
-426 -375
-471 -192
-217 -91
-135 -479
-449 -566
-101 -305
-477 -247
-196 -273
-545 -309
-414 -495
-354 -197
-320 -157
-104 -124
-207 -365
-477 -309
-235 -348
-276 -255
-414 -186
-171 -375
-71 -328
-352 -537
-302 -74
-287 -138
-545 -285
-481 -273
-452 -315
-360 -566
-320 -566
-330 -74
-420 -190
-235 -543
-104 -273
-309 -226
-254 -277
-514 -555
-185 -511
-464 -242
-561 -300
-158 -566
-446 -277
-446 -255
-545 -190
-101 -244
-20 -400
-217 -192
-477 -428
-514 -186
-104 -507
-320 -553
-328 -244
-156 -48
-115 -134
-320 -166
-481 -436
-23 -186
-420 -76
-31 -363
-414 -479
-360 -134
-309 -196
-71 -388
-420 -501
-288 -501
-453 -65
-284 -559
-207 -183
-302 -138
-484 -134
-360 -124
-185 -468
-71 -242
-217 -124
-12 -35
-545 -566
-69 -190
-330 -225
-449 -244
-333 -315
-156 -468
-380 -495
-80 -495
-509 -577
-12 -255
-287 -388
-320 -511
-357 -11
-80 -193
-426 -537
-380 -255
-262 -478
-354 -363
-101 -52
-135 -17
-276 -566
-287 -365
-504 -499
-458 -273
-31 -468
-388 -247
-302 -553
-288 -91
-207 -273
-425 -511
-426 -436
-425 -74
-339 -273
-253 -48
-380 -141
-304 -98
-449 -421
-453 -275
-185 -537
-72 -208
-200 -55
-196 -190
-504 -315
-531 -255
-426 -98
-212 -197
-253 -479
-200 -388
-409 -421
-417 -167
-420 -242
-471 -361
-235 -404
-458 -511
-80 -157
-504 -258
-380 -127
-380 -553
-528 -225
-31 -196
-309 -52
-252 -309
-453 -559
-115 -291
-457 -277
-448 -242
-50 -273
-76 -183
-39 -309
-171 -404
-254 -247
-354 -285
-101 -74
-531 -404
-200 -291
-414 -277
-24 -91
-72 -35
-514 -315
-354 -48
-328 -439
-228 -404
-453 -412
-284 -365
-304 -547
-231 -436
-101 -291
-561 -550
-171 -96
-20 -11
-464 -11
-37 -74
-39 -468
-448 -98
-235 -495
-448 -273
-24 -80
-403 -468
-235 -577
-254 -157
-276 -80
-104 -577
-23 -225
-420 -500
-252 -404
-39 -537
-514 -138
-360 -210
-217 -300
-360 -291
-103 -479
-317 -74
-477 -255
-72 -499
-156 -421
-477 -468
-478 -577
-561 -137
-276 -388
-532 -511
-531 -291
-458 -91
-453 -80
-328 -134
-212 -421
-31 -231
-488 -190
-477 -258
-43 -35
-185 -277
-39 -210
-262 -255
-156 -74
-217 -55
-24 -134
-46 -190
-217 -277
-135 -13
-158 -134
-254 -348
-231 -388
-465 -388
-262 -309
-203 -436
-354 -11
-388 -190
-477 -439
-196 -511
-464 -428
-477 -555
-43 -537
-449 -439
-360 -247
-217 -231
-262 -247
-330 -499
-433 -80
-254 -363
-320 -375
-484 -305
-185 -500
-262 -273
-284 -511
-532 -74
-76 -138
-388 -91
-231 -91
-101 -210
-330 -183
-414 -457
-31 -190
-414 -553
-545 -412
-104 -400
-414 -354
-101 -361
-426 -65
-481 -495
-403 -91
-357 -190
-171 -226
-545 -377
-254 -190
-200 -379
-464 -537
-457 -17
-302 -127
-320 -82
-276 -439
-50 -547
-453 -124
-465 -91
-228 -157
-446 -157
-417 -65
-477 -193
-72 -226
-330 -559
-304 -441
-514 -74
-481 -375
-254 -96
-24 -255
-46 -242
-196 -65
-518 -91
-530 -305
-504 -537
-252 -501
-309 -141
-504 -48
-20 -505
-425 -315
-101 -319
-320 -244
-531 -167
-504 -328
-20 -141
-254 -242
-532 -52
-104 -510
-403 -292
-288 -404
-477 -285
-185 -114
-39 -167
-252 -273
-328 -428
-309 -404
-339 -208
-360 -137
-39 -479
-360 -255
-483 -242
-103 -138
-221 -361
-76 -242
-207 -291
-101 -377
-20 -157
-72 -365
-46 -225
-101 -124
-12 -76
-352 -255
-481 -507
-352 -361
-23 -348
-200 -315
-484 -577
-453 -577
-254 -500
-561 -192
-207 -91
-322 -468
-545 -157
-360 -365
-449 -65
-518 -17
-231 -577
-12 -137
-459 -98
-76 -273
-531 -273
-366 -80
-46 -388
-252 -226
-226 -404
-471 -210
-360 -507
-262 -65
-320 -114
-426 -291
-185 -365
-514 -543
-104 -315
-304 -479
-453 -192
-420 -11
-304 -273
-357 -404
-73 -436
-23 -547
-104 -566
-104 -157
-185 -559
-104 -170
-156 -157
-339 -511
-380 -138
-71 -511
-478 -242
-328 -421
-217 -247
-115 -421
-43 -226
-354 -495
-481 -255
-171 -196
-31 -186
-458 -348
-417 -197
-426 -242
-458 -138
-207 -11
-39 -48
-46 -247
-72 -377
-453 -537
-253 -348
-453 -566
-453 -247
-78 -577
-464 -441
-80 -208
-231 -566
-284 -348
-531 -74
-93 -511
-135 -208
-78 -48
-514 -167
-78 -11
-414 -48
-530 -507
-72 -127
-156 -26
-464 -511
-449 -547
-354 -501
-171 -468
-262 -170
-339 -303
-207 -52
-561 -412
-217 -348
-226 -377
-270 -505
-76 -441
-158 -300
-253 -300
-24 -17
-531 -499
-531 -137
-252 -291
-39 -305
-73 -361
-528 -404
-20 -501
-465 -226
-276 -441
-532 -501
-484 -328
-545 -555
-156 -231
-69 -242
-104 -574
-46 -285
-322 -361
-360 -183
-212 -35
-409 -348
-478 -559
-453 -74
-532 -11
-212 -559
-258 -291
-207 -80
-453 -328
-217 -291
-528 -574
-207 -543
-528 -17
-182 -157
-417 -52
-80 -436
-252 -300
-504 -190
-352 -190
-514 -577
-156 -499
-37 -328
-481 -404
-446 -507
-530 -48
-484 -196
-185 -186
-80 -226
-317 -277
-302 -565
-12 -11
-171 -315
-360 -553
-158 -404
-304 -305
-420 -258
-453 -55
-50 -193
-464 -35
-380 -388
-514 -421
-403 -511
-403 -138
-458 -421
-304 -226
-481 -499
-200 -436
-31 -495
-101 -35
-426 -315
-185 -210
-156 -197
-545 -328
-531 -244
-330 -315
-366 -210
-471 -138
-104 -255
-302 -248
-426 -285
-420 -315
-433 -48
-207 -300
-528 -328
-471 -404
-403 -499
-330 -248
-37 -11
-433 -273
-69 -574
-476 -226
-156 -566
-258 -547
-217 -361
-309 -91
-317 -11
-221 -499
-12 -511
-449 -197
-471 -400
-200 -42
-302 -141
-329 -210
-417 -537
-39 -258
-46 -436
-453 -273
-425 -242
-514 -377
-115 -255
-287 -468
-330 -65
-514 -565
-104 -436
-420 -273
-226 -354
-200 -305
-254 -505
-481 -183
-72 -124
-182 -183
-76 -537
-328 -565
-380 -74
-453 -315
-262 -468
-388 -328
-409 -468
-528 -231
-302 -208
-561 -190
-72 -566
-31 -74
-481 -379
-414 -247
-76 -319
-484 -74
-171 -167
-545 -277
-304 -291
-504 -439
-217 -98
-484 -412
-226 -48
-309 -365
-72 -555
-514 -127
-339 -114
-388 -65
-354 -348
-545 -439
-46 -550
-458 -242
-449 -247
-262 -226
-235 -80
-330 -167
-253 -167
-182 -553
-72 -577
-420 -439
-262 -543
-207 -499
-360 -428
-217 -157
-203 -52
-46 -499
-453 -377
-426 -365
-50 -577
-156 -365
-185 -192
-449 -328
-464 -273
-477 -348
-320 -507
-101 -511
-409 -547
-76 -510
-426 -565
-420 -404
-46 -138
-528 -537
-360 -439
-514 -300
-156 -141
-453 -404
-352 -197
-464 -457
-226 -421
-252 -141
-212 -291
-252 -167
-484 -48
-231 -244
-235 -388
-12 -98
-182 -52
-235 -124
-452 -277
-481 -197
-71 -226
-403 -441
-433 -511
-200 -124
-380 -124
-333 -441
-354 -248
-31 -303
-287 -566
-545 -17
-457 -305
-561 -255
-20 -404
-103 -247
-156 -275
-200 -377
-37 -17
-276 -285
-135 -170
-471 -328
-476 -138
-330 -441
-76 -226
-254 -375
-276 -315
-509 -501
-171 -555
-366 -537
-425 -421
-420 -361
-464 -114
-23 -11
-453 -291
-207 -441
-156 -505
-531 -412
-39 -543
-561 -82
-528 -244
-309 -74
-464 -167
-135 -42
-185 -190
-328 -208
-446 -91
-80 -565
-103 -134
-50 -183
-104 -479
-545 -577
-270 -210
-448 -441
-78 -157
-339 -441
-80 -300
-217 -505
-254 -319
-217 -48
-252 -138
-72 -26
-252 -348
-528 -91
-403 -242
-217 -190
-80 -210
-550 -35
-309 -11
-514 -335
-156 -277
-449 -167
-329 -225
-532 -499
-309 -167
-403 -566
-328 -247
-276 -501
-103 -277
-561 -365
-458 -127
-528 -365
-360 -537
-135 -138
-531 -52
-288 -48
-328 -138
-115 -157
-284 -553
-46 -300
-207 -35
-196 -388
-101 -577
-50 -74
-258 -91
-420 -565
-207 -436
-488 -348
-504 -511
-12 -303
-446 -225
-388 -363
-483 -547
-426 -441
-484 -525
-464 -421
-101 -17
-262 -277
-203 -361
-226 -74
-528 -98
-561 -247
-420 -428
-446 -441
-360 -192
-207 -48
-320 -17
-354 -167
-185 -26
-140 -11
-23 -363
-481 -248
-156 -11
-448 -35
-403 -11
-471 -501
-317 -361
-514 -51
-156 -291
-270 -193
-352 -11
-69 -255
-484 -69
-531 -315
-403 -134
-104 -52
-72 -96
-528 -478
-185 -421
-182 -537
-228 -124
-288 -361
-328 -124
-73 -138
-276 -98
-254 -52
-449 -511
-354 -137
-226 -300
-420 -303
-76 -574
-258 -468
-465 -305
-287 -26
-414 -421
-446 -555
-31 -574
-514 -479
-254 -566
-339 -258
-23 -91
-420 -197
-446 -468
-528 -226
-388 -138
-530 -210
-528 -51
-200 -511
-360 -550
-446 -421
-156 -305
-446 -479
-449 -226
-528 -550
-235 -547
-488 -157
-339 -197
-476 -98
-471 -17
-39 -511
-366 -566
-287 -543
-320 -555
-449 -388
-302 -192
-339 -242
-156 -553
-545 -537
-531 -134
-478 -277
-531 -196
-39 -315
-477 -525
-253 -547
-320 -74
-171 -400
-228 -65
-357 -167
-73 -348
-309 -400
-185 -76
-101 -348
-101 -11
-531 -441
-484 -511
-12 -315
-449 -428
-115 -74
-101 -247
-448 -91
-93 -138
-226 -400
-433 -98
-477 -82
-518 -138
-561 -258
-545 -193
-39 -226
-302 -91
-317 -441
-403 -555
-24 -479
-101 -208
-71 -157
-23 -141
-330 -457
-287 -137
-471 -76
-140 -134
-330 -303
-231 -231
-360 -91
-476 -65
-135 -98
-231 -247
-550 -468
-360 -479
-464 -495
-76 -500
-207 -559
-78 -547
-417 -242
-31 -559
-448 -566
-31 -379
-50 -499
-426 -210
-409 -138
-545 -226
-262 -365
-23 -275
-328 -190
-403 -525
-532 -468
-459 -91
-426 -335
-360 -309
-403 -55
-477 -244
-514 -457
-24 -547
-417 -98
-50 -436
-504 -305
-561 -244
-509 -511
-483 -138
-72 -537
-528 -124
-504 -300
-69 -377
-12 -457
-465 -247
-330 -375
-420 -170
-446 -167
-328 -11
-37 -52
-317 -404
-104 -565
-360 -285
-262 -96
-69 -138
-231 -134
-80 -167
-80 -478
-39 -553
-360 -400
-252 -244
-477 -292
-287 -275
-478 -193
-320 -273
-31 -225
-258 -388
-76 -82
-226 -547
-329 -65
-226 -348
-465 -273
-276 -65
-235 -277
-329 -80
-453 -242
-101 -42
-156 -210
-452 -511
-31 -507
-80 -247
-449 -114
-354 -186
-135 -348
-320 -192
-484 -244
-481 -328
-561 -91
-226 -247
-23 -300
-446 -436
-276 -328
-104 -48
-471 -457
-403 -404
-39 -500
-352 -328
-528 -138
-31 -197
-457 -547
-46 -421
-420 -507
-545 -167
-518 -436
-352 -468
-561 -495
-354 -566
-484 -157
-425 -48
-414 -183
-253 -553
-360 -208
-39 -17
-252 -511
-330 -13
-488 -553
-528 -65
-76 -196
-228 -377
-72 -291
-226 -124
-531 -377
-484 -300
-403 -388
-258 -305
-317 -305
-46 -377
-504 -309
-477 -436
-302 -566
-80 -196
-37 -98
-156 -511
-532 -91
-156 -196
-226 -42
-231 -248
-302 -500
-235 -499
-531 -511
-80 -547
-23 -319
-226 -555
-471 -300
-23 -193
-228 -52
-464 -525
-509 -436
-339 -354
-76 -98
-140 -247
-545 -547
-104 -98
-69 -55
-50 -35
-72 -11
-339 -35
-545 -48
-101 -231
-231 -315
-39 -566
-72 -439
-484 -348
-287 -421
-483 -124
-478 -300
-72 -231
-457 -242
-115 -193
-80 -114
-276 -499
-23 -315
-72 -98
-320 -319
-158 -255
-217 -35
-231 -377
-309 -507
-471 -55
-93 -388
-80 -82
-135 -157
-320 -231
-366 -507
-328 -335
-433 -124
-231 -167
-449 -300
-69 -348
-403 -305
-357 -400
-484 -375
-39 -242
-262 -315
-354 -547
-140 -74
-357 -511
-254 -231
-354 -468
-471 -559
-388 -80
-360 -457
-471 -555
-231 -13
-329 -183
-420 -566
-135 -404
-31 -388
-481 -348
-258 -553
-69 -511
-457 -167
-561 -499
-20 -500
-420 -124
-477 -157
-320 -505
-46 -511
-504 -479
-276 -127
-317 -183
-453 -225
-37 -193
-561 -51
-329 -577
-403 -114
-287 -231
-417 -35
-23 -17
-104 -292
-330 -137
-320 -559
-309 -525
-561 -436
-528 -170
-140 -48
-104 -361
-545 -273
-514 -11
-528 -275
-328 -98
-339 -76
-228 -511
-73 -226
-414 -412
-420 -365
-453 -138
-471 -365
-446 -495
-426 -478
-12 -183
-20 -80
-309 -192
-185 -11
-254 -167
-207 -505
-528 -292
-354 -231
-425 -124
-357 -91
-12 -566
-380 -555
-101 -48
-104 -277
-12 -550
-509 -247
-514 -507
-171 -574
-182 -468
-403 -303
-217 -559
-302 -226
-426 -404
-46 -65
-339 -255
-254 -197
-217 -17
-458 -501
-69 -11
-388 -553
-366 -193
-528 -309
-24 -501
-156 -457
-420 -309
-207 -138
-403 -550
-446 -247
-104 -499
-504 -436
-200 -98
-352 -285
-23 -197
-464 -499
-464 -375
-504 -247
-366 -547
-446 -242
-561 -124
-39 -51
-481 -52
-103 -547
-101 -428
-380 -457
-453 -196
-354 -273
-93 -242
-254 -51
-135 -379
-287 -114
-171 -507
-504 -196
-212 -348
-252 -457
-561 -157
-352 -404
-550 -537
-464 -354
-171 -190
-309 -17
-483 -98
-217 -543
-262 -186
-37 -134
-103 -255
-354 -138
-135 -439
-203 -507
-380 -441
-414 -511
-217 -167
-72 -547
-156 -478
-504 -192
-309 -166
-309 -559
-304 -167
-333 -65
-309 -190
-31 -167
-103 -35
-333 -80
-484 -65
-309 -315
-528 -500
-76 -577
-484 -566
-69 -80
-200 -255
-333 -507
-78 -52
-72 -501
-330 -537
-72 -305
-477 -365
-304 -197
-483 -167
-76 -379
-528 -210
-135 -468
-103 -226
-414 -26
-328 -499
-504 -157
-426 -495
-532 -377
-39 -404
-171 -17
-200 -285
-140 -291
-262 -441
-23 -247
-561 -242
-328 -495
-23 -190
-322 -577
-185 -134
-483 -291
-12 -361
-514 -277
-196 -134
-196 -577
-69 -226
-477 -305
-446 -210
-231 -511
-93 -11
-76 -365
-317 -48
-417 -91
-366 -183
-12 -574
-31 -285
-488 -124
-76 -315
-171 -566
-104 -138
-252 -74
-420 -134
-339 -300
-156 -315
-171 -363
-471 -499
-221 -255
-31 -255
-339 -55
-231 -499
-322 -48
-328 -377
-23 -377
-446 -291
-185 -507
-458 -55
-39 -501
-276 -335
-12 -501
-200 -577
-448 -277
-80 -507
-31 -98
-221 -291
-464 -277
-561 -197
-288 -52
-530 -91
-464 -348
-453 -553
-39 -190
-339 -51
-135 -96
-380 -277
-414 -134
-135 -52
-561 -186
-471 -291
-471 -441
-464 -412
-403 -124
-561 -404
-104 -17
-37 -273
-504 -543
-302 -505
-31 -157
-471 -319
-31 -124
-476 -305
-135 -80
-446 -134
-156 -510
-481 -35
-453 -388
-69 -225
-207 -328
-104 -555
-388 -197
-37 -501
-453 -91
-39 -319
-380 -69
-12 -82
-69 -137
-360 -11
-12 -565
-31 -577
-252 -375
-288 -305
-403 -76
-477 -248
-217 -196
-528 -134
-78 -388
-504 -428
-276 -157
-545 -98
-561 -114
-531 -577
-354 -510
-446 -51
-414 -91
-528 -559
-561 -577
-23 -537
-101 -225
-72 -468
-328 -400
-69 -157
-531 -566
-320 -439
-414 -138
-561 -377
-231 -80
-354 -421
-561 -315
-270 -315
-276 -190
-80 -80
-31 -248
-339 -210
-254 -55
-504 -421
-322 -157
-366 -167
-330 -170
-69 -319
-156 -335
-203 -167
-185 -225
-388 -348
-226 -412
-420 -292
-457 -74
-50 -501
-23 -74
-481 -468
-46 -80
-158 -277
-426 -193
-561 -375
-354 -553
-93 -48
-531 -17
-561 -138
-80 -499
-309 -348
-217 -511
-464 -134
-207 -65
-20 -138
-484 -537
-320 -255
-458 -210
-328 -196
-171 -361
-352 -305
-478 -499
-80 -348
-309 -305
-12 -186
-453 -170
-328 -52
-196 -11
-504 -510
-69 -210
-12 -291
-231 -365
-414 -69
-46 -186
-354 -51
-459 -226
-254 -511
-252 -98
-156 -303
-50 -291
-545 -244
-320 -537
-446 -365
-182 -305
-514 -291
-254 -193
-449 -134
-304 -501
-31 -441
-561 -80
-72 -550
-140 -559
-360 -436
-330 -138
-414 -80
-135 -441
-226 -277
-185 -157
-12 -242
-352 -553
-333 -193
-330 -91
-449 -186
-322 -315
-446 -499
-561 -335
-43 -499
-93 -479
-360 -577
-309 -547
-252 -537
-330 -361
-464 -501
-171 -421
-329 -553
-477 -277
-339 -277
-258 -421
-217 -74
-471 -197
-104 -226
-270 -197
-135 -500
-446 -74
-69 -553
-80 -479
-171 -197
-171 -255
-76 -134
-380 -507
-31 -428
-481 -17
-478 -157
-12 -365
-514 -157
-528 -547
-453 -292
-23 -48
-270 -138
-254 -124
-453 -285
-481 -363
-73 -124
-458 -74
-254 -35
-483 -361
-514 -225
-465 -35
-330 -247
-140 -441
-23 -328
-93 -157
-43 -17
-72 -190
-477 -577
-514 -255
-561 -511
-528 -499
-12 -348
-212 -305
-453 -51
-330 -98
-483 -501
-80 -505
-509 -138
-322 -507
-39 -478
-471 -183
-320 -137
-235 -183
-420 -167
-262 -17
-329 -242
-330 -555
-46 -577
-425 -319
-72 -74
-504 -335
-425 -501
-80 -65
-12 -51
-476 -80
-561 -166
-217 -166
-135 -566
-76 -193
-217 -525
-452 -197
-12 -52
-339 -190
-457 -328
-252 -231
-333 -303
-380 -51
-262 -363
-360 -363
-354 -478
-207 -225
-320 -42
-207 -361
-72 -275
-420 -388
-446 -400
-481 -277
-115 -242
-226 -577
-31 -511
-414 -285
-561 -292
-330 -114
-426 -363
-478 -11
-354 -319
-226 -157
-226 -52
-477 -242
-545 -138
-328 -468
-185 -127
-135 -51
-12 -124
-449 -183
-171 -436
-93 -183
-46 -553
-354 -134
-380 -348
-414 -137
-76 -225
-320 -499
-69 -69
-360 -196
-104 -537
-471 -377
-80 -553
-531 -439
-330 -547
-207 -170
-464 -51
-171 -365
-339 -361
-158 -537
-403 -363
-483 -183
-531 -210
-37 -210
-252 -76
-23 -388
-171 -377
-182 -566
-484 -292
-171 -328
-203 -190
-309 -197
-449 -319
-196 -479
-477 -291
-196 -559
-31 -479
-352 -499
-357 -559
-207 -96
-104 -186
-43 -255
-420 -555
-171 -500
-31 -277
-380 -134
-76 -495
-270 -559
-530 -291
-231 -537
-449 -348
-12 -275
-550 -335
-320 -210
-302 -255
-287 -348
-453 -375
-320 -363
-514 -400
-446 -550
-488 -436
-481 -74
-459 -277
-71 -17
-481 -192
-73 -328
-453 -439
-403 -510
-514 -305
-403 -26
-231 -197
-182 -247
-320 -52
-357 -577
-196 -404
-360 -138
-420 -48
-458 -193
-135 -305
-73 -52
-76 -478
-302 -421
-72 -436
-426 -55
-458 -167
-221 -421
-481 -247
-69 -193
-101 -273
-23 -565
-481 -190
-140 -244
-270 -300
-459 -315
-287 -457
-258 -300
-252 -499
-433 -197
-528 -555
-262 -11
-459 -80
-200 -309
-360 -354
-171 -124
-135 -377
-31 -138
-545 -365
-449 -192
-23 -365
-354 -69
-196 -48
-464 -247
-561 -309
-254 -404
-317 -436
-254 -275
-104 -335
-403 -52
-253 -138
-354 -65
-39 -441
-156 -35
-446 -11
-101 -436
-76 -17
-420 -196
-207 -167
-46 -48
-357 -441
-484 -127
-360 -167
-182 -577
-420 -547
-276 -96
-477 -225
-302 -468
-471 -468
-39 -275
-39 -292
-317 -52
-476 -577
-309 -137
-23 -511
-31 -273
-357 -48
-339 -167
-104 -190
-24 -511
-477 -361
-46 -375
-252 -553
-304 -421
-452 -255
-93 -91
-309 -501
-453 -478
-457 -80
-550 -157
-471 -170
-464 -124
-531 -559
-135 -555
-528 -348
-329 -361
-380 -231
-258 -247
-464 -285
-262 -348
-221 -167
-185 -65
-320 -354
-23 -479
-135 -82
-309 -537
-23 -98
-317 -388
-403 -505
-481 -124
-226 -553
-530 -258
-354 -124
-465 -315
-228 -577
-360 -277
-561 -479
-333 -499
-481 -505
-12 -166
-304 -242
-471 -248
-252 -242
-171 -114
-200 -303
-464 -559
-262 -388
-262 -231
-76 -192
-212 -183
-426 -421
-417 -273
-357 -300
-514 -547
-514 -348
-458 -354
-545 -82
-545 -559
-446 -354
-31 -365
-504 -124
-276 -48
-104 -26
-69 -74
-425 -500
-528 -300
-458 -48
-414 -388
-69 -248
-196 -305
-20 -35
-420 -400
-80 -559
-354 -361
-156 -379
-481 -305
-207 -210
-135 -255
-484 -190
-360 -495
-43 -197
-135 -375
-302 -275
-43 -91
-185 -170
-231 -65
-231 -52
-80 -375
-530 -553
-135 -291
-446 -69
-457 -48
-481 -566
-388 -507
-182 -74
-284 -80
-446 -309
-528 -361
-514 -441
-302 -361
-531 -80
-464 -547
-252 -210
-504 -441
-12 -210
-448 -134
-212 -277
-185 -377
-207 -404
-330 -319
-226 -441
-484 -553
-76 -305
-46 -166
-226 -500
-465 -348
-465 -242
-46 -537
-20 -507
-217 -553
-72 -138
-37 -80
-69 -42
-320 -124
-531 -231
-446 -525
-330 -305
-231 -507
-23 -208
-339 -555
-207 -478
-561 -559
-530 -255
-360 -303
-504 -365
-484 -400
-287 -190
-76 -501
-254 -285
-93 -255
-477 -388
-317 -439
-357 -388
-258 -98
-354 -210
-354 -80
-360 -335
-504 -76
-12 -375
-457 -197
-104 -55
-37 -247
-528 -507
-71 -124
-287 -197
-528 -273
-509 -91
-403 -348
-328 -183
-453 -348
-531 -537
-545 -479
-207 -566
-50 -404
-426 -439
-561 -65
-156 -244
-203 -553
-276 -436
-545 -210
-254 -468
-171 -193
-252 -566
-203 -441
-217 -80
-182 -478
-288 -328
-360 -375
-287 -196
-509 -17
-115 -537
-426 -319
-302 -167
-254 -226
-329 -226
-226 -190
-80 -11
-426 -501
-330 -291
-426 -305
-262 -361
-354 -375
-23 -499
-530 -124
-380 -547
-531 -277
-43 -388
-530 -35
-24 -35
-514 -248
-426 -192
-276 -26
-360 -197
-104 -511
-446 -305
-288 -577
-76 -507
-449 -412
-80 -365
-446 -428
-76 -76
-156 -258
-322 -65
-226 -495
-328 -361
-39 -507
-72 -193
-231 -273
-380 -412
-287 -193
-135 -183
-80 -55
-446 -319
-414 -35
-426 -273
-354 -170
-254 -305
-73 -11
-226 -565
-185 -208
-135 -74
-545 -186
-545 -501
-531 -507
-171 -348
-39 -291
-287 -291
-403 -231
-453 -226
-403 -13
-531 -501
-46 -74
-453 -190
-504 -242
-330 -193
-530 -361
-504 -96
-103 -291
-504 -303
-425 -226
-426 -559
-530 -273
-309 -242
-115 -348
-388 -566
-78 -226
-357 -157
-140 -273
-328 -74
-354 -17
-185 -247
-414 -500
-262 -511
-328 -51
-426 -255
-458 -428
-203 -242
-302 -457
-420 -291
-171 -11
-484 -167
-446 -412
-476 -328
-212 -80
-545 -292
-488 -242
-354 -26
-354 -35
-414 -404
-531 -127
-322 -80
-478 -404
-330 -127
-504 -547
-200 -170
-420 -51
-12 -547
-471 -96
-471 -255
-12 -167
-252 -196
-104 -183
-329 -511
-288 -436
-550 -566
-39 -193
-531 -565
-39 -505
-226 -193
-39 -499
-39 -74
-483 -479
-476 -134
-101 -501
-333 -35
-156 -96
-254 -441
-328 -365
-532 -547
-403 -559
-287 -244
-104 -74
-185 -91
-477 -51
-231 -543
-388 -468
-504 -577
-12 -127
-284 -157
-339 -127
-339 -183
-357 -197
-203 -170
-231 -501
-528 -192
-322 -17
-140 -124
-69 -547
-226 -525
-488 -300
-333 -42
-528 -565
-104 -91
-72 -404
-72 -157
-380 -499
-328 -248
-207 -501
-217 -141
-514 -499
-196 -436
-471 -577
-203 -183
-449 -11
-37 -300
-284 -197
-425 -190
-488 -501
-446 -501
-185 -577
-12 -69
-458 -255
-39 -361
-354 -507
-354 -400
-46 -197
-104 -309
-78 -553
-426 -190
-212 -98
-488 -335
-140 -167
-254 -388
-357 -17
-46 -273
-171 -35
-446 -577
-101 -537
-550 -11
-360 -315
-380 -193
-135 -388
-262 -501
-561 -74
-403 -255
-226 -17
-50 -574
-276 -525
-78 -190
-446 -300
-217 -292
-488 -138
-12 -577
-39 -244
-226 -192
-23 -555
-458 -566
-528 -35
-231 -193
-403 -127
-262 -495
-433 -242
-12 -537
-39 -354
-185 -124
-158 -507
-69 -273
-426 -547
-452 -167
-101 -365
-80 -275
-262 -51
-452 -48
-320 -277
-471 -543
-80 -501
-317 -291
-46 -574
-207 -258
-69 -91
-561 -328
-414 -348
-459 -537
-156 -574
-76 -255
-171 -511
-328 -507
-185 -138
-302 -550
-31 -291
-171 -577
-72 -495
-561 -501
-270 -328
-449 -400
-80 -377
-309 -553
-231 -225
-561 -457
-471 -277
-76 -309
-287 -319
-200 -74
-488 -65
-254 -525
-532 -65
-320 -197
-414 -574
-39 -186
-471 -124
-76 -468
-504 -559
-46 -17
-262 -505
-514 -193
-309 -300
-104 -468
-254 -300
-80 -17
-80 -248
-464 -550
-309 -248
-20 -255
-504 -361
-31 -543
-46 -134
-354 -511
-207 -76
-200 -550
-309 -388
-309 -127
-532 -210
-156 -190
-104 -559
-514 -354
-39 -559
-471 -428
-354 -436
-254 -273
-156 -537
-328 -537
-252 -42
-302 -114
-50 -468
-409 -277
-532 -157
-484 -208
-414 -193
-420 -559
-403 -35
-43 -193
-93 -134
-80 -388
-156 -436
-212 -468
-426 -275
-276 -166
-103 -52
-471 -421
-458 -559
-484 -183
-352 -291
-531 -300
-414 -309
-284 -388
-302 -17
-203 -210
-339 -80
-446 -537
-339 -11
-354 -225
-158 -315
-104 -197
-403 -537
-477 -48
-532 -361
-483 -11
-72 -248
-414 -328
-258 -559
-420 -127
-171 -82
-320 -96
-458 -335
-302 -225
-288 -291
-481 -193
-185 -439
-76 -167
-339 -166
-284 -138
-333 -242
-530 -183
-254 -291
-200 -565
-320 -258
-414 -226
-23 -51
-328 -48
-477 -412
-69 -468
-101 -80
-104 -134
-185 -52
-449 -377
-254 -553
-528 -190
-478 -197
-530 -17
-302 -315
-288 -553
-262 -404
-72 -400
-254 -428
-226 -315
-330 -242
-302 -559
-380 -157
-420 -277
-452 -478
-78 -242
-420 -226
-532 -315
-329 -35
-287 -170
-481 -226
-72 -167
-284 -507
-328 -501
-221 -48
-231 -553
-207 -577
-309 -193
-409 -80
-484 -277
-478 -226
-477 -300
-80 -309
-448 -537
-514 -35
-304 -91
-80 -421
-339 -335
-20 -537
-481 -48
-530 -439
-464 -328
-171 -210
-302 -354
-426 -348
-329 -499
-101 -328
-504 -35
-258 -210
-304 -65
-39 -550
-457 -499
-226 -507
-252 -225
-514 -566
-366 -11
-276 -55
-561 -226
-388 -11
-254 -134
-226 -479
-31 -134
-156 -52
-457 -377
-12 -559
-366 -300
-212 -499
-532 -277
-449 -193
-328 -76
-80 -255
-339 -315
-550 -499
-23 -226
-420 -577
-156 -507
-330 -124
-104 -501
-531 -365
-115 -468
-80 -292
-420 -35
-328 -277
-528 -388
-12 -258
-23 -210
-185 -231
-207 -511
-104 -328
-329 -348
-156 -292
-514 -273
-23 -436
-80 -577
-135 -499
-135 -335
-46 -98
-231 -48
-333 -348
-545 -428
-287 -361
-452 -348
-561 -273
-185 -319
-231 -157
-317 -98
-357 -74
-309 -277
-185 -495
-287 -559
-458 -157
-302 -273
-226 -242
-156 -525
-354 -242
-449 -363
-360 -412
-453 -305
-101 -167
-171 -242
-449 -505
-409 -65
-69 -114
-452 -17
-458 -65
-226 -428
-80 -328
-514 -82
-73 -74
-12 -300
-226 -80
-103 -98
-104 -377
-433 -17
-339 -285
-464 -574
-471 -379
-476 -124
-217 -365
-561 -505
-481 -167
-518 -361
-528 -436
-76 -292
-39 -255
-46 -335
-528 -137
-46 -303
-20 -65
-366 -74
-380 -52
-302 -555
-509 -226
-254 -244
-288 -80
-156 -183
-464 -48
-71 -231
-221 -80
-514 -361
-453 -400
-414 -42
-329 -421
-309 -499
-80 -134
-545 -225
-320 -388
-481 -210
-39 -170
-217 -547
-104 -363
-69 -379
-425 -328
-284 -499
-360 -226
-284 -305
-484 -309
-309 -377
-458 -441
-71 -436
-446 -197
-200 -501
-217 -303
-253 -566
-545 -11
-509 -74
-320 -404
-561 -167
-185 -547
-309 -375
-339 -379
-226 -186
-196 -348
-449 -441
-504 -114
-309 -441
-330 -255
-73 -91
-457 -511
-185 -196
-425 -91
-12 -196
-531 -65
-76 -13
-530 -479
-23 -273
-231 -183
-93 -17
-80 -361
-446 -17
-80 -124
-530 -65
-352 -421
-72 -17
-270 -190
-481 -421
-309 -138
-23 -441
-333 -300
-217 -248
-140 -547
-471 -134
-171 -277
-420 -305
-330 -404
-72 -210
-528 -511
-39 -80
-458 -248
-339 -42
-426 -183
-276 -505
-69 -231
-417 -436
-484 -138
-31 -52
-304 -511
-287 -35
-76 -499
-12 -273
-477 -400
-561 -555
-200 -537
-309 -439
-433 -404
-262 -91
-158 -52
-320 -193
-226 -91
-448 -507
-171 -248
-252 -127
-156 -577
-453 -197
-104 -388
-504 -197
-329 -365
-276 -197
-465 -190
-69 -375
-426 -76
-46 -42
-420 -183
-414 -510
-101 -566
-158 -48
-360 -319
-483 -65
-483 -273
-69 -555
-328 -328
-528 -285
-481 -76
-76 -285
-262 -157
-115 -277
-252 -365
-50 -98
-509 -273
-203 -559
-471 -566
-561 -13
-322 -479
-252 -436
-417 -80
-354 -42
-254 -186
-320 -65
-262 -300
-449 -80
-457 -190
-226 -559
-561 -42
-39 -439
-262 -141
-481 -134
-158 -210
-481 -547
-101 -468
-287 -65
-561 -170
-262 -328
-360 -242
-24 -421
-288 -377
-528 -291
-12 -231
-514 -501
-414 -365
-200 -197
-12 -277
-446 -183
-388 -167
-481 -137
-531 -35
-101 -65
-449 -35
-217 -138
-203 -35
-484 -11
-12 -208
-217 -566
-328 -543
-509 -11
-449 -91
-23 -500
-39 -273
-72 -255
-561 -379
-46 -363
-453 -255
-80 -468
-459 -11
-545 -379
-531 -400
-420 -328
-103 -348
-31 -17
-12 -74
-156 -17
-484 -197
-287 -479
-528 -11
-328 -193
-103 -468
-200 -52
-252 -208
-270 -11
-80 -48
-101 -315
-76 -74
-217 -210
-514 -275
-212 -404
-72 -315
-420 -441
-258 -328
-171 -192
-31 -553
-78 -309
-433 -138
-366 -98
-561 -428
-80 -277
-287 -436
-446 -511
-509 -468
-328 -65
-135 -273
-453 -379
-217 -510
-333 -277
-254 -248
-12 -96
-270 -277
-333 -48
-39 -375
-403 -210
-561 -303
-71 -361
-156 -138
-158 -436
-31 -421
-31 -404
-217 -468
-471 -348
-12 -500
-339 -231
-453 -421
-309 -157
-158 -547
-23 -242
-262 -137
-254 -365
-135 -328
-426 -400
-477 -11
-93 -291
-317 -479
-449 -501
-221 -74
-403 -17
-156 -193
-414 -210
-217 -478
-545 -404
-226 -309
-93 -190
-262 -190
-276 -170
-76 -277
-231 -138
-252 -577
-329 -138
-270 -547
-531 -124
-135 -421
-514 -436
-448 -361
-135 -428
-252 -183
-235 -421
-354 -226
-228 -80
-270 -65
-43 -421
-518 -74
-203 -80
-403 -328
-328 -379
-78 -348
-509 -365
-226 -285
-254 -507
-330 -550
-252 -137
-449 -577
-39 -400
-276 -500
-420 -537
-76 -547
-409 -197
-185 -441
-37 -361
-366 -457
-80 -291
-31 -226
-339 -275
-101 -439
-339 -510
-182 -291
-287 -441
-76 -328
-226 -303
-302 -210
-254 -138
-532 -35
-504 -412
-287 -80
-403 -377
-339 -499
-231 -208
-101 -98
-504 -291
-39 -11
-71 -80
-545 -550
-484 -248
-252 -35
-458 -17
-339 -247
-528 -52
-23 -550
-414 -566
-561 -400
-276 -74
-287 -226
-76 -511
-471 -190
-39 -197
-156 -363
-477 -511
-403 -300
-254 -315
-72 -421
-449 -499
-528 -441
-182 -574
-409 -377
-203 -138
-481 -439
-426 -91
-71 -48
-31 -80
-561 -127
-561 -291
-488 -577
-72 -309
-287 -478
-403 -51
-481 -291
-76 -479
-471 -537
-207 -74
-531 -348
-20 -388
-458 -98
-228 -319
-31 -48
-403 -190
-352 -365
-317 -547
-484 -291
-231 -495
-12 -479
-226 -468
-320 -421
-156 -273
-101 -134
-302 -377
-504 -167
-484 -210
-69 -247
-24 -98
-12 -377
-270 -255
-135 -319
-360 -35
-46 -555
-158 -577
-488 -388
-452 -305
-433 -525
-465 -124
-409 -91
-284 -421
-471 -547
-135 -478
-287 -277
-158 -35
-101 -421
-221 -247
-287 -328
-182 -277
-226 -291
-514 -183
-488 -48
-488 -11
-458 -436
-518 -365
-417 -157
-478 -315
-284 -468
-322 -277
-135 -248
-320 -35
-476 -167
-518 -388
-484 -17
-258 -273
-409 -436
-449 -98
-135 -303
-545 -275
-354 -190
-366 -377
-76 -210
-453 -507
-414 -255
-357 -80
-366 -348
-46 -192
-481 -157
-171 -157
-433 -291
-284 -11
-339 -82
-320 -69
-50 -566
-488 -365
-276 -363
-71 -11
-330 -577
-104 -291
-354 -559
-426 -167
-465 -354
-254 -48
-185 -550
-514 -388
-339 -138
-531 -11
-425 -197
-550 -134
-471 -507
-453 -479
-182 -361
-409 -157
-550 -365
-156 -300
-37 -242
-235 -537
-78 -114
-276 -248
-12 -192
-185 -258
-509 -124
-354 -365
-101 -499
-287 -248
-330 -17
-453 -35
-252 -468
-104 -421
-76 -553
-252 -315
-360 -511
-561 -574
-309 -210
-31 -35
-478 -501
-478 -537
-328 -388
-288 -157
-182 -11
-252 -495
-235 -305
-330 -190
-185 -315
-478 -543
-217 -11
-333 -197
-217 -421
-24 -167
-545 -255
-561 -305
-484 -468
-287 -258
-221 -328
-20 -291
-78 -210
-69 -244
-200 -69
-459 -138
-76 -190
-453 -210
-39 -114
-380 -537
-69 -197
-481 -65
-171 -247
-449 -210
-464 -577
-276 -91
-287 -134
-217 -537
-488 -17
-200 -300
-72 -361
-360 -441
-46 -183
-531 -328
-403 -273
-420 -65
-171 -208
-288 -197
-252 -275
-453 -354
-200 -507
-328 -192
-403 -248
-254 -439
-101 -157
-276 -379
-80 -98
-23 -157
-457 -157
-320 -400
-252 -421
-483 -421
-446 -559
-221 -319
-80 -404
-80 -537
-464 -468
-561 -537
-530 -577
-329 -507
-545 -258
-309 -511
-37 -35
-69 -479
-484 -91
-231 -421
-69 -183
-360 -52
-200 -547
-212 -441
-39 -328
-101 -300
-276 -258
-207 -315
-221 -98
-446 -457
-207 -354
-354 -55
-360 -377
-481 -26
-352 -559
-228 -328
-449 -76
-380 -305
-73 -404
-200 -196
-254 -183
-185 -348
-101 -507
-339 -74
-69 -17
-23 -400
-76 -197
-330 -26
-481 -510
-328 -91
-354 -183
-287 -74
-504 -193
-471 -273
-426 -124
-471 -48
-140 -511
-477 -547
-226 -457
-380 -273
-339 -48
-101 -190
-200 -91
-339 -363
-254 -225
-50 -134
-426 -300
-46 -11
-23 -291
-135 -91
-72 -348
-504 -134
-328 -511
-104 -348
-352 -124
-465 -183
-409 -183
-471 -65
-380 -328
-196 -247
-203 -537
-39 -577
-46 -226
-330 -388
-104 -550
-254 -192
-477 -404
-417 -210
-302 -365
-76 -566
-471 -247
-217 -550
-426 -48
-417 -348
-426 -226
-322 -377
-72 -292
-72 -52
-464 -193
-528 -166
-76 -35
-43 -300
-258 -65
-380 -404
-93 -80
-226 -510
-446 -48
-72 -388
-276 -354
-71 -193
-115 -577
-12 -468
-226 -35
-403 -196
-287 -48
-31 -247
-39 -183
-320 -565
-135 -543
-339 -468
-228 -74
-76 -170
-203 -124
-446 -248
-46 -441
-228 -468
-304 -48
-528 -379
-446 -80
-252 -478
-287 -91
-531 -98
-20 -499
-420 -13
-414 -468
-458 -553
-207 -348
-101 -226
-477 -167
-484 -507
-453 -500
-135 -35
-476 -499
-80 -52
-76 -247
-476 -35
-46 -277
-414 -167
-330 -377
-231 -226
-471 -553
-388 -479
-330 -42
-403 -291
-276 -361
-39 -285
-231 -124
-471 -388
-228 -134
-69 -98
-545 -134
-171 -134
-156 -226
-73 -247
-380 -577
-12 -292
-258 -577
-477 -421
-561 -69
-320 -91
-76 -348
-409 -273
-276 -547
-448 -210
-31 -547
-46 -35
-207 -114
-360 -225
-302 -247
-545 -510
-24 -74
-477 -91
-262 -197
-545 -303
-420 -553
-532 -124
-302 -258
-477 -441
-185 -501
-464 -553
-561 -565
-388 -291
-76 -404
-302 -193
-104 -167
-72 -525
-73 -35
-69 -365
-76 -436
-78 -305
-453 -300
-360 -244
-46 -167
-253 -124
-464 -91
-72 -479
-426 -157
-530 -441
-78 -17
-20 -98
-156 -354
-320 -242
-328 -305
-464 -510
-76 -291
-449 -52
-483 -495
-37 -124
-420 -285
-366 -91
-561 -231
-329 -291
-185 -98
-471 -69
-320 -412
-72 -134
-481 -98
-231 -319
-453 -277
-302 -11
-509 -167
-320 -167
-488 -52
-333 -305
-453 -167
-477 -80
-403 -375
-212 -17
-481 -303
-561 -421
-478 -167
-254 -559
-226 -439
-72 -197
-481 -559
-80 -190
-76 -65
-80 -441
-471 -226
-448 -52
-449 -291
-545 -400
-196 -501
-78 -365
-483 -577
-504 -348
-366 -255
-104 -441
-457 -127
-50 -80
-258 -157
-528 -167
-104 -242
-287 -247
-104 -305
-135 -48
-420 -275
-409 -388
-471 -11
-414 -65
-330 -35
-449 -555
-72 -258
-212 -479
-514 -208
-426 -138
-464 -275
-46 -208
-464 -197
-185 -553
-258 -11
-514 -412
-453 -157
-270 -80
-464 -377
-23 -468
-31 -537
-433 -11
-31 -328
-380 -242
-545 -247
-380 -244
-317 -577
-262 -242
-320 -441
-448 -80
-471 -157
-101 -479
-276 -51
-354 -500
-464 -361
-403 -98
-69 -277
-104 -547
-80 -74
-403 -80
-458 -412
-471 -292
-69 -170
-72 -65
-403 -197
-80 -183
-484 -365
-78 -537
-217 -328
-276 -291
-477 -457
-200 -48
-477 -26
-414 -197
-276 -468
-414 -559
-217 -388
-207 -197
-276 -375
-453 -361
-309 -335
-23 -421
-200 -273
-252 -543
-12 -48
-185 -74
-465 -537
-449 -379
-207 -553
-328 -505
-69 -505
-72 -273
-483 -48
-231 -363
-284 -190
-101 -91
-328 -547
-509 -499
-464 -315
-328 -291
-322 -300
-528 -468
-69 -309
-93 -547
-156 -166
-78 -436
-196 -80
-80 -335
-420 -377
-518 -167
-561 -55
-339 -225
-287 -242
-23 -559
-200 -525
-509 -52
-514 -468
-101 -51
-12 -328
-403 -170
-471 -505
-262 -436
-203 -255
-182 -226
-477 -52
-185 -255
-12 -499
-320 -361
-453 -499
-478 -98
-217 -193
-464 -291
-561 -566
-76 -428
-449 -74
-80 -363
-433 -436
-352 -17
-200 -468
-39 -421
-69 -577
-322 -226
-262 -400
-328 -315
-103 -436
-72 -478
-203 -91
-309 -328
-504 -74
-39 -547
-158 -138
-484 -479
-12 -505
-262 -547
-135 -242
-380 -436
-12 -42
-380 -315
-104 -65
-458 -388
-458 -315
-39 -98
-477 -566
-185 -291
-352 -277
-217 -242
-217 -400
-253 -305
-518 -11
-182 -511
-414 -577
-252 -319
-69 -305
-171 -335
-69 -510
-426 -166
-477 -98
-504 -565
-531 -247
-171 -91
-483 -511
-78 -315
-101 -553
-76 -42
-357 -273
-320 -305
-528 -315
-302 -404
-252 -354
-104 -379
-254 -26
-185 -80
-530 -157
-433 -507
-101 -505
-380 -421
-403 -553
-69 -35
-328 -559
-388 -537
-550 -328
-288 -65
-284 -404
-39 -379
-388 -436
-448 -183
-514 -196
-309 -436
-320 -80
-504 -277
-302 -52
-31 -300
-531 -76
-23 -507
-403 -247
-458 -404
-228 -553
-354 -98
-217 -197
-46 -305
-330 -134
-80 -138
-302 -507
-276 -242
-360 -65
-276 -292
-476 -197
-171 -300
-212 -226
-71 -577
-23 -192
-185 -193
-43 -559
-43 -577
-514 -365
-354 -377
-200 -421
-252 -186
-328 -167
-550 -98
-156 -65
-330 -348
-50 -479
-458 -319
-403 -225
-171 -305
-425 -138
-276 -11
-31 -499
-276 -511
-228 -190
-464 -190
-532 -138
-71 -365
-276 -35
-73 -157
-221 -377
-115 -441
-488 -277
-31 -375
-380 -511
-471 -167
-287 -167
-207 -500
-226 -248
-258 -499
-360 -348
-360 -292
-252 -166
-226 -275
-339 -428
-339 -577
-484 -242
-78 -134
-185 -479
-103 -197
-182 -91
-31 -555
-504 -566
-360 -547
-217 -305
-69 -303
-531 -468
-509 -291
-39 -247
-217 -507
-309 -379
-433 -388
-453 -428
-531 -479
-414 -305
-417 -138
-12 -244
-80 -13
-360 -505
-103 -190
-80 -35
-426 -52
-380 -363
-200 -277
-252 -157
-171 -379
-276 -365
-284 -328
-254 -74
-182 -377
-417 -328
-320 -141
-217 -436
-532 -17
-217 -577
-309 -565
-471 -208
-212 -566
-354 -379
-43 -468
-414 -52
-31 -566
-231 -468
-254 -577
-262 -375
-226 -388
-417 -479
-481 -388
-464 -138
-320 -26
-302 -65
-403 -277
-46 -468
-226 -170
-43 -134
-262 -421
-200 -11
-320 -300
-448 -577
-457 -226
-302 -80
-483 -328
-531 -197
-37 -114
-171 -559
-101 -457
-276 -303
-458 -555
-226 -505
-50 -42
-50 -537
-504 -478
-471 -565
-80 -315
-504 -183
-302 -291
-481 -300
-228 -361
-528 -377
-360 -127
-158 -167
-12 -225
-287 -577
-561 -134
-458 -124
-12 -91
-101 -500
-200 -328
-80 -511
-465 -157
-328 -258
-328 -157
-448 -193
-302 -400
-80 -354
-550 -577
-477 -197
-46 -193
-354 -291
-433 -190
-452 -300
-481 -543
-414 -363
-478 -91
-254 -510
-514 -537
-302 -577
-69 -457
-24 -11
-235 -48
-276 -42
-380 -501
-185 -543
-452 -566
-231 -404
-426 -574
-532 -98
-449 -277
-287 -98
-528 -247
-509 -553
-50 -157
-200 -335
-276 -479
-231 -35
-509 -35
-252 -197
-458 -479
-458 -190
-488 -507
-12 -478
-388 -273
-304 -74
-528 -141
-426 -507
-115 -11
-464 -404
-156 -285
-420 -421
-426 -553
-504 -574
-302 -379
-509 -388
-76 -48
-471 -91
-46 -291
-217 -258
-39 -55
-101 -138
-302 -197
-446 -193
-459 -157
-43 -511
-477 -186
-69 -436
-380 -365
-420 -505
-23 -167
-545 -421
-309 -183
-504 -137
-328 -309
-328 -436
-329 -388
-217 -69
-304 -328
-504 -91
-339 -141
-31 -478
-477 -559
-380 -183
-226 -11
-484 -377
-453 -96
-80 -555
-252 -69
-530 -98
-69 -565
-171 -553
-135 -114
-380 -80
-23 -361
-31 -210
-320 -127
-477 -190
-354 -157
-449 -537
-464 -388
-518 -197
-235 -11
-530 -190
-93 -65
-446 -98
-76 -300
-417 -226
-531 -48
-103 -559
-284 -547
-207 -244
-504 -255
-72 -48
-484 -35
-528 -197
-31 -192
-360 -273
-24 -65
-403 -501
-217 -404
-380 -566
-31 -183
-23 -244
-23 -124
-478 -377
-514 -495
-31 -242
-446 -478
-509 -190
-471 -258
-417 -190
-302 -183
-531 -248
-329 -537
-207 -574
-200 -275
-458 -208
-39 -134
-531 -361
-200 -17
-380 -65
-320 -208
-514 -511
-71 -547
-380 -48
-302 -305
-330 -80
-39 -388
-320 -428
-452 -242
-135 -190
-531 -354
-360 -48
-31 -11
-207 -69
-320 -48
-226 -210
-252 -285
-72 -247
-531 -543
-420 -543
-171 -273
-414 -501
-448 -65
-426 -499
-309 -124
-465 -80
-458 -361
-504 -210
-302 -190
-270 -17
-262 -42
-449 -404
-221 -577
-328 -292
-409 -379
-354 -277
-135 -565
-72 -507
-73 -365
-339 -553
-135 -11
-135 -361
-103 -315
-453 -441
-366 -17
-449 -157
-452 -11
-330 -226
-101 -303
-425 -499
-287 -225
-46 -51
-309 -479
-39 -436
-104 -80
-284 -210
-104 -505
-140 -361
-71 -91
-156 -361
-262 -183
-322 -11
-203 -197
-317 -315
-185 -404
-217 -52
-532 -328
-317 -300
-380 -468
-357 -436
-333 -388
-228 -436
-481 -365
-477 -479
-457 -507
-409 -479
-532 -190
-420 -138
-446 -348
-302 -495
-459 -52
-452 -157
-452 -124
-561 -48
-417 -377
-71 -277
-478 -547
-235 -436
-453 -505
-309 -26
-545 -388
-212 -400
-339 -291
-72 -559
-550 -74
-156 -242
-322 -511
-320 -247
-171 -291
-360 -275
-158 -553
-476 -543
-471 -193
-39 -91
-528 -80
-328 -574
-72 -285
-69 -335
-182 -436
-360 -499
-453 -258
-276 -421
-212 -577
-226 -365
-50 -412
-504 -65
-226 -96
-76 -124
-262 -193
-284 -566
-217 -183
-514 -42
-71 -197
-185 -35
-217 -134
-200 -457
-212 -134
-104 -404
-231 -170
-78 -277
-135 -436
-103 -577
-46 -315
-171 -499
-388 -365
-328 -17
-135 -309
-545 -511
-23 -138
-287 -124
-339 -124
-309 -35
-228 -273
-414 -242
-101 -543
-426 -457
-354 -309
-477 -328
-320 -134
-284 -65
-287 -439
-252 -11
-426 -361
-221 -124
-366 -52
-200 -292
-302 -26
-270 -242
-561 -17
-477 -275
-135 -210
-253 -577
-12 -55
-302 -328
-483 -157
-545 -208
-354 -91
-12 -428
-288 -537
-403 -96
-207 -335
-93 -124
-380 -186
-330 -468
-24 -52
-545 -468
-320 -348
-69 -499
-530 -328
-484 -457
-464 -300
-330 -166
-276 -244
-328 -210
-254 -479
-333 -479
-420 -248
-302 -42
-185 -478
-426 -577
-226 -273
-231 -500
-69 -124
-403 -166
-366 -511
-207 -157
-252 -248
-231 -305
-171 -479
-414 -507
-46 -479
-185 -48
-483 -80
-360 -501
-453 -550
-531 -138
-254 -499
-354 -247
-317 -511
-531 -553
-252 -65
-262 -457
-156 -255
-425 -65
-80 -566
-339 -388
-481 -553
-414 -525
-104 -166
-262 -167
-304 -80
-481 -354
-207 -134
-76 -388
-73 -197
-328 -404
-270 -421
-561 -553
-302 -499
-203 -577
-254 -501
-425 -577
-561 -141
-254 -208
-446 -565
-504 -17
-304 -183
-453 -134
-433 -167
-101 -192
-262 -52
-360 -231
-101 -196
-12 -248
-158 -574
-433 -501
-481 -42
-104 -495
-481 -377
-24 -441
-253 -501
-514 -197
-23 -127
-545 -170
-488 -361
-453 -547
-477 -141
-31 -361
-23 -375
-471 -35
-228 -547
-258 -348
-12 -388
-262 -510
-465 -11
-254 -421
-135 -137
-39 -52
-504 -273
-50 -361
-545 -335
-185 -328
-302 -285
-200 -80
-504 -377
-426 -197
-140 -65
-414 -315
-417 -553
-185 -388
-425 -157
-69 -421
-104 -127
-287 -553
-550 -52
-12 -197
-12 -170
-453 -52
-140 -577
-252 -91
-262 -507
-23 -255
-464 -363
-156 -559
-459 -559
-171 -74
-203 -277
-528 -566
-207 -468
-545 -507
-464 -42
-531 -547
-207 -247
-287 -507
-426 -303
-448 -157
-140 -404
-530 -537
-477 -273
-262 -291
-449 -190
-212 -247
-453 -186
-31 -510
-304 -52
-101 -183
-509 -65
-330 -48
-104 -303
-43 -167
-182 -404
-317 -210
-270 -577
-333 -404
-226 -98
-309 -80
-135 -244
-262 -138
-196 -550
-532 -167
-226 -478
-287 -17
-43 -138
-352 -74
-476 -190
-276 -247
-465 -17
-231 -361
-403 -193
-231 -26
-253 -421
-458 -400
-254 -13
-561 -11
-481 -208
-73 -577
-262 -479
-302 -277
-171 -138
-252 -388
-478 -65
-12 -436
-185 -566
-262 -98
-453 -495
-135 -300
-302 -48
-446 -226
-333 -190
-514 -550
-322 -553
-182 -507
-514 -134
-446 -388
-481 -501
-309 -255
-39 -377
-420 -210
-31 -348
-262 -114
-320 -436
-478 -74
-262 -559
-39 -300
-93 -74
-514 -80
-23 -231
-104 -210
-135 -547
-23 -196
-403 -315
-464 -507
-477 -13
-420 -98
-23 -183
-561 -275
-43 -80
-409 -48
-380 -210
-196 -365
-71 -421
-528 -495
-561 -510
-80 -273
-458 -547
-288 -74
-23 -553
-328 -275
-458 -309
-531 -525
-528 -335
-528 -157
-420 -193
-185 -354
-69 -361
-354 -315
-488 -255
-425 -80
-426 -354
-403 -479
-253 -404
-366 -277
-328 -577
-426 -277
-140 -421
-309 -478
-304 -11
-339 -501
-426 -479
-449 -48
-253 -65
-302 -428
-514 -210
-12 -555
-231 -210
-231 -98
-93 -577
-258 -134
-484 -436
-217 -377
-477 -124
-23 -65
-477 -74
-254 -82
-484 -547
-433 -577
-103 -74
-200 -441
-425 -183
-545 -574
-284 -335
-417 -365
-252 -547
-452 -91
-339 -91
-156 -80
-135 -193
-471 -51
-23 -52
-12 -441
-37 -244
-80 -258
-43 -98
-339 -505
-446 -328
-80 -166
-426 -328
-360 -421
-528 -439
-388 -35
-254 -361
-231 -242
-354 -479
-360 -17
-46 -501
-339 -292
-514 -303
-135 -277
-320 -577
-403 -436
-101 -547
-254 -255
-426 -292
-531 -183
-156 -82
-354 -505
-39 -335
-488 -80
-226 -328
-76 -565
-276 -114
-464 -157
-528 -277
-135 -26
-104 -76
-101 -441
-69 -52
-561 -348
-39 -69
-339 -98
-221 -11
-420 -17
-420 -468
-171 -537
-414 -11
-73 -377
-46 -361
-531 -428
-531 -190
-253 -559
-185 -242
-171 -98
-448 -167
-481 -361
-465 -65
-483 -305
-288 -11
-453 -11
-458 -457
-471 -74
-39 -124
-12 -285
-226 -231
-458 -35
-24 -388
-171 -80
-23 -170
-101 -255
-518 -190
-104 -193
-504 -404
-76 -303
-449 -468
-452 -468
-464 -98
-226 -436
-156 -348
-200 -348
-69 -388
-12 -404
-182 -315
-488 -328
-185 -244
-453 -363
-200 -35
-420 -247
-12 -17
-207 -479
-514 -48
-446 -553
-545 -248
-231 -565
-252 -192
-287 -255
-46 -309
-80 -242
-477 -574
-302 -134
-171 -48
-328 -35
-104 -247
-46 -244
-545 -441
-200 -190
-196 -553
-182 -300
-471 -510
-530 -11
-46 -547
-481 -242
-545 -91
-414 -303
-288 -566
-156 -76
-262 -166
-254 -91
-561 -319
-69 -404
-458 -300
-200 -51
-420 -80
-425 -377
-360 -190
-200 -65
-420 -436
-270 -468
-12 -412
-352 -577
-458 -468
-156 -98
-43 -11
-309 -134
-200 -157
-339 -365
-320 -377
-328 -225
-532 -479
-504 -388
-449 -242
-254 -98
-288 -242
-185 -273
-262 -499
-504 -98
-514 -52
-252 -507
-514 -285
-425 -35
-403 -361
-104 -35
-449 -137
-37 -157
-262 -566
-228 -11
-200 -167
-339 -525
-46 -404
-101 -354
-284 -48
-203 -300
-46 -507
-317 -507
-287 -210
-200 -412
-302 -137
-452 -35
-226 -255
-360 -55
-31 -65
-530 -76
-135 -577
-185 -457
-39 -457
-449 -365
-212 -436
-561 -478
-270 -507
-561 -98
-304 -577
-76 -114
-354 -537
-231 -300
-231 -505
-207 -537
-207 -547
-483 -553
-464 -478
-320 -550
-200 -183
-426 -80
-262 -553
-80 -91
-69 -354
-457 -559
-226 -335
-101 -400
-484 -361
-140 -242
-320 -190
-357 -348
-207 -379
-254 -17
-31 -42
-322 -98
-464 -183
-477 -565
-39 -65
-459 -17
-252 -193
-448 -377
-453 -468
-287 -186
-449 -255
-458 -80
-93 -305
-31 -525
-23 -335
-156 -167
-339 -404
-449 -478
-287 -192
-103 -273
-330 -439
-46 -248
-140 -501
-309 -291
-518 -511
-478 -348
-561 -388
-545 -52
-104 -365
-403 -319
-207 -319
-231 -258
-73 -190
-403 -192
-304 -315
-78 -124
-380 -428
-196 -17
-254 -377
-104 -114
-484 -96
-221 -52
-409 -124
-37 -577
-302 -300
-484 -226
-287 -13
-258 -193
-156 -91
-235 -52
-317 -80
-115 -361
-481 -319
-403 -439
-366 -559
-545 -183
-71 -74
-320 -500
-200 -428
-528 -76
-425 -210
-458 -499
-457 -134
-452 -577
-464 -196
-135 -365
-545 -196
-476 -242
-12 -13
-531 -305
-262 -76
-433 -226
-433 -547
-217 -127
-46 -55
-135 -186
-514 -124
-226 -183
-330 -157
-76 -412
-414 -17
-449 -315
-448 -291
-212 -365
-171 -388
-226 -225
-328 -242
-426 -468
-420 -91
-31 -412
-200 -566
-414 -505
-287 -305
-254 -328
-39 -277
-252 -134
-530 -365
-357 -547
-24 -300
-309 -574
-354 -193
-20 -468
-471 -511
-262 -577
-185 -305
-360 -361
-37 -167
-403 -74
-262 -134
-354 -52
-465 -134
-69 -507
-471 -80
-464 -479
-477 -65
-464 -65
-309 -555
-471 -242
-528 -501
-203 -479
-78 -225
-459 -547
-12 -138
-217 -363
-156 -495
-339 -507
-103 -11
-101 -82
-339 -537
-357 -566
-317 -273
-207 -255
-426 -511
-196 -91
-561 -277
-333 -183
-320 -501
-80 -500
-330 -11
-76 -361
-449 -507
-24 -157
-328 -553
-329 -11
-302 -441
-200 -361
-561 -225
-158 -124
-414 -273
-476 -377
-37 -511
-262 -127
-417 -124
-115 -48
-481 -479
-380 -11
-50 -48
-458 -328
-484 -124
-457 -98
-504 -319
-207 -192
-270 -231
-235 -479
-380 -361
-72 -328
-481 -511
-459 -74
-226 -134
-262 -354
-420 -52
-403 -543
-448 -255
-530 -377
-196 -98
-360 -248
-476 -501
-254 -196
-484 -501
-388 -555
-252 -292
-483 -566
-354 -441
-317 -499
-72 -242
-366 -315
-262 -537
-448 -300
-446 -196
-380 -114
-409 -210
-93 -328
-217 -65
-253 -388
-69 -141
-518 -421
-302 -98
-226 -65
-252 -124
-403 -309
-352 -363
-258 -35
-46 -52
-171 -52
-420 -300
-72 -543
-76 -69
-329 -193
-484 -441
-453 -436
-465 -553
-156 -547
-302 -186
-287 -96
-464 -439
-46 -365
-231 -74
-12 -114
-459 -183
-330 -566
-31 -91
-76 -377
-550 -348
-104 -525
-414 -565
-532 -559
-453 -543
-12 -421
-476 -547
-207 -400
-302 -363
-339 -226
-339 -52
-12 -193
-518 -98
-452 -479
-287 -315
-135 -197
-39 -138
-69 -258
-449 -500
-104 -69
-20 -305
-561 -361
-115 -335
-403 -577
-561 -183
-235 -65
-330 -507
-528 -242
-231 -441
-72 -303
-477 -510
-330 -565
-23 -501
-446 -65
-561 -525
-329 -124
-23 -80
-352 -91
-12 -525
-545 -197
-276 -183
-453 -17
-101 -13
-446 -404
-23 -277
-171 -441
-226 -26
-228 -197
-449 -510
-330 -52
-309 -98
-481 -441
-329 -468
-200 -319
-426 -566
-12 -553
-380 -42
-31 -244
-446 -42
-24 -315
-561 -543
-101 -525
-262 -439
-76 -457
-446 -566
-471 -98
-425 -98
-484 -186
-72 -500
-459 -242
-409 -242
-72 -137
-433 -183
-207 -421
-417 -11
-449 -559
-212 -478
-212 -52
-414 -98
-207 -17
-288 -511
-185 -300
-330 -273
-276 -553
-135 -537
-514 -553
-504 -208
-545 -192
-328 -186
-115 -507
-207 -507
-339 -559
-158 -183
-76 -11
-481 -138
-302 -242
-287 -511
-446 -138
-69 -291
-476 -277
-235 -377
-69 -292
-354 -555
-302 -35
-302 -436
-171 -69
-254 -170
-31 -565
-414 -300
-446 -547
-171 -478
-458 -52
-354 -74
-228 -48
-217 -82
-459 -134
-12 -354
-287 -501
-504 -501
-71 -501
-252 -96
-31 -501
-69 -566
-446 -127
-276 -275
-477 -138
-484 -421
-357 -537
-333 -547
-354 -244
-449 -375
-464 -565
-39 -495
-545 -65
-254 -11
-156 -186
-360 -404
-330 -511
-561 -441
-458 -365
-20 -436
-226 -138
-339 -547
-330 -328
-72 -553
-252 -328
-196 -291
-453 -193
-518 -468
-354 -499
-484 -193
-156 -225
-458 -277
-339 -348
-488 -226
-185 -17
-69 -412
-276 -507
-23 -35
-254 -65
-457 -124
-221 -559
-93 -421
-221 -248
-414 -192
-446 -208
-320 -138
-252 -510
-217 -501
-531 -226
-231 -166
-545 -231
-104 -553
-448 -499
-207 -193
-471 -479
-207 -124
-453 -248
-484 -555
-309 -244
-449 -17
-185 -436
-171 -547
-518 -537
-471 -439
-156 -328
-414 -157
-388 -277
-231 -328
-217 -137
-471 -303
-561 -208
-484 -225
-409 -577
-471 -478
-453 -98
-182 -354
-309 -566
-561 -35
-477 -543
-212 -11
-328 -273
-207 -377
-258 -96
-380 -291
-135 -507
-328 -566
-545 -242
-514 -505
-226 -499
-464 -225
-330 -436
-72 -51
-207 -375
-449 -138
-528 -55
-50 -421
-446 -315
-561 -26
-72 -80
-452 -559
-465 -291
-12 -309
-465 -499
-115 -91
-72 -183
-309 -13
-465 -577
-477 -501
-235 -193
-545 -80
-23 -134
-101 -412
-330 -210
-46 -231
-24 -291
-185 -499
-426 -555
-330 -197
-207 -277
-403 -258
-478 -124
-207 -242
-207 -305
-504 -11
-270 -226
-426 -26
-458 -439
-231 -277
-328 -412
-262 -69
-171 -13
-101 -404
-203 -404
-37 -91
-231 -141
-545 -124
-426 -247
-101 -242
-231 -303
-339 -566
-488 -499
-69 -328
-426 -74
-352 -566
-530 -197
-433 -65
-459 -35
-262 -525
-458 -258
-276 -559
-12 -319
-352 -193
-226 -501
-484 -404
-231 -348
-135 -124
-135 -226
-459 -499
-449 -231
-481 -428
-262 -124
-317 -226
-329 -167
-72 -55
-50 -17
-221 -315
-217 -441
-330 -501
-333 -537
-414 -190
-328 -170
-514 -247
-339 -436
-464 -436
-458 -247
-156 -501
-288 -300
-103 -91
-276 -537
-78 -13
-200 -365
-320 -170
-135 -247
-252 -52
-458 -363
-93 -13
-228 -315
-31 -137
-414 -441
-12 -379
-458 -377
-31 -193
-12 -190
-276 -231
-12 -134
-135 -511
-104 -412
-504 -226
-414 -377
-339 -17
-328 -479
-221 -138
-276 -277
-471 -354
-561 -52
-231 -255
-561 -547
-39 -348
-12 -141
-481 -80
-302 -510
-320 -196
-481 -537
-528 -255
-449 -479
-414 -436
-31 -309
-171 -501
-532 -577
-484 -499
-276 -138
-276 -134
-360 -193
-488 -167
-115 -273
-23 -354
-182 -134
-484 -495
-78 -138
-320 -315
-12 -510
-73 -273
-217 -499
-276 -428
-504 -379
-380 -137
-226 -511
-452 -210
-528 -510
-23 -305
-464 -208
-354 -328
-484 -255
-156 -377
-528 -577
-200 -193
-403 -226
-309 -543
-200 -248
-433 -537
-31 -457
-504 -80
-464 -566
-80 -96
-101 -277
-72 -166
-380 -98
-514 -328
-12 -157
-481 -11
-115 -328
-477 -335
-426 -17
-464 -305
-477 -553
-309 -65
-284 -577
-420 -550
-200 -231
-231 -11
-471 -305
-514 -91
-459 -190
-226 -537
-561 -76
-12 -543
-12 -335
-426 -500
-135 -495
-104 -300
-403 -379
-354 -439
-135 -501
-24 -348
-287 -183
-330 -277
-43 -507
-476 -479
-231 -96
-484 -315
-156 -309
-270 -553
-459 -255
-80 -439
-78 -404
-101 -193
-458 -507
-464 -52
-270 -388
-200 -226
-420 -319
-46 -439
-446 -35
-231 -547
-448 -305
-561 -193
-12 -305
-330 -500
-561 -439
-217 -208
-69 -65
-221 -441
-185 -505
-333 -255
-458 -292
-339 -134
-528 -74
-78 -98
-73 -183
-481 -478
-561 -363
-46 -559
-235 -441
-339 -65
-425 -547
-231 -292
-309 -361
-302 -375
-561 -210
-320 -55
-458 -183
-329 -91
-103 -42
-115 -42
-115 -13
-103 -13
-103 -26
-93 -26
-93 -42
-78 -42
-78 -26
-73 -26
-73 -13
-20 -13
-20 -26
-71 -26
-71 -42
-73 -42
-73 -51
-93 -51
-93 -55
-103 -55
-103 -69
-78 -69
-78 -55
-73 -55
-73 -69
-71 -69
-71 -51
-50 -51
-50 -69
-43 -69
-43 -42
-37 -42
-37 -51
-24 -51
-24 -42
-20 -42
-20 -55
-37 -55
-37 -69
-20 -69
-20 -76
-73 -76
-73 -82
-20 -82
-20 -96
-71 -96
-71 -114
-73 -114
-73 -96
-78 -96
-78 -76
-103 -76
-103 -82
-115 -82
-115 -76
-140 -76
-140 -114
-158 -114
-158 -76
-182 -76
-182 -82
-212 -82
-212 -96
-221 -96
-221 -82
-235 -82
-235 -114
-212 -114
-212 -127
-196 -127
-196 -114
-203 -114
-203 -96
-182 -96
-182 -127
-115 -127
-115 -96
-93 -96
-93 -114
-103 -114
-103 -127
-73 -127
-73 -137
-115 -137
-115 -141
-71 -141
-71 -127
-50 -127
-50 -114
-43 -114
-43 -127
-24 -127
-24 -114
-20 -114
-20 -137
-24 -137
-24 -141
-37 -141
-37 -137
-50 -137
-50 -141
-43 -141
-43 -166
-20 -166
-20 -248
-24 -248
-24 -170
-37 -170
-37 -192
-43 -192
-43 -170
-50 -170
-50 -166
-71 -166
-71 -170
-73 -170
-73 -166
-78 -166
-78 -170
-93 -170
-93 -166
-103 -166
-103 -186
-50 -186
-50 -192
-73 -192
-73 -196
-37 -196
-37 -208
-43 -208
-43 -225
-37 -225
-37 -231
-43 -231
-43 -248
-37 -248
-37 -258
-20 -258
-20 -285
-24 -285
-24 -275
-37 -275
-37 -292
-20 -292
-20 -303
-24 -303
-24 -309
-20 -309
-20 -379
-24 -379
-24 -354
-37 -354
-37 -335
-24 -335
-24 -319
-37 -319
-37 -303
-43 -303
-43 -354
-50 -354
-50 -292
-43 -292
-43 -258
-50 -258
-50 -208
-71 -208
-71 -225
-73 -225
-73 -208
-78 -208
-78 -192
-93 -192
-93 -231
-73 -231
-73 -244
-71 -244
-71 -275
-50 -275
-50 -285
-71 -285
-71 -319
-73 -319
-73 -275
-78 -275
-78 -258
-73 -258
-73 -248
-78 -248
-78 -244
-93 -244
-93 -248
-115 -248
-115 -244
-103 -244
-103 -231
-140 -231
-140 -225
-103 -225
-103 -208
-115 -208
-115 -196
-103 -196
-103 -192
-115 -192
-115 -166
-140 -166
-140 -137
-182 -137
-182 -141
-158 -141
-158 -166
-182 -166
-182 -170
-140 -170
-140 -208
-158 -208
-158 -186
-182 -186
-182 -225
-158 -225
-158 -231
-182 -231
-182 -244
-158 -244
-158 -248
-140 -248
-140 -258
-93 -258
-93 -275
-140 -275
-140 -285
-78 -285
-78 -303
-93 -303
-93 -292
-103 -292
-103 -309
-93 -309
-93 -319
-78 -319
-78 -335
-71 -335
-71 -354
-78 -354
-78 -363
-50 -363
-50 -379
-43 -379
-43 -363
-37 -363
-37 -400
-24 -400
-24 -412
-20 -412
-20 -428
-24 -428
-24 -439
-20 -439
-20 -457
-24 -457
-24 -478
-20 -478
-20 -495
-24 -495
-24 -500
-37 -500
-37 -412
-43 -412
-43 -400
-71 -400
-71 -412
-73 -412
-73 -428
-43 -428
-43 -457
-50 -457
-50 -439
-71 -439
-71 -478
-43 -478
-43 -495
-71 -495
-71 -500
-43 -500
-43 -505
-50 -505
-50 -510
-37 -510
-37 -505
-24 -505
-24 -510
-20 -510
-20 -525
-24 -525
-24 -543
-20 -543
-20 -574
-24 -574
-24 -550
-37 -550
-37 -525
-71 -525
-71 -543
-43 -543
-43 -555
-37 -555
-37 -574
-43 -574
-43 -565
-50 -565
-50 -550
-71 -550
-71 -574
-73 -574
-73 -555
-78 -555
-78 -574
-103 -574
-103 -565
-93 -565
-93 -555
-103 -555
-103 -550
-73 -550
-73 -543
-93 -543
-93 -525
-73 -525
-73 -510
-71 -510
-71 -505
-73 -505
-73 -439
-78 -439
-78 -510
-93 -510
-93 -495
-103 -495
-103 -543
-115 -543
-115 -574
-140 -574
-140 -565
-158 -565
-158 -555
-140 -555
-140 -550
-182 -550
-182 -543
-140 -543
-140 -525
-115 -525
-115 -510
-140 -510
-140 -505
-115 -505
-115 -478
-93 -478
-93 -428
-78 -428
-78 -412
-93 -412
-93 -400
-73 -400
-73 -379
-71 -379
-71 -375
-78 -375
-78 -379
-93 -379
-93 -335
-103 -335
-103 -319
-115 -319
-115 -292
-140 -292
-140 -354
-103 -354
-103 -428
-115 -428
-115 -439
-103 -439
-103 -457
-140 -457
-140 -500
-158 -500
-158 -505
-182 -505
-182 -495
-158 -495
-158 -457
-182 -457
-182 -439
-140 -439
-140 -428
-196 -428
-196 -412
-115 -412
-115 -363
-140 -363
-140 -400
-158 -400
-158 -319
-182 -319
-182 -335
-196 -335
-196 -309
-158 -309
-158 -303
-196 -303
-196 -292
-158 -292
-158 -285
-196 -285
-196 -275
-158 -275
-158 -258
-182 -258
-182 -248
-196 -248
-196 -258
-203 -258
-203 -275
-212 -275
-212 -248
-203 -248
-203 -244
-196 -244
-196 -225
-203 -225
-203 -231
-212 -231
-212 -244
-221 -244
-221 -225
-212 -225
-212 -208
-196 -208
-196 -192
-203 -192
-203 -196
-212 -196
-212 -186
-196 -186
-196 -166
-203 -166
-203 -141
-196 -141
-196 -137
-212 -137
-212 -170
-221 -170
-221 -208
-228 -208
-228 -258
-221 -258
-221 -285
-203 -285
-203 -292
-212 -292
-212 -303
-203 -303
-203 -354
-196 -354
-196 -363
-182 -363
-182 -375
-196 -375
-196 -379
-182 -379
-182 -400
-203 -400
-203 -363
-212 -363
-212 -354
-221 -354
-221 -335
-212 -335
-212 -309
-221 -309
-221 -292
-228 -292
-228 -309
-235 -309
-235 -335
-228 -335
-228 -354
-235 -354
-235 -375
-228 -375
-228 -363
-221 -363
-221 -375
-212 -375
-212 -379
-221 -379
-221 -412
-203 -412
-203 -428
-221 -428
-221 -439
-196 -439
-196 -478
-203 -478
-203 -457
-221 -457
-221 -495
-196 -495
-196 -500
-203 -500
-203 -505
-196 -505
-196 -510
-158 -510
-158 -525
-196 -525
-196 -543
-203 -543
-203 -550
-212 -550
-212 -525
-203 -525
-203 -510
-212 -510
-212 -500
-221 -500
-221 -543
-228 -543
-228 -525
-235 -525
-235 -510
-228 -510
-228 -478
-235 -478
-235 -457
-228 -457
-228 -439
-253 -439
-253 -428
-228 -428
-228 -412
-258 -412
-258 -400
-228 -400
-228 -379
-253 -379
-253 -354
-258 -354
-258 -379
-270 -379
-270 -335
-253 -335
-253 -309
-258 -309
-258 -319
-284 -319
-284 -309
-270 -309
-270 -303
-235 -303
-235 -285
-228 -285
-228 -275
-235 -275
-235 -196
-228 -196
-228 -192
-235 -192
-235 -186
-228 -186
-228 -166
-221 -166
-221 -141
-228 -141
-228 -137
-221 -137
-221 -127
-235 -127
-235 -170
-253 -170
-253 -292
-270 -292
-270 -285
-258 -285
-258 -275
-270 -275
-270 -258
-258 -258
-258 -248
-270 -248
-270 -244
-258 -244
-258 -225
-284 -225
-284 -285
-288 -285
-288 -244
-304 -244
-304 -258
-317 -258
-317 -231
-288 -231
-288 -208
-258 -208
-258 -196
-284 -196
-284 -192
-258 -192
-258 -166
-253 -166
-253 -141
-258 -141
-258 -137
-253 -137
-253 -127
-258 -127
-258 -114
-253 -114
-253 -69
-258 -69
-258 -82
-270 -82
-270 -137
-284 -137
-284 -82
-317 -82
-317 -96
-288 -96
-288 -141
-270 -141
-270 -186
-284 -186
-284 -166
-304 -166
-304 -114
-317 -114
-317 -170
-288 -170
-288 -196
-304 -196
-304 -186
-317 -186
-317 -208
-304 -208
-304 -225
-322 -225
-322 -166
-329 -166
-329 -141
-322 -141
-322 -137
-329 -137
-329 -127
-322 -127
-322 -114
-329 -114
-329 -96
-322 -96
-322 -82
-333 -82
-333 -170
-352 -170
-352 -186
-329 -186
-329 -192
-357 -192
-357 -196
-329 -196
-329 -208
-333 -208
-333 -231
-322 -231
-322 -275
-304 -275
-304 -285
-322 -285
-322 -292
-284 -292
-284 -303
-322 -303
-322 -309
-288 -309
-288 -319
-317 -319
-317 -354
-304 -354
-304 -335
-288 -335
-288 -354
-284 -354
-284 -363
-288 -363
-288 -375
-284 -375
-284 -379
-288 -379
-288 -400
-270 -400
-270 -412
-288 -412
-288 -428
-284 -428
-284 -457
-270 -457
-270 -428
-258 -428
-258 -457
-253 -457
-253 -478
-258 -478
-258 -495
-253 -495
-253 -500
-235 -500
-235 -505
-253 -505
-253 -543
-258 -543
-258 -500
-270 -500
-270 -478
-284 -478
-284 -495
-288 -495
-288 -500
-284 -500
-284 -505
-288 -505
-288 -510
-270 -510
-270 -543
-284 -543
-284 -525
-304 -525
-304 -543
-288 -543
-288 -550
-221 -550
-221 -555
-182 -555
-182 -565
-196 -565
-196 -574
-203 -574
-203 -565
-221 -565
-221 -574
-228 -574
-228 -555
-288 -555
-288 -565
-235 -565
-235 -574
-304 -574
-304 -550
-317 -550
-317 -574
-322 -574
-322 -555
-329 -555
-329 -574
-409 -574
-409 -565
-333 -565
-333 -550
-357 -550
-357 -555
-366 -555
-366 -550
-388 -550
-388 -543
-329 -543
-329 -550
-322 -550
-322 -543
-317 -543
-317 -525
-333 -525
-333 -510
-304 -510
-304 -505
-317 -505
-317 -500
-304 -500
-304 -495
-322 -495
-322 -500
-329 -500
-329 -505
-333 -505
-333 -500
-352 -500
-352 -525
-388 -525
-388 -510
-357 -510
-357 -457
-333 -457
-333 -478
-352 -478
-352 -495
-329 -495
-329 -478
-317 -478
-317 -457
-304 -457
-304 -478
-288 -478
-288 -439
-304 -439
-304 -428
-317 -428
-317 -412
-304 -412
-304 -363
-317 -363
-317 -379
-322 -379
-322 -457
-329 -457
-329 -428
-333 -428
-333 -439
-352 -439
-352 -428
-357 -428
-357 -412
-329 -412
-329 -400
-352 -400
-352 -375
-333 -375
-333 -379
-329 -379
-329 -375
-322 -375
-322 -363
-333 -363
-333 -354
-322 -354
-322 -319
-329 -319
-329 -335
-333 -335
-333 -319
-352 -319
-352 -309
-329 -309
-329 -292
-333 -292
-333 -285
-329 -285
-329 -275
-333 -275
-333 -258
-329 -258
-329 -244
-333 -244
-333 -248
-352 -248
-352 -208
-357 -208
-357 -258
-352 -258
-352 -275
-357 -275
-357 -292
-352 -292
-352 -303
-357 -303
-357 -335
-352 -335
-352 -354
-357 -354
-357 -379
-366 -379
-366 -439
-388 -439
-388 -457
-409 -457
-409 -439
-417 -439
-417 -478
-366 -478
-366 -505
-388 -505
-388 -495
-409 -495
-409 -543
-417 -543
-417 -550
-409 -550
-409 -555
-417 -555
-417 -574
-425 -574
-425 -550
-433 -550
-433 -574
-459 -574
-459 -565
-448 -565
-448 -543
-425 -543
-425 -525
-417 -525
-417 -495
-425 -495
-425 -428
-433 -428
-433 -412
-425 -412
-425 -379
-417 -379
-417 -428
-388 -428
-388 -412
-409 -412
-409 -400
-388 -400
-388 -375
-366 -375
-366 -354
-409 -354
-409 -375
-425 -375
-425 -363
-417 -363
-417 -354
-425 -354
-425 -335
-366 -335
-366 -319
-388 -319
-388 -309
-366 -309
-366 -303
-388 -303
-388 -292
-366 -292
-366 -285
-409 -285
-409 -319
-417 -319
-417 -275
-366 -275
-366 -258
-388 -258
-388 -248
-366 -248
-366 -225
-388 -225
-388 -244
-409 -244
-409 -258
-417 -258
-417 -244
-425 -244
-425 -309
-433 -309
-433 -363
-448 -363
-448 -375
-433 -375
-433 -379
-448 -379
-448 -439
-433 -439
-433 -500
-448 -500
-448 -505
-425 -505
-425 -510
-448 -510
-448 -525
-452 -525
-452 -555
-457 -555
-457 -550
-459 -550
-459 -555
-465 -555
-465 -574
-476 -574
-476 -550
-465 -550
-465 -543
-457 -543
-457 -525
-459 -525
-459 -510
-452 -510
-452 -495
-448 -495
-448 -457
-452 -457
-452 -354
-448 -354
-448 -309
-457 -309
-457 -319
-452 -319
-452 -335
-457 -335
-457 -375
-459 -375
-459 -319
-465 -319
-465 -335
-476 -335
-476 -354
-478 -354
-478 -375
-476 -375
-476 -363
-465 -363
-465 -379
-457 -379
-457 -495
-459 -495
-459 -400
-465 -400
-465 -495
-478 -495
-478 -478
-476 -478
-476 -379
-478 -379
-478 -400
-483 -400
-483 -412
-478 -412
-478 -457
-483 -457
-483 -478
-488 -478
-488 -495
-509 -495
-509 -478
-518 -478
-518 -500
-457 -500
-457 -505
-465 -505
-465 -525
-476 -525
-476 -505
-478 -505
-478 -525
-483 -525
-483 -543
-488 -543
-488 -510
-483 -510
-483 -505
-509 -505
-509 -510
-518 -510
-518 -505
-532 -505
-532 -510
-530 -510
-530 -525
-509 -525
-509 -550
-478 -550
-478 -555
-483 -555
-483 -565
-478 -565
-478 -574
-488 -574
-488 -555
-509 -555
-509 -574
-518 -574
-518 -543
-530 -543
-530 -550
-532 -550
-532 -555
-530 -555
-530 -574
-532 -574
-532 -565
-550 -565
-550 -543
-532 -543
-532 -525
-550 -525
-550 -500
-530 -500
-530 -495
-550 -495
-550 -478
-530 -478
-530 -457
-518 -457
-518 -439
-509 -439
-509 -457
-488 -457
-488 -439
-483 -439
-483 -428
-488 -428
-488 -400
-509 -400
-509 -428
-530 -428
-530 -412
-518 -412
-518 -400
-530 -400
-530 -379
-532 -379
-532 -457
-550 -457
-550 -375
-518 -375
-518 -379
-509 -379
-509 -375
-488 -375
-488 -379
-483 -379
-483 -363
-550 -363
-550 -354
-532 -354
-532 -335
-530 -335
-530 -354
-518 -354
-518 -319
-509 -319
-509 -354
-483 -354
-483 -335
-478 -335
-478 -319
-476 -319
-476 -309
-459 -309
-459 -303
-465 -303
-465 -292
-459 -292
-459 -285
-457 -285
-457 -303
-433 -303
-433 -292
-452 -292
-452 -285
-433 -285
-433 -275
-452 -275
-452 -258
-433 -258
-433 -244
-448 -244
-448 -248
-452 -248
-452 -244
-457 -244
-457 -275
-459 -275
-459 -258
-465 -258
-465 -248
-459 -248
-459 -244
-476 -244
-476 -275
-465 -275
-465 -285
-476 -285
-476 -303
-478 -303
-478 -309
-483 -309
-483 -319
-488 -319
-488 -303
-483 -303
-483 -292
-478 -292
-478 -285
-483 -285
-483 -275
-478 -275
-478 -244
-483 -244
-483 -258
-488 -258
-488 -275
-509 -275
-509 -285
-488 -285
-488 -292
-509 -292
-509 -309
-518 -309
-518 -258
-509 -258
-509 -248
-488 -248
-488 -244
-509 -244
-509 -231
-452 -231
-452 -225
-448 -225
-448 -231
-409 -231
-409 -225
-433 -225
-433 -208
-366 -208
-366 -196
-388 -196
-388 -192
-366 -192
-366 -186
-357 -186
-357 -170
-388 -170
-388 -186
-409 -186
-409 -196
-417 -196
-417 -192
-425 -192
-425 -196
-433 -196
-433 -192
-448 -192
-448 -186
-417 -186
-417 -170
-409 -170
-409 -166
-425 -166
-425 -170
-452 -170
-452 -196
-448 -196
-448 -208
-457 -208
-457 -225
-459 -225
-459 -196
-457 -196
-457 -192
-465 -192
-465 -225
-476 -225
-476 -208
-478 -208
-478 -225
-483 -225
-483 -196
-476 -196
-476 -192
-478 -192
-478 -186
-483 -186
-483 -192
-488 -192
-488 -225
-509 -225
-509 -192
-518 -192
-518 -196
-530 -196
-530 -192
-532 -192
-532 -208
-518 -208
-518 -248
-530 -248
-530 -225
-532 -225
-532 -275
-530 -275
-530 -285
-532 -285
-532 -292
-530 -292
-530 -303
-532 -303
-532 -309
-530 -309
-530 -319
-550 -319
-550 -166
-530 -166
-530 -170
-532 -170
-532 -186
-518 -186
-518 -170
-509 -170
-509 -186
-488 -186
-488 -170
-476 -170
-476 -186
-457 -186
-457 -170
-465 -170
-465 -166
-433 -166
-433 -141
-388 -141
-388 -166
-352 -166
-352 -127
-357 -127
-357 -141
-366 -141
-366 -114
-352 -114
-352 -96
-388 -96
-388 -137
-409 -137
-409 -127
-417 -127
-417 -137
-425 -137
-425 -127
-433 -127
-433 -137
-448 -137
-448 -141
-476 -141
-476 -166
-518 -166
-518 -141
-478 -141
-478 -137
-452 -137
-452 -127
-448 -127
-448 -114
-409 -114
-409 -96
-452 -96
-452 -114
-459 -114
-459 -127
-483 -127
-483 -137
-488 -137
-488 -127
-509 -127
-509 -137
-518 -137
-518 -127
-530 -127
-530 -141
-550 -141
-550 -137
-532 -137
-532 -127
-550 -127
-550 -114
-509 -114
-509 -96
-550 -96
-550 -76
-532 -76
-532 -82
-518 -82
-518 -76
-509 -76
-509 -82
-488 -82
-488 -114
-465 -114
-465 -96
-457 -96
-457 -82
-476 -82
-476 -96
-483 -96
-483 -82
-478 -82
-478 -76
-476 -76
-476 -69
-483 -69
-483 -76
-488 -76
-488 -69
-550 -69
-550 -55
-530 -55
-530 -51
-550 -51
-550 -42
-518 -42
-518 -55
-483 -55
-483 -51
-509 -51
-509 -42
-483 -42
-483 -26
-550 -26
-550 -13
-478 -13
-478 -55
-476 -55
-476 -42
-465 -42
-465 -55
-459 -55
-459 -69
-465 -69
-465 -76
-452 -76
-452 -82
-352 -82
-352 -76
-388 -76
-388 -69
-409 -69
-409 -76
-417 -76
-417 -69
-433 -69
-433 -76
-448 -76
-448 -69
-457 -69
-457 -51
-459 -51
-459 -42
-448 -42
-448 -51
-452 -51
-452 -55
-433 -55
-433 -51
-425 -51
-425 -55
-409 -55
-409 -51
-417 -51
-417 -42
-433 -42
-433 -26
-476 -26
-476 -13
-425 -13
-425 -26
-417 -26
-417 -13
-409 -13
-409 -42
-388 -42
-388 -55
-366 -55
-366 -69
-357 -69
-357 -51
-366 -51
-366 -42
-357 -42
-357 -26
-388 -26
-388 -13
-333 -13
-333 -26
-352 -26
-352 -69
-333 -69
-333 -76
-329 -76
-329 -69
-322 -69
-322 -76
-270 -76
-270 -69
-317 -69
-317 -55
-284 -55
-284 -51
-322 -51
-322 -55
-333 -55
-333 -51
-329 -51
-329 -42
-322 -42
-322 -26
-329 -26
-329 -13
-317 -13
-317 -42
-304 -42
-304 -13
-288 -13
-288 -42
-284 -42
-284 -13
-258 -13
-258 -26
-270 -26
-270 -55
-258 -55
-258 -42
-253 -42
-253 -13
-235 -13
-235 -42
-228 -42
-228 -13
-182 -13
-182 -26
-158 -26
-158 -13
-140 -13
-140 -42
-196 -42
-196 -26
-221 -26
-221 -42
-203 -42
-203 -51
-253 -51
-253 -55
-221 -55
-221 -69
-235 -69
-235 -76
-212 -76
-212 -55
-203 -55
-203 -76
-196 -76
-196 -69
-182 -69
-182 -55
-196 -55
-196 -51
-140 -51
-140 -55
-158 -55
-158 -69
-115 -69
-115 -51
-103 -51
