4095 1096
113 586
227 441
662 314
339 720
281 414
468 334
597 579
638 623
194 39
408 559
468 255
52 321
389 760
281 479
408 545
468 800
878 264
468 413
65 414
673 479
662 545
281 586
227 874
38 880
148 775
878 472
824 880
336 211
662 263
710 300
227 76
118 479
89 361
336 505
700 399
408 376
706 911
684 328
525 144
227 314
541 314
525 593
798 76
662 164
501 410
148 871
703 265
798 259
684 605
824 149
77 868
710 855
227 461
739 569
824 264
77 267
630 453
597 338
700 105
684 289
301 15
113 722
878 350
38 415
148 15
52 569
706 605
77 536
77 618
468 699
38 314
148 76
684 495
597 899
113 264
541 421
525 573
89 714
52 62
710 440
52 559
673 306
316 714
630 461
77 456
798 618
316 292
703 233
339 321
38 514
525 62
662 410
52 614
227 265
408 113
684 546
525 188
77 245
824 461
811 737
448 328
824 765
673 414
703 306
525 245
597 737
339 586
662 822
336 871
468 737
281 264
148 618
339 393
148 546
673 456
38 265
878 658
65 173
638 855
710 622
798 173
52 874
541 880
638 899
466 303
541 745
673 737
710 458
804 415
525 328
700 259
597 495
710 463
468 809
700 456
540 605
684 157
227 361
747 233
77 105
878 421
804 173
408 593
51 780
824 911
38 263
673 51
710 98
448 903
673 430
336 855
747 255
878 615
710 328
824 463
747 472
65 745
38 266
804 265
878 874
52 822
541 288
148 263
77 775
811 328
38 775
301 708
77 419
878 528
408 292
118 303
804 714
148 569
630 338
408 616
408 605
878 415
747 718
804 536
468 10
540 298
264 855
525 714
630 755
38 579
148 144
824 399
525 399
662 871
662 288
710 514
804 309
662 546
51 463
621 780
621 593
703 309
798 430
118 871
824 62
113 273
621 399
468 555
824 370
703 188
541 566
673 579
673 376
525 266
540 76
316 760
841 211
501 39
710 765
38 149
51 654
597 306
662 188
662 597
51 10
804 409
38 39
194 740
281 88
448 760
662 699
710 911
525 105
804 68
281 546
316 306
804 456
316 198
316 461
408 391
525 855
747 765
878 535
878 263
38 419
630 144
824 311
77 295
408 775
468 530
389 911
700 593
597 113
316 879
339 569
525 722
77 880
38 780
425 911
597 659
113 292
541 765
703 390
700 273
747 456
38 197
684 419
339 441
339 775
630 463
38 566
316 614
336 760
597 149
541 39
281 185
227 623
525 240
824 10
703 616
501 880
662 463
541 98
703 745
501 644
408 419
739 259
77 206
468 240
824 569
581 907
148 623
38 800
710 752
878 623
581 745
597 15
408 720
541 95
684 266
316 173
466 614
878 530
89 149
339 170
525 157
52 597
804 399
703 756
77 458
747 263
541 699
824 245
281 752
541 157
316 809
339 55
281 290
710 95
77 410
113 778
597 361
113 472
281 720
710 644
113 593
878 775
581 614
798 295
408 211
52 274
673 800
703 566
662 625
710 246
118 720
316 314
77 720
878 288
339 419
118 461
52 850
710 421
621 274
804 51
630 874
878 95
113 631
38 664
804 909
408 714
710 273
38 298
118 288
747 530
630 456
89 188
281 458
621 314
662 664
878 51
540 716
466 658
52 505
316 399
541 559
468 644
301 479
227 714
798 298
804 55
824 579
878 461
468 105
113 309
281 745
316 10
597 328
65 664
468 267
824 617
684 778
38 51
281 98
525 334
65 198
501 755
468 292
878 573
581 188
448 314
710 605
710 755
525 871
747 586
448 495
468 173
468 658
316 597
878 289
468 311
468 246
38 809
38 258
339 715
662 391
339 303
804 880
541 350
703 376
541 32
747 164
621 745
448 664
339 125
281 737
878 790
798 263
710 462
673 399
281 51
77 755
700 623
824 760
700 871
38 658
118 266
448 303
316 157
77 879
51 62
804 430
673 10
525 338
38 170
408 125
597 850
630 391
227 213
448 105
466 745
501 292
541 536
662 95
339 307
281 40
51 274
597 415
638 255
710 775
408 536
878 10
703 463
77 903
581 716
316 245
52 125
541 720
38 441
621 149
710 631
878 614
703 605
804 911
408 597
804 414
662 173
38 822
684 211
38 303
638 410
739 855
281 173
684 430
710 879
468 164
148 328
597 456
703 472
581 579
466 173
389 605
118 616
38 421
468 149
148 361
630 644
38 530
316 391
264 430
468 68
77 765
468 306
113 461
597 20
65 391
638 461
148 463
148 616
747 579
630 737
878 654
747 463
684 441
878 159
581 911
194 780
841 472
113 441
468 421
227 903
389 505
684 720
710 461
824 472
811 623
468 456
684 593
425 245
541 10
878 718
425 614
336 546
878 328
597 528
525 463
301 245
541 304
811 631
227 809
425 720
336 775
630 259
630 295
38 164
581 615
468 561
227 755
798 233
630 593
339 399
316 561
339 871
525 505
301 255
662 911
710 716
264 328
703 809
408 617
630 765
525 850
316 699
541 716
597 98
824 274
52 265
804 716
684 39
747 617
336 579
316 708
77 391
316 274
710 639
77 790
798 911
77 664
878 458
703 197
38 605
630 164
52 522
700 658
630 530
408 399
448 899
448 68
264 255
710 822
336 899
148 479
468 55
541 463
525 546
339 39
466 871
113 10
747 567
747 206
703 708
597 314
38 618
148 185
339 149
281 566
541 456
747 605
77 495
466 755
389 800
65 149
630 314
703 15
77 303
703 153
878 440
684 614
525 265
703 430
448 338
316 273
227 615
316 907
878 903
425 718
52 566
148 456
597 173
841 206
301 290
448 153
148 566
77 68
336 623
148 376
316 211
339 456
540 51
113 198
425 290
747 264
448 718
281 259
684 555
630 410
468 615
52 899
804 350
638 391
336 522
77 263
540 530
227 720
316 822
747 399
541 62
52 290
264 266
227 303
597 304
339 298
804 125
466 456
408 530
336 376
468 775
747 20
77 88
824 458
621 105
824 321
630 903
264 288
194 505
630 714
227 40
408 461
468 314
339 105
706 522
739 288
747 414
824 453
700 213
662 10
662 605
113 414
264 306
703 755
466 631
540 95
52 618
148 579
700 618
541 479
227 718
597 95
747 245
316 528
408 291
684 740
77 822
113 566
227 291
448 288
662 298
281 39
541 593
684 535
38 545
597 809
878 361
878 309
448 755
466 559
540 664
841 125
65 376
448 40
700 311
824 740
630 309
301 559
747 410
227 185
541 414
194 456
597 907
468 289
684 505
541 907
804 376
408 528
703 639
638 618
281 440
747 430
339 62
281 463
878 105
824 309
389 714
804 868
38 188
630 39
425 567
425 298
710 479
148 95
113 274
710 559
281 399
77 62
51 399
630 567
52 399
65 714
703 569
684 255
301 309
408 273
597 530
662 51
597 463
77 614
630 95
824 413
841 306
662 720
448 855
468 899
525 314
700 62
148 164
621 298
339 188
703 737
662 800
525 644
878 441
540 266
684 514
710 555
77 800
468 909
525 616
747 290
703 292
804 76
525 32
339 197
621 822
408 288
824 105
630 159
281 760
51 157
227 125
118 149
468 88
408 149
824 720
466 20
408 441
148 605
597 658
316 62
747 536
630 561
630 188
339 95
89 266
811 51
824 300
703 765
710 658
878 246
525 361
684 361
630 32
700 338
703 263
525 456
747 855
113 822
264 298
336 618
630 40
425 716
281 456
824 173
408 472
113 780
673 907
540 198
448 625
148 868
468 309
630 76
339 159
804 614
113 88
710 32
824 430
684 855
747 300
339 304
77 699
227 409
281 441
824 290
541 267
684 658
541 376
703 579
878 300
77 514
878 233
425 314
638 303
798 463
638 266
194 631
264 233
336 188
339 164
597 55
148 879
77 170
684 440
804 760
710 569
425 390
77 157
113 125
703 32
525 720
227 170
662 623
630 334
52 737
148 899
466 273
281 535
38 414
703 536
194 303
65 288
597 266
824 266
541 298
525 419
684 708
113 409
804 410
747 419
798 623
339 899
52 567
878 745
339 288
811 105
448 850
798 39
630 157
38 616
811 391
525 567
389 536
316 263
541 266
662 880
747 871
597 790
662 311
525 291
798 800
525 530
281 676
281 911
710 505
77 211
466 644
798 273
52 800
700 737
339 593
630 658
541 911
301 391
148 559
703 822
597 321
148 676
798 399
597 778
501 306
673 245
710 545
281 410
38 240
747 631
113 76
316 616
804 39
281 461
148 391
281 618
673 292
316 615
798 579
710 800
389 623
281 419
706 76
630 822
113 760
194 376
541 245
148 393
811 125
841 10
630 289
77 292
525 376
52 164
597 597
739 530
77 573
65 911
804 15
706 303
339 255
540 456
638 198
77 291
148 545
281 266
703 240
824 32
336 410
77 264
52 528
118 338
468 258
77 855
52 338
468 391
52 479
878 778
662 303
684 259
630 211
747 314
281 765
662 530
408 463
301 188
630 579
38 157
597 409
89 255
77 545
824 265
684 198
227 715
408 76
673 855
301 631
700 614
194 566
316 15
541 631
739 10
113 463
525 880
703 722
878 720
684 76
662 745
747 780
113 597
408 614
38 567
703 720
684 314
747 593
710 760
316 659
804 461
804 593
301 605
662 536
703 334
38 288
448 631
540 461
798 376
389 907
38 871
281 903
878 430
52 10
798 421
878 370
662 328
77 258
878 716
747 879
684 410
630 149
51 409
468 399
194 495
408 393
706 125
824 76
281 559
541 775
525 605
113 240
339 579
77 240
703 314
540 157
468 273
804 567
804 267
389 62
89 298
662 658
662 631
52 409
301 414
824 879
525 259
541 868
448 737
747 391
804 290
747 321
77 149
339 911
38 609
597 288
468 879
194 479
684 868
804 20
316 415
301 303
597 472
466 198
227 760
747 676
316 800
739 614
448 716
281 644
339 273
281 658
662 461
38 304
148 458
710 618
408 410
51 288
804 245
194 298
703 303
113 39
811 463
541 441
804 391
77 658
113 410
824 211
630 415
301 714
425 546
316 264
501 391
739 441
581 314
710 157
38 153
703 760
113 522
425 51
408 39
448 586
113 188
747 149
684 273
281 567
811 188
38 714
662 874
706 288
710 39
77 639
38 479
468 780
710 304
38 213
113 245
194 259
684 88
804 463
700 716
38 755
77 334
804 658
466 530
525 617
630 298
878 273
425 39
824 258
38 462
38 586
38 15
581 10
541 328
798 461
703 211
448 290
804 800
408 430
684 911
747 714
339 659
89 579
118 618
630 88
466 309
281 350
148 737
227 211
684 414
339 76
468 755
747 618
38 338
339 440
448 88
878 304
804 263
630 15
113 745
878 274
541 303
706 461
597 334
51 745
466 10
662 20
747 95
336 463
597 51
264 579
824 20
148 233
89 699
621 62
389 376
301 10
630 871
700 907
630 441
448 233
65 20
811 593
77 569
448 614
227 614
541 430
703 530
38 88
468 185
501 760
264 95
878 879
541 899
684 569
339 295
525 780
747 105
281 593
706 10
597 616
52 303
339 664
878 800
281 15
597 246
798 188
339 350
703 391
77 246
148 273
824 907
264 273
281 530
597 716
408 699
525 495
448 617
448 616
662 586
700 211
281 255
700 559
525 440
703 173
878 393
51 410
804 737
747 304
525 51
747 546
301 105
710 213
501 658
408 755
113 376
77 415
662 614
408 756
408 263
597 391
389 775
301 822
336 566
389 530
878 419
747 625
468 722
703 259
448 745
52 264
389 780
662 240
811 292
684 745
448 514
468 461
747 623
597 298
148 714
878 267
301 745
841 631
804 314
662 775
77 616
51 566
227 149
148 740
38 391
684 144
113 800
703 505
281 631
227 198
38 879
38 144
281 756
878 144
710 720
747 899
468 361
824 567
113 266
468 569
841 699
798 95
316 258
541 530
316 479
525 264
227 246
662 211
662 376
824 874
703 461
113 505
89 328
673 125
448 456
38 211
824 536
339 616
684 780
466 605
662 258
52 157
710 291
878 899
638 579
581 173
878 566
638 664
336 62
227 51
878 265
316 51
408 822
501 699
408 718
425 164
662 618
38 615
113 644
804 780
710 76
684 765
52 32
501 745
824 790
316 414
227 855
148 298
118 309
113 456
38 20
525 321
448 699
339 737
878 586
747 295
38 639
824 871
878 98
638 245
703 125
739 164
630 292
747 306
700 309
148 198
662 778
65 461
148 441
52 775
710 211
316 188
525 441
52 307
301 618
630 855
662 722
662 765
227 105
824 303
710 561
878 453
77 289
878 258
630 659
118 605
630 264
301 775
804 644
264 780
301 855
684 463
703 778
38 722
148 461
408 264
77 125
227 822
65 76
597 303
501 631
710 530
747 76
38 546
425 605
804 546
525 255
630 899
630 631
739 911
227 756
52 259
468 566
525 522
339 874
811 755
316 266
316 745
541 597
408 198
878 39
684 264
148 370
339 559
52 95
703 290
227 430
466 714
841 95
703 907
581 62
662 361
525 125
227 622
77 113
77 740
118 314
448 376
684 350
878 303
281 188
700 255
525 113
301 298
804 62
501 546
811 522
662 259
878 567
408 338
77 164
597 545
878 855
878 40
316 740
710 399
662 255
468 39
408 266
89 164
540 907
194 546
38 290
281 708
51 125
389 10
77 314
316 321
501 456
468 157
747 809
878 609
541 413
878 290
148 699
878 569
194 338
662 170
51 95
52 309
38 907
38 790
408 456
113 32
747 790
541 415
65 559
638 911
747 614
113 737
540 546
281 822
468 593
597 76
466 255
703 393
684 391
148 309
798 10
710 334
448 874
581 430
448 334
113 755
339 809
148 756
408 246
52 188
448 415
38 307
264 157
38 291
52 263
77 453
77 911
301 880
194 198
227 780
739 255
684 125
281 462
684 899
804 616
703 88
630 708
113 430
408 306
703 664
700 233
878 737
747 361
425 699
673 614
621 899
339 822
878 153
597 536
52 246
468 631
38 911
700 911
301 505
597 164
281 614
811 461
52 288
227 463
194 288
662 98
798 855
468 718
501 105
684 105
878 850
38 644
408 309
336 245
706 255
466 911
662 290
38 495
113 618
824 40
540 522
227 479
662 639
597 617
501 441
466 569
227 800
301 546
597 911
448 157
38 522
52 198
541 300
227 605
878 546
684 370
194 441
89 211
468 605
841 911
541 778
448 421
706 566
113 149
148 288
662 264
281 391
684 399
747 266
541 289
541 850
662 338
425 737
408 514
710 456
597 309
581 456
148 213
336 911
52 472
630 909
339 699
339 760
408 907
684 95
824 780
468 290
52 664
662 555
710 164
673 157
597 708
448 479
824 737
52 911
148 62
684 618
703 614
339 300
148 760
824 809
448 765
804 874
804 899
700 314
804 654
541 188
389 456
89 10
281 144
389 173
77 361
77 850
878 593
339 644
541 822
408 737
710 303
878 197
281 775
466 391
38 361
798 505
703 495
703 62
38 505
38 528
824 714
38 125
706 737
316 361
541 233
448 306
710 609
38 32
878 321
630 105
148 573
621 188
408 88
468 514
38 98
316 338
581 755
630 522
336 157
89 644
710 495
113 809
316 149
747 307
89 822
448 676
148 780
710 535
804 288
113 718
541 755
148 625
65 720
38 413
540 775
703 266
703 95
468 288
227 233
739 376
51 775
630 393
77 255
336 614
52 605
703 39
227 173
581 125
684 306
408 566
77 98
227 410
747 338
227 775
630 780
468 350
630 569
148 809
638 644
339 289
811 309
703 307
448 159
878 245
51 911
811 530
684 20
804 573
316 290
408 745
468 579
710 409
662 273
281 573
621 755
227 871
227 561
52 328
630 304
148 800
878 255
466 264
89 566
706 361
448 453
408 259
703 676
264 391
684 188
824 292
227 879
52 350
824 206
339 98
747 334
52 76
316 780
227 309
194 871
448 410
301 522
425 644
684 755
408 631
339 51
281 32
706 623
841 245
264 414
65 755
630 255
703 298
448 800
408 716
38 259
662 307
227 88
662 616
597 714
710 185
77 462
811 911
747 868
316 530
638 211
468 321
841 720
747 561
841 290
336 605
77 479
710 105
878 55
684 51
638 716
824 644
281 699
227 899
710 874
52 658
264 309
630 911
448 264
630 413
425 907
408 95
703 157
38 376
281 722
638 76
878 149
525 309
52 20
804 561
597 755
51 479
148 267
630 20
38 113
408 62
878 409
118 20
448 868
89 391
194 616
621 911
281 62
684 752
77 20
878 622
466 430
194 62
148 505
339 246
703 593
541 462
301 51
339 290
466 579
448 566
51 376
878 413
662 289
38 456
113 880
798 644
77 198
710 740
194 105
597 414
798 664
581 737
339 676
703 311
878 170
281 309
804 495
541 291
65 361
281 536
227 157
448 255
52 245
747 10
38 273
684 233
77 440
113 855
448 545
148 211
662 274
710 295
38 676
336 461
77 213
408 233
408 618
811 149
38 245
448 559
684 376
703 546
811 245
710 745
281 149
113 328
525 68
501 593
194 10
811 720
77 609
194 399
336 745
706 530
541 419
878 756
747 775
89 720
89 461
630 720
638 479
541 264
630 430
597 376
113 716
621 463
301 328
448 20
38 708
65 775
662 300
281 545
581 644
38 233
52 907
339 755
38 720
540 376
798 264
113 40
673 618
52 463
710 756
747 309
878 617
525 609
630 419
739 188
52 361
525 170
264 522
878 664
194 314
703 273
264 800
38 255
662 197
52 291
630 233
38 390
662 505
525 415
525 479
468 463
118 399
51 197
541 790
630 274
541 505
824 361
264 303
227 536
804 413
684 545
541 522
710 778
597 350
673 623
425 266
798 775
878 334
597 441
878 198
77 304
227 399
747 755
264 10
339 245
77 559
804 659
525 164
747 311
77 55
77 909
501 566
281 664
425 95
630 699
541 514
541 306
597 62
89 414
52 240
113 211
684 716
148 555
316 303
468 907
148 790
339 113
316 880
630 125
878 314
113 664
408 579
798 361
824 522
630 566
630 273
824 752
747 409
703 618
710 188
89 479
662 760
468 198
336 173
684 715
630 536
621 211
408 644
662 309
597 720
811 233
113 291
227 206
281 714
710 536
747 393
541 654
227 419
878 259
597 105
541 760
841 198
703 699
468 614
339 530
700 290
468 266
662 569
878 240
339 855
525 173
148 528
339 361
525 295
301 149
113 569
541 334
38 535
700 149
468 871
824 716
52 430
747 745
316 790
710 68
227 472
316 458
468 20
747 144
540 718
710 419
52 391
38 597
824 631
878 880
316 644
408 303
389 328
339 618
389 463
878 76
804 605
703 144
630 51
227 255
700 441
878 399
700 10
804 618
448 298
148 430
747 198
597 479
597 760
281 288
878 68
824 259
336 391
739 361
448 259
38 778
113 715
77 907
878 909
621 20
703 419
540 616
466 737
38 300
301 699
468 211
684 659
747 760
408 173
710 664
739 536
51 569
747 274
824 273
710 617
52 855
525 288
878 755
638 430
77 871
339 714
448 245
630 62
113 567
525 879
339 213
264 745
501 309
710 718
703 658
621 618
747 298
878 292
77 737
747 153
798 456
301 164
38 410
339 206
630 300
621 292
597 871
703 441
38 765
662 291
804 303
662 579
52 586
703 414
148 258
281 871
706 664
425 775
38 463
684 573
408 390
339 546
700 376
194 745
703 51
227 188
501 198
316 631
316 654
38 659
281 170
878 298
824 314
389 566
281 164
227 535
448 440
77 144
541 258
621 430
264 714
804 198
448 658
339 10
798 899
684 775
281 303
281 716
227 514
541 644
525 579
52 530
824 441
811 157
339 265
525 246
77 535
227 20
194 157
339 173
51 164
621 505
684 530
408 462
878 505
468 716
804 505
339 258
113 530
468 880
747 55
630 505
684 760
630 618
448 880
621 644
468 903
227 164
804 871
227 240
630 170
638 453
811 714
466 105
89 745
339 266
148 419
408 328
684 267
389 157
541 718
824 586
389 745
52 699
804 266
448 188
541 51
113 879
597 461
77 874
89 855
227 263
113 911
684 149
662 879
673 259
425 755
841 338
501 419
621 10
597 879
316 871
52 625
227 462
38 274
747 39
316 421
339 605
38 850
148 631
747 292
89 664
525 664
448 463
541 361
77 566
878 188
630 605
597 264
89 530
148 530
281 10
525 911
316 334
227 593
739 623
316 288
51 716
448 623
703 76
339 623
597 188
804 419
804 755
468 623
264 605
710 586
227 245
339 461
703 899
118 780
264 125
540 391
540 755
281 95
227 266
339 240
89 616
52 546
316 755
710 699
281 306
148 421
798 164
408 361
630 760
118 522
389 430
662 149
148 266
525 95
525 350
38 555
118 579
65 644
77 615
148 290
336 720
77 10
878 125
408 307
710 708
408 505
52 617
194 370
148 338
662 899
630 559
408 98
113 699
425 376
878 495
525 618
468 62
804 259
597 676
525 303
540 559
301 211
148 907
824 188
541 164
638 737
52 255
448 292
739 505
148 292
425 410
841 617
316 39
710 306
824 306
525 822
878 911
38 292
630 306
824 479
841 157
841 292
448 198
425 559
878 185
621 295
227 664
51 419
541 676
710 321
339 263
541 874
811 164
597 775
339 780
630 361
408 304
878 291
281 616
878 211
747 273
706 441
408 245
408 188
51 699
425 871
65 10
630 535
52 40
448 714
339 391
525 290
77 760
703 149
52 514
501 273
448 62
339 800
501 211
710 809
841 618
804 615
878 871
798 871
339 267
52 461
824 419
630 546
448 622
425 10
425 361
747 505
227 39
281 579
77 39
703 415
630 266
706 907
339 879
448 430
710 880
804 559
466 780
747 800
52 292
408 314
710 654
525 566
878 306
597 68
541 561
540 173
113 614
824 376
227 55
541 618
316 522
227 32
621 737
408 569
227 737
448 546
581 616
739 233
113 173
703 775
798 765
798 292
77 631
501 911
804 307
703 850
684 664
336 414
703 98
710 573
52 419
703 159
811 559
597 198
804 453
425 745
227 850
710 350
425 338
316 569
630 664
301 399
316 722
662 780
684 756
804 522
468 545
638 300
710 522
339 745
118 245
747 441
281 880
630 350
339 309
710 615
118 173
824 390
540 88
89 911
684 170
804 233
408 213
878 307
301 198
389 614
113 263
38 173
525 907
804 255
316 95
52 778
630 756
448 304
264 631
630 800
621 273
148 609
798 149
118 306
264 290
597 855
673 699
113 303
581 298
316 233
710 579
448 644
148 909
541 569
630 303
316 419
798 605
336 716
65 479
52 616
38 622
541 614
630 267
113 391
662 453
52 304
52 780
703 20
339 338
638 745
408 855
448 720
541 756
662 430
408 20
77 593
747 597
541 211
448 211
38 654
89 546
468 720
336 780
448 39
448 273
824 39
227 546
630 370
52 410
113 419
878 631
301 376
408 622
703 522
148 644
77 153
673 911
541 309
540 714
408 311
466 463
804 855
811 644
316 328
52 334
316 546
77 605
281 659
747 461
804 304
878 390
51 441
148 522
710 309
684 631
316 737
525 874
501 714
710 10
703 291
710 871
264 88
227 579
468 546
118 51
798 198
38 631
597 410
148 822
468 414
710 198
824 95
148 639
747 303
700 536
448 911
77 321
408 879
113 605
703 105
448 266
336 644
706 309
301 361
316 267
468 616
684 311
747 664
811 76
281 198
700 522
38 716
38 55
227 567
739 461
824 658
389 20
316 756
811 95
227 522
662 593
700 188
316 720
389 720
841 616
824 616
804 765
113 20
38 267
118 298
638 258
638 105
525 535
878 338
710 430
710 410
541 623
227 566
281 361
630 614
281 868
525 569
468 528
703 631
52 745
804 361
703 623
597 569
448 618
281 338
525 410
52 880
468 376
227 618
51 198
281 899
630 868
113 775
113 615
673 658
52 609
597 274
51 567
710 546
662 157
710 245
408 144
113 514
638 605
684 623
408 300
673 461
408 567
113 654
408 495
466 618
811 505
878 206
710 264
281 623
113 453
878 868
638 463
118 419
448 605
804 545
525 718
194 911
227 391
316 376
662 40
703 880
281 780
540 430
51 453
525 197
878 555
662 265
148 51
227 745
52 755
739 664
684 479
525 306
662 414
597 623
148 664
148 188
301 273
804 298
38 569
316 567
739 907
824 255
703 559
684 528
684 822
148 593
408 51
52 756
621 15
804 328
541 198
638 456
77 617
525 559
703 361
468 597
339 631
52 579
118 292
798 868
684 718
804 631
597 800
597 245
597 615
52 615
710 233
662 245
448 419
710 737
621 419
316 505
38 573
621 579
541 410
408 899
630 245
824 618
316 623
684 303
684 879
597 609
525 809
281 421
77 307
703 573
118 414
540 579
824 267
281 105
706 716
684 290
597 273
194 292
316 259
281 245
540 623
227 95
339 376
52 536
541 311
301 233
878 213
227 298
525 76
710 614
878 514
227 376
448 505
389 737
638 10
747 737
541 708
408 522
525 472
811 546
878 376
798 290
684 616
710 714
597 715
316 658
804 664
710 55
77 528
706 616
703 55
597 555
38 909
804 10
621 461
684 10
301 62
630 616
804 105
52 555
684 522
541 246
684 699
148 495
389 699
703 479
336 361
148 170
541 105
194 264
77 421
408 157
662 809
425 579
824 822
710 62
747 535
747 479
811 618
425 566
540 631
227 716
113 259
710 391
316 579
468 188
662 419
710 472
804 289
38 737
52 159
710 623
118 911
264 546
448 569
541 567
65 266
501 618
339 211
747 566
703 338
525 623
597 874
804 213
747 822
52 903
194 76
684 413
448 321
824 233
541 615
38 559
804 566
227 631
804 535
281 855
684 309
89 755
684 644
77 522
525 800
301 623
448 461
227 415
316 76
824 609
227 740
703 410
525 760
408 546
706 871
501 664
662 714
113 95
38 461
878 708
638 361
541 659
316 265
301 780
38 409
747 288
38 393
630 290
468 664
878 391
194 149
824 614
77 188
747 756
113 55
408 164
525 149
113 623
710 173
710 338
77 597
673 338
541 149
316 618
65 430
597 40
52 149
336 907
316 566
281 874
51 456
540 911
824 391
581 290
408 458
824 593
739 658
194 699
525 40
389 631
339 614
227 290
468 535
824 664
878 597
468 393
52 545
339 328
148 911
113 714
541 714
811 198
581 198
525 273
684 874
739 879
747 907
597 514
630 291
597 618
38 561
281 295
52 760
77 300
38 334
747 722
630 528
703 855
638 125
630 153
804 879
824 855
541 586
316 536
824 263
581 164
301 879
148 399
804 338
703 213
540 745
264 76
281 522
339 658
52 654
581 410
113 197
113 579
747 40
684 300
841 559
804 903
113 756
703 644
597 88
710 298
38 623
77 298
541 545
389 559
597 255
468 338
662 441
703 752
684 559
227 699
541 292
501 149
448 780
281 157
700 616
638 614
264 623
630 623
525 263
316 664
425 714
77 414
52 456
52 173
425 88
684 246
700 303
684 566
408 659
468 479
703 421
408 760
448 472
339 259
389 871
501 623
52 314
448 51
525 737
448 399
227 559
448 274
77 625
630 654
448 361
389 579
339 40
525 631
408 658
118 157
77 441
540 720
425 780
281 311
148 314
448 206
747 173
281 76
662 535
525 755
739 737
703 911
118 255
700 463
316 68
597 399
684 164
804 569
77 430
824 800
630 198
52 300
389 198
52 441
684 790
118 15
703 321
227 414
38 472
148 880
38 756
316 716
662 233
824 559
425 530
113 720
301 20
227 505
597 292
227 616
408 413
662 321
541 307
541 259
804 32
878 20
621 164
77 393
581 623
804 295
38 536
684 185
336 699
540 211
468 760
621 623
841 62
425 20
316 535
113 314
597 664
597 157
281 800
148 159
525 153
227 264
148 720
448 309
703 879
824 850
747 616
541 658
52 306
316 430
824 605
148 245
408 414
747 328
581 266
52 266
468 522
824 699
878 414
501 463
65 566
38 868
118 745
466 290
804 440
540 125
301 644
448 170
798 410
700 822
113 479
408 800
339 505
227 907
389 419
597 765
77 185
113 98
621 414
339 410
878 164
541 393
113 625
38 105
468 233
301 899
425 259
501 303
747 658
52 273
541 453
798 760
264 644
703 198
824 899
878 715
425 76
798 737
811 822
113 361
118 664
227 321
339 311
630 328
52 644
581 530
798 714
804 273
597 780
281 909
824 291
113 290
38 10
673 716
113 350
448 879
448 125
227 259
673 755
630 718
878 62
316 463
739 76
541 399
747 157
798 419
52 453
448 907
448 409
703 409
52 593
38 68
541 370
841 173
38 40
710 149
113 164
804 699
408 289
281 233
878 522
148 264
597 722
77 51
468 98
581 559
841 291
38 745
389 76
703 40
408 265
227 644
77 714
662 855
148 708
525 292
747 850
38 370
703 328
468 790
77 376
448 173
227 658
194 593
448 414
339 233
700 288
501 376
466 822
662 32
747 188
747 113
339 334
89 850
804 421
824 421
710 267
113 616
316 441
148 390
468 715
339 157
878 616
541 461
77 530
148 10
878 765
747 211
339 453
824 903
804 188
630 573
824 755
525 20
525 15
339 555
281 755
525 185
113 306
316 775
448 871
710 715
700 125
89 314
118 376
710 113
194 658
739 266
638 309
662 292
703 255
804 775
408 10
673 20
339 536
703 295
684 536
700 461
747 911
798 409
339 907
540 288
525 699
148 903
630 185
77 233
448 197
227 765
638 780
468 213
747 421
824 775
425 391
468 265
38 699
684 907
684 456
52 39
468 264
501 461
630 775
389 644
540 644
541 800
77 173
339 198
281 273
336 10
148 149
113 658
662 566
878 295
448 149
747 639
227 413
118 559
468 505
824 288
52 720
77 623
316 855
65 105
466 125
113 68
541 737
525 740
468 536
747 522
113 298
739 20
264 664
425 125
316 298
38 350
227 197
77 780
77 95
227 654
662 76
747 716
227 880
448 307
597 614
811 361
425 822
52 105
703 800
638 259
525 211
878 456
501 288
662 153
710 266
448 536
52 298
710 265
878 809
227 273
710 903
316 410
684 288
408 255
673 463
52 535
878 740
878 907
824 157
804 530
227 328
425 536
824 530
38 311
468 430
630 479
264 376
662 850
541 546
38 95
638 505
468 410
878 88
804 579
38 899
804 264
448 775
316 20
425 800
747 715
281 376
638 298
38 399
878 699
630 258
468 259
597 39
597 505
824 440
118 566
804 157
710 441
684 265
468 441
148 105
878 561
281 292
148 173
227 528
597 240
811 664
65 716
747 62
710 361
339 415
878 410
339 153
662 105
541 855
113 288
811 173
113 874
804 292
316 453
824 164
621 415
113 399
38 458
747 752
113 622
841 479
38 718
662 567
710 393
798 614
118 198
448 579
747 569
541 338
52 311
703 288
747 259
597 258
113 113
541 88
264 399
118 441
408 267
706 546
621 614
798 745
703 399
597 263
339 274
710 413
630 288
878 822
51 658
264 479
703 625
804 441
673 391
710 593
525 899
597 593
541 125
597 522
468 495
878 722
65 579
739 309
336 309
541 213
52 622
468 125
148 855
684 561
739 149
673 105
684 800
703 164
468 855
811 303
148 658
700 419
597 307
638 800
638 328
77 338
662 421
425 569
113 903
425 419
52 197
466 292
541 605
878 659
408 274
281 505
336 631
700 144
662 409
65 699
339 479
148 98
662 644
77 266
597 699
662 198
684 871
673 616
468 76
710 415
710 259
227 609
739 95
662 561
811 288
316 88
316 105
811 10
525 198
684 68
339 292
466 419
52 414
113 907
621 309
148 462
38 264
38 159
77 659
448 295
336 95
148 39
878 676
148 259
77 463
148 745
684 173
662 125
798 105
466 410
824 51
52 871
448 391
700 605
747 699
51 472
389 899
541 290
684 737
878 173
148 659
281 328
148 410
118 76
703 289
878 605
425 211
264 338
408 654
448 822
597 419
113 765
673 273
466 421
336 303
710 597
408 105
541 76
336 292
425 144
77 409
878 15
336 125
878 266
38 306
281 453
194 273
525 658
581 39
281 430
710 288
525 258
316 291
148 536
878 32
878 479
89 306
710 780
621 198
710 790
630 376
339 306
339 617
684 213
878 545
65 51
264 559
597 125
339 716
339 32
501 855
38 76
466 157
662 479
227 292
52 879
841 463
684 676
77 309
824 546
339 463
662 266
878 780
77 745
77 290
798 522
541 263
673 211
468 745
710 255
336 415
468 370
468 328
77 311
77 461
703 245
264 259
621 716
710 51
194 579
878 752
281 879
38 246
148 157
597 259
684 654
630 213
747 720
804 720
841 536
662 907
227 370
52 623
710 240
739 290
408 871
194 245
77 399
597 644
227 911
878 463
621 631
525 391
466 361
89 288
468 618
281 211
336 479
597 822
52 714
824 778
316 125
77 273
700 899
684 567
264 616
148 255
597 535
804 623
339 20
710 290
541 622
281 907
281 569
408 664
227 569
804 718
113 559
501 10
466 760
824 328
703 567
51 188
38 715
468 714
824 338
148 303
747 559
408 240
804 907
148 535
38 593
301 579
339 314
662 514
638 755
466 233
811 780
408 479
747 708
525 298
541 903
38 295
540 410
501 614
408 185
448 55
38 185
468 303
684 298
38 614
710 206
148 752
703 780
540 10
227 778
468 95
597 430
878 625
118 10
525 159
597 265
448 462
148 20
684 714
630 399
878 113
878 644
227 495
501 775
541 240
824 756
466 699
597 10
804 306
684 338
77 899
804 95
804 211
227 722
540 314
710 376
38 198
316 456
501 879
824 393
301 911
52 716
673 899
316 605
525 55
684 292
747 390
541 780
597 233
621 376
630 10
824 415
525 716
710 566
662 716
630 414
281 617
148 413
684 579
38 328
581 569
113 546
710 170
448 390
638 714
581 376
339 752
89 430
662 55
703 413
468 822
525 39
89 559
468 51
77 159
425 631
673 605
540 306
540 479
662 399
468 778
541 879
525 430
52 295
710 292
194 361
448 441
710 453
878 618
597 211
878 157
804 258
662 39
194 306
824 868
148 306
878 760
77 259
339 414
113 321
684 639
706 273
301 410
408 911
194 716
824 414
597 295
113 105
541 579
339 409
597 605
597 745
541 616
38 903
336 39
630 173
878 311
468 300
281 298
541 255
662 755
706 173
804 149
448 164
501 899
408 290
878 639
597 631
878 714
638 62
264 62
425 441
706 259
841 522
51 644
408 880
541 20
448 144
389 855
662 415
77 413
804 246
525 868
747 555
710 899
38 752
301 614
878 559
281 153
638 616
630 907
824 573
336 536
621 456
113 871
52 51
448 10
227 597
425 149
824 597
148 716
541 664
662 528
630 745
65 800
38 62
316 289
38 289
148 113
38 321
316 440
448 593
264 456
525 414
597 868
316 309
301 306
89 321
52 722
621 566
597 566
581 461
148 850
148 755
824 298
77 288
113 338
710 40
148 440
339 144
448 522
597 559
747 125
525 614
739 414
824 566
227 288
710 616
52 809
89 780
468 419
227 62
301 716
804 164
52 868
77 716
408 298
113 255
804 334
89 615
468 298
710 20
264 198
525 233
38 309
541 274
301 264
448 567
77 546
113 62
51 159
89 376
468 559
51 273
703 10
281 314
700 164
301 463
281 20
700 39
811 614
118 644
525 10
706 157
227 306
113 899
389 361
525 461
194 419
841 658
662 559
148 614
706 376
148 125
501 164
113 15
148 765
227 10
194 737
227 338
281 718
113 850
501 522
597 290
408 780
804 479
878 579
703 790
52 213
264 911
541 273
824 198
194 618
541 391
621 288
77 306
316 911
52 233
227 456
77 76
630 716
824 456
525 790
448 530
339 566
878 536
597 880
662 456
673 76
316 164
703 264
630 555
581 157
630 879
148 289
684 295
389 292
148 414
811 699
662 737
824 623
38 440
706 855
703 871
448 659
227 530
703 586
525 745
38 617
77 622
824 715
281 113
804 822
630 545
541 809
408 623
194 263
38 430
113 265
597 546
684 62
747 778
703 714
706 658
630 390
448 458
38 206
878 462
824 745
824 409
673 328
38 855
703 456
408 258
710 125
281 125
638 441
425 545
824 505
684 304
408 40
316 559
113 536
798 245
339 264
118 714
581 391
281 605
281 159
824 125
581 631
89 614
339 573
448 76
684 245
52 631
541 173
468 911
77 644
710 314
747 376
541 871
804 745
739 535
52 258
710 197
597 440
662 185
425 40
336 419
118 536
52 211
316 255
38 874
316 899
525 775
448 95
466 39
316 593
747 51
700 289
194 309
703 716
77 328
148 334
703 206
581 211
824 410
77 505
621 264
38 625
581 479
339 522
684 461
747 644
113 233
113 51
747 159
51 778
525 409
408 615
710 907
118 211
425 188
662 306
662 522
525 88
662 159
630 676
662 62
673 198
747 528
38 453
501 579
468 245
77 579
38 760
389 410
621 245
798 314
38 740
798 546
525 536
113 157
710 414
52 376
89 39
339 850
339 430
581 149
468 263
700 197
673 197
673 159
700 159
700 153
673 153
673 144
638 144
638 197
540 197
540 185
621 185
621 170
540 170
540 159
621 159
621 153
540 153
540 144
621 144
621 113
706 113
706 88
841 88
841 68
811 68
811 55
841 55
841 15
811 15
811 40
798 40
798 68
739 68
739 32
798 32
798 15
706 15
706 68
700 68
700 98
673 98
673 88
638 88
638 98
621 98
621 68
673 68
673 55
700 55
700 40
673 40
673 32
700 32
700 15
638 15
638 55
621 55
621 32
581 32
581 15
540 15
540 40
581 40
581 55
540 55
540 68
581 68
581 113
540 113
540 98
501 98
501 40
466 40
466 98
425 98
425 113
501 113
501 144
466 144
466 153
501 153
501 159
466 159
466 170
501 170
501 197
466 197
466 185
425 185
425 170
389 170
389 159
425 159
425 153
389 153
389 88
336 88
336 68
425 68
425 55
389 55
389 32
501 32
501 15
336 15
336 32
301 32
301 40
336 40
336 55
264 55
264 15
194 15
194 32
118 32
118 40
194 40
194 55
118 55
118 68
301 68
301 98
336 98
336 113
301 113
301 144
336 144
336 153
301 153
301 159
336 159
336 170
301 170
301 185
389 185
389 197
425 197
425 206
389 206
389 291
336 291
336 246
264 246
264 240
336 240
336 213
264 213
264 206
336 206
336 197
264 197
264 159
194 159
194 197
118 197
118 185
89 185
89 170
118 170
118 159
89 159
89 153
264 153
264 144
194 144
194 113
264 113
264 98
194 98
194 88
118 88
118 144
89 144
89 40
65 40
65 32
89 32
89 15
51 15
51 55
65 55
65 68
51 68
51 88
65 88
65 98
51 98
51 113
65 113
65 144
51 144
51 153
65 153
65 170
51 170
51 185
65 185
65 197
89 197
89 206
194 206
194 240
118 240
118 213
89 213
89 246
194 246
194 258
301 258
301 263
264 263
264 265
301 265
301 267
194 267
194 265
118 265
118 258
89 258
89 265
65 265
65 206
51 206
51 267
65 267
65 274
89 274
89 267
118 267
118 274
301 274
301 289
194 289
194 291
118 291
118 289
89 289
89 295
264 295
264 291
301 291
301 295
336 295
336 300
89 300
89 304
336 304
336 307
89 307
89 311
264 311
264 321
301 321
301 311
336 311
336 350
301 350
301 334
194 334
194 321
118 321
118 334
89 334
89 350
65 350
65 289
51 289
51 370
118 370
118 350
264 350
264 370
466 370
466 390
621 390
621 393
581 393
581 409
540 409
540 393
501 393
501 409
466 409
466 393
425 393
425 409
389 409
389 390
194 390
194 393
336 393
336 409
264 409
264 413
389 413
389 415
425 415
425 413
466 413
466 415
501 415
501 413
540 413
540 421
501 421
501 440
466 440
466 453
540 453
540 440
581 440
581 453
621 453
621 440
673 440
673 453
706 453
706 458
466 458
466 462
540 462
540 472
581 472
581 462
706 462
706 514
700 514
700 472
621 472
621 495
673 495
673 573
638 573
638 514
621 514
621 561
581 561
581 567
621 567
621 573
540 573
540 561
501 561
501 555
581 555
581 535
540 535
540 545
501 545
501 528
581 528
581 495
540 495
540 514
501 514
501 472
466 472
466 528
425 528
425 453
389 453
389 440
425 440
425 421
336 421
336 458
389 458
389 462
301 462
301 415
264 415
264 421
194 421
194 440
264 440
264 453
118 453
118 458
89 458
89 440
118 440
118 421
89 421
89 415
194 415
194 409
118 409
118 413
89 413
89 393
118 393
118 390
51 390
51 393
65 393
65 413
51 413
51 415
65 415
65 421
51 421
51 440
65 440
65 458
51 458
51 462
65 462
65 472
89 472
89 462
118 462
118 472
194 472
194 458
264 458
264 472
389 472
389 495
264 495
264 514
389 514
389 528
336 528
336 535
466 535
466 555
389 555
389 545
301 545
301 528
264 528
264 545
194 545
194 514
118 514
118 495
89 495
89 528
118 528
118 535
89 535
89 545
118 545
118 555
65 555
65 495
51 495
51 561
194 561
194 555
336 555
336 561
466 561
466 567
501 567
501 573
389 573
389 567
336 567
336 573
301 573
301 561
264 561
264 573
194 573
194 567
118 567
118 573
89 573
89 567
65 567
65 573
51 573
51 639
65 639
65 586
89 586
89 609
118 609
118 615
194 615
194 597
118 597
118 586
264 586
264 597
301 597
301 586
336 586
336 597
389 597
389 586
425 586
425 597
466 597
466 586
540 586
540 597
501 597
501 609
264 609
264 615
301 615
301 617
336 617
336 615
389 615
389 622
264 622
264 617
89 617
89 639
118 639
118 622
194 622
194 625
425 625
425 615
466 615
466 617
501 617
501 615
540 615
540 609
581 609
581 586
638 586
638 597
621 597
621 609
706 609
706 615
621 615
621 617
706 617
706 622
581 622
581 617
540 617
540 622
466 622
466 625
638 625
638 639
194 639
194 654
118 654
118 659
89 659
89 654
65 654
65 659
51 659
51 676
118 676
118 708
51 708
51 715
89 715
89 718
51 718
51 740
65 740
65 722
89 722
89 740
118 740
118 722
194 722
194 718
118 718
118 715
194 715
194 708
264 708
264 676
194 676
194 659
264 659
264 654
301 654
301 676
336 676
336 654
389 654
389 676
425 676
425 654
540 654
540 659
466 659
466 676
540 676
540 708
336 708
336 715
264 715
264 740
301 740
301 718
389 718
389 715
466 715
466 722
336 722
336 740
501 740
501 715
581 715
581 654
621 654
621 715
673 715
673 708
638 708
638 676
673 676
673 659
638 659
638 654
673 654
673 625
700 625
700 654
706 654
706 625
739 625
739 654
798 654
798 659
700 659
700 715
706 715
706 676
739 676
739 722
706 722
706 718
700 718
700 722
673 722
673 718
638 718
638 722
621 722
621 718
581 718
581 722
540 722
540 740
673 740
673 752
389 752
389 756
336 756
336 752
301 752
301 765
425 765
425 756
540 756
540 765
466 765
466 778
264 778
264 752
194 752
194 778
118 778
118 752
51 752
51 765
65 765
65 756
89 756
89 778
65 778
65 790
51 790
51 909
65 909
65 809
89 809
89 790
118 790
118 868
89 868
89 909
118 909
118 874
194 874
194 909
264 909
264 868
194 868
194 790
301 790
301 809
264 809
264 850
336 850
336 790
466 790
466 809
389 809
389 850
425 850
425 868
301 868
301 874
336 874
336 880
389 880
389 874
425 874
425 903
301 903
301 909
466 909
466 874
501 874
501 868
466 868
466 850
501 850
501 778
540 778
540 903
501 903
501 909
621 909
621 903
581 903
581 756
621 756
621 778
638 778
638 756
673 756
673 790
621 790
621 809
638 809
638 850
621 850
621 880
638 880
638 868
673 868
673 880
700 880
700 874
706 874
706 903
638 903
638 909
798 909
798 903
739 903
739 880
798 880
798 874
739 874
739 868
700 868
700 850
673 850
673 809
700 809
700 740
706 740
706 850
739 850
739 740
811 740
811 752
798 752
798 756
811 756
811 778
798 778
798 790
811 790
811 809
798 809
798 850
811 850
811 909
841 909
841 722
798 722
798 715
811 715
811 718
841 718
841 708
798 708
798 676
841 676
841 659
811 659
811 654
841 654
841 639
798 639
798 625
841 625
841 622
739 622
739 615
798 615
798 617
811 617
811 615
841 615
841 561
811 561
811 586
798 586
798 597
811 597
811 609
739 609
739 573
798 573
798 555
841 555
841 545
811 545
811 535
841 535
841 528
798 528
798 545
739 545
739 567
706 567
706 597
673 597
673 586
700 586
700 561
706 561
706 555
700 555
700 545
706 545
706 535
700 535
700 528
739 528
739 514
841 514
841 495
811 495
811 472
798 472
798 495
739 495
739 462
841 462
841 350
811 350
811 334
841 334
841 307
811 307
811 304
841 304
841 295
811 295
811 300
798 300
798 311
811 311
811 321
798 321
798 350
739 350
739 311
706 311
706 350
700 350
700 370
811 370
811 390
798 390
798 393
811 393
811 458
739 458
739 453
798 453
798 440
739 440
739 415
798 415
798 413
739 413
739 390
706 390
706 440
700 440
700 421
673 421
673 415
700 415
700 409
673 409
673 413
638 413
638 421
581 421
581 413
621 413
621 409
638 409
638 393
700 393
700 390
638 390
638 370
673 370
673 350
638 350
638 334
700 334
700 321
673 321
673 307
700 307
700 304
706 304
706 307
739 307
739 291
811 291
811 289
841 289
841 246
811 246
811 274
798 274
798 289
706 289
706 300
700 300
700 291
673 291
673 274
739 274
739 267
798 267
798 265
739 265
739 263
706 263
706 267
700 267
700 263
673 263
673 267
638 267
638 295
673 295
673 304
638 304
638 307
621 307
621 300
581 300
581 311
638 311
638 321
621 321
621 370
581 370
581 321
540 321
540 370
501 370
501 311
540 311
540 307
466 307
466 304
540 304
540 300
501 300
501 295
466 295
466 300
425 300
425 311
466 311
466 350
389 350
389 334
425 334
425 321
389 321
389 295
425 295
425 291
501 291
501 289
540 289
540 295
581 295
581 291
621 291
621 289
581 289
581 267
621 267
621 265
638 265
638 263
621 263
621 246
673 246
673 258
798 258
798 246
739 246
739 240
841 240
841 213
811 213
811 206
798 206
798 213
739 213
739 197
841 197
841 185
739 185
739 170
841 170
841 159
798 159
798 153
841 153
841 144
798 144
798 113
841 113
841 98
739 98
739 144
706 144
706 153
739 153
739 159
706 159
706 170
700 170
700 185
706 185
706 246
700 246
700 240
673 240
673 213
638 213
638 240
621 240
621 213
581 213
581 265
540 265
540 213
501 213
501 267
540 267
540 274
466 274
466 289
425 289
425 267
466 267
466 265
425 265
425 263
466 263
466 258
425 258
425 246
466 246
466 240
425 240
425 213
466 213
466 206
700 206
