46 46
-292224377 -287179942
-604508939 604508940
598757456 -598757455
758542676 -758542677
-841876006 841876007
-447150383 -439316374
598757456 761269451
-761269452 761269451
-370513271 -362679262
439316374 604508939
287179941 447150384
836350639 -836350640
-604508940 604508939
679364011 841876006
-682090786 682090785
-292224378 292224377
-922192035 -916666669
-922192036 922192035
-922192035 922192036
-370513272 -362679261
679364011 -679364010
-604508940 -598757455
-682090786 -679364010
598757455 761269452
516898219 -516898220
287179942 -287179941
-604508939 -598757456
-682090785 682090786
203994454 -203994453
836350639 999999999
-841876007 841876006
439316373 -439316374
439316374 -439316373
-447150384 -439316373
-999999999 -999999998
-447150384 447150383
125705560 -125705559
203994454 370513271
439316373 604508940
-292224377 292224378
125705559 -125705560
-841876006 -836350640
-841876007 -836350639
679364010 841876007
-682090785 -679364011
516898219 682090786
287179941 447150383
-447150383 447150383
-447150383 -439316373
439316373 -439316373
439316373 604508939
-604508939 604508939
-604508939 -598757455
598757455 -598757455
598757455 761269451
-761269451 761269451
-761269451 -758542676
758542676 -758542676
758542676 922192035
-922192035 922192035
-922192035 -916666668
916666668 -916666668
916666668 999999998
999999998 999999998
999999998 -999999998
-999999998 -999999998
-999999998 999999998
836350639 999999998
836350639 -836350639
-841876006 -836350639
-841876006 841876006
679364010 841876006
679364010 -679364010
-682090785 -679364010
-682090785 682090785
516898219 682090785
516898219 -516898219
-522649703 -516898219
-522649703 522649703
362679261 522649703
362679261 -362679261
-370513271 -362679261
-370513271 370513271
203994453 370513271
203994453 -203994453
125705558 -203994453
125705558 -125705559
125705559 -125705559
125705559 292224377
-292224377 292224377
-292224377 -287179941
287179941 -287179941
