86 86
-308739312 307588731
827804102 -916967480
-263588784 263284768
219126021 219126020
-916967479 913182955
84069915 84069914
-744543843 -744543844
743227544 743227545
612935334 -702877883
84069914 -174949305
827804103 827804102
785610706 -874774084
-440785245 438129148
-613768575 -613768576
743227545 743227544
393517716 -483583692
307588730 307588731
-351869849 350719268
-219430036 -219430035
-831065250 827804103
-569195163 -569195162
612935335 612935334
263284769 263284768
699089300 -786927005
871512935 -958329980
393517716 393517715
-958329979 954545455
568361922 -658389878
-786927005 785610707
219126020 -308739313
350719268 -440785244
-874774084 -874774083
173975492 -263588783
-528071568 -528071567
-744543843 743227545
-999999998 -999999999
-308739313 -308739312
84069915 -174949304
128550645 -219430036
-263588784 -263588783
699089299 -786927006
263284768 -351869850
-483583692 479252744
871512936 871512935
-874774083 -874774084
-744543844 -744543843
-874774084 871512935
173975492 173975491
479252743 479252744
219126020 219126021
438129149 -528071567
-916967479 -916967480
-874774083 871512936
263284769 -351869849
871512935 871512936
654601295 654601296
-958329979 -958329980
-174949305 -174949304
612935334 612935335
654601296 654601295
438129148 438129149
-831065250 -831065251
350719268 350719267
173975491 173975492
871512936 -958329979
-308739313 307588730
523740618 -613768576
785610706 785610707
-440785245 -440785244
-831065251 827804102
-702877883 -702877882
523740619 -613768575
568361921 568361922
827804103 -916967479
-396173811 393517716
-786927006 785610706
654601296 -744543843
568361921 -658389879
-658389878 654601296
350719267 -440785245
785610707 -874774083
699089300 699089299
-351869850 350719267
-958329980 954545454
-219430036 219126020
699089299 699089300
307588730 307588730
307588730 -396173811
-396173811 -396173811
-396173811 393517715
393517715 393517715
393517715 -483583692
-483583692 -483583692
-483583692 479252743
479252743 479252743
479252743 -569195162
-569195162 -569195162
-569195162 568361921
568361921 568361921
568361921 -658389878
-658389878 -658389878
-658389878 654601295
654601295 654601295
654601295 -744543843
-744543843 -744543843
-744543843 743227544
743227544 743227544
743227544 -831065250
-831065250 -831065250
-831065250 827804102
827804102 827804102
827804102 -916967479
-916967479 -916967479
-916967479 913182954
913182954 913182954
913182954 -999999998
-999999998 -999999998
-999999998 999999998
999999998 999999998
999999998 -999999998
954545454 -999999998
954545454 954545454
-958329979 954545454
-958329979 -958329979
871512935 -958329979
871512935 871512935
-874774083 871512935
-874774083 -874774083
785610706 -874774083
785610706 785610706
-786927005 785610706
-786927005 -786927005
699089299 -786927005
699089299 699089299
-702877882 699089299
-702877882 -702877882
612935334 -702877882
612935334 612935334
-613768575 612935334
-613768575 -613768575
523740618 -613768575
523740618 523740618
-528071567 523740618
-528071567 -528071567
438129148 -528071567
438129148 438129148
-440785244 438129148
-440785244 -440785244
350719267 -440785244
350719267 350719267
-351869849 350719267
-351869849 -351869849
263284768 -351869849
263284768 263284768
-263588783 263284768
-263588783 -263588783
173975491 -263588783
173975491 173975491
-174949304 173975491
-174949304 -174949304
84069914 -174949304
84069914 84069914
84069913 84069914
84069913 128550645
128550645 128550645
128550645 -219430035
-219430035 -219430035
-219430035 219126020
219126020 219126020
219126020 -308739312
-308739312 -308739312
-308739312 307588730
