246 246
-554167636 -554167637
260762427 -229861391
-675281365 676209285
-675281366 676209284
-90611303 -90611302
384102028 -353397972
-522984956 523634065
-476351032 477227143
-506994741 507643848
-799563599 800275881
-584187452 585403726
-953165351 -953165352
660367796 660367797
353916482 353916483
-983870967 985124329
415638945 415638946
-613484942 -613484943
937574554 -906550552
244634354 244634353
-198533166 -198533165
-554167637 -554167636
-937258417 -937258418
554665994 554665995
600316482 -569080393
368491506 -337787452
629613973 -598750535
691410396 691410397
-167318978 168059070
-198533165 199203245
-721499850 -721499849
-906550552 -906550551
570296668 -538615629
-830552447 831301442
-353397973 353916482
737125440 -706148125
260762426 -229861392
-830552448 -830552447
477227143 -446096928
722277156 722277155
-275351176 -275351175
338932229 338932228
752477165 752477166
447166266 447166265
862436341 -830552448
-814943637 -814943636
969294382 969294383
-768352360 768445177
-921445524 921697260
585403727 585403726
-198533166 199203244
707017821 -675281365
447166265 -415052545
-415052545 -415052544
615050890 615050891
368491507 -337787451
-120577130 121441071
-213733319 214403397
539113987 -506994741
-337787451 338932229
-554167636 554665995
-105876394 106740333
-167318979 -167318978
768445178 768445177
-260275096 -260275095
-830552448 831301441
999999999 999999998
-384005440 -384005439
-736348134 737125441
-721499849 -721499850
244634353 -213733319
985124328 985124329
415638946 -384005439
-275351175 -275351176
815692630 -783769110
338932228 338932229
892265646 -861493707
-644238766 645555385
660367796 -628297354
90713508 -59817743
-538615629 539113988
691410397 -659439877
722277155 -690540701
600316483 600316482
707017821 707017820
-522984957 523634064
-675281365 -675281366
399606502 399606503
-476351032 -476351033
214403397 -183074214
477227142 -446096929
353916483 -321984731
921697261 921697260
307276122 -275351176
199203244 199203245
645555385 645555386
507643848 507643849
507643849 -476351032
953481489 -921445523
-431037235 -431037234
90713508 90713507
-461098112 -461098111
-59817743 -59817744
969294383 969294382
-584187452 -584187451
183814305 183814304
492390927 492390928
-415052545 415638945
570296668 570296667
-321984732 -321984731
-584187451 585403727
399606502 -367972997
539113988 -506994740
-244633396 244634353
969294383 -937258417
-706148125 707017820
183814305 -151930038
-830552447 -830552448
-291204562 291480206
846681479 -814943636
-659439877 660367797
585403726 -554167637
-105876393 -105876394
800275881 -768352359
-431037234 431623636
106740333 -75844570
-783769110 -783769109
-628297353 -628297354
183814304 -151930039
737125440 737125441
-569080393 -569080392
199203244 -167318979
323129509 -291204561
752477165 -721499850
570296667 -538615630
-644238766 -644238765
-644238765 -644238766
214403398 -183074213
784481390 784481391
-491514817 492390928
862436341 862436342
229862350 229862349
291480206 291480207
-105876393 106740334
152142056 152142057
-321984732 323129508
-628297353 629613974
-736348134 -736348135
106740334 -75844569
800275881 800275880
645555386 -613484942
-906550551 906802289
-461098111 462167449
-752384347 752477166
-136494144 -136494143
-861493707 862436342
570296667 570296668
-968041022 969294382
492390927 -461098112
-598750535 -598750534
-367972996 368491507
-506994740 -506994741
-845738845 -845738844
-120577131 121441070
-291204562 -291204561
784481391 -752384347
676209285 676209284
-151930039 -151930038
-752384348 -752384347
152142056 -120577131
-120577131 -120577130
707017820 707017821
-613484943 615050890
-814943636 815692631
921697261 -890673257
-136494144 136706161
431623635 -399509915
353916482 -321984732
-307000477 307276123
-937258418 -937258417
415638946 415638945
275838507 275838506
-876030351 877622738
90713507 90713508
-845738844 846681479
-307000478 307276122
-768352359 768445178
-229861391 -229861392
-598750534 600316483
-461098111 -461098112
136706161 136706162
877622738 877622739
-598750535 600316482
629613973 629613974
-861493708 862436341
-183074213 183814305
-59817744 -59817743
-876030351 -876030350
-353397972 353916483
-321984731 -321984732
784481391 784481390
307276122 307276123
-367972996 -367972997
892265645 -861493708
-538615630 -538615629
-768352359 -768352360
-736348135 -736348134
307276123 307276122
307276123 -275351175
722277155 722277156
-213733318 -213733319
906802288 906802289
539113988 539113987
-768352360 -768352359
507643848 -476351033
691410397 691410396
-752384348 752477165
645555385 -613484943
-431037235 431623635
800275880 800275881
-890673258 892265645
831301441 831301442
-183074213 -183074214
338932229 -307000477
291480207 -260275095
800275880 -768352360
244634353 244634354
199203245 -167318978
-431037234 -431037235
-752384347 -752384348
-861493707 -861493708
431623635 431623636
752477166 752477165
-953165352 953481488
492390928 -461098111
121441071 -90611302
-446096928 447166266
-598750534 -598750535
768445177 -736348135
-890673257 892265646
477227143 477227142
-690540700 691410397
-337787452 338932228
-706148125 -706148124
676209284 676209285
-353397973 -353397972
229862350 -198533165
-768352359 768445177
-768352359 -768352359
800275880 -768352359
800275880 800275880
-799563599 800275880
-799563599 -799563599
831301441 -799563599
831301441 831301441
-830552447 831301441
-830552447 -830552447
862436341 -830552447
862436341 862436341
-861493707 862436341
-861493707 -861493707
892265645 -861493707
892265645 892265645
-890673257 892265645
-890673257 -890673257
921697260 -890673257
921697260 921697260
-921445523 921697260
-921445523 -921445523
953481488 -921445523
953481488 953481488
-953165351 953481488
-953165351 -953165351
985124328 -953165351
985124328 985124328
-983870967 985124328
-983870967 -983870967
999999998 -983870967
999999998 -999999998
-999999998 -999999998
-999999998 999999998
999999998 999999998
999999998 -968041021
-968041021 -968041021
-968041021 969294382
969294382 969294382
969294382 -937258417
-937258417 -937258417
-937258417 937574554
937574554 937574554
937574554 -906550551
-906550551 -906550551
-906550551 906802288
906802288 906802288
906802288 -876030350
-876030350 -876030350
-876030350 877622738
877622738 877622738
877622738 -845738844
-845738844 -845738844
-845738844 846681478
846681478 846681478
846681478 -814943636
-814943636 -814943636
-814943636 815692630
815692630 815692630
815692630 -783769109
-783769109 -783769109
-783769109 784481390
784481390 784481390
784481390 -752384347
-752384347 -752384347
-752384347 752477165
752477165 752477165
752477165 -721499849
-721499849 -721499849
-721499849 722277155
722277155 722277155
722277155 -690540700
-690540700 -690540700
-690540700 691410396
691410396 691410396
691410396 -659439877
-659439877 -659439877
-659439877 660367796
660367796 660367796
660367796 -628297353
-628297353 -628297353
-628297353 629613973
629613973 629613973
629613973 -598750534
-598750534 -598750534
-598750534 600316482
600316482 600316482
600316482 -569080392
-569080392 -569080392
-569080392 570296667
570296667 570296667
570296667 -538615629
-538615629 -538615629
-538615629 539113987
539113987 539113987
539113987 -506994740
-506994740 -506994740
-506994740 507643848
507643848 507643848
507643848 -476351032
-476351032 -476351032
-476351032 477227142
477227142 477227142
477227142 -446096928
-446096928 -446096928
-446096928 447166265
447166265 447166265
447166265 -415052544
-415052544 -415052544
-415052544 415638945
415638945 415638945
415638945 -384005439
-384005439 -384005439
-384005439 384102027
384102027 384102027
384102027 -353397972
-353397972 -353397972
-353397972 353916482
353916482 353916482
353916482 -321984731
-321984731 -321984731
-321984731 323129508
323129508 323129508
323129508 -291204561
-291204561 -291204561
-291204561 291480206
291480206 291480206
291480206 -260275095
-260275095 -260275095
-260275095 260762426
260762426 260762426
260762426 -229861391
-229861391 -229861391
-229861391 229862349
229862349 229862349
229862349 -198533165
-198533165 -198533165
-198533165 199203244
199203244 199203244
199203244 -167318978
-167318978 -167318978
-167318978 168059069
168059069 168059069
168059069 -136494143
-136494143 -136494143
-136494143 136706161
136706161 136706161
136706161 -105876393
-105876393 -105876393
-105876393 106740333
106740333 106740333
106740333 -75844569
-75844569 -75844569
-75844569 -59817742
-59817743 -59817742
-59817743 -59817743
90713507 -59817743
90713507 90713507
-90611302 90713507
-90611302 -90611302
121441070 -90611302
121441070 121441070
-120577130 121441070
-120577130 -120577130
152142056 -120577130
152142056 152142056
-151930038 152142056
-151930038 -151930038
183814304 -151930038
183814304 183814304
-183074213 183814304
-183074213 -183074213
214403397 -183074213
214403397 214403397
-213733318 214403397
-213733318 -213733318
244634353 -213733318
244634353 244634353
-244633395 244634353
-244633395 -244633395
275838506 -244633395
275838506 275838506
-275351175 275838506
-275351175 -275351175
307276122 -275351175
307276122 307276122
-307000477 307276122
-307000477 -307000477
338932228 -307000477
338932228 338932228
-337787451 338932228
-337787451 -337787451
368491506 -337787451
368491506 368491506
-367972996 368491506
-367972996 -367972996
399606502 -367972996
399606502 399606502
-399509914 399606502
-399509914 -399509914
431623635 -399509914
431623635 431623635
-431037234 431623635
-431037234 -431037234
462167448 -431037234
462167448 462167448
-461098111 462167448
-461098111 -461098111
492390927 -461098111
492390927 492390927
-491514817 492390927
-491514817 -491514817
523634064 -491514817
523634064 523634064
-522984956 523634064
-522984956 -522984956
554665994 -522984956
554665994 554665994
-554167636 554665994
-554167636 -554167636
585403726 -554167636
585403726 585403726
-584187451 585403726
-584187451 -584187451
615050890 -584187451
615050890 615050890
-613484942 615050890
-613484942 -613484942
645555385 -613484942
645555385 645555385
-644238765 645555385
-644238765 -644238765
676209284 -644238765
676209284 676209284
-675281365 676209284
-675281365 -675281365
707017820 -675281365
707017820 707017820
-706148124 707017820
-706148124 -706148124
737125440 -706148124
737125440 737125440
-736348134 737125440
-736348134 -736348134
768445177 -736348134
768445177 768445177
