782 782
858575686 858575685
204004058 204004059
-999999998 989905527
649508308 649508309
-218653452 -218653451
818713825 818713824
-625743133 615596722
-184786132 175030905
-349364039 339287183
291567541 291567540
-398710455 388516592
466448181 -466920238
-940867144 -940867143
707350125 707350126
-334841550 325047691
-447547496 437609520
344261999 344261998
639640995 639640996
868451496 -868458453
175030905 175030904
-635252052 -635252053
232429988 -232689958
189643789 189643788
-838930498 -838930497
-84265411 -84265410
533609113 -533952758
-645093363 -645093364
-457153538 447060337
-722234516 712348103
601326060 601326061
601326060 -601672680
572611208 -572922052
557807974 557807975
247285571 247285570
557807975 557807974
780232858 -780737782
945883981 -945918752
-291630446 -291630447
-985055942 974909640
-378856872 -378856871
136857249 -137246499
422909138 422909137
122455884 -122857010
-985055942 -985055941
751035375 -751444255
999999998 -999999999
-388535399 -388535400
-89219588 79329590
-237791286 227587919
784911144 -785334898
-476191361 -476191362
60380420 60380421
-693261021 -693261022
-189790123 -189790122
745961688 745961687
-325350208 315269687
-775673931 -775673930
155848160 155848161
-408254300 -408254299
-252387611 -252387610
-79477451 -79477452
-630651021 620504610
897058253 -897327142
-315661405 -315661406
413162137 413162138
-799613097 -799613096
-727041238 717154825
-418264178 -418264177
198904321 198904320
305888753 305888752
310599074 310599075
712348104 712348103
625548982 -625743133
-170609098 -170609099
974909640 974909641
-499883106 -499883105
-208609891 -208609890
731383218 731383219
452051498 452051497
-146707348 -146707349
726730526 -727041238
-878174550 -878174551
-615662699 -615662698
-674005548 664149957
630413412 -630651021
707350126 -707610582
490083142 -490543684
-823815864 813837239
-471561378 461818197
-921577136 911542928
620504610 -620698761
-858894634 848812202
683278919 -683653652
538456470 538456471
-418264177 408160994
-794637840 -794637839
955271061 -955670629
-717450144 -717450143
-146707349 136857249
828772093 828772094
98431126 -98632900
-466920237 457024629
-597062815 587230433
132144459 132144458
286528406 -286683782
-257270698 -257270699
198904321 -199350866
398533679 398533680
108144483 108144482
113145956 113145957
931041202 931041203
-955670629 -955670628
693072836 -693261022
-428011178 -428011177
480723188 -481118109
437609520 -437810288
-853914243 -853914242
-223403068 -223403067
809219159 -809280368
-310990792 -310990793
-926377699 -926377698
950586455 -950986021
-262193897 252208768
-863677726 -863677725
-990150103 980003801
-208609890 198904321
160714353 -161115230
-995142534 -995142535
-760981308 -760981309
-103618594 -103618595
170356685 -170609098
-645093364 635014442
-364145163 354031666
-615662698 605922441
218301027 -218653452
-499883106 490083142
354031665 354031666
471089321 471089322
74375412 -74779681
-170609098 160714353
-452538657 -452538656
726730527 726730526
-887733609 877781085
320069211 -320371727
587230434 587230433
432708249 432708248
-349364038 -349364039
770571891 -770871350
882518910 882518909
-916524745 -916524746
-93829078 -93829079
408160993 408160994
88921370 -89219589
-548263237 -548263236
-364145164 354031665
-291630447 -291630446
165563978 -165816393
799449612 -799613096
-161115231 -161115230
-369104849 -369104850
-175458724 165563979
93530861 93530860
398533680 -398710455
-282048210 271891272
-659441958 -659441959
-615662699 605922440
-775673931 765545022
-519077738 509228602
471089322 -471561377
838668436 -838930498
843763482 -843770477
-538800115 -538800114
276946170 -277131780
-199350867 -199350866
-194745828 -194745829
79329590 79329589
-794637839 -794637840
325047691 325047690
141605309 -141994557
-359133706 -359133705
552796798 -553005927
625548981 625548982
364002809 -364145164
69773659 -70177928
-698174876 -698174877
204004059 204004058
-960373102 -960373101
-911592579 901722204
644617877 644617876
-736485258 726730527
208607588 -208609891
926253060 926253061
-678881700 -678881701
-437810288 -437810289
349217953 -349364039
-868458453 -868458452
-151345605 -151345604
-252387610 -252387611
-649719917 639640995
-286683782 276946169
-103618595 -103618594
-132595310 122455884
784911143 784911144
980003801 980003802
-509667437 499767934
301155386 301155385
262151721 -262193897
-180111913 -180111912
242381181 -242633356
765545023 -765844482
794474354 794474355
755898549 -756137416
194299283 194299282
-74779682 -74779681
848812203 848812202
-65548187 -65548188
393608416 -393627223
-247537745 237531315
741268526 -741293606
-423311110 413162137
79329589 79329590
989905526 -990150103
-98632901 88921370
828772093 -828913996
775169008 775169007
557807974 -558017103
615596721 615596722
523838808 523838807
-267017019 -267017018
-383661299 373754831
582421074 -582710224
408160994 408160993
799449612 799449611
664149958 664149957
775169007 -775673931
726730526 726730527
-466920237 -466920238
-814321199 -814321198
-388535400 -388535399
-161115230 151146999
596570639 596570640
88921371 88921370
242381181 242381182
818713824 818713825
-611024481 601326060
485364686 485364687
198904320 -199350867
-437810289 -437810288
-122857009 -122857010
-543558510 -543558511
-765844482 -765844483
-562910014 -562910015
383433360 -383661298
-252387610 242381182
281892835 -282048209
-630651021 -630651022
-189790122 179684093
310599074 -310990793
547903887 547903886
417862205 -418264178
635014442 -635252053
417862206 -418264177
-442646226 432708248
-809280369 799449611
-828913995 -828913996
818713825 -819197784
499767934 -499883106
208607589 208607588
213357205 213357204
523838807 -524086809
688192774 -688380958
-349364038 339287184
688192774 688192773
955271062 955271061
596570639 -597062815
-683653653 673779660
-606269059 596570640
921452498 -921577135
132144458 -132595310
475796439 475796440
-640116482 630413412
901722205 -902160293
227587919 227587918
-746370567 736460179
-955670628 -955670629
442445456 442445457
-990150102 980003802
-717450144 707350125
577608184 577608183
-799613097 789535799
-985055941 -985055942
610958504 -611024480
-339781882 -339781883
-524086808 514237674
-794637840 784911143
-447547497 -447547496
784911144 784911143
-999999999 -999999998
-645093364 -645093363
141605308 -141994558
417862205 417862206
-306351587 -306351588
329988023 329988022
-882883124 -882883125
780232859 -780737781
403152259 403152260
170356684 170356685
242381182 242381181
751035375 751035376
-252387611 242381181
-286683781 -286683782
-858894633 848812203
-698174877 -698174876
838668436 838668437
495070011 495070012
364002810 364002809
-843770476 -843770477
-524086808 -524086809
-746370566 -746370567
-669251998 659365817
538456471 538456470
-113520334 -113520333
-74779681 65075889
-93829079 -93829078
755898549 755898550
-760981308 751035376
-306351587 296516181
-731693929 721939198
514237674 514237673
117846871 -118247997
-538800115 528850717
442445456 -442646226
388516591 -388535400
93530860 93530861
547903887 -548263236
-137246498 -137246499
547903886 -548263237
970215080 -970436331
-940867143 931041203
-635252053 -635252052
538456470 -538800115
136857249 136857250
-804551651 -804551652
-228083183 218301028
271891272 -272076884
-838930497 828772094
567820011 567820012
65075889 65075888
635014442 635014443
-471561377 -471561378
117846872 -118247996
475796440 -476191361
673779661 673779660
-887733609 -887733610
-819197785 -819197784
-950986022 -950986021
-965417841 955271062
552796799 552796798
-122857010 -122857009
437609519 437609520
-98632900 88921371
373754831 -373885981
863670770 863670769
-461947106 452051498
-291630446 281892835
-799613096 -799613097
-232689958 222907803
398533680 398533679
721939197 721939198
-722234516 -722234515
194299283 -194745828
818713824 -819197785
-70177929 -70177928
-853914242 843763483
204004058 -204006361
-383661298 373754832
873160071 -873553536
315269687 315269688
-678881700 669026111
960289551 960289550
-359133706 349217953
122455884 122455885
-70177929 60380420
-683653652 673779661
707350125 -707610583
843763483 843763482
887369395 887369394
-204006361 -204006360
247285570 -247537745
132144458 132144459
-538800114 528850718
-151345604 -151345605
804490441 -804551652
-809280368 -809280369
755898550 755898549
-999999999 989905526
892202547 -892471434
329988022 -330149731
649508309 649508308
-204006360 -204006361
-538800114 -538800115
358991352 358991351
-848819197 838668436
-765844482 755898550
-630651022 -630651021
378628933 -378856871
208607588 208607589
-693261022 683278918
717154826 -717450143
-118247996 108144483
789535799 789535800
620504609 620504610
970215081 -970436330
-606269059 -606269060
466448181 466448182
712348103 712348104
688192773 688192774
-678881701 -678881700
639640996 -640116482
398533679 -398710456
499767934 499767935
301155385 301155386
305888752 -306351588
227587918 -228083184
266974843 -267017019
901722204 901722205
-878174551 868451496
-688380959 -688380958
281892835 281892834
237531315 237531316
-587519582 577608184
-980011680 970215081
-548263237 538456470
-990150103 -990150102
301155386 -301618220
-65548187 55750680
373754831 373754832
940832374 -940867143
-838930497 -838930498
813837238 813837239
-137246498 127107074
-65548188 -65548187
413162138 413162137
567820011 -567950960
-702978663 693072836
-428011178 417862205
-408254299 398533680
-413255444 -413255443
-843770477 -843770476
833612072 -833874134
-702978663 -702978662
422909138 -423311109
741268526 741268527
-393627224 -393627223
-354177750 -354177751
-659441959 -659441958
466448182 -466920237
-529098719 -529098718
-481118109 471089322
-344756698 334679842
141605308 141605309
-127557924 -127557925
-688380958 678506967
198904320 198904321
-108518860 -108518859
562779066 -562910015
103416819 -103618595
-84265410 74375412
892202547 892202546
-950986021 -950986022
339287183 339287184
-567950959 -567950960
863670769 -863677726
-819197784 809219159
179684092 179684093
93530861 -93829078
-113520333 -113520334
765545022 765545023
-995142534 985048063
-223403068 213357204
745961687 -746370567
882518909 882518910
358991351 358991352
-184786133 -184786132
-995142535 -995142534
615596721 -615662699
-267017018 -267017019
823673962 -823815865
499767935 499767934
-582710224 572611208
-592332473 -592332474
-674005547 -674005548
442445457 442445456
-980011680 -980011681
-306351588 296516180
-741293605 -741293606
-945918752 935765103
-553005927 543199160
490083142 490083143
417862206 417862205
-780737782 770571890
582421074 582421075
-931355100 921452498
271891272 271891273
480723187 480723188
262151722 262151721
-649719916 -649719917
-165816393 155848160
-70177928 60380421
252208768 252208769
-906928627 897058254
-746370566 736460180
678506966 678506967
-567950960 557807974
-529098719 518984768
-975130890 -975130891
122455885 122455884
354031666 -354177750
422909137 -423311110
232429987 -232689959
-620698761 -620698762
664149957 664149958
-625743133 -625743134
132144459 -132595309
-113520334 103416819
-664226098 -664226099
721939198 721939197
-814321199 804490441
-373885981 364002809
-257270699 -257270698
447060337 447060338
-208609890 -208609891
408160994 -408254299
432708249 -433111810
-819197785 809219158
-339781882 329988023
74375411 74375412
-457153537 447060338
504431140 -504869975
213357205 -213709628
218301027 218301028
-819197784 -819197785
-296579086 286528407
65075888 65075889
-199350866 -199350867
291567540 291567541
364002810 -364145163
257091856 257091857
-533952757 -533952758
-423311110 -423311109
136857250 136857249
-310990793 301155385
-495185182 -495185183
-369104850 358991351
-504869975 495070011
-354177750 344261999
911542929 -911592578
232429987 232429988
-485825227 -485825228
-775673930 765545023
669026111 -669251997
-257270699 247285570
-698174877 688192773
-413255444 403152259
-592332474 -592332473
-378856871 -378856872
-433111810 422909138
315269687 -315661406
-587519583 -587519582
266974844 -267017018
-490543684 480723187
-664226098 654339919
-543558511 533609113
945883982 945883981
413162138 -413255443
587230433 587230434
60380421 60380420
-189790123 179684092
-344756698 -344756697
-218653451 208607589
113145957 -113520333
-514330642 504431141
-98632901 -98632900
146508743 -146707348
237531315 -237791287
-457153537 -457153538
79329589 -79477452
-707610583 697704756
155848161 155848160
373754832 373754831
-398710456 388516591
887369394 887369395
-843770477 833612072
122455885 -122857009
726730527 -727041237
-970436331 960289550
-975130891 965334290
276946170 276946169
911542929 911542928
950586454 950586455
799449611 799449612
-213709628 -213709629
141605309 141605308
789535799 -789959555
320069210 320069211
741268527 -741293605
989905526 989905527
447060338 -447547496
-398710456 -398710455
-223403067 213357205
266974843 266974844
644617876 -645093364
669026110 669026111
-373885981 -373885980
403152260 -403329035
84117549 84117548
789535800 789535799
-809280369 -809280368
-118247997 -118247996
-736485259 726730526
-577919026 -577919027
717154826 717154825
-504869975 -504869974
286528407 -286683781
-442646226 -442646225
480723188 480723187
437609520 437609519
-926377699 916475095
813837239 -814321198
354031666 354031665
-137246499 127107073
-911592579 -911592578
-509667437 -509667436
-108518860 98431125
-262193897 -262193896
-611024481 -611024480
-514330643 -514330642
349217954 -349364038
897058253 897058254
-775673930 -775673931
-587519583 577608183
945883981 945883982
-620698762 -620698761
940832373 940832374
368973700 368973701
828772094 828772093
413162137 -413255444
-213709629 204004058
620504610 620504609
291567541 -291630446
-736485259 -736485258
615596722 -615662698
591840298 591840299
736460180 736460179
218301028 218301027
-485825228 475796439
980003801 -980011681
-823815864 -823815865
364002809 364002810
605922441 605922440
877781084 877781085
108144482 -108518860
-74779682 65075888
543199161 543199160
630413411 630413412
504431140 504431141
669026110 -669251998
-945918751 -945918752
-751444255 741268526
-838930498 828772093
-398710455 -398710456
572611208 572611209
-485825228 -485825227
495070012 -495185182
-194745828 184639799
-403329036 -403329035
533609114 -533952757
-170609099 -170609098
717154825 717154826
931041203 -931355100
-804551652 794474354
-985055941 974909641
-132595309 -132595310
-232689958 -232689959
-722234515 712348104
-286683781 276946170
804490442 804490441
-369104850 -369104849
-911592578 -911592579
-843770476 833612073
-141994557 132144459
-175458725 165563978
-359133705 349217954
-156249038 146508743
-654551526 -654551527
354031665 -354177751
887369395 -887733609
873160070 -873553537
-242633355 -242633356
-794637839 784911144
-712608561 702508542
98431125 -98632901
84117548 84117549
103416819 103416820
-688380958 -688380959
605922441 -606269059
344261998 -344756698
-620698761 610958504
823673962 823673963
-625743134 615596721
194299282 194299283
-481118109 -481118110
-334841551 -334841550
485364687 485364686
601326061 601326060
325047690 325047691
-975130890 965334291
-751444255 -751444254
117846871 117846872
-572922051 -572922052
-645093363 635014443
276946169 276946170
-334841550 -334841551
499767935 -499883105
945883982 -945918751
-955670629 945883981
-89219588 -89219589
960289550 960289551
117846872 117846871
-936079002 926253060
-921577136 -921577135
-524086809 -524086808
-354177751 344261998
427607615 427607616
-315661406 305888752
-301618221 -301618220
-965417842 -965417841
-529098718 518984769
-170609099 160714352
222907802 -223403068
-960373102 950586454
-156249039 -156249038
-272076884 -272076883
-611024480 601326061
-789959554 780232859
736460179 736460180
693072837 693072836
-423311109 413162138
974909641 -975130890
989905527 989905526
-466920238 457024628
-707610583 -707610582
731383218 -731693930
625548981 -625743134
-228083184 -228083183
286528406 286528407
552796798 552796799
-344756697 -344756698
-760981309 751035375
84117549 -84265410
873160070 873160071
-146707349 -146707348
-146707348 136857250
-442646225 432708249
-189790122 -189790123
-572922051 562779067
310599075 310599074
127107073 127107074
-980011681 -980011680
823673963 823673962
-103618595 93530860
262151722 -262193896
659365818 -659441958
55750679 55750680
-272076883 262151722
-325350207 315269688
427607615 -428011178
848812202 848812203
-558017103 547903886
625548982 625548981
-873553537 863670769
-461947106 -461947107
577608183 577608183
-587519582 577608183
-587519582 -587519582
587230433 -587519582
587230433 587230433
-597062814 587230433
-597062814 -597062814
596570639 -597062814
596570639 596570639
-606269059 596570639
-606269059 -606269059
605922440 -606269059
605922440 605922440
-615662698 605922440
-615662698 -615662698
615596721 -615662698
615596721 615596721
-625743133 615596721
-625743133 -625743133
625548981 -625743133
625548981 625548981
-635252052 625548981
-635252052 -635252052
635014442 -635252052
635014442 635014442
-645093363 635014442
-645093363 -645093363
644617876 -645093363
644617876 644617876
-654551526 644617876
-654551526 -654551526
654339918 -654551526
654339918 654339918
-664226098 654339918
-664226098 -664226098
664149957 -664226098
664149957 664149957
-674005547 664149957
-674005547 -674005547
673779660 -674005547
673779660 673779660
-683653652 673779660
-683653652 -683653652
683278918 -683653652
683278918 683278918
-693261021 683278918
-693261021 -693261021
693072836 -693261021
693072836 693072836
-702978662 693072836
-702978662 -702978662
702508542 -702978662
702508542 702508542
-712608560 702508542
-712608560 -712608560
712348103 -712608560
712348103 712348103
-722234515 712348103
-722234515 -722234515
721939197 -722234515
721939197 721939197
-731693929 721939197
-731693929 -731693929
731383218 -731693929
731383218 731383218
-741293605 731383218
-741293605 -741293605
741268526 -741293605
741268526 741268526
-751444254 741268526
-751444254 -751444254
751035375 -751444254
751035375 751035375
-760981308 751035375
-760981308 -760981308
760742442 -760981308
760742442 760742442
-770871350 760742442
-770871350 -770871350
770571890 -770871350
770571890 770571890
-780737781 770571890
-780737781 -780737781
780232858 -780737781
780232858 780232858
-789959554 780232858
-789959554 -789959554
789535799 -789959554
789535799 789535799
-799613096 789535799
-799613096 -799613096
799449611 -799613096
799449611 799449611
-809280368 799449611
-809280368 -809280368
809219158 -809280368
809219158 809219158
-819197784 809219158
-819197784 -819197784
818713824 -819197784
818713824 818713824
-828913995 818713824
-828913995 -828913995
828772093 -828913995
828772093 828772093
-838930497 828772093
-838930497 -838930497
838668436 -838930497
838668436 838668436
-848819196 838668436
-848819196 -848819196
848812202 -848819196
848812202 848812202
-858894633 848812202
-858894633 -858894633
858575685 -858894633
858575685 858575685
-868458452 858575685
-868458452 -868458452
868451496 -868458452
868451496 868451496
-878174550 868451496
-878174550 -878174550
877781084 -878174550
877781084 877781084
-887733609 877781084
-887733609 -887733609
887369394 -887733609
887369394 887369394
-897327141 887369394
-897327141 -897327141
897058253 -897327141
897058253 897058253
-906928627 897058253
-906928627 -906928627
906490538 -906928627
906490538 906490538
-916524745 906490538
-916524745 -916524745
916475095 -916524745
916475095 916475095
-926377698 916475095
-926377698 -926377698
926253060 -926377698
926253060 926253060
-936079001 926253060
-936079001 -936079001
935765103 -936079001
935765103 935765103
-945918751 935765103
-945918751 -945918751
945883981 -945918751
945883981 945883981
-955670628 945883981
-955670628 -955670628
955271061 -955670628
955271061 955271061
-965417841 955271061
-965417841 -965417841
965334290 -965417841
965334290 965334290
-975130890 965334290
-975130890 -975130890
974909640 -975130890
974909640 974909640
-985055941 974909640
-985055941 -985055941
985048062 -985055941
985048062 985048062
-995142534 985048062
-995142534 -995142534
994897958 -995142534
994897958 994897958
-999999998 994897958
-999999998 999999998
999999998 999999998
999999998 -999999998
-999999998 -999999998
-999999998 989905526
989905526 989905526
989905526 -990150102
-990150102 -990150102
-990150102 980003801
980003801 980003801
980003801 -980011680
-980011680 -980011680
-980011680 970215080
970215080 970215080
970215080 -970436330
-970436330 -970436330
-970436330 960289550
960289550 960289550
960289550 -960373101
-960373101 -960373101
-960373101 950586454
950586454 950586454
950586454 -950986021
-950986021 -950986021
-950986021 940832373
940832373 940832373
940832373 -940867143
-940867143 -940867143
-940867143 931041202
931041202 931041202
931041202 -931355100
-931355100 -931355100
-931355100 921452497
921452497 921452497
921452497 -921577135
-921577135 -921577135
-921577135 911542928
911542928 911542928
911542928 -911592578
-911592578 -911592578
-911592578 901722204
901722204 901722204
901722204 -902160293
-902160293 -902160293
-902160293 892202546
892202546 892202546
892202546 -892471434
-892471434 -892471434
-892471434 882518909
882518909 882518909
882518909 -882883124
-882883124 -882883124
-882883124 873160070
873160070 873160070
873160070 -873553536
-873553536 -873553536
-873553536 863670769
863670769 863670769
863670769 -863677725
-863677725 -863677725
-863677725 853595294
853595294 853595294
853595294 -853914242
-853914242 -853914242
-853914242 843763482
843763482 843763482
843763482 -843770476
-843770476 -843770476
-843770476 833612072
833612072 833612072
833612072 -833874133
-833874133 -833874133
-833874133 823673962
823673962 823673962
823673962 -823815864
-823815864 -823815864
-823815864 813837238
813837238 813837238
813837238 -814321198
-814321198 -814321198
-814321198 804490441
804490441 804490441
804490441 -804551651
-804551651 -804551651
-804551651 794474354
794474354 794474354
794474354 -794637839
-794637839 -794637839
-794637839 784911143
784911143 784911143
784911143 -785334898
-785334898 -785334898
-785334898 775169007
775169007 775169007
775169007 -775673930
-775673930 -775673930
-775673930 765545022
765545022 765545022
765545022 -765844482
-765844482 -765844482
-765844482 755898549
755898549 755898549
755898549 -756137415
-756137415 -756137415
-756137415 745961687
745961687 745961687
745961687 -746370566
-746370566 -746370566
-746370566 736460179
736460179 736460179
736460179 -736485258
-736485258 -736485258
-736485258 726730526
726730526 726730526
726730526 -727041237
-727041237 -727041237
-727041237 717154825
717154825 717154825
717154825 -717450143
-717450143 -717450143
-717450143 707350125
707350125 707350125
707350125 -707610582
-707610582 -707610582
-707610582 697704756
697704756 697704756
697704756 -698174876
-698174876 -698174876
-698174876 688192773
688192773 688192773
688192773 -688380958
-688380958 -688380958
-688380958 678506966
678506966 678506966
678506966 -678881700
-678881700 -678881700
-678881700 669026110
669026110 669026110
669026110 -669251997
-669251997 -669251997
-669251997 659365817
659365817 659365817
659365817 -659441958
-659441958 -659441958
-659441958 649508308
649508308 649508308
649508308 -649719916
-649719916 -649719916
-649719916 639640995
639640995 639640995
639640995 -640116482
-640116482 -640116482
-640116482 630413411
630413411 630413411
630413411 -630651021
-630651021 -630651021
-630651021 620504609
620504609 620504609
620504609 -620698761
-620698761 -620698761
-620698761 610958503
610958503 610958503
610958503 -611024480
-611024480 -611024480
-611024480 601326060
601326060 601326060
601326060 -601672679
-601672679 -601672679
-601672679 591840298
591840298 591840298
591840298 -592332473
-592332473 -592332473
-592332473 582421074
582421074 582421074
582421074 -582710223
-582710223 -582710223
-582710223 572611208
572611208 572611208
572611208 -572922051
-572922051 -572922051
-572922051 562779066
562779066 562779066
562779066 -562910014
-562910014 -562910014
-562910014 552796798
552796798 552796798
552796798 -553005926
-553005926 -553005926
-553005926 543199160
543199160 543199160
543199160 -543558510
-543558510 -543558510
-543558510 533609113
533609113 533609113
533609113 -533952757
-533952757 -533952757
-533952757 523838807
523838807 523838807
523838807 -524086808
-524086808 -524086808
-524086808 514237673
514237673 514237673
514237673 -514330642
-514330642 -514330642
-514330642 504431140
504431140 504431140
504431140 -504869974
-504869974 -504869974
-504869974 495070011
495070011 495070011
495070011 -495185182
-495185182 -495185182
-495185182 485364686
485364686 485364686
485364686 -485825227
-485825227 -485825227
-485825227 475796439
475796439 475796439
475796439 -476191361
-476191361 -476191361
-476191361 466448181
466448181 466448181
466448181 -466920237
-466920237 -466920237
-466920237 457024628
457024628 457024628
457024628 -457153537
-457153537 -457153537
-457153537 447060337
447060337 447060337
447060337 -447547496
-447547496 -447547496
-447547496 437609519
437609519 437609519
437609519 -437810288
-437810288 -437810288
-437810288 427607615
427607615 427607615
427607615 -428011177
-428011177 -428011177
-428011177 417862205
417862205 417862205
417862205 -418264177
-418264177 -418264177
-418264177 408160993
408160993 408160993
408160993 -408254299
-408254299 -408254299
-408254299 398533679
398533679 398533679
398533679 -398710455
-398710455 -398710455
-398710455 388516591
388516591 388516591
388516591 -388535399
-388535399 -388535399
-388535399 378628932
378628932 378628932
378628932 -378856871
-378856871 -378856871
-378856871 368973700
368973700 368973700
368973700 -369104849
-369104849 -369104849
-369104849 358991351
358991351 358991351
358991351 -359133705
-359133705 -359133705
-359133705 349217953
349217953 349217953
349217953 -349364038
-349364038 -349364038
-349364038 339287183
339287183 339287183
339287183 -339781882
-339781882 -339781882
-339781882 329988022
329988022 329988022
329988022 -330149730
-330149730 -330149730
-330149730 320069210
320069210 320069210
320069210 -320371727
-320371727 -320371727
-320371727 310599074
310599074 310599074
310599074 -310990792
-310990792 -310990792
-310990792 301155385
301155385 301155385
301155385 -301618220
-301618220 -301618220
-301618220 291567540
291567540 291567540
291567540 -291630446
-291630446 -291630446
-291630446 281892834
281892834 281892834
281892834 -282048209
-282048209 -282048209
-282048209 271891272
271891272 271891272
271891272 -272076883
-272076883 -272076883
-272076883 262151721
262151721 262151721
262151721 -262193896
-262193896 -262193896
-262193896 252208768
252208768 252208768
252208768 -252387610
-252387610 -252387610
-252387610 242381181
242381181 242381181
242381181 -242633355
-242633355 -242633355
-242633355 232429987
232429987 232429987
232429987 -232689958
-232689958 -232689958
-232689958 222907802
222907802 222907802
222907802 -223403067
-223403067 -223403067
-223403067 213357204
213357204 213357204
213357204 -213709628
-213709628 -213709628
-213709628 204004058
204004058 204004058
204004058 -204006360
-204006360 -204006360
-204006360 194299282
194299282 194299282
194299282 -194745828
-194745828 -194745828
-194745828 184639798
184639798 184639798
184639798 -184786132
-184786132 -184786132
-184786132 175030904
175030904 175030904
175030904 -175458724
-175458724 -175458724
-175458724 165563978
165563978 165563978
165563978 -165816392
-165816392 -165816392
-165816392 155848160
155848160 155848160
155848160 -156249038
-156249038 -156249038
-156249038 146508742
146508742 146508742
146508742 -146707348
-146707348 -146707348
-146707348 136857249
136857249 136857249
136857249 -137246498
-137246498 -137246498
-137246498 127107073
127107073 127107073
127107073 -127557924
-127557924 -127557924
-127557924 117846871
117846871 117846871
117846871 -118247996
-118247996 -118247996
-118247996 108144482
108144482 108144482
108144482 -108518859
-108518859 -108518859
-108518859 98431125
98431125 98431125
98431125 -98632900
-98632900 -98632900
-98632900 88921370
88921370 88921370
88921370 -89219588
-89219588 -89219588
-89219588 79329589
79329589 79329589
79329589 -79477451
-79477451 -79477451
-79477451 69773658
69773658 69773658
69773658 -70177928
-70177928 -70177928
-70177928 60380420
60380420 60380420
60380420 55750678
55750679 55750678
55750679 55750679
-65548187 55750679
-65548187 -65548187
65075888 -65548187
65075888 65075888
-74779681 65075888
-74779681 -74779681
74375411 -74779681
74375411 74375411
-84265410 74375411
-84265410 -84265410
84117548 -84265410
84117548 84117548
-93829078 84117548
-93829078 -93829078
93530860 -93829078
93530860 93530860
-103618594 93530860
-103618594 -103618594
103416819 -103618594
103416819 103416819
-113520333 103416819
-113520333 -113520333
113145956 -113520333
113145956 113145956
-122857009 113145956
-122857009 -122857009
122455884 -122857009
122455884 122455884
-132595309 122455884
-132595309 -132595309
132144458 -132595309
132144458 132144458
-141994557 132144458
-141994557 -141994557
141605308 -141994557
141605308 141605308
-151345604 141605308
-151345604 -151345604
151146998 -151345604
151146998 151146998
-161115230 151146998
-161115230 -161115230
160714352 -161115230
160714352 160714352
-170609098 160714352
-170609098 -170609098
170356684 -170609098
170356684 170356684
-180111912 170356684
-180111912 -180111912
179684092 -180111912
179684092 179684092
-189790122 179684092
-189790122 -189790122
189643788 -189790122
189643788 189643788
-199350866 189643788
-199350866 -199350866
198904320 -199350866
198904320 198904320
-208609890 198904320
-208609890 -208609890
208607588 -208609890
208607588 208607588
-218653451 208607588
-218653451 -218653451
218301027 -218653451
218301027 218301027
-228083183 218301027
-228083183 -228083183
227587918 -228083183
227587918 227587918
-237791286 227587918
-237791286 -237791286
237531315 -237791286
237531315 237531315
-247537744 237531315
-247537744 -247537744
247285570 -247537744
247285570 247285570
-257270698 247285570
-257270698 -257270698
257091856 -257270698
257091856 257091856
-267017018 257091856
-267017018 -267017018
266974843 -267017018
266974843 266974843
-277131780 266974843
-277131780 -277131780
276946169 -277131780
276946169 276946169
-286683781 276946169
-286683781 -286683781
286528406 -286683781
286528406 286528406
-296579086 286528406
-296579086 -296579086
296516180 -296579086
296516180 296516180
-306351587 296516180
-306351587 -306351587
305888752 -306351587
305888752 305888752
-315661405 305888752
-315661405 -315661405
315269687 -315661405
315269687 315269687
-325350207 315269687
-325350207 -325350207
325047690 -325350207
325047690 325047690
-334841550 325047690
-334841550 -334841550
334679842 -334841550
334679842 334679842
-344756697 334679842
-344756697 -344756697
344261998 -344756697
344261998 344261998
-354177750 344261998
-354177750 -354177750
354031665 -354177750
354031665 354031665
-364145163 354031665
-364145163 -364145163
364002809 -364145163
364002809 364002809
-373885980 364002809
-373885980 -373885980
373754831 -373885980
373754831 373754831
-383661298 373754831
-383661298 -383661298
383433359 -383661298
383433359 383433359
-393627223 383433359
-393627223 -393627223
393608415 -393627223
393608415 393608415
-403329035 393608415
-403329035 -403329035
403152259 -403329035
403152259 403152259
-413255443 403152259
-413255443 -413255443
413162137 -413255443
413162137 413162137
-423311109 413162137
-423311109 -423311109
422909137 -423311109
422909137 422909137
-433111810 422909137
-433111810 -433111810
432708248 -433111810
432708248 432708248
-442646225 432708248
-442646225 -442646225
442445456 -442646225
442445456 442445456
-452538656 442445456
-452538656 -452538656
452051497 -452538656
452051497 452051497
-461947106 452051497
-461947106 -461947106
461818197 -461947106
461818197 461818197
-471561377 461818197
-471561377 -471561377
471089321 -471561377
471089321 471089321
-481118109 471089321
-481118109 -481118109
480723187 -481118109
480723187 480723187
-490543683 480723187
-490543683 -490543683
490083142 -490543683
490083142 490083142
-499883105 490083142
-499883105 -499883105
499767934 -499883105
499767934 499767934
-509667436 499767934
-509667436 -509667436
509228602 -509667436
509228602 509228602
-519077737 509228602
-519077737 -519077737
518984768 -519077737
518984768 518984768
-529098718 518984768
-529098718 -529098718
528850717 -529098718
528850717 528850717
-538800114 528850717
-538800114 -538800114
538456470 -538800114
538456470 538456470
-548263236 538456470
-548263236 -548263236
547903886 -548263236
547903886 547903886
-558017102 547903886
-558017102 -558017102
557807974 -558017102
557807974 557807974
-567950959 557807974
-567950959 -567950959
567820011 -567950959
567820011 567820011
-577919026 567820011
-577919026 -577919026
577608183 -577919026
