974 974
-282119644 -282119643
941644459 941644458
914406556 -914334752
585000624 585000625
762878791 762878792
891032849 891032848
-125199452 133217238
-577010027 585000624
662265093 -661868722
805665788 -805550294
-754952139 -754952138
665967081 -665849485
759050498 -758725568
-518621353 526641938
-843850770 -843850769
359533923 359533924
382779600 -382567663
-406015185 -406015186
-786326511 -786326512
172825747 172825746
-898568074 906614943
-394000114 -394000115
-86491451 94408334
778689759 778689758
313362416 313362415
-359353846 367244157
930092235 930092234
867390470 867390471
-654163630 -654163631
855699329 -855647230
-925993875 -925993874
-561155798 569169977
-180287640 -180287641
-553561451 561400811
-746951872 -746951873
-518621352 526641939
708566815 -708300616
-918327270 926347666
262652826 262652825
157156498 157156497
-537849333 -537849332
-456874911 464965410
-688982602 -688982601
972797365 -972676384
-758725568 766652220
-902516584 910312990
-922071840 930092234
-456874911 -456874912
844249692 -843850769
693379073 -693036762
-157101994 165124354
914406556 914406557
472447903 472447904
-289784943 297676167
-816955034 824753342
231718441 -231352709
918399075 -918327271
371216247 -370817021
-832204101 840300420
-324841352 332694605
-859528212 -859528211
534527047 -534131411
-129283181 137300967
165124354 165124355
-309163256 -309163255
-549825703 -549825702
-867194655 -867194656
317250695 -317233888
836302461 836302460
-251063291 -251063290
840300420 -840151332
-328596246 -328596245
-968642483 -968642484
204338874 204338873
325171077 -324841351
398205168 -397887553
871361039 871361040
434255757 -433853883
255161650 -254840700
220004574 -219953552
-347702366 -347702367
739714609 -739331470
-410105263 -410105264
-960849543 968763465
522639608 522639607
410113546 -410105263
565254157 -565066069
-410105264 418098272
239373777 -239154842
-766499031 774641379
-491392914 -491392915
-176354809 184386000
-382567663 390469351
-495135963 503228489
879330775 -879213897
-809322001 817337732
-953051329 961030064
-790054608 -790054609
-258554465 -258554466
168967089 168967088
828566475 828566474
-441485390 449480182
-274432905 282404988
-634469888 642555897
700994421 -700593648
-843850770 851877098
906614943 -906610150
-720159124 -720159125
-313152336 321089524
828566474 -828178099
596549173 596549172
-188326333 196365757
208080180 208080181
-203981821 211860023
-770543019 -770543018
-890688579 898726803
-708300615 -708300616
-600196104 608117765
867390470 -867194656
-914334751 -914334752
410113546 410113545
-739331469 747287499
883312258 -883173311
-59123591 -59123590
278531266 -278245921
588951769 588951770
344300594 344300593
-483934015 -483934014
-141187358 149344206
-797594138 805665788
313362416 -313152335
-309163256 317250695
-700593649 -700593648
693379072 -693036763
-522543578 530667099
-449113432 457203406
720245175 -720159124
441711920 441711921
875263585 875263584
-328596245 -328596246
-584853409 592665999
677520303 -677351035
-735558605 743429829
-816955034 -816955035
766652221 -766499031
-374778339 -374778340
-526403527 534527048
-476159582 484313269
-953051328 -953051329
-514619022 -514619021
922425630 922425631
569169978 569169977
-526403527 -526403528
367244157 367244156
-820768168 -820768167
172825747 -172526894
224051911 224051912
359533923 -359353847
363452207 363452206
-109593502 117710437
-704425808 712398976
-301351995 -301351996
371216246 -370817022
561400812 561400811
188428773 -188326333
-615334149 623383459
735941745 735941744
992373807 -992071747
224051911 -223745423
-141187359 149344205
503228489 -502841237
700994420 -700593649
476423892 476423891
-266662695 -266662696
290164035 290164034
63241457 63241456
-78684666 86798142
704692008 -704425809
-918327271 -918327270
-611631945 -611631944
-172526895 180558086
-972676383 980538958
-254840699 262652826
503228490 503228489
94408334 -94210077
-665849485 -665849484
176625255 176625254
-285838912 293883302
-176354809 -176354808
988348592 988348593
-137237731 -137237732
-223745423 -223745422
-113341611 121458548
-370817021 -370817022
-78684665 -78684666
-681355747 -681355748
321089524 -321072717
-247002315 255161651
-203981821 -203981820
180558086 -180287641
526641938 -526403528
-121334661 -121334660
743429830 -743094203
-78684665 86798143
414008194 414008195
-801567429 809437495
-619081104 -619081105
585000625 -584853409
-67103083 -67103084
-491392914 499485442
844249692 844249691
-596431242 -596431243
-355646066 363452207
-731843384 -731843385
371216247 371216246
-117360187 125323340
188428772 188428773
-355646067 363452206
-746951872 755037683
596549172 596549173
-716146815 724149692
-728055018 -728055019
-160944728 -160944727
-704425809 -704425808
577161151 577161152
759050499 759050498
224051912 -223745422
-192256482 200295904
894972714 894972713
-192256481 200295905
-149044355 157156497
592665999 592665998
891032848 -890688579
980538957 -980338080
172825746 172825747
422180593 -422153060
-607722593 -607722594
196365757 196365756
-468349544 -468349543
-836153371 -836153372
168967089 -168668236
755037683 -754952138
-883173311 -883173312
382779601 -382567662
-413999912 -413999913
518717381 518717382
278531265 278531266
-906610149 914406557
573080248 -572929124
204338874 -203981820
-502841237 -502841236
-941572190 949521851
615523157 615523158
-654163631 -654163630
129297812 -129283182
728162003 -728055018
196365756 -196197545
-70826008 78957661
-367117886 -367117887
-243019656 -243019655
573080249 573080248
-968642484 976774743
-141187359 -141187358
-596431243 -596431242
-677351034 -677351035
472447903 -472183595
-262605224 270761056
-55083655 63241456
247118016 -247002315
782400622 -782285077
-712050813 720245174
129297813 129297812
720245175 720245174
-251063290 -251063291
-688982601 -688982602
-665849484 673823622
855699330 -855647229
-871165224 879330775
-534131410 -534131411
476423891 -476159583
-63183033 71004317
-510790797 -510790796
910312990 910312991
638805097 -638457536
961030065 -960849542
495491275 495491274
-164868729 -164868728
945670549 945670550
-418070741 426251420
-309163255 -309163256
-530428688 -530428687
-588736583 596549173
770696207 770696208
-696734350 704692009
-164868728 -164868729
215919802 215919801
94408335 -94210076
-168668236 -168668237
-282119643 -282119644
-953051329 -953051328
681449395 -681355747
859745589 859745590
681449394 681449395
188428772 -188326334
102356389 102356390
545947366 545947367
-693036763 700994420
538244969 538244970
-184283562 192424693
113691861 -113341612
110002722 110002721
-472183594 -472183595
-502841237 510974708
-172526895 -172526894
-390219368 -390219369
828566475 -828178098
426251421 426251420
82783026 -82476333
220004574 220004575
-906610149 -906610150
491790087 491790088
-642468498 -642468497
-270460036 278531266
-820768168 828566474
728162002 -728055019
-949126515 957105250
809437496 -809322000
67281393 -67103083
-382567662 -382567663
-239154842 -239154841
-274432906 282404987
615523157 -615334149
728162002 728162003
-180287640 188428773
735941744 735941745
747287498 747287499
712398976 -712050812
-160944728 168967088
332694606 332694605
398205167 -397887554
762878792 -762553860
141250594 -141187358
-886934488 -886934489
-832204100 -832204101
367244156 -367117887
-615334149 -615334148
-611631944 -611631945
848177661 -847778738
848177661 848177660
941644459 -941572189
774641379 -774253882
813420360 -813037663
859745590 859745589
-626894079 634817448
-937784170 -937784169
-685226552 -685226551
922425631 -922071839
751050232 751050233
-890688578 -890688579
157156498 -157101993
926347666 926347665
153142715 153142714
553673601 553673600
382779601 382779600
258875417 -258554465
157156497 157156498
-619081105 -619081104
-910308197 -910308196
-906610150 -906610149
712398976 712398975
-394000115 401985913
996203700 -995901638
-894628443 902675314
708566816 708566815
-867194656 -867194655
739714610 -739331469
378876699 378876700
457203406 457203405
344300593 -343970558
623383460 623383459
239373778 239373777
-588736584 596549172
-720159125 -720159124
-499130130 507263601
258875417 258875416
-615334148 -615334149
-63183032 -63183033
782400622 782400623
441711920 -441485390
-343970557 -343970558
-129283182 -129283181
-661868721 -661868722
-704425808 -704425809
766652220 -766499032
-94210077 102356389
-59123591 67281392
468714477 468714478
355826144 -355646066
910312991 -910308196
581108387 -580961171
-642468497 650477559
-630719088 -630719089
681449394 -681355748
-363325936 371216247
-239154842 247118015
-321072717 328925970
453471796 453471795
-820768167 828566475
-406015186 -406015185
-626894078 634817449
305572187 -305274976
449480183 449480182
-824468115 832592476
658261990 658261991
-541839818 549937853
-495135962 -495135963
654436195 654436194
-797594137 805665789
305572188 -305274975
-305274975 -305274976
86798142 -86491451
-378664762 386666022
-956931704 964845628
-460867050 468714477
588951769 -588736584
-413999913 422180592
-712050812 -712050813
-851824998 -851824999
654436194 654436195
488032374 -487635202
-278245922 -278245921
588951770 -588736583
988348592 -988275448
-894628443 -894628444
902675313 902675314
-499130129 -499130130
708566815 708566816
317250695 317250696
98308437 98308436
-514619021 522639608
-960849542 -960849543
-453105046 461195543
282404988 -282119643
-394000115 -394000114
-258554465 266710297
549937853 -549825702
968763466 -968642483
-623032056 630955425
-638457536 -638457537
-565066069 -565066068
-735558605 -735558604
-988275448 -988275447
113691861 113691862
-754952139 762878791
-117360187 -117360188
-199938852 208080180
992373808 -992071746
-235275418 243238591
646466598 -646379198
426251420 426251421
438015436 438015435
731950368 731950369
-430157398 -430157397
332694606 -332515439
-321072716 -321072717
110002721 -109593502
887073435 887073434
-374778340 382779600
-922071839 -922071840
-433853883 441711920
778689758 778689759
-634469889 642555896
-74651373 -74651374
-584853410 592665998
922425631 922425630
-758725568 -758725567
-137237731 145285719
-514619022 522639607
145285718 145285719
328925971 -328596245
937856439 937856438
569169977 -568981889
-449113433 457203405
-418070741 -418070740
309373335 309373336
67281392 -67103084
739714609 739714610
-487635202 -487635201
-370817021 378876700
317250696 317250695
336568249 -336389082
541947692 541947693
461195544 -460867049
406042194 -406015185
-472183594 480257943
747287499 747287498
-340157407 -340157406
-254840700 262652825
161200353 -160944728
426251420 -426158950
290164034 -289784943
898726804 898726803
-782285077 790424871
184386001 184386000
604294465 -603899293
332694605 -332515440
-665849485 673823621
836302460 836302461
184386000 184386001
545947366 -545839493
-121334660 -121334661
153142715 -153088210
673823622 673823621
863509489 -863292110
-386416040 394317728
-378664761 386666023
716494978 -716146814
-875146708 883312257
258875416 258875417
-568981889 -568981888
-487635201 -487635202
-549825702 557659811
-673654352 681449395
-840151331 848177661
712398975 -712050813
328925970 328925971
-270460037 -270460036
-813037662 -813037663
301649207 301649208
871361040 -871165224
957105250 -956931705
964845628 964845627
-786326512 794223354
588951770 588951769
499485442 499485441
386666022 -386416040
538244970 -537849332
371216246 371216247
-472183595 480257942
906614943 906614944
526641939 -526403527
976774744 976774743
-347702367 355826143
934063677 -933758078
-401958905 -401958906
-199938851 208080181
549937852 549937853
215919801 215919802
-433853883 -433853882
180558087 180558086
301649207 -301351996
-778302263 786442057
-506876349 -506876348
227926570 -227620082
627130416 627130415
630955426 630955425
301649208 301649207
-526403528 -526403527
-254840700 -254840699
836302461 -836153371
325171076 -324841352
401985914 -401958905
518717381 -518621353
968763465 968763466
-906610150 914406556
-453105045 461195544
468714477 -468349544
-297550847 -297550848
-382567663 -382567662
-867194655 875263585
-832204101 -832204100
-336389082 344300594
-184283562 -184283561
-545839492 553673601
-910308196 -910308197
522639607 -522543579
-297550847 305572188
-180287641 188428772
441711921 -441485389
-945275213 953224874
340487442 340487443
-367117887 -367117886
-646379198 654436195
-526403528 534527047
642555897 642555896
-445381822 -445381823
-479878688 488032375
910312990 -910308197
-630719088 638805097
102356389 -102052905
-453105045 -453105046
-731843384 739714610
110002722 -109593501
-700593648 -700593649
129297813 -129283181
-762553860 -762553861
-430157397 -430157398
731950369 -731843384
-109593501 -109593502
685320198 685320199
-603899294 611820953
507263602 507263601
-495135963 -495135962
883312258 883312257
689324912 -688982601
-992071747 999999998
922425630 -922071840
-441485390 -441485389
-117360188 125323339
-867194656 875263584
770696208 770696207
117710437 117710438
231718442 231718441
-94210077 -94210076
817337732 817337733
526641938 526641939
-657865619 665967081
887073434 887073435
937856438 -937784170
565254158 565254157
-289784942 297676168
165124355 165124354
681449395 681449394
-176354808 -176354809
-192256482 -192256481
-805550293 813420361
266710297 266710296
-125199452 -125199453
-956931704 -956931705
855699330 855699329
367244156 367244157
623383460 -623032055
-855647229 863509489
518717382 -518621352
934063676 934063677
211860024 211860023
996203699 996203700
-332515440 340487442
-824468114 -824468115
293883303 293883302
-153088211 -153088210
894972714 -894628443
-437613561 445608353
-215868779 224051911
-561155797 569169978
-790054608 797951452
557659810 -557414797
724149692 724149693
363452207 -363325936
-390219369 398205167
794223354 -793853092
90589811 -90391552
894972713 894972714
-832204100 840300421
-793853091 -793853092
-324841352 -324841351
510974709 510974708
445608354 445608353
-247002316 -247002315
-266662696 274733924
-476159582 -476159583
-82476333 -82476334
149344206 149344205
293883302 293883303
-851824999 859745589
480257943 -479878688
-847778739 855699329
321089524 321089525
309373336 309373335
821053395 821053394
227926571 -227620081
743429829 743429830
-933758079 941644458
125323340 -125199452
282404987 282404988
561400812 -561155797
-929786636 -929786637
790424872 -790054608
-650204995 658261990
-673654352 -673654353
658261991 658261990
251178990 251178991
-370817022 -370817021
145285718 -144985868
-669725262 -669725261
106151264 106151265
74924369 74924368
-537849332 -537849333
211860024 -211821441
480257942 480257943
445608353 -445381823
208080181 -208041598
-805550293 -805550294
-553561451 -553561450
762878792 762878791
-301351996 -301351995
-925993875 934063676
-782285076 790424872
-592450813 -592450812
78957661 -78684665
-801567428 -801567429
824753341 -824468115
-243019656 251178990
623383459 623383460
813420361 813420360
817337733 817337732
-192256481 -192256482
770696207 -770543019
-510790797 518717381
673823621 673823622
-67103083 74924369
984436439 -984363295
-293757983 301649207
-70826009 78957660
348068918 -347702366
398205168 398205167
634817448 -634469889
538244970 538244969
832592476 832592477
782400623 -782285076
-74651374 -74651373
569169978 -568981888
-537849333 545947366
-743094203 -743094204
716494977 -716146815
-992071747 -992071746
-285838911 -285838912
-133202606 141250594
-577010026 -577010027
-925993874 -925993875
704692009 -704425808
184386001 -184283561
-215868779 -215868778
192424693 192424694
-378664761 -378664762
274733924 -274432906
-491392915 499485441
-657865618 665967082
-972676384 980538957
406042194 406042193
-828178099 836302460
-293757982 -293757983
184386000 -184283562
-168668237 176625254
953224875 953224874
-160944727 -160944728
697135122 -696734351
-90391552 98308437
-809322001 -809322000
476423891 476423892
-910308196 918399076
964845627 -964665106
445608354 -445381822
-739331469 -739331470
530667098 -530428688
-600196105 -600196104
149344205 149344206
949521851 -949126515
464965410 -464600475
549937852 -549825703
996203699 -995901639
906614944 -906610149
71004318 71004317
-956931705 964845627
499485442 -499130129
394317728 394317729
573080249 -572929123
828566474 828566475
619432509 619432508
297676167 297676168
-63183032 71004318
-720159125 728162002
-282119644 290164034
-836153372 844249691
797951452 797951451
557659810 557659811
-696734351 704692008
585000624 -584853410
-437613560 -437613561
-820768167 -820768168
-199938851 -199938852
-317233887 -317233888
121458547 121458548
-262605225 270761055
398205167 398205168
-929786637 937856438
-235275417 243238592
949521851 949521852
-743094204 751050232
-750964688 -750964689
-386416039 394317729
615523158 -615334148
759050499 -758725567
786442057 786442058
74924368 -74651374
-925993874 934063677
762878791 -762553861
510974708 510974709
468714478 -468349543
-588736583 -588736584
-976573866 984436439
724149693 724149692
165124355 -164868728
378876699 -378664762
697135123 697135122
-278245921 -278245922
464965409 -464600476
71004318 -70826008
-374778339 382779601
-247002316 255161650
-418070740 -418070741
-646379198 -646379199
712398975 712398976
211860023 -211821442
898726803 898726804
-813037662 821053395
801924742 801924743
-422153061 430249868
153142714 153142715
627130415 -626894079
-223745423 231718441
344300593 344300594
-235275417 -235275418
149344205 -149044355
-646379199 -646379198
592665998 -592450813
472447904 472447903
-153088210 161200354
832592477 -832204100
430249868 430249869
106151265 -105742044
-731843385 739714609
457203405 457203406
794223354 794223355
630955425 -630719089
992373808 992373807
534527048 -534131410
766652220 766652221
-688982602 697135122
-231352709 239373777
290164034 290164035
634817449 634817448
196365756 196365757
-809322000 -809322001
-149044355 -149044354
82783025 82783026
266710296 -266662696
-113341612 121458547
805665788 805665789
961030064 961030065
918399076 -918327270
541947693 541947692
211860023 211860024
-426158949 434255758
270761056 -270460036
-98004951 106151265
630955425 630955426
-219953551 -219953552
495491274 495491275
422180592 -422153061
634817449 -634469888
-468349543 -468349544
926347665 926347666
697135123 -696734350
-545839493 -545839492
63241456 -63183033
-843850769 851877099
-78684666 -78684665
-94210076 102356390
-980338079 988348593
980538957 980538958
608117765 -607722593
-211821441 -211821442
-487635202 495491274
902675314 902675313
-359353846 -359353847
378876700 378876699
-685226551 693379073
-133202607 -133202606
600314034 -600196105
305572188 305572187
898726804 -898568073
926347665 -925993875
-565066069 573080248
534527048 534527047
149344206 -149044354
906614944 906614943
832592477 832592476
468714478 468714477
278531265 -278245922
-74651374 82783025
953224874 -953051329
976774743 -976573866
-669725261 -669725262
-992071746 -992071747
708566816 -708300615
817337733 -816955034
332694605 332694606
-824468115 -824468114
-433853882 -433853883
-464600476 -464600475
-355646066 -355646067
-144985867 153142715
832592476 -832204101
-160944727 168967089
-634469888 -634469889
-351727783 359533924
-153088210 -153088211
262652826 -262605224
-638457537 646466597
-67103084 74924368
386666023 -386416039
340487443 -340157406
561400811 -561155798
-347702366 355826144
-797594137 -797594138
673823621 -673654353
434255758 -433853882
352094334 352094335
491790088 -491392914
522639608 -522543578
418098272 418098273
-879213898 887073434
390469352 -390219368
957105251 -956931704
-716146815 -716146814
747287499 -746951872
514802933 514802934
654436195 -654163630
297676168 297676167
-577010027 -577010026
-902516583 -902516584
669842858 -669725262
-449113432 -449113433
-468349543 476423892
611820954 611820953
106151264 -105742045
-762553861 770696207
984436440 984436439
-172526894 180558087
-401958906 -401958905
286218004 -285838911
-661868722 669842858
577161152 -577010026
-988275447 -988275448
176625254 -176354809
-770543018 -770543019
488032375 -487635201
94408334 94408335
685320198 -685226552
-359353847 -359353846
743429829 -743094204
-700593648 708566816
133217238 133217237
-964665105 972797366
-121334660 129297813
-74651373 82783026
-634469889 -634469888
840300420 840300421
-894628444 902675313
-949126514 957105251
794223355 794223354
805665789 -805550293
-685226551 -685226552
63241457 -63183032
-941572190 -941572189
972797365 972797366
-137237732 -137237731
-211821442 220004574
418098272 -418070741
-855647229 -855647230
145285719 -144985867
503228490 -502841236
161200354 161200353
301649207 -301351995
-301351995 -301351995
-301351995 309373335
309373335 309373335
309373335 -309163255
-309163255 -309163255
-309163255 317250695
317250695 317250695
317250695 -317233887
-317233887 -317233887
-317233887 325171076
325171076 325171076
325171076 -324841351
-324841351 -324841351
-324841351 332694605
332694605 332694605
332694605 -332515439
-332515439 -332515439
-332515439 340487442
340487442 340487442
340487442 -340157406
-340157406 -340157406
-340157406 348068917
348068917 348068917
348068917 -347702366
-347702366 -347702366
-347702366 355826143
355826143 355826143
355826143 -355646066
-355646066 -355646066
-355646066 363452206
363452206 363452206
363452206 -363325936
-363325936 -363325936
-363325936 371216246
371216246 371216246
371216246 -370817021
-370817021 -370817021
-370817021 378876699
378876699 378876699
378876699 -378664761
-378664761 -378664761
-378664761 386666022
386666022 386666022
386666022 -386416039
-386416039 -386416039
-386416039 394317728
394317728 394317728
394317728 -394000114
-394000114 -394000114
-394000114 401985913
401985913 401985913
401985913 -401958905
-401958905 -401958905
-401958905 410113545
410113545 410113545
410113545 -410105263
-410105263 -410105263
-410105263 418098272
418098272 418098272
418098272 -418070740
-418070740 -418070740
-418070740 426251420
426251420 426251420
426251420 -426158949
-426158949 -426158949
-426158949 434255757
434255757 434255757
434255757 -433853882
-433853882 -433853882
-433853882 441711920
441711920 441711920
441711920 -441485389
-441485389 -441485389
-441485389 449480182
449480182 449480182
449480182 -449113432
-449113432 -449113432
-449113432 457203405
457203405 457203405
457203405 -456874911
-456874911 -456874911
-456874911 464965409
464965409 464965409
464965409 -464600475
-464600475 -464600475
-464600475 472447903
472447903 472447903
472447903 -472183594
-472183594 -472183594
-472183594 480257942
480257942 480257942
480257942 -479878688
-479878688 -479878688
-479878688 488032374
488032374 488032374
488032374 -487635201
-487635201 -487635201
-487635201 495491274
495491274 495491274
495491274 -495135962
-495135962 -495135962
-495135962 503228489
503228489 503228489
503228489 -502841236
-502841236 -502841236
-502841236 510974708
510974708 510974708
510974708 -510790796
-510790796 -510790796
-510790796 518717381
518717381 518717381
518717381 -518621352
-518621352 -518621352
-518621352 526641938
526641938 526641938
526641938 -526403527
-526403527 -526403527
-526403527 534527047
534527047 534527047
534527047 -534131410
-534131410 -534131410
-534131410 541947692
541947692 541947692
541947692 -541839818
-541839818 -541839818
-541839818 549937852
549937852 549937852
549937852 -549825702
-549825702 -549825702
-549825702 557659810
557659810 557659810
557659810 -557414796
-557414796 -557414796
-557414796 565254157
565254157 565254157
565254157 -565066068
-565066068 -565066068
-565066068 573080248
573080248 573080248
573080248 -572929123
-572929123 -572929123
-572929123 581108386
581108386 581108386
581108386 -580961171
-580961171 -580961171
-580961171 588951769
588951769 588951769
588951769 -588736583
-588736583 -588736583
-588736583 596549172
596549172 596549172
596549172 -596431242
-596431242 -596431242
-596431242 604294464
604294464 604294464
604294464 -603899293
-603899293 -603899293
-603899293 611820953
611820953 611820953
611820953 -611631944
-611631944 -611631944
-611631944 619432508
619432508 619432508
619432508 -619081104
-619081104 -619081104
-619081104 627130415
627130415 627130415
627130415 -626894078
-626894078 -626894078
-626894078 634817448
634817448 634817448
634817448 -634469888
-634469888 -634469888
-634469888 642555896
642555896 642555896
642555896 -642468497
-642468497 -642468497
-642468497 650477558
650477558 650477558
650477558 -650204994
-650204994 -650204994
-650204994 658261990
658261990 658261990
658261990 -657865618
-657865618 -657865618
-657865618 665967081
665967081 665967081
665967081 -665849484
-665849484 -665849484
-665849484 673823621
673823621 673823621
673823621 -673654352
-673654352 -673654352
-673654352 681449394
681449394 681449394
681449394 -681355747
-681355747 -681355747
-681355747 689324911
689324911 689324911
689324911 -688982601
-688982601 -688982601
-688982601 697135122
697135122 697135122
697135122 -696734350
-696734350 -696734350
-696734350 704692008
704692008 704692008
704692008 -704425808
-704425808 -704425808
-704425808 712398975
712398975 712398975
712398975 -712050812
-712050812 -712050812
-712050812 720245174
720245174 720245174
720245174 -720159124
-720159124 -720159124
-720159124 728162002
728162002 728162002
728162002 -728055018
-728055018 -728055018
-728055018 735941744
735941744 735941744
735941744 -735558604
-735558604 -735558604
-735558604 743429829
743429829 743429829
743429829 -743094203
-743094203 -743094203
-743094203 751050232
751050232 751050232
751050232 -750964688
-750964688 -750964688
-750964688 759050498
759050498 759050498
759050498 -758725567
-758725567 -758725567
-758725567 766652220
766652220 766652220
766652220 -766499031
-766499031 -766499031
-766499031 774641378
774641378 774641378
774641378 -774253882
-774253882 -774253882
-774253882 782400622
782400622 782400622
782400622 -782285076
-782285076 -782285076
-782285076 790424871
790424871 790424871
790424871 -790054608
-790054608 -790054608
-790054608 797951451
797951451 797951451
797951451 -797594137
-797594137 -797594137
-797594137 805665788
805665788 805665788
805665788 -805550293
-805550293 -805550293
-805550293 813420360
813420360 813420360
813420360 -813037662
-813037662 -813037662
-813037662 821053394
821053394 821053394
821053394 -820768167
-820768167 -820768167
-820768167 828566474
828566474 828566474
828566474 -828178098
-828178098 -828178098
-828178098 836302460
836302460 836302460
836302460 -836153371
-836153371 -836153371
-836153371 844249691
844249691 844249691
844249691 -843850769
-843850769 -843850769
-843850769 851877098
851877098 851877098
851877098 -851824998
-851824998 -851824998
-851824998 859745589
859745589 859745589
859745589 -859528211
-859528211 -859528211
-859528211 867390470
867390470 867390470
867390470 -867194655
-867194655 -867194655
-867194655 875263584
875263584 875263584
875263584 -875146707
-875146707 -875146707
-875146707 883312257
883312257 883312257
883312257 -883173311
-883173311 -883173311
-883173311 891032848
891032848 891032848
891032848 -890688578
-890688578 -890688578
-890688578 898726803
898726803 898726803
898726803 -898568073
-898568073 -898568073
-898568073 906614943
906614943 906614943
906614943 -906610149
-906610149 -906610149
-906610149 914406556
914406556 914406556
914406556 -914334751
-914334751 -914334751
-914334751 922425630
922425630 922425630
922425630 -922071839
-922071839 -922071839
-922071839 930092234
930092234 930092234
930092234 -929786636
-929786636 -929786636
-929786636 937856438
937856438 937856438
937856438 -937784169
-937784169 -937784169
-937784169 945670549
945670549 945670549
945670549 -945275212
-945275212 -945275212
-945275212 953224874
953224874 953224874
953224874 -953051328
-953051328 -953051328
-953051328 961030064
961030064 961030064
961030064 -960849542
-960849542 -960849542
-960849542 968763465
968763465 968763465
968763465 -968642483
-968642483 -968642483
-968642483 976774743
976774743 976774743
976774743 -976573865
-976573865 -976573865
-976573865 984436439
984436439 984436439
984436439 -984363294
-984363294 -984363294
-984363294 992373807
992373807 992373807
992373807 -992071746
-992071746 -992071746
-992071746 999999998
999999998 999999998
999999998 -999999998
-999999998 -999999998
-999999998 999999998
-995901638 999999998
-995901638 -995901638
996203699 -995901638
996203699 996203699
-988275447 996203699
-988275447 -988275447
988348592 -988275447
988348592 988348592
-980338079 988348592
-980338079 -980338079
980538957 -980338079
980538957 980538957
-972676383 980538957
-972676383 -972676383
972797365 -972676383
972797365 972797365
-964665105 972797365
-964665105 -964665105
964845627 -964665105
964845627 964845627
-956931704 964845627
-956931704 -956931704
957105250 -956931704
957105250 957105250
-949126514 957105250
-949126514 -949126514
949521851 -949126514
949521851 949521851
-941572189 949521851
-941572189 -941572189
941644458 -941572189
941644458 941644458
-933758078 941644458
-933758078 -933758078
934063676 -933758078
934063676 934063676
-925993874 934063676
-925993874 -925993874
926347665 -925993874
926347665 926347665
-918327270 926347665
-918327270 -918327270
918399075 -918327270
918399075 918399075
-910308196 918399075
-910308196 -910308196
910312990 -910308196
910312990 910312990
-902516583 910312990
-902516583 -902516583
902675313 -902516583
902675313 902675313
-894628443 902675313
-894628443 -894628443
894972713 -894628443
894972713 894972713
-886934488 894972713
-886934488 -886934488
887073434 -886934488
887073434 887073434
-879213897 887073434
-879213897 -879213897
879330774 -879213897
879330774 879330774
-871165224 879330774
-871165224 -871165224
871361039 -871165224
871361039 871361039
-863292110 871361039
-863292110 -863292110
863509488 -863292110
863509488 863509488
-855647229 863509488
-855647229 -855647229
855699329 -855647229
855699329 855699329
-847778738 855699329
-847778738 -847778738
848177660 -847778738
848177660 848177660
-840151331 848177660
-840151331 -840151331
840300420 -840151331
840300420 840300420
-832204100 840300420
-832204100 -832204100
832592476 -832204100
832592476 832592476
-824468114 832592476
-824468114 -824468114
824753341 -824468114
824753341 824753341
-816955034 824753341
-816955034 -816955034
817337732 -816955034
817337732 817337732
-809322000 817337732
-809322000 -809322000
809437495 -809322000
809437495 809437495
-801567428 809437495
-801567428 -801567428
801924742 -801567428
801924742 801924742
-793853091 801924742
-793853091 -793853091
794223354 -793853091
794223354 794223354
-786326511 794223354
-786326511 -786326511
786442057 -786326511
786442057 786442057
-778302262 786442057
-778302262 -778302262
778689758 -778302262
778689758 778689758
-770543018 778689758
-770543018 -770543018
770696207 -770543018
770696207 770696207
-762553860 770696207
-762553860 -762553860
762878791 -762553860
762878791 762878791
-754952138 762878791
-754952138 -754952138
755037682 -754952138
755037682 755037682
-746951872 755037682
-746951872 -746951872
747287498 -746951872
747287498 747287498
-739331469 747287498
-739331469 -739331469
739714609 -739331469
739714609 739714609
-731843384 739714609
-731843384 -731843384
731950368 -731843384
731950368 731950368
-724063642 731950368
-724063642 -724063642
724149692 -724063642
724149692 724149692
-716146814 724149692
-716146814 -716146814
716494977 -716146814
716494977 716494977
-708300615 716494977
-708300615 -708300615
708566815 -708300615
708566815 708566815
-700593648 708566815
-700593648 -700593648
700994420 -700593648
700994420 700994420
-693036762 700994420
-693036762 -693036762
693379072 -693036762
693379072 693379072
-685226551 693379072
-685226551 -685226551
685320198 -685226551
685320198 685320198
-677351034 685320198
-677351034 -677351034
677520303 -677351034
677520303 677520303
-669725261 677520303
-669725261 -669725261
669842858 -669725261
669842858 669842858
-661868721 669842858
-661868721 -661868721
662265093 -661868721
662265093 662265093
-654163630 662265093
-654163630 -654163630
654436194 -654163630
654436194 654436194
-646379198 654436194
-646379198 -646379198
646466597 -646379198
646466597 646466597
-638457536 646466597
-638457536 -638457536
638805096 -638457536
638805096 638805096
-630719088 638805096
-630719088 -630719088
630955425 -630719088
630955425 630955425
-623032055 630955425
-623032055 -623032055
623383459 -623032055
623383459 623383459
-615334148 623383459
-615334148 -615334148
615523157 -615334148
615523157 615523157
-607722593 615523157
-607722593 -607722593
608117764 -607722593
608117764 608117764
-600196104 608117764
-600196104 -600196104
600314034 -600196104
600314034 600314034
-592450812 600314034
-592450812 -592450812
592665998 -592450812
592665998 592665998
-584853409 592665998
-584853409 -584853409
585000624 -584853409
585000624 585000624
-577010026 585000624
-577010026 -577010026
577161151 -577010026
577161151 577161151
-568981888 577161151
-568981888 -568981888
569169977 -568981888
569169977 569169977
-561155797 569169977
-561155797 -561155797
561400811 -561155797
561400811 561400811
-553561450 561400811
-553561450 -553561450
553673600 -553561450
553673600 553673600
-545839492 553673600
-545839492 -545839492
545947366 -545839492
545947366 545947366
-537849332 545947366
-537849332 -537849332
538244969 -537849332
538244969 538244969
-530428687 538244969
-530428687 -530428687
530667098 -530428687
530667098 530667098
-522543578 530667098
-522543578 -522543578
522639607 -522543578
522639607 522639607
-514619021 522639607
-514619021 -514619021
514802933 -514619021
514802933 514802933
-506876348 514802933
-506876348 -506876348
507263601 -506876348
507263601 507263601
-499130129 507263601
-499130129 -499130129
499485441 -499130129
499485441 499485441
-491392914 499485441
-491392914 -491392914
491790087 -491392914
491790087 491790087
-483934014 491790087
-483934014 -483934014
484313268 -483934014
484313268 484313268
-476159582 484313268
-476159582 -476159582
476423891 -476159582
476423891 476423891
-468349543 476423891
-468349543 -468349543
468714477 -468349543
468714477 468714477
-460867049 468714477
-460867049 -460867049
461195543 -460867049
461195543 461195543
-453105045 461195543
-453105045 -453105045
453471795 -453105045
453471795 453471795
-445381822 453471795
-445381822 -445381822
445608353 -445381822
445608353 445608353
-437613560 445608353
-437613560 -437613560
438015435 -437613560
438015435 438015435
-430157397 438015435
-430157397 -430157397
430249868 -430157397
430249868 430249868
-422153060 430249868
-422153060 -422153060
422180592 -422153060
422180592 422180592
-413999912 422180592
-413999912 -413999912
414008194 -413999912
414008194 414008194
-406015185 414008194
-406015185 -406015185
406042193 -406015185
406042193 406042193
-397887553 406042193
-397887553 -397887553
398205167 -397887553
398205167 398205167
-390219368 398205167
-390219368 -390219368
390469351 -390219368
390469351 390469351
-382567662 390469351
-382567662 -382567662
382779600 -382567662
382779600 382779600
-374778339 382779600
-374778339 -374778339
375177564 -374778339
375177564 375177564
-367117886 375177564
-367117886 -367117886
367244156 -367117886
367244156 367244156
-359353846 367244156
-359353846 -359353846
359533923 -359353846
359533923 359533923
-351727783 359533923
-351727783 -351727783
352094334 -351727783
352094334 352094334
-343970557 352094334
-343970557 -343970557
344300593 -343970557
344300593 344300593
-336389082 344300593
-336389082 -336389082
336568248 -336389082
336568248 336568248
-328596245 336568248
-328596245 -328596245
328925970 -328596245
328925970 328925970
-321072716 328925970
-321072716 -321072716
321089524 -321072716
321089524 321089524
-313152335 321089524
-313152335 -313152335
313362415 -313152335
313362415 313362415
-305274975 313362415
-305274975 -305274975
305572187 -305274975
305572187 305572187
-297550847 305572187
-297550847 -297550847
297676167 -297550847
297676167 297676167
-289784942 297676167
-289784942 -289784942
290164034 -289784942
290164034 290164034
-282119643 290164034
-282119643 -282119643
282404987 -282119643
282404987 282404987
-274432905 282404987
-274432905 -274432905
274733924 -274432905
274733924 274733924
-266662695 274733924
-266662695 -266662695
266710296 -266662695
266710296 266710296
-258554465 266710296
-258554465 -258554465
258875416 -258554465
258875416 258875416
-251063290 258875416
-251063290 -251063290
251178990 -251063290
251178990 251178990
-243019655 251178990
-243019655 -243019655
243238591 -243019655
243238591 243238591
-235275417 243238591
-235275417 -235275417
235641150 -235275417
235641150 235641150
-227620081 235641150
-227620081 -227620081
227926570 -227620081
227926570 227926570
-219953551 227926570
-219953551 -219953551
220004574 -219953551
220004574 220004574
-211821441 220004574
-211821441 -211821441
211860023 -211821441
211860023 211860023
-203981820 211860023
-203981820 -203981820
204338873 -203981820
204338873 204338873
-196197544 204338873
-196197544 -196197544
196365756 -196197544
196365756 196365756
-188326333 196365756
-188326333 -188326333
188428772 -188326333
188428772 188428772
-180287640 188428772
-180287640 -180287640
180558086 -180287640
180558086 180558086
-172526894 180558086
-172526894 -172526894
172825746 -172526894
172825746 172825746
-164868728 172825746
-164868728 -164868728
165124354 -164868728
165124354 165124354
-157101993 165124354
-157101993 -157101993
157156497 -157101993
157156497 157156497
-149044354 157156497
-149044354 -149044354
149344205 -149044354
149344205 149344205
-141187358 149344205
-141187358 -141187358
141250593 -141187358
141250593 141250593
-133202606 141250593
-133202606 -133202606
133217237 -133202606
133217237 133217237
-125199452 133217237
-125199452 -125199452
125323339 -125199452
125323339 125323339
-117360187 125323339
-117360187 -117360187
117710437 -117360187
117710437 117710437
-109593501 117710437
-109593501 -109593501
110002721 -109593501
110002721 110002721
-102052904 110002721
-102052904 -102052904
102356389 -102052904
102356389 102356389
-94210076 102356389
-94210076 -94210076
94408334 -94210076
94408334 94408334
-86491450 94408334
-86491450 -86491450
86798142 -86491450
86798142 86798142
-78684665 86798142
-78684665 -78684665
78957660 -78684665
78957660 78957660
-70826008 78957660
-70826008 -70826008
71004317 -70826008
71004317 71004317
-63183032 71004317
-63183032 -63183032
63241456 -63183032
63241456 63241456
-55083654 63241456
-55083654 -55083654
-55083653 -55083654
-55083653 -59123590
-59123590 -59123590
-59123590 67281392
67281392 67281392
67281392 -67103083
-67103083 -67103083
-67103083 74924368
74924368 74924368
74924368 -74651373
-74651373 -74651373
-74651373 82783025
82783025 82783025
82783025 -82476333
-82476333 -82476333
-82476333 90589810
90589810 90589810
90589810 -90391552
-90391552 -90391552
-90391552 98308436
98308436 98308436
98308436 -98004951
-98004951 -98004951
-98004951 106151264
106151264 106151264
106151264 -105742044
-105742044 -105742044
-105742044 113691861
113691861 113691861
113691861 -113341611
-113341611 -113341611
-113341611 121458547
121458547 121458547
121458547 -121334660
-121334660 -121334660
-121334660 129297812
129297812 129297812
129297812 -129283181
-129283181 -129283181
-129283181 137300966
137300966 137300966
137300966 -137237731
-137237731 -137237731
-137237731 145285718
145285718 145285718
145285718 -144985867
-144985867 -144985867
-144985867 153142714
153142714 153142714
153142714 -153088210
-153088210 -153088210
-153088210 161200353
161200353 161200353
161200353 -160944727
-160944727 -160944727
-160944727 168967088
168967088 168967088
168967088 -168668236
-168668236 -168668236
-168668236 176625254
176625254 176625254
176625254 -176354808
-176354808 -176354808
-176354808 184386000
184386000 184386000
184386000 -184283561
-184283561 -184283561
-184283561 192424693
192424693 192424693
192424693 -192256481
-192256481 -192256481
-192256481 200295904
200295904 200295904
200295904 -199938851
-199938851 -199938851
-199938851 208080180
208080180 208080180
208080180 -208041598
-208041598 -208041598
-208041598 215919801
215919801 215919801
215919801 -215868778
-215868778 -215868778
-215868778 224051911
224051911 224051911
224051911 -223745422
-223745422 -223745422
-223745422 231718441
231718441 231718441
231718441 -231352708
-231352708 -231352708
-231352708 239373777
239373777 239373777
239373777 -239154841
-239154841 -239154841
-239154841 247118015
247118015 247118015
247118015 -247002315
-247002315 -247002315
-247002315 255161650
255161650 255161650
255161650 -254840699
-254840699 -254840699
-254840699 262652825
262652825 262652825
262652825 -262605224
-262605224 -262605224
-262605224 270761055
270761055 270761055
270761055 -270460036
-270460036 -270460036
-270460036 278531265
278531265 278531265
278531265 -278245921
-278245921 -278245921
-278245921 286218003
286218003 286218003
286218003 -285838911
-285838911 -285838911
-285838911 293883302
293883302 293883302
293883302 -293757982
-293757982 -293757982
-293757982 301649207
301649207 301649207
