1000 1497
1 2
2 501
1 3
3 501
1 4
4 501
1 5
5 501
1 6
6 501
1 7
7 501
1 8
8 501
1 9
9 501
1 10
10 501
1 11
11 501
1 12
12 501
1 13
13 501
1 14
14 501
1 15
15 501
1 16
16 501
1 17
17 501
1 18
18 501
1 19
19 501
1 20
20 501
1 21
21 501
1 22
22 501
1 23
23 501
1 24
24 501
1 25
25 501
1 26
26 501
1 27
27 501
1 28
28 501
1 29
29 501
1 30
30 501
1 31
31 501
1 32
32 501
1 33
33 501
1 34
34 501
1 35
35 501
1 36
36 501
1 37
37 501
1 38
38 501
1 39
39 501
1 40
40 501
1 41
41 501
1 42
42 501
1 43
43 501
1 44
44 501
1 45
45 501
1 46
46 501
1 47
47 501
1 48
48 501
1 49
49 501
1 50
50 501
1 51
51 501
1 52
52 501
1 53
53 501
1 54
54 501
1 55
55 501
1 56
56 501
1 57
57 501
1 58
58 501
1 59
59 501
1 60
60 501
1 61
61 501
1 62
62 501
1 63
63 501
1 64
64 501
1 65
65 501
1 66
66 501
1 67
67 501
1 68
68 501
1 69
69 501
1 70
70 501
1 71
71 501
1 72
72 501
1 73
73 501
1 74
74 501
1 75
75 501
1 76
76 501
1 77
77 501
1 78
78 501
1 79
79 501
1 80
80 501
1 81
81 501
1 82
82 501
1 83
83 501
1 84
84 501
1 85
85 501
1 86
86 501
1 87
87 501
1 88
88 501
1 89
89 501
1 90
90 501
1 91
91 501
1 92
92 501
1 93
93 501
1 94
94 501
1 95
95 501
1 96
96 501
1 97
97 501
1 98
98 501
1 99
99 501
1 100
100 501
1 101
101 501
1 102
102 501
1 103
103 501
1 104
104 501
1 105
105 501
1 106
106 501
1 107
107 501
1 108
108 501
1 109
109 501
1 110
110 501
1 111
111 501
1 112
112 501
1 113
113 501
1 114
114 501
1 115
115 501
1 116
116 501
1 117
117 501
1 118
118 501
1 119
119 501
1 120
120 501
1 121
121 501
1 122
122 501
1 123
123 501
1 124
124 501
1 125
125 501
1 126
126 501
1 127
127 501
1 128
128 501
1 129
129 501
1 130
130 501
1 131
131 501
1 132
132 501
1 133
133 501
1 134
134 501
1 135
135 501
1 136
136 501
1 137
137 501
1 138
138 501
1 139
139 501
1 140
140 501
1 141
141 501
1 142
142 501
1 143
143 501
1 144
144 501
1 145
145 501
1 146
146 501
1 147
147 501
1 148
148 501
1 149
149 501
1 150
150 501
1 151
151 501
1 152
152 501
1 153
153 501
1 154
154 501
1 155
155 501
1 156
156 501
1 157
157 501
1 158
158 501
1 159
159 501
1 160
160 501
1 161
161 501
1 162
162 501
1 163
163 501
1 164
164 501
1 165
165 501
1 166
166 501
1 167
167 501
1 168
168 501
1 169
169 501
1 170
170 501
1 171
171 501
1 172
172 501
1 173
173 501
1 174
174 501
1 175
175 501
1 176
176 501
1 177
177 501
1 178
178 501
1 179
179 501
1 180
180 501
1 181
181 501
1 182
182 501
1 183
183 501
1 184
184 501
1 185
185 501
1 186
186 501
1 187
187 501
1 188
188 501
1 189
189 501
1 190
190 501
1 191
191 501
1 192
192 501
1 193
193 501
1 194
194 501
1 195
195 501
1 196
196 501
1 197
197 501
1 198
198 501
1 199
199 501
1 200
200 501
1 201
201 501
1 202
202 501
1 203
203 501
1 204
204 501
1 205
205 501
1 206
206 501
1 207
207 501
1 208
208 501
1 209
209 501
1 210
210 501
1 211
211 501
1 212
212 501
1 213
213 501
1 214
214 501
1 215
215 501
1 216
216 501
1 217
217 501
1 218
218 501
1 219
219 501
1 220
220 501
1 221
221 501
1 222
222 501
1 223
223 501
1 224
224 501
1 225
225 501
1 226
226 501
1 227
227 501
1 228
228 501
1 229
229 501
1 230
230 501
1 231
231 501
1 232
232 501
1 233
233 501
1 234
234 501
1 235
235 501
1 236
236 501
1 237
237 501
1 238
238 501
1 239
239 501
1 240
240 501
1 241
241 501
1 242
242 501
1 243
243 501
1 244
244 501
1 245
245 501
1 246
246 501
1 247
247 501
1 248
248 501
1 249
249 501
1 250
250 501
1 251
251 501
1 252
252 501
1 253
253 501
1 254
254 501
1 255
255 501
1 256
256 501
1 257
257 501
1 258
258 501
1 259
259 501
1 260
260 501
1 261
261 501
1 262
262 501
1 263
263 501
1 264
264 501
1 265
265 501
1 266
266 501
1 267
267 501
1 268
268 501
1 269
269 501
1 270
270 501
1 271
271 501
1 272
272 501
1 273
273 501
1 274
274 501
1 275
275 501
1 276
276 501
1 277
277 501
1 278
278 501
1 279
279 501
1 280
280 501
1 281
281 501
1 282
282 501
1 283
283 501
1 284
284 501
1 285
285 501
1 286
286 501
1 287
287 501
1 288
288 501
1 289
289 501
1 290
290 501
1 291
291 501
1 292
292 501
1 293
293 501
1 294
294 501
1 295
295 501
1 296
296 501
1 297
297 501
1 298
298 501
1 299
299 501
1 300
300 501
1 301
301 501
1 302
302 501
1 303
303 501
1 304
304 501
1 305
305 501
1 306
306 501
1 307
307 501
1 308
308 501
1 309
309 501
1 310
310 501
1 311
311 501
1 312
312 501
1 313
313 501
1 314
314 501
1 315
315 501
1 316
316 501
1 317
317 501
1 318
318 501
1 319
319 501
1 320
320 501
1 321
321 501
1 322
322 501
1 323
323 501
1 324
324 501
1 325
325 501
1 326
326 501
1 327
327 501
1 328
328 501
1 329
329 501
1 330
330 501
1 331
331 501
1 332
332 501
1 333
333 501
1 334
334 501
1 335
335 501
1 336
336 501
1 337
337 501
1 338
338 501
1 339
339 501
1 340
340 501
1 341
341 501
1 342
342 501
1 343
343 501
1 344
344 501
1 345
345 501
1 346
346 501
1 347
347 501
1 348
348 501
1 349
349 501
1 350
350 501
1 351
351 501
1 352
352 501
1 353
353 501
1 354
354 501
1 355
355 501
1 356
356 501
1 357
357 501
1 358
358 501
1 359
359 501
1 360
360 501
1 361
361 501
1 362
362 501
1 363
363 501
1 364
364 501
1 365
365 501
1 366
366 501
1 367
367 501
1 368
368 501
1 369
369 501
1 370
370 501
1 371
371 501
1 372
372 501
1 373
373 501
1 374
374 501
1 375
375 501
1 376
376 501
1 377
377 501
1 378
378 501
1 379
379 501
1 380
380 501
1 381
381 501
1 382
382 501
1 383
383 501
1 384
384 501
1 385
385 501
1 386
386 501
1 387
387 501
1 388
388 501
1 389
389 501
1 390
390 501
1 391
391 501
1 392
392 501
1 393
393 501
1 394
394 501
1 395
395 501
1 396
396 501
1 397
397 501
1 398
398 501
1 399
399 501
1 400
400 501
1 401
401 501
1 402
402 501
1 403
403 501
1 404
404 501
1 405
405 501
1 406
406 501
1 407
407 501
1 408
408 501
1 409
409 501
1 410
410 501
1 411
411 501
1 412
412 501
1 413
413 501
1 414
414 501
1 415
415 501
1 416
416 501
1 417
417 501
1 418
418 501
1 419
419 501
1 420
420 501
1 421
421 501
1 422
422 501
1 423
423 501
1 424
424 501
1 425
425 501
1 426
426 501
1 427
427 501
1 428
428 501
1 429
429 501
1 430
430 501
1 431
431 501
1 432
432 501
1 433
433 501
1 434
434 501
1 435
435 501
1 436
436 501
1 437
437 501
1 438
438 501
1 439
439 501
1 440
440 501
1 441
441 501
1 442
442 501
1 443
443 501
1 444
444 501
1 445
445 501
1 446
446 501
1 447
447 501
1 448
448 501
1 449
449 501
1 450
450 501
1 451
451 501
1 452
452 501
1 453
453 501
1 454
454 501
1 455
455 501
1 456
456 501
1 457
457 501
1 458
458 501
1 459
459 501
1 460
460 501
1 461
461 501
1 462
462 501
1 463
463 501
1 464
464 501
1 465
465 501
1 466
466 501
1 467
467 501
1 468
468 501
1 469
469 501
1 470
470 501
1 471
471 501
1 472
472 501
1 473
473 501
1 474
474 501
1 475
475 501
1 476
476 501
1 477
477 501
1 478
478 501
1 479
479 501
1 480
480 501
1 481
481 501
1 482
482 501
1 483
483 501
1 484
484 501
1 485
485 501
1 486
486 501
1 487
487 501
1 488
488 501
1 489
489 501
1 490
490 501
1 491
491 501
1 492
492 501
1 493
493 501
1 494
494 501
1 495
495 501
1 496
496 501
1 497
497 501
1 498
498 501
1 499
499 501
1 500
500 501
501 502
501 503
501 504
501 505
501 506
501 507
501 508
501 509
501 510
501 511
501 512
501 513
501 514
501 515
501 516
501 517
501 518
501 519
501 520
501 521
501 522
501 523
501 524
501 525
501 526
501 527
501 528
501 529
501 530
501 531
501 532
501 533
501 534
501 535
501 536
501 537
501 538
501 539
501 540
501 541
501 542
501 543
501 544
501 545
501 546
501 547
501 548
501 549
501 550
501 551
501 552
501 553
501 554
501 555
501 556
501 557
501 558
501 559
501 560
501 561
501 562
501 563
501 564
501 565
501 566
501 567
501 568
501 569
501 570
501 571
501 572
501 573
501 574
501 575
501 576
501 577
501 578
501 579
501 580
501 581
501 582
501 583
501 584
501 585
501 586
501 587
501 588
501 589
501 590
501 591
501 592
501 593
501 594
501 595
501 596
501 597
501 598
501 599
501 600
501 601
501 602
501 603
501 604
501 605
501 606
501 607
501 608
501 609
501 610
501 611
501 612
501 613
501 614
501 615
501 616
501 617
501 618
501 619
501 620
501 621
501 622
501 623
501 624
501 625
501 626
501 627
501 628
501 629
501 630
501 631
501 632
501 633
501 634
501 635
501 636
501 637
501 638
501 639
501 640
501 641
501 642
501 643
501 644
501 645
501 646
501 647
501 648
501 649
501 650
501 651
501 652
501 653
501 654
501 655
501 656
501 657
501 658
501 659
501 660
501 661
501 662
501 663
501 664
501 665
501 666
501 667
501 668
501 669
501 670
501 671
501 672
501 673
501 674
501 675
501 676
501 677
501 678
501 679
501 680
501 681
501 682
501 683
501 684
501 685
501 686
501 687
501 688
501 689
501 690
501 691
501 692
501 693
501 694
501 695
501 696
501 697
501 698
501 699
501 700
501 701
501 702
501 703
501 704
501 705
501 706
501 707
501 708
501 709
501 710
501 711
501 712
501 713
501 714
501 715
501 716
501 717
501 718
501 719
501 720
501 721
501 722
501 723
501 724
501 725
501 726
501 727
501 728
501 729
501 730
501 731
501 732
501 733
501 734
501 735
501 736
501 737
501 738
501 739
501 740
501 741
501 742
501 743
501 744
501 745
501 746
501 747
501 748
501 749
501 750
501 751
501 752
501 753
501 754
501 755
501 756
501 757
501 758
501 759
501 760
501 761
501 762
501 763
501 764
501 765
501 766
501 767
501 768
501 769
501 770
501 771
501 772
501 773
501 774
501 775
501 776
501 777
501 778
501 779
501 780
501 781
501 782
501 783
501 784
501 785
501 786
501 787
501 788
501 789
501 790
501 791
501 792
501 793
501 794
501 795
501 796
501 797
501 798
501 799
501 800
501 801
501 802
501 803
501 804
501 805
501 806
501 807
501 808
501 809
501 810
501 811
501 812
501 813
501 814
501 815
501 816
501 817
501 818
501 819
501 820
501 821
501 822
501 823
501 824
501 825
501 826
501 827
501 828
501 829
501 830
501 831
501 832
501 833
501 834
501 835
501 836
501 837
501 838
501 839
501 840
501 841
501 842
501 843
501 844
501 845
501 846
501 847
501 848
501 849
501 850
501 851
501 852
501 853
501 854
501 855
501 856
501 857
501 858
501 859
501 860
501 861
501 862
501 863
501 864
501 865
501 866
501 867
501 868
501 869
501 870
501 871
501 872
501 873
501 874
501 875
501 876
501 877
501 878
501 879
501 880
501 881
501 882
501 883
501 884
501 885
501 886
501 887
501 888
501 889
501 890
501 891
501 892
501 893
501 894
501 895
501 896
501 897
501 898
501 899
501 900
501 901
501 902
501 903
501 904
501 905
501 906
501 907
501 908
501 909
501 910
501 911
501 912
501 913
501 914
501 915
501 916
501 917
501 918
501 919
501 920
501 921
501 922
501 923
501 924
501 925
501 926
501 927
501 928
501 929
501 930
501 931
501 932
501 933
501 934
501 935
501 936
501 937
501 938
501 939
501 940
501 941
501 942
501 943
501 944
501 945
501 946
501 947
501 948
501 949
501 950
501 951
501 952
501 953
501 954
501 955
501 956
501 957
501 958
501 959
501 960
501 961
501 962
501 963
501 964
501 965
501 966
501 967
501 968
501 969
501 970
501 971
501 972
501 973
501 974
501 975
501 976
501 977
501 978
501 979
501 980
501 981
501 982
501 983
501 984
501 985
501 986
501 987
501 988
501 989
501 990
501 991
501 992
501 993
501 994
501 995
501 996
501 997
501 998
501 999
501 1000
