100 147
1 2
2 51
1 3
3 51
1 4
4 51
1 5
5 51
1 6
6 51
1 7
7 51
1 8
8 51
1 9
9 51
1 10
10 51
1 11
11 51
1 12
12 51
1 13
13 51
1 14
14 51
1 15
15 51
1 16
16 51
1 17
17 51
1 18
18 51
1 19
19 51
1 20
20 51
1 21
21 51
1 22
22 51
1 23
23 51
1 24
24 51
1 25
25 51
1 26
26 51
1 27
27 51
1 28
28 51
1 29
29 51
1 30
30 51
1 31
31 51
1 32
32 51
1 33
33 51
1 34
34 51
1 35
35 51
1 36
36 51
1 37
37 51
1 38
38 51
1 39
39 51
1 40
40 51
1 41
41 51
1 42
42 51
1 43
43 51
1 44
44 51
1 45
45 51
1 46
46 51
1 47
47 51
1 48
48 51
1 49
49 51
1 50
50 51
51 52
51 53
51 54
51 55
51 56
51 57
51 58
51 59
51 60
51 61
51 62
51 63
51 64
51 65
51 66
51 67
51 68
51 69
51 70
51 71
51 72
51 73
51 74
51 75
51 76
51 77
51 78
51 79
51 80
51 81
51 82
51 83
51 84
51 85
51 86
51 87
51 88
51 89
51 90
51 91
51 92
51 93
51 94
51 95
51 96
51 97
51 98
51 99
51 100
