200 10375
1 2
1 3
2 3
1 4
3 4
2 4
4 5
1 5
3 5
2 5
4 6
1 6
2 6
5 6
3 7
4 7
6 7
5 7
4 8
6 8
4 9
7 9
1 9
2 9
6 9
3 9
8 9
5 9
8 10
7 10
5 10
3 10
9 10
6 11
10 11
3 11
2 11
1 11
9 12
1 12
5 12
3 12
7 12
6 12
11 12
10 12
8 12
5 13
3 13
10 13
8 13
9 13
11 13
2 13
9 14
10 14
1 14
13 14
7 14
8 14
5 14
6 14
8 15
2 15
11 15
1 15
7 15
6 15
13 15
3 15
5 15
4 15
10 15
9 15
14 15
12 15
15 16
4 17
16 17
5 17
14 17
2 17
6 17
15 17
12 17
13 17
7 18
6 19
4 19
1 19
11 19
15 19
9 19
5 19
8 19
17 19
13 19
14 19
3 19
2 20
11 20
3 20
18 20
4 20
15 20
13 20
12 20
5 20
19 20
16 20
1 20
10 20
14 20
18 21
19 21
14 21
8 21
16 21
1 21
4 21
7 21
6 21
10 21
2 21
9 21
5 21
15 21
3 21
11 21
16 22
21 22
3 22
1 22
8 22
6 22
18 23
8 23
15 23
7 23
13 23
9 23
3 23
19 23
16 23
14 23
1 23
4 23
5 23
6 23
12 23
2 23
7 24
23 24
3 24
22 24
15 24
10 24
13 24
19 25
23 25
20 25
24 25
22 25
1 25
13 25
3 25
11 25
2 25
12 25
15 26
20 26
21 26
9 26
10 26
13 26
5 26
23 26
19 26
4 26
8 26
18 26
17 26
3 26
24 26
15 27
14 27
19 27
13 27
5 27
25 27
7 27
6 27
20 27
10 27
2 27
18 27
21 28
26 28
7 28
17 28
1 28
5 28
16 28
19 28
4 28
25 28
27 28
3 28
14 28
9 29
28 29
16 29
26 29
4 29
15 29
21 29
20 29
1 29
1 30
9 30
20 30
8 30
5 30
19 30
26 30
16 30
28 30
13 30
24 30
17 30
6 30
22 30
5 31
27 31
29 31
21 31
2 31
12 31
26 31
19 31
18 32
14 32
4 32
23 32
11 32
9 32
6 32
26 32
13 32
5 32
30 32
20 32
15 32
2 32
19 32
25 32
7 32
8 32
1 32
21 32
10 32
24 32
28 32
16 32
29 32
12 32
22 32
31 32
6 33
22 33
2 33
1 33
23 33
16 33
14 33
12 33
30 33
26 33
25 33
10 33
7 33
8 33
24 33
27 33
21 33
28 33
4 33
18 33
20 33
32 33
15 33
9 33
5 33
29 33
19 33
11 33
3 33
17 33
13 33
31 33
10 34
7 34
3 34
8 34
6 34
21 34
18 34
1 34
16 34
14 34
32 34
22 34
20 34
23 34
30 34
2 34
11 34
19 34
28 34
30 35
22 35
31 35
27 35
10 36
17 36
22 36
5 36
8 36
21 36
11 36
29 36
2 36
31 36
28 36
9 36
28 37
5 37
16 37
29 37
25 37
35 37
3 38
26 38
17 38
12 38
36 38
16 38
13 38
27 38
22 38
33 38
28 38
24 38
25 38
37 39
10 39
31 39
14 39
35 39
4 39
21 39
17 39
9 39
15 39
11 39
34 39
28 39
25 40
22 40
16 40
30 40
35 40
31 40
26 40
14 40
29 40
17 40
8 40
28 40
36 41
1 41
8 41
38 41
33 41
4 41
18 41
19 41
7 41
16 41
30 41
6 41
14 41
19 42
37 42
15 42
14 42
21 42
5 42
41 42
35 42
18 42
31 42
9 42
38 43
9 43
30 43
11 43
10 43
33 43
35 43
23 43
42 43
22 43
36 43
1 43
41 43
25 43
16 43
18 44
34 44
13 44
30 44
5 44
23 44
33 44
11 44
27 44
14 44
24 44
6 44
20 44
26 44
8 44
35 44
16 44
9 45
18 45
43 45
12 45
10 45
35 45
28 45
40 45
38 45
26 45
7 45
17 45
44 45
32 45
15 45
27 45
5 45
33 45
30 46
9 46
36 46
24 46
40 46
41 46
28 46
44 46
20 46
17 46
11 46
32 46
19 46
1 46
35 46
31 46
43 46
21 46
14 46
4 46
38 46
3 46
45 47
25 47
9 47
22 47
31 47
5 47
32 47
34 47
36 47
7 47
18 47
16 47
21 47
41 47
10 47
28 47
13 47
27 47
37 47
3 47
44 47
38 47
2 47
43 47
43 48
12 48
46 48
21 48
5 48
19 48
23 48
31 48
15 48
4 48
26 48
18 48
29 48
33 48
35 48
9 48
27 48
41 48
45 48
2 48
14 48
22 48
1 48
28 48
24 48
25 48
37 48
39 48
13 48
6 48
7 48
20 48
38 48
16 48
30 48
36 48
17 48
11 48
18 49
34 49
20 49
29 49
47 49
11 49
31 49
36 49
33 49
44 49
28 49
1 49
41 49
38 49
26 49
27 49
2 49
35 49
6 49
37 49
5 49
12 49
8 49
4 49
46 49
7 49
9 49
24 49
14 49
23 49
15 49
16 49
25 49
21 49
32 49
13 49
30 49
17 49
40 49
10 49
42 49
48 49
22 49
9 50
15 50
40 50
7 50
49 50
35 50
28 50
26 50
29 50
14 50
35 51
17 51
16 51
38 51
31 51
46 51
25 51
27 51
45 51
50 51
22 51
7 51
43 51
3 51
42 51
24 51
34 51
15 51
48 51
40 51
20 51
41 51
2 51
49 51
13 51
47 51
29 51
5 51
14 51
4 51
36 51
30 51
9 51
12 51
8 51
18 51
28 51
37 51
1 51
33 51
11 51
23 51
10 51
10 52
1 52
4 52
14 52
22 52
3 52
47 52
7 52
19 52
43 52
13 52
20 52
23 52
29 52
46 52
21 52
18 52
9 52
11 52
33 52
12 52
16 52
24 52
51 52
48 52
49 52
17 52
44 52
32 52
42 52
36 52
6 52
40 52
35 52
39 52
41 52
26 52
31 52
38 52
41 53
26 53
49 53
25 53
3 53
27 53
4 53
39 53
1 53
32 53
45 53
40 53
22 53
46 53
8 53
15 53
23 53
35 53
44 53
31 53
47 53
17 53
29 53
5 53
13 53
33 53
20 53
51 53
19 53
50 53
10 53
34 53
18 53
30 53
11 53
2 53
43 53
42 53
7 53
16 53
37 54
14 54
38 54
2 54
50 54
21 54
29 54
52 54
9 54
26 54
43 54
36 54
53 54
34 54
48 54
41 54
30 54
17 54
7 54
12 54
20 54
42 54
22 54
27 54
8 54
15 54
44 54
50 55
29 55
46 55
33 55
1 55
10 55
17 55
12 55
5 55
39 55
26 55
7 55
28 55
14 55
24 56
9 56
35 56
51 56
48 57
35 57
19 57
53 57
37 57
14 57
3 57
25 57
36 57
6 57
11 57
2 57
16 57
39 57
10 57
5 57
54 57
50 57
4 57
43 57
20 57
17 57
13 57
52 57
7 57
36 58
12 58
32 58
48 58
46 59
22 59
34 59
10 59
20 59
28 59
9 59
27 59
40 59
7 59
6 59
42 59
36 59
53 60
2 60
48 60
54 60
46 60
1 60
30 60
37 60
59 60
12 60
10 60
50 60
34 60
39 60
51 60
28 60
58 60
5 60
52 60
38 60
18 60
14 60
16 60
35 60
24 60
43 60
22 60
44 60
27 60
15 60
19 60
26 60
42 60
33 60
29 60
17 60
9 60
55 60
3 60
56 60
49 60
57 60
32 60
47 60
45 60
53 61
23 61
4 61
46 61
7 61
45 61
41 61
25 61
22 61
56 61
21 61
39 61
51 61
27 61
20 61
12 62
51 62
22 62
11 62
39 62
18 62
48 62
13 62
25 62
17 62
5 62
59 62
58 62
56 62
1 62
29 62
3 62
21 62
35 62
44 62
38 62
26 62
60 62
49 62
16 62
28 62
41 62
23 62
30 62
4 62
53 62
54 62
34 62
40 63
32 63
26 63
29 63
55 63
12 63
11 63
10 63
31 63
39 63
7 63
30 63
48 63
3 63
50 63
20 63
9 63
14 63
59 63
22 63
41 63
28 63
35 63
54 63
36 63
2 63
43 63
16 63
25 63
58 63
19 63
33 63
24 63
8 63
49 63
28 64
9 64
63 64
41 64
37 64
50 64
33 64
7 64
48 64
22 64
19 64
16 64
47 64
3 64
20 64
4 64
62 64
49 64
61 64
55 64
38 64
21 64
35 64
56 64
46 64
1 64
6 64
44 64
5 64
53 64
40 64
34 64
54 64
30 64
26 64
18 64
13 64
10 64
45 64
32 64
36 64
24 64
17 64
14 64
11 64
23 64
41 65
61 65
55 65
44 65
5 65
43 65
47 65
11 65
52 65
8 65
13 65
17 65
30 65
7 65
40 65
22 65
24 65
49 65
14 65
50 65
54 65
42 65
56 65
4 65
6 65
29 65
57 65
20 65
12 65
53 65
64 65
38 65
32 65
26 65
60 65
23 65
63 65
19 65
58 65
39 65
15 65
25 65
28 65
10 65
48 65
59 65
34 65
37 65
35 65
9 65
46 65
45 65
21 65
33 65
25 66
10 66
24 66
1 66
62 66
2 66
64 66
52 66
55 66
27 66
47 66
29 66
54 66
5 66
42 66
60 66
8 66
22 66
16 66
53 66
19 66
11 66
61 66
37 66
7 66
43 66
51 66
18 66
50 66
58 66
23 67
32 67
38 67
34 67
17 67
45 67
8 67
47 67
2 67
27 67
64 67
1 67
6 67
59 67
56 67
66 67
28 67
63 67
19 67
10 67
3 67
33 67
5 67
52 67
21 67
51 67
36 67
40 67
58 67
62 67
12 67
4 67
15 67
13 67
48 67
22 67
53 67
49 67
61 67
14 67
39 67
25 67
30 67
11 67
9 67
54 67
20 67
35 67
60 67
50 67
24 67
55 67
31 67
18 67
7 67
65 67
41 67
57 67
37 67
26 67
42 67
46 67
44 67
43 67
16 67
29 67
28 68
21 68
19 68
15 68
30 68
41 68
40 68
51 68
35 68
37 68
50 68
45 68
61 68
31 68
8 68
52 68
67 68
47 69
42 69
51 69
36 69
49 69
39 69
18 70
21 70
33 70
8 70
17 70
6 70
39 70
45 70
52 70
14 70
37 70
50 70
12 70
25 70
68 70
11 70
29 70
31 70
67 70
54 70
2 70
24 70
64 70
27 70
48 70
69 70
53 70
13 70
62 70
1 70
9 70
7 70
30 70
20 70
10 70
19 70
43 70
23 70
26 70
46 70
51 70
47 70
5 70
61 70
36 70
58 70
55 71
69 71
2 71
9 71
36 71
54 71
62 71
58 71
48 71
45 71
32 71
42 71
21 71
63 71
20 71
56 71
18 71
40 71
44 71
67 71
3 71
33 71
1 71
24 71
66 71
13 71
37 71
51 71
59 71
68 71
52 71
41 71
26 71
53 71
11 71
28 71
14 71
50 71
6 71
57 71
15 71
30 72
3 72
39 72
2 72
68 72
13 72
42 72
18 72
62 72
20 72
1 72
38 72
19 72
43 72
34 72
67 72
7 72
10 72
48 72
4 72
41 72
60 72
51 72
54 72
56 72
57 72
37 72
64 72
16 72
22 72
52 72
50 72
69 72
61 72
11 72
46 72
71 72
5 72
26 72
70 72
47 72
9 72
63 72
66 72
28 72
27 72
17 72
59 72
33 72
23 72
55 72
35 72
49 72
6 72
53 72
21 72
29 72
40 72
31 72
65 72
36 72
12 72
8 72
25 72
45 72
24 72
14 72
44 72
32 72
15 72
58 72
9 73
39 73
31 73
26 73
48 73
38 73
46 73
18 73
6 73
68 73
33 73
1 73
72 73
50 73
55 73
19 73
25 73
61 73
8 73
52 73
20 73
70 73
32 73
35 73
63 73
27 73
10 73
49 73
57 73
47 73
60 73
45 73
21 73
12 73
4 73
69 73
62 73
31 74
17 75
71 75
36 75
28 75
46 75
58 75
11 75
60 75
51 75
34 75
67 75
21 75
50 75
53 75
54 75
27 75
32 75
9 75
56 75
73 75
33 75
22 75
68 75
3 75
52 75
13 75
6 75
70 76
67 76
6 76
39 76
9 76
4 76
42 76
64 76
27 76
23 76
69 76
34 76
50 76
17 76
54 76
75 76
33 76
24 76
57 76
21 76
2 76
55 76
74 76
43 76
68 76
35 76
46 76
11 76
56 76
71 76
25 76
66 76
37 76
8 76
51 76
40 76
36 76
20 76
45 76
53 76
38 76
48 76
31 76
16 76
62 76
14 76
19 76
13 76
7 77
28 77
19 77
58 77
70 77
73 77
33 77
75 77
27 77
67 77
14 77
36 78
40 78
51 78
22 78
57 78
3 78
49 78
71 78
21 78
13 78
7 78
69 78
10 78
8 78
55 78
1 78
47 78
45 78
64 78
16 78
70 78
30 78
74 78
26 78
5 78
66 78
9 78
27 78
29 78
19 78
33 78
6 78
48 79
57 79
59 79
53 79
22 79
18 79
65 79
55 79
56 79
72 79
27 79
20 79
62 79
12 79
50 79
17 79
9 79
29 79
5 79
8 79
26 79
45 79
15 79
19 79
2 79
42 79
37 79
73 79
64 79
23 79
47 79
24 79
34 79
54 79
43 79
11 79
1 79
28 79
32 79
39 79
36 79
10 79
6 79
21 79
4 79
40 79
3 79
71 79
76 79
68 79
78 79
52 79
41 79
30 79
66 79
7 79
44 79
69 79
63 79
25 79
38 79
35 79
14 79
58 79
61 79
31 79
67 79
70 79
49 79
77 79
74 79
31 80
44 80
69 80
79 80
59 80
4 80
34 80
16 80
27 80
23 80
55 80
46 80
8 80
57 80
53 80
52 80
70 80
24 80
38 80
58 80
2 80
11 80
45 80
40 80
33 80
51 80
47 80
48 80
50 80
29 80
17 80
68 80
42 80
19 80
67 80
18 80
43 80
66 80
30 80
15 80
62 80
63 80
1 80
9 80
25 80
49 80
26 80
28 80
73 80
54 81
37 81
3 81
6 81
28 81
60 81
71 81
18 81
70 81
4 81
36 81
50 81
13 81
31 81
25 81
48 81
41 81
51 81
68 81
16 81
8 81
30 81
29 81
38 81
77 81
32 81
80 81
61 81
7 81
24 81
55 81
27 81
39 81
34 81
21 81
2 81
52 81
78 81
12 81
76 81
49 81
64 81
73 81
9 82
34 82
19 82
45 82
39 82
58 82
3 82
17 82
18 82
20 82
36 82
28 82
49 82
79 82
56 82
44 82
72 82
32 82
46 82
26 82
71 82
41 82
12 82
73 82
40 82
11 82
1 82
22 82
59 82
14 82
54 82
52 82
81 82
62 82
74 82
23 82
65 82
8 82
75 82
24 82
80 82
21 82
67 82
2 82
30 82
13 82
47 82
60 82
66 82
35 82
70 82
37 82
38 82
25 82
76 82
31 82
5 82
15 82
77 82
50 82
33 83
51 83
38 83
13 83
64 83
55 83
1 83
48 83
68 83
76 83
30 83
5 83
56 83
18 83
37 83
34 83
15 83
82 83
66 83
25 83
26 83
57 83
39 83
2 83
77 83
19 83
28 83
40 83
52 83
62 83
61 83
50 83
58 83
22 83
36 83
10 83
63 83
8 83
49 83
42 83
65 83
17 83
4 83
81 83
3 83
29 83
24 83
53 83
70 83
46 83
47 83
7 83
69 83
75 83
23 83
11 83
71 83
45 83
6 83
27 83
79 83
32 83
20 83
78 83
9 83
21 83
31 83
12 83
14 83
80 83
59 83
44 83
72 83
14 84
50 84
13 84
6 84
8 84
71 84
64 84
61 84
32 84
52 84
46 84
12 84
17 84
40 84
3 84
10 84
37 84
66 84
63 84
30 84
54 84
19 84
26 84
72 84
41 84
81 84
74 84
49 84
56 84
28 84
76 84
68 84
31 84
67 84
27 84
55 84
51 84
77 84
58 84
11 84
73 84
2 84
18 84
70 84
1 84
22 84
7 84
53 84
29 84
25 84
16 84
24 84
44 84
15 84
23 84
38 84
60 84
62 84
69 84
33 84
82 84
35 84
5 84
80 84
36 84
21 84
43 84
57 84
83 84
39 84
20 84
79 84
34 84
78 84
9 84
59 84
47 84
48 84
39 85
58 85
17 85
51 85
80 85
25 85
5 85
13 85
24 85
61 85
50 85
3 85
6 85
9 85
49 85
54 85
34 85
29 85
57 85
26 85
63 85
19 85
70 85
62 85
20 85
47 85
45 85
75 85
2 85
65 85
81 85
53 85
55 85
43 85
8 85
41 85
28 85
16 85
42 85
27 85
67 85
56 85
68 85
71 85
7 85
31 85
60 85
44 85
83 85
77 85
12 85
32 85
84 85
74 85
76 85
10 85
59 85
36 85
72 85
46 85
21 85
37 85
52 85
48 85
15 85
33 85
38 85
30 85
64 85
78 85
4 85
11 85
82 85
1 85
40 85
79 85
22 85
69 85
73 85
14 85
18 85
23 85
35 85
66 85
60 86
61 86
66 86
25 86
55 86
23 86
44 86
17 86
38 86
45 86
62 86
58 86
48 86
73 86
40 86
63 86
8 86
77 86
10 86
43 86
9 86
51 86
64 86
31 86
49 86
52 86
83 86
42 86
19 86
14 86
72 86
21 86
47 86
84 86
32 86
67 86
4 86
5 86
24 86
50 86
68 86
79 86
69 86
46 86
3 86
82 86
52 87
27 87
60 87
72 87
33 87
12 87
25 87
56 87
84 87
3 87
76 87
64 87
67 87
53 87
66 87
8 87
23 87
54 87
43 87
51 87
4 87
22 87
70 87
5 87
20 87
46 87
86 87
71 87
14 87
17 87
59 87
32 87
9 87
39 87
19 87
73 87
79 87
35 87
26 87
61 87
31 87
36 87
45 87
63 87
50 87
62 87
11 87
83 87
55 87
74 87
58 87
72 88
6 88
45 88
43 88
58 88
67 88
7 88
73 88
77 88
24 88
25 88
61 88
20 88
8 88
54 88
84 88
36 88
60 88
2 88
80 88
53 88
87 88
70 88
85 88
42 88
55 88
44 88
33 88
17 88
23 88
71 88
65 88
47 88
74 88
68 88
50 88
75 88
16 88
35 88
51 88
57 88
49 88
52 88
48 88
9 88
26 88
76 88
66 88
69 88
5 88
82 88
1 88
30 88
28 88
14 88
13 88
12 88
83 88
40 88
19 88
62 88
46 88
11 88
3 88
4 88
39 88
38 88
78 88
56 88
37 88
27 88
31 88
15 89
41 89
13 89
39 89
67 89
34 89
7 89
32 89
24 89
85 89
60 89
10 89
50 89
14 89
6 89
33 89
81 89
57 89
69 89
73 89
18 89
1 89
83 89
55 89
80 89
61 89
88 89
40 89
11 89
22 89
78 89
82 89
21 89
71 89
77 89
23 89
20 89
29 89
16 89
56 89
51 89
37 89
75 89
27 89
86 89
30 89
53 89
65 89
62 89
49 90
8 90
89 90
38 90
40 90
77 90
75 90
21 90
53 90
63 90
41 90
3 90
2 90
79 90
44 90
83 90
47 91
85 91
6 91
74 91
2 91
58 91
33 91
41 91
39 91
46 91
61 91
51 91
44 91
54 91
90 91
28 91
32 91
3 91
60 91
34 91
62 91
55 91
42 91
50 91
14 91
10 91
82 91
81 91
48 91
29 91
23 91
11 91
87 91
7 91
43 91
35 91
4 91
16 91
19 91
52 91
26 91
68 91
37 91
53 91
71 91
77 91
80 91
40 91
15 91
1 91
49 91
5 91
57 91
73 91
78 91
30 91
83 91
38 91
22 91
89 91
65 91
24 91
9 91
20 91
79 91
56 91
84 91
36 91
31 91
12 91
86 91
45 91
8 91
64 91
65 92
81 92
61 92
39 92
79 92
32 92
24 92
67 92
69 92
82 92
90 92
3 92
49 92
52 92
50 92
75 92
72 92
70 92
66 92
45 92
34 92
47 92
60 92
4 92
13 92
58 92
44 92
31 92
21 92
76 92
89 92
36 92
48 92
16 92
1 92
84 92
68 92
25 92
64 92
73 93
80 93
47 93
54 93
30 93
52 93
19 93
77 93
58 93
78 93
18 93
87 93
34 93
21 93
38 93
65 93
67 93
50 93
61 93
62 93
31 93
55 93
10 93
49 93
51 93
90 93
24 93
79 93
43 93
83 93
2 93
89 93
13 93
22 93
63 93
60 93
56 93
74 93
28 93
27 93
57 93
8 93
17 93
20 93
70 93
92 93
68 93
33 93
69 93
29 93
72 93
15 93
40 93
46 93
71 93
36 93
6 93
42 93
59 93
35 93
11 93
91 93
39 93
75 93
7 93
1 93
12 93
76 93
45 93
3 93
23 93
44 93
66 93
86 93
14 93
81 93
85 93
5 93
53 93
26 93
88 93
64 93
84 93
37 93
16 93
25 93
48 93
83 94
31 94
18 94
44 94
64 94
22 94
8 94
38 94
41 94
42 94
51 94
80 94
11 94
36 94
37 94
40 94
75 94
54 94
49 94
91 94
73 94
17 94
66 94
4 94
87 94
33 94
48 94
52 94
32 94
85 94
23 94
46 94
15 94
58 94
59 94
53 94
20 94
57 94
86 94
34 94
30 94
9 94
13 94
89 94
10 94
69 94
63 94
67 94
45 94
43 94
19 94
78 94
72 94
65 94
24 94
1 94
28 94
88 94
14 94
47 94
3 94
79 94
35 94
62 94
2 94
43 95
64 95
88 95
50 95
34 95
21 95
82 95
11 95
33 95
90 95
41 95
23 95
62 95
46 95
79 95
91 95
38 95
15 95
94 95
77 95
3 95
26 95
16 95
65 95
93 95
13 96
55 96
34 96
76 96
59 96
22 96
93 96
56 96
5 96
27 96
65 96
12 96
68 96
36 96
18 96
61 96
83 96
95 96
41 96
32 96
10 96
21 96
20 96
51 96
84 96
35 96
57 96
31 96
11 96
64 96
53 96
7 96
39 96
94 96
77 96
85 96
62 96
92 96
47 96
42 96
67 96
49 96
29 96
74 96
44 96
24 96
60 96
2 96
71 96
63 96
23 96
26 96
50 96
45 96
17 96
69 96
91 96
25 96
58 96
33 96
8 96
1 96
52 96
86 96
28 96
79 96
66 96
73 96
38 96
46 96
40 96
89 96
3 96
70 96
14 96
19 96
15 96
82 96
30 96
78 96
54 96
43 96
6 96
4 96
88 96
49 97
27 97
68 97
26 97
89 97
36 97
79 97
83 97
50 97
1 97
80 97
32 97
30 97
73 97
64 97
28 97
59 97
60 97
37 97
35 97
71 97
63 97
56 97
77 97
93 97
48 97
95 97
23 97
3 97
4 97
81 97
13 97
75 97
58 97
16 97
87 97
46 97
6 97
15 97
84 97
88 97
7 97
19 97
52 97
86 97
44 97
22 97
8 97
74 97
20 97
40 97
10 97
69 97
34 97
14 97
53 97
18 97
47 97
62 97
11 97
57 97
45 97
94 97
66 97
91 97
17 97
90 97
33 97
29 97
92 97
76 97
21 97
67 97
9 97
85 97
72 97
51 97
55 97
41 97
78 97
96 97
39 97
31 97
82 97
5 97
2 97
12 97
38 97
25 97
43 97
65 97
70 97
44 98
81 98
67 98
23 98
96 98
29 98
13 98
11 98
9 98
68 98
30 98
52 98
71 98
57 98
53 98
58 98
86 98
93 98
14 98
6 98
31 98
62 98
75 98
27 98
33 98
80 98
28 98
91 98
5 98
38 98
37 98
15 98
74 98
83 98
59 98
16 98
88 98
94 98
26 98
95 98
45 98
50 98
21 98
39 98
51 98
76 98
49 98
60 98
97 98
35 98
78 98
20 98
85 98
77 98
17 98
3 98
7 98
63 98
61 98
47 98
19 98
87 98
70 98
42 98
55 98
34 98
72 98
79 98
66 98
2 98
18 98
64 98
48 99
5 99
66 99
35 99
27 99
45 99
28 99
82 99
76 99
78 99
61 99
80 99
26 99
6 99
75 99
7 99
86 99
25 99
17 99
73 99
46 99
23 99
49 99
92 99
42 99
12 99
52 99
81 99
97 99
71 99
3 99
53 99
58 99
32 99
57 99
56 99
44 99
29 99
68 99
72 99
19 99
79 99
21 99
13 99
98 99
9 99
14 99
22 99
96 99
40 99
15 99
37 99
20 100
52 100
62 100
37 100
98 100
19 100
47 100
48 100
92 100
55 100
60 100
61 100
14 100
87 100
31 100
34 100
43 100
72 100
25 100
82 100
51 100
26 101
30 101
67 101
38 101
4 101
58 101
14 101
69 101
62 101
19 101
39 101
85 101
22 101
57 101
92 101
65 101
16 101
94 101
82 101
64 101
59 102
90 102
45 102
57 102
19 102
43 102
95 102
69 102
23 102
13 102
18 102
27 102
64 102
61 102
100 102
29 102
35 102
75 102
76 102
4 102
33 102
32 102
49 102
62 102
97 102
50 102
24 102
12 102
73 102
34 102
74 102
92 102
10 102
88 102
40 102
37 102
82 102
83 102
86 102
81 102
53 102
101 102
63 102
46 102
44 102
58 102
28 102
77 102
30 102
72 102
14 102
78 102
22 102
42 102
60 102
36 102
6 102
26 102
8 102
52 102
48 102
79 102
65 102
98 102
47 102
70 102
55 102
13 103
92 103
83 103
11 103
64 103
72 103
88 103
29 103
91 103
15 103
55 103
21 103
68 103
69 103
32 103
44 103
70 103
74 104
2 104
43 104
96 104
32 104
24 104
68 104
9 104
93 104
69 104
53 104
91 104
33 104
102 104
3 104
62 104
1 104
56 104
12 104
58 104
11 104
44 104
67 104
94 104
70 104
39 104
18 104
59 104
49 104
98 104
40 104
41 104
60 104
51 104
71 104
61 104
92 104
8 104
30 105
47 105
71 105
24 105
57 105
97 105
96 105
60 105
55 105
80 105
65 105
74 105
82 105
12 105
68 105
56 105
59 105
42 105
88 105
67 105
17 105
94 105
35 105
7 105
61 105
5 105
3 105
58 105
103 105
104 105
98 105
63 105
10 105
76 105
34 105
29 105
16 105
38 105
93 105
28 105
75 105
6 105
14 105
46 105
25 105
90 105
95 105
23 105
79 105
91 105
45 105
100 105
64 105
22 105
53 106
54 106
75 106
8 106
33 106
19 106
98 106
82 106
16 106
88 106
76 106
1 106
57 106
95 106
34 106
43 106
102 106
24 106
97 106
32 106
73 106
69 106
11 106
4 106
55 106
89 106
96 106
27 106
77 106
30 106
78 106
64 106
21 106
15 106
3 106
2 106
41 106
46 106
100 106
103 106
85 106
70 106
105 106
65 106
28 107
90 107
15 107
35 107
2 107
11 107
48 107
33 107
13 107
87 107
104 107
91 107
99 107
102 107
41 107
17 107
32 107
101 107
73 107
25 107
49 107
86 107
46 107
1 107
71 107
98 107
100 107
47 107
38 107
65 107
50 107
106 107
93 107
22 107
57 107
14 107
56 107
7 107
67 107
96 107
66 107
76 107
103 107
42 107
19 107
105 107
43 107
16 107
26 107
51 107
89 107
20 107
39 107
12 107
80 107
74 107
97 107
63 107
59 107
95 107
61 107
84 107
58 107
3 107
36 107
82 107
79 107
60 107
10 107
77 107
34 107
18 107
70 107
27 107
23 107
83 107
37 107
30 107
45 107
69 107
44 107
24 107
9 107
40 107
94 107
78 107
81 107
4 107
85 107
62 107
29 107
55 107
52 107
8 107
88 107
54 107
72 107
64 107
53 108
91 108
36 108
103 108
64 108
84 108
76 108
92 108
34 108
43 108
42 108
107 108
29 108
3 108
82 108
88 108
77 108
65 108
67 108
62 108
85 108
83 108
45 108
100 108
79 108
11 108
28 108
102 108
5 108
9 108
23 108
47 108
98 108
66 108
93 108
49 108
68 108
90 108
101 108
18 108
32 108
8 108
4 108
97 108
6 108
71 108
72 108
7 108
16 108
81 108
70 108
46 108
74 108
69 108
12 108
37 108
51 109
71 109
89 109
72 109
66 109
21 109
95 109
29 109
77 109
44 109
49 109
37 109
46 109
27 109
59 109
47 109
17 109
98 109
76 109
91 109
26 109
40 109
28 109
55 110
98 110
36 110
106 110
30 110
16 110
101 110
69 110
29 110
48 110
58 110
74 110
34 110
105 110
75 110
81 110
67 110
35 110
71 110
63 110
62 110
14 110
21 110
99 110
80 110
56 110
52 110
46 110
5 110
43 110
73 110
1 110
100 110
23 110
22 110
25 110
86 110
11 110
38 110
92 110
28 110
37 110
79 110
13 110
103 110
32 110
65 110
33 110
27 110
85 110
96 110
44 110
50 110
45 110
89 110
109 110
93 110
95 110
39 110
77 110
2 110
42 110
31 110
7 110
57 110
24 110
78 110
61 110
26 110
70 110
49 110
51 110
18 110
83 110
20 110
4 110
53 110
102 110
82 110
76 110
12 110
108 110
72 110
17 110
60 110
104 110
6 110
59 110
41 110
107 110
10 110
8 110
19 110
66 110
91 110
9 110
94 110
87 110
54 110
88 110
47 110
64 110
38 111
31 111
45 111
1 111
44 111
91 111
80 111
82 111
52 111
73 111
64 111
107 111
13 111
93 111
69 111
63 111
108 111
16 111
70 111
96 111
71 111
68 111
3 111
57 111
110 111
22 111
98 111
109 111
58 111
21 111
49 111
88 111
9 111
33 111
99 111
67 111
29 111
74 111
77 111
104 111
19 111
11 111
101 111
95 111
105 111
30 111
54 111
51 111
23 111
58 112
29 112
91 112
52 112
63 112
77 112
24 112
46 112
7 112
75 112
82 112
15 112
107 112
101 112
97 112
61 112
18 112
27 112
28 112
16 112
19 112
67 112
89 112
10 112
98 112
47 112
54 112
60 112
71 112
37 112
51 112
1 112
44 112
62 112
87 112
74 112
13 112
93 113
89 113
82 113
45 113
21 114
111 114
34 114
64 114
99 114
67 114
18 114
104 114
60 114
10 114
45 114
15 114
80 114
48 114
53 114
18 115
37 115
35 115
65 115
91 115
2 115
110 115
98 115
25 115
82 115
45 115
66 115
50 115
12 115
13 115
31 115
84 115
85 115
60 115
92 115
107 115
43 115
52 115
97 115
3 115
59 115
71 115
78 115
9 115
5 115
74 115
40 115
77 115
46 115
56 115
19 115
94 115
90 115
67 115
108 115
86 115
33 115
20 115
81 115
21 115
57 115
36 115
104 115
42 115
48 115
61 115
75 115
28 115
114 115
111 115
8 115
101 115
41 115
95 115
26 115
15 115
79 115
27 115
38 115
47 115
53 115
70 115
6 115
58 115
105 115
106 115
11 115
63 115
96 115
112 115
83 115
103 115
99 115
54 115
30 115
55 115
72 115
69 115
76 115
93 115
32 115
68 115
73 115
17 115
49 115
10 115
39 115
87 115
14 115
53 116
92 116
33 116
103 116
36 117
95 117
64 117
40 117
21 117
114 117
17 117
60 117
11 117
50 117
20 117
80 117
82 117
34 117
93 117
67 117
30 117
10 117
24 117
76 117
115 117
74 117
113 117
88 117
28 117
48 117
103 117
31 117
83 117
13 117
43 117
57 117
35 117
92 117
98 117
53 117
68 117
39 117
27 117
49 117
51 117
87 117
18 117
61 117
47 117
41 117
60 118
71 118
18 118
4 118
3 118
96 118
84 118
68 118
45 118
22 118
112 118
113 118
8 118
17 118
83 118
30 118
85 118
46 118
52 118
5 118
64 118
29 118
106 118
82 118
78 118
94 118
59 118
80 118
75 118
41 118
117 118
87 118
114 118
69 118
38 118
13 118
9 118
70 118
26 118
28 118
104 118
51 118
10 118
27 118
50 118
98 118
15 118
91 118
32 119
28 119
73 119
115 119
11 119
70 119
44 119
53 119
43 119
4 119
114 119
34 119
51 119
117 119
108 119
40 119
24 119
91 119
89 119
66 119
1 119
75 119
18 119
106 119
18 120
108 120
44 120
12 120
88 120
26 120
113 120
39 120
61 120
81 120
72 120
69 120
101 120
8 120
37 120
20 120
78 120
65 120
36 120
98 120
74 120
70 120
42 120
27 120
87 120
106 120
9 120
17 120
5 120
16 120
93 120
53 120
35 120
14 120
95 120
58 120
50 120
7 120
60 120
85 121
39 121
15 121
98 121
71 121
36 121
113 121
112 121
60 121
20 121
111 121
11 121
3 121
28 121
30 121
40 121
100 121
99 121
10 121
68 121
8 121
66 121
90 121
17 121
51 121
22 121
116 121
78 121
81 121
103 121
37 121
102 121
84 121
48 121
96 121
50 121
108 121
16 121
6 121
107 121
4 121
54 121
35 121
18 121
52 121
67 121
21 121
82 121
93 121
97 121
105 121
65 121
12 121
106 121
70 121
2 121
92 121
104 121
75 121
19 121
57 121
79 121
25 121
41 121
118 121
31 121
87 121
109 121
110 121
47 121
88 121
1 121
95 121
76 121
58 121
73 121
101 121
9 121
24 121
75 122
80 122
66 122
95 122
102 122
79 122
67 122
112 122
22 122
84 122
16 122
73 122
42 122
15 122
29 122
78 122
39 122
118 122
3 122
25 122
26 122
28 122
110 122
18 122
1 122
109 122
70 122
17 122
9 122
27 122
91 122
106 122
76 122
59 122
49 122
40 122
77 122
6 122
54 122
41 122
113 122
53 122
7 122
121 122
19 122
90 122
43 122
52 122
120 122
60 122
35 122
62 122
100 122
14 122
45 122
56 122
98 122
65 122
101 122
85 122
5 122
116 122
38 122
13 122
37 122
104 122
86 122
10 122
4 122
114 123
73 123
65 123
29 123
121 123
36 123
13 123
40 123
4 123
54 123
118 123
58 123
64 123
46 123
81 123
43 123
88 123
100 123
63 123
51 123
108 123
27 123
113 123
87 123
47 123
19 123
112 123
101 123
17 123
110 123
116 123
33 123
26 123
24 123
15 123
91 123
34 123
119 123
94 123
30 123
32 123
85 123
41 123
12 123
8 123
53 123
95 123
38 123
3 123
75 123
42 123
61 123
71 123
1 123
14 123
7 123
86 123
62 123
16 123
97 123
82 123
18 123
45 123
117 123
59 123
84 123
107 123
102 123
23 123
66 123
90 123
99 123
60 123
22 123
106 123
115 123
5 123
20 123
52 123
74 123
31 123
35 123
67 123
9 123
79 123
28 123
89 123
78 123
39 123
96 123
25 123
50 123
72 123
56 123
98 123
122 123
70 123
48 123
93 123
80 123
37 123
44 123
49 123
83 123
77 123
92 123
120 123
68 123
111 123
57 123
109 123
69 123
6 123
50 124
92 124
15 124
51 124
60 124
109 124
80 124
2 124
84 124
101 124
3 124
64 124
123 124
27 124
54 124
16 124
120 124
39 124
81 124
67 124
104 124
9 124
30 124
58 124
115 124
20 124
52 124
78 125
75 125
51 125
92 125
94 125
32 125
45 125
88 125
84 125
74 125
25 125
116 125
118 125
72 125
100 125
8 125
95 125
109 125
57 125
11 125
77 125
80 125
86 125
60 125
119 125
124 125
7 125
93 125
28 125
50 125
70 125
46 125
59 125
66 125
30 125
22 125
34 125
24 125
81 125
36 125
38 125
23 125
61 125
112 125
123 125
4 125
91 125
64 125
67 125
71 125
110 125
113 125
120 125
18 125
6 125
3 125
52 125
33 125
40 125
63 125
117 125
42 125
115 125
98 125
104 125
114 125
49 125
87 126
46 126
28 126
124 126
50 126
35 126
119 126
12 126
57 126
10 126
80 126
3 126
98 126
26 126
105 126
22 126
11 126
90 126
114 127
88 127
34 127
84 127
26 127
41 127
9 127
85 127
35 127
110 127
13 127
116 127
72 127
97 127
104 127
46 127
111 127
75 127
109 127
59 127
5 127
52 127
39 127
30 127
96 127
123 127
38 127
101 127
47 127
58 127
54 127
45 127
76 127
3 127
33 127
106 127
117 127
98 127
77 127
115 127
18 127
16 127
99 127
20 127
73 127
74 127
22 127
83 127
82 127
29 127
7 127
42 127
108 127
122 127
10 127
113 127
64 127
21 127
119 127
50 127
118 127
37 127
94 127
56 127
100 127
60 127
89 127
48 127
61 127
2 127
71 127
81 127
86 127
62 127
36 127
64 128
55 128
122 128
127 128
85 128
60 128
42 128
36 128
72 128
47 128
93 128
24 128
77 128
118 128
34 128
18 128
35 128
63 128
110 128
2 128
46 128
43 128
88 128
11 128
96 128
95 128
65 128
101 128
98 128
89 128
78 128
69 128
125 128
116 128
92 128
83 128
68 128
16 128
49 128
117 128
10 128
81 128
41 128
121 128
62 128
100 128
29 128
99 128
19 128
76 128
23 128
7 128
37 128
40 128
39 128
52 128
32 128
102 128
74 128
50 128
20 128
66 128
84 128
87 128
71 128
111 128
105 128
13 128
70 128
27 128
58 128
61 128
45 128
31 128
9 128
8 128
114 128
59 128
44 128
67 128
30 128
14 128
54 128
97 128
126 128
115 128
113 128
90 128
120 128
112 128
123 128
56 128
82 128
33 128
103 128
79 128
1 128
57 128
15 128
3 128
104 128
109 128
28 128
73 128
48 128
94 128
4 128
51 128
108 128
21 128
80 128
38 128
22 128
53 128
17 128
6 128
107 128
12 128
26 128
106 128
96 129
89 129
84 129
68 129
106 129
6 129
42 129
95 129
74 129
17 129
50 129
125 129
46 129
108 129
90 129
2 129
57 129
53 129
25 129
128 129
40 130
98 130
127 130
128 130
118 130
6 130
86 130
7 130
36 130
12 130
39 130
113 130
34 130
43 130
126 130
105 130
102 130
41 130
55 130
80 130
29 130
37 130
116 130
30 130
53 130
54 130
31 130
81 130
69 130
107 130
23 130
15 130
75 130
119 130
4 130
25 130
89 130
2 130
99 130
87 130
108 130
19 130
78 130
129 130
64 130
106 130
88 130
79 130
28 130
5 130
59 130
76 130
124 130
71 130
21 130
77 130
90 130
20 130
51 130
65 130
73 130
33 130
3 130
109 130
96 130
115 130
9 130
122 130
110 130
56 130
82 130
8 130
18 130
91 130
72 130
17 130
85 130
103 130
13 130
11 130
111 130
32 130
74 130
14 130
57 130
95 130
117 130
16 130
120 130
24 130
67 130
49 130
50 130
26 130
104 130
22 130
47 130
66 130
114 130
93 130
63 130
27 130
94 130
42 130
62 130
101 130
123 130
38 130
121 130
97 130
92 130
60 130
84 130
83 130
44 130
125 130
58 130
10 130
70 130
112 130
61 130
100 130
35 130
48 130
45 130
130 131
67 131
54 131
43 131
55 131
115 131
91 131
24 131
29 131
20 131
86 131
35 131
121 131
116 131
81 131
98 131
71 131
92 131
14 131
103 131
7 131
90 131
78 131
39 131
70 131
9 131
89 131
31 131
129 131
59 131
33 131
84 131
79 131
76 131
80 131
30 131
83 131
111 131
3 131
71 132
29 132
115 132
32 132
27 132
46 132
83 132
121 132
77 132
57 132
50 132
72 132
18 132
9 132
45 132
114 132
66 132
94 132
2 132
106 132
93 132
52 132
31 132
96 132
82 132
87 132
81 132
55 132
73 132
64 132
117 132
44 132
3 132
47 132
11 132
63 132
8 132
56 132
99 132
127 133
32 133
77 133
118 133
15 133
26 133
28 133
18 133
11 133
33 133
85 133
83 133
3 133
31 133
5 133
124 133
36 133
78 133
69 133
53 133
126 133
56 133
12 133
76 133
46 133
65 133
72 133
80 133
51 133
130 133
91 133
74 133
21 133
8 133
47 133
87 133
10 133
99 133
60 133
9 133
68 133
43 133
66 133
75 133
106 133
86 133
131 133
122 133
30 133
120 133
34 133
108 133
35 133
29 133
17 134
125 134
58 134
115 134
119 134
55 134
39 134
68 134
123 134
45 134
86 134
84 134
69 134
92 134
103 134
50 134
15 134
32 134
79 134
111 134
19 134
53 134
113 134
38 134
88 134
81 134
87 134
96 134
3 134
27 134
2 134
110 134
132 134
83 134
94 134
77 134
128 134
42 134
105 134
52 134
89 134
93 134
66 134
40 134
108 134
67 134
7 134
44 134
4 134
64 134
127 134
122 134
126 134
13 134
46 134
31 134
10 134
78 134
49 134
47 134
24 134
121 134
26 134
36 134
60 134
74 134
16 134
48 134
5 134
107 134
9 134
41 134
72 134
33 134
18 134
11 134
133 134
59 134
100 134
37 135
124 135
82 135
107 135
7 135
9 135
104 135
74 135
121 135
47 135
80 135
91 135
129 135
106 135
12 135
62 135
23 135
42 135
15 135
28 135
117 135
122 135
87 135
118 135
119 135
131 135
98 135
30 135
120 135
56 135
73 135
59 135
34 135
125 135
132 135
20 135
29 135
75 135
123 135
109 135
111 135
66 135
11 135
116 135
33 135
77 135
71 135
81 135
112 135
14 135
6 135
13 135
57 135
67 135
51 135
53 135
1 135
35 135
130 135
89 135
90 135
61 135
48 135
101 135
68 135
88 135
40 135
31 135
5 135
78 135
133 135
54 135
4 135
26 135
36 135
95 135
46 135
108 135
32 135
114 135
103 135
96 135
25 135
41 135
134 135
45 135
64 135
8 135
52 135
18 135
60 135
43 135
76 135
94 135
85 135
16 135
97 135
38 135
100 135
110 135
49 135
113 135
44 135
83 135
65 135
50 135
72 135
36 136
101 136
66 136
107 136
102 136
71 136
90 136
113 136
38 136
28 136
75 136
70 136
60 136
24 136
5 136
17 136
116 136
21 136
34 136
29 136
91 136
2 136
129 136
110 136
31 136
105 136
111 136
76 136
10 136
6 136
8 136
32 136
131 136
12 136
106 136
74 136
69 136
112 136
65 136
51 136
77 136
7 136
53 136
9 136
33 136
49 136
58 136
30 136
98 136
14 136
93 136
67 136
135 136
57 136
87 136
13 136
44 136
26 136
63 136
99 136
19 136
78 136
68 136
15 136
109 136
94 136
122 136
118 136
115 136
100 136
80 136
37 136
104 136
45 136
1 136
132 136
22 136
61 136
64 136
18 136
128 136
23 136
95 136
125 136
11 136
85 136
114 136
126 136
133 136
117 136
79 136
35 136
92 136
4 136
46 136
120 136
39 136
47 136
121 136
103 136
3 136
56 136
97 136
96 136
52 136
40 136
130 136
48 136
59 136
108 136
54 136
88 136
81 136
16 136
82 136
25 136
124 136
127 136
72 136
20 136
55 136
42 136
83 136
27 136
53 137
15 138
90 138
69 138
122 138
38 138
12 138
119 138
114 138
9 138
3 138
23 138
132 138
34 138
123 138
93 138
100 138
50 138
70 138
126 138
135 138
46 138
1 138
71 138
88 138
133 138
30 138
32 138
10 138
49 138
11 138
101 138
64 138
56 138
59 138
55 138
76 138
99 138
19 138
17 138
87 138
48 138
113 138
66 138
117 138
68 138
44 138
33 138
136 138
28 138
72 138
110 138
105 138
27 138
25 138
53 138
116 138
127 138
67 138
102 138
6 138
20 138
2 138
61 138
40 138
79 138
85 138
73 138
97 138
95 138
121 138
118 138
92 138
54 138
103 138
36 138
106 138
35 138
129 138
94 138
42 138
21 138
41 138
8 138
52 138
120 138
96 138
125 138
7 138
86 138
16 138
43 138
82 138
130 138
98 138
51 138
134 138
81 138
137 138
111 138
107 138
31 138
58 138
47 138
83 138
24 138
115 138
128 138
91 138
14 138
108 138
131 138
124 138
74 138
57 138
80 138
84 138
109 138
37 138
77 138
63 138
45 138
39 138
65 138
5 138
104 138
89 138
53 139
68 139
124 139
52 139
54 139
77 139
117 139
62 139
21 140
51 140
104 140
8 140
61 140
31 140
55 140
95 140
53 140
29 140
86 140
62 140
97 140
26 140
16 141
74 141
96 141
1 141
131 141
67 141
70 141
99 141
42 141
28 141
41 141
4 141
88 141
59 141
124 141
80 141
22 141
19 141
91 141
100 141
122 141
45 141
25 141
57 141
37 141
71 141
68 141
23 141
11 141
26 141
105 141
101 141
112 141
52 141
114 141
133 141
140 141
53 141
62 141
86 141
106 141
111 141
110 141
128 141
117 141
121 141
84 141
135 141
129 141
136 141
66 141
119 141
18 141
115 141
72 141
134 141
85 141
24 141
32 141
50 141
12 141
51 141
98 141
118 141
43 141
27 141
31 141
30 141
44 141
7 141
90 141
60 141
95 141
78 141
58 141
138 141
10 141
17 141
5 141
2 141
123 141
126 141
69 141
49 141
113 141
92 141
104 141
83 141
55 141
63 141
34 141
65 141
54 141
48 141
125 141
107 141
116 141
56 141
73 141
120 141
103 141
3 141
6 141
35 141
93 141
14 141
61 141
94 141
75 141
21 141
97 141
81 141
102 141
15 141
20 141
33 141
8 141
139 141
130 141
87 141
137 141
109 141
29 141
89 141
132 141
108 141
39 141
13 141
40 141
38 141
36 141
47 141
9 141
64 141
82 141
79 141
76 141
77 141
46 141
127 141
19 142
7 142
73 142
33 142
9 142
74 142
44 142
120 142
114 142
123 142
65 142
129 142
75 142
58 142
70 142
82 142
136 142
72 142
111 142
27 142
16 142
131 142
98 142
11 142
10 142
15 142
93 142
59 142
49 142
23 142
34 142
134 142
55 142
125 142
18 142
79 142
39 142
29 142
87 142
90 142
137 142
32 142
118 142
61 142
53 142
107 142
30 142
128 142
62 142
38 142
80 142
109 142
60 142
4 142
104 142
84 142
99 142
43 142
116 142
22 142
140 142
52 142
5 142
40 142
14 142
124 142
81 142
24 142
25 142
139 142
3 142
89 142
2 142
1 142
63 142
132 142
127 142
112 142
71 142
126 142
13 142
54 142
51 142
95 142
77 142
56 142
8 142
135 142
130 142
45 142
42 142
21 142
133 142
102 142
103 142
36 142
113 142
141 142
78 142
17 142
85 142
69 142
100 142
68 142
67 142
12 142
138 142
20 142
83 142
88 142
115 142
6 142
121 142
91 142
48 142
86 142
122 142
41 142
96 142
57 142
94 142
66 142
76 142
116 143
86 143
83 143
118 143
56 143
104 143
55 143
37 143
41 143
2 143
39 143
141 143
74 143
1 143
4 143
33 143
61 143
42 143
93 143
30 143
133 143
18 143
88 143
122 143
11 143
96 143
121 143
65 143
29 143
135 143
25 143
13 143
108 143
140 143
53 143
68 143
21 143
105 143
117 143
3 143
9 143
58 143
47 143
63 143
6 143
12 143
123 143
28 143
95 143
66 143
79 143
102 143
134 143
7 143
22 143
46 143
52 143
50 143
19 143
62 143
82 143
69 143
110 143
139 143
94 143
112 143
59 143
60 143
49 143
10 143
113 143
129 143
130 143
20 143
64 143
101 143
99 143
92 143
72 143
36 143
142 143
24 143
106 143
38 143
111 143
78 143
87 143
115 144
28 144
24 144
49 144
94 144
131 144
31 144
79 144
29 144
27 144
120 144
126 144
99 144
16 144
37 144
58 144
48 144
13 144
83 144
97 144
44 144
50 144
87 144
7 144
74 144
135 144
108 144
57 144
62 144
105 144
82 144
41 144
4 144
23 144
143 144
67 144
106 144
117 144
124 144
40 144
46 144
5 144
65 144
118 144
92 144
78 144
129 144
90 144
76 144
140 144
22 144
25 144
141 144
34 144
103 144
51 144
85 144
60 144
81 144
102 144
72 144
15 144
122 144
80 144
19 144
107 144
17 144
75 144
84 144
132 144
142 144
125 144
12 144
73 144
104 144
35 144
133 144
70 144
54 144
9 144
61 144
38 144
114 144
21 144
109 144
77 144
63 144
18 144
64 144
134 144
136 144
33 144
88 144
100 144
112 144
11 144
39 144
93 144
26 144
14 144
127 144
59 144
111 144
36 144
110 144
1 144
98 144
8 144
128 144
66 144
96 144
113 144
116 144
95 144
68 144
43 144
52 144
86 144
123 144
101 144
10 144
53 144
32 144
119 144
71 144
137 144
138 144
134 145
29 145
132 145
57 145
128 145
36 145
101 145
95 145
85 145
45 145
144 145
111 145
39 145
30 145
76 145
118 145
113 145
59 145
62 145
8 145
91 145
16 145
123 145
48 145
6 145
11 145
82 145
92 145
50 145
47 145
84 145
68 145
38 145
107 145
89 145
15 145
140 145
46 145
143 145
58 145
66 145
21 145
90 145
133 145
51 145
103 145
100 145
138 145
108 145
63 145
54 145
37 145
1 145
121 145
9 145
10 145
60 145
23 145
74 145
13 145
126 145
98 145
49 145
65 145
71 145
135 145
120 145
75 145
56 145
124 145
105 145
77 145
117 145
83 145
5 145
78 145
31 145
81 145
96 145
88 145
61 145
2 145
53 145
52 145
32 145
125 145
139 145
42 145
142 145
87 145
69 145
28 145
34 145
94 145
73 145
40 145
14 145
20 145
110 145
122 145
7 145
12 145
18 145
44 145
109 145
93 145
70 145
116 145
131 145
137 145
130 145
72 145
106 145
27 145
33 145
64 145
99 145
22 145
24 145
115 145
112 145
3 145
102 145
4 145
55 145
43 145
17 145
67 145
136 145
41 145
114 145
127 145
97 145
79 145
86 145
25 145
80 145
19 145
129 145
141 145
35 145
26 145
104 145
119 145
4 146
117 146
53 146
120 146
43 146
54 146
123 146
142 146
87 146
137 146
9 146
21 146
34 146
115 146
35 146
2 146
6 146
39 146
70 146
79 146
45 146
89 146
33 146
112 146
114 146
83 146
133 146
88 146
24 146
66 146
23 146
31 146
72 146
56 146
143 146
113 146
58 146
19 146
138 146
121 146
51 146
119 146
131 146
41 146
125 146
55 146
62 146
81 146
61 146
73 146
82 146
12 146
108 146
122 146
5 147
15 147
49 147
40 147
7 147
52 147
131 147
142 147
109 147
78 147
125 147
102 147
123 147
136 147
47 147
53 147
63 147
42 147
100 147
2 147
124 147
14 147
9 147
16 147
98 147
108 147
105 147
38 147
55 147
99 147
95 147
120 147
84 147
30 147
31 147
69 147
64 147
86 147
103 147
128 147
28 147
6 147
17 147
71 147
118 147
44 147
57 147
72 147
93 147
91 147
1 147
19 147
11 147
66 147
88 147
29 147
134 147
76 147
13 147
87 147
83 147
67 147
45 147
85 147
18 147
23 147
144 147
50 147
75 147
121 147
20 147
46 147
96 147
22 147
130 147
70 147
141 147
112 147
65 147
59 147
106 147
21 147
127 147
79 147
12 147
132 147
126 147
107 147
39 147
35 147
10 147
143 147
60 147
82 147
61 147
110 147
58 147
26 147
122 147
138 147
115 147
74 147
25 147
56 147
4 147
101 147
89 147
140 147
24 147
90 147
139 148
31 148
37 148
21 148
132 148
6 148
112 148
29 148
9 148
13 148
125 148
109 148
89 148
118 149
41 149
95 149
29 149
103 149
81 149
123 149
82 149
129 149
23 149
125 149
36 149
93 149
145 149
78 149
140 149
139 149
26 149
73 149
27 149
106 149
5 149
122 149
34 149
72 149
134 149
18 149
37 149
58 149
20 149
120 149
91 149
51 149
40 149
15 149
76 149
33 149
104 149
116 149
111 149
70 149
75 150
2 150
125 150
87 150
84 150
142 150
103 150
88 150
44 150
100 150
139 150
136 150
13 150
52 150
141 150
25 150
126 150
49 150
63 150
55 150
135 150
47 150
31 150
69 150
82 150
40 150
81 150
53 150
104 150
27 150
19 150
133 150
93 150
45 150
102 150
128 150
71 150
43 150
132 150
120 150
17 150
16 150
39 150
35 150
12 150
59 150
21 150
79 150
143 150
11 150
7 150
86 150
61 150
122 150
68 150
147 150
119 150
108 150
83 150
60 150
127 150
23 150
54 150
46 150
130 150
97 150
34 150
38 150
42 150
70 150
80 150
22 150
62 150
14 150
85 150
77 150
96 150
95 150
9 150
50 150
65 150
37 150
89 150
56 150
134 150
28 150
115 150
109 150
76 150
148 150
99 151
142 151
127 151
73 151
100 151
32 151
37 151
16 151
66 151
63 151
49 151
47 151
144 151
115 151
54 151
110 151
92 151
52 151
8 151
87 151
89 151
104 151
111 151
41 151
57 151
19 151
126 151
137 151
134 151
45 151
139 151
51 151
29 151
114 151
61 151
121 151
17 151
124 151
12 151
18 151
107 151
76 151
36 151
60 151
83 151
123 151
131 151
141 151
53 151
130 151
81 151
135 151
43 151
119 151
136 151
42 151
7 151
103 151
69 151
118 151
148 151
67 151
65 151
98 151
20 151
44 151
82 151
40 151
91 151
2 151
22 151
113 151
15 151
23 151
94 151
95 151
68 151
117 151
140 151
138 151
48 151
122 151
46 151
96 151
132 151
74 151
125 151
38 151
133 151
25 151
50 151
39 151
147 151
33 151
22 152
1 152
8 152
60 152
29 152
140 152
117 152
151 152
74 152
14 152
23 152
79 152
142 152
132 152
15 152
28 152
106 152
41 152
8 153
99 153
101 153
144 153
41 153
115 153
59 153
107 153
77 153
75 153
140 153
5 153
27 153
143 153
122 153
139 153
146 153
48 153
57 153
53 153
28 153
131 153
63 153
102 153
152 153
112 153
136 153
35 153
42 153
116 153
129 153
39 153
64 153
1 153
82 153
90 153
47 153
104 153
89 153
108 153
114 153
13 153
29 154
127 154
30 154
2 154
69 154
86 154
24 154
83 154
147 154
68 154
73 154
11 154
99 154
65 154
76 154
32 154
151 154
39 154
139 154
27 154
142 154
46 154
140 154
153 154
10 154
16 154
70 154
107 154
22 154
6 154
81 154
4 154
146 154
152 154
123 154
38 154
88 154
51 154
94 154
47 154
136 154
74 154
82 154
133 154
112 155
82 155
1 155
92 155
75 155
23 155
19 155
151 155
127 155
29 155
63 155
38 155
36 155
6 155
116 155
123 155
28 155
68 155
31 155
4 155
144 155
32 155
34 155
134 155
73 155
62 155
74 155
148 155
106 155
104 155
55 155
132 155
22 155
26 155
12 155
108 155
118 155
135 155
2 155
80 155
90 155
18 155
154 155
120 155
143 155
102 155
145 155
16 155
17 155
122 155
131 155
11 155
72 155
56 155
94 155
37 155
85 155
45 155
113 155
97 155
5 155
64 155
78 155
101 155
24 155
48 156
73 156
118 156
141 156
23 156
40 156
20 156
153 156
15 156
150 156
104 156
146 156
90 156
26 156
41 156
21 156
102 156
83 156
131 156
57 156
44 156
60 156
2 156
9 156
127 156
132 156
155 156
89 156
47 156
69 156
143 156
147 156
111 156
100 156
70 156
19 156
65 156
45 156
120 156
18 156
27 156
78 156
94 156
152 156
119 156
77 156
37 156
42 156
137 156
108 156
124 156
101 156
93 156
114 156
49 156
142 156
113 156
92 156
117 156
67 156
91 156
32 156
125 156
85 156
36 156
84 156
50 156
133 156
75 156
46 156
130 156
3 156
121 156
5 156
74 156
129 156
144 156
30 156
43 156
52 156
68 156
39 156
56 156
106 156
135 156
140 156
112 156
126 156
53 156
16 156
17 156
6 156
110 156
55 156
66 156
76 156
58 156
13 156
151 156
7 156
87 156
115 156
79 156
51 156
59 156
63 156
128 156
12 156
24 156
4 156
31 156
29 156
138 156
11 156
34 156
97 156
71 156
38 156
35 156
95 156
81 156
14 156
109 156
25 156
145 156
107 156
154 156
22 156
86 156
122 156
82 156
64 156
149 156
61 156
148 156
8 156
72 156
103 156
139 156
136 156
10 156
54 156
113 157
155 157
39 157
123 157
91 157
94 157
80 157
85 157
117 157
67 157
44 157
99 157
122 157
45 157
31 157
83 157
125 157
76 157
96 157
149 157
150 157
109 157
1 157
65 157
77 157
71 157
48 157
153 157
124 157
9 157
88 157
86 157
127 157
121 157
34 157
104 157
42 157
70 157
40 157
112 157
151 157
7 157
115 157
26 157
75 157
3 157
30 157
110 157
19 157
16 157
13 157
116 157
131 157
156 157
128 157
114 157
58 157
126 157
57 157
97 157
5 157
78 157
54 157
28 157
66 157
120 157
17 157
10 157
32 157
24 157
35 157
22 157
72 157
137 157
98 157
148 157
14 157
33 157
95 157
108 157
111 157
119 157
129 157
87 157
6 157
37 157
101 157
49 157
2 157
50 157
107 157
84 157
103 157
132 157
136 157
69 157
38 157
43 157
105 157
63 157
51 157
23 157
62 157
15 157
20 157
27 157
130 157
143 157
139 157
135 157
141 157
64 157
144 157
36 157
60 157
106 157
93 157
46 157
59 157
81 157
154 157
142 157
73 157
147 157
133 157
152 157
21 157
146 157
11 157
8 157
82 157
53 157
52 157
102 157
29 157
100 157
134 157
137 158
51 158
107 158
74 158
24 158
129 158
96 158
132 158
33 158
61 158
70 158
153 158
1 158
125 158
27 158
93 158
83 158
147 158
23 158
12 158
41 158
50 158
42 158
16 158
65 158
48 158
62 158
143 158
155 158
31 158
17 158
10 158
47 158
40 158
43 158
95 158
15 158
44 158
116 158
45 158
75 158
144 158
156 158
140 158
119 158
8 158
150 158
146 158
4 158
149 158
28 158
101 158
85 158
122 158
25 158
13 158
99 158
145 158
115 158
106 158
69 158
110 158
29 158
104 158
130 158
55 158
89 158
3 158
60 158
57 158
38 158
91 158
105 158
126 158
18 158
73 158
97 158
148 158
20 158
135 158
80 158
35 158
14 158
32 158
102 158
151 158
21 158
7 158
77 158
120 158
9 158
154 158
136 158
124 158
34 158
123 158
117 158
63 158
109 158
141 158
114 158
6 158
30 158
98 158
76 158
113 158
82 158
53 158
118 158
134 158
87 158
56 158
37 158
152 158
52 158
19 158
94 158
39 158
78 158
139 158
90 158
11 158
79 158
49 158
22 158
157 158
46 158
67 158
88 158
58 158
112 158
108 158
54 158
2 158
92 158
84 158
71 158
100 158
66 158
128 158
142 158
131 158
68 158
5 158
127 158
59 158
86 158
103 158
72 158
111 158
36 158
26 158
138 158
64 158
120 159
93 159
47 159
36 159
103 159
48 159
116 159
89 159
115 159
58 159
88 159
138 159
152 159
21 159
146 159
20 159
18 159
106 159
81 159
85 159
50 159
80 159
105 159
99 159
76 159
144 159
66 159
11 159
136 159
158 159
124 159
8 159
104 159
78 159
98 159
83 159
155 159
112 159
27 159
22 159
41 159
32 159
96 159
13 159
131 159
154 159
125 159
137 159
60 159
19 159
140 159
23 159
46 159
109 159
157 159
25 159
67 159
43 159
74 159
156 159
142 159
148 159
126 159
62 159
35 159
45 159
151 159
72 159
143 159
87 159
90 159
86 159
5 159
132 159
7 159
51 159
128 159
52 159
69 159
82 159
127 159
107 159
26 159
4 159
37 159
122 159
30 159
29 159
59 159
70 159
10 159
110 159
121 159
40 159
123 159
65 159
54 159
12 159
97 159
63 159
44 159
113 159
75 159
102 159
68 159
135 159
33 159
92 159
2 159
91 159
130 159
117 159
149 159
34 159
55 159
141 159
101 159
38 159
77 159
111 159
15 159
133 159
95 159
73 159
100 159
28 159
56 159
39 159
129 159
53 159
119 159
114 159
57 159
147 159
9 159
16 159
64 159
108 159
61 159
79 159
145 159
153 159
24 159
84 159
49 159
139 159
150 159
118 159
31 159
94 159
1 159
24 160
70 160
4 160
55 160
86 160
12 160
38 160
143 160
153 160
16 160
101 160
129 160
22 160
82 160
104 161
30 161
115 161
147 161
63 161
152 161
111 161
103 161
72 161
125 161
90 161
32 161
144 161
107 161
80 161
110 161
55 161
51 161
106 161
126 161
100 161
102 161
86 161
98 161
42 161
13 161
114 161
132 161
53 161
155 161
160 161
29 161
64 161
25 161
120 161
45 161
40 161
50 161
67 161
12 161
140 161
136 161
15 161
59 161
124 161
94 161
99 161
157 161
129 161
83 161
22 161
146 161
7 161
93 161
5 161
41 161
116 161
27 161
36 161
16 161
57 161
89 161
71 161
137 161
8 161
38 161
112 161
118 161
21 161
139 161
105 161
130 161
60 161
52 161
54 161
149 161
142 161
87 161
10 161
131 161
2 161
88 161
159 161
46 161
37 162
26 162
91 162
77 162
111 162
2 162
46 162
6 162
48 162
30 162
22 162
151 162
36 162
100 162
55 162
154 162
141 162
106 162
7 162
24 162
158 162
62 162
115 162
10 162
17 162
13 162
78 163
81 163
75 163
13 163
68 163
130 163
149 163
100 163
29 163
127 163
121 163
158 163
79 163
42 163
146 163
99 163
162 163
73 163
55 163
61 163
35 163
106 163
46 163
83 163
153 163
107 163
12 163
16 163
131 163
147 163
140 163
49 163
2 163
45 163
89 163
34 163
155 163
96 163
114 163
141 163
115 163
23 163
4 163
118 163
56 163
159 163
5 163
8 163
135 163
124 163
15 163
20 163
91 163
66 163
74 163
26 163
31 163
10 163
18 163
128 163
142 163
119 163
105 163
90 163
156 163
40 163
110 163
58 163
51 163
94 163
97 163
24 163
134 163
71 163
43 163
103 163
133 163
151 163
64 163
101 163
154 163
50 163
7 163
54 163
136 164
45 164
98 164
152 164
141 164
2 164
96 164
95 164
68 164
7 164
25 164
162 164
24 164
142 164
39 164
144 164
119 164
88 164
133 164
66 164
40 164
138 164
151 164
13 164
41 164
87 164
156 164
27 164
70 164
29 164
31 164
5 164
146 164
120 164
93 164
132 164
106 164
111 164
47 164
163 164
48 164
105 164
124 164
33 164
112 164
150 164
32 164
12 164
127 164
49 164
161 164
17 164
103 164
15 164
30 164
59 164
62 164
10 164
64 164
117 164
74 164
65 165
13 165
132 165
35 165
118 165
69 165
44 165
61 165
164 165
36 165
161 165
9 165
51 165
94 165
153 165
78 165
119 165
28 165
122 165
138 165
160 165
155 165
131 165
114 165
128 165
14 165
15 165
81 165
6 166
88 166
94 166
130 166
108 166
120 166
143 166
23 166
1 166
106 166
163 166
105 166
99 166
116 166
150 166
93 166
133 166
103 166
134 166
156 166
121 166
114 166
53 166
112 166
11 166
62 166
25 166
164 166
135 166
22 166
34 166
33 166
40 166
113 166
61 166
137 166
149 166
84 166
146 166
74 166
91 166
159 166
69 166
72 166
101 166
126 166
42 166
85 166
32 167
101 167
1 167
84 167
8 167
75 167
13 167
57 167
63 167
112 167
3 167
146 167
56 167
45 167
135 167
12 167
142 167
147 167
87 167
71 167
9 167
98 167
62 167
6 167
15 167
95 167
18 167
43 167
5 167
99 167
151 167
38 167
82 167
66 167
93 167
2 167
35 167
96 167
74 167
132 167
20 167
163 167
159 167
121 167
100 167
107 167
30 167
73 167
111 167
85 167
20 168
25 168
154 168
4 168
31 168
3 168
127 168
95 168
164 168
124 168
26 168
111 168
63 168
114 168
5 168
129 168
121 168
109 168
67 168
115 168
14 168
73 168
55 168
40 168
52 168
150 168
29 168
122 168
32 168
6 169
101 169
64 169
133 169
51 169
58 169
60 169
71 169
160 169
7 169
70 169
18 169
59 169
16 169
165 169
102 169
76 169
38 169
92 169
99 169
134 169
78 169
117 169
131 169
20 169
28 169
159 169
9 169
167 169
93 169
132 169
73 169
43 169
36 169
2 169
17 169
118 169
72 169
68 169
12 169
14 169
123 169
45 169
46 169
62 169
48 169
19 169
39 169
49 169
42 169
21 169
96 169
31 169
80 169
145 170
155 170
144 170
158 170
59 170
69 170
154 170
38 170
47 170
36 170
45 170
58 170
79 170
91 170
146 170
151 170
2 171
149 171
100 171
133 171
151 171
168 171
14 171
106 171
77 171
33 171
162 171
1 171
83 171
52 171
104 171
73 171
87 171
62 171
59 171
110 171
42 171
56 171
101 171
58 171
145 171
120 171
30 171
130 171
57 171
24 171
169 171
164 171
91 171
25 171
92 171
35 171
23 171
136 171
13 171
11 171
105 171
154 171
72 171
116 171
114 171
5 171
118 171
150 171
7 171
80 171
75 171
142 171
127 171
135 171
27 171
144 171
158 171
53 171
70 171
98 171
112 171
131 171
28 171
163 171
147 171
89 171
121 171
41 171
117 171
155 171
26 171
31 171
65 171
156 171
95 171
159 171
9 171
90 171
161 171
140 171
61 171
19 171
51 171
47 171
63 171
124 171
103 171
10 171
108 171
109 171
60 171
128 171
111 171
20 171
66 171
40 171
94 171
71 171
143 171
88 171
44 171
21 171
107 171
123 171
170 171
85 171
3 171
146 171
115 171
69 171
152 171
166 171
122 171
82 171
113 171
15 171
16 171
86 171
50 171
81 171
36 171
78 171
76 171
99 171
12 171
148 171
55 171
134 171
45 171
22 171
54 171
157 171
8 171
18 171
93 171
17 171
153 171
43 171
49 171
165 171
6 171
29 171
138 171
79 171
34 171
139 171
132 171
68 171
97 171
96 171
129 171
38 171
137 171
141 171
4 171
39 171
119 171
48 171
125 171
102 171
37 171
64 171
46 171
167 171
84 171
85 172
91 172
70 172
113 172
112 172
132 172
55 172
86 172
83 172
138 172
115 172
14 172
68 172
169 172
47 172
41 172
99 172
10 172
48 172
32 172
130 172
2 172
23 172
1 172
163 172
24 172
51 172
20 172
43 172
89 172
59 172
31 172
104 172
54 172
71 172
27 172
137 172
153 172
127 172
105 172
143 172
33 172
38 172
123 172
4 172
111 172
145 172
124 172
75 172
35 172
126 172
106 172
26 172
17 172
131 172
84 172
66 172
62 172
146 172
45 172
166 172
151 172
107 172
50 172
144 172
74 172
164 172
29 172
167 172
93 172
119 172
140 172
152 172
96 172
165 172
118 172
53 172
6 172
154 172
16 172
34 172
97 172
44 172
148 172
149 172
156 172
90 172
150 172
161 172
63 172
110 172
21 172
28 172
159 172
155 172
40 172
87 172
51 173
70 173
80 173
78 173
109 173
125 173
74 173
144 173
58 173
46 173
89 173
20 173
3 173
145 173
91 173
60 173
59 173
27 173
154 173
127 173
57 173
158 173
105 173
110 173
140 173
52 173
102 173
149 173
56 173
82 173
96 173
23 173
135 173
143 173
69 173
107 173
150 173
136 173
119 173
126 173
75 173
8 173
133 173
118 173
10 173
72 173
81 173
28 173
4 173
139 173
19 173
11 173
45 173
12 173
106 173
128 173
5 173
112 173
29 173
9 173
76 173
94 173
157 173
25 173
117 173
15 173
24 173
92 173
164 173
169 173
142 173
2 173
111 173
48 173
34 173
17 173
88 173
155 173
53 173
116 173
71 173
134 173
168 173
108 173
22 173
18 173
62 173
166 173
132 173
100 173
171 173
37 173
16 174
143 174
7 174
53 174
139 174
52 174
65 174
117 174
134 174
8 174
118 174
41 174
12 174
161 174
45 174
36 174
109 174
131 174
31 174
149 174
96 174
69 174
157 174
11 174
10 174
165 174
154 174
95 174
67 174
130 174
121 174
30 174
89 174
105 174
85 174
3 174
164 174
25 174
129 174
58 174
23 174
71 174
172 174
29 174
64 174
146 174
106 174
32 174
114 174
151 174
9 174
160 174
59 174
123 174
98 174
38 174
4 174
113 174
77 174
82 174
152 174
138 174
140 174
72 174
127 174
126 174
55 174
24 174
19 174
168 174
2 174
49 174
20 174
68 174
44 174
42 174
92 174
169 174
66 174
39 174
91 174
112 174
56 174
54 174
159 174
167 174
158 174
14 174
28 174
26 174
144 174
75 174
79 174
104 174
93 174
116 174
155 174
88 174
135 174
62 174
48 174
147 174
84 174
61 174
142 174
78 174
150 174
97 174
166 174
133 174
94 174
107 174
163 174
57 174
21 174
87 174
33 174
35 174
50 174
40 174
162 174
10 175
66 175
97 175
167 175
2 175
166 175
4 175
169 175
141 175
29 175
22 175
84 175
89 175
74 175
135 175
15 175
17 175
46 175
82 175
71 175
122 175
107 175
31 175
83 175
115 175
109 175
86 175
56 175
87 175
168 175
106 175
69 175
1 175
126 175
101 175
171 175
114 175
36 175
104 175
78 175
65 175
118 175
37 175
145 175
42 175
33 175
13 175
39 175
67 175
119 175
8 175
150 175
19 175
12 175
111 175
91 175
172 175
138 175
26 175
92 175
170 175
140 175
98 175
20 175
113 175
38 175
77 175
23 175
34 175
93 175
146 175
45 175
16 175
96 175
5 175
43 175
139 175
35 175
144 175
68 175
47 175
156 175
158 175
40 176
161 176
109 176
90 176
45 176
135 176
32 176
155 176
57 176
152 176
93 176
121 176
36 176
123 176
17 176
142 176
78 176
85 176
67 176
58 176
133 176
174 176
107 176
65 176
84 176
172 176
82 176
99 176
97 176
98 176
2 176
13 176
117 176
19 176
86 176
68 177
49 177
163 177
143 177
38 177
73 177
3 177
136 177
109 177
6 177
52 177
111 177
16 177
108 177
44 177
127 177
161 177
165 177
157 177
77 177
124 177
140 177
144 177
23 177
131 177
37 177
90 177
10 177
95 177
105 177
4 177
46 177
139 177
113 177
92 177
101 177
83 177
24 177
122 178
48 178
5 178
92 178
138 178
142 178
65 178
4 178
78 178
84 178
139 178
13 178
34 178
151 178
71 178
59 178
105 178
116 178
12 178
141 178
58 178
110 178
137 178
3 178
119 178
64 178
52 178
76 178
69 178
157 178
79 178
129 178
174 178
11 178
2 178
102 178
136 178
24 178
160 178
61 178
147 178
22 178
88 178
126 178
128 178
57 178
161 178
54 178
81 178
90 178
100 178
166 178
89 178
29 178
121 178
135 178
36 178
120 178
117 178
98 178
39 178
72 178
115 178
19 178
109 178
27 178
37 178
66 178
170 178
114 178
50 178
85 178
165 178
93 178
20 178
148 178
134 178
14 178
10 178
132 178
150 178
16 178
49 178
35 178
87 178
125 178
9 178
86 178
163 178
56 178
28 178
45 178
31 178
106 178
95 178
173 178
47 178
123 178
96 178
144 178
149 178
40 178
153 178
154 178
91 178
14 179
114 179
135 179
153 179
177 179
146 179
139 179
57 179
121 179
150 179
137 179
130 179
9 179
105 179
110 179
174 179
149 179
104 179
147 179
123 179
101 179
73 179
163 179
76 179
59 179
156 179
129 179
175 179
90 179
102 179
25 179
100 179
125 179
85 179
42 179
22 179
31 179
107 179
142 179
11 179
10 179
82 179
112 179
78 179
173 179
32 179
6 179
44 179
62 179
178 179
124 179
23 179
12 179
36 179
92 179
108 179
87 179
4 179
81 179
61 179
3 179
136 179
84 179
38 179
119 179
47 179
126 179
113 179
74 179
172 179
157 179
127 179
30 179
55 179
15 179
77 179
109 179
21 179
97 179
145 179
138 179
28 179
52 179
2 179
96 179
103 179
162 179
39 179
54 179
94 179
7 179
132 179
161 179
60 179
171 179
17 179
58 179
115 179
122 179
83 179
46 179
131 179
75 179
170 179
143 179
133 179
88 179
37 179
95 179
43 179
34 179
19 179
66 179
134 179
159 179
71 179
65 179
118 179
151 179
40 179
5 179
169 179
98 179
79 179
68 179
160 179
141 179
167 179
155 179
45 179
51 179
128 179
144 179
99 179
41 179
16 179
56 179
140 179
63 179
158 179
166 179
27 179
116 179
8 179
91 179
49 179
93 179
69 179
29 179
48 179
164 179
50 179
67 179
89 179
165 179
148 179
53 179
120 179
168 179
72 179
111 179
117 179
86 179
154 179
18 179
64 179
24 179
70 179
20 179
13 179
176 179
1 179
33 179
106 179
50 180
88 180
2 180
120 180
97 180
174 180
137 180
103 180
63 180
171 180
152 180
139 180
93 180
124 180
17 180
89 180
91 180
127 180
156 180
178 180
53 180
102 180
3 180
72 180
71 180
22 180
68 180
19 180
177 180
116 180
28 180
62 180
110 180
51 180
143 180
162 180
66 180
78 180
77 180
65 180
84 180
163 180
173 180
109 180
6 180
52 180
21 180
128 180
159 180
86 180
131 180
100 180
57 180
140 180
114 180
175 180
115 180
155 180
36 180
60 180
33 180
176 180
161 180
82 180
107 180
138 180
130 180
55 180
166 180
23 180
34 180
35 180
154 180
135 180
148 180
112 180
64 180
126 180
153 180
179 180
133 180
136 180
18 180
59 180
95 180
12 180
20 180
73 180
83 180
30 180
122 180
94 180
79 180
111 180
38 180
43 180
46 180
106 180
48 180
46 181
151 181
37 181
112 181
156 181
108 181
86 181
124 181
122 181
39 181
161 181
154 181
140 181
91 181
77 181
167 181
55 181
7 181
23 181
11 181
121 181
125 181
96 181
76 181
127 181
2 181
36 181
28 181
40 181
53 181
119 181
13 181
176 181
162 181
1 181
89 181
177 181
74 181
49 181
174 181
84 181
110 181
126 181
9 181
16 181
6 181
25 181
118 181
82 181
141 181
134 181
34 181
31 181
173 181
59 181
135 181
117 181
29 181
114 181
129 181
58 181
159 181
4 181
90 181
153 181
43 181
102 181
116 181
19 181
169 181
66 181
87 181
166 181
179 181
83 181
103 181
51 181
158 181
106 181
73 181
131 181
5 181
14 181
68 181
81 181
60 181
152 181
92 181
104 181
88 181
145 181
171 181
123 181
78 181
75 181
61 181
165 181
3 181
50 181
175 181
133 181
26 181
150 181
137 181
54 181
18 181
56 181
115 181
41 181
97 181
98 181
168 182
68 182
101 182
160 182
114 182
48 182
56 182
54 182
153 182
9 182
154 182
157 182
35 182
152 182
124 182
166 182
151 182
39 182
97 182
180 182
146 182
59 182
95 182
164 182
108 182
106 182
167 182
11 182
86 182
127 182
99 182
181 182
58 182
3 182
144 182
147 182
158 182
156 182
73 182
145 182
88 182
43 182
83 182
5 182
61 182
66 182
110 182
137 182
116 182
74 182
100 182
15 182
178 182
69 182
72 182
140 182
141 182
24 182
12 182
138 182
130 182
34 182
60 182
105 182
14 182
131 182
28 182
55 182
1 182
7 182
118 182
139 182
45 182
75 182
165 182
126 182
85 182
82 182
17 182
50 182
155 182
125 182
36 182
84 182
64 182
143 182
67 182
163 182
38 182
31 182
104 182
23 182
89 182
70 182
44 182
21 182
49 182
79 182
57 182
53 182
113 182
129 182
19 183
62 183
6 183
104 183
32 183
75 183
69 183
130 183
74 183
111 183
103 183
7 183
67 183
164 183
127 183
112 183
141 183
38 183
147 183
151 183
95 183
70 183
96 183
37 183
29 183
133 183
12 183
10 183
166 183
4 183
119 183
83 183
82 183
110 183
173 183
115 183
126 183
48 183
100 183
22 183
50 183
175 183
86 183
3 183
44 183
139 183
94 183
66 183
14 183
99 183
89 183
118 183
142 183
144 183
55 183
63 183
123 183
138 183
23 183
177 183
170 183
129 183
31 183
101 183
150 184
58 184
25 184
174 184
30 184
162 184
115 184
109 184
108 184
70 184
137 184
146 184
144 184
178 184
91 184
28 184
19 184
147 184
82 184
154 184
56 184
73 184
26 184
63 184
135 184
6 184
127 184
69 184
93 184
43 184
92 184
171 184
47 184
55 184
181 184
42 184
20 184
17 184
9 184
1 184
65 184
98 184
168 184
23 184
180 184
33 184
46 184
97 184
52 184
112 184
31 184
148 184
138 184
177 184
79 184
152 184
7 184
125 184
64 184
78 184
136 184
139 184
173 184
141 184
3 184
165 184
87 184
84 184
4 184
37 184
59 184
110 184
80 184
39 184
167 184
44 184
121 184
124 184
75 184
100 184
51 184
102 184
49 184
140 184
14 184
94 184
149 184
68 184
67 184
96 184
16 184
142 184
77 184
103 184
27 184
164 184
36 184
29 184
114 184
34 184
66 184
85 184
22 184
130 184
170 184
183 184
88 184
81 184
113 184
122 184
172 184
2 184
117 184
99 184
161 184
133 184
15 184
120 184
143 184
105 184
60 184
61 184
83 184
111 184
50 184
134 184
129 184
57 184
13 184
45 184
126 184
157 184
106 184
160 184
86 184
145 184
95 184
175 184
104 184
11 184
131 184
128 184
156 184
35 184
41 184
107 184
10 184
118 184
174 185
102 185
50 185
115 185
36 185
126 185
69 185
104 185
140 185
175 185
27 185
146 185
101 185
25 185
74 185
144 185
7 185
77 185
128 185
159 185
20 185
109 185
158 185
62 185
150 185
97 185
89 185
6 185
178 185
8 185
148 185
37 185
147 185
80 185
61 185
172 185
9 185
149 185
142 185
153 185
124 185
119 185
151 185
165 185
93 185
52 185
48 185
87 185
113 185
78 185
13 185
1 185
26 185
123 185
71 185
136 185
31 185
72 185
183 185
67 185
120 185
111 185
23 185
8 186
14 186
91 186
32 186
148 186
149 186
18 186
61 186
117 186
83 186
110 186
92 186
2 186
36 186
33 186
17 186
7 186
48 186
142 186
3 186
167 186
94 186
64 186
180 186
21 186
75 186
6 186
105 186
62 186
185 186
136 186
169 186
171 186
53 186
78 186
158 186
12 186
29 186
173 186
131 186
40 186
31 186
127 186
44 186
59 186
69 186
166 186
98 186
90 186
67 186
132 186
120 186
154 186
66 186
164 186
107 186
109 186
55 186
174 186
81 186
118 186
4 186
42 186
19 186
181 186
41 186
49 186
115 186
38 186
79 186
87 186
96 186
80 186
26 186
86 186
58 186
46 186
126 186
134 186
113 186
153 186
159 186
138 186
133 186
20 186
34 186
5 186
130 186
65 186
77 186
160 186
30 186
122 186
103 186
47 186
68 186
170 186
71 186
99 186
10 186
140 186
74 186
119 186
70 186
108 186
178 186
84 186
88 186
25 186
39 186
139 186
16 186
54 186
76 186
135 186
162 186
163 186
52 186
175 186
95 186
128 186
1 186
143 186
45 186
155 186
161 186
60 186
129 186
150 186
114 186
124 186
50 186
168 186
141 186
106 186
13 186
152 186
22 186
57 186
184 186
43 186
104 186
89 186
146 186
151 186
156 186
56 186
15 186
28 186
35 186
100 186
37 186
172 186
157 186
101 186
73 186
24 186
82 186
72 186
125 186
27 186
63 186
123 186
111 186
51 186
165 186
179 186
147 186
121 186
144 186
11 186
177 186
145 186
102 186
116 186
23 186
59 187
98 187
60 187
151 187
150 187
62 187
46 187
9 187
152 187
130 187
26 187
149 187
107 187
109 187
68 187
88 187
57 187
82 187
169 187
79 187
16 187
176 187
170 187
177 187
121 187
116 187
29 187
13 187
32 187
51 187
40 187
146 187
158 187
142 187
159 187
72 187
76 187
129 187
133 187
33 187
185 187
123 187
163 187
36 187
43 187
175 187
73 187
182 187
6 187
168 187
56 187
117 187
27 187
92 187
69 187
101 187
113 187
114 187
118 187
181 187
132 187
14 187
63 187
183 187
173 187
70 187
119 187
31 187
58 187
21 187
157 187
136 187
55 187
120 187
110 187
131 187
95 187
18 187
80 187
134 187
96 187
45 187
87 187
126 187
137 187
66 187
103 187
86 187
100 187
4 187
1 187
128 187
148 187
80 188
130 188
175 188
62 188
29 188
101 188
178 188
79 188
102 188
168 188
53 188
5 188
144 188
76 188
120 188
127 188
142 188
185 188
99 188
2 188
95 188
92 188
48 188
165 188
73 188
56 188
116 188
66 188
35 188
113 188
85 188
128 188
135 188
89 188
132 188
27 188
124 188
64 188
158 188
17 188
10 188
32 188
176 188
182 188
31 188
107 188
133 188
30 188
141 188
162 188
140 188
119 188
82 188
47 188
151 188
166 188
21 188
160 188
41 188
78 188
81 188
61 188
131 188
167 188
75 188
157 188
174 188
58 188
110 188
6 189
140 189
170 189
141 189
185 189
114 189
55 189
59 189
118 189
8 189
103 189
92 189
48 189
182 189
43 189
97 189
60 189
186 189
16 189
125 189
174 189
108 189
87 189
138 189
168 189
121 189
154 189
68 189
81 189
9 189
173 189
134 189
27 189
10 189
165 189
178 189
37 189
180 189
14 189
20 189
146 189
155 189
106 189
177 189
144 189
132 189
164 189
47 189
11 189
30 189
15 189
109 189
56 189
161 189
129 189
179 189
89 189
18 189
88 189
2 189
99 189
151 189
158 189
183 189
139 189
64 189
93 189
19 189
12 189
160 189
79 189
115 189
7 189
181 189
137 189
145 189
54 189
142 189
26 189
39 189
22 189
77 189
84 189
31 189
94 189
35 189
75 189
95 189
127 189
36 189
152 189
126 189
117 189
66 189
61 189
67 189
62 190
108 190
147 190
99 190
131 190
69 191
8 191
151 191
71 191
78 191
1 191
67 191
79 191
184 191
44 191
6 191
100 191
185 191
65 191
31 191
154 191
180 191
163 191
113 191
51 191
13 191
77 191
68 191
47 191
96 191
116 191
81 191
10 191
110 191
17 191
91 191
36 191
84 191
127 191
11 191
54 191
178 191
134 191
124 191
159 191
27 191
101 191
157 191
176 191
73 191
85 191
63 191
15 191
138 191
103 191
16 191
37 191
52 191
175 191
173 191
165 191
98 191
38 191
186 191
164 191
187 191
57 191
33 191
152 191
30 191
190 191
70 191
115 191
114 191
119 191
46 191
56 191
104 191
172 191
87 191
129 191
105 191
182 191
167 191
170 191
60 191
179 191
45 191
86 191
139 191
14 191
40 191
148 191
23 191
59 191
143 191
121 191
162 191
188 191
21 191
48 191
49 191
155 191
55 191
106 191
50 191
61 191
5 191
136 191
19 191
131 191
132 191
75 191
160 191
94 191
39 191
109 191
112 191
53 191
156 191
22 191
149 191
92 191
177 191
108 191
141 191
20 191
28 191
171 191
82 191
64 191
76 191
128 191
83 191
24 191
123 191
88 191
80 191
26 191
153 191
168 191
66 191
18 191
89 191
2 191
125 191
169 191
32 191
90 191
181 191
130 191
183 191
74 191
174 191
27 192
13 192
112 192
95 192
66 192
135 192
26 192
20 192
28 192
138 192
140 192
165 192
58 192
125 192
83 192
82 192
62 192
131 192
59 192
18 192
16 192
162 192
47 192
89 192
17 192
2 192
191 192
7 192
93 192
60 192
76 192
103 192
97 192
154 192
96 192
81 192
106 192
53 192
137 192
144 192
126 192
184 192
33 192
71 192
90 192
52 192
64 192
65 192
170 192
120 192
50 192
153 192
161 192
36 192
57 192
134 192
136 192
42 192
156 192
182 192
46 192
86 192
99 192
110 192
188 192
148 192
166 192
38 192
150 192
22 192
104 192
172 192
180 192
108 192
3 192
21 192
101 192
29 192
25 192
41 192
114 192
80 192
123 192
133 192
122 192
19 192
149 192
185 192
111 192
146 192
143 192
30 192
121 192
35 192
70 192
160 192
4 192
158 192
139 192
190 192
11 192
174 192
48 192
116 192
119 192
141 192
43 192
73 192
187 192
145 192
177 192
128 192
171 192
94 192
113 192
15 192
32 192
107 192
151 192
78 192
179 192
24 192
167 192
87 192
164 192
190 193
94 193
174 193
155 193
28 193
92 193
98 193
123 193
128 193
172 193
163 193
19 193
49 193
186 193
183 193
85 193
130 193
138 193
147 193
188 193
73 193
142 193
35 193
4 193
143 193
192 193
116 193
151 193
140 193
158 193
157 193
93 193
135 193
112 193
50 193
82 193
76 193
57 193
75 193
166 193
191 193
43 193
175 193
103 193
134 193
167 193
14 193
107 193
119 193
40 193
169 193
137 193
162 193
105 193
99 193
29 193
117 193
54 193
12 193
1 193
121 193
20 193
55 193
122 193
74 193
46 193
120 193
48 193
33 193
164 193
25 193
56 193
136 193
26 193
189 193
104 193
21 193
24 193
63 193
5 193
81 193
86 193
39 193
124 193
64 193
176 193
185 193
72 193
154 193
111 193
139 193
170 193
11 193
96 193
95 193
171 193
42 193
108 193
83 193
22 193
150 193
58 193
9 193
2 193
91 193
79 193
71 193
115 193
168 193
69 193
160 193
47 193
178 193
114 193
132 193
78 193
70 193
27 193
84 193
125 193
3 193
66 193
45 193
177 193
187 193
181 193
30 193
68 193
152 193
32 193
118 193
148 193
17 193
90 193
127 193
77 193
89 193
110 193
65 193
6 193
102 193
144 193
13 193
80 193
23 193
182 193
36 193
8 193
51 193
10 193
159 193
15 193
31 193
126 193
153 193
133 193
100 193
149 193
131 193
88 193
139 194
90 194
137 194
136 194
131 194
157 194
113 194
41 194
182 194
117 194
33 194
32 194
48 194
162 194
78 194
52 194
173 194
29 194
13 194
163 194
16 194
184 194
14 194
1 194
68 194
116 194
5 194
44 194
135 194
18 194
75 194
97 194
28 194
122 194
89 194
134 194
181 194
92 194
192 194
149 194
161 194
53 194
23 194
62 194
24 194
30 194
109 194
93 194
148 194
127 194
121 194
12 194
69 194
111 194
155 194
51 194
110 194
166 194
153 194
95 194
94 194
118 194
25 194
72 194
77 194
66 194
36 194
164 194
126 194
21 194
15 194
83 194
186 194
17 194
81 194
58 194
176 194
100 194
45 194
46 194
133 194
130 194
132 194
172 194
141 194
142 194
10 194
98 194
64 194
156 194
191 194
3 194
119 194
6 194
151 194
60 194
144 194
179 194
125 194
88 194
4 194
57 194
80 194
106 194
2 194
104 194
49 194
158 194
78 195
125 195
38 195
157 195
164 195
2 195
77 195
129 195
136 195
59 195
56 195
191 195
27 195
113 195
171 195
99 195
88 195
13 195
133 195
21 195
73 195
79 195
33 195
118 195
86 195
67 195
166 195
40 195
145 195
62 195
174 195
184 195
17 195
52 195
104 195
112 195
54 195
22 195
151 195
155 195
29 195
128 195
16 195
53 195
58 195
143 195
126 195
121 195
83 195
96 195
148 195
140 195
123 195
15 195
141 195
130 195
182 195
160 195
168 195
156 195
26 195
18 195
169 195
152 195
178 195
176 195
153 195
147 195
44 195
64 195
142 195
39 195
175 195
65 195
10 195
91 195
49 195
5 195
45 195
87 195
122 195
154 195
108 195
90 195
23 195
114 195
189 195
76 195
30 195
60 195
93 195
94 195
185 195
135 195
72 195
71 195
32 195
124 195
95 195
107 195
35 195
162 195
43 195
106 195
28 195
37 195
120 195
92 195
24 195
158 195
66 195
193 195
9 195
179 195
103 195
19 195
47 195
116 195
134 195
12 195
137 195
20 195
42 195
61 195
144 195
190 195
34 195
167 195
3 195
188 195
132 195
75 195
84 195
117 195
163 195
68 195
172 195
173 195
177 195
131 195
69 195
11 195
14 195
1 195
192 195
55 195
183 195
109 195
194 195
46 195
165 195
31 195
50 195
146 195
193 196
160 196
20 196
134 196
47 196
103 196
76 196
9 196
191 196
120 196
66 196
149 196
128 196
33 196
144 196
125 196
170 196
4 196
182 196
28 196
129 196
136 196
55 197
174 197
106 197
67 197
21 197
19 197
46 197
133 197
73 197
138 197
136 197
61 197
103 197
186 197
95 197
89 197
48 197
150 197
154 197
159 197
128 197
134 197
54 197
30 197
92 197
115 197
5 197
53 197
18 197
175 197
149 197
119 197
83 197
1 197
158 197
81 197
51 197
27 197
96 197
6 197
70 197
110 197
129 197
78 197
120 197
105 197
140 197
17 197
79 197
58 197
146 197
127 197
125 197
23 197
114 197
71 197
142 197
188 197
191 197
118 197
113 197
144 197
72 197
163 197
194 197
123 197
112 197
124 197
111 197
167 197
31 197
87 197
56 197
137 197
62 197
75 197
148 197
40 197
126 197
44 197
42 197
2 197
9 197
84 197
35 197
69 197
11 197
93 197
26 197
152 197
52 197
109 197
80 197
28 197
151 197
178 197
162 197
121 197
165 197
161 197
116 197
47 197
153 197
101 197
29 197
16 197
91 197
195 197
173 197
17 198
20 198
89 198
162 198
18 198
125 198
105 198
113 198
114 198
13 198
101 198
142 198
134 198
88 198
39 198
159 198
75 198
54 198
185 198
79 198
86 198
179 198
107 198
153 198
59 198
151 198
119 198
140 198
146 198
170 198
43 198
74 198
19 198
71 198
184 198
192 198
127 198
175 198
150 198
109 198
11 198
30 198
111 198
172 198
194 198
91 198
115 198
182 198
58 198
169 198
84 198
36 198
156 198
100 198
65 198
95 198
152 198
57 198
27 198
97 198
81 198
163 198
35 198
31 198
164 198
53 198
165 198
144 198
102 198
124 198
66 198
191 198
61 198
196 198
60 198
145 198
173 198
139 198
3 198
122 198
50 198
26 198
80 198
51 198
98 198
96 198
147 198
49 198
12 198
104 198
64 198
129 198
87 198
9 198
143 198
68 198
161 198
8 198
77 198
103 198
193 198
180 198
21 198
106 198
131 198
42 198
55 198
120 198
190 198
15 198
160 198
23 198
99 198
1 198
110 198
121 198
188 198
142 199
2 199
136 199
55 199
188 199
68 199
121 199
47 199
182 199
127 199
64 199
184 199
169 199
176 199
52 199
73 199
174 199
123 199
177 199
115 199
60 199
45 199
9 199
33 199
171 199
194 199
189 199
77 199
69 199
181 199
192 199
137 199
34 199
125 199
6 199
178 199
139 199
3 199
87 199
49 199
158 199
118 199
147 199
88 199
186 199
29 199
126 199
119 199
76 199
50 199
150 199
99 199
78 199
141 199
114 199
15 199
12 199
17 199
59 199
27 199
138 199
161 199
93 199
196 199
95 199
10 199
190 199
62 199
81 199
44 199
5 199
91 199
112 199
72 199
96 199
28 199
92 199
84 199
157 199
130 199
163 199
83 199
109 199
46 199
4 199
11 199
35 199
103 199
148 199
20 199
198 199
144 199
18 199
7 199
185 199
110 199
75 199
153 199
133 199
172 199
56 199
152 199
36 199
191 199
85 199
37 199
131 199
74 199
21 199
146 199
24 199
134 199
111 199
164 199
180 199
79 199
23 199
19 199
197 199
82 199
195 199
25 199
135 199
22 199
149 199
113 199
26 199
31 199
124 199
32 199
108 199
129 199
67 199
71 199
168 199
162 199
170 199
51 199
143 199
70 199
63 199
122 199
105 199
193 199
86 199
100 199
183 199
57 199
120 199
106 199
117 199
48 199
166 199
94 199
179 199
101 199
156 199
16 199
80 199
1 199
98 199
90 199
80 200
178 200
105 200
182 200
134 200
110 200
6 200
155 200
196 200
190 200
27 200
73 200
12 200
113 200
148 200
56 200
168 200
66 200
174 200
90 200
101 200
57 200
163 200
82 200
142 200
185 200
43 200
108 200
96 200
48 200
137 200
69 200
141 200
29 200
129 200
112 200
76 200
143 200
176 200
18 200
171 200
173 200
125 200
74 200
67 200
89 200
126 200
183 200
146 200
58 200
98 200
122 200
59 200
102 200
46 200
127 200
153 200
199 200
78 200
86 200
3 200
20 200
49 200
149 200
187 200
144 200
165 200
119 200
139 200
124 200
191 200
32 200
79 200
44 200
140 200
38 200
55 200
84 200
131 200
184 200
158 200
92 200
11 200
22 200
180 200
93 200
13 200
36 200
114 200
95 200
37 200
152 200
120 200
132 200
162 200
87 200
31 200
30 200
193 200
7 200
157 200
5 200
9 200
62 200
103 200
41 200
63 200
100 200
169 200
19 200
161 200
75 200
172 200
53 200
135 200
179 200
