100 99
28 51
1 2
82 99
61 75
6 11
17 38
71 74
1 69
9 23
46 55
1 71
26 32
7 65
8 28
30 76
27 60
9 83
12 53
12 33
62 73
42 88
4 10
5 17
28 48
6 70
4 14
44 46
13 18
2 59
21 25
2 8
1 5
2 7
20 92
17 29
12 44
28 67
62 90
63 78
4 13
1 6
5 47
16 97
28 52
10 94
29 36
11 19
20 39
27 31
3 15
71 98
22 50
11 45
19 41
1 12
9 22
17 27
53 95
3 4
53 80
81 93
34 96
32 54
28 49
13 34
16 24
25 82
81 100
51 91
22 77
44 68
3 9
54 64
21 37
30 86
10 21
10 26
48 79
15 42
43 57
8 30
20 62
41 87
56 72
3 16
57 63
1 3
5 20
39 85
14 56
13 40
11 66
44 81
8 58
83 89
2 43
35 61
3 35
5 84
