1000 999
509 716
316 696
60 174
327 695
219 431
715 832
567 949
13 219
267 313
20 40
153 160
94 611
736 928
605 616
365 442
67 284
71 452
255 957
1 51
627 779
13 321
49 203
46 76
195 200
68 506
836 838
66 215
70 558
315 395
69 772
692 786
22 196
224 672
37 316
86 846
195 539
401 680
89 566
306 375
66 108
724 746
134 530
89 105
401 540
383 568
327 441
597 944
286 1000
204 308
37 210
383 415
350 933
19 874
4 126
201 750
11 55
383 538
198 337
66 312
48 104
458 859
525 657
69 775
24 122
176 801
455 732
253 262
11 908
32 470
10 49
96 671
390 480
320 322
526 636
514 767
627 806
610 638
528 717
57 117
847 918
1 2
32 499
282 797
209 635
203 543
167 682
15 570
181 363
490 869
35 789
64 156
213 355
50 98
16 19
887 925
538 769
209 238
97 463
138 155
73 264
21 32
5 9
592 778
445 993
400 582
210 527
141 218
268 669
21 60
24 82
211 242
272 518
8 158
182 976
159 522
628 739
422 909
419 593
68 343
103 227
69 327
107 603
300 490
300 764
108 929
205 827
9 297
339 466
72 702
528 719
185 382
55 455
62 129
309 664
5 221
656 817
82 962
69 259
40 139
184 231
785 938
136 715
145 639
218 509
11 403
336 402
316 691
405 640
13 17
589 753
396 939
219 787
151 598
681 952
315 479
472 773
183 413
157 213
205 237
35 511
438 666
287 430
287 447
117 629
203 585
354 634
111 150
123 299
16 409
63 935
8 25
5 26
600 798
385 781
485 514
42 516
216 536
286 449
11 302
54 57
24 266
225 541
74 586
140 573
121 180
175 524
106 191
37 637
238 722
71 211
54 398
18 513
351 761
379 900
633 847
206 663
452 590
5 358
537 737
303 749
4 22
188 295
419 469
185 277
28 528
640 850
531 821
376 426
184 205
683 880
251 303
919 996
2 62
139 418
439 743
69 137
298 392
6 937
215 720
134 268
76 112
667 814
362 881
224 291
336 926
28 48
126 132
938 994
403 471
136 932
147 279
755 867
196 331
1 388
103 301
303 401
376 963
130 988
214 754
64 733
156 619
693 718
715 851
540 768
488 879
135 360
733 992
147 574
313 531
8 306
367 828
2 27
304 348
86 317
68 93
394 804
138 448
1 44
634 653
24 77
837 940
545 685
337 425
648 951
218 265
83 124
10 736
178 998
914 986
23 123
124 151
13 53
132 676
389 420
287 914
62 165
82 855
251 333
70 668
125 146
261 271
30 212
205 833
190 326
34 181
70 74
51 169
152 250
30 75
245 698
128 320
97 176
279 602
675 819
462 494
221 253
224 285
147 209
235 245
26 72
543 580
61 544
308 349
172 831
239 323
284 782
170 352
481 562
388 523
487 995
616 651
75 107
109 502
111 433
364 809
229 896
18 774
32 33
609 752
554 936
863 920
27 961
26 248
95 222
441 771
122 785
122 293
759 813
60 350
305 612
318 588
23 65
703 858
44 59
141 235
431 713
72 280
35 188
55 934
8 135
281 959
196 298
178 475
599 644
67 481
669 868
110 617
162 888
49 66
204 757
84 178
176 878
642 708
153 391
120 143
97 427
571 984
572 997
165 462
198 434
326 535
672 843
90 147
164 576
33 440
161 374
433 473
106 171
220 399
45 114
347 380
464 646
352 404
316 410
210 630
337 599
169 273
17 24
254 296
444 922
19 84
12 14
12 118
35 252
172 688
22 141
158 508
251 675
852 901
357 482
69 121
284 709
28 96
595 871
294 372
519 687
30 484
540 770
505 693
639 975
551 658
177 477
367 854
263 324
813 904
318 572
262 830
172 519
85 116
44 864
57 161
120 233
283 346
654 755
542 700
280 311
83 428
160 641
12 89
47 329
4 8
90 649
48 152
671 898
165 677
637 842
367 491
338 396
269 287
142 699
183 424
118 310
50 58
229 905
384 515
142 903
740 964
489 931
44 91
795 999
53 127
170 236
30 645
333 894
171 525
1 328
229 542
140 190
40 81
14 111
4 99
14 488
151 704
58 342
458 597
74 149
350 915
277 419
426 876
433 620
245 485
4 816
92 192
172 517
334 451
723 966
166 748
147 567
253 270
528 592
709 860
70 351
50 85
160 220
153 290
734 799
170 565
622 923
949 982
50 907
217 607
394 979
287 478
681 839
136 604
12 125
79 269
43 173
21 407
180 892
14 292
190 777
113 202
439 958
92 674
825 834
23 47
83 505
131 144
99 822
121 229
30 35
16 170
367 758
45 197
441 968
6 153
556 848
142 168
150 978
36 100
171 225
275 365
84 228
376 557
80 249
157 624
340 550
9 16
62 974
265 408
361 393
760 965
596 712
816 890
202 289
28 34
201 263
400 661
37 501
45 257
349 670
8 247
119 315
94 120
471 863
434 476
1 6
75 79
38 46
184 234
222 990
212 239
21 69
220 377
220 444
51 54
40 41
29 465
3 102
64 278
18 189
448 655
239 282
567 969
151 579
263 437
2 12
469 526
123 260
46 551
335 595
196 458
89 223
284 788
306 325
314 808
30 87
499 792
861 967
118 731
14 39
178 594
51 83
441 947
603 692
339 766
120 288
882 913
201 581
261 575
275 887
229 520
251 873
7 10
77 194
162 177
5 7
85 493
319 703
171 623
284 445
232 483
51 389
109 556
46 52
506 884
282 500
92 300
279 650
761 840
45 110
300 606
379 815
272 906
152 605
212 610
827 977
497 615
49 134
6 119
62 927
155 164
337 450
666 861
190 283
12 15
19 587
50 140
592 730
324 411
638 902
41 159
388 911
587 683
127 241
153 362
13 504
767 853
65 371
142 167
272 960
208 560
40 45
215 369
318 400
25 61
672 756
451 741
573 578
120 856
27 101
46 596
250 461
522 845
718 826
23 406
228 857
344 613
262 305
120 148
814 910
374 710
299 368
512 555
194 345
137 339
45 318
49 133
656 744
15 80
64 113
200 314
916 971
887 916
149 533
25 230
280 383
510 802
475 512
475 600
355 625
1 3
156 728
6 37
61 378
334 829
195 724
131 274
34 224
833 866
102 919
260 347
15 251
40 953
420 862
46 373
32 184
6 97
4 824
263 765
64 103
61 67
623 714
157 989
362 780
232 246
819 844
31 307
163 454
665 726
41 95
603 711
177 255
427 956
176 198
481 507
256 281
211 497
427 467
332 459
119 136
175 697
160 214
19 38
45 56
198 793
316 554
252 547
341 386
352 837
108 157
96 432
81 232
361 609
266 422
471 877
467 571
93 340
167 357
614 723
896 943
387 446
556 601
65 90
37 379
98 359
256 417
30 341
34 660
41 336
181 207
20 226
110 335
110 735
42 138
186 436
339 729
2 4
171 727
23 88
597 642
58 795
12 13
87 185
185 206
181 849
772 946
214 742
182 790
340 456
44 489
260 803
3 5
43 973
306 627
78 385
280 701
437 980
516 784
97 416
190 545
35 68
513 673
329 751
165 367
140 684
159 882
534 689
658 791
39 172
493 836
501 546
745 783
144 681
421 439
625 948
193 487
271 552
572 954
577 991
44 195
307 397
371 924
291 662
9 18
4 216
21 30
2 28
362 498
38 70
23 31
53 63
665 970
189 510
360 414
460 548
148 553
471 647
40 130
39 893
840 950
78 86
134 309
572 628
132 243
530 659
79 563
605 987
448 941
21 807
47 204
598 885
25 42
493 738
816 875
113 381
31 917
463 632
223 495
164 199
180 186
349 633
16 166
646 942
583 985
251 648
146 193
119 559
344 534
173 811
15 589
124 474
300 706
225 618
20 421
295 364
309 376
701 872
453 794
339 591
28 109
519 621
150 338
68 256
297 496
584 883
416 492
183 286
226 835
228 261
107 201
137 631
74 154
31 73
34 183
173 614
213 334
491 762
144 344
29 94
106 564
387 705
162 332
148 423
39 707
48 78
673 921
103 852
419 694
146 182
16 21
180 275
296 800
537 561
6 106
17 36
148 460
553 912
257 468
149 294
771 865
378 759
42 187
57 71
337 443
705 899
13 486
460 608
203 870
24 50
137 356
371 812
412 583
44 740
416 886
232 254
1 92
195 665
672 763
777 810
585 823
97 142
59 435
52 438
756 930
738 981
40 390
168 179
12 23
69 131
380 678
71 163
245 370
403 690
76 145
401 955
560 622
344 405
107 330
29 549
2 11
6 20
194 654
862 895
445 686
340 412
55 319
435 776
274 464
36 217
253 521
54 64
15 43
112 115
245 272
270 889
95 503
141 394
87 577
580 725
705 891
81 429
263 983
59 258
324 825
46 175
99 353
92 267
849 897
520 841
448 760
13 29
59 361
50 244
149 354
185 276
30 208
115 387
533 537
42 162
360 457
347 584
492 656
70 304
667 818
155 643
21 721
131 240
326 626
371 745
725 734
218 652
348 366
300 532
517 569
298 796
210 820
782 805
89 679
615 945
174 472
196 384
728 747
104 972
451 529
594 667
70 128
422 453
