100 2694
1 2
1 3
2 3
2 4
3 4
1 4
3 5
4 5
1 5
5 6
3 6
1 6
2 6
1 7
6 7
3 7
2 8
5 8
4 8
6 8
1 9
6 9
8 9
4 9
5 9
3 9
2 9
2 10
1 11
6 11
5 11
2 11
8 11
9 11
3 11
4 11
7 11
10 11
10 12
2 12
11 12
9 12
4 12
5 12
8 12
7 12
1 12
3 12
2 13
9 13
12 13
4 13
8 13
12 14
1 15
10 15
7 15
11 15
8 15
5 15
3 15
4 15
9 15
6 15
13 15
2 15
13 16
3 17
11 17
15 17
13 17
2 17
7 17
8 17
10 17
1 17
9 17
5 17
12 17
6 17
14 17
16 17
4 17
2 18
5 18
3 18
17 18
14 18
13 18
8 18
6 18
7 18
12 18
15 18
16 18
11 18
4 18
1 18
10 18
9 18
12 19
14 19
3 19
6 19
16 19
8 19
15 19
17 19
4 19
2 19
11 19
5 19
10 19
18 19
13 19
9 19
7 19
12 20
1 20
2 20
8 20
5 20
7 20
15 20
6 20
9 20
18 20
16 20
19 20
10 20
17 20
3 20
11 20
14 20
4 20
15 21
7 21
13 21
19 21
10 21
5 21
16 21
17 21
8 21
9 21
6 21
4 21
14 21
20 21
3 21
1 21
12 21
8 22
21 22
2 22
9 22
16 22
11 22
5 22
6 22
17 22
19 22
13 22
4 22
10 22
20 22
7 22
1 22
13 23
20 23
9 23
19 23
8 23
19 24
5 24
6 24
13 24
2 24
8 24
20 24
4 24
10 24
17 24
12 24
16 24
15 24
18 24
22 24
23 24
7 24
11 24
21 24
3 24
1 25
16 25
13 25
8 25
20 25
14 25
21 25
10 25
22 25
6 25
11 25
7 26
6 26
3 26
17 26
19 26
2 26
5 26
9 26
14 26
23 26
24 27
5 27
8 28
11 28
17 29
12 29
15 29
13 29
22 29
7 29
11 29
19 29
5 29
16 29
21 29
20 29
18 29
23 29
8 29
26 29
10 29
14 29
28 29
27 29
6 29
9 29
25 29
2 29
23 30
29 31
11 31
30 31
10 31
5 31
9 31
24 31
12 31
3 31
18 31
17 31
7 31
14 31
28 31
8 31
26 31
1 31
23 31
4 31
25 31
13 31
19 31
22 31
15 31
6 31
27 31
15 32
28 32
8 32
16 32
18 32
9 32
31 32
11 32
24 32
14 32
19 32
30 32
1 32
4 32
2 32
12 32
5 32
17 32
29 32
23 32
3 32
7 32
27 32
26 32
12 33
8 33
32 33
28 33
7 33
30 33
7 34
32 34
20 34
1 34
17 34
5 34
21 34
8 34
18 34
6 34
27 34
15 34
4 34
11 34
33 34
9 34
26 34
23 34
16 34
28 34
13 34
24 34
30 34
22 34
31 34
11 35
15 35
27 35
22 35
4 35
34 36
1 36
13 36
14 36
11 36
31 36
19 36
15 36
2 36
24 36
23 36
6 36
25 37
16 37
34 37
30 37
20 37
10 37
18 37
31 37
15 37
13 37
7 38
12 38
34 38
11 38
30 38
32 38
27 38
15 38
22 38
19 38
17 38
2 38
35 38
1 38
28 38
4 38
28 39
8 39
10 39
1 39
2 39
24 39
16 39
21 39
13 39
14 39
9 39
4 39
25 39
7 39
33 39
24 40
38 40
11 40
25 40
36 40
21 40
4 40
8 40
34 40
7 40
26 40
35 40
20 40
3 40
32 40
22 40
12 40
19 40
30 40
9 40
13 40
15 40
33 40
6 40
39 41
21 41
36 41
27 41
14 41
4 41
28 41
16 41
6 41
1 41
38 41
26 41
35 41
13 41
30 41
9 41
20 41
33 41
15 41
34 41
32 41
40 41
12 41
37 41
7 41
23 41
17 41
31 41
24 41
8 41
11 41
22 41
5 41
29 41
18 42
20 42
3 42
8 42
29 42
33 42
15 42
39 42
36 42
7 42
26 42
11 42
41 42
30 42
28 42
2 42
1 42
19 42
34 42
32 42
35 42
13 42
6 42
17 42
21 42
31 42
5 42
14 42
12 42
9 42
22 42
24 42
38 42
23 42
40 42
30 43
33 43
39 43
8 43
13 43
37 43
36 43
6 43
31 43
29 43
34 43
28 43
40 43
3 43
14 43
4 43
35 43
32 43
21 43
9 43
42 43
20 43
22 43
2 43
12 43
10 43
24 43
5 43
23 44
22 44
38 44
17 44
31 44
1 44
6 44
13 44
32 44
41 44
8 44
11 44
7 44
30 44
19 44
34 44
2 44
12 44
27 44
40 44
3 44
20 44
25 44
10 44
28 44
36 44
43 44
4 44
33 44
15 44
3 45
40 45
34 45
29 45
44 45
2 45
30 45
31 45
39 45
19 45
32 45
28 45
27 45
10 45
15 45
36 45
21 45
24 45
4 45
26 45
8 45
41 45
25 45
43 45
16 45
13 45
6 45
33 45
11 45
14 45
38 45
1 45
18 45
37 45
9 45
17 45
29 46
38 46
40 46
19 46
26 46
9 46
28 46
20 47
26 47
27 47
40 47
28 47
19 47
41 47
32 47
37 47
30 47
18 47
25 47
3 47
38 47
17 47
5 47
43 47
44 47
45 47
39 47
13 47
15 47
22 47
32 48
19 48
9 48
12 48
35 48
29 48
30 48
39 48
46 48
44 48
8 48
27 48
16 48
33 48
15 48
20 48
3 48
38 48
26 48
41 48
37 48
1 48
13 48
17 48
22 48
24 48
11 48
10 48
4 48
28 48
42 48
45 48
7 48
23 48
47 48
25 48
14 48
43 48
47 49
38 49
43 49
26 49
44 49
4 49
33 50
5 50
11 50
7 50
16 50
6 50
2 50
43 50
4 50
1 50
25 50
35 50
27 50
45 50
15 50
17 50
39 50
38 50
10 50
31 50
40 50
21 50
36 50
44 50
26 50
37 50
29 50
41 50
3 50
13 50
14 50
49 50
23 50
28 50
13 51
41 51
48 51
10 51
45 51
26 51
9 51
50 51
40 51
3 51
36 51
2 51
29 51
44 51
37 51
30 51
5 51
8 51
16 51
43 51
46 51
17 51
47 52
15 52
50 52
3 52
8 52
38 52
42 52
43 52
39 52
27 52
20 52
23 52
51 52
49 52
5 52
6 52
24 52
35 52
41 52
48 52
25 52
26 52
7 52
16 52
34 52
22 52
36 52
12 52
5 53
47 53
24 53
27 53
9 53
43 53
52 53
10 53
38 53
22 53
52 54
32 54
46 54
3 54
9 54
30 54
1 55
15 56
48 56
35 56
44 56
42 56
6 56
49 56
7 56
16 56
47 56
32 56
53 56
52 56
25 56
34 56
11 57
37 57
49 57
51 57
24 57
8 57
55 57
19 57
21 57
18 57
16 57
52 57
1 57
10 57
35 57
6 57
36 57
32 57
30 57
14 57
27 57
28 57
56 57
17 57
26 57
54 57
40 57
33 57
42 57
29 57
23 57
13 57
22 57
5 57
45 57
3 57
31 57
4 57
41 58
36 58
7 58
10 58
4 58
50 58
32 58
2 58
19 58
30 58
17 58
31 58
37 58
6 58
55 58
20 58
49 58
35 59
22 59
5 59
45 59
2 59
36 59
51 59
3 59
25 60
23 61
30 61
55 61
5 61
15 61
45 61
49 61
16 61
46 61
42 61
40 61
44 61
41 61
24 61
28 61
6 61
56 61
50 61
10 61
11 61
7 61
60 61
26 61
32 61
48 61
21 61
57 61
12 61
20 61
52 61
27 61
9 61
13 61
18 61
1 61
34 61
25 61
37 61
38 61
53 61
4 61
17 61
47 61
39 61
54 61
8 61
59 61
22 61
31 61
19 61
43 61
33 61
29 61
14 61
59 62
18 62
9 62
52 62
49 62
26 62
24 62
45 62
7 62
11 62
25 62
3 62
17 62
22 62
34 62
28 62
6 62
12 62
58 62
55 62
39 62
33 62
32 62
51 62
37 62
57 62
35 62
23 62
56 62
8 62
43 62
4 62
16 62
31 62
38 62
36 62
42 62
14 62
60 62
2 62
19 62
46 62
10 62
5 62
53 62
61 62
50 62
1 62
44 62
47 62
30 62
13 62
48 62
34 63
24 63
37 63
52 63
46 63
48 63
6 63
23 63
31 63
30 63
16 63
51 63
3 63
38 63
57 63
14 63
18 63
41 63
45 63
15 63
42 63
54 63
26 63
60 63
19 63
35 64
41 64
27 64
17 64
14 64
3 64
36 64
24 64
15 64
9 64
20 64
63 64
57 64
1 64
13 64
16 64
53 64
61 64
54 64
8 64
32 64
7 64
42 64
39 64
59 64
62 64
6 64
50 64
55 64
12 65
42 65
44 65
16 65
3 65
30 65
9 65
54 65
63 65
7 65
5 65
53 65
49 65
36 65
4 65
27 65
61 65
40 65
51 65
8 65
32 65
29 65
17 65
34 65
59 65
24 65
55 65
35 65
56 65
33 65
26 65
45 65
58 65
46 65
14 65
39 65
38 65
43 65
28 65
11 65
64 65
57 65
20 65
62 65
41 65
37 65
15 65
22 65
2 65
25 65
48 65
50 65
60 65
21 65
47 65
1 65
31 65
52 65
19 65
1 66
2 66
62 66
12 66
4 66
40 66
41 66
37 66
36 66
50 66
58 66
57 66
23 66
30 66
16 66
56 66
60 66
59 66
24 66
45 66
33 66
64 66
22 66
54 66
46 66
8 66
65 66
20 66
38 66
9 66
26 66
10 66
64 67
37 67
63 67
6 67
59 67
65 67
36 67
24 67
53 67
20 67
22 67
17 67
23 67
11 67
56 67
2 67
35 67
3 67
30 67
54 67
50 67
9 67
62 67
51 67
41 67
33 67
26 67
25 67
57 67
7 67
14 67
54 68
46 68
11 68
60 68
26 68
35 68
12 68
31 68
45 68
28 68
51 68
48 68
14 68
21 68
17 68
34 68
23 68
47 69
1 69
20 70
40 70
9 70
8 70
38 70
66 70
10 70
1 70
37 70
2 70
56 70
55 70
17 70
52 70
23 70
15 70
42 71
51 71
57 71
11 71
8 71
28 71
55 71
31 71
50 71
5 71
66 71
65 71
58 71
45 71
56 71
17 71
52 71
44 71
39 71
61 71
15 71
64 71
54 71
9 71
43 71
23 71
24 71
48 71
34 71
49 71
10 71
12 71
7 71
38 71
21 71
41 71
14 71
69 71
63 71
40 71
29 71
32 71
25 71
19 71
68 71
46 71
35 71
18 71
70 71
48 72
33 72
30 72
19 72
12 72
42 72
13 72
7 72
15 72
20 72
39 72
28 72
3 72
71 72
4 72
36 72
46 72
60 72
66 72
49 72
17 72
18 72
23 72
47 72
31 72
69 72
34 72
29 72
37 72
8 72
10 72
45 72
51 72
27 72
32 72
26 72
1 72
68 72
13 73
21 73
72 73
62 73
66 73
16 73
46 73
26 73
6 73
22 73
23 73
70 73
37 73
40 73
61 73
55 73
33 73
67 73
7 73
28 73
68 73
9 73
29 73
52 73
69 74
25 74
27 74
67 74
3 74
42 74
49 74
59 74
57 74
4 74
71 74
6 74
29 74
60 74
24 74
72 74
44 74
37 74
11 74
55 74
31 74
53 74
17 74
32 74
66 74
65 74
21 74
41 74
8 74
5 74
20 74
39 74
50 74
2 74
26 74
33 74
15 74
1 75
60 75
2 75
32 75
14 75
71 75
63 75
13 75
48 75
46 75
24 75
70 75
47 75
58 75
4 75
21 75
27 75
33 75
55 75
23 75
65 75
43 75
5 75
35 75
30 75
40 75
68 75
61 75
37 75
3 75
26 75
9 75
53 75
12 75
66 75
34 75
7 75
31 75
62 75
38 75
44 75
29 75
50 75
11 75
15 75
67 75
51 75
45 75
52 75
16 75
42 75
6 75
74 75
64 75
59 75
17 75
56 75
54 75
69 75
72 75
73 75
22 75
57 75
20 75
52 76
16 76
9 76
20 76
70 76
19 76
10 76
45 76
58 76
21 76
5 76
11 76
26 76
39 76
43 76
2 76
27 76
40 76
72 76
74 76
18 76
69 76
60 76
1 76
14 76
42 76
75 76
15 76
37 76
62 76
22 76
41 76
33 76
68 76
61 76
66 76
36 76
65 76
67 76
44 76
49 76
56 76
12 76
35 76
24 76
50 76
54 76
53 76
28 76
25 76
38 76
7 76
46 76
29 76
13 76
73 76
48 76
55 76
34 76
64 76
31 76
57 76
8 76
6 76
32 76
71 76
47 76
30 76
50 77
59 77
7 77
30 77
26 77
1 78
17 78
35 78
60 78
73 78
55 78
34 78
11 78
36 78
27 78
65 78
40 78
48 78
68 78
38 78
15 78
28 78
74 78
53 78
31 78
66 78
56 78
10 78
13 78
26 78
25 78
42 78
6 78
18 78
29 78
24 78
49 78
54 78
43 78
72 78
7 78
46 78
41 78
23 78
14 78
30 78
69 78
59 78
71 78
5 78
64 78
4 78
19 78
51 78
16 78
45 78
63 78
37 78
62 78
21 78
12 78
75 78
57 78
67 78
44 78
22 78
20 78
76 78
58 78
33 78
52 78
70 78
9 78
39 78
32 78
2 78
10 79
32 79
35 79
28 79
45 79
65 79
75 79
53 79
37 79
77 79
29 79
57 79
9 79
40 79
44 79
54 79
58 79
31 79
20 79
62 79
36 79
15 79
66 79
61 79
72 79
6 79
78 79
76 79
25 79
59 79
13 79
69 79
23 79
18 79
46 79
49 79
42 79
2 79
34 79
26 79
51 79
11 79
73 79
38 79
56 79
33 79
55 79
1 79
22 79
67 79
7 79
3 79
48 79
43 79
30 79
47 79
14 79
5 79
24 79
50 79
70 80
3 80
68 80
8 80
50 80
25 80
42 80
32 80
21 80
56 80
67 80
37 80
52 80
24 80
60 80
20 80
40 80
57 80
66 80
18 80
78 80
17 80
65 80
74 80
14 80
31 80
35 80
7 80
41 80
5 80
46 80
49 80
36 80
76 80
72 80
58 80
43 80
10 80
73 80
2 80
47 80
33 80
53 80
62 80
79 80
30 80
23 80
64 80
61 80
39 80
19 80
15 80
44 80
59 80
76 81
14 81
50 81
54 81
25 81
67 81
61 81
18 81
34 81
33 81
47 81
13 81
80 81
56 81
75 81
4 81
63 81
73 81
53 81
9 81
8 81
4 82
32 82
39 82
45 82
73 82
41 82
59 82
64 82
26 82
42 82
60 82
55 82
38 82
31 82
23 82
29 82
65 82
47 82
69 82
51 82
56 82
50 83
55 83
21 83
80 83
31 83
35 83
38 83
36 83
29 83
79 83
43 83
72 83
4 83
63 83
65 83
54 83
46 83
64 83
11 83
24 83
18 83
67 83
44 83
17 83
56 83
19 83
16 83
74 83
30 83
71 83
39 83
69 83
9 83
76 83
27 83
25 83
12 83
47 83
8 83
53 83
48 83
59 83
10 83
82 83
49 83
68 83
78 83
37 83
3 83
22 83
61 83
13 83
70 83
73 83
14 83
1 83
37 84
43 84
23 84
77 84
11 84
49 84
71 84
68 84
24 84
14 84
10 84
81 84
76 84
19 84
67 84
38 84
70 84
60 84
9 84
55 84
72 84
16 84
54 84
52 84
79 84
1 84
15 84
4 84
65 84
56 84
48 84
6 84
62 84
82 84
59 84
36 84
41 84
58 84
21 84
78 84
5 84
17 84
27 84
18 84
13 84
39 84
7 84
69 84
42 84
44 84
51 84
34 84
75 84
35 84
12 84
3 84
80 84
30 84
33 84
50 84
53 84
57 84
42 85
54 85
71 85
73 85
35 85
70 85
4 85
22 85
16 85
41 85
63 85
30 85
67 85
43 85
75 85
84 85
11 85
78 85
19 85
79 85
48 85
72 85
21 85
47 85
9 85
6 85
56 85
23 85
62 85
44 85
1 85
64 85
2 85
31 85
76 85
49 85
33 85
53 85
18 85
14 85
55 85
77 85
3 85
25 85
69 85
37 85
45 85
27 85
20 85
15 85
34 85
83 85
68 85
59 85
46 85
29 85
24 85
38 85
66 85
40 85
7 85
50 85
82 85
10 85
39 85
65 85
13 85
51 85
57 85
81 85
74 85
8 85
80 85
52 85
17 85
32 85
28 85
5 85
36 85
61 85
23 86
55 86
45 86
21 86
65 86
12 86
62 86
20 86
59 86
34 86
30 86
8 86
3 86
17 86
6 86
73 86
58 86
68 86
26 86
33 86
56 86
74 86
67 86
19 86
16 86
75 86
22 86
24 86
41 86
49 86
10 86
35 86
29 86
81 86
48 86
40 86
54 86
2 86
60 86
44 86
13 86
27 86
47 86
61 86
57 86
1 86
42 86
39 86
79 86
78 86
84 86
53 86
7 86
4 86
55 87
40 87
15 87
79 87
38 87
73 87
5 87
20 87
81 87
39 87
75 87
33 87
54 87
23 87
52 87
72 87
3 87
6 87
77 87
42 87
31 87
41 87
84 87
61 87
46 87
35 87
48 87
86 87
65 87
25 87
17 87
28 87
14 87
37 87
74 87
57 87
11 87
60 87
21 87
2 87
66 87
45 87
18 87
43 87
58 87
34 87
29 87
44 87
69 87
30 87
1 87
83 87
68 87
56 87
32 87
70 87
63 87
12 87
9 87
59 87
62 87
4 87
53 87
16 87
27 87
80 87
82 87
13 87
22 87
76 87
19 87
36 87
7 87
49 87
64 87
2 88
32 88
38 88
12 88
43 88
15 88
62 88
6 88
71 88
73 88
30 88
56 88
41 88
55 88
23 88
34 88
87 88
67 88
78 88
39 88
68 88
42 88
54 88
45 88
28 88
36 88
27 88
20 88
65 88
60 88
63 88
26 88
29 88
50 88
79 88
14 88
51 88
48 88
84 88
52 88
66 88
3 88
86 88
9 88
25 88
53 88
76 88
7 88
5 88
10 88
80 88
37 88
49 88
46 88
82 88
40 88
35 88
58 88
1 88
8 88
4 88
70 88
18 88
61 88
81 88
11 88
64 88
74 88
83 88
16 88
77 88
76 89
41 89
7 89
60 89
5 89
57 89
22 89
33 89
12 89
37 89
31 89
16 89
68 89
81 89
80 89
58 89
34 89
13 89
54 89
87 89
24 89
2 89
52 89
27 89
3 89
74 90
84 90
9 90
79 90
29 90
15 90
26 90
12 90
24 90
39 90
43 90
63 90
36 90
3 90
73 90
82 90
53 90
64 90
35 90
4 90
81 90
37 90
50 90
67 90
45 90
76 90
2 90
11 90
41 90
42 90
85 90
56 90
46 90
22 90
30 90
38 90
7 90
57 90
47 90
69 90
16 90
62 90
27 90
31 90
33 90
77 90
58 90
40 90
1 90
10 90
61 90
54 90
13 90
59 90
51 90
6 90
52 90
17 90
18 90
25 90
70 90
21 90
5 90
68 90
86 90
34 90
64 91
54 91
63 91
12 91
6 91
79 91
23 91
13 91
11 91
17 91
14 91
77 91
33 91
84 91
75 91
72 91
46 91
18 91
65 91
22 91
52 91
21 91
51 91
2 91
58 91
48 91
73 91
90 91
50 91
70 91
47 91
78 91
81 91
74 91
66 91
5 91
62 91
67 91
7 91
24 91
82 91
42 91
57 91
10 91
59 91
55 91
76 91
28 91
37 91
16 91
34 91
88 91
35 91
38 91
27 91
53 91
31 91
3 91
56 91
36 91
64 92
70 92
18 92
78 92
29 92
43 92
91 92
83 92
38 92
9 92
73 92
40 92
11 92
56 92
10 92
22 92
44 92
85 92
88 92
47 92
15 92
25 92
54 92
68 92
32 92
51 92
27 92
36 92
17 92
60 92
49 92
81 92
53 92
89 92
69 92
55 92
71 92
75 92
84 92
59 92
80 92
50 92
62 92
2 92
31 92
82 92
24 92
76 92
63 92
8 92
30 92
28 92
65 92
77 92
67 92
16 92
6 92
33 92
46 92
35 92
48 92
42 92
3 92
20 92
34 92
74 92
23 92
7 92
45 92
66 92
58 92
57 92
1 93
84 93
51 93
23 93
56 93
11 93
77 93
83 93
35 93
31 93
9 93
49 93
17 93
37 93
22 93
29 93
62 93
64 93
53 93
92 93
52 93
61 93
12 93
6 93
73 93
86 93
90 93
14 93
47 93
54 93
2 93
75 93
70 93
81 93
44 93
63 93
15 93
82 93
13 93
74 93
87 93
19 93
16 93
66 93
65 93
38 93
30 93
26 93
8 93
55 93
20 93
24 93
34 93
68 93
58 93
45 93
43 93
33 93
3 93
32 93
78 93
85 93
60 93
46 93
36 93
28 93
50 93
48 93
80 93
39 93
91 93
18 93
25 93
10 93
27 94
75 94
35 94
69 94
37 94
65 94
89 94
93 94
28 94
83 94
11 94
38 94
19 94
51 94
41 94
33 94
39 94
68 94
18 94
53 94
12 94
92 94
1 94
43 94
52 94
30 94
15 94
81 94
9 94
79 94
66 94
17 94
85 94
57 94
49 94
22 94
88 94
32 94
54 94
56 94
23 94
42 95
47 95
72 95
63 95
87 95
67 95
29 95
86 95
31 95
46 95
91 95
70 95
20 95
73 95
34 95
26 95
6 95
35 95
92 95
14 95
93 95
38 95
75 95
76 95
4 95
45 95
36 95
10 95
53 95
11 95
81 95
41 95
71 95
66 95
51 95
69 95
56 95
19 95
17 95
65 95
68 95
3 95
88 95
49 95
79 95
90 95
12 95
83 95
84 95
61 95
33 95
2 95
85 95
82 95
1 95
21 95
54 95
48 95
43 95
74 95
25 95
58 95
37 95
8 95
39 95
60 95
59 95
28 95
89 95
32 95
64 95
24 95
44 95
52 95
7 95
18 95
94 95
50 95
15 95
77 95
57 95
40 95
27 95
80 95
22 95
55 95
30 95
13 95
5 95
16 95
9 95
23 95
78 95
62 95
22 96
48 96
93 96
37 96
95 96
91 96
64 96
75 96
54 96
51 96
8 96
6 96
11 96
16 96
10 96
28 96
81 96
43 96
13 96
42 96
56 96
53 96
34 97
55 97
61 97
32 97
51 97
7 97
28 97
42 97
5 97
54 97
11 97
74 97
56 97
79 97
29 97
94 97
62 97
66 97
14 97
89 97
92 97
44 97
85 97
82 97
71 97
37 97
19 97
1 97
63 97
48 97
45 97
49 97
47 97
80 97
78 97
96 97
36 97
20 97
10 97
23 97
3 97
17 97
4 97
83 97
30 97
45 98
26 98
77 98
22 98
70 98
78 98
53 98
48 98
2 98
61 98
16 98
46 98
73 98
55 98
31 98
6 98
85 98
24 98
41 98
47 98
30 98
65 98
94 98
90 98
13 98
39 98
19 98
64 98
52 98
12 98
57 98
8 98
81 98
5 98
97 98
75 98
10 98
68 98
34 98
36 98
66 98
38 98
76 98
60 98
96 98
62 98
37 98
15 98
87 98
9 98
93 98
23 98
11 98
7 98
32 98
27 98
83 98
59 98
86 98
74 98
54 98
18 98
21 98
25 98
71 98
89 98
17 98
49 98
67 98
35 98
14 98
79 98
1 98
4 98
3 98
42 98
50 98
82 98
58 98
95 98
20 98
92 98
51 98
91 98
80 98
40 98
63 98
88 98
72 98
84 98
44 98
28 98
43 98
33 98
69 98
29 98
56 98
6 99
76 99
19 99
84 99
68 99
5 99
89 99
81 99
65 99
74 99
35 99
20 99
10 99
28 99
64 99
23 99
56 99
78 99
48 99
95 99
40 99
62 99
2 99
15 99
44 99
91 99
86 99
41 99
50 99
53 99
80 100
46 100
82 100
35 100
20 100
50 100
75 100
22 100
99 100
19 100
51 100
10 100
38 100
96 100
6 100
8 100
43 100
