100 3293
67 82
8 87
82 86
4 17
15 76
71 92
78 88
29 36
17 81
23 34
1 5
27 61
17 46
10 45
32 81
53 62
9 23
27 57
13 52
15 75
33 40
12 28
2 78
48 82
10 32
42 89
17 59
49 63
7 17
18 76
39 96
83 97
5 34
31 63
8 22
48 76
12 78
29 70
27 62
40 99
46 61
17 86
23 53
23 73
7 8
39 49
31 82
11 56
29 76
2 34
24 34
7 23
48 86
19 36
9 70
28 64
77 96
31 66
25 40
2 28
33 65
32 69
33 60
71 75
36 100
30 91
60 87
17 29
13 82
26 31
27 44
24 66
5 95
7 22
79 83
10 89
5 54
79 86
50 90
14 60
10 19
34 71
1 78
35 50
61 76
5 98
13 20
11 60
25 56
4 19
22 32
18 25
59 64
11 50
12 62
40 97
24 73
13 53
31 32
65 69
73 89
30 39
19 26
28 80
32 38
60 64
63 69
52 70
13 100
15 96
58 96
12 70
89 91
11 31
33 52
18 27
78 80
9 53
23 40
18 85
19 95
23 39
24 37
48 62
28 36
4 31
9 75
32 41
50 52
25 69
38 69
17 52
53 59
8 46
35 41
16 37
81 85
6 89
27 55
87 97
13 36
58 69
38 78
8 12
23 28
36 50
93 95
9 27
62 81
22 41
27 97
55 58
20 46
70 76
53 97
6 66
3 64
32 33
6 60
3 74
3 42
8 40
7 74
41 95
23 45
34 63
54 92
37 48
79 91
15 17
36 46
35 49
50 64
16 62
25 52
3 34
32 76
21 61
10 56
51 86
35 77
39 45
13 68
25 28
14 49
65 87
25 78
15 74
34 38
3 14
43 66
45 76
48 75
10 31
51 75
6 47
2 45
66 100
21 87
3 29
6 48
6 10
58 89
50 96
2 10
55 78
2 29
6 46
23 54
38 51
1 82
21 33
13 85
22 46
22 31
2 74
1 69
55 74
46 55
49 87
25 29
71 85
15 85
16 18
21 23
9 94
15 29
18 49
72 76
55 76
11 29
15 23
26 90
60 66
27 86
35 63
48 83
24 54
6 27
16 57
23 38
20 64
10 11
61 70
23 56
33 37
17 78
19 85
20 61
1 90
27 39
66 96
50 56
20 76
20 89
80 97
14 19
16 68
19 90
18 31
16 28
86 91
90 100
14 27
76 78
46 74
69 75
2 97
14 66
19 47
61 97
14 15
82 87
28 62
1 56
68 97
22 52
48 97
17 42
35 96
86 87
36 58
3 52
42 73
24 49
20 58
38 39
3 50
74 97
8 11
45 77
34 65
14 48
75 82
29 43
3 31
7 51
84 96
39 60
36 54
6 19
60 61
50 87
18 34
18 46
40 43
12 43
38 54
58 91
36 59
35 95
11 89
54 97
2 46
42 72
78 81
4 22
55 61
32 55
41 76
4 6
14 70
83 85
30 54
30 44
32 50
29 40
49 50
8 30
87 89
81 87
17 75
43 97
47 51
26 56
44 62
25 75
34 70
57 59
35 59
46 59
81 100
13 39
39 55
4 51
30 41
50 75
2 40
30 48
76 81
51 59
10 12
46 78
61 91
36 55
18 19
22 60
18 54
3 6
24 78
46 66
17 55
6 20
28 92
18 48
33 85
6 85
37 69
30 46
59 100
15 87
35 90
75 78
4 54
13 78
77 78
8 52
22 97
41 81
29 30
32 74
44 55
27 54
30 63
77 85
24 33
28 75
3 24
10 43
27 83
5 100
32 60
15 47
25 46
62 82
6 22
25 57
46 100
41 86
39 90
36 86
81 97
18 42
42 98
40 46
31 96
68 79
9 13
18 32
65 78
66 77
48 85
69 73
45 66
73 76
41 59
18 82
3 21
84 87
70 97
30 89
43 95
11 37
6 33
68 77
27 34
7 75
23 89
79 89
80 81
12 24
45 86
1 62
29 57
24 46
39 69
30 36
49 59
66 85
13 42
5 78
14 85
37 61
9 62
20 78
50 66
9 31
31 38
27 85
36 64
12 82
6 55
28 46
38 45
44 82
14 52
1 29
4 39
63 93
45 57
4 63
4 29
39 82
21 50
16 32
5 39
5 85
62 76
7 47
55 77
25 36
33 54
51 97
5 72
20 60
3 99
15 38
29 32
20 33
41 53
12 95
36 73
46 97
24 42
60 73
79 97
40 74
88 92
74 75
9 25
50 76
6 24
26 62
54 76
2 42
18 97
10 76
2 33
20 25
54 77
10 78
75 91
14 40
67 81
43 45
16 50
4 12
6 43
39 54
34 52
27 49
25 86
8 15
3 36
40 85
15 81
67 85
34 77
19 42
80 95
26 36
2 4
36 66
74 86
26 91
20 91
81 88
49 55
48 91
15 33
16 66
38 74
50 86
43 68
37 42
30 43
46 54
1 77
16 74
29 66
16 17
56 78
65 92
16 26
22 76
31 40
7 66
58 73
95 96
47 91
49 66
36 49
46 69
23 76
42 92
6 12
47 99
38 100
54 66
83 91
39 50
8 20
8 43
61 98
18 36
71 82
87 91
74 95
39 85
8 51
58 100
64 87
3 26
4 15
67 97
35 56
40 64
45 85
37 95
14 59
24 28
12 13
52 57
28 73
34 100
49 83
29 78
61 75
54 86
49 74
73 87
2 8
6 21
2 85
9 37
12 34
1 91
2 36
53 95
46 75
19 56
40 55
48 57
69 76
39 41
21 66
14 75
32 92
36 69
23 69
42 75
44 86
15 60
14 62
63 97
71 76
25 32
52 65
27 30
71 74
42 97
53 76
26 46
2 41
62 89
4 46
44 61
23 95
32 57
5 24
43 92
10 95
30 74
37 91
77 90
62 78
32 61
32 43
5 97
3 97
3 37
45 48
72 81
38 41
81 86
9 72
74 100
66 82
1 3
16 23
1 26
6 96
23 50
5 7
18 69
76 93
4 55
31 44
12 22
37 55
20 27
6 100
33 34
7 39
40 63
3 28
28 70
4 27
30 57
52 81
28 38
60 83
30 97
10 18
2 35
89 97
3 49
14 89
17 32
40 44
50 81
13 66
57 81
6 78
21 52
29 52
53 60
37 54
50 69
55 64
86 92
27 35
18 61
2 13
40 82
34 57
16 25
9 36
23 92
5 82
23 46
64 89
7 12
11 91
40 89
20 26
2 100
98 99
56 60
34 91
73 91
14 91
8 37
48 60
71 90
10 91
27 58
28 33
21 73
6 14
58 86
59 76
46 73
5 74
47 69
13 28
36 51
32 37
58 85
6 86
79 82
18 66
31 41
19 78
56 89
4 20
12 90
64 81
63 92
14 54
37 86
24 32
13 40
21 26
1 22
14 76
65 81
4 89
33 43
45 47
67 76
23 91
54 57
2 56
1 96
80 82
25 60
34 37
17 74
61 86
84 92
7 85
84 100
11 85
34 98
42 48
68 74
2 81
20 86
41 50
2 17
47 66
35 82
34 78
59 97
28 30
18 67
24 90
9 17
15 66
33 41
70 78
51 73
59 77
21 97
13 76
2 54
18 96
56 76
23 97
35 87
8 91
13 26
72 93
47 92
32 91
3 90
7 72
7 9
5 60
1 85
52 82
25 99
42 91
78 97
65 75
34 35
9 50
57 86
45 63
6 8
87 93
13 77
58 82
31 49
56 70
42 66
14 57
68 86
9 42
30 60
22 59
66 70
53 81
4 32
5 48
5 37
21 41
1 45
19 40
22 28
13 64
26 78
48 58
32 82
22 92
17 60
32 85
6 74
28 91
9 59
22 87
39 43
41 98
82 96
45 51
5 21
2 49
37 38
75 92
61 74
8 59
13 51
9 34
39 97
59 73
1 15
61 72
1 92
15 34
45 84
59 78
61 85
46 95
57 85
12 21
14 21
47 85
31 90
15 24
44 75
2 9
29 75
9 46
6 45
6 41
17 91
4 45
62 66
20 55
10 71
34 56
14 56
28 67
72 82
74 91
5 33
11 14
6 37
2 22
2 72
22 85
4 69
15 39
52 72
65 80
32 36
48 79
23 42
41 96
21 36
25 47
44 69
31 45
82 89
7 60
49 77
32 56
30 81
59 60
22 63
65 82
31 39
13 29
54 62
7 49
77 92
84 86
13 55
41 87
48 50
10 52
51 74
9 77
68 73
31 57
13 46
31 64
30 70
67 83
71 72
12 64
23 86
72 77
82 92
12 15
5 89
28 95
12 17
10 86
1 11
35 98
59 86
63 64
69 90
2 77
29 38
36 57
27 81
17 64
38 77
27 72
15 62
19 41
85 86
42 83
20 43
20 54
8 41
14 30
12 72
18 91
13 31
43 78
2 12
84 97
16 47
76 85
67 95
7 52
12 89
45 81
82 95
34 62
17 89
51 66
48 59
7 59
4 38
64 96
68 89
36 76
12 54
38 75
5 49
70 87
51 56
29 42
91 95
24 27
20 50
21 25
16 63
45 46
22 51
15 57
35 74
32 39
41 42
14 25
67 90
21 56
51 61
39 91
26 66
10 96
5 27
54 91
1 81
28 50
11 70
60 72
42 52
6 13
6 97
12 56
35 60
47 57
16 92
57 70
14 64
10 24
23 62
97 99
54 99
3 18
24 64
7 86
29 83
3 45
1 13
34 66
58 62
4 37
10 63
43 59
21 62
16 58
10 64
58 95
40 59
56 57
5 30
21 42
44 54
8 72
16 56
18 92
31 87
42 62
40 75
11 35
30 33
52 63
20 87
58 78
21 45
49 56
40 79
6 50
1 33
2 44
39 83
9 41
34 44
14 42
54 82
56 100
21 95
28 52
34 42
33 100
26 87
40 50
81 98
64 78
10 74
23 55
47 61
28 56
30 34
69 96
12 38
6 40
55 59
6 11
21 82
22 25
11 24
31 91
49 82
2 5
53 96
67 89
41 51
16 38
25 42
24 86
47 74
15 50
4 5
26 48
72 75
44 45
36 85
17 38
3 8
36 83
43 74
10 50
6 92
27 63
40 69
37 59
9 66
44 91
47 50
10 59
43 50
2 59
16 48
38 59
7 31
54 70
44 52
65 95
72 92
83 92
42 86
27 45
78 91
51 91
65 91
2 64
19 57
28 72
31 33
51 89
8 24
40 54
28 48
19 49
17 69
1 19
44 78
18 28
19 76
30 53
24 77
14 37
14 35
63 91
12 50
10 51
24 82
40 52
95 97
33 66
22 66
80 100
15 82
17 57
14 33
21 77
11 12
66 98
35 57
10 25
48 64
1 24
14 46
8 18
15 92
45 54
50 57
3 76
9 40
7 10
41 48
2 7
29 61
34 69
2 51
33 97
23 57
32 86
6 72
33 39
65 97
52 78
16 44
24 63
77 82
23 48
70 82
39 46
25 48
70 75
4 16
5 50
24 62
6 56
44 85
18 29
74 85
14 39
41 44
55 96
23 26
13 44
19 32
10 15
96 100
10 77
47 56
1 95
20 77
6 34
48 52
28 41
28 63
26 34
7 97
42 94
4 60
12 29
57 78
5 64
13 54
38 91
18 39
29 74
3 10
66 86
25 97
16 59
69 78
64 76
7 73
26 43
6 42
15 48
37 40
23 41
10 97
37 89
40 60
69 92
43 67
10 21
17 21
56 61
58 74
47 64
30 76
3 83
43 44
82 83
17 27
6 52
19 20
3 51
20 56
34 75
91 96
3 61
28 83
49 76
26 77
12 83
11 45
9 76
40 49
10 34
7 14
18 37
5 32
35 43
60 100
40 76
60 82
30 61
27 64
17 28
56 82
12 23
19 64
37 85
23 78
33 87
1 2
4 43
51 60
57 69
28 58
78 99
1 43
80 96
8 35
23 60
70 89
22 91
53 72
7 34
25 41
10 39
43 56
55 56
6 26
75 87
4 24
44 100
3 46
24 38
7 76
14 92
53 70
18 40
1 60
84 85
19 75
50 74
21 29
23 37
4 62
48 51
27 33
86 97
9 30
15 26
30 85
61 81
18 23
6 54
12 41
16 78
53 82
2 30
57 87
49 64
31 77
57 92
43 64
46 86
21 81
15 28
8 78
29 31
8 13
11 54
3 100
3 47
16 52
6 25
25 37
2 76
2 23
43 82
2 86
17 82
39 78
28 69
39 59
58 75
20 31
22 81
39 64
46 62
9 78
26 84
3 48
18 83
12 76
54 95
17 41
20 34
26 63
15 69
58 64
49 91
1 97
71 81
18 64
38 98
38 82
66 74
20 44
38 47
29 41
14 28
26 51
23 33
39 86
28 90
44 72
64 90
5 11
67 69
42 70
15 56
26 61
35 76
64 74
52 96
77 98
56 74
7 82
17 95
2 39
34 43
49 78
51 76
3 55
56 90
1 17
36 56
78 89
37 77
21 44
22 38
90 97
16 22
30 75
57 75
34 72
58 87
17 56
21 34
35 52
15 42
31 58
42 51
39 89
26 81
12 31
12 49
16 69
10 42
27 51
53 92
76 86
30 95
11 19
4 56
8 17
69 99
43 61
18 62
24 31
86 94
68 82
80 85
37 96
57 64
47 55
8 60
7 56
58 65
18 75
55 57
19 33
45 52
12 14
15 22
58 83
73 85
4 86
12 45
87 92
10 46
29 92
63 76
59 91
1 27
2 70
20 82
4 7
3 78
4 25
5 92
46 64
10 75
13 56
1 6
32 70
55 75
81 95
16 33
5 40
12 100
28 86
21 32
18 26
25 87
1 52
6 49
37 51
27 66
3 17
5 36
5 76
23 29
1 39
38 49
67 86
41 99
23 77
13 95
51 57
21 85
8 95
13 32
24 51
43 75
28 59
19 46
7 57
59 88
37 49
9 69
14 38
25 38
24 69
58 59
5 13
60 62
2 6
35 91
50 51
72 85
23 32
7 55
24 70
16 31
70 96
14 22
13 38
24 44
35 69
3 33
18 60
7 91
19 96
52 69
56 86
67 87
68 83
7 89
36 60
13 74
52 73
13 86
7 26
35 44
51 92
47 78
75 94
27 46
12 63
70 81
41 91
5 66
31 70
21 75
1 23
59 98
41 82
46 60
21 78
25 64
18 24
43 76
21 76
24 61
2 52
32 45
63 86
40 66
2 19
16 55
24 76
30 51
66 78
13 33
63 77
50 55
26 95
48 78
25 55
15 20
9 38
27 31
19 66
52 98
43 51
33 91
61 90
5 14
5 58
62 75
66 84
47 60
50 100
18 41
73 86
38 66
34 54
19 73
8 26
62 85
18 74
46 50
18 52
69 81
33 42
6 9
22 23
56 77
44 83
26 75
2 47
39 48
33 62
26 57
38 42
12 73
29 39
14 100
42 69
69 83
2 63
90 99
66 88
13 97
17 23
19 83
30 78
29 49
22 56
41 63
76 96
53 91
58 76
41 74
8 44
20 63
37 92
31 74
3 82
12 66
39 70
9 100
5 69
58 60
33 89
21 92
80 91
42 57
49 70
38 90
27 90
42 84
23 59
22 48
61 66
30 62
15 31
92 97
40 91
13 43
55 72
2 94
27 40
45 69
22 45
60 78
40 48
66 91
75 86
39 92
45 55
16 54
70 90
1 75
15 59
41 65
47 72
65 76
5 28
29 33
34 74
37 75
57 82
15 44
31 76
28 87
23 90
7 81
29 64
1 36
31 43
17 26
41 66
11 34
52 86
24 56
44 96
27 78
27 89
40 78
37 78
15 19
57 63
38 94
18 21
14 55
15 71
43 81
21 31
12 39
7 25
27 48
39 57
9 85
14 29
62 69
43 85
7 15
44 99
13 60
31 52
85 89
53 78
45 78
55 86
36 42
16 89
18 63
17 97
6 90
11 32
37 88
3 11
75 96
35 38
2 26
2 62
59 74
60 92
32 40
58 66
47 95
27 36
5 38
31 60
26 89
13 18
60 75
10 57
30 66
78 86
46 91
74 78
57 79
79 87
55 91
25 77
72 96
8 50
10 93
30 64
94 96
21 43
67 98
7 18
5 20
47 89
45 90
45 72
11 36
53 86
32 46
1 50
10 17
11 20
2 91
54 81
25 96
26 30
26 73
36 70
66 75
33 63
55 66
51 96
53 85
62 91
28 76
45 74
8 64
35 47
34 82
65 89
73 96
3 25
27 50
46 89
3 86
48 92
9 82
99 100
9 49
36 87
10 61
47 87
43 62
13 37
31 46
73 74
49 81
5 26
30 50
44 97
19 71
29 63
57 62
16 45
5 44
42 85
17 85
7 20
26 29
3 81
9 86
11 80
6 38
17 43
12 60
24 60
66 69
7 64
40 57
6 57
82 100
1 34
35 64
8 75
84 90
3 20
31 34
8 69
84 91
38 86
39 44
21 40
38 40
31 81
11 30
14 74
59 92
49 60
42 61
20 59
74 77
11 40
33 51
42 100
15 30
5 91
21 68
51 85
11 74
36 52
35 97
57 96
49 75
45 56
17 53
41 46
11 48
13 89
20 69
2 31
69 91
56 96
18 33
3 38
11 38
64 97
22 64
52 54
25 82
32 66
31 36
6 87
1 64
61 89
6 15
76 99
9 19
73 82
41 57
29 56
42 87
2 82
4 75
28 51
54 78
42 49
22 89
34 90
4 85
15 36
47 48
1 41
8 74
5 87
64 93
73 83
11 18
17 40
72 78
23 81
1 86
23 66
3 22
6 70
8 23
38 52
33 64
3 5
13 34
12 33
5 25
34 92
76 82
2 37
42 58
10 85
74 87
21 60
20 66
63 82
34 39
9 24
22 77
17 48
5 51
11 75
26 64
70 85
68 69
8 47
45 50
32 77
10 82
3 85
43 77
10 23
2 15
58 77
4 28
7 37
50 58
18 55
21 86
2 27
1 51
22 24
21 51
36 43
62 97
14 50
46 56
73 92
64 72
10 36
43 55
52 87
92 95
50 82
56 59
45 75
64 77
8 29
36 96
4 23
31 78
9 39
77 81
16 19
16 34
7 36
47 82
1 20
7 96
44 46
27 74
4 18
37 76
18 51
56 85
4 64
36 77
25 90
11 26
53 74
7 50
9 95
69 82
34 61
13 17
20 48
4 34
19 91
6 69
9 54
34 51
54 100
30 87
75 95
8 55
15 32
6 77
8 19
3 15
34 58
27 87
22 26
21 74
13 45
23 85
38 46
12 57
59 69
9 12
21 48
19 59
1 12
55 60
29 44
52 74
19 50
7 62
16 98
55 92
13 50
51 95
52 75
20 28
22 50
32 78
12 26
35 62
79 94
40 100
34 40
35 55
25 95
66 90
26 40
5 31
48 63
37 57
69 74
44 48
74 82
37 72
16 21
22 49
52 91
8 36
16 77
12 47
31 56
14 45
19 24
30 42
44 59
4 76
36 90
4 44
28 44
75 76
34 76
43 86
34 85
6 36
61 63
31 85
4 21
3 65
2 11
37 60
16 95
1 10
11 62
36 95
1 25
50 91
36 48
26 86
76 91
29 72
67 77
28 42
7 32
89 90
4 8
41 77
71 86
37 66
24 43
2 14
39 75
24 25
6 39
71 96
39 74
11 83
51 82
64 69
4 74
1 32
52 64
48 66
45 59
83 95
83 86
23 75
29 98
30 69
26 69
8 39
15 51
38 96
45 62
26 55
10 22
12 48
11 57
41 49
54 85
13 21
11 46
14 20
4 35
21 69
21 100
29 35
36 81
73 100
2 3
87 100
19 44
7 33
26 50
26 37
9 45
24 58
53 64
1 31
27 59
61 73
39 72
18 86
6 17
42 82
27 32
15 86
25 33
43 46
32 58
17 54
11 51
49 73
59 62
6 30
36 74
11 58
9 32
59 85
29 51
17 31
46 57
71 78
45 100
45 92
51 52
56 66
2 38
14 43
33 76
17 49
39 100
39 56
64 86
11 64
92 94
56 69
34 86
47 62
26 39
21 22
28 82
20 49
20 97
3 41
20 52
39 73
60 69
1 28
19 22
34 88
32 44
15 97
25 50
5 9
12 20
37 64
41 60
3 27
28 29
27 29
5 29
49 86
12 59
61 78
5 42
18 20
15 40
56 64
8 9
29 54
9 92
27 60
16 20
13 69
16 36
63 85
2 69
6 63
90 98
62 64
3 89
9 48
18 44
44 56
44 92
72 97
24 55
56 83
1 14
35 40
20 75
35 37
17 51
12 97
30 32
10 44
9 26
60 91
47 81
1 49
4 13
3 39
4 66
54 56
75 81
41 92
10 14
17 39
13 19
28 55
15 37
3 44
8 42
40 51
28 97
30 52
28 43
3 12
17 18
3 7
22 44
4 40
28 85
76 95
22 90
67 92
16 43
17 76
24 59
23 52
30 55
24 74
26 96
10 41
6 28
13 59
15 91
25 44
12 74
43 57
4 11
3 91
48 54
3 92
16 85
3 40
12 44
22 86
21 27
50 62
52 85
17 66
6 61
46 77
16 73
14 26
33 38
21 49
39 52
7 13
50 97
23 47
78 85
6 73
11 81
87 95
9 58
27 37
50 83
64 85
7 28
18 57
77 86
16 24
20 32
11 44
65 85
3 66
12 27
56 99
11 23
38 64
39 62
11 78
42 45
44 95
26 59
10 33
8 10
52 88
29 87
27 75
33 99
52 77
5 57
46 80
25 76
56 97
27 38
35 51
1 37
7 29
35 36
25 74
88 98
17 92
21 30
27 76
11 33
36 37
33 55
31 51
45 91
39 66
32 64
20 24
26 28
22 43
37 52
10 26
66 76
9 18
37 56
36 40
4 9
14 93
1 9
46 90
21 24
24 47
35 85
12 36
80 92
61 82
70 74
34 73
15 27
20 42
4 97
33 86
69 85
18 90
11 15
63 78
17 19
62 86
8 76
66 92
32 75
8 82
11 21
62 63
72 89
7 78
55 63
39 42
22 57
36 39
63 75
29 69
26 74
30 86
16 51
53 69
7 70
35 86
2 20
63 100
16 64
36 72
38 97
8 66
2 50
53 66
14 34
7 69
1 38
3 23
48 81
1 59
5 75
15 25
40 41
8 85
13 48
63 66
37 50
35 84
27 91
35 46
6 59
25 85
49 62
62 74
81 82
52 60
51 100
55 90
9 52
70 86
43 91
33 74
64 66
17 90
72 87
13 62
14 32
43 69
68 78
9 11
8 56
22 36
49 51
23 96
12 55
44 49
2 60
65 66
55 69
21 90
34 87
24 81
76 92
72 91
6 64
36 47
16 40
36 84
58 81
31 83
38 83
20 51
10 48
19 74
14 24
1 48
17 34
5 8
18 22
19 43
16 75
10 40
35 75
85 96
29 89
6 23
4 78
13 23
31 62
70 98
28 98
3 59
19 51
57 65
57 76
24 48
64 75
24 41
75 85
39 87
28 40
91 97
34 59
6 62
34 81
18 59
24 57
37 74
61 69
5 10
11 59
29 34
53 57
44 76
60 90
26 82
26 33
3 75
4 50
29 97
37 63
19 29
46 92
37 41
24 39
20 37
22 34
20 23
9 60
10 81
46 51
56 75
1 21
9 14
53 75
29 37
34 60
14 69
15 21
8 89
5 18
7 63
20 45
54 74
15 64
20 29
69 86
49 90
95 100
33 75
47 76
12 86
44 70
71 97
5 62
12 52
36 38
17 50
17 33
54 73
14 87
16 42
7 48
51 69
38 57
39 40
22 53
55 81
1 54
49 85
73 75
32 34
10 49
52 89
16 41
9 43
32 42
73 90
12 40
5 56
1 42
1 44
42 71
10 16
3 19
41 85
61 64
12 37
15 52
4 36
12 18
9 44
10 27
26 85
32 89
69 72
44 89
18 78
50 77
12 19
35 92
67 96
56 63
21 57
4 82
8 86
10 66
29 59
41 54
51 78
70 92
18 43
31 54
90 92
17 44
9 91
13 41
72 98
74 96
55 100
4 87
42 54
31 48
83 87
59 66
60 86
3 4
21 37
22 30
2 24
19 87
42 56
61 62
25 54
10 70
60 76
13 65
23 43
25 66
47 59
38 56
41 55
41 43
28 60
74 81
11 55
9 81
17 37
39 99
28 37
5 55
30 56
36 75
1 7
27 42
34 36
20 96
64 91
20 41
22 29
8 92
20 57
38 60
21 59
6 76
21 46
9 10
52 56
26 76
22 62
10 98
20 85
19 100
17 24
10 60
82 97
42 44
60 85
1 8
68 96
22 71
10 55
21 91
36 41
31 42
82 85
11 22
23 74
34 46
24 26
66 81
30 73
73 81
10 62
27 47
26 52
8 57
7 19
25 62
84 95
38 76
13 15
38 85
32 84
30 77
41 64
49 57
23 82
15 77
3 62
4 14
45 95
30 96
71 91
37 90
49 54
11 97
3 69
55 85
13 57
35 66
24 95
31 59
4 49
36 82
33 82
65 74
61 83
12 91
32 59
1 46
25 59
26 42
11 52
38 43
12 69
29 91
35 81
35 45
42 76
90 91
25 26
95 99
5 6
31 37
4 10
8 81
12 77
4 48
68 85
9 51
44 73
50 92
9 29
63 83
18 56
35 89
30 40
29 77
24 29
47 52
8 28
1 100
96 97
9 20
12 92
10 37
5 59
5 23
8 33
2 48
5 17
9 89
28 78
11 76
11 42
14 18
22 78
12 98
42 60
50 54
47 97
19 62
52 59
7 27
49 97
55 82
44 64
23 70
11 25
17 22
62 92
70 91
5 19
13 24
32 51
9 21
3 57
34 48
1 4
8 45
42 74
54 55
11 13
21 89
82 90
33 69
65 86
8 14
33 36
6 7
23 36
85 91
28 49
28 81
45 64
11 17
28 54
17 36
20 72
68 76
2 18
19 48
19 82
65 77
57 91
40 42
13 91
7 40
6 75
18 77
28 32
67 78
31 69
82 91
67 74
11 47
73 78
42 77
77 95
27 77
40 56
52 66
33 44
15 18
34 97
88 97
16 82
8 90
1 74
54 94
27 100
8 34
57 66
22 74
41 75
30 82
89 92
37 44
40 95
3 53
11 82
19 69
22 82
36 62
63 87
5 83
7 24
30 90
15 46
12 96
24 40
4 57
1 66
9 56
33 57
46 85
56 62
30 92
93 100
33 95
44 66
33 78
14 31
33 96
32 48
51 62
25 91
23 49
26 60
20 38
14 82
40 62
54 75
4 33
15 83
46 82
22 75
19 38
29 48
55 97
88 91
70 95
25 51
37 46
34 95
7 44
44 57
69 100
26 44
7 11
2 75
45 60
17 72
32 52
13 22
32 62
57 98
16 27
26 45
52 55
45 82
15 41
11 69
47 86
69 97
81 91
1 76
91 92
22 47
3 43
40 81
41 78
16 91
76 97
21 54
50 89
5 45
38 48
9 73
1 40
28 74
26 32
28 77
51 83
16 30
7 46
33 46
5 46
23 51
51 81
37 62
16 60
14 17
59 99
28 57
7 41
3 60
24 36
17 20
74 76
19 30
19 25
54 59
23 27
27 69
10 38
48 77
19 52
10 73
72 86
4 42
54 58
37 43
14 51
9 33
47 63
41 97
56 87
47 75
14 65
54 61
55 62
64 67
14 96
20 62
23 58
27 82
20 40
6 91
72 74
27 56
16 29
25 34
3 32
4 30
48 49
39 76
68 95
63 74
11 86
31 86
20 21
29 82
25 73
23 99
35 42
7 42
35 48
51 54
86 96
58 92
74 90
5 22
24 92
13 92
50 78
38 62
43 54
75 77
13 81
33 59
23 24
6 44
29 46
85 100
35 70
57 89
72 95
85 97
16 76
10 20
13 14
23 44
26 41
26 54
12 85
47 70
47 54
14 36
60 97
8 62
42 78
52 62
10 90
25 81
29 86
68 91
44 74
8 25
42 43
69 89
27 43
6 82
53 54
4 26
37 82
26 27
12 51
89 95
36 78
56 91
54 64
16 86
28 34
57 97
30 59
10 92
47 77
50 85
8 48
41 62
19 86
76 100
66 89
13 25
19 37
20 39
46 76
2 32
36 92
19 55
1 98
16 46
20 22
42 59
43 87
12 32
24 85
15 78
52 76
21 28
35 39
41 56
79 85
30 31
51 64
6 51
40 96
59 82
3 56
2 96
6 31
36 91
10 13
9 57
8 31
54 69
19 23
41 69
23 64
17 96
12 46
18 38
5 86
25 92
49 69
19 31
11 66
34 50
42 64
21 38
33 81
24 52
3 54
10 29
46 48
36 44
39 95
17 25
44 60
9 74
14 78
70 77
83 96
33 56
30 37
13 75
23 25
8 54
43 60
78 87
1 63
31 55
44 50
45 97
65 70
78 95
4 59
53 56
44 90
25 31
1 57
3 71
53 90
70 100
27 28
19 89
68 75
64 82
34 64
26 49
63 90
79 81
22 69
77 91
19 34
2 25
4 41
60 89
11 41
53 55
17 98
20 36
59 75
2 66
2 55
8 38
54 87
80 86
10 54
48 69
20 74
17 62
54 60
43 48
2 57
11 39
19 21
24 50
29 62
9 64
5 52
14 86
35 78
38 44
5 12
22 37
43 96
57 60
75 99
42 46
19 63
24 91
7 54
24 75
22 84
22 42
48 56
34 41
67 91
46 52
31 75
15 89
67 75
18 58
1 18
3 9
33 48
5 96
30 72
32 54
21 64
69 79
49 52
23 31
28 31
27 41
12 75
50 59
15 54
10 69
6 18
14 23
44 51
39 51
5 41
40 86
22 33
57 74
4 91
28 66
56 92
2 43
43 49
29 60
22 40
12 42
5 43
73 97
60 77
78 82
8 32
15 49
74 89
5 61
43 52
71 94
14 44
49 89
22 54
50 70
96 98
35 54
6 32
9 22
19 54
11 27
6 29
