200 9774
1 2
1 3
1 4
3 4
2 4
2 5
3 5
4 5
5 6
1 6
2 6
3 6
4 6
1 7
6 7
2 7
5 7
4 7
3 7
3 8
2 8
1 8
7 8
4 8
8 9
6 9
9 10
9 11
4 11
5 11
10 11
1 11
7 11
3 12
11 13
9 13
6 13
12 13
8 13
2 13
5 13
3 13
10 13
7 13
13 14
9 14
7 14
3 14
6 14
10 14
1 14
8 14
4 14
5 14
11 15
5 16
9 16
3 16
11 16
15 16
14 17
1 18
9 18
16 18
17 18
6 18
15 18
2 18
14 18
12 18
4 18
13 18
12 19
6 19
9 19
14 19
2 19
13 19
5 19
15 19
10 19
8 19
11 19
18 19
16 19
11 20
4 20
6 20
7 20
17 20
19 20
5 20
12 20
1 20
14 20
13 20
2 20
10 20
19 21
13 21
9 21
1 21
12 21
5 21
13 22
14 22
3 22
17 22
5 22
15 22
19 22
8 22
12 22
11 22
1 22
18 22
7 22
12 23
2 23
11 23
22 23
15 23
17 23
14 23
21 23
10 23
13 23
18 23
1 23
19 23
16 23
6 23
8 23
20 23
9 23
7 23
3 23
15 24
9 24
8 24
18 24
7 24
1 24
2 24
20 24
3 24
23 24
5 24
21 24
16 24
19 24
22 24
4 24
10 24
17 24
11 24
14 24
12 24
13 24
6 24
4 25
17 25
19 25
7 25
18 25
22 25
21 25
12 25
8 25
14 26
25 26
17 26
2 26
16 26
8 26
5 26
18 26
21 26
15 26
4 26
23 26
1 26
3 26
19 26
20 26
13 26
6 26
22 26
7 26
11 26
10 26
24 26
9 26
12 26
11 27
10 27
25 27
23 27
20 27
16 27
21 27
3 27
24 27
15 27
4 27
14 27
19 27
12 27
1 27
26 27
18 27
6 27
5 27
8 27
13 27
22 27
17 27
27 28
1 28
15 28
3 28
9 28
25 28
19 28
13 28
26 28
20 28
7 28
18 28
6 28
22 29
27 29
18 29
9 29
4 29
13 29
2 29
21 29
28 29
17 29
20 29
16 30
10 30
29 30
3 30
12 30
13 30
15 30
9 30
26 30
21 30
24 30
19 30
27 30
8 30
7 30
6 30
11 30
2 30
14 30
22 30
25 30
12 31
14 31
23 31
18 31
27 31
8 31
15 31
30 31
7 31
19 31
22 31
26 31
3 31
13 31
28 31
20 31
29 31
4 31
25 31
6 31
16 31
21 31
12 32
1 32
24 32
13 32
15 32
17 32
21 32
11 32
20 32
19 32
28 32
30 32
27 32
29 32
14 32
4 32
18 32
6 32
25 32
23 32
8 32
10 32
22 32
7 32
9 32
26 33
22 33
17 33
8 33
26 34
27 34
18 34
24 34
14 34
31 34
5 34
1 34
32 34
8 34
15 34
33 34
10 34
2 34
20 34
16 34
6 35
2 35
16 35
22 35
8 35
26 35
27 35
23 35
3 35
4 35
24 35
31 35
1 35
20 35
19 35
10 35
33 35
5 35
21 35
15 35
14 35
25 35
9 35
29 35
28 35
11 35
32 35
7 35
13 35
18 35
34 35
12 35
8 36
26 36
33 36
34 36
35 36
4 36
2 36
7 36
21 36
23 36
28 36
31 36
16 36
12 36
25 37
36 37
3 37
16 38
18 38
19 38
9 38
25 38
26 38
2 38
23 38
8 38
17 38
10 38
15 38
12 38
22 38
14 38
1 38
28 38
30 38
35 38
32 39
3 39
10 39
9 39
14 39
33 39
31 39
26 39
5 39
12 39
38 39
8 39
4 39
35 39
22 39
2 39
37 39
21 39
17 39
18 39
25 39
2 40
6 40
35 40
4 40
36 40
21 40
29 40
28 41
22 41
21 41
8 41
31 41
7 41
25 41
20 41
33 41
14 41
30 41
11 41
39 41
32 41
10 41
5 41
19 41
15 41
24 41
40 41
35 41
2 41
38 41
23 41
6 41
18 41
17 41
34 41
23 42
6 42
33 42
4 42
12 42
5 42
36 42
40 42
8 42
2 42
27 42
41 42
14 42
34 42
33 43
26 43
36 43
34 43
24 43
34 44
43 44
32 44
16 44
38 44
12 44
41 44
22 44
26 44
24 44
39 44
42 44
37 44
3 44
31 44
7 44
17 44
8 44
2 44
9 44
11 44
1 44
4 44
19 44
14 44
6 44
33 44
28 44
23 44
35 44
15 44
10 44
30 44
29 44
25 44
27 44
21 44
20 44
18 44
13 44
5 44
36 45
19 45
6 45
8 45
29 45
23 45
39 45
44 45
15 45
7 45
16 45
41 45
43 45
13 45
17 45
32 46
41 46
4 46
37 46
22 46
45 46
11 46
35 46
8 46
29 46
12 46
34 46
43 46
24 46
7 46
38 46
28 46
18 46
39 47
23 47
12 47
45 48
42 48
36 48
40 48
25 48
14 48
44 48
1 48
12 48
27 48
43 48
11 48
35 48
31 48
9 48
16 48
7 48
2 48
22 48
6 48
46 48
38 48
28 48
19 48
24 48
47 48
10 48
23 48
47 49
5 49
21 49
44 50
19 50
30 50
10 50
29 50
49 50
20 50
22 50
24 50
38 50
12 50
23 50
27 50
36 50
46 50
15 50
7 50
6 50
33 50
17 50
47 50
41 50
26 50
40 50
43 50
3 50
37 50
9 50
35 50
14 50
31 50
42 50
16 50
34 50
25 50
32 50
48 50
5 50
4 50
21 51
2 51
15 51
36 51
27 51
45 51
3 51
13 51
26 51
43 51
46 51
16 51
12 51
22 51
23 51
17 51
8 51
14 51
28 51
7 51
48 51
35 51
5 51
34 51
1 51
38 51
30 52
41 52
24 52
5 52
13 52
38 52
35 52
10 52
36 52
45 52
39 52
11 52
20 52
43 52
33 52
4 52
15 52
9 52
42 52
31 52
6 52
1 52
40 52
16 52
23 52
22 52
50 52
18 52
47 52
2 52
34 52
12 52
27 52
51 52
49 52
3 52
7 52
37 52
19 52
17 52
32 52
29 52
28 52
25 52
46 52
14 52
38 53
15 54
30 54
48 54
34 54
40 54
7 54
10 54
33 54
18 54
47 54
9 54
38 54
19 54
39 54
8 54
13 54
14 54
35 54
45 54
11 54
37 54
43 54
49 54
27 54
25 54
1 54
2 54
52 54
5 54
4 54
46 54
32 54
12 54
17 54
22 54
6 54
24 54
20 54
26 54
44 54
23 54
16 54
50 54
29 54
42 54
34 55
25 55
50 55
16 55
47 55
40 55
51 55
46 55
52 56
12 56
26 56
1 56
27 56
49 56
7 56
18 56
31 56
2 56
8 56
41 56
46 56
9 56
4 56
6 56
5 56
24 56
11 56
3 56
45 56
55 56
39 56
50 56
10 56
6 57
30 57
48 57
21 57
20 57
38 57
27 57
4 57
15 57
53 57
36 57
23 57
29 57
34 57
31 57
54 57
51 57
28 57
24 57
26 57
17 57
55 57
50 57
45 57
8 57
7 57
10 57
11 57
32 57
25 57
41 57
12 57
47 57
52 57
9 57
40 57
18 57
1 57
46 57
44 57
33 57
19 57
14 57
37 57
42 58
1 58
35 58
30 58
13 58
37 58
56 58
32 58
50 58
34 58
47 58
39 58
2 58
16 58
57 58
52 58
29 58
41 58
18 58
38 58
20 58
36 58
22 58
7 58
31 58
21 58
9 58
49 58
28 58
10 58
40 58
26 58
54 58
45 58
43 58
17 58
44 58
27 58
8 58
51 58
23 58
46 58
12 58
53 58
55 58
24 58
6 58
5 58
19 58
55 59
8 59
56 59
35 59
42 59
25 59
45 59
47 59
5 59
32 59
53 59
41 59
50 59
48 59
17 59
7 59
12 59
6 59
39 59
58 59
21 59
20 59
9 59
28 59
40 59
3 59
19 59
33 59
22 59
23 59
1 59
49 59
46 59
52 59
24 59
4 59
11 59
13 59
18 59
16 59
51 59
27 59
10 59
15 59
57 59
2 59
54 59
31 59
26 59
36 59
34 59
38 59
30 59
43 59
14 59
12 60
19 60
20 60
33 60
44 60
49 60
13 60
4 60
43 60
59 60
30 60
17 60
22 60
29 60
9 60
7 60
19 61
36 61
20 61
47 61
2 61
14 61
38 61
24 61
16 61
39 61
53 61
31 61
41 61
27 61
1 61
6 61
58 61
59 61
34 61
18 61
38 62
22 62
21 62
18 62
51 62
27 62
31 62
12 62
5 62
14 62
40 62
15 62
54 62
36 62
46 62
35 62
7 62
20 62
47 62
41 62
30 62
39 62
56 62
59 62
52 62
11 62
45 62
16 62
10 62
50 62
25 62
58 62
34 62
17 62
9 62
28 62
33 62
29 62
23 62
24 62
26 63
28 63
9 63
44 63
8 63
7 64
14 64
2 64
17 64
38 64
58 64
8 64
1 64
3 64
63 64
59 64
10 64
50 64
6 64
52 64
13 64
39 64
20 64
49 64
62 64
22 64
33 64
41 64
18 64
32 64
60 64
53 64
27 64
51 64
37 64
42 64
55 64
29 64
44 64
19 64
34 64
36 64
15 64
48 64
5 64
43 64
34 65
10 65
59 65
16 65
40 65
8 65
51 65
50 65
47 65
5 65
54 65
24 65
39 65
52 65
64 65
37 65
28 65
25 65
1 65
49 65
38 65
11 65
23 65
31 65
21 65
20 65
46 65
6 66
51 66
37 66
58 66
39 66
3 66
18 66
2 66
57 66
64 66
23 66
14 66
21 66
22 66
28 66
49 66
35 66
33 66
34 66
26 66
54 66
19 66
29 66
5 66
53 66
43 66
7 66
24 66
30 66
13 66
44 66
1 66
17 66
32 67
4 67
16 67
23 67
15 67
20 67
24 67
27 67
12 67
63 67
11 67
40 67
52 67
64 67
66 67
31 67
17 67
29 67
25 67
55 67
7 67
44 67
49 67
59 67
35 67
21 67
6 67
36 67
14 67
38 67
53 67
45 67
9 67
50 67
34 67
62 67
60 67
57 67
56 67
22 67
5 67
48 67
42 67
8 67
58 67
2 67
11 68
40 68
20 68
63 68
66 68
12 68
56 68
67 68
45 68
3 68
57 68
64 68
46 68
29 68
30 68
58 68
61 68
65 68
50 68
51 68
27 68
8 68
59 68
36 68
62 68
17 68
23 68
60 68
15 68
28 68
22 68
47 68
53 68
25 68
54 68
19 68
58 69
56 69
15 70
47 70
5 70
11 70
44 70
49 70
50 70
58 70
25 70
10 70
36 70
1 70
32 70
54 70
21 70
39 70
69 70
18 70
60 70
52 70
67 70
41 70
35 70
14 70
63 70
26 70
19 70
33 70
34 70
68 70
59 70
7 70
53 70
6 70
66 70
37 70
56 70
32 71
9 71
3 71
5 71
1 71
58 71
28 71
59 71
48 71
2 71
64 71
61 71
13 71
62 71
57 71
35 71
63 71
47 71
37 71
67 71
65 71
22 71
14 71
21 71
16 71
39 71
54 71
70 71
17 71
42 71
26 71
33 72
32 72
35 72
11 72
71 72
57 72
61 72
54 72
66 72
46 72
42 72
52 72
27 72
67 72
3 72
12 73
15 73
58 73
65 73
30 73
5 73
26 73
62 73
33 73
72 73
61 73
3 73
55 73
32 73
13 73
53 73
42 73
27 73
35 73
50 73
37 73
51 73
67 73
63 73
22 73
43 73
49 73
69 73
18 73
68 73
8 73
71 73
4 73
56 74
51 74
45 74
52 74
68 75
64 75
63 75
16 75
30 75
6 75
1 75
56 75
58 75
9 75
8 75
24 75
44 75
22 75
72 75
62 75
29 75
7 75
2 75
61 75
21 75
4 75
49 75
74 75
3 75
52 75
53 75
41 75
36 75
45 75
48 75
12 75
19 75
50 75
15 75
25 75
55 75
60 75
66 75
17 75
33 75
65 75
4 76
20 76
44 76
35 76
7 76
75 76
68 76
46 76
53 76
14 76
69 76
29 76
50 76
16 76
25 76
61 76
12 76
2 76
59 76
3 77
6 77
64 77
69 77
11 77
75 77
65 77
35 77
1 77
42 77
72 77
22 77
14 77
53 77
50 77
18 77
21 77
63 77
10 77
55 77
68 77
61 77
67 77
51 77
47 77
58 77
15 77
40 77
17 77
66 77
25 77
23 77
76 77
48 77
20 77
74 77
45 77
4 77
16 77
43 77
52 77
60 77
9 77
29 77
30 77
27 77
70 77
71 78
72 78
29 78
76 78
28 78
32 78
62 78
35 78
2 78
33 78
4 78
56 79
15 79
39 79
75 79
30 79
28 79
26 79
77 79
42 79
11 79
17 79
61 79
71 79
3 79
13 79
12 79
44 79
35 79
47 79
2 79
18 79
69 79
38 79
21 79
22 79
27 79
52 79
64 79
41 79
24 79
7 79
32 79
9 79
57 79
53 79
43 79
69 80
60 80
58 80
18 80
50 80
67 80
63 80
21 80
42 80
24 80
4 80
20 80
27 80
54 80
25 80
40 80
8 80
31 80
26 80
36 80
9 80
51 80
38 80
33 80
66 80
6 80
35 80
2 80
39 80
41 80
78 80
45 80
15 80
75 80
76 80
53 80
22 80
19 80
12 80
34 80
47 80
14 80
10 80
32 80
48 80
59 80
7 80
28 80
43 80
71 80
16 80
74 80
55 80
57 80
29 80
73 80
61 80
68 80
70 80
13 80
6 81
50 81
55 81
13 81
21 81
7 81
16 81
56 81
69 81
30 81
3 81
49 81
54 81
53 81
28 81
14 81
71 81
73 81
45 81
22 81
40 81
8 81
19 81
42 81
61 81
10 81
75 81
65 81
60 81
4 81
62 81
5 81
27 81
31 81
34 81
72 81
78 81
64 81
44 81
41 81
66 81
79 81
39 81
57 81
1 81
43 81
29 81
35 81
59 81
51 81
58 81
80 81
76 81
12 81
17 81
38 81
32 81
68 81
11 81
5 82
47 82
35 82
44 82
50 82
20 82
34 82
77 82
21 82
23 82
64 82
51 82
63 82
18 82
57 82
38 82
12 82
33 82
39 82
75 82
49 82
31 82
72 82
8 82
76 82
2 82
71 82
46 82
67 82
73 82
48 82
69 82
79 82
62 82
45 82
61 82
51 83
67 83
20 83
7 83
42 83
41 83
46 83
15 83
14 83
18 83
69 83
1 83
80 83
71 83
12 83
82 83
10 83
19 83
3 83
33 83
39 83
54 83
25 83
31 83
55 83
50 83
35 84
53 84
55 84
69 84
14 84
22 84
20 84
41 84
27 84
32 84
8 84
28 84
42 84
9 84
56 84
68 84
52 84
61 84
45 84
48 84
49 84
34 84
79 84
30 84
77 84
11 84
15 84
75 84
63 84
64 84
5 84
18 84
23 84
60 84
25 84
3 84
72 84
50 84
26 84
57 84
31 84
24 84
12 84
78 84
6 84
36 84
37 84
1 84
44 84
51 84
2 84
39 84
47 84
83 84
70 84
82 84
13 84
65 84
7 84
4 84
38 84
59 84
40 84
66 84
58 84
54 84
80 84
76 84
71 84
67 84
33 84
16 84
46 84
81 84
21 84
17 84
43 84
73 84
61 85
62 85
20 85
64 85
70 85
58 85
4 85
56 85
37 85
73 85
51 85
47 85
21 85
78 85
7 85
12 85
28 85
2 85
54 85
17 85
16 85
1 85
55 85
39 85
44 85
63 85
77 85
23 85
24 85
10 85
15 85
48 85
36 85
31 85
53 85
30 85
6 85
3 85
11 85
42 85
33 85
49 85
65 85
34 85
45 85
81 85
57 85
74 85
27 85
70 86
19 86
15 86
41 86
23 86
9 86
27 86
5 86
81 86
66 86
63 86
8 86
85 86
20 86
7 86
33 86
80 86
68 86
73 86
53 86
13 86
67 86
25 86
21 86
14 86
59 86
18 86
43 86
65 86
47 86
6 86
2 86
16 86
37 86
71 86
56 86
12 86
30 86
32 86
29 86
42 86
74 86
45 86
76 86
24 86
44 86
60 86
1 86
48 86
85 87
63 87
75 87
77 87
53 87
79 87
83 87
25 87
64 87
15 87
33 87
71 87
14 87
45 87
55 87
16 87
18 87
43 87
70 88
66 88
68 88
18 88
51 88
22 88
83 88
16 88
87 88
47 88
35 88
34 88
78 88
5 88
39 88
23 88
50 88
5 89
1 89
8 89
45 89
50 89
52 89
22 89
48 89
51 89
74 89
79 89
42 89
43 89
84 89
17 89
18 89
34 89
81 89
30 89
60 89
69 89
12 89
15 89
35 89
54 89
58 89
53 89
4 89
88 89
44 89
67 89
37 89
9 89
49 89
80 89
76 89
75 89
62 89
27 89
31 89
23 89
68 89
65 89
56 89
85 89
87 89
26 89
11 89
46 89
64 89
16 89
10 89
77 89
82 89
59 89
3 89
39 89
7 89
55 89
32 89
21 89
71 89
72 89
47 89
36 89
33 89
6 89
40 89
14 89
20 89
2 89
13 89
63 89
24 89
73 89
78 89
66 89
28 89
29 89
61 89
8 90
81 90
37 90
33 90
2 90
59 90
52 90
61 90
47 90
74 90
60 90
84 90
88 90
17 90
41 90
70 90
67 90
23 90
28 90
51 90
22 90
15 90
63 90
11 90
79 90
44 90
34 90
36 90
58 90
80 90
57 90
3 90
49 90
78 90
7 90
35 90
32 90
89 90
64 90
43 90
42 90
50 90
12 90
55 90
14 90
77 90
38 90
87 90
24 90
45 90
48 90
13 90
29 90
6 90
69 90
82 90
68 90
26 90
46 90
16 90
27 90
85 90
39 90
66 90
31 90
76 90
37 91
1 91
69 91
11 91
31 91
3 91
61 91
28 91
49 91
41 91
82 91
84 91
24 91
36 91
46 91
79 91
32 91
14 91
71 91
86 91
72 91
35 91
9 91
38 91
66 91
88 91
19 91
90 91
20 91
50 91
40 91
53 91
43 91
55 91
39 91
78 91
70 91
16 91
29 91
12 91
65 91
10 91
81 91
33 91
23 91
6 91
73 91
87 91
13 91
58 91
25 91
27 91
76 91
51 91
18 91
59 91
48 91
47 91
21 91
80 91
44 91
17 91
8 91
89 91
74 91
67 91
2 91
62 91
59 92
5 92
51 92
90 92
2 92
49 92
27 92
60 92
41 92
58 92
37 92
57 92
10 92
63 92
35 92
33 92
65 92
75 92
69 92
80 92
47 92
76 92
38 92
32 92
83 92
91 92
86 92
39 92
30 92
88 92
89 92
73 92
15 92
3 92
66 92
68 92
40 92
20 92
53 92
54 92
52 92
19 92
8 92
9 92
78 92
64 92
18 92
45 92
70 92
26 92
48 92
84 92
52 93
62 93
37 93
48 93
2 93
11 93
25 93
5 93
53 93
88 93
83 93
91 93
36 93
76 93
71 93
41 93
82 93
81 93
93 94
10 94
18 94
68 94
14 94
24 94
88 94
56 94
39 94
26 94
30 95
5 95
51 95
4 95
60 95
29 95
21 95
83 95
23 95
2 95
13 95
68 95
50 95
72 95
87 95
54 95
70 95
80 95
22 95
57 96
86 96
75 96
95 96
35 96
37 96
41 96
64 96
9 96
59 96
27 96
4 96
23 96
52 96
31 96
6 96
76 96
36 96
68 97
79 97
25 97
8 97
41 97
83 97
91 97
34 97
69 97
61 97
80 97
73 97
81 97
15 97
23 97
96 97
45 97
17 97
74 97
60 97
76 97
93 97
22 97
7 97
33 97
58 97
38 97
52 97
24 97
3 97
32 97
5 97
26 97
18 97
72 97
6 98
92 98
33 98
88 98
48 98
92 99
58 99
97 99
96 99
6 99
85 99
7 99
91 99
19 99
64 99
55 99
36 99
17 99
74 99
41 99
60 99
29 99
50 99
82 99
95 99
11 99
59 99
77 99
38 99
18 99
8 99
66 99
93 99
44 99
31 99
42 99
40 99
12 99
52 99
98 99
65 99
72 99
81 99
14 99
84 99
10 99
21 99
90 99
76 99
54 99
32 99
15 99
61 99
5 99
57 99
70 99
69 99
51 99
22 99
1 99
80 99
33 99
2 99
16 100
84 100
19 100
25 100
55 100
26 100
68 100
11 100
64 100
50 100
62 100
53 100
28 100
95 100
82 100
30 100
21 100
97 100
46 100
23 100
33 100
42 100
4 100
8 100
27 100
56 100
51 100
87 100
10 100
57 100
65 100
39 100
60 100
40 100
22 100
74 100
79 100
80 100
67 100
44 100
63 100
17 100
2 100
59 100
27 101
94 101
24 101
7 101
52 101
46 101
99 101
78 101
2 101
3 101
86 101
66 101
26 101
75 101
48 101
15 101
71 101
6 101
70 101
22 101
84 101
37 101
44 101
67 101
92 101
32 101
83 101
30 101
16 101
74 101
80 101
93 101
79 101
43 101
19 101
58 101
90 101
5 101
57 101
54 101
91 101
29 101
95 101
82 101
17 101
85 101
31 101
89 101
40 101
96 101
28 101
35 101
59 101
21 101
81 101
53 101
62 101
25 101
34 101
61 101
97 101
47 101
73 101
55 101
42 101
64 101
100 101
88 101
11 101
13 101
14 101
39 101
65 101
18 101
12 102
54 102
47 102
49 102
73 102
43 102
15 102
31 102
57 102
81 102
59 102
56 102
18 102
61 102
52 102
24 102
20 102
19 102
36 102
97 102
80 102
34 102
64 102
10 102
91 102
50 102
45 102
53 102
51 102
62 102
9 102
79 102
67 102
8 102
13 102
4 102
86 102
26 102
27 102
5 102
23 102
7 102
22 102
63 102
60 102
74 102
87 102
71 102
93 102
30 102
41 102
33 102
1 102
42 102
95 102
21 102
29 102
99 102
6 102
44 102
68 102
77 102
101 102
32 102
89 102
40 102
48 102
25 102
82 102
35 102
46 102
55 102
17 102
3 102
11 102
28 102
66 102
83 102
16 102
84 102
88 102
94 102
65 102
90 102
39 102
38 102
98 102
72 102
6 103
31 103
30 103
39 103
18 103
67 103
2 103
82 103
49 103
88 103
17 103
68 103
56 103
9 103
19 103
96 103
80 103
84 103
50 103
71 103
98 103
87 103
27 103
91 103
7 103
3 103
69 103
44 103
41 103
79 103
93 103
47 103
12 103
89 103
85 103
16 103
25 103
23 103
99 103
101 103
97 103
42 103
64 103
94 103
13 103
4 103
65 103
35 103
61 103
24 103
62 103
83 103
72 103
20 103
5 103
49 104
32 104
70 104
48 104
3 104
65 104
90 104
59 104
38 104
91 104
2 104
33 104
69 104
97 104
25 104
44 104
37 104
1 104
50 104
81 104
74 104
11 104
75 104
31 104
45 104
18 104
63 104
26 104
40 104
95 104
103 104
73 104
62 104
86 104
94 104
101 104
35 104
30 104
7 104
100 104
72 104
15 104
58 104
85 104
51 104
99 104
22 104
17 104
52 104
41 104
56 104
79 104
10 104
16 104
36 104
53 104
82 104
39 104
80 104
71 104
4 104
89 104
6 104
12 104
21 104
78 104
76 104
54 104
41 105
50 105
88 105
86 105
45 105
94 105
60 105
35 105
59 105
57 105
3 105
70 105
67 105
52 105
62 105
92 105
49 105
102 105
84 105
12 105
18 105
47 105
55 105
42 105
36 105
91 105
64 105
89 105
72 105
74 105
75 105
63 105
83 105
48 105
101 105
30 105
19 105
69 105
28 105
21 105
15 105
81 105
29 105
65 105
82 105
9 105
6 105
37 105
103 105
46 105
54 105
24 105
56 105
5 105
34 105
51 105
39 105
90 105
31 105
10 105
85 105
68 105
76 105
7 105
17 105
58 105
32 105
38 105
97 105
14 105
40 105
80 105
2 105
43 105
26 105
59 106
102 106
66 106
70 106
72 106
37 106
81 106
1 106
4 106
88 106
68 106
69 106
77 107
84 107
52 108
73 108
4 108
85 108
93 108
99 108
36 108
79 108
107 108
63 108
105 108
100 108
6 108
26 108
49 108
47 108
98 108
2 108
15 108
9 108
27 108
3 108
72 108
45 108
91 108
34 108
24 108
65 108
81 108
94 108
53 108
11 108
43 108
88 108
39 108
32 108
80 108
44 108
22 108
42 108
56 108
66 108
62 108
77 108
102 108
104 108
69 108
64 108
40 108
89 108
1 108
55 108
10 108
33 108
83 108
103 108
51 108
92 108
59 108
37 108
86 108
90 108
7 108
19 108
25 108
38 108
23 108
57 108
61 108
18 108
29 108
84 108
35 108
67 108
76 108
8 108
13 108
54 108
30 108
60 108
17 108
70 108
106 108
101 108
97 108
28 108
5 108
46 108
96 108
31 108
14 108
21 108
58 108
60 109
27 109
32 109
101 109
84 109
95 109
83 109
82 109
10 109
4 109
3 109
8 109
43 109
44 109
37 109
70 109
107 109
56 109
15 109
45 109
1 109
9 109
96 109
22 109
25 109
61 109
68 109
106 109
14 109
59 109
17 109
91 109
66 110
70 110
35 110
48 110
76 110
10 110
42 110
37 110
3 110
58 110
2 110
96 110
46 110
72 110
57 110
22 110
106 110
19 110
98 110
45 110
50 110
99 110
16 110
26 110
55 110
63 110
107 110
109 110
61 110
38 110
17 110
39 110
29 110
41 110
103 110
108 110
77 110
11 110
64 110
90 110
31 110
36 110
81 110
89 110
75 110
40 110
87 110
104 110
47 110
97 110
60 110
91 110
95 110
84 110
71 110
9 110
67 110
8 110
69 110
30 110
6 110
32 110
65 110
80 110
100 110
59 110
23 110
73 110
93 110
94 110
32 111
67 111
66 111
26 111
59 111
83 111
14 111
90 111
65 111
61 111
80 111
74 111
34 111
5 111
35 111
63 111
43 111
3 111
9 111
39 111
57 111
62 111
2 111
40 111
86 111
24 111
17 111
106 111
92 111
18 111
109 111
73 111
78 111
54 111
96 111
21 111
44 111
29 111
7 111
45 111
82 111
15 111
8 111
64 111
76 111
6 111
79 111
88 111
69 111
4 111
91 111
100 111
107 111
81 111
33 111
27 111
60 111
31 111
20 111
22 111
36 111
48 111
10 111
89 111
98 111
94 111
85 111
11 111
13 111
101 111
38 111
12 111
30 111
105 111
95 111
75 111
58 111
25 111
49 111
1 111
99 111
56 111
16 111
19 111
87 111
52 111
51 111
72 111
103 111
47 111
55 111
68 111
97 111
41 111
70 111
53 111
50 111
108 111
71 111
93 111
28 111
104 111
23 111
77 111
17 112
10 112
89 112
19 112
34 112
100 112
64 112
81 112
2 112
63 112
35 112
6 112
26 112
105 112
68 112
111 112
60 112
14 112
3 112
85 112
47 112
21 112
4 112
95 112
43 112
23 112
30 112
107 112
110 112
54 112
70 112
40 112
22 112
52 112
28 112
87 112
77 112
45 112
33 112
31 112
16 112
78 112
88 112
66 112
5 112
75 112
82 112
76 112
94 112
90 112
15 112
27 112
86 112
79 112
46 112
42 112
11 112
91 112
93 112
12 112
39 112
109 112
73 112
1 112
51 112
59 112
69 112
84 112
98 112
37 112
104 112
80 112
61 112
44 112
56 112
106 112
7 112
24 112
9 112
58 112
32 112
25 112
29 112
92 112
13 113
64 113
45 113
36 113
95 113
1 113
69 113
89 113
67 113
74 113
54 113
58 113
29 113
14 113
3 113
32 113
92 113
15 113
7 113
8 113
9 113
30 113
111 113
21 113
31 113
104 113
103 113
27 113
72 113
71 113
86 113
2 113
82 113
16 113
76 113
22 113
56 113
18 113
42 113
37 113
90 113
97 113
20 113
41 113
43 113
57 113
52 113
88 113
61 113
107 113
55 113
23 113
17 113
73 113
84 113
12 113
112 113
19 113
59 113
63 113
108 113
5 114
60 114
81 114
41 114
71 114
59 114
26 114
58 114
57 114
97 114
95 114
40 114
23 114
19 114
10 114
28 114
94 114
42 114
80 114
62 114
37 114
12 114
16 114
15 114
107 114
48 114
108 114
78 114
6 114
27 114
18 114
88 114
76 114
63 114
110 114
84 114
9 114
25 114
2 114
35 114
3 114
96 114
34 114
29 114
93 114
74 114
24 114
85 114
14 114
105 114
98 114
69 114
32 114
66 114
45 114
30 114
82 114
106 114
17 114
55 114
11 114
44 114
4 114
101 114
53 114
83 114
7 114
8 114
49 114
43 114
67 114
51 114
89 114
33 114
38 114
72 114
21 114
92 114
70 114
87 114
86 114
54 114
112 114
64 114
77 114
79 114
99 114
111 114
100 114
46 114
56 114
75 114
52 114
109 114
47 114
113 114
91 114
20 114
39 114
68 114
90 114
22 114
104 114
50 114
102 114
73 114
103 114
61 114
36 114
1 114
31 114
57 115
79 115
49 115
33 115
66 115
5 115
48 115
91 115
65 115
112 115
34 115
72 116
114 116
31 116
78 116
56 116
3 116
106 116
36 116
115 116
23 116
65 116
37 116
97 116
14 116
113 116
4 116
102 116
66 116
64 116
105 116
18 116
38 116
28 116
1 116
7 116
75 116
100 116
41 116
51 116
57 116
42 116
52 116
62 116
94 116
49 116
63 116
101 116
90 116
71 116
88 116
23 117
108 117
1 117
67 117
89 117
28 117
73 117
59 117
63 117
97 117
2 117
40 117
66 117
31 117
13 117
50 117
12 117
85 117
90 117
99 118
54 118
66 118
105 118
86 118
13 118
62 118
63 118
3 118
85 118
101 118
37 119
115 119
48 119
29 119
94 119
99 119
87 119
56 119
112 119
7 119
45 119
22 119
25 119
105 119
46 119
88 119
91 119
16 119
117 119
96 119
68 119
83 119
89 119
116 119
109 119
39 119
66 119
30 119
18 119
11 119
102 119
12 119
100 119
53 119
97 119
62 119
72 119
85 119
3 119
79 119
71 119
101 119
24 119
44 119
51 119
17 119
93 119
19 119
68 120
82 120
87 120
27 120
109 120
34 120
86 120
91 120
28 120
4 120
81 120
2 120
88 120
73 120
65 120
63 120
56 120
75 120
55 120
31 120
11 120
41 120
16 120
69 120
50 120
78 120
118 120
64 120
112 120
84 120
54 120
77 120
35 120
76 120
67 120
79 120
32 120
48 120
25 120
3 120
98 120
22 120
95 120
101 120
53 120
71 120
58 120
93 120
26 120
21 120
15 120
30 120
119 120
80 120
110 120
29 120
114 120
60 120
85 120
105 120
49 120
92 120
61 120
23 120
1 120
106 120
116 120
70 120
111 120
108 120
14 120
94 120
97 120
46 120
5 120
17 120
12 120
66 120
52 120
89 120
102 120
51 120
59 120
13 120
6 120
38 120
117 120
10 120
33 120
113 120
74 120
37 120
8 120
7 120
18 120
107 120
47 120
103 120
90 120
9 120
45 120
57 120
20 120
62 120
104 120
36 120
44 120
43 120
39 120
96 120
83 120
40 120
72 120
100 120
115 120
24 120
57 121
93 121
44 121
108 121
25 121
35 121
106 121
51 121
7 121
18 121
91 121
10 121
12 121
1 121
75 121
14 121
118 121
116 121
21 121
77 121
90 121
113 121
15 121
23 121
104 121
8 121
74 121
71 121
19 121
83 121
88 121
69 121
86 121
114 121
13 121
112 121
117 121
6 121
49 121
60 121
79 121
54 121
3 121
29 121
87 121
68 121
115 121
59 121
2 121
31 121
38 121
70 121
119 121
65 121
30 121
50 121
5 121
27 121
53 121
32 121
92 121
43 121
17 121
78 121
46 121
101 121
33 121
61 121
55 121
82 121
4 121
80 121
41 121
99 121
89 121
21 122
27 122
56 122
16 122
61 122
74 122
50 122
37 122
12 122
87 122
7 122
98 122
10 122
110 122
92 122
66 122
23 122
25 122
107 122
103 122
59 122
45 122
67 122
44 122
42 122
4 122
32 122
91 122
119 122
15 122
95 122
43 122
69 122
63 122
101 122
26 122
33 122
105 122
108 122
100 122
83 122
38 122
88 122
72 122
96 122
112 122
30 122
5 122
118 122
90 122
54 122
28 122
36 122
1 122
113 122
73 122
80 122
94 122
81 122
78 122
93 122
111 122
18 122
75 122
8 122
24 122
79 122
34 122
76 122
40 122
3 122
84 122
120 122
14 122
97 122
68 122
102 122
60 122
35 122
11 122
51 122
114 122
116 122
70 122
46 122
71 122
53 122
99 122
58 122
31 122
29 122
77 122
121 122
48 122
109 122
6 122
55 122
17 122
39 122
86 122
19 122
52 123
51 123
12 123
19 123
64 123
86 123
36 123
122 123
81 123
109 123
26 123
70 123
15 123
41 123
89 123
101 123
53 123
121 123
68 123
37 123
54 123
45 123
56 123
18 123
117 123
118 123
59 123
42 123
8 123
107 123
110 123
108 123
10 123
2 123
85 123
106 123
112 123
79 123
47 123
73 123
44 123
61 123
3 123
67 123
58 123
34 123
84 123
74 123
24 123
78 123
94 123
65 123
111 123
92 123
43 123
116 123
46 123
90 123
82 123
40 123
60 123
7 123
87 123
104 123
50 123
69 123
120 123
16 123
102 123
4 123
23 123
105 123
88 123
57 123
31 123
29 123
100 123
48 123
14 123
72 123
27 123
91 123
9 123
99 123
66 123
80 123
6 123
75 123
113 123
13 123
55 123
83 123
115 123
25 123
93 123
5 123
1 123
38 123
35 123
76 123
96 123
49 123
71 123
32 123
21 123
98 123
103 123
97 123
28 123
39 123
17 123
20 123
95 123
62 123
119 123
63 123
11 123
97 124
87 124
66 124
117 124
75 124
35 124
17 125
4 125
84 125
52 125
74 125
94 125
108 125
6 125
32 125
43 125
103 125
54 125
55 125
13 125
38 125
98 125
23 125
96 125
44 125
100 125
85 125
35 125
101 125
79 125
40 125
59 125
12 125
46 125
110 125
50 125
91 125
63 125
33 125
76 125
97 125
25 125
62 125
27 125
64 125
93 125
29 125
75 125
104 125
67 125
123 125
109 125
69 125
28 125
22 125
107 125
15 125
118 125
77 125
41 125
60 125
78 125
47 125
39 125
49 125
90 125
121 125
82 125
53 125
16 125
81 125
24 125
26 125
92 125
2 125
34 125
37 125
99 125
61 125
8 125
112 125
36 125
92 126
23 126
43 126
77 126
33 126
90 126
115 126
9 126
81 126
98 126
121 126
2 126
71 126
4 126
86 126
40 126
79 126
53 126
106 126
84 126
34 126
42 126
85 126
58 126
49 126
67 126
11 126
96 126
12 126
89 126
124 126
72 126
55 126
39 126
109 126
51 126
88 126
41 126
107 126
14 126
102 126
103 126
99 126
54 126
22 126
123 126
120 126
73 126
24 126
110 126
122 126
29 126
15 126
52 126
119 126
5 126
62 126
45 126
112 126
112 127
79 127
117 127
103 127
51 127
55 127
53 127
41 127
71 127
29 127
81 127
37 127
88 127
67 127
49 128
20 128
83 128
85 128
77 128
79 128
53 128
102 128
71 128
48 128
39 128
54 128
25 128
119 128
23 128
126 128
57 128
22 128
50 128
14 128
121 128
75 128
104 128
30 128
82 128
117 128
88 128
34 128
29 128
13 128
123 128
42 128
74 128
86 128
59 128
9 128
115 128
96 128
60 128
113 128
65 128
21 128
114 128
72 128
111 128
118 128
40 128
17 128
97 128
33 128
24 128
7 128
89 128
58 128
100 128
36 128
84 128
32 128
38 128
108 128
16 128
8 128
112 128
27 128
70 128
2 128
3 128
68 128
52 128
6 128
19 128
35 128
95 128
73 128
55 128
107 128
63 128
93 128
99 128
106 128
47 128
56 128
62 128
10 128
46 128
67 128
87 128
64 128
18 128
41 128
51 128
103 128
28 128
31 128
76 128
44 128
15 128
94 128
78 128
12 128
37 128
11 128
45 128
91 128
116 128
92 128
110 128
124 128
98 128
122 128
66 128
26 128
43 128
61 128
109 128
127 128
101 128
4 128
1 128
120 128
90 128
80 128
47 129
70 129
97 129
65 129
69 129
81 129
61 129
39 129
7 129
116 129
16 129
117 129
74 129
110 129
118 129
112 129
123 129
125 129
104 129
28 129
108 129
85 129
46 129
71 129
4 129
13 129
124 129
122 129
103 129
59 129
83 129
100 129
55 129
45 129
86 129
73 129
3 129
44 129
31 129
58 129
102 129
56 129
51 129
90 129
72 129
126 129
35 129
40 129
26 129
127 129
66 129
23 129
52 129
57 129
79 129
27 129
115 129
54 129
10 129
1 129
80 129
84 129
32 129
17 129
63 129
128 129
36 129
121 129
106 129
53 129
77 129
107 129
9 129
14 129
33 129
91 129
76 129
29 129
24 129
89 129
99 129
67 129
11 129
19 129
77 130
5 130
57 130
41 130
16 130
74 130
58 130
126 130
32 130
59 130
82 130
121 130
28 130
51 130
125 130
31 130
39 130
64 130
68 130
35 130
11 130
72 130
129 130
48 130
99 130
13 131
126 131
89 131
14 131
1 131
22 131
66 131
117 131
30 131
68 131
7 131
55 131
39 131
79 131
27 131
34 131
129 131
54 131
70 131
59 131
35 131
67 131
15 131
12 131
36 131
84 131
103 131
18 131
105 131
62 131
97 131
91 131
123 131
104 131
122 131
17 131
121 131
9 131
128 131
4 131
124 131
114 131
53 131
29 131
116 131
56 131
85 131
40 131
111 131
2 131
65 131
43 131
81 131
28 131
33 131
3 131
6 131
102 131
46 131
109 131
32 131
74 131
69 131
50 131
32 132
15 132
116 132
103 132
114 132
58 132
119 132
93 132
39 132
31 132
23 132
118 132
111 132
24 132
43 132
47 132
97 132
73 132
130 132
36 132
103 133
64 133
132 133
34 133
70 133
71 133
29 133
89 133
31 133
74 133
51 133
38 133
82 133
94 133
59 133
57 133
20 133
67 133
79 133
46 133
69 133
18 133
125 133
81 133
97 133
92 133
105 133
96 133
93 133
30 133
83 133
123 133
54 133
42 133
44 133
123 134
111 134
44 135
116 135
117 135
115 135
63 135
31 135
43 135
64 135
39 135
27 135
50 135
85 135
119 135
121 135
26 135
57 135
109 135
58 135
1 135
66 135
2 135
101 135
8 135
49 135
89 135
12 135
36 135
23 135
29 135
40 135
131 135
55 135
17 135
134 135
79 135
7 135
103 135
60 135
78 135
5 135
88 135
99 135
47 135
82 135
62 135
126 135
96 135
100 135
107 135
24 135
98 135
87 135
130 135
48 135
14 135
95 135
15 135
108 135
72 135
112 135
92 135
127 135
94 135
118 135
70 135
28 135
74 135
3 135
120 135
46 135
56 135
11 135
19 135
35 135
77 135
54 135
90 135
75 135
105 135
22 135
61 135
91 135
111 135
52 135
16 135
107 136
72 136
4 136
96 136
20 136
84 136
126 136
103 136
52 136
116 136
91 136
57 136
121 136
92 136
93 136
31 136
71 136
9 136
15 136
33 136
32 136
26 136
131 136
97 136
98 136
117 136
58 136
38 136
132 137
117 137
125 137
68 137
129 137
17 137
122 137
103 137
29 137
76 137
54 137
84 137
79 137
72 137
9 137
55 137
134 137
66 137
31 137
57 137
135 137
67 137
81 137
44 137
6 137
16 137
127 137
95 137
64 137
118 137
119 137
70 137
93 137
92 137
10 137
15 137
83 137
18 137
113 137
109 137
59 137
58 137
106 137
37 137
65 137
98 137
71 137
94 137
126 137
48 137
86 137
102 137
1 137
115 137
25 137
14 137
90 137
119 138
57 138
4 138
62 138
47 138
79 138
60 138
136 138
100 138
110 138
103 138
20 138
91 138
12 138
53 138
117 138
19 138
98 138
123 138
130 138
22 138
68 138
101 138
5 138
40 138
21 138
93 138
78 138
1 138
107 138
74 138
73 138
39 138
70 138
66 138
114 138
128 138
126 138
16 138
14 138
125 138
26 138
58 138
61 138
104 138
28 138
86 138
133 138
59 138
137 138
76 138
35 138
30 138
111 138
69 138
97 138
46 138
124 138
15 138
115 138
84 138
90 138
95 138
127 138
121 138
51 138
9 138
17 138
44 138
106 138
80 138
23 138
67 138
6 138
33 138
37 138
99 138
18 138
10 138
82 138
75 138
132 138
116 138
3 138
50 138
86 139
80 139
81 139
49 139
31 139
43 139
28 139
112 139
85 139
25 139
125 139
101 139
45 139
76 139
122 139
104 139
61 139
23 139
126 139
136 139
32 139
111 139
10 139
67 139
128 139
69 139
33 139
100 139
96 139
83 139
78 139
105 139
79 139
36 139
16 139
130 139
102 139
110 139
82 139
52 139
115 139
129 139
89 139
58 139
124 139
1 139
107 139
68 139
20 139
12 139
55 139
103 139
4 139
30 139
24 139
121 139
46 139
34 139
138 139
27 139
94 139
26 139
72 139
8 139
73 139
39 139
90 139
41 139
42 139
132 139
99 139
120 139
60 139
131 139
53 139
48 139
71 139
91 139
59 139
54 139
84 139
22 139
35 139
97 139
21 139
50 139
92 139
9 139
17 139
51 139
117 139
123 139
98 139
13 139
108 139
118 139
114 139
74 139
11 139
44 139
75 139
40 139
95 139
63 139
109 139
119 139
5 139
18 139
15 139
19 139
37 139
7 139
133 139
70 139
29 139
93 139
6 139
116 139
106 139
137 139
96 140
121 140
103 140
50 140
82 140
126 140
62 140
73 140
81 140
70 140
13 140
22 140
25 140
72 140
11 140
56 140
38 140
95 140
66 141
114 141
40 141
101 141
15 141
107 141
6 141
22 141
45 141
24 141
103 141
91 141
57 141
37 141
73 141
5 141
86 141
75 141
84 141
134 141
133 141
72 141
80 141
110 141
20 141
39 141
83 141
112 141
21 141
36 141
87 141
55 141
67 141
53 141
76 141
1 141
139 141
85 141
95 141
71 141
77 141
132 141
88 141
68 141
140 141
62 141
78 141
113 141
9 141
19 141
122 141
81 141
135 141
94 141
65 141
115 141
38 141
46 141
131 141
49 141
11 141
17 141
25 141
31 141
97 141
125 141
23 141
64 141
104 141
59 141
13 141
102 141
44 141
12 141
41 141
116 141
48 141
92 141
100 141
10 141
105 141
108 141
126 141
137 141
14 141
98 141
47 141
8 141
106 141
124 141
119 141
70 141
136 141
7 141
35 141
26 141
82 141
51 141
50 141
29 141
56 141
30 141
33 141
2 141
61 141
4 141
43 141
69 141
128 141
117 141
120 141
127 141
93 141
74 141
58 141
109 141
121 141
63 141
129 141
18 141
90 141
96 141
54 141
16 141
118 141
34 141
89 141
52 141
138 141
111 141
32 141
79 141
27 141
123 141
130 141
99 141
28 141
42 141
80 142
86 142
85 142
141 142
18 142
25 142
100 142
47 142
135 142
116 142
118 142
93 142
130 142
97 142
37 142
10 142
23 142
94 142
132 142
104 142
101 142
16 142
69 142
96 142
113 142
107 142
33 142
21 142
54 142
8 142
138 142
106 142
20 142
62 142
27 142
17 142
36 142
108 142
12 142
40 142
5 142
71 142
124 142
137 142
128 142
58 142
112 142
24 142
32 142
123 142
120 142
57 142
46 142
35 142
127 142
109 142
52 142
26 142
110 142
117 142
43 142
102 142
91 142
45 142
81 142
125 142
29 142
77 142
122 142
111 142
49 142
30 142
82 142
139 142
38 142
98 142
89 142
140 142
103 142
51 142
68 142
15 142
78 142
88 142
114 142
76 142
48 142
34 142
28 142
119 142
115 142
95 142
14 142
3 142
111 143
1 143
112 143
21 143
94 143
98 143
13 143
78 143
70 143
5 143
40 143
17 143
41 143
141 143
15 143
20 143
74 143
11 143
72 143
80 143
37 143
53 143
126 143
33 143
57 143
90 143
18 143
10 143
86 143
6 143
32 143
16 143
103 143
47 143
142 143
45 143
65 143
89 143
63 143
42 143
104 143
137 143
62 143
50 143
48 143
91 143
4 143
27 143
38 143
71 143
31 143
140 143
132 143
25 143
46 143
30 143
107 143
87 143
23 143
109 143
100 143
36 143
67 143
58 143
125 143
59 143
82 143
3 143
83 143
93 143
114 143
77 143
139 143
133 143
127 143
102 143
73 143
122 143
115 143
120 143
43 144
71 144
37 144
64 144
106 144
91 144
54 144
18 144
89 144
140 144
122 144
67 144
28 144
26 144
36 144
103 144
132 144
139 144
34 144
66 144
138 144
55 144
123 144
100 144
14 144
84 144
130 144
135 144
112 144
59 144
81 144
79 144
75 144
85 144
109 144
39 144
12 144
50 144
31 144
48 144
114 144
118 144
119 144
46 144
20 144
19 144
10 144
8 144
6 144
93 144
15 144
52 145
100 145
82 145
128 145
72 145
1 145
112 145
9 145
38 145
59 145
116 145
27 145
46 145
124 145
105 145
51 145
71 145
45 145
113 145
137 145
49 145
33 145
108 145
115 145
127 145
16 145
62 145
123 145
30 145
143 145
39 145
73 145
42 145
129 145
101 145
61 145
84 145
91 145
87 145
135 145
44 145
109 145
140 145
57 145
93 145
20 145
36 145
144 145
37 145
7 145
118 145
89 145
63 145
103 145
99 145
54 145
70 145
29 145
41 145
134 145
104 145
66 145
80 145
67 145
23 145
56 145
88 145
60 145
47 145
26 145
96 145
18 145
94 145
53 145
141 145
97 145
136 145
48 145
107 145
142 145
121 145
12 145
95 145
15 145
65 145
17 145
8 145
85 145
58 145
31 145
98 145
131 145
111 145
77 145
32 145
125 145
10 145
117 145
102 145
79 145
120 145
130 145
110 145
74 145
11 145
76 145
2 145
5 145
132 145
92 145
139 145
75 145
4 145
114 145
68 145
24 145
90 145
28 145
34 145
21 145
86 145
55 145
81 145
43 145
40 145
69 145
83 145
50 145
6 145
13 145
138 145
64 145
19 145
25 145
3 145
14 145
16 146
113 146
47 146
23 146
15 146
59 146
84 146
107 146
109 146
104 146
46 146
144 146
11 146
58 146
68 146
140 146
74 146
67 146
53 146
138 146
119 146
13 146
126 146
69 146
142 146
85 146
49 146
96 146
41 146
5 146
18 146
129 146
134 146
33 146
106 146
137 146
76 146
94 146
66 146
115 146
54 146
50 146
34 146
75 146
95 146
40 146
100 146
44 146
38 146
133 146
25 146
90 146
8 146
91 146
22 146
17 146
12 146
57 146
98 146
82 146
79 146
51 146
131 146
71 146
77 146
118 146
64 146
121 146
48 146
92 146
19 146
62 146
81 146
35 146
111 146
6 146
43 146
9 146
26 146
123 146
97 146
37 146
36 146
130 146
3 146
117 146
105 146
45 146
136 146
32 146
42 147
81 147
47 147
100 147
135 147
17 147
130 147
117 147
120 147
34 147
65 147
53 147
141 147
92 147
91 147
77 147
13 147
134 147
31 147
6 147
58 147
24 147
90 147
11 147
40 147
144 147
79 147
95 147
39 147
122 147
123 147
26 147
38 147
93 147
142 147
51 147
129 147
44 147
119 147
12 147
105 147
8 147
9 147
88 147
54 147
87 147
103 147
89 147
74 147
139 147
21 147
75 147
83 147
140 147
143 147
22 147
131 147
57 147
19 147
111 147
114 147
136 147
37 147
138 147
86 147
128 147
115 147
60 147
28 147
4 147
96 147
63 147
94 147
27 147
98 147
106 147
48 147
107 147
3 147
32 147
25 147
68 147
2 147
97 147
137 147
15 147
76 147
110 147
52 147
36 147
124 147
46 147
62 148
143 148
42 148
146 148
7 148
12 148
81 148
94 148
45 148
20 148
147 148
35 148
51 148
113 148
119 148
122 148
99 148
145 148
124 148
98 148
123 148
103 148
58 148
109 148
10 148
121 148
39 148
139 148
135 148
31 148
67 148
70 148
137 148
133 148
56 148
46 148
108 148
37 148
49 148
112 148
38 148
115 148
68 148
72 148
52 148
27 148
102 148
64 148
47 148
85 148
114 148
5 148
136 148
34 148
21 148
19 148
83 148
54 148
144 149
129 149
87 149
66 149
91 149
96 149
132 149
105 149
119 149
90 149
98 149
143 149
38 149
147 149
45 149
88 149
18 149
120 149
69 149
131 149
16 149
54 149
21 149
114 149
133 149
6 149
145 149
31 149
97 149
94 149
95 149
106 149
27 149
3 149
84 149
26 149
70 149
55 149
137 149
12 149
63 149
78 149
73 149
122 149
62 149
141 149
47 149
75 149
136 149
142 149
138 149
36 149
102 149
139 149
135 149
30 149
77 149
124 149
5 149
83 149
112 149
61 149
28 149
140 149
111 149
148 149
65 149
40 149
110 149
25 149
81 149
74 149
17 149
108 149
14 149
51 149
49 149
103 149
22 149
104 149
53 149
16 150
19 150
76 150
146 150
123 150
118 150
21 150
26 150
112 150
70 150
15 150
144 150
4 150
110 150
28 150
11 150
136 150
27 150
107 150
72 151
122 151
96 151
12 151
135 151
137 151
95 151
16 151
8 151
36 151
68 151
32 151
88 151
53 151
3 151
131 151
132 151
56 151
119 151
120 151
47 151
140 151
21 151
6 151
121 151
67 151
35 151
115 151
31 151
150 151
46 151
63 151
76 151
110 151
134 151
86 151
10 151
113 151
11 151
143 151
79 151
30 151
98 151
93 151
116 151
65 151
126 151
9 151
61 151
128 151
112 151
82 151
23 151
66 151
77 151
28 151
129 151
145 151
38 151
33 151
24 151
25 151
123 151
117 151
27 151
14 151
133 151
105 151
92 151
50 151
45 151
7 151
54 151
139 151
90 151
39 151
70 151
2 151
18 151
43 151
49 151
60 151
4 151
78 151
97 151
5 151
144 151
52 151
103 151
136 151
13 151
127 151
34 151
111 151
59 151
99 151
62 151
108 151
91 151
71 151
141 151
69 151
109 151
19 151
51 151
106 151
1 151
84 151
81 151
101 151
147 151
100 151
22 151
80 151
15 151
58 151
83 151
17 151
48 151
89 151
42 151
146 151
64 151
138 151
57 151
104 151
73 151
102 151
66 152
151 152
65 152
60 152
4 152
22 152
125 152
116 152
71 152
127 152
142 152
5 152
32 152
97 152
57 152
118 152
83 152
81 153
106 153
54 153
43 153
68 153
111 153
45 153
89 153
17 153
14 153
138 153
150 153
10 153
25 153
97 153
35 153
46 153
117 153
130 154
29 154
136 154
92 154
36 154
27 154
81 154
79 154
99 154
23 154
71 154
14 154
46 154
142 154
21 154
123 154
40 154
148 154
132 155
18 155
88 155
120 155
33 155
55 155
66 155
117 155
86 155
134 155
40 155
100 155
98 155
81 155
38 155
111 155
127 155
73 155
82 155
126 155
144 155
137 155
69 155
41 155
110 155
112 155
84 155
142 155
37 155
94 155
113 155
125 155
35 155
97 155
123 155
19 155
28 155
141 155
101 155
44 155
63 155
26 155
13 155
47 155
133 155
135 155
39 155
77 155
154 155
56 155
95 155
49 155
70 155
146 155
68 155
76 155
153 155
128 155
6 155
57 155
74 155
32 155
34 155
17 155
122 155
45 155
90 155
52 155
80 155
46 155
121 155
42 155
85 155
104 155
106 155
115 155
5 155
138 155
129 155
50 155
89 155
22 155
87 155
105 155
31 155
62 155
143 155
7 155
10 155
118 155
116 155
14 155
96 155
78 155
124 155
2 155
36 155
54 155
30 155
107 155
91 155
102 155
109 155
103 155
3 155
149 155
20 155
23 155
1 155
72 155
64 155
119 155
16 155
59 155
108 155
147 155
131 155
71 155
152 155
25 155
136 155
15 155
79 155
60 155
53 155
11 155
114 155
130 155
145 155
151 155
29 155
121 156
117 156
72 156
42 156
124 156
44 156
155 156
52 156
54 156
143 156
75 156
154 156
84 156
11 156
46 156
62 156
114 156
122 156
22 156
34 156
20 156
110 156
98 156
1 156
7 156
71 156
137 156
145 156
126 156
101 156
50 156
73 156
59 156
78 156
150 156
80 156
57 156
61 156
65 156
91 156
94 156
14 156
29 156
149 156
128 156
109 156
26 156
21 156
120 156
35 156
36 156
102 156
56 156
16 156
153 156
24 156
47 156
13 156
134 156
55 156
43 156
38 156
93 156
18 156
2 156
92 156
151 156
123 156
108 156
129 156
113 156
6 156
68 156
152 156
99 156
51 156
146 156
74 156
127 156
103 156
106 156
33 156
31 156
40 156
45 156
12 156
111 156
4 156
125 156
139 156
115 156
130 156
70 156
141 156
83 156
77 156
69 156
87 156
8 156
133 156
132 156
107 156
82 156
81 156
49 156
147 156
76 156
67 156
60 156
142 156
64 156
97 156
88 156
89 156
119 156
85 156
58 156
17 156
116 156
66 156
63 156
48 156
15 156
86 156
149 157
93 157
147 157
111 157
66 157
29 157
77 157
35 157
62 157
47 157
32 157
83 157
120 157
121 157
144 157
40 157
82 157
151 157
155 157
58 157
97 157
21 157
20 157
117 157
71 157
124 157
115 157
105 157
64 157
154 157
129 157
128 157
49 157
87 157
99 157
52 157
51 157
37 157
100 158
141 158
144 158
23 158
47 158
71 158
88 158
149 158
7 158
61 158
21 158
94 158
54 158
33 158
27 158
74 158
5 158
58 158
4 158
64 158
8 158
78 158
46 158
133 158
44 158
99 158
41 158
92 158
85 158
102 158
70 158
80 158
10 158
143 158
77 158
110 158
68 158
1 158
105 158
53 158
73 158
13 158
146 158
130 158
50 158
106 158
125 158
132 158
123 158
128 158
62 158
98 158
157 158
155 158
75 158
28 158
16 158
89 158
57 158
95 158
42 158
14 158
40 158
43 158
148 158
156 158
65 158
147 158
126 158
150 158
142 158
15 158
69 158
72 158
20 158
101 158
118 158
93 158
113 158
138 158
151 159
140 159
134 159
138 159
115 159
11 159
128 159
39 159
8 159
26 159
158 159
73 159
119 159
21 159
72 159
69 159
32 159
156 159
12 159
6 159
135 159
152 159
61 159
77 159
10 159
75 159
7 159
22 159
98 159
91 159
31 159
133 159
105 159
110 159
109 159
124 159
121 159
17 159
104 159
18 159
81 159
37 159
30 159
97 159
54 159
118 159
28 159
70 159
47 159
74 159
79 159
4 159
95 159
103 159
88 159
111 159
63 159
150 159
127 159
65 159
76 159
147 159
2 159
102 159
29 159
145 159
43 159
52 159
1 159
84 159
148 159
154 159
125 159
99 159
25 159
143 159
69 160
96 160
154 160
119 160
118 160
128 160
115 160
64 160
127 160
97 160
134 160
31 160
143 160
25 160
18 160
1 160
157 160
94 160
33 160
90 161
96 161
42 161
70 161
133 161
54 161
104 161
149 161
153 161
135 161
60 161
23 161
151 161
92 161
127 161
15 161
85 161
122 161
144 161
113 161
97 161
120 161
69 161
48 161
67 161
160 161
77 161
103 161
64 161
5 161
128 161
16 161
37 161
108 161
82 161
61 161
145 161
126 161
91 161
123 161
52 161
75 161
79 161
132 161
146 161
74 161
99 161
80 161
1 161
137 161
155 161
12 161
51 161
130 161
87 161
39 161
45 161
36 161
154 161
18 161
7 161
66 161
83 161
107 161
49 161
76 161
17 161
117 161
56 161
32 161
63 161
3 161
88 161
129 161
55 161
84 161
81 161
141 161
41 161
105 161
121 161
148 161
89 161
152 161
95 161
22 161
94 161
110 161
14 161
20 161
159 161
28 161
57 161
136 161
139 161
143 161
73 161
10 161
58 161
31 161
134 161
116 161
147 161
100 161
29 161
125 161
158 161
119 161
142 161
59 161
24 161
50 161
86 161
19 161
47 161
38 161
131 161
6 161
70 162
158 162
156 162
23 162
142 162
160 162
9 162
73 162
132 162
74 162
8 162
4 162
14 162
100 162
86 162
32 162
93 162
131 162
85 162
59 162
21 162
60 162
84 162
77 162
96 162
118 162
155 162
154 162
38 162
46 162
31 162
122 162
145 162
119 162
117 162
120 162
108 162
54 162
87 162
106 162
52 162
42 162
68 162
153 162
82 162
147 162
35 162
47 162
94 162
102 162
136 162
109 162
88 162
64 162
10 163
111 163
19 163
23 163
94 163
91 163
11 163
62 163
96 163
76 163
12 163
99 163
82 163
110 163
79 163
95 163
93 163
146 163
153 163
102 163
74 163
18 163
109 163
147 163
16 163
46 163
87 163
68 163
75 163
40 163
27 163
159 163
8 163
52 163
151 163
49 163
17 163
133 163
92 163
84 163
25 163
47 163
13 163
5 163
78 163
143 163
144 163
31 163
118 163
156 163
70 163
6 163
136 163
67 163
126 163
149 163
145 163
78 164
104 164
64 164
24 164
76 164
96 164
150 164
85 164
148 164
123 164
141 164
157 164
71 164
43 164
84 164
11 164
113 164
97 164
83 164
120 164
59 164
114 164
136 164
6 164
151 164
99 164
38 164
124 164
130 164
3 164
16 164
115 164
100 164
10 164
142 164
29 164
153 164
108 164
101 164
31 164
139 164
106 164
74 164
77 164
95 164
81 164
116 164
90 164
37 164
34 164
140 164
33 164
129 164
28 164
13 164
163 164
135 164
47 164
80 164
132 164
122 164
7 164
72 164
126 164
111 164
8 164
12 164
158 164
53 164
146 164
55 164
54 164
27 164
67 164
162 164
103 165
90 165
148 165
92 165
58 165
164 165
81 165
51 165
40 165
122 165
143 165
52 165
13 165
76 165
46 165
144 165
75 165
64 165
85 165
80 165
154 165
84 165
14 165
39 165
15 165
106 165
117 165
95 165
115 165
133 165
67 165
43 165
100 165
30 165
18 165
110 165
82 165
87 165
31 165
4 165
70 165
8 165
68 165
163 165
150 165
77 165
155 165
101 165
131 165
45 165
104 165
56 165
149 165
105 165
44 165
1 165
63 165
29 165
99 165
138 165
54 165
55 165
74 165
112 165
162 165
42 165
135 165
159 165
28 165
119 165
24 165
151 165
11 165
139 165
109 165
97 165
17 165
65 165
126 165
108 165
152 165
91 165
48 165
5 165
83 165
161 165
47 165
94 165
32 165
158 165
57 165
89 165
79 165
37 165
132 165
78 165
26 165
61 165
36 165
114 165
72 165
73 165
128 165
25 165
116 165
19 165
59 165
49 165
137 165
120 165
134 165
88 165
16 165
113 165
157 165
125 165
69 165
153 165
96 165
86 165
121 165
127 165
21 165
3 165
62 165
142 165
93 165
66 165
22 165
129 165
123 165
107 165
147 165
145 165
33 165
2 165
7 165
130 165
35 165
53 165
60 165
37 166
23 166
79 166
115 166
46 166
137 166
78 166
9 166
50 166
164 166
56 166
67 166
35 166
58 166
10 166
153 166
158 166
30 166
96 166
69 166
29 166
15 166
120 166
165 166
150 166
55 166
5 166
86 166
104 166
156 166
65 166
44 166
25 166
129 166
123 166
43 166
82 166
75 166
127 166
68 166
131 166
122 166
11 166
105 166
64 166
39 166
148 166
145 166
73 166
70 166
81 166
126 166
138 166
109 166
141 166
54 166
94 166
19 166
134 166
6 166
103 166
151 166
53 166
146 166
60 166
27 166
57 166
99 166
125 166
34 166
159 166
4 166
28 166
98 166
160 166
24 166
80 166
49 166
7 166
36 166
71 166
91 166
93 166
157 166
17 166
118 166
135 166
62 166
101 166
110 166
124 166
147 166
18 166
48 166
111 166
100 166
22 166
142 166
119 166
112 166
63 166
33 166
12 166
97 166
3 166
108 166
13 166
66 166
144 166
8 166
113 166
102 166
31 166
2 166
106 167
23 167
94 167
77 167
29 167
37 167
137 167
44 167
151 167
143 167
5 167
60 167
73 167
136 167
24 167
108 167
56 167
62 167
57 167
90 167
123 167
101 167
104 167
32 167
54 167
154 167
21 167
113 167
79 167
41 167
102 167
18 167
120 167
161 167
4 168
90 168
15 168
89 168
35 168
28 169
143 169
101 169
88 169
168 169
106 169
116 169
84 169
129 169
131 169
37 169
132 169
17 169
63 169
87 169
127 169
36 169
83 169
86 169
12 169
48 169
60 169
19 169
164 169
114 169
22 169
161 169
90 169
6 169
112 169
41 169
128 169
67 169
65 169
81 169
16 169
160 169
57 169
157 169
103 169
107 169
9 169
71 169
21 169
55 169
95 169
59 169
94 169
146 169
31 169
53 169
148 169
24 169
13 169
51 169
156 169
151 169
80 169
149 169
4 169
58 169
44 169
61 169
14 169
33 169
34 169
7 169
97 169
152 169
104 169
144 169
93 169
39 169
45 169
43 169
78 169
117 169
73 169
98 169
105 169
142 169
66 169
162 169
3 169
69 169
108 169
110 169
100 169
49 169
85 169
140 169
68 169
18 169
102 169
120 169
137 169
109 169
147 169
163 169
145 169
158 169
166 169
30 169
54 169
5 169
52 169
74 169
8 169
32 169
124 169
62 169
11 169
167 169
20 169
134 169
15 169
126 169
118 169
77 169
153 169
155 169
96 169
97 170
153 170
156 170
138 170
37 170
150 170
17 170
94 170
120 170
128 170
77 170
155 170
42 170
64 170
103 170
85 170
51 170
70 170
145 170
30 170
161 170
104 170
10 170
81 170
50 170
159 170
146 170
66 170
1 170
101 170
82 170
21 170
88 170
135 170
99 170
28 170
35 170
75 170
133 170
139 170
53 170
92 170
8 170
31 170
29 170
56 170
119 170
47 170
65 170
124 170
158 170
96 170
36 170
9 170
83 170
61 170
44 170
2 170
59 170
45 170
114 170
127 170
147 170
130 170
4 170
169 170
12 170
168 171
131 171
169 171
104 171
12 171
65 171
166 171
64 171
89 171
114 171
20 171
102 171
124 171
45 171
132 171
41 171
74 171
137 171
128 171
95 171
14 171
105 171
79 171
5 171
151 171
43 171
96 171
75 171
49 171
97 171
16 171
125 171
72 171
22 171
150 171
58 171
93 171
86 171
103 171
52 171
106 171
162 171
62 171
27 171
123 171
90 171
59 171
42 171
92 171
28 171
1 171
143 171
11 171
35 171
40 171
134 171
127 171
130 171
50 171
56 171
94 171
84 171
26 171
6 171
23 171
87 171
66 171
139 171
144 171
9 171
116 171
15 171
71 171
32 171
31 171
160 171
146 171
36 171
100 171
38 171
8 171
154 171
21 171
78 171
101 171
51 171
91 171
98 171
141 171
165 171
149 171
18 171
33 171
99 171
3 171
110 171
133 171
54 171
46 171
55 171
53 171
147 171
44 171
30 171
77 171
85 171
148 171
159 171
68 171
24 171
145 171
37 171
161 171
152 171
135 171
73 171
60 171
4 171
111 171
25 171
163 171
113 171
2 171
108 171
121 171
10 171
164 171
109 171
117 171
138 171
19 171
142 171
157 171
117 172
162 172
57 172
47 172
90 172
7 172
49 172
29 172
144 172
2 172
85 172
21 172
3 172
23 172
95 172
17 172
167 173
12 173
47 173
52 173
152 173
17 173
40 173
71 173
62 173
7 173
154 173
24 173
65 173
14 173
4 173
171 173
73 173
129 173
110 173
49 173
3 173
106 173
93 173
29 173
147 173
16 173
141 173
168 173
119 173
87 173
37 173
165 173
68 173
114 173
113 173
117 173
50 173
60 173
6 173
125 173
85 173
53 173
61 173
149 173
15 173
137 173
74 173
11 173
51 173
136 173
88 173
89 173
35 173
156 173
118 173
95 173
153 173
67 173
72 173
100 173
77 173
138 173
103 173
139 173
56 173
123 173
57 173
1 173
151 173
20 173
161 173
170 173
172 173
98 173
39 173
105 173
116 173
112 173
5 173
2 173
69 173
26 173
46 173
32 173
109 173
38 173
102 173
91 173
48 173
90 173
44 173
104 173
75 173
78 173
33 173
70 173
145 173
143 173
84 173
31 173
28 173
10 173
148 173
97 173
144 173
92 173
121 173
9 173
66 173
131 173
130 173
108 173
140 173
128 173
159 173
30 173
124 173
160 173
166 173
58 173
76 173
157 173
25 173
146 173
13 173
120 173
55 173
45 173
79 173
18 173
94 173
96 173
63 173
107 173
81 173
155 173
133 173
27 173
36 173
115 173
162 173
21 173
169 173
42 173
23 173
80 173
127 173
22 173
101 173
142 173
111 173
126 173
164 173
163 173
134 173
54 173
59 173
135 173
43 173
158 173
64 173
19 173
41 173
86 173
109 174
87 174
1 174
80 174
149 174
112 174
89 174
72 174
145 174
34 174
2 174
113 174
64 174
48 174
5 174
62 174
9 174
100 174
127 174
75 174
27 174
114 174
93 174
28 174
155 174
70 174
147 174
98 174
95 174
156 174
24 174
45 174
14 174
3 174
105 174
108 174
10 174
152 174
115 174
69 174
133 174
22 174
162 174
66 174
32 174
13 174
120 174
35 174
29 174
19 174
159 174
23 174
20 174
51 174
146 174
11 174
71 174
83 174
101 174
59 174
92 174
94 174
43 174
6 174
164 174
42 174
167 174
50 174
135 174
56 174
173 174
81 174
168 174
137 174
40 174
151 174
165 174
60 174
88 174
104 174
79 174
143 174
119 174
131 174
39 174
166 174
37 174
49 174
154 175
53 175
109 175
98 175
132 175
148 175
21 175
47 175
138 175
3 175
15 175
108 175
105 175
30 175
10 175
38 175
41 175
145 175
56 175
42 175
107 175
74 175
171 175
31 175
165 175
89 175
118 175
158 175
66 175
22 175
167 175
35 175
75 175
159 175
85 175
97 175
115 175
161 175
86 175
45 175
120 175
34 175
104 175
18 175
101 175
13 175
110 175
147 175
40 175
113 175
55 175
60 175
57 175
151 175
72 175
131 175
99 175
94 175
157 175
46 175
14 175
83 175
1 175
8 175
6 175
130 175
146 175
126 175
7 175
73 175
36 175
133 175
25 175
64 175
81 175
90 175
52 175
19 175
172 175
114 175
137 175
102 175
80 175
174 175
135 175
122 175
116 175
27 175
166 175
4 175
50 175
33 175
69 175
5 175
23 175
61 175
28 175
2 175
119 175
78 175
129 175
136 175
170 175
62 175
91 175
150 175
155 175
153 175
156 175
123 175
63 175
164 175
20 175
39 175
173 175
34 176
130 176
102 176
25 176
37 176
56 176
173 176
27 176
89 176
158 176
114 176
121 176
148 176
78 176
83 176
141 176
123 176
49 176
109 176
91 176
120 176
86 176
135 176
14 176
111 176
42 176
47 176
77 176
85 176
51 176
142 176
139 176
57 176
149 176
105 176
107 176
170 176
24 176
127 176
45 176
112 176
16 176
66 176
131 176
90 176
162 176
96 176
144 176
55 176
88 176
33 176
104 176
136 176
58 176
113 176
110 176
122 176
29 176
143 176
157 176
31 176
118 176
61 176
165 176
22 176
155 176
17 176
145 176
39 176
100 176
140 176
80 176
8 176
87 176
169 176
71 176
106 176
166 176
35 176
103 176
68 176
126 176
20 176
74 176
164 176
75 176
32 176
4 176
137 176
98 176
132 176
3 176
50 176
171 176
116 176
6 176
10 176
48 176
64 176
12 176
160 176
72 176
23 177
126 177
169 177
17 178
70 178
150 178
39 178
97 178
160 178
6 178
38 178
92 178
175 178
35 178
88 178
148 178
53 178
105 178
120 178
166 178
95 178
13 178
167 178
114 178
63 178
57 178
94 178
101 178
40 178
18 178
74 178
168 178
102 178
108 178
79 178
8 178
58 178
93 178
80 178
66 178
118 178
72 178
5 178
119 178
83 178
117 178
127 178
138 178
159 178
47 178
140 178
139 178
155 178
46 178
77 178
90 178
62 178
128 178
84 178
163 178
158 178
106 178
141 178
42 178
124 178
2 178
50 178
103 178
112 178
125 178
29 178
36 178
169 178
121 178
86 178
161 178
7 178
31 178
26 178
43 178
81 178
1 178
14 178
33 178
173 178
45 178
3 178
93 179
34 179
63 179
104 179
32 179
69 179
47 179
12 180
42 180
16 180
77 180
160 180
100 180
116 180
151 180
36 180
49 180
11 180
144 180
139 180
173 180
145 180
24 180
14 180
113 180
74 180
41 180
112 180
52 180
154 180
35 180
104 180
21 180
148 180
38 180
40 180
26 180
132 180
17 180
97 180
178 180
9 180
158 180
143 180
110 180
37 180
71 180
135 180
61 180
107 180
4 180
25 180
159 180
155 180
175 180
18 180
146 180
53 180
105 180
167 180
19 180
101 180
43 180
67 180
44 180
161 180
95 180
1 180
94 180
90 180
118 180
133 180
50 180
83 181
38 181
22 181
48 181
129 181
80 181
89 181
3 181
170 181
148 181
62 181
70 181
162 181
109 181
165 181
44 181
116 181
145 181
96 181
94 181
4 181
66 181
10 181
173 181
56 181
63 181
163 181
41 181
178 181
126 181
168 181
166 181
154 181
81 181
39 181
153 181
8 181
131 181
161 181
86 181
111 181
67 181
88 181
55 181
64 181
6 181
137 181
133 181
35 181
16 181
130 181
40 181
179 181
23 181
106 181
117 181
47 181
2 181
115 181
45 181
134 181
14 181
119 181
159 181
114 181
121 181
91 181
107 181
142 181
157 181
52 181
59 181
152 181
112 181
158 181
76 181
95 181
5 181
105 181
36 181
53 181
141 181
169 181
175 181
90 181
69 181
37 181
15 181
102 181
177 181
151 181
110 181
156 181
29 181
143 181
138 181
122 181
85 181
171 181
78 181
19 181
79 181
97 181
32 181
21 181
150 181
18 181
127 181
17 181
176 181
26 181
123 181
136 181
164 181
135 181
49 181
71 181
124 181
99 181
139 181
68 181
174 181
125 181
1 181
34 181
46 181
93 181
20 181
24 182
175 182
67 182
126 182
91 182
53 182
96 182
26 182
134 182
5 182
89 182
80 182
49 182
155 182
51 182
45 182
36 182
170 182
72 182
99 182
66 182
12 182
2 182
79 182
153 182
120 182
8 182
139 182
150 182
34 182
166 182
110 182
136 182
25 182
90 182
121 182
27 182
140 182
158 182
59 182
100 182
30 182
98 182
104 182
149 182
117 182
32 182
94 182
123 182
173 182
18 182
4 182
65 182
102 182
172 182
93 183
89 183
165 183
68 183
168 183
137 183
79 183
170 183
17 183
144 183
178 183
175 183
154 183
49 183
149 183
161 183
142 183
105 183
125 183
80 183
74 183
156 183
169 183
121 183
146 183
77 183
48 183
14 183
86 183
7 183
138 183
67 183
101 183
153 183
140 183
61 183
126 183
97 183
46 183
141 183
95 183
124 183
113 183
70 183
122 183
59 183
39 183
94 183
32 183
162 183
40 183
103 183
90 183
181 183
133 183
41 183
92 183
30 183
160 183
118 183
5 183
108 183
151 183
104 183
71 183
33 183
26 183
84 183
11 183
155 183
55 183
24 183
3 183
42 183
177 183
16 183
19 183
148 183
54 183
150 183
38 183
172 183
112 183
114 183
127 183
72 183
6 183
58 183
34 183
76 183
1 183
75 183
167 183
98 183
56 183
44 183
159 183
29 184
183 184
38 184
129 184
22 184
94 184
172 184
150 184
52 184
83 184
60 184
15 184
43 184
165 184
80 184
69 184
121 184
41 184
6 184
95 184
124 184
162 184
51 184
49 184
174 184
134 184
135 184
57 184
118 184
91 184
123 184
36 184
131 184
139 184
122 184
136 184
159 184
142 184
79 184
23 184
138 184
13 184
145 184
5 184
47 184
107 184
31 184
114 184
53 184
16 184
158 184
4 184
177 184
65 184
81 184
111 184
73 184
37 184
160 184
133 184
19 184
175 184
35 184
128 184
179 184
148 184
102 184
166 184
171 184
163 184
50 184
167 184
124 185
118 185
83 185
166 185
30 185
58 185
77 185
70 185
130 185
104 185
10 185
59 185
31 185
25 185
169 185
84 185
154 185
143 185
24 185
6 185
139 185
8 185
134 185
180 185
148 185
158 185
3 185
66 185
28 185
108 185
4 185
41 185
125 185
178 185
164 185
21 185
160 185
73 185
15 185
171 185
99 185
131 185
55 185
146 185
64 185
23 185
176 185
87 185
78 185
156 185
107 185
40 185
97 185
165 185
47 185
20 185
27 185
63 185
109 185
167 185
184 185
54 185
181 185
168 185
151 185
51 185
56 185
177 185
43 185
89 185
34 185
163 185
32 185
172 185
122 185
155 185
100 185
38 185
175 185
182 185
39 185
1 185
85 185
129 185
22 185
133 185
60 185
7 185
8 186
48 186
122 186
80 186
126 186
124 186
131 186
13 186
141 186
41 186
98 186
167 186
99 186
111 186
92 186
22 186
28 186
110 186
137 186
116 186
64 186
78 186
143 186
46 186
91 186
156 186
142 186
164 186
154 186
35 186
119 186
4 186
163 186
144 186
129 186
84 186
25 186
109 186
18 186
27 186
79 186
63 186
155 186
151 186
185 186
160 186
114 186
82 186
127 186
19 186
47 186
172 186
26 186
14 186
135 186
70 186
54 186
150 186
75 186
170 186
37 186
49 186
33 186
1 186
42 186
171 186
39 186
101 186
45 186
60 186
2 186
139 186
102 186
113 186
95 186
138 186
146 186
165 186
161 186
32 186
59 186
74 186
76 186
121 186
40 186
148 186
96 186
112 186
117 186
176 186
31 186
180 186
89 186
107 186
43 186
62 186
93 186
77 186
5 186
83 186
72 186
132 186
105 186
173 186
157 186
145 186
174 186
169 186
158 186
100 186
88 186
106 186
24 186
159 186
81 186
44 186
168 186
38 186
118 186
149 186
69 186
136 186
120 186
94 186
57 186
182 186
10 186
162 186
67 186
30 186
68 186
125 186
104 186
73 186
103 186
56 186
134 186
108 186
115 186
17 186
66 186
139 187
151 187
100 187
165 187
104 187
114 187
106 187
46 187
55 187
107 187
181 187
155 187
95 187
146 187
69 187
18 187
173 187
31 187
148 187
156 187
141 187
14 187
9 187
161 187
68 187
131 187
149 187
12 187
167 187
108 187
96 187
171 187
135 187
21 187
174 187
79 187
37 187
60 187
180 187
53 187
72 187
6 187
2 188
56 188
167 188
87 188
128 188
156 188
169 188
154 188
109 188
136 188
23 188
19 188
112 188
18 188
107 188
40 188
91 188
183 188
101 188
133 188
110 188
105 188
160 188
30 188
75 188
67 188
139 188
125 188
28 188
47 188
174 188
155 188
55 188
129 188
95 188
152 188
81 188
42 188
45 188
134 188
20 188
72 188
80 188
172 188
142 188
176 188
53 188
61 188
7 188
93 188
46 188
115 188
175 188
74 188
68 188
163 188
51 188
3 188
168 188
148 188
124 188
121 188
144 188
85 188
31 188
49 188
57 188
1 188
123 188
179 188
84 188
104 188
73 188
146 188
187 188
66 188
21 188
5 188
59 188
39 188
76 188
44 188
103 188
71 188
70 188
90 188
97 188
102 188
145 188
8 188
89 188
36 188
118 188
37 188
43 188
143 188
153 188
164 188
29 188
170 188
17 188
149 188
63 188
100 188
32 188
130 188
141 188
65 188
79 188
111 188
52 188
38 188
120 188
88 188
26 188
162 188
113 188
132 188
181 188
12 188
151 188
41 188
16 188
58 188
92 188
157 188
10 188
82 188
25 188
94 188
9 188
131 188
127 188
173 188
75 189
167 189
111 189
48 189
69 189
87 189
143 189
179 189
98 189
58 189
157 189
185 189
37 189
117 189
3 189
140 189
71 189
172 189
5 189
100 189
93 189
21 189
67 189
130 189
74 189
173 189
17 189
7 189
19 189
34 189
133 189
55 189
85 189
176 189
15 189
165 189
52 189
163 189
137 189
39 189
141 189
121 189
12 189
103 189
152 189
9 189
50 189
166 189
61 189
35 189
109 189
170 189
62 189
18 189
36 189
70 189
149 189
120 189
144 189
159 189
89 189
162 189
107 189
161 190
145 190
34 190
9 190
73 190
128 190
138 190
102 190
182 190
160 190
114 190
99 190
89 190
124 190
165 190
8 190
94 190
71 190
26 190
29 190
40 190
121 190
50 190
14 190
43 190
172 190
60 190
141 190
180 190
117 190
54 190
25 190
83 190
91 190
68 190
107 190
63 190
132 190
15 190
97 190
98 190
166 190
177 190
13 190
171 190
45 190
1 190
77 190
17 190
57 190
178 190
96 190
108 190
93 190
16 190
150 190
170 190
69 190
42 190
103 190
33 190
81 190
110 190
105 190
154 190
140 190
82 190
37 190
44 190
21 190
156 190
6 190
61 190
137 190
136 190
87 190
143 190
66 190
148 190
188 190
152 190
31 190
167 190
52 190
131 190
142 190
59 190
41 190
85 190
129 190
155 190
146 190
5 190
70 190
74 190
164 190
49 190
90 190
120 190
24 190
153 190
139 190
4 190
104 190
162 190
158 190
2 190
174 190
179 190
126 190
62 190
116 190
109 190
67 190
159 190
176 190
88 190
127 190
149 190
18 190
64 190
125 190
79 190
76 190
36 190
10 190
3 190
183 190
7 190
135 190
53 190
181 190
86 190
157 190
187 190
184 190
84 190
115 190
48 190
55 190
65 190
30 190
173 190
46 190
175 190
28 190
20 190
47 190
106 190
123 190
11 190
80 190
75 190
78 190
19 190
130 190
134 190
23 190
51 190
151 190
185 190
39 190
32 190
92 190
169 190
189 190
118 190
100 190
38 190
72 190
113 190
133 190
101 190
58 190
56 190
22 190
168 190
27 190
122 190
35 190
186 190
147 190
119 190
95 190
72 191
49 191
126 191
15 191
58 191
37 191
186 191
130 191
147 191
171 191
128 191
136 191
181 191
1 191
180 191
174 191
95 191
138 191
35 191
189 191
156 191
139 191
150 191
175 191
153 191
155 191
77 191
125 191
104 191
26 191
121 191
182 191
47 191
17 191
50 191
188 191
93 191
48 191
19 191
131 191
91 191
43 191
38 191
102 191
184 191
6 191
74 191
152 191
103 191
60 191
144 191
146 191
88 191
85 191
42 191
55 191
57 191
21 191
4 191
75 191
137 191
173 191
34 191
158 191
30 191
148 191
96 191
116 191
56 191
176 191
76 191
89 191
61 191
36 191
24 191
25 191
65 191
95 192
2 192
22 192
70 192
50 192
71 192
67 192
32 192
184 192
61 192
159 192
76 192
12 192
117 192
102 192
21 192
8 192
26 192
170 192
88 192
55 192
25 192
188 192
103 192
190 192
4 192
167 192
172 192
74 192
124 192
155 192
168 192
99 192
28 192
181 192
35 192
104 192
91 192
46 192
118 192
63 192
162 192
145 192
105 192
39 192
90 192
41 192
53 192
65 192
147 192
94 192
44 192
37 192
150 192
84 192
30 192
38 192
58 192
11 192
57 192
45 192
16 192
186 192
138 192
127 192
40 192
34 192
98 192
151 192
146 192
66 192
153 192
82 192
175 192
36 192
69 192
135 192
23 192
75 192
9 192
86 192
80 192
174 192
17 192
123 192
81 192
177 192
120 192
144 192
110 192
108 192
42 192
139 193
188 193
158 193
68 193
95 193
37 193
20 193
109 193
121 193
142 193
138 193
93 193
73 193
192 193
10 193
130 193
34 193
85 193
152 193
103 193
190 193
172 193
118 193
39 193
111 193
174 193
11 193
29 193
19 193
126 193
113 193
24 193
136 193
104 193
115 193
86 193
77 193
66 193
119 193
18 193
105 193
8 193
170 193
191 193
91 193
124 193
123 193
182 193
94 193
144 193
25 193
92 193
141 193
128 193
53 193
56 193
38 193
149 193
156 193
74 193
58 193
64 193
100 193
184 193
43 193
147 193
171 193
150 193
167 193
129 193
133 193
50 193
154 193
59 193
99 193
146 193
98 193
159 193
108 193
22 193
23 193
65 193
15 193
2 193
134 193
75 193
176 193
6 193
67 193
76 194
168 194
4 194
188 194
88 194
78 194
65 194
43 194
94 194
159 194
25 194
44 194
177 194
84 194
111 194
190 194
77 194
100 194
121 194
108 194
68 194
160 194
33 194
45 194
183 194
113 194
21 194
110 194
151 194
34 194
57 194
39 194
133 194
29 194
8 194
26 194
164 194
191 194
122 194
48 194
124 194
178 194
79 194
7 194
55 194
106 194
166 194
137 194
171 194
18 194
36 194
32 194
169 194
150 194
107 194
12 194
62 194
92 194
80 194
131 194
66 194
136 194
152 194
64 194
156 194
28 194
158 194
38 194
15 194
175 194
49 194
123 194
179 194
81 194
154 194
46 194
102 194
155 194
9 194
30 194
54 194
145 194
86 194
127 194
90 194
6 194
19 194
180 194
144 194
52 194
50 194
125 194
143 194
130 194
40 194
161 194
116 194
170 194
117 194
192 194
58 194
167 194
176 194
115 194
1 194
148 194
185 194
140 195
128 195
71 195
194 195
91 195
73 195
39 195
152 195
138 195
27 195
88 195
7 195
145 195
160 195
113 195
191 195
192 195
141 195
77 195
176 195
149 195
165 195
93 195
15 195
180 195
90 195
10 195
69 195
84 195
59 195
33 195
92 195
54 195
159 195
65 195
9 195
169 195
78 195
60 195
81 195
40 195
137 195
148 195
1 195
103 195
57 195
186 195
94 195
121 195
86 195
143 195
25 195
4 195
85 195
178 195
122 195
190 195
61 195
155 195
5 195
42 195
127 195
31 195
135 195
187 195
67 195
95 195
167 195
34 195
24 195
48 195
162 195
20 195
87 195
53 195
124 195
118 195
80 195
62 195
110 195
2 195
96 195
35 195
136 195
126 195
63 195
139 195
156 195
74 195
100 195
108 195
29 195
102 195
107 195
174 195
146 195
157 195
44 195
184 195
13 195
104 195
68 195
79 195
47 195
168 195
21 195
38 195
154 195
101 195
164 195
182 195
134 195
51 195
117 195
163 195
172 195
166 195
45 195
185 195
170 195
72 195
171 195
82 195
144 195
28 195
19 195
132 195
129 195
131 195
175 195
114 195
6 195
181 195
120 195
37 195
32 195
55 195
130 195
46 195
125 195
52 195
153 195
151 195
177 195
17 195
49 195
111 195
98 195
43 195
173 195
36 195
22 195
189 195
99 195
66 195
12 195
109 195
89 195
30 195
3 195
161 195
14 195
150 195
26 195
188 195
58 195
75 195
56 195
158 195
76 195
18 195
41 195
105 195
119 195
11 195
179 195
112 195
142 195
183 195
83 195
23 195
38 196
9 196
73 196
103 196
24 196
136 196
13 196
105 196
37 196
22 196
172 196
8 196
162 196
120 196
17 196
194 196
161 196
186 196
57 196
4 196
110 196
71 196
35 196
56 196
193 196
95 196
90 196
107 196
69 196
154 196
169 196
84 196
41 196
1 196
18 196
171 196
30 196
104 196
111 196
139 196
47 196
170 196
44 196
28 196
93 196
155 196
58 196
65 196
19 196
131 196
54 196
174 197
86 197
96 197
175 197
79 197
26 197
196 197
194 197
14 197
189 197
131 197
46 197
64 197
158 197
52 197
49 197
84 197
40 197
37 197
152 197
114 197
164 197
88 197
54 197
29 197
191 197
78 197
142 197
94 197
71 197
62 197
22 197
6 197
42 197
27 197
11 197
101 197
28 197
104 197
77 198
107 198
88 198
82 198
26 198
98 198
72 198
14 198
6 198
150 198
51 198
176 198
25 198
33 198
9 198
130 198
144 198
165 198
50 198
149 198
120 198
92 198
24 198
54 198
78 198
122 198
71 198
185 198
160 198
134 198
125 198
40 198
171 198
81 198
152 198
172 198
178 198
36 198
192 198
32 198
84 198
46 198
89 198
142 198
148 198
18 198
31 198
87 198
39 198
105 198
184 198
158 198
188 198
1 198
5 198
124 198
135 198
113 198
177 198
67 198
68 198
146 198
127 198
101 198
38 198
118 198
153 198
145 198
121 198
41 198
55 198
85 198
8 198
159 198
193 198
170 198
97 198
187 198
3 198
75 198
66 198
4 198
16 198
58 198
143 198
17 198
161 198
79 198
10 198
163 198
21 198
90 198
133 198
138 198
27 198
99 198
93 198
53 198
104 198
141 198
64 198
114 198
139 198
30 198
181 198
147 198
136 198
37 198
96 198
73 198
23 198
43 198
95 198
91 198
129 198
60 198
110 198
191 198
132 198
169 198
62 198
65 198
45 198
19 198
59 198
42 198
106 198
140 198
57 198
196 198
94 198
86 198
162 198
186 198
154 198
155 198
48 198
151 198
173 198
189 198
12 198
117 198
80 198
175 198
167 198
197 198
35 198
63 198
76 198
56 198
195 198
194 198
34 198
47 198
123 198
183 198
20 198
83 198
174 198
128 198
74 198
126 198
182 198
2 198
44 198
111 198
49 198
69 198
13 198
112 198
70 198
22 198
108 198
103 198
180 198
7 198
28 198
115 198
119 198
157 198
15 198
100 198
116 198
102 198
61 198
52 198
11 198
137 198
166 198
131 198
179 198
23 199
102 199
187 199
136 199
159 199
30 199
172 199
20 199
194 199
99 199
14 199
132 199
178 199
117 199
127 199
152 199
126 199
38 199
66 199
139 199
112 199
65 199
63 199
18 199
140 199
31 199
56 199
79 199
161 199
83 199
153 199
61 199
78 199
157 199
95 199
154 199
185 199
128 199
193 199
180 199
5 199
171 199
111 199
77 199
82 199
173 199
43 199
68 199
167 199
69 199
93 199
58 199
19 199
32 199
189 199
84 199
59 199
48 199
6 199
64 199
142 199
3 199
9 199
26 199
122 199
108 199
28 199
50 199
156 199
94 199
110 199
16 199
174 199
57 199
1 199
181 199
36 199
143 199
118 199
39 199
109 199
190 199
4 199
53 199
134 199
124 199
138 199
71 199
2 199
87 199
55 199
86 199
147 199
182 199
145 199
10 199
97 199
168 199
88 199
21 199
34 199
137 199
192 199
177 199
80 199
17 199
45 199
116 199
100 199
160 199
96 199
42 199
165 199
144 199
27 199
62 199
49 199
155 199
73 199
52 199
195 199
115 199
67 199
22 199
170 199
135 199
29 199
72 199
101 199
52 200
8 200
144 200
166 200
171 200
7 200
160 200
69 200
125 200
179 200
24 200
50 200
130 200
36 200
141 200
177 200
82 200
131 200
112 200
114 200
154 200
101 200
189 200
137 200
163 200
182 200
190 200
193 200
143 200
191 200
13 200
27 200
90 200
155 200
2 200
53 200
133 200
164 200
94 200
30 200
60 200
41 200
96 200
10 200
19 200
151 200
145 200
37 200
107 200
100 200
21 200
126 200
74 200
161 200
108 200
136 200
44 200
40 200
55 200
120 200
4 200
79 200
173 200
6 200
187 200
15 200
70 200
138 200
89 200
196 200
