100 2257
1 2
2 3
1 3
1 4
2 4
3 4
4 5
1 5
3 5
2 5
3 6
4 6
2 7
2 8
7 8
5 8
3 8
7 9
6 9
5 9
3 9
1 9
8 9
4 9
2 9
8 10
7 10
9 10
3 10
6 10
4 10
5 10
1 10
2 11
7 11
6 11
1 11
9 11
10 11
10 12
3 12
2 12
7 13
12 13
10 13
10 14
3 14
6 14
9 15
3 15
11 15
14 15
6 15
12 15
11 16
1 16
7 16
4 16
12 16
13 16
16 17
7 17
11 17
4 18
8 18
11 18
6 18
7 18
15 18
13 18
17 18
4 19
11 19
9 19
12 19
17 19
5 19
15 19
3 19
18 19
6 19
8 19
10 19
7 19
16 19
1 19
13 19
9 20
11 20
17 20
2 20
1 20
2 21
8 21
1 21
20 21
15 21
10 21
5 22
21 22
1 22
7 22
7 23
15 23
11 23
16 23
10 23
9 23
22 23
18 23
6 23
20 24
15 25
24 25
1 25
18 25
4 26
16 26
18 26
22 26
23 26
11 26
5 26
17 26
9 26
15 27
17 27
6 27
24 27
5 27
20 27
4 27
26 27
2 27
21 27
22 27
11 27
14 27
8 27
7 27
16 27
12 27
19 27
9 27
18 27
1 27
23 27
13 27
25 27
8 28
11 28
10 28
14 28
16 28
17 28
6 28
21 28
15 28
26 28
3 28
13 28
19 28
5 28
25 28
18 28
9 28
2 28
22 28
1 28
7 28
20 28
27 28
24 28
23 28
4 28
12 29
8 29
7 29
27 29
24 29
29 30
18 30
26 30
27 30
22 30
5 30
8 30
9 30
20 30
19 30
21 30
3 30
16 30
15 30
28 30
17 30
1 30
24 30
6 30
23 30
4 30
10 30
1 31
14 31
13 31
9 31
11 31
8 31
19 31
23 31
25 31
28 31
3 31
12 31
15 31
5 31
2 31
18 31
24 31
10 31
4 31
16 31
22 31
27 31
15 32
18 32
9 32
10 32
11 32
13 32
22 32
31 32
20 32
16 32
27 32
29 32
1 32
26 32
17 32
5 32
19 32
28 32
7 32
24 32
12 33
13 33
22 33
17 33
32 33
5 33
21 33
31 33
2 33
9 33
18 33
16 33
9 34
10 34
26 34
1 34
27 34
33 34
21 34
24 34
32 34
28 34
4 34
15 34
5 34
2 34
3 34
15 35
13 35
9 35
1 35
11 35
30 35
3 35
6 35
7 35
29 36
6 36
20 36
13 36
21 36
8 36
4 36
32 36
27 36
24 36
14 36
22 36
34 36
2 36
35 36
33 36
31 36
5 36
15 36
25 36
9 36
10 36
3 36
19 36
16 36
17 36
31 37
12 37
33 37
9 37
4 37
21 37
2 37
6 37
32 37
29 37
11 37
7 37
5 37
34 37
23 37
18 37
27 37
24 37
19 37
13 37
26 37
28 37
22 37
30 37
14 37
10 37
15 37
36 37
1 37
16 37
17 37
25 37
20 37
3 37
6 38
22 38
36 38
27 38
28 38
19 38
5 38
32 38
33 38
13 38
24 38
31 38
26 38
35 38
3 38
17 38
29 38
2 38
12 38
25 38
18 39
27 39
11 39
21 39
26 39
12 39
2 39
9 39
17 39
35 39
13 39
33 39
29 39
25 39
19 39
31 39
6 39
28 39
38 39
34 39
16 39
4 39
11 40
25 40
34 40
14 40
4 40
16 40
39 40
17 40
15 40
35 40
36 40
38 40
7 41
29 41
21 41
8 41
25 41
17 41
39 41
4 41
23 41
15 41
24 41
35 41
38 41
22 41
19 41
9 41
5 41
13 41
11 41
20 41
6 42
31 42
37 42
25 42
25 43
6 43
28 43
29 43
32 43
15 43
36 43
14 43
27 43
9 43
18 43
19 43
13 44
17 44
40 44
32 44
21 44
38 44
41 44
19 44
15 44
3 44
1 44
12 44
37 44
26 44
42 44
44 45
34 45
40 45
14 45
8 45
4 45
19 45
27 45
41 45
6 45
20 45
9 45
36 45
37 45
2 46
30 46
8 46
28 47
10 47
42 47
45 47
5 47
39 47
40 47
35 47
13 47
22 47
19 47
36 47
3 47
27 47
29 47
11 47
9 47
31 48
29 48
37 48
30 48
13 49
8 50
20 50
18 50
38 50
48 50
6 50
15 50
5 50
37 50
39 50
7 50
19 50
33 50
28 50
23 50
11 50
4 50
14 50
10 50
43 50
30 50
40 50
36 50
42 50
25 50
22 50
26 50
41 50
24 50
47 50
16 50
17 50
35 50
29 50
45 50
3 50
12 50
46 50
34 50
49 50
31 50
48 51
2 51
28 51
38 51
6 51
42 51
17 51
29 51
23 51
40 51
18 51
32 51
13 51
34 51
16 51
43 51
41 51
1 51
44 51
7 51
3 51
45 51
20 51
26 51
12 51
46 51
31 51
49 51
4 52
8 52
43 52
27 52
26 52
45 52
42 52
17 52
49 52
1 52
32 52
35 52
16 52
44 52
40 52
19 52
47 52
2 52
12 52
31 52
24 52
48 52
36 52
28 52
41 52
7 52
21 52
11 52
51 52
23 52
20 52
33 52
25 52
50 52
28 53
1 53
11 53
25 53
41 53
29 53
2 53
50 54
36 54
27 54
12 54
38 54
46 54
44 54
13 54
41 54
34 54
17 54
23 54
2 54
53 54
49 54
11 54
47 54
16 54
4 54
48 54
8 54
6 54
32 54
11 55
1 55
6 55
54 55
41 55
42 55
22 55
47 55
9 55
7 55
37 55
15 55
33 55
14 55
21 55
33 56
42 56
16 56
19 56
45 56
23 56
50 56
2 56
34 56
27 56
43 56
37 56
49 56
54 56
51 56
48 56
28 56
21 56
18 56
53 56
30 56
17 56
52 56
31 56
8 56
15 56
40 56
35 56
32 56
14 56
29 56
46 56
36 56
11 56
12 56
47 57
22 57
49 57
21 57
12 57
40 57
25 57
5 57
28 57
42 57
9 57
19 57
34 57
56 57
53 57
23 57
10 57
26 57
4 57
33 57
27 57
48 57
29 57
17 57
44 57
31 57
56 58
18 58
20 58
24 58
53 58
51 58
57 58
6 58
47 58
50 58
19 58
38 58
26 58
30 58
41 58
1 58
2 58
22 58
45 58
36 58
23 58
34 58
49 58
14 58
12 58
35 58
5 58
48 58
52 58
28 58
17 58
42 58
15 58
44 58
16 58
40 58
4 58
43 58
55 58
9 58
3 58
8 58
29 58
46 58
54 58
33 58
31 58
10 58
11 58
39 58
27 58
14 59
41 59
24 59
21 59
17 59
35 59
26 59
48 59
15 59
34 59
33 59
18 59
54 59
4 59
16 59
43 59
58 59
38 59
37 59
49 59
10 59
8 59
44 59
39 59
36 59
40 59
50 59
53 59
29 59
47 60
23 60
48 60
56 60
29 60
44 60
47 61
28 61
3 61
27 61
21 61
13 61
5 61
31 61
55 61
10 61
33 61
40 61
19 61
37 61
58 61
30 61
18 61
52 61
49 61
60 61
53 61
7 61
38 61
51 61
56 61
6 61
41 61
16 61
15 61
12 61
34 61
25 61
54 61
57 61
29 61
2 61
24 61
50 61
43 61
20 61
22 61
23 62
22 62
47 62
4 62
60 62
11 62
42 62
40 62
3 62
50 62
58 62
18 62
43 62
44 62
5 62
27 62
49 62
26 62
28 62
7 62
24 62
48 62
25 62
32 62
29 62
38 62
9 62
8 62
45 62
33 62
16 62
13 62
34 62
57 62
56 62
10 62
7 63
20 63
46 63
30 63
54 63
25 63
49 63
33 63
15 63
62 63
43 63
11 63
21 63
4 63
10 63
26 63
35 63
12 63
28 63
61 63
55 63
2 63
38 63
56 63
22 63
53 63
5 63
44 63
60 63
6 63
1 63
31 63
47 63
9 63
14 63
41 63
32 63
34 63
40 63
50 63
39 63
48 63
17 63
13 63
59 63
57 63
23 63
58 63
8 63
29 63
3 63
37 63
42 63
16 63
36 63
24 63
10 64
26 64
5 64
61 64
3 64
21 64
13 64
49 64
59 64
37 64
20 64
54 64
24 64
32 64
11 64
43 64
15 64
46 64
47 64
44 64
35 64
33 64
53 64
1 64
63 64
20 65
65 66
3 66
17 66
54 66
30 66
28 66
43 66
10 66
22 66
64 66
57 66
11 66
23 66
20 66
60 66
58 66
27 66
52 66
6 66
1 66
21 66
42 66
51 66
45 66
5 66
48 66
50 66
15 66
32 66
31 66
4 66
37 66
2 66
61 66
26 66
53 66
33 66
16 66
49 66
47 66
63 66
25 66
7 66
14 66
62 66
40 66
35 66
44 66
34 66
41 66
24 66
9 66
59 66
18 66
13 66
46 66
19 66
36 66
56 66
8 66
55 66
29 66
39 66
38 66
10 67
20 67
15 67
54 67
33 67
16 67
3 67
49 67
57 67
4 67
62 67
42 67
7 67
29 67
61 67
34 67
11 67
52 67
48 67
36 67
18 67
58 67
9 67
47 67
8 67
21 67
30 67
35 67
45 67
22 67
52 68
22 68
19 68
6 68
55 68
34 68
38 68
40 68
4 68
13 68
64 68
47 68
53 68
61 68
15 68
14 68
18 68
30 68
17 68
62 68
7 68
56 68
54 68
24 68
29 68
8 68
43 68
3 68
32 68
9 68
23 68
41 68
31 68
20 68
16 68
11 68
66 68
42 68
46 68
51 68
26 68
2 68
5 68
63 68
49 68
65 68
37 68
60 68
31 69
22 69
67 69
3 69
5 69
26 69
45 69
1 69
17 69
20 69
15 69
14 69
13 69
53 69
43 69
57 69
66 69
58 69
38 69
16 69
65 69
9 69
57 70
45 70
3 70
61 70
5 70
40 70
67 70
58 70
12 70
51 70
22 70
19 70
49 70
14 70
38 70
18 70
48 70
30 70
7 70
23 70
60 70
26 70
6 70
2 70
53 70
11 70
17 70
4 70
69 70
28 70
16 70
32 70
37 70
50 70
36 70
15 70
44 70
55 70
64 70
54 70
52 70
27 70
10 70
47 70
1 71
38 71
18 71
54 71
26 71
13 71
64 71
46 71
59 71
36 71
13 72
59 72
12 72
21 72
41 72
61 72
55 72
54 72
33 72
51 72
22 72
4 72
60 72
11 72
1 72
31 72
32 72
30 72
7 72
56 73
57 73
54 73
3 73
29 73
14 73
32 73
21 73
61 73
10 73
59 73
36 73
12 73
52 73
8 73
72 73
46 73
4 73
23 73
39 73
41 73
53 73
26 73
5 73
48 73
70 73
31 73
30 73
44 73
27 73
45 73
38 73
35 73
13 73
62 73
64 73
50 73
16 73
40 73
69 73
63 73
20 73
24 73
15 73
66 73
33 73
65 73
7 73
34 73
43 73
68 73
28 73
1 73
18 73
49 73
71 73
51 73
55 74
37 74
12 74
36 75
7 75
29 75
35 75
58 75
55 75
56 75
18 75
41 75
39 75
66 75
11 75
33 75
21 75
17 75
74 75
2 75
1 75
25 75
32 75
71 75
45 75
53 75
61 75
3 75
19 75
10 75
26 75
67 75
13 75
28 75
6 75
20 75
34 75
70 75
44 75
54 75
51 75
8 75
4 75
14 75
31 75
23 75
57 75
65 75
46 75
43 75
63 75
47 75
52 75
27 75
30 75
49 75
72 75
68 75
42 75
48 75
64 75
37 75
18 76
51 76
4 76
30 76
56 76
44 76
38 76
75 76
22 76
37 76
63 76
7 76
49 76
13 76
55 76
53 76
67 76
62 76
21 76
31 76
10 76
24 76
33 76
57 76
71 76
3 76
2 76
20 76
28 76
41 76
36 76
12 76
65 76
66 76
59 76
19 76
39 76
6 76
45 76
8 76
64 76
58 76
42 76
50 76
70 76
25 76
48 76
46 76
74 76
35 76
15 76
23 76
16 76
32 76
47 76
60 76
27 76
61 76
1 76
68 76
69 76
26 76
14 76
5 76
29 77
57 77
10 77
33 77
52 77
40 77
45 77
60 77
17 77
49 77
2 77
54 77
47 77
24 77
3 77
48 77
63 77
34 77
1 77
62 77
38 77
19 77
25 77
50 77
6 77
49 78
3 78
72 78
8 79
9 79
14 79
64 79
37 79
54 79
39 79
41 79
53 79
4 79
70 79
11 79
47 79
7 79
28 79
17 79
67 79
13 79
36 79
46 79
44 79
30 79
38 79
32 79
19 79
26 79
50 79
20 79
42 79
12 79
61 79
58 79
65 79
25 79
57 79
60 79
72 79
16 79
34 79
66 79
2 79
23 79
35 79
43 79
73 79
33 79
29 79
22 79
18 79
52 79
49 79
55 79
10 79
74 80
40 80
7 80
49 80
22 80
55 80
2 80
47 80
52 80
11 80
4 80
72 80
15 80
13 80
77 80
33 80
61 80
53 80
37 80
17 80
63 80
35 80
32 80
30 80
25 80
19 80
75 80
73 80
71 80
45 80
65 80
20 80
50 80
30 81
59 81
64 81
23 81
65 81
52 81
29 81
44 81
78 81
9 81
40 81
16 81
77 81
7 81
4 81
24 81
79 81
62 81
33 81
69 81
35 81
21 81
60 81
15 81
19 81
5 81
45 81
8 81
22 81
56 81
12 82
43 82
74 82
7 82
15 83
54 83
19 84
40 84
63 84
46 84
22 84
81 84
3 85
18 85
64 85
40 85
54 85
79 85
12 85
69 85
49 85
51 85
28 85
76 85
43 85
62 85
61 85
53 85
63 85
16 85
52 85
39 85
77 85
15 85
70 85
50 85
74 85
8 85
9 85
34 85
46 85
57 85
44 85
2 85
82 85
10 85
14 85
27 85
55 85
81 85
80 85
39 86
48 86
43 86
65 86
85 86
75 86
36 86
25 86
50 86
20 87
8 87
83 87
15 87
81 87
6 87
40 87
31 87
16 87
49 87
23 87
41 87
10 87
84 87
35 87
59 87
82 87
75 87
12 87
86 87
77 87
76 87
13 87
34 87
69 87
28 87
24 87
9 87
2 87
27 87
85 87
46 87
32 87
65 87
3 87
60 87
68 87
39 87
48 87
22 87
57 87
36 87
64 87
30 87
79 87
33 87
61 87
67 87
78 87
45 87
73 87
70 87
4 87
26 87
11 87
19 87
51 87
53 87
74 87
25 87
30 88
87 88
67 88
29 88
20 88
28 88
35 88
13 88
48 88
26 88
15 88
4 88
21 88
3 88
16 88
7 88
12 89
30 90
62 90
51 90
59 90
24 90
67 90
18 90
33 90
74 90
34 90
80 90
50 90
87 90
44 90
42 90
83 90
13 90
2 90
86 90
25 90
85 90
15 90
68 90
55 90
20 90
4 90
63 90
77 90
28 90
6 90
65 90
56 90
72 90
64 90
40 91
31 91
46 91
59 91
86 91
73 92
16 92
80 92
8 92
56 92
33 92
58 92
29 92
75 92
47 92
37 92
38 92
60 92
53 92
39 92
49 92
44 92
7 92
13 92
2 92
24 92
87 92
50 92
70 92
14 92
9 92
72 92
88 92
34 92
52 92
57 92
59 92
64 92
85 92
28 92
43 92
20 92
63 92
27 92
78 92
31 92
40 92
76 92
82 92
81 92
68 92
1 92
21 92
12 92
5 92
3 92
45 92
32 92
65 92
71 92
74 92
61 92
30 92
18 92
84 92
86 92
67 92
77 92
42 92
6 92
79 92
46 92
19 92
83 92
17 92
69 92
22 92
11 92
15 92
90 92
36 92
35 92
4 92
26 92
89 92
23 92
55 92
91 92
25 92
54 92
51 92
62 93
17 93
39 93
38 93
41 93
71 93
48 93
32 93
92 93
61 93
15 93
28 93
55 93
69 93
19 93
54 93
3 93
26 93
53 93
5 93
11 93
18 93
74 93
24 93
77 93
46 93
73 93
50 93
51 93
29 93
82 93
22 93
13 93
59 93
85 93
35 93
27 93
58 93
72 93
56 93
12 93
60 93
7 93
83 93
76 93
4 93
49 93
75 93
40 93
70 93
66 93
80 93
25 93
64 93
36 93
31 93
89 93
57 93
37 93
30 93
91 93
9 93
33 93
52 93
6 93
59 94
87 94
3 94
44 94
10 94
53 94
36 94
39 94
8 94
76 94
14 94
19 94
24 94
78 94
31 94
20 94
7 94
71 94
50 94
16 94
65 94
74 94
30 94
77 94
61 94
85 94
58 94
84 94
80 94
41 94
43 94
25 94
56 94
6 94
70 94
40 94
38 94
9 94
62 94
42 94
57 94
28 94
49 94
11 94
37 94
83 94
92 94
17 94
1 94
2 94
81 94
22 94
86 94
63 94
51 94
33 94
60 94
88 94
68 94
91 94
52 94
46 94
26 94
21 94
89 94
12 94
69 94
18 94
79 94
73 94
64 94
23 94
34 94
72 94
66 94
90 94
32 94
35 94
13 94
4 94
47 94
91 95
37 95
2 95
54 95
23 95
6 95
61 95
40 95
32 95
59 95
29 95
89 95
7 95
74 95
34 95
41 95
66 95
16 95
9 95
52 95
53 95
76 95
45 95
20 95
79 95
18 95
77 95
8 95
48 95
30 95
19 95
82 95
75 95
65 95
22 95
21 95
64 95
90 95
81 95
69 95
12 95
85 95
11 95
60 95
68 95
38 95
10 95
86 95
36 95
24 95
94 95
15 95
55 95
27 95
44 95
57 95
58 95
5 95
49 95
13 95
72 95
43 95
3 95
25 95
83 95
14 95
56 95
78 95
62 95
28 95
73 95
67 95
93 95
33 95
70 95
46 95
50 95
1 95
17 95
84 95
63 95
51 95
4 95
71 95
92 95
42 95
88 95
31 95
87 95
47 95
92 96
18 96
43 96
70 96
30 96
8 96
90 96
91 96
88 96
75 96
11 96
27 96
87 96
74 96
50 96
2 96
20 96
41 96
49 96
12 96
76 96
29 96
38 96
66 96
69 96
51 96
94 96
9 96
77 96
40 96
45 96
32 96
60 96
83 96
62 96
58 96
16 96
25 96
3 96
46 96
68 96
48 96
34 96
95 97
72 97
37 97
59 97
35 97
9 97
56 97
90 97
55 97
23 97
7 97
92 97
33 97
25 97
18 97
31 97
91 97
16 97
64 97
77 97
76 97
86 97
61 98
10 98
37 98
5 98
2 98
22 98
42 98
51 98
1 98
52 98
53 98
47 98
66 98
75 98
64 98
13 98
33 98
85 98
3 98
80 98
68 98
28 98
35 98
72 98
16 98
70 98
39 98
36 98
58 98
29 98
44 98
54 98
18 98
89 98
34 98
81 98
97 98
95 98
43 98
32 98
69 98
90 98
77 98
46 98
73 98
96 98
78 98
62 98
83 98
67 98
14 98
88 98
71 98
76 98
50 98
12 98
82 98
57 98
55 98
94 98
45 98
41 98
15 98
31 98
84 98
21 98
74 98
65 98
17 98
91 98
94 99
8 99
4 99
48 99
36 99
67 99
60 99
76 99
38 99
51 99
59 99
39 99
77 99
87 99
74 99
50 99
80 99
53 99
89 99
31 99
66 99
40 99
72 99
69 99
83 99
32 99
10 99
16 99
84 99
49 99
34 99
47 99
43 99
6 99
24 99
5 99
52 99
37 99
96 99
19 99
85 99
98 99
88 99
9 99
92 99
82 99
7 99
73 99
64 99
65 99
2 99
12 99
3 99
61 99
26 99
18 99
15 99
95 99
57 99
44 99
70 99
97 99
30 99
54 99
1 99
20 99
93 99
25 99
22 99
90 99
28 99
68 99
46 99
45 99
91 99
11 99
58 99
71 99
42 99
14 99
23 99
17 99
35 99
81 99
75 99
41 99
79 99
27 99
29 99
21 99
86 99
63 99
13 99
55 99
78 99
33 99
56 99
75 100
45 100
4 100
26 100
69 100
42 100
79 100
88 100
41 100
35 100
76 100
91 100
46 100
65 100
52 100
81 100
20 100
78 100
40 100
29 100
2 100
60 100
72 100
54 100
51 100
