100 100
79 6
78 38
22 51
24 29
68 60
43 70
61 47
27 93
14 77
56 57
33 83
71 14
12 76
9 13
47 88
18 24
25 40
100 20
94 62
63 72
19 21
97 84
73 92
57 2
62 22
65 89
31 78
87 18
86 94
58 34
5 19
49 90
69 45
80 11
4 71
67 5
89 73
99 74
81 30
10 99
15 37
2 4
13 59
88 1
60 58
74 44
39 56
64 46
7 69
3 95
36 91
37 81
38 12
28 68
44 66
90 33
45 79
32 75
29 53
46 35
30 96
66 8
53 52
35 55
83 26
92 25
1 61
85 64
34 41
20 65
52 98
59 42
51 86
6 63
95 15
21 50
26 80
98 7
16 3
70 43
40 82
84 28
75 97
55 16
17 32
11 10
96 87
50 100
41 67
72 23
91 39
48 31
76 36
54 48
8 27
93 85
77 54
42 17
23 9
82 49
