1000000 100
428420 967034
542764 966160
122801 415823
799757 693996
907471 617579
877966 860729
296231 501888
232267 905504
778482 93836
890219 250194
414539 209028
818645 998728
393410 974112
156296 197360
697030 702885
10796 125449
669918 69911
91609 309070
485733 891365
3065 393203
25296 397383
770283 321526
899270 2549
227029 194103
612737 633599
960648 27275
358978 779293
542354 752387
269756 698649
466098 966786
917885 476893
608586 587803
63155 700194
413224 65240
107911 416289
974794 133206
330023 745077
971083 229292
263977 714463
423394 393065
348061 900394
420340 707039
679686 479045
975777 949441
694046 441875
916226 611930
435119 41164
716084 14626
741357 129308
79865 365619
61948 571010
15176 391970
316086 986258
137613 96415
217072 77358
489479 81485
977751 426170
304875 657436
905215 797003
606877 115612
238877 39454
727541 190348
80617 443625
721325 338326
89284 801189
220296 151231
372198 235472
59552 204636
738081 197164
301050 955153
274521 790528
552989 252272
733050 857863
909707 638264
654865 32935
753875 410094
588741 997767
600441 185709
957743 321765
40386 47026
639305 260682
714608 527854
12505 774159
732489 266937
971322 549890
738441 245843
856770 291429
14466 589819
149291 924172
744434 804156
473459 14660
214249 578551
12426 331041
764259 486521
169157 804645
49898 324813
581678 764506
369018 110534
55016 617859
377470 542690
