1000000 50
530195 947764
350053 57830
496085 137767
265679 791324
458911 949135
443274 753666
823662 293206
159585 368799
408736 361978
318887 218675
217614 463596
175161 65473
416669 726951
36375 426350
519600 933737
511234 566146
397853 861286
623976 893937
515404 406006
685261 490667
871493 644886
244332 695154
938091 920268
580305 863178
282245 899191
81852 16211
879138 773364
598035 812158
500314 634409
754859 536266
84498 266092
102411 998702
643730 242738
408990 159133
648744 610602
649799 520236
255487 410483
731741 709929
330750 312045
573106 129347
727588 171310
145557 606725
944673 743591
418883 444987
894352 173741
981252 495201
956185 600014
493902 599914
842752 902891
275398 7847
