300
141 126 114 131 105 98 114 10 96 125 125 84 95 88 123 35 3 146 106 22 34 93 69 9 63 62 15 142 99 147 74 136 60 139 126 2 79 99 138 133 90 16 134 38 149 8 43 124 110 51 38 112 150 68 41 111 19 6 118 14 92 60 12 10 17 30 80 119 65 109 28 129 3 20 25 85 28 134 76 30 116 109 130 124 52 67 6 138 42 59 144 71 91 81 148 91 63 56 70 129 27 4 77 141 102 105 104 57 11 89 108 2 23 46 5 150 74 100 145 47 133 7 14 62 53 137 113 51 75 81 80 132 83 147 29 139 97 65 120 64 8 34 32 117 33 94 76 140 140 103 149 73 122 39 107 112 61 15 83 44 54 61 115 73 33 13 40 66 42 36 78 69 26 49 50 48 100 84 90 146 58 75 78 26 55 106 98 55 72 56 77 137 107 113 86 96 37 102 101 23 92 41 13 16 127 122 45 130 115 48 37 132 64 135 135 93 29 123 68 52 143 53 88 104 82 21 1 128 127 143 21 111 18 94 58 31 20 121 27 117 70 101 136 24 5 49 116 54 142 4 131 12 32 25 72 95 121 36 19 50 45 110 39 7 82 85 40 128 119 120 46 9 87 97 148 103 22 87 35 17 144 118 1 31 108 67 24 86 57 18 47 66 44 89 145 71 43 79 59 11
1 2
2 3
3 4
4 5
5 6
6 7
7 8
8 9
9 10
10 11
11 12
12 13
13 14
14 15
15 16
16 17
17 18
18 19
19 20
20 21
21 22
22 23
23 24
24 25
25 26
26 27
27 28
28 29
29 30
30 31
31 32
32 33
33 34
34 35
35 36
36 37
37 38
38 39
39 40
38 41
17 42
34 43
10 44
38 45
22 46
34 47
47 48
10 49
26 50
50 51
43 52
12 53
53 54
39 55
55 56
56 57
57 58
57 59
1 60
17 61
1 62
62 63
61 64
48 65
5 66
17 67
16 68
41 69
54 70
65 71
71 72
11 73
34 74
37 75
31 76
76 77
1 78
32 79
70 80
80 81
51 82
82 83
65 84
84 85
19 86
43 87
74 88
84 89
6 90
87 91
50 92
69 93
60 94
43 95
93 96
72 97
39 98
98 99
75 100
12 101
91 102
68 103
103 104
78 105
72 106
106 107
73 108
108 109
54 110
27 111
98 112
47 113
113 114
18 115
89 116
47 117
117 118
96 119
87 120
95 121
97 122
122 123
3 124
29 125
125 126
28 127
94 128
69 129
27 130
28 131
79 132
117 133
125 134
127 135
122 136
136 137
98 138
103 139
62 140
140 141
19 142
34 143
99 144
53 145
90 146
32 147
132 148
148 149
63 150
150 151
74 152
29 153
50 154
154 155
15 156
78 157
75 158
15 159
124 160
160 161
130 162
134 163
135 164
18 165
58 166
100 167
167 168
1 169
169 170
163 171
48 172
111 173
171 174
38 175
175 176
36 177
140 178
178 179
69 180
180 181
161 182
61 183
165 184
184 185
185 186
63 187
5 188
82 189
189 190
160 191
89 192
192 193
4 194
194 195
84 196
59 197
83 198
198 199
133 200
190 201
66 202
39 203
203 204
193 205
107 206
64 207
207 208
208 209
170 210
120 211
38 212
147 213
159 214
39 215
153 216
194 217
80 218
218 219
219 220
10 221
138 222
84 223
139 224
213 225
175 226
13 227
227 228
228 229
92 230
19 231
174 232
189 233
198 234
134 235
235 236
111 237
2 238
24 239
220 240
52 241
181 242
83 243
243 244
215 245
3 246
246 247
247 248
248 249
249 250
140 251
251 252
252 253
139 254
51 255
223 256
256 257
257 258
107 259
72 260
260 261
261 262
243 263
260 264
102 265
99 266
266 267
267 268
209 269
269 270
262 271
271 272
136 273
80 274
274 275
229 276
276 277
277 278
133 279
176 280
280 281
281 282
208 283
67 284
75 285
101 286
286 287
1 288
86 289
90 290
290 291
264 292
247 293
293 294
68 295
260 296
219 297
203 298
37 299
253 300
