100
16 48 33 6 48 8 14 49 32 37 43 49 11 6 36 1 13 15 41 43 41 18 24 46 12 44 12 7 24 20 25 30 42 29 35 14 32 29 17 40 30 16 7 38 18 9 23 9 42 37 5 20 50 13 31 31 50 47 4 3 26 23 40 28 1 33 2 21 25 10 10 22 21 2 27 8 45 36 3 4 44 45 38 27 34 47 5 11 46 39 17 15 19 19 39 34 26 22 28 35
1 2
1 3
2 4
4 5
2 6
3 7
3 8
2 9
8 10
1 11
11 12
4 13
13 14
12 15
14 16
11 17
4 18
13 19
18 20
17 21
13 22
13 23
23 24
11 25
12 26
5 27
27 28
20 29
3 30
12 31
31 32
27 33
3 34
21 35
23 36
10 37
14 38
18 39
39 40
3 41
30 42
19 43
2 44
33 45
20 46
46 47
47 48
8 49
22 50
50 51
24 52
36 53
24 54
9 55
38 56
38 57
4 58
18 59
59 60
34 61
10 62
5 63
25 64
11 65
37 66
66 67
39 68
68 69
66 70
66 71
29 72
61 73
10 74
57 75
9 76
49 77
51 78
59 79
28 80
37 81
81 82
46 83
32 84
8 85
85 86
82 87
77 88
55 89
45 90
20 91
86 92
43 93
58 94
30 95
33 96
48 97
31 98
70 99
62 100
