100
46 37 50 5 36 7 4 2 11 16 30 42 5 1 29 1 34 3 35 43 3 36 39 2 33 29 4 14 45 41 41 26 39 19 48 20 35 13 32 22 8 23 34 9 18 32 40 31 9 19 28 45 6 50 44 23 43 17 46 47 15 18 40 21 10 33 15 14 42 11 22 44 17 25 30 38 8 24 13 20 25 16 27 21 27 48 49 37 7 26 49 24 47 28 12 10 31 6 38 12
1 2
2 3
3 4
3 5
5 6
4 7
7 8
7 9
6 10
10 11
7 12
10 13
5 14
1 15
15 16
15 17
17 18
15 19
19 20
20 21
2 22
15 23
17 24
7 25
18 26
26 27
27 28
12 29
25 30
30 31
13 32
20 33
33 34
3 35
23 36
19 37
18 38
38 39
39 40
10 41
41 42
37 43
43 44
44 45
45 46
39 47
17 48
40 49
49 50
25 51
50 52
52 53
53 54
22 55
12 56
31 57
14 58
58 59
22 60
44 61
61 62
62 63
63 64
21 65
65 66
50 67
67 68
3 69
4 70
70 71
71 72
71 73
73 74
74 75
75 76
29 77
77 78
78 79
24 80
71 81
21 82
82 83
83 84
45 85
85 86
86 87
87 88
88 89
89 90
90 91
91 92
92 93
93 94
10 95
95 96
4 97
97 98
38 99
60 100
