100
27 33 49 7 18 11 6 46 30 34 16 46 6 1 24 41 48 8 50 50 19 38 24 20 13 5 20 42 26 40 25 17 35 3 29 8 4 37 25 36 1 10 15 26 47 12 22 10 43 13 14 18 41 7 33 30 2 39 35 49 16 45 44 21 12 32 15 32 17 43 28 28 22 34 31 31 23 37 19 9 42 3 2 27 4 48 14 23 5 38 47 45 40 9 21 39 11 36 44 29
1 2
2 3
3 4
4 5
5 6
6 7
3 8
4 9
1 10
10 11
11 12
12 13
13 14
14 15
15 16
16 17
17 18
18 19
19 20
20 21
7 22
22 23
23 24
2 25
25 26
6 27
14 28
28 29
29 30
30 31
31 32
10 33
29 34
34 35
35 36
25 37
37 38
38 39
39 40
40 41
9 42
42 43
43 44
44 45
45 46
46 47
47 48
48 49
49 50
50 51
27 52
52 53
15 54
54 55
39 56
56 57
57 58
58 59
9 60
60 61
61 62
62 63
63 64
21 65
50 66
19 67
48 68
68 69
69 70
70 71
71 72
72 73
73 74
74 75
70 76
76 77
77 78
4 79
79 80
44 81
81 82
82 83
25 84
14 85
85 86
86 87
87 88
39 89
75 90
11 91
91 92
31 93
93 94
94 95
95 96
39 97
28 98
98 99
99 100
