100
41 50 15 49 9 14 13 48 12 36 37 45 19 6 46 2 23 33 7 20 8 50 3 5 19 42 28 10 8 22 31 1 28 24 7 30 33 47 26 34 38 17 27 4 14 31 32 42 34 29 37 38 4 22 40 12 35 25 44 39 26 30 18 48 27 21 36 46 18 23 41 35 40 43 20 29 5 16 3 32 1 43 21 17 16 44 2 49 24 45 47 39 13 9 11 15 6 25 11 10
1 2
2 3
3 4
4 5
5 6
6 7
7 8
8 9
9 10
10 11
11 12
12 13
13 14
14 15
15 16
16 17
17 18
18 19
19 20
20 21
21 22
22 23
23 24
24 25
25 26
26 27
27 28
28 29
29 30
30 31
31 32
32 33
33 34
34 35
35 36
36 37
37 38
38 39
39 40
8 41
18 42
42 43
19 44
30 45
10 46
25 47
35 48
48 49
13 50
50 51
32 52
49 53
46 54
44 55
46 56
56 57
10 58
20 59
48 60
60 61
30 62
44 63
38 64
64 65
34 66
46 67
57 68
6 69
69 70
13 71
67 72
72 73
73 74
74 75
37 76
63 77
6 78
78 79
11 80
80 81
57 82
21 83
11 84
55 85
85 86
64 87
87 88
88 89
16 90
90 91
91 92
92 93
46 94
94 95
95 96
96 97
40 98
98 99
99 100
