200
89 76 71 79 27 17 92 57 54 43 99 48 3 3 4 23 65 12 28 38 40 29 34 7 69 82 98 55 60 34 47 94 93 10 52 46 70 11 9 51 86 87 50 96 67 75 12 56 19 36 77 77 17 39 60 76 41 47 82 37 80 74 32 90 72 88 69 44 45 84 45 1 43 39 31 70 14 8 15 64 67 92 38 20 54 16 21 91 5 64 27 99 61 86 53 89 36 13 87 25 28 23 78 24 11 58 6 93 96 15 66 33 2 84 73 46 31 32 62 10 30 49 81 35 49 100 79 53 55 78 88 2 85 62 63 7 97 63 9 35 56 83 48 20 85 8 42 59 57 90 16 5 33 95 65 95 66 1 22 30 6 18 80 26 61 24 68 40 72 18 71 4 37 14 26 91 94 68 44 83 100 59 22 50 73 13 29 25 51 75 97 52 21 19 58 41 98 74 81 42
1 2
1 3
3 4
1 5
5 6
6 7
7 8
7 9
4 10
1 11
2 12
5 13
8 14
14 15
9 16
1 17
15 18
3 19
4 20
12 21
8 22
7 23
23 24
4 25
8 26
26 27
20 28
28 29
12 30
25 31
19 32
19 33
1 34
17 35
35 36
2 37
2 38
38 39
4 40
34 41
22 42
42 43
40 44
38 45
38 46
16 47
31 48
25 49
41 50
47 51
47 52
52 53
53 54
13 55
34 56
34 57
4 58
16 59
59 60
41 61
43 62
62 63
18 64
30 65
3 66
52 67
26 68
24 69
69 70
32 71
3 72
19 73
41 74
74 75
5 76
76 77
47 78
10 79
65 80
34 81
81 82
30 83
13 84
84 85
40 86
75 87
10 88
15 89
27 90
3 91
26 92
53 93
51 94
63 95
95 96
95 97
38 98
35 99
75 100
26 101
65 102
16 103
41 104
81 105
87 106
37 107
52 108
108 109
78 110
8 111
37 112
12 113
42 114
107 115
81 116
104 117
95 118
118 119
53 120
22 121
100 122
12 123
88 124
84 125
124 126
92 127
115 128
32 129
69 130
119 131
99 132
17 133
37 134
68 135
8 136
128 137
6 138
138 139
95 140
106 141
138 142
29 143
25 144
56 145
50 146
89 147
147 148
51 149
49 150
26 151
107 152
45 153
153 154
8 155
125 156
81 157
76 158
112 159
146 160
52 161
5 162
58 163
63 164
161 165
56 166
134 167
69 168
35 169
14 170
53 171
46 172
4 173
87 174
113 175
166 176
33 177
148 178
8 179
96 180
100 181
5 182
178 183
15 184
40 185
15 186
170 187
67 188
13 189
79 190
39 191
27 192
102 193
112 194
22 195
92 196
100 197
52 198
23 199
179 200
