200
24 71 19 84 88 90 41 54 89 94 60 78 79 9 42 96 94 42 89 90 55 51 68 12 59 91 21 67 53 13 11 69 31 36 73 5 49 66 15 81 28 60 97 32 73 7 44 61 84 85 91 93 49 38 92 29 13 36 59 58 77 88 55 2 34 68 86 78 83 17 26 87 23 62 92 8 43 74 47 98 51 30 63 14 20 40 11 22 79 93 21 82 87 47 34 45 53 70 18 16 100 66 2 99 14 71 27 98 4 43 39 25 85 97 56 5 72 23 80 29 31 58 64 69 56 37 83 62 24 76 7 33 61 9 46 3 3 35 39 52 8 67 25 72 6 28 1 76 10 100 33 48 10 65 82 15 26 65 19 1 86 4 50 52 50 41 96 20 48 30 70 40 38 16 95 81 37 46 35 95 32 99 57 77 54 17 18 63 6 57 44 22 74 75 27 45 75 12 80 64
1 2
2 3
1 4
2 5
1 6
5 7
4 8
3 9
6 10
8 11
1 12
12 13
10 14
3 15
15 16
11 17
17 18
4 19
6 20
5 21
9 22
6 23
17 24
19 25
14 26
26 27
11 28
9 29
5 30
24 31
11 32
32 33
26 34
21 35
2 36
36 37
31 38
17 39
39 40
3 41
41 42
42 43
17 44
10 45
38 46
2 47
18 48
5 49
2 50
33 51
33 52
46 53
52 54
9 55
43 56
56 57
37 58
16 59
59 60
42 61
51 62
5 63
54 64
54 65
65 66
27 67
64 68
2 69
53 70
16 71
71 72
72 73
37 74
73 75
75 76
76 77
67 78
37 79
28 80
33 81
39 82
24 83
24 84
84 85
4 86
55 87
13 88
88 89
31 90
8 91
29 92
16 93
70 94
54 95
15 96
20 97
63 98
64 99
80 100
20 101
60 102
43 103
103 104
60 105
66 106
106 107
25 108
40 109
77 110
91 111
58 112
112 113
28 114
74 115
70 116
97 117
106 118
8 119
25 120
120 121
34 122
115 123
115 124
62 125
34 126
68 127
85 128
120 129
102 130
70 131
92 132
132 133
38 134
75 135
135 136
87 137
67 138
138 139
28 140
94 141
96 142
142 143
56 144
29 145
94 146
31 147
15 148
148 149
149 150
127 151
99 152
44 153
64 154
60 155
124 156
65 157
157 158
127 159
159 160
160 161
145 162
17 163
163 164
99 165
87 166
166 167
158 168
162 169
169 170
109 171
123 172
172 173
154 174
10 175
168 176
36 177
104 178
117 179
16 180
180 181
109 182
166 183
182 184
184 185
48 186
186 187
47 188
81 189
25 190
172 191
102 192
124 193
151 194
194 195
133 196
103 197
43 198
162 199
199 200
