200
1 56 84 38 14 36 4 85 13 31 15 92 73 60 99 95 65 53 87 23 26 81 77 40 86 6 94 12 33 98 19 41 34 36 65 15 75 89 57 61 34 11 25 58 93 46 63 59 90 48 35 49 67 82 42 32 51 69 18 84 93 12 19 21 37 73 32 68 47 77 9 55 28 66 39 78 8 14 45 49 57 41 67 87 5 2 70 79 31 96 94 39 4 52 59 27 79 44 68 10 9 69 24 60 1 83 16 83 3 23 42 64 46 62 88 8 63 66 82 6 100 72 5 54 70 13 50 97 71 30 78 76 71 51 20 89 85 40 90 22 86 11 56 30 29 16 48 2 52 28 95 100 26 17 98 55 74 91 75 27 24 64 62 3 10 91 33 7 92 58 43 96 74 37 54 80 22 47 43 53 25 99 35 88 61 97 7 45 72 38 50 44 17 76 21 29 80 18 81 20
1 2
1 3
3 4
4 5
5 6
6 7
6 8
8 9
9 10
10 11
11 12
6 13
1 14
14 15
15 16
2 17
6 18
8 19
19 20
20 21
20 22
22 23
16 24
24 25
25 26
26 27
18 28
11 29
29 30
10 31
31 32
32 33
25 34
23 35
21 36
36 37
15 38
38 39
39 40
40 41
7 42
16 43
15 44
44 45
45 46
18 47
47 48
48 49
37 50
50 51
51 52
52 53
5 54
54 55
23 56
5 57
57 58
58 59
11 60
3 61
61 62
3 63
63 64
44 65
23 66
66 67
67 68
68 69
69 70
32 71
71 72
72 73
49 74
52 75
75 76
76 77
77 78
78 79
29 80
43 81
81 82
82 83
83 84
84 85
23 86
86 87
87 88
88 89
44 90
54 91
69 92
92 93
24 94
30 95
69 96
96 97
97 98
98 99
99 100
22 101
55 102
102 103
103 104
46 105
15 106
53 107
106 108
107 109
109 110
110 111
111 112
60 113
78 114
26 115
17 116
116 117
117 118
20 119
30 120
120 121
90 122
122 123
123 124
51 125
125 126
98 127
127 128
128 129
25 130
70 131
102 132
108 133
104 134
134 135
87 136
127 137
51 138
138 139
139 140
140 141
141 142
36 143
143 144
22 145
119 146
146 147
1 148
39 149
149 150
150 151
151 152
152 153
4 154
87 155
155 156
12 157
48 158
158 159
159 160
160 161
161 162
89 163
163 164
164 165
71 166
166 167
167 168
168 169
31 170
170 171
133 172
64 173
173 174
96 175
175 176
176 177
65 178
178 179
83 180
180 181
71 182
182 183
183 184
154 185
185 186
186 187
154 188
10 189
176 190
190 191
191 192
192 193
193 194
104 195
195 196
53 197
197 198
198 199
199 200
