200
77 43 8 20 80 48 56 41 13 51 6 99 7 16 44 65 89 86 2 2 19 50 26 62 78 76 91 20 63 37 27 70 92 55 39 54 4 82 17 75 89 28 59 17 85 26 57 30 18 32 34 91 72 33 88 58 99 1 38 1 9 79 21 16 35 40 52 96 34 83 10 74 48 28 25 98 45 24 88 25 47 9 66 42 44 93 81 90 79 36 47 46 67 42 31 45 24 97 84 68 71 54 60 66 85 8 73 35 50 61 49 6 93 18 81 21 27 14 33 41 12 32 61 98 3 100 100 95 58 87 57 29 31 53 29 5 12 59 65 53 15 49 38 14 11 4 64 82 94 74 90 7 23 72 23 11 13 5 36 51 19 70 94 71 78 73 63 22 52 15 75 46 60 55 22 40 95 87 92 76 62 3 83 67 80 86 39 96 84 69 77 30 43 56 10 64 37 69 97 68
1 2
1 3
3 4
4 5
4 6
6 7
7 8
8 9
9 10
7 11
6 12
12 13
13 14
13 15
15 16
16 17
4 18
2 19
19 20
7 21
11 22
22 23
23 24
5 25
25 26
26 27
27 28
3 29
8 30
30 31
28 32
32 33
33 34
34 35
35 36
36 37
37 38
38 39
39 40
40 41
41 42
19 43
12 44
9 45
17 46
46 47
47 48
48 49
27 50
47 51
51 52
52 53
53 54
54 55
55 56
56 57
29 58
58 59
39 60
9 61
43 62
21 63
63 64
64 65
65 66
66 67
67 68
68 69
69 70
70 71
71 72
16 73
73 74
74 75
70 76
76 77
77 78
78 79
4 80
80 81
43 82
82 83
83 84
84 85
53 86
30 87
87 88
30 89
3 90
57 91
91 92
92 93
93 94
94 95
72 96
96 97
97 98
98 99
99 100
99 101
101 102
102 103
103 104
104 105
105 106
106 107
107 108
108 109
109 110
31 111
111 112
112 113
17 114
103 115
71 116
111 117
9 118
118 119
109 120
70 121
121 122
122 123
123 124
124 125
125 126
106 127
127 128
128 129
129 130
130 131
79 132
132 133
133 134
134 135
69 136
136 137
137 138
138 139
139 140
140 141
141 142
113 143
143 144
77 145
145 146
146 147
147 148
76 149
149 150
150 151
151 152
152 153
105 154
154 155
155 156
156 157
157 158
158 159
159 160
160 161
84 162
162 163
163 164
164 165
37 166
27 167
167 168
143 169
169 170
170 171
171 172
172 173
138 174
174 175
175 176
70 177
68 178
178 179
42 180
180 181
181 182
121 183
183 184
184 185
185 186
9 187
187 188
188 189
189 190
190 191
191 192
192 193
193 194
16 195
195 196
196 197
197 198
198 199
199 200
