500
73 184 193 136 112 250 73 170 9 240 138 116 229 6 103 74 35 28 198 1 22 100 17 200 70 196 216 55 241 160 169 86 215 12 96 2 207 118 219 192 221 179 235 196 208 19 32 172 159 199 166 61 200 235 16 26 11 25 52 128 112 55 238 102 100 58 220 121 76 216 236 63 25 163 183 118 233 157 71 53 96 194 120 74 246 14 239 174 209 56 68 8 190 245 149 101 139 88 17 117 122 106 224 137 43 85 155 30 161 113 151 47 161 27 234 83 80 182 215 93 65 33 244 126 249 111 91 131 147 5 247 176 50 8 124 141 197 98 94 42 232 228 246 61 36 178 169 156 211 4 66 211 135 184 173 167 205 171 92 123 140 223 142 187 134 250 64 38 236 193 51 15 233 35 206 128 248 82 213 198 39 97 109 56 120 115 188 181 203 97 155 247 105 90 153 134 130 3 156 91 143 31 224 231 238 23 114 220 76 23 201 121 106 145 116 212 63 132 179 152 202 85 28 24 99 29 11 68 95 141 146 16 214 177 183 240 89 78 88 45 109 167 222 201 49 165 82 148 64 70 51 110 168 242 48 127 165 33 138 189 122 133 34 226 130 229 139 108 14 204 217 7 92 37 218 149 129 21 203 94 228 37 113 102 53 84 150 208 227 104 178 40 57 10 140 227 30 195 6 143 219 163 241 20 21 69 148 172 248 168 185 59 174 209 175 47 108 15 7 24 171 145 199 192 180 225 164 131 223 146 79 78 71 230 221 127 181 207 125 13 52 164 218 84 194 34 67 40 20 18 36 182 125 242 152 19 180 213 136 117 75 44 107 243 123 162 153 158 243 217 135 2 186 99 150 67 137 129 115 65 48 104 80 87 42 46 237 144 5 133 226 225 197 126 41 176 90 41 158 110 69 142 18 10 29 189 144 212 245 60 81 119 27 114 190 157 101 173 50 147 77 151 210 86 166 237 162 234 1 22 210 206 54 62 160 43 107 44 231 58 204 103 38 62 119 244 222 159 186 230 239 75 232 26 175 249 205 154 95 170 191 9 13 111 187 132 214 195 39 45 98 154 46 59 188 32 66 89 4 93 124 191 3 177 77 81 31 72 12 87 72 105 79 57 202 54 60 49 185 83
1 2
2 3
1 4
1 5
3 6
1 7
7 8
2 9
6 10
4 11
11 12
7 13
12 14
6 15
1 16
4 17
16 18
15 19
2 20
16 21
17 22
11 23
2 24
3 25
13 26
6 27
27 28
28 29
1 30
2 31
30 32
1 33
28 34
24 35
35 36
34 37
37 38
21 39
39 40
31 41
15 42
35 43
34 44
35 45
45 46
11 47
21 48
11 49
14 50
24 51
46 52
52 53
15 54
54 55
25 56
49 57
25 58
11 59
57 60
60 61
19 62
12 63
44 64
49 65
8 66
42 67
15 68
39 69
37 70
24 71
29 72
25 73
57 74
56 75
75 76
73 77
55 78
44 79
39 80
8 81
63 82
74 83
14 84
40 85
31 86
4 87
15 88
88 89
34 90
15 91
65 92
18 93
28 94
24 95
8 96
86 97
15 98
59 99
99 100
95 101
61 102
17 103
41 104
77 105
97 106
5 107
17 108
81 109
73 110
12 111
111 112
15 113
52 114
74 115
69 116
74 117
78 118
74 119
39 120
12 121
63 122
97 123
117 124
70 125
95 126
83 127
124 128
14 129
22 130
17 131
66 132
132 133
133 134
83 135
135 136
8 137
41 138
49 139
139 140
108 141
108 142
3 143
45 144
83 145
42 146
56 147
65 148
95 149
141 150
44 151
135 152
80 153
105 154
66 155
81 156
55 157
12 158
51 159
13 160
9 161
54 162
84 163
158 164
15 165
129 166
71 167
157 168
1 169
142 170
170 171
55 172
120 173
11 174
13 175
173 176
94 177
142 178
76 179
101 180
180 181
45 182
182 183
164 184
161 185
26 186
112 187
64 188
117 189
106 190
164 191
38 192
142 193
127 194
157 195
155 196
5 197
103 198
67 199
47 200
194 201
183 202
202 203
203 204
49 205
133 206
206 207
145 208
208 209
81 210
159 211
201 212
168 213
213 214
166 215
28 216
216 217
86 218
148 219
174 220
39 221
71 222
87 223
212 224
175 225
14 226
192 227
93 228
201 229
16 230
221 231
157 232
118 233
14 234
150 235
109 236
151 237
161 238
75 239
175 240
204 241
47 242
180 243
24 244
244 245
201 246
222 247
15 248
80 249
86 250
244 251
220 252
155 253
105 254
171 255
201 256
41 257
134 258
258 259
259 260
260 261
154 262
262 263
72 264
79 265
38 266
89 267
267 268
268 269
116 270
71 271
27 272
251 273
95 274
33 275
228 276
212 277
277 278
11 279
267 280
171 281
273 282
208 283
14 284
284 285
23 286
97 287
141 288
242 289
179 290
290 291
188 292
233 293
293 294
274 295
101 296
277 297
70 298
298 299
81 300
135 301
177 302
118 303
65 304
85 305
57 306
93 307
96 308
195 309
248 310
138 311
278 312
26 313
107 314
63 315
178 316
92 317
78 318
318 319
13 320
131 321
170 322
270 323
54 324
78 325
150 326
110 327
327 328
56 329
111 330
138 331
331 332
59 333
102 334
259 335
335 336
254 337
66 338
288 339
208 340
267 341
54 342
108 343
174 344
240 345
7 346
230 347
347 348
168 349
168 350
52 351
16 352
155 353
330 354
178 355
318 356
331 357
90 358
358 359
233 360
158 361
274 362
337 363
245 364
32 365
185 366
366 367
35 368
83 369
180 370
258 371
74 372
372 373
297 374
343 375
181 376
100 377
277 378
273 379
39 380
114 381
92 382
162 383
54 384
383 385
276 386
276 387
296 388
212 389
17 390
309 391
182 392
37 393
33 394
300 395
344 396
346 397
341 398
384 399
350 400
40 401
12 402
376 403
296 404
306 405
95 406
406 407
187 408
162 409
81 410
197 411
57 412
405 413
413 414
325 415
339 416
11 417
134 418
55 419
179 420
152 421
395 422
93 423
372 424
253 425
184 426
42 427
302 428
197 429
192 430
65 431
175 432
276 433
379 434
275 435
162 436
436 437
18 438
392 439
160 440
414 441
139 442
367 443
244 444
444 445
393 446
220 447
10 448
273 449
138 450
371 451
311 452
452 453
240 454
249 455
404 456
324 457
3 458
57 459
401 460
327 461
315 462
452 463
349 464
382 465
29 466
227 467
467 468
408 469
469 470
348 471
437 472
305 473
125 474
474 475
447 476
242 477
170 478
464 479
228 480
347 481
481 482
482 483
153 484
11 485
485 486
447 487
376 488
164 489
50 490
272 491
160 492
68 493
367 494
227 495
175 496
79 497
497 498
498 499
95 500
