500
68 75 220 46 125 92 82 63 234 208 204 192 166 191 218 103 144 240 238 183 233 74 98 94 238 211 112 99 105 131 209 123 177 31 38 136 198 47 223 1 208 35 52 8 99 145 205 54 85 88 222 143 106 168 139 242 77 143 29 227 94 92 23 170 105 185 220 70 20 180 239 153 236 160 187 31 72 197 214 35 73 212 250 202 227 22 183 12 248 48 169 71 77 62 147 5 36 133 91 219 239 170 37 167 171 173 90 44 161 108 135 69 243 130 25 53 159 40 191 89 58 196 217 93 10 244 206 136 118 38 189 64 12 128 241 68 155 215 159 42 83 8 129 18 229 172 101 114 82 230 138 204 195 173 229 181 158 75 146 117 182 139 64 63 197 79 148 235 7 101 49 102 137 18 216 41 155 249 162 162 104 66 199 200 14 58 186 34 1 221 78 110 146 73 57 135 80 207 160 52 86 235 250 26 134 156 39 96 74 194 61 30 203 29 76 97 25 109 66 206 148 137 221 84 71 165 141 176 147 179 15 131 224 248 19 230 181 76 164 44 90 39 122 28 247 59 69 236 72 95 211 23 163 240 55 222 4 150 86 132 114 119 192 120 33 226 45 165 55 237 142 15 11 154 24 200 182 130 13 219 95 27 172 217 62 124 201 231 218 232 124 201 175 30 199 113 157 110 174 151 164 40 178 190 109 60 87 100 209 228 43 43 138 20 223 13 163 228 108 234 21 9 242 233 14 7 198 51 241 49 128 213 24 50 107 34 121 205 3 111 117 190 28 246 203 83 65 177 167 224 85 6 166 245 196 97 225 116 46 214 188 154 176 4 153 41 17 123 51 156 122 215 210 216 213 189 116 119 111 184 48 243 2 184 118 78 5 141 65 104 56 168 121 10 169 19 3 249 32 27 115 60 178 187 57 232 22 237 127 245 67 127 149 244 126 126 36 231 59 88 106 212 188 98 26 112 179 87 107 144 152 194 152 56 96 161 80 186 11 81 61 193 91 157 93 47 150 50 125 129 151 171 140 195 175 132 84 42 102 103 207 17 134 193 53 158 180 247 79 100 140 226 145 16 32 6 37 113 174 67 185 149 133 16 9 202 70 210 21 2 115 54 45 89 142 120 246 33 225 81
1 2
2 3
3 4
4 5
4 6
3 7
3 8
3 9
7 10
10 11
6 12
12 13
12 14
14 15
8 16
11 17
2 18
11 19
19 20
20 21
12 22
22 23
20 24
24 25
25 26
26 27
27 28
20 29
29 30
7 31
31 32
14 33
6 34
11 35
35 36
32 37
28 38
27 39
1 40
13 41
41 42
42 43
43 44
1 45
45 46
46 47
28 48
11 49
13 50
28 51
51 52
34 53
53 54
20 55
20 56
31 57
57 58
33 59
22 60
17 61
61 62
12 63
9 64
10 65
65 66
53 67
5 68
68 69
65 70
43 71
42 72
45 73
66 74
67 75
73 76
50 77
77 78
30 79
79 80
4 81
58 82
43 83
83 84
64 85
28 86
36 87
50 88
88 89
41 90
49 91
35 92
92 93
60 94
53 95
18 96
59 97
97 98
64 99
27 100
27 101
41 102
34 103
83 104
55 105
56 106
38 107
107 108
35 109
43 110
84 111
38 112
33 113
73 114
78 115
115 116
37 117
106 118
118 119
64 120
120 121
20 122
122 123
89 124
28 125
57 126
33 127
34 128
43 129
91 130
117 131
123 132
126 133
133 134
22 135
10 136
136 137
13 138
134 139
51 140
110 141
56 142
110 143
39 144
2 145
145 146
122 147
72 148
112 149
91 150
150 151
5 152
49 153
85 154
24 155
124 156
125 157
134 158
17 159
26 160
27 161
161 162
162 163
163 164
50 165
73 166
152 167
167 168
125 169
2 170
170 171
152 172
166 173
155 174
67 175
14 176
176 177
1 178
86 179
6 180
160 181
166 182
105 183
181 184
162 185
174 186
172 187
187 188
13 189
189 190
190 191
191 192
192 193
30 194
138 195
51 196
108 197
152 198
195 199
83 200
25 201
48 202
102 203
7 204
202 205
54 206
41 207
71 208
208 209
166 210
5 211
60 212
185 213
56 214
149 215
119 216
216 217
73 218
51 219
174 220
171 221
182 222
175 223
199 224
224 225
48 226
226 227
227 228
80 229
229 230
189 231
231 232
232 233
88 234
160 235
213 236
82 237
139 238
33 239
239 240
7 241
40 242
138 243
209 244
244 245
56 246
246 247
231 248
6 249
34 250
172 251
117 252
156 253
154 254
46 255
255 256
256 257
257 258
69 259
259 260
102 261
25 262
156 263
205 264
169 265
63 266
158 267
237 268
226 269
61 270
270 271
186 272
263 273
16 274
203 275
106 276
262 277
22 278
56 279
279 280
54 281
198 282
282 283
153 284
41 285
144 286
231 287
287 288
288 289
289 290
28 291
79 292
199 293
99 294
228 295
232 296
104 297
297 298
298 299
156 300
300 301
301 302
18 303
56 304
188 305
187 306
214 307
104 308
6 309
145 310
287 311
77 312
186 313
119 314
201 315
130 316
70 317
299 318
154 319
319 320
320 321
170 322
65 323
97 324
288 325
225 326
90 327
240 328
325 329
89 330
252 331
199 332
269 333
47 334
130 335
164 336
336 337
337 338
75 339
6 340
72 341
39 342
162 343
112 344
15 345
30 346
23 347
301 348
286 349
349 350
38 351
200 352
348 353
112 354
154 355
236 356
60 357
357 358
272 359
359 360
30 361
101 362
74 363
358 364
161 365
7 366
335 367
141 368
228 369
342 370
221 371
181 372
362 373
322 374
69 375
257 376
65 377
234 378
120 379
303 380
370 381
273 382
253 383
367 384
94 385
202 386
357 387
382 388
61 389
389 390
157 391
149 392
65 393
265 394
1 395
211 396
396 397
99 398
398 399
251 400
138 401
401 402
32 403
358 404
404 405
182 406
73 407
407 408
113 409
409 410
164 411
411 412
412 413
327 414
130 415
318 416
416 417
31 418
406 419
93 420
243 421
252 422
193 423
49 424
142 425
297 426
426 427
262 428
290 429
370 430
249 431
84 432
347 433
323 434
17 435
103 436
241 437
17 438
86 439
439 440
440 441
112 442
442 443
244 444
440 445
114 446
248 447
116 448
237 449
23 450
450 451
56 452
212 453
399 454
31 455
175 456
33 457
264 458
18 459
338 460
87 461
461 462
390 463
77 464
114 465
465 466
400 467
12 468
449 469
444 470
312 471
312 472
52 473
445 474
377 475
475 476
53 477
304 478
478 479
376 480
480 481
444 482
473 483
274 484
466 485
198 486
413 487
341 488
488 489
403 490
490 491
101 492
54 493
165 494
411 495
131 496
496 497
68 498
498 499
499 500
