500
194 65 173 205 26 209 244 103 79 77 64 97 30 139 36 138 241 118 16 23 193 213 244 202 144 200 158 144 13 191 14 53 53 92 174 31 45 145 157 131 10 60 88 124 78 80 230 167 110 208 73 154 25 147 174 2 56 71 175 182 200 96 22 203 184 211 204 121 125 27 217 233 134 50 152 170 133 127 163 62 172 113 188 190 104 127 21 119 160 30 59 206 242 161 157 185 143 175 120 132 193 148 228 69 248 239 8 153 219 180 42 92 164 4 218 203 116 231 17 248 116 216 250 159 93 89 240 3 75 229 235 195 242 208 31 226 112 55 182 57 8 146 184 109 10 16 3 6 246 179 185 238 122 178 237 158 95 136 37 52 91 56 70 201 106 196 28 83 218 79 99 105 189 178 186 134 141 117 209 197 20 58 43 171 68 189 152 90 46 76 11 51 155 26 19 38 104 129 210 168 166 17 198 114 198 226 5 183 149 86 225 54 142 186 145 81 22 212 130 236 94 34 69 129 126 82 245 245 80 180 204 66 59 93 32 176 85 48 132 33 115 7 221 196 181 35 36 232 231 223 235 165 47 246 67 106 70 234 176 102 162 39 172 121 234 163 107 151 160 249 140 211 217 1 15 190 12 187 150 179 103 87 199 12 101 61 35 85 130 99 83 207 5 72 148 117 89 140 15 164 98 72 119 64 199 14 137 177 171 48 139 194 76 192 224 191 7 247 187 197 61 159 156 102 18 205 128 45 247 206 137 100 166 84 25 49 49 214 9 168 195 215 188 124 2 96 249 150 223 133 219 222 46 230 94 84 42 34 105 71 20 19 109 141 147 58 57 75 227 229 111 62 224 220 41 87 169 135 123 123 136 165 128 120 183 243 24 227 54 39 170 91 65 118 66 201 161 82 101 192 100 41 29 44 225 13 221 155 143 29 108 167 243 55 138 40 236 77 220 239 210 63 78 177 28 23 122 240 169 241 149 250 97 1 27 37 215 153 216 222 107 60 131 151 74 181 146 162 88 47 68 154 135 114 126 6 90 202 52 112 4 63 156 81 212 74 108 86 95 173 111 9 237 125 21 233 18 115 24 38 213 232 142 67 110 50 207 33 43 214 73 113 98 51 228 238 11 32 40 44
1 2
2 3
3 4
1 5
5 6
1 7
7 8
5 9
9 10
9 11
10 12
7 13
13 14
7 15
15 16
13 17
17 18
12 19
19 20
14 21
18 22
17 23
14 24
20 25
25 26
26 27
16 28
28 29
22 30
14 31
14 32
11 33
9 34
34 35
35 36
36 37
12 38
32 39
35 40
40 41
41 42
42 43
37 44
44 45
41 46
2 47
37 48
14 49
38 50
17 51
30 52
52 53
53 54
54 55
55 56
30 57
20 58
58 59
59 60
36 61
48 62
62 63
63 64
64 65
16 66
8 67
40 68
3 69
30 70
7 71
45 72
32 73
28 74
74 75
72 76
61 77
77 78
24 79
79 80
80 81
18 82
82 83
78 84
84 85
85 86
81 87
22 88
50 89
89 90
2 91
49 92
43 93
90 94
94 95
16 96
15 97
97 98
98 99
97 100
100 101
29 102
57 103
11 104
67 105
4 106
81 107
63 108
3 109
8 110
14 111
111 112
96 113
113 114
114 115
87 116
41 117
35 118
71 119
49 120
100 121
65 122
60 123
79 124
124 125
114 126
91 127
127 128
112 129
129 130
17 131
8 132
132 133
133 134
63 135
129 136
86 137
57 138
134 139
27 140
22 141
64 142
109 143
143 144
144 145
80 146
67 147
147 148
146 149
100 150
127 151
151 152
24 153
153 154
2 155
121 156
156 157
148 158
158 159
159 160
51 161
71 162
162 163
73 164
21 165
119 166
111 167
167 168
96 169
28 170
170 171
151 172
116 173
159 174
170 175
175 176
97 177
85 178
64 179
179 180
180 181
159 182
69 183
183 184
149 185
174 186
186 187
187 188
188 189
189 190
138 191
50 192
23 193
193 194
153 195
176 196
188 197
197 198
198 199
122 200
110 201
201 202
24 203
203 204
204 205
205 206
206 207
51 208
2 209
4 210
177 211
5 212
204 213
112 214
66 215
155 216
43 217
211 218
102 219
219 220
196 221
171 222
137 223
223 224
154 225
78 226
88 227
92 228
164 229
229 230
40 231
134 232
232 233
194 234
35 235
76 236
236 237
75 238
238 239
108 240
22 241
80 242
162 243
117 244
15 245
234 246
112 247
234 248
248 249
233 250
41 251
122 252
206 253
91 254
73 255
224 256
167 257
149 258
258 259
250 260
100 261
261 262
74 263
263 264
264 265
265 266
266 267
45 268
26 269
247 270
125 271
201 272
59 273
254 274
274 275
275 276
276 277
163 278
63 279
111 280
174 281
281 282
282 283
236 284
210 285
222 286
117 287
114 288
13 289
289 290
98 291
214 292
292 293
236 294
133 295
95 296
296 297
270 298
31 299
299 300
300 301
301 302
276 303
303 304
290 305
255 306
181 307
11 308
308 309
171 310
310 311
138 312
14 313
313 314
211 315
315 316
316 317
317 318
318 319
172 320
14 321
321 322
235 323
260 324
47 325
325 326
326 327
277 328
328 329
52 330
168 331
86 332
64 333
333 334
313 335
81 336
260 337
337 338
112 339
314 340
340 341
297 342
4 343
331 344
152 345
227 346
129 347
186 348
348 349
192 350
191 351
351 352
328 353
113 354
354 355
215 356
160 357
170 358
293 359
351 360
360 361
177 362
362 363
363 364
255 365
365 366
261 367
167 368
242 369
336 370
370 371
334 372
69 373
258 374
374 375
361 376
214 377
202 378
49 379
379 380
1 381
6 382
262 383
38 384
384 385
70 386
169 387
346 388
62 389
389 390
390 391
329 392
276 393
308 394
222 395
20 396
273 397
90 398
398 399
318 400
122 401
289 402
302 403
140 404
112 405
322 406
399 407
407 408
207 409
285 410
125 411
302 412
412 413
62 414
280 415
202 416
416 417
239 418
81 419
77 420
420 421
97 422
422 423
254 424
165 425
389 426
185 427
29 428
428 429
61 430
144 431
208 432
432 433
414 434
434 435
286 436
116 437
437 438
164 439
439 440
387 441
417 442
331 443
163 444
444 445
23 446
257 447
447 448
448 449
449 450
98 451
266 452
393 453
280 454
454 455
207 456
453 457
457 458
432 459
391 460
460 461
461 462
462 463
97 464
464 465
132 466
199 467
354 468
318 469
469 470
343 471
234 472
472 473
268 474
135 475
5 476
459 477
147 478
6 479
208 480
365 481
436 482
482 483
270 484
309 485
485 486
486 487
118 488
112 489
169 490
373 491
491 492
286 493
493 494
353 495
147 496
90 497
497 498
402 499
10 500
