500
67 213 38 246 4 206 246 202 127 135 30 21 11 27 139 10 243 195 238 21 92 98 202 8 118 173 232 172 16 219 90 29 18 5 52 197 223 156 23 106 7 132 247 101 210 146 74 224 115 186 22 122 15 229 111 130 140 158 121 248 8 200 167 79 44 242 211 52 117 18 43 60 182 128 84 124 37 19 113 31 174 166 50 42 233 220 42 230 169 209 107 207 191 83 185 169 38 86 155 93 35 63 76 9 108 54 64 19 41 32 43 229 114 80 185 218 174 25 166 145 249 204 118 105 100 136 117 193 69 162 233 40 236 120 57 82 126 221 142 159 14 177 28 234 156 99 24 90 63 190 92 184 115 53 172 103 208 141 196 178 70 240 180 20 243 237 231 211 81 153 226 176 247 95 110 65 236 152 201 68 205 135 244 61 16 55 48 31 123 116 148 126 94 161 73 104 179 56 144 248 1 72 119 195 35 6 242 213 187 132 102 50 134 100 112 105 188 26 61 200 33 205 168 108 154 124 78 179 144 25 120 75 148 237 47 79 160 184 20 199 226 121 64 162 180 171 199 13 228 27 88 29 86 192 122 245 141 129 67 240 54 2 150 170 244 12 74 91 239 157 41 77 48 45 178 225 224 245 66 223 5 76 146 32 15 143 9 183 134 230 104 39 24 168 109 88 192 71 96 72 250 62 78 152 116 111 102 59 129 147 14 217 128 56 87 137 99 30 250 143 165 81 47 94 203 222 130 181 58 11 137 75 188 93 112 215 220 36 34 186 37 182 203 68 22 77 109 58 149 62 193 138 145 39 189 176 84 151 218 147 217 198 23 89 142 150 206 133 65 3 40 221 140 238 216 34 235 71 97 26 189 87 17 194 212 125 53 215 133 59 212 28 196 55 1 83 123 91 45 127 89 80 4 197 191 241 227 158 241 207 151 97 163 164 187 175 46 228 85 173 157 239 36 219 106 214 119 44 96 160 110 225 227 57 46 222 159 161 204 101 216 3 69 114 66 70 98 125 209 33 17 107 201 198 194 7 210 232 73 85 170 234 149 82 138 163 231 208 113 49 95 183 136 60 249 13 49 2 190 103 155 131 165 131 177 51 181 154 235 164 153 171 167 10 6 139 51 214 175 12
1 2
2 3
3 4
4 5
2 6
5 7
7 8
8 9
5 10
4 11
2 12
2 13
13 14
14 15
7 16
2 17
8 18
2 19
6 20
9 21
21 22
13 23
2 24
2 25
14 26
2 27
6 28
23 29
6 30
30 31
31 32
32 33
30 34
34 35
35 36
36 37
2 38
38 39
39 40
40 41
11 42
35 43
7 44
3 45
43 46
46 47
47 48
44 49
49 50
50 51
50 52
16 53
53 54
39 55
54 56
56 57
57 58
31 59
2 60
43 61
61 62
11 63
27 64
21 65
65 66
41 67
67 68
4 69
48 70
70 71
19 72
72 73
73 74
63 75
51 76
69 77
77 78
78 79
79 80
80 81
81 82
25 83
83 84
13 85
85 86
86 87
87 88
41 89
89 90
82 91
24 92
92 93
93 94
88 95
19 96
59 97
97 98
98 99
99 100
100 101
22 102
102 103
58 104
104 105
105 106
106 107
20 108
96 109
25 110
72 111
106 112
91 113
3 114
37 115
67 116
79 117
95 118
118 119
119 120
65 121
106 122
95 123
120 124
16 125
125 126
126 127
127 128
128 129
115 130
130 131
71 132
98 133
84 134
94 135
8 136
22 137
37 138
75 139
139 140
133 141
25 142
142 143
44 144
78 145
115 146
146 147
91 148
148 149
71 150
125 151
17 152
152 153
151 154
154 155
50 156
104 157
157 158
153 159
21 160
160 161
132 162
153 163
163 164
14 165
165 166
133 167
117 168
168 169
169 170
101 171
150 172
172 173
173 174
146 175
13 176
37 177
166 178
178 179
153 180
180 181
181 182
134 183
183 184
184 185
9 186
186 187
129 188
183 189
189 190
141 191
123 192
6 193
193 194
122 195
195 196
112 197
73 198
86 199
199 200
1 201
201 202
202 203
203 204
204 205
11 206
123 207
84 208
81 209
209 210
82 211
211 212
212 213
213 214
214 215
47 216
216 217
81 218
44 219
118 220
220 221
221 222
19 223
223 224
224 225
225 226
88 227
227 228
228 229
17 230
91 231
231 232
126 233
156 234
203 235
235 236
236 237
181 238
82 239
129 240
98 241
241 242
57 243
186 244
244 245
29 246
246 247
196 248
102 249
74 250
119 251
71 252
168 253
10 254
203 255
63 256
256 257
31 258
258 259
257 260
182 261
261 262
46 263
28 264
226 265
265 266
204 267
193 268
63 269
205 270
163 271
271 272
272 273
273 274
274 275
31 276
276 277
182 278
278 279
174 280
168 281
281 282
131 283
6 284
177 285
72 286
210 287
11 288
95 289
289 290
252 291
16 292
173 293
102 294
186 295
295 296
290 297
297 298
284 299
299 300
66 301
265 302
252 303
136 304
304 305
305 306
208 307
254 308
250 309
217 310
310 311
161 312
312 313
313 314
301 315
269 316
111 317
49 318
318 319
12 320
296 321
310 322
267 323
108 324
198 325
325 326
326 327
78 328
125 329
255 330
132 331
145 332
19 333
333 334
4 335
247 336
294 337
337 338
338 339
339 340
1 341
95 342
328 343
58 344
286 345
345 346
48 347
3 348
348 349
268 350
143 351
143 352
352 353
353 354
354 355
243 356
9 357
357 358
271 359
227 360
276 361
63 362
362 363
363 364
364 365
231 366
80 367
364 368
368 369
173 370
370 371
53 372
372 373
373 374
374 375
68 376
215 377
361 378
378 379
320 380
380 381
217 382
182 383
383 384
384 385
152 386
44 387
243 388
388 389
389 390
390 391
155 392
392 393
187 394
83 395
386 396
396 397
397 398
6 399
360 400
400 401
401 402
390 403
99 404
356 405
405 406
277 407
407 408
408 409
409 410
410 411
326 412
412 413
306 414
173 415
415 416
416 417
248 418
16 419
99 420
28 421
24 422
422 423
49 424
424 425
425 426
426 427
408 428
332 429
373 430
196 431
93 432
182 433
433 434
303 435
435 436
436 437
437 438
33 439
439 440
440 441
21 442
442 443
411 444
9 445
445 446
173 447
394 448
238 449
118 450
84 451
451 452
452 453
453 454
454 455
291 456
237 457
56 458
213 459
459 460
237 461
461 462
113 463
299 464
464 465
465 466
327 467
467 468
54 469
152 470
214 471
471 472
472 473
473 474
188 475
475 476
436 477
477 478
478 479
302 480
480 481
481 482
116 483
252 484
484 485
379 486
142 487
291 488
488 489
489 490
490 491
174 492
492 493
386 494
452 495
390 496
496 497
332 498
14 499
300 500
