500
202 71 180 14 31 157 164 62 169 149 66 125 10 52 225 21 50 192 229 91 238 214 85 82 132 159 246 121 72 231 144 116 194 49 78 137 123 27 248 167 217 45 5 4 146 167 196 11 129 213 8 41 117 128 178 134 64 131 77 92 99 206 104 24 42 119 195 28 199 244 92 50 66 203 243 215 193 240 110 91 62 72 151 71 77 230 12 208 75 216 17 205 218 187 100 33 88 139 174 176 101 43 47 55 242 182 84 17 7 15 19 221 222 49 166 189 67 157 96 228 37 133 1 207 78 93 160 136 237 227 73 226 188 226 219 147 188 56 181 30 111 122 197 112 200 239 28 81 212 76 209 68 164 52 123 149 70 84 159 120 206 61 68 104 118 150 70 153 54 220 172 94 126 37 119 98 208 32 154 39 173 193 145 107 29 190 143 5 179 39 83 172 216 232 89 231 166 245 129 114 175 58 210 74 103 191 133 63 63 73 111 249 156 87 150 153 135 35 53 76 32 120 88 108 194 96 2 61 247 3 85 121 185 94 99 204 115 175 147 240 245 105 160 162 128 44 16 82 233 236 250 113 161 102 148 18 148 69 24 48 97 46 144 198 210 184 9 34 22 114 89 118 154 109 4 169 29 31 242 48 38 187 102 239 57 13 227 26 192 179 247 79 56 44 146 98 53 151 86 230 250 38 35 229 16 105 122 207 57 145 103 170 152 168 26 132 23 47 95 223 238 156 180 36 234 6 158 158 228 130 10 202 25 235 248 217 163 34 195 43 20 161 9 125 197 183 117 90 171 135 87 163 7 171 115 237 190 176 224 183 1 3 223 14 177 106 45 218 139 174 65 198 199 181 213 107 155 162 220 140 51 101 232 124 108 6 212 124 80 59 2 74 142 222 143 33 127 142 106 221 201 40 219 205 12 200 65 25 19 110 130 36 93 42 141 134 127 189 138 184 244 138 215 204 95 168 27 211 191 11 235 234 243 75 182 241 100 113 137 46 140 67 41 59 83 233 18 8 80 178 249 211 97 214 60 13 209 15 224 58 136 126 177 201 131 185 141 170 246 155 23 81 40 186 64 55 22 109 173 90 186 54 236 30 241 69 21 86 152 79 165 203 196 116 51 225 165 20 112 60
1 2
2 3
1 4
4 5
5 6
6 7
7 8
8 9
9 10
7 11
10 12
12 13
3 14
13 15
15 16
16 17
17 18
1 19
13 20
6 21
21 22
22 23
16 24
24 25
8 26
26 27
15 28
27 29
5 30
30 31
31 32
24 33
33 34
34 35
18 36
36 37
8 38
4 39
13 40
40 41
41 42
32 43
31 44
44 45
16 46
46 47
20 48
35 49
13 50
43 51
36 52
11 53
53 54
54 55
55 56
56 57
57 58
15 59
59 60
3 61
56 62
62 63
21 64
17 65
49 66
66 67
25 68
46 69
69 70
70 71
71 72
53 73
46 74
74 75
75 76
28 77
77 78
12 79
54 80
12 81
25 82
68 83
62 84
1 85
85 86
76 87
87 88
20 89
13 90
82 91
91 92
49 93
93 94
51 95
49 96
96 97
97 98
5 99
99 100
100 101
101 102
102 103
103 104
102 105
105 106
65 107
107 108
36 109
45 110
50 111
71 112
64 113
113 114
83 115
115 116
116 117
77 118
105 119
119 120
120 121
121 122
122 123
14 124
124 125
125 126
28 127
127 128
128 129
129 130
130 131
131 132
132 133
19 134
134 135
135 136
49 137
137 138
137 139
64 140
41 141
40 142
142 143
26 144
95 145
145 146
65 147
27 148
148 149
113 150
56 151
151 152
93 153
153 154
6 155
71 156
22 157
157 158
156 159
132 160
160 161
161 162
162 163
22 164
164 165
75 166
166 167
167 168
164 169
169 170
144 171
171 172
8 173
72 174
174 175
175 176
142 177
95 178
133 179
53 180
47 181
60 182
143 183
183 184
35 185
102 186
186 187
187 188
188 189
155 190
190 191
191 192
192 193
193 194
194 195
195 196
11 197
197 198
28 199
48 200
99 201
99 202
202 203
8 204
183 205
44 206
206 207
207 208
208 209
167 210
210 211
71 212
212 213
213 214
214 215
215 216
60 217
151 218
48 219
219 220
21 221
221 222
222 223
223 224
224 225
225 226
51 227
95 228
228 229
229 230
230 231
231 232
202 233
38 234
117 235
235 236
236 237
17 238
238 239
220 240
240 241
241 242
242 243
195 244
94 245
245 246
246 247
247 248
248 249
5 250
250 251
229 252
152 253
116 254
189 255
178 256
168 257
257 258
206 259
259 260
260 261
261 262
262 263
138 264
264 265
265 266
230 267
267 268
268 269
269 270
270 271
185 272
239 273
2 274
274 275
41 276
61 277
277 278
278 279
279 280
133 281
228 282
164 283
64 284
284 285
285 286
81 287
287 288
288 289
181 290
225 291
291 292
83 293
293 294
294 295
76 296
202 297
189 298
197 299
141 300
148 301
301 302
302 303
303 304
304 305
305 306
301 307
290 308
308 309
123 310
88 311
61 312
312 313
62 314
314 315
109 316
316 317
317 318
144 319
319 320
79 321
321 322
155 323
323 324
324 325
325 326
241 327
45 328
40 329
65 330
315 331
129 332
8 333
178 334
334 335
335 336
28 337
337 338
211 339
308 340
117 341
273 342
273 343
273 344
344 345
160 346
168 347
284 348
348 349
349 350
350 351
33 352
246 353
353 354
242 355
225 356
99 357
357 358
358 359
67 360
243 361
361 362
213 363
363 364
364 365
365 366
366 367
39 368
2 369
365 370
181 371
326 372
140 373
373 374
374 375
375 376
249 377
377 378
161 379
379 380
380 381
381 382
382 383
383 384
384 385
385 386
386 387
387 388
388 389
389 390
390 391
391 392
392 393
251 394
394 395
331 396
84 397
199 398
368 399
399 400
335 401
401 402
362 403
275 404
404 405
73 406
105 407
332 408
233 409
409 410
410 411
411 412
412 413
358 414
393 415
337 416
416 417
417 418
235 419
374 420
420 421
421 422
383 423
423 424
424 425
123 426
384 427
427 428
161 429
429 430
317 431
431 432
115 433
433 434
85 435
435 436
436 437
437 438
438 439
439 440
440 441
441 442
382 443
443 444
444 445
379 446
272 447
194 448
448 449
441 450
306 451
146 452
111 453
370 454
454 455
264 456
456 457
293 458
213 459
157 460
460 461
344 462
72 463
297 464
274 465
96 466
351 467
12 468
468 469
99 470
470 471
471 472
472 473
290 474
419 475
475 476
476 477
477 478
478 479
227 480
480 481
307 482
482 483
288 484
484 485
485 486
486 487
487 488
134 489
91 490
324 491
386 492
370 493
493 494
494 495
198 496
496 497
481 498
498 499
499 500
