500
152 55 142 71 182 222 11 13 189 235 120 47 36 235 83 198 105 237 128 99 104 209 212 250 38 106 41 91 118 44 110 140 19 195 150 13 97 54 90 119 73 239 219 60 136 166 40 56 244 63 239 121 223 5 203 50 70 212 206 22 58 12 129 203 45 125 66 60 198 148 221 48 52 2 158 21 84 220 189 217 134 52 101 139 220 112 95 153 109 236 219 103 242 191 49 94 15 92 148 130 230 208 229 126 177 167 188 199 143 232 28 200 122 62 215 74 243 151 245 51 139 7 182 114 103 6 5 226 159 181 173 109 216 152 194 67 90 155 119 56 236 158 192 174 211 118 171 138 7 15 107 157 4 176 71 123 24 81 127 174 241 112 93 190 146 88 100 180 132 41 229 124 42 8 165 108 202 61 40 161 30 248 57 144 181 197 166 213 218 3 153 48 9 110 183 156 76 31 175 26 185 64 204 75 176 64 115 75 117 129 147 155 77 18 208 108 61 201 97 246 111 113 146 81 171 230 116 39 164 136 163 191 128 98 169 33 183 123 30 82 216 51 231 23 133 221 248 240 8 17 225 72 115 214 1 69 3 63 199 233 47 35 145 149 217 190 177 156 14 77 91 238 65 35 89 44 10 19 92 172 37 231 53 69 144 43 83 78 29 24 196 213 222 242 55 243 43 205 161 130 89 224 4 237 107 162 151 162 78 79 80 16 202 6 247 204 116 38 167 86 99 96 10 150 168 20 232 32 76 26 135 127 102 34 28 143 137 214 82 179 27 114 46 22 194 233 131 106 197 126 67 184 185 62 147 138 226 21 210 25 86 37 25 187 113 68 170 227 27 39 180 33 192 160 140 234 244 149 88 141 164 196 186 193 141 134 102 59 159 165 249 17 246 50 98 74 223 160 247 121 201 135 209 240 250 224 145 187 23 85 184 133 96 207 36 210 80 170 11 93 154 16 9 142 53 241 132 193 195 175 111 227 120 137 206 205 124 104 228 34 65 207 200 1 87 173 100 228 32 215 87 20 68 122 95 188 225 94 157 49 59 84 58 178 79 12 238 245 46 101 178 117 2 179 72 186 85 29 125 18 131 105 249 42 154 234 73 172 31 45 163 14 168 54 169 66 211 70 218 57
1 2
2 3
1 4
3 5
5 6
4 7
7 8
8 9
5 10
6 11
8 12
7 13
4 14
14 15
15 16
13 17
11 18
10 19
19 20
20 21
18 22
22 23
23 24
24 25
14 26
26 27
16 28
12 29
24 30
30 31
15 32
26 33
5 34
25 35
35 36
36 37
36 38
22 39
6 40
40 41
41 42
42 43
31 44
28 45
45 46
46 47
2 48
28 49
49 50
50 51
51 52
48 53
11 54
45 55
55 56
56 57
57 58
50 59
46 60
46 61
61 62
62 63
18 64
22 65
26 66
66 67
67 68
19 69
48 70
70 71
8 72
72 73
19 74
74 75
73 76
76 77
77 78
78 79
79 80
71 81
45 82
7 83
83 84
84 85
85 86
86 87
53 88
67 89
89 90
90 91
91 92
87 93
93 94
94 95
95 96
96 97
97 98
43 99
99 100
100 101
101 102
102 103
103 104
76 105
105 106
84 107
107 108
108 109
59 110
110 111
111 112
91 113
113 114
24 115
66 116
116 117
21 118
118 119
119 120
42 121
121 122
51 123
123 124
25 125
125 126
126 127
127 128
99 129
21 130
130 131
131 132
132 133
133 134
134 135
80 136
136 137
137 138
38 139
139 140
140 141
25 142
142 143
143 144
64 145
73 146
146 147
147 148
148 149
149 150
150 151
151 152
30 153
153 154
154 155
145 156
63 157
157 158
153 159
159 160
160 161
161 162
162 163
1 164
43 165
165 166
166 167
167 168
168 169
169 170
45 171
171 172
154 173
173 174
174 175
175 176
176 177
124 178
178 179
179 180
99 181
181 182
182 183
183 184
184 185
161 186
186 187
135 188
97 189
189 190
190 191
191 192
192 193
56 194
194 195
195 196
196 197
13 198
198 199
97 200
200 201
201 202
167 203
203 204
204 205
205 206
9 207
63 208
67 209
209 210
144 211
144 212
33 213
34 214
214 215
215 216
125 217
217 218
4 219
219 220
220 221
86 222
222 223
223 224
224 225
225 226
226 227
207 228
228 229
229 230
230 231
231 232
131 233
216 234
234 235
235 236
236 237
24 238
99 239
77 240
134 241
241 242
242 243
156 244
71 245
67 246
69 247
247 248
248 249
29 250
250 251
118 252
22 253
253 254
91 255
227 256
256 257
8 258
170 259
75 260
260 261
261 262
158 263
263 264
196 265
263 266
266 267
144 268
173 269
269 270
156 271
271 272
272 273
273 274
274 275
28 276
276 277
90 278
153 279
279 280
280 281
281 282
235 283
78 284
88 285
285 286
286 287
63 288
288 289
285 290
290 291
281 292
274 293
148 294
294 295
295 296
296 297
69 298
298 299
299 300
146 301
9 302
192 303
303 304
304 305
305 306
162 307
307 308
308 309
309 310
310 311
58 312
312 313
313 314
90 315
315 316
316 317
317 318
318 319
319 320
48 321
273 322
225 323
106 324
324 325
325 326
298 327
327 328
328 329
58 330
330 331
22 332
112 333
333 334
334 335
335 336
254 337
337 338
338 339
301 340
340 341
75 342
236 343
343 344
344 345
345 346
346 347
347 348
348 349
315 350
281 351
294 352
56 353
353 354
187 355
355 356
98 357
357 358
156 359
359 360
360 361
219 362
225 363
363 364
364 365
365 366
366 367
367 368
368 369
369 370
370 371
371 372
235 373
373 374
374 375
216 376
376 377
377 378
378 379
379 380
380 381
381 382
147 383
383 384
384 385
385 386
195 387
387 388
343 389
389 390
390 391
391 392
392 393
388 394
394 395
395 396
396 397
397 398
398 399
399 400
400 401
193 402
402 403
225 404
404 405
405 406
25 407
407 408
408 409
409 410
219 411
411 412
412 413
413 414
414 415
415 416
271 417
417 418
418 419
419 420
420 421
324 422
122 423
423 424
146 425
425 426
426 427
18 428
147 429
429 430
430 431
292 432
327 433
14 434
381 435
435 436
436 437
412 438
438 439
439 440
371 441
321 442
442 443
41 444
199 445
219 446
446 447
447 448
448 449
449 450
450 451
154 452
452 453
453 454
210 455
384 456
355 457
92 458
281 459
459 460
276 461
461 462
462 463
463 464
464 465
395 466
466 467
467 468
468 469
469 470
333 471
471 472
472 473
473 474
474 475
475 476
476 477
35 478
478 479
479 480
480 481
55 482
482 483
483 484
484 485
340 486
486 487
420 488
488 489
489 490
490 491
89 492
492 493
175 494
494 495
495 496
362 497
497 498
498 499
448 500
