500
239 148 94 250 76 227 117 149 246 92 222 236 202 201 36 13 139 189 6 133 61 71 65 55 107 159 128 182 200 97 25 197 205 25 152 135 112 20 36 122 141 8 13 198 185 144 32 15 39 104 146 35 26 219 221 11 165 41 115 107 162 241 214 35 87 82 89 74 69 167 157 218 225 88 240 181 186 82 136 166 103 166 243 152 10 53 155 121 20 94 149 248 120 57 68 215 184 19 140 196 167 108 128 249 182 86 164 174 188 116 238 44 105 63 234 54 155 60 57 100 87 161 195 43 83 139 51 54 123 58 221 197 220 32 138 114 188 116 247 44 169 28 8 158 85 110 99 29 22 125 106 109 247 224 199 215 151 250 17 100 56 163 148 236 101 125 41 238 235 108 168 62 140 208 72 173 123 95 91 151 67 130 233 115 196 242 102 10 9 233 28 90 217 77 145 92 40 204 129 154 63 81 217 192 241 46 245 198 210 30 180 1 76 17 48 48 244 39 50 52 59 112 242 67 181 33 170 161 37 226 101 153 234 156 93 45 177 119 86 124 78 219 38 74 186 49 172 109 1 174 160 165 239 104 228 224 205 31 53 176 119 226 187 134 135 47 102 70 213 126 45 80 211 75 27 213 9 84 132 42 180 208 193 162 22 24 73 12 12 191 171 72 232 70 212 204 33 192 150 206 98 3 127 132 158 11 136 29 169 34 40 51 4 98 21 78 211 124 16 191 5 2 203 113 142 184 187 5 201 127 212 24 189 134 16 31 173 77 147 209 225 103 207 64 220 170 96 199 207 179 14 159 110 50 84 156 154 168 179 46 117 23 118 190 178 183 245 202 88 194 160 176 83 243 26 146 147 18 66 175 60 164 79 133 80 194 34 111 7 38 209 15 222 18 121 200 71 59 120 30 27 230 52 96 42 2 171 229 131 75 97 143 244 56 126 105 66 240 143 193 89 229 73 69 85 129 23 228 138 216 153 106 145 99 122 111 249 218 141 95 190 113 195 62 93 183 227 81 175 235 223 90 150 214 237 64 246 7 118 91 210 19 55 14 65 231 131 230 178 3 137 142 177 232 49 223 203 172 21 58 231 206 6 163 79 185 4 137 237 68 248 216 37 61 144 157 114 130 43 47
1 2
2 3
3 4
4 5
5 6
6 7
7 8
8 9
9 10
10 11
11 12
12 13
5 14
2 15
15 16
16 17
17 18
18 19
19 20
15 21
21 22
16 23
23 24
24 25
25 26
26 27
27 28
28 29
19 30
2 31
31 32
32 33
33 34
25 35
35 36
36 37
37 38
38 39
39 40
26 41
31 42
42 43
43 44
44 45
45 46
46 47
13 48
48 49
49 50
50 51
51 52
52 53
53 54
54 55
55 56
56 57
57 58
13 59
48 60
15 61
61 62
62 63
63 64
32 65
65 66
66 67
63 68
40 69
69 70
70 71
71 72
22 73
73 74
74 75
72 76
76 77
77 78
78 79
79 80
80 81
81 82
82 83
83 84
84 85
85 86
86 87
87 88
20 89
89 90
15 91
91 92
92 93
93 94
94 95
95 96
40 97
97 98
98 99
60 100
59 101
101 102
102 103
25 104
104 105
105 106
106 107
17 108
108 109
68 110
110 111
111 112
112 113
113 114
114 115
115 116
116 117
117 118
113 119
119 120
120 121
32 122
37 123
51 124
32 125
125 126
126 127
127 128
128 129
129 130
48 131
16 132
132 133
133 134
134 135
96 136
136 137
29 138
138 139
53 140
72 141
141 142
95 143
143 144
144 145
145 146
146 147
98 148
148 149
52 150
150 151
151 152
152 153
58 154
87 155
23 156
156 157
157 158
158 159
159 160
159 161
161 162
89 163
163 164
164 165
100 166
166 167
167 168
168 169
169 170
170 171
171 172
172 173
45 174
174 175
27 176
176 177
97 178
178 179
22 180
180 181
181 182
157 183
183 184
184 185
45 186
186 187
187 188
53 189
97 190
190 191
191 192
192 193
193 194
132 195
30 196
141 197
197 198
198 199
199 200
200 201
201 202
202 203
203 204
204 205
205 206
206 207
183 208
68 209
209 210
210 211
211 212
71 213
9 214
214 215
36 216
216 217
217 218
218 219
219 220
220 221
221 222
6 223
77 224
18 225
225 226
153 227
227 228
228 229
180 230
80 231
231 232
133 233
233 234
234 235
235 236
14 237
237 238
238 239
239 240
240 241
241 242
242 243
243 244
45 245
245 246
76 247
247 248
149 249
222 250
248 251
251 252
252 253
253 254
202 255
231 256
256 257
38 258
258 259
259 260
260 261
261 262
262 263
263 264
264 265
141 266
266 267
267 268
238 269
269 270
270 271
271 272
272 273
273 274
274 275
275 276
276 277
277 278
278 279
279 280
59 281
281 282
282 283
100 284
284 285
285 286
286 287
287 288
288 289
139 290
290 291
291 292
125 293
293 294
294 295
102 296
296 297
225 298
298 299
152 300
300 301
301 302
302 303
303 304
304 305
305 306
306 307
307 308
308 309
234 310
310 311
264 312
312 313
313 314
194 315
315 316
263 317
140 318
281 319
319 320
320 321
6 322
322 323
323 324
299 325
325 326
326 327
327 328
328 329
329 330
330 331
331 332
332 333
245 334
334 335
37 336
76 337
337 338
45 339
339 340
39 341
341 342
105 343
343 344
344 345
345 346
346 347
347 348
348 349
349 350
350 351
351 352
350 353
353 354
343 355
355 356
356 357
357 358
358 359
129 360
360 361
309 362
362 363
363 364
162 365
365 366
366 367
367 368
368 369
369 370
370 371
371 372
372 373
373 374
46 375
375 376
376 377
347 378
295 379
379 380
380 381
381 382
382 383
343 384
308 385
385 386
386 387
387 388
38 389
389 390
390 391
391 392
392 393
393 394
394 395
395 396
266 397
397 398
329 399
399 400
400 401
401 402
402 403
222 404
404 405
45 406
406 407
229 408
408 409
409 410
282 411
411 412
412 413
413 414
414 415
254 416
25 417
417 418
418 419
419 420
319 421
421 422
422 423
423 424
233 425
155 426
197 427
427 428
99 429
417 430
79 431
431 432
432 433
433 434
226 435
370 436
436 437
437 438
438 439
277 440
440 441
411 442
442 443
354 444
444 445
353 446
124 447
447 448
448 449
449 450
450 451
451 452
452 453
453 454
454 455
74 456
158 457
457 458
458 459
459 460
460 461
461 462
462 463
82 464
464 465
36 466
466 467
467 468
468 469
469 470
470 471
410 472
472 473
473 474
474 475
26 476
476 477
477 478
444 479
479 480
480 481
481 482
482 483
483 484
452 485
140 486
319 487
487 488
488 489
370 490
490 491
283 492
492 493
309 494
494 495
495 496
496 497
497 498
498 499
499 500
