500
148 32 229 6 59 132 225 160 171 59 226 232 98 106 163 11 74 12 72 212 85 152 184 48 158 54 17 117 65 35 13 92 231 24 250 140 10 208 6 18 79 85 14 227 51 113 41 244 201 144 196 9 15 162 235 128 12 176 51 146 106 64 49 11 224 137 182 22 243 42 173 108 95 103 30 178 1 50 71 230 143 90 186 29 237 9 131 227 25 44 93 183 219 70 193 22 209 223 84 45 249 119 67 209 137 220 188 48 10 77 191 221 3 233 187 150 155 172 105 205 21 120 112 202 2 97 210 184 185 131 115 35 88 153 70 203 151 235 31 217 99 15 168 124 76 30 218 247 194 79 206 147 111 239 196 16 62 194 138 26 54 167 179 164 190 220 228 103 234 197 248 87 75 20 173 154 78 182 123 50 125 170 47 154 165 33 102 72 91 198 229 31 47 147 89 43 135 157 91 68 215 138 34 187 5 53 203 52 29 94 76 107 8 167 199 215 120 46 95 212 89 205 238 233 208 181 139 183 133 201 130 200 189 86 185 121 198 45 149 127 165 207 186 62 25 36 58 240 118 55 222 53 129 52 199 1 115 73 175 61 19 144 36 81 169 7 7 80 80 37 58 191 82 200 248 241 195 111 101 83 231 177 63 242 55 245 150 225 113 104 155 216 17 145 224 236 4 211 207 109 177 135 83 242 127 96 110 101 204 160 128 146 28 161 179 132 97 217 40 156 102 163 159 27 34 211 180 123 14 197 121 204 110 243 40 16 118 190 166 88 241 226 33 159 162 100 126 219 239 8 65 60 210 94 193 44 164 96 19 234 37 122 27 71 18 142 136 112 77 21 141 49 38 174 69 221 139 124 168 149 56 114 105 66 244 175 232 100 73 134 116 238 82 145 195 92 129 214 32 157 90 75 176 109 249 236 161 23 99 28 125 171 42 214 57 5 148 67 46 223 141 107 117 81 136 192 170 250 134 114 181 246 228 116 180 189 57 240 245 174 169 230 24 126 39 64 218 39 152 206 213 216 78 98 166 213 172 247 122 20 66 13 237 4 61 63 84 153 23 192 178 156 140 43 119 108 130 74 38 60 133 3 104 41 158 93 222 68 142 143 202 56 246 69 151 2 188 87 86 26
1 2
2 3
3 4
4 5
5 6
6 7
7 8
8 9
9 10
10 11
11 12
12 13
13 14
14 15
15 16
16 17
17 18
18 19
19 20
20 21
21 22
22 23
23 24
24 25
25 26
26 27
27 28
28 29
29 30
30 31
31 32
32 33
33 34
34 35
35 36
36 37
37 38
38 39
39 40
40 41
41 42
42 43
43 44
44 45
45 46
46 47
47 48
48 49
49 50
50 51
51 52
52 53
53 54
54 55
55 56
56 57
57 58
58 59
59 60
60 61
61 62
62 63
63 64
64 65
65 66
66 67
67 68
68 69
69 70
70 71
71 72
72 73
73 74
74 75
75 76
76 77
77 78
78 79
79 80
80 81
81 82
82 83
83 84
84 85
85 86
86 87
87 88
88 89
89 90
90 91
91 92
92 93
93 94
94 95
95 96
96 97
97 98
98 99
99 100
100 101
101 102
102 103
103 104
104 105
105 106
106 107
107 108
108 109
109 110
110 111
111 112
112 113
113 114
114 115
115 116
116 117
117 118
118 119
119 120
120 121
121 122
122 123
123 124
124 125
125 126
126 127
127 128
128 129
129 130
130 131
131 132
132 133
133 134
134 135
135 136
136 137
137 138
138 139
139 140
140 141
141 142
142 143
143 144
144 145
145 146
146 147
147 148
148 149
149 150
150 151
151 152
152 153
153 154
154 155
155 156
156 157
157 158
158 159
159 160
160 161
161 162
162 163
163 164
164 165
165 166
166 167
167 168
168 169
169 170
170 171
171 172
172 173
173 174
174 175
175 176
176 177
177 178
178 179
179 180
180 181
181 182
182 183
183 184
184 185
185 186
186 187
187 188
188 189
189 190
190 191
191 192
192 193
193 194
194 195
195 196
196 197
197 198
198 199
199 200
191 201
157 202
202 203
203 204
78 205
103 206
206 207
195 208
208 209
109 210
91 211
110 212
53 213
105 214
105 215
24 216
167 217
128 218
14 219
217 220
220 221
221 222
15 223
97 224
124 225
225 226
198 227
174 228
228 229
105 230
230 231
35 232
6 233
233 234
234 235
235 236
51 237
175 238
183 239
239 240
240 241
241 242
169 243
42 244
223 245
147 246
246 247
122 248
248 249
146 250
104 251
106 252
50 253
253 254
98 255
94 256
256 257
157 258
210 259
68 260
173 261
55 262
199 263
263 264
124 265
265 266
266 267
43 268
57 269
77 270
270 271
41 272
272 273
273 274
53 275
275 276
225 277
12 278
278 279
56 280
165 281
281 282
109 283
273 284
93 285
139 286
286 287
287 288
288 289
289 290
290 291
291 292
51 293
83 294
292 295
71 296
92 297
47 298
261 299
267 300
49 301
301 302
32 303
89 304
304 305
277 306
224 307
307 308
162 309
248 310
70 311
300 312
92 313
313 314
314 315
181 316
316 317
314 318
93 319
319 320
132 321
306 322
299 323
151 324
324 325
325 326
282 327
236 328
328 329
165 330
194 331
1 332
320 333
99 334
334 335
210 336
336 337
243 338
267 339
10 340
47 341
71 342
107 343
32 344
165 345
153 346
123 347
11 348
40 349
349 350
350 351
184 352
47 353
353 354
354 355
227 356
221 357
357 358
358 359
316 360
147 361
182 362
362 363
363 364
329 365
226 366
184 367
2 368
328 369
369 370
370 371
288 372
372 373
110 374
374 375
59 376
5 377
329 378
186 379
379 380
12 381
310 382
85 383
251 384
384 385
217 386
386 387
387 388
319 389
189 390
205 391
288 392
15 393
71 394
316 395
318 396
98 397
29 398
118 399
399 400
400 401
70 402
237 403
322 404
377 405
271 406
160 407
108 408
408 409
338 410
291 411
411 412
412 413
122 414
187 415
357 416
121 417
382 418
418 419
104 420
167 421
421 422
235 423
62 424
97 425
403 426
261 427
29 428
428 429
401 430
230 431
133 432
111 433
188 434
311 435
14 436
436 437
188 438
61 439
111 440
288 441
144 442
153 443
9 444
130 445
230 446
355 447
447 448
113 449
337 450
443 451
451 452
357 453
150 454
454 455
325 456
456 457
317 458
458 459
131 460
447 461
1 462
462 463
252 464
273 465
465 466
466 467
285 468
468 469
264 470
470 471
27 472
19 473
378 474
378 475
385 476
413 477
477 478
478 479
345 480
119 481
18 482
454 483
301 484
400 485
433 486
18 487
232 488
488 489
474 490
80 491
491 492
130 493
493 494
489 495
495 496
430 497
497 498
119 499
45 500
