1000
284 356 330 67 214 326 7 317 267 427 484 76 82 191 96 25 297 139 262 309 209 397 479 207 363 291 276 461 341 387 97 474 86 52 196 436 324 83 132 456 330 147 361 231 39 393 259 453 89 248 41 406 281 65 53 115 453 88 352 185 154 482 284 411 215 392 15 124 34 174 185 22 239 353 156 38 336 98 199 23 454 157 417 177 424 138 23 448 327 192 45 202 264 464 94 389 198 209 407 494 106 380 390 365 52 326 473 47 372 182 410 313 270 109 469 457 289 313 494 345 396 312 337 278 384 314 488 56 210 339 427 282 491 367 112 432 348 401 270 319 169 451 311 114 373 335 144 374 197 118 27 152 334 343 444 370 481 160 118 126 189 231 305 398 375 361 493 334 385 225 105 291 317 247 410 402 165 441 394 417 73 108 6 229 220 260 307 478 266 189 336 184 431 216 414 238 133 254 116 95 175 481 36 356 219 360 355 451 307 218 11 472 290 378 176 280 126 409 121 274 245 418 325 342 279 198 159 115 108 256 143 140 98 488 351 298 91 296 99 230 470 328 165 331 420 346 77 306 17 195 56 250 337 119 225 74 399 63 60 75 54 14 130 421 32 229 234 452 458 497 379 131 311 235 13 404 497 200 240 122 68 149 406 271 132 272 65 358 390 204 246 272 226 377 450 223 29 436 140 176 49 161 288 359 350 57 237 81 84 141 413 104 85 253 194 3 241 55 86 432 113 282 213 395 78 2 293 268 483 33 455 24 416 128 117 385 101 251 236 407 242 107 382 292 173 419 129 152 48 429 246 110 353 299 339 45 327 101 480 428 391 324 446 248 7 395 460 428 303 391 314 386 275 68 422 44 369 22 298 467 440 460 3 190 485 421 181 174 135 9 304 412 499 75 208 89 210 468 274 230 323 462 476 360 434 265 425 254 277 455 331 142 445 51 401 187 263 440 381 435 308 233 253 296 456 123 244 180 485 124 377 430 383 370 316 234 145 215 342 359 168 252 81 207 44 201 192 94 208 315 12 422 441 62 72 400 32 443 372 146 121 465 129 177 352 196 159 332 179 312 214 278 78 156 123 125 111 171 92 413 29 133 320 183 147 137 318 392 476 80 151 276 489 419 61 50 280 433 90 240 355 262 310 20 70 257 237 340 490 186 273 5 480 73 349 107 442 384 158 404 58 283 285 423 408 100 151 346 35 499 84 243 25 47 26 206 203 171 449 10 19 323 221 57 8 162 492 70 489 222 138 9 275 64 184 271 164 269 368 4 46 425 354 95 205 358 376 40 10 83 178 203 110 169 103 344 74 18 245 166 112 409 389 42 383 170 299 114 79 424 155 293 71 183 286 226 34 43 212 15 366 479 450 66 463 136 27 16 362 100 321 206 201 277 487 369 212 465 85 341 149 170 122 375 119 190 449 345 290 148 188 433 46 321 157 466 403 43 243 77 150 117 434 287 161 295 452 59 143 154 191 204 217 6 350 468 399 354 364 379 158 448 295 319 492 386 416 338 153 301 366 438 242 216 179 328 163 442 310 40 429 128 459 461 250 351 447 111 347 266 426 294 393 363 219 329 411 373 194 63 493 20 202 97 4 454 463 500 42 87 365 498 382 166 444 258 486 387 218 21 105 300 260 462 398 136 426 239 182 164 459 430 367 495 93 289 255 471 477 333 400 155 199 281 168 438 496 305 91 244 1 259 58 153 303 172 221 472 288 362 76 5 415 55 51 14 285 264 292 26 315 162 483 414 160 224 475 439 322 371 13 62 300 134 130 67 437 498 87 167 458 376 257 347 135 102 150 66 474 258 325 273 415 378 195 256 145 113 19 255 64 316 329 61 470 181 148 402 53 333 283 484 306 477 141 371 59 466 69 134 41 2 163 381 228 193 263 478 338 249 180 418 247 357 173 469 241 103 403 69 39 322 302 142 340 33 437 37 344 167 435 21 236 48 388 486 49 261 80 364 200 223 467 71 475 227 348 96 18 357 175 396 349 116 309 217 220 496 286 90 265 443 294 30 332 125 12 38 188 495 374 8 491 302 88 120 31 224 431 102 211 343 297 92 368 72 308 446 335 238 388 127 172 36 482 447 405 405 394 279 228 35 186 471 197 139 211 439 79 252 408 304 30 249 127 193 320 120 50 457 54 445 144 235 318 60 131 233 82 487 104 213 93 187 222 287 227 106 109 178 423 232 205 1 28 380 269 37 17 301 146 420 473 490 31 137 24 261 464 268 11 16 397 28 232 500 99 267 412 251
1 2
1 3
1 4
3 5
5 6
6 7
6 8
1 9
3 10
8 11
9 12
5 13
2 14
2 15
7 16
1 17
9 18
4 19
9 20
20 21
13 22
18 23
16 24
6 25
25 26
21 27
5 28
19 29
11 30
20 31
22 32
21 33
23 34
15 35
35 36
25 37
11 38
38 39
39 40
40 41
38 42
42 43
23 44
28 45
15 46
42 47
6 48
7 49
1 50
22 51
40 52
45 53
24 54
12 55
25 56
56 57
29 58
49 59
35 60
20 61
5 62
35 63
59 64
21 65
34 66
51 67
29 68
56 69
2 70
70 71
64 72
35 73
69 74
39 75
64 76
76 77
42 78
31 79
22 80
40 81
81 82
47 83
83 84
44 85
67 86
11 87
84 88
40 89
35 90
38 91
26 92
73 93
44 94
60 95
86 96
33 97
14 98
80 99
62 100
19 101
92 102
2 103
92 104
18 105
104 106
68 107
1 108
50 109
108 110
104 111
60 112
55 113
49 114
114 115
33 116
38 117
34 118
69 119
77 120
120 121
45 122
122 123
4 124
50 125
3 126
23 127
23 128
89 129
24 130
65 131
112 132
22 133
9 134
121 135
119 136
60 137
11 138
37 139
122 140
140 141
23 142
16 143
68 144
17 145
136 146
117 147
139 148
148 149
140 150
150 151
49 152
140 153
64 154
35 155
23 156
102 157
30 158
126 159
117 160
15 161
63 162
136 163
21 164
92 165
151 166
126 167
143 168
23 169
108 170
128 171
28 172
35 173
147 174
162 175
169 176
15 177
44 178
113 179
43 180
71 181
21 182
69 183
6 184
171 185
126 186
34 187
16 188
26 189
59 190
2 191
38 192
122 193
85 194
104 195
195 196
97 197
174 198
121 199
199 200
90 201
91 202
114 203
133 204
158 205
85 206
140 207
207 208
48 209
115 210
210 211
80 212
141 213
11 214
71 215
19 216
104 217
33 218
54 219
127 220
142 221
113 222
37 223
192 224
173 225
225 226
144 227
5 228
194 229
222 230
150 231
212 232
162 233
233 234
76 235
127 236
62 237
237 238
78 239
97 240
13 241
219 242
57 243
230 244
149 245
13 246
240 247
55 248
234 249
247 250
198 251
67 252
106 253
45 254
90 255
37 256
131 257
257 258
64 259
259 260
260 261
176 262
7 263
92 264
207 265
64 266
199 267
12 268
197 269
216 270
16 271
81 272
114 273
83 274
110 275
54 276
80 277
25 278
214 279
37 280
93 281
198 282
1 283
85 284
217 285
113 286
256 287
287 288
242 289
58 290
290 291
104 292
139 293
199 294
197 295
25 296
6 297
77 298
255 299
241 300
300 301
45 302
104 303
4 304
52 305
45 306
156 307
237 308
187 309
141 310
27 311
229 312
145 313
48 314
46 315
106 316
315 317
26 318
213 319
319 320
27 321
307 322
250 323
322 324
170 325
271 326
189 327
222 328
24 329
139 330
323 331
257 332
120 333
158 334
232 335
287 336
245 337
237 338
51 339
88 340
340 341
115 342
87 343
67 344
123 345
92 346
108 347
347 348
310 349
301 350
98 351
351 352
344 353
227 354
246 355
355 356
204 357
136 358
34 359
119 360
59 361
349 362
123 363
66 364
364 365
17 366
310 367
122 368
334 369
369 370
320 371
198 372
372 373
9 374
172 375
47 376
189 377
289 378
250 379
35 380
347 381
377 382
89 383
133 384
384 385
102 386
353 387
212 388
253 389
299 390
366 391
191 392
327 393
19 394
394 395
53 396
280 397
341 398
288 399
392 400
242 401
352 402
391 403
25 404
151 405
267 406
3 407
340 408
9 409
409 410
189 411
326 412
26 413
222 414
80 415
166 416
57 417
18 418
31 419
215 420
143 421
156 422
422 423
311 424
335 425
350 426
355 427
173 428
260 429
358 430
163 431
347 432
168 433
335 434
15 435
163 436
211 437
207 438
194 439
71 440
208 441
367 442
15 443
424 444
201 445
298 446
150 447
230 448
365 449
315 450
286 451
215 452
323 453
72 454
44 455
48 456
242 457
114 458
222 459
208 460
419 461
11 462
462 463
463 464
52 465
76 466
196 467
349 468
448 469
265 470
207 471
219 472
150 473
228 474
31 475
139 476
163 477
14 478
205 479
47 480
312 481
22 482
264 483
483 484
377 485
130 486
465 487
335 488
432 489
131 490
347 491
205 492
244 493
485 494
382 495
343 496
496 497
160 498
111 499
411 500
49 501
468 502
287 503
493 504
1 505
419 506
157 507
27 508
479 509
126 510
510 511
121 512
465 513
296 514
432 515
308 516
435 517
171 518
311 519
384 520
290 521
321 522
438 523
332 524
284 525
199 526
75 527
527 528
28 529
181 530
530 531
434 532
131 533
451 534
262 535
112 536
507 537
318 538
322 539
338 540
58 541
541 542
445 543
349 544
343 545
431 546
416 547
370 548
439 549
349 550
474 551
60 552
414 553
339 554
554 555
493 556
270 557
119 558
537 559
559 560
408 561
10 562
23 563
32 564
423 565
162 566
241 567
386 568
568 569
34 570
570 571
245 572
105 573
47 574
78 575
487 576
257 577
307 578
323 579
327 580
215 581
559 582
378 583
55 584
204 585
454 586
106 587
82 588
586 589
329 590
590 591
569 592
251 593
311 594
388 595
102 596
33 597
597 598
113 599
170 600
95 601
433 602
396 603
416 604
301 605
42 606
504 607
80 608
50 609
66 610
610 611
317 612
483 613
312 614
396 615
313 616
616 617
278 618
127 619
60 620
202 621
107 622
622 623
132 624
624 625
198 626
461 627
558 628
530 629
629 630
141 631
631 632
632 633
260 634
506 635
411 636
210 637
481 638
380 639
328 640
477 641
360 642
132 643
607 644
102 645
483 646
236 647
256 648
158 649
251 650
332 651
541 652
485 653
638 654
265 655
616 656
491 657
550 658
658 659
334 660
637 661
472 662
423 663
312 664
386 665
650 666
666 667
455 668
384 669
638 670
349 671
606 672
203 673
673 674
100 675
675 676
676 677
497 678
251 679
530 680
5 681
73 682
574 683
197 684
599 685
573 686
139 687
311 688
270 689
259 690
458 691
641 692
272 693
369 694
98 695
262 696
696 697
689 698
550 699
699 700
204 701
127 702
367 703
703 704
51 705
223 706
706 707
707 708
436 709
419 710
427 711
517 712
557 713
373 714
618 715
715 716
716 717
116 718
608 719
83 720
517 721
187 722
327 723
214 724
19 725
111 726
607 727
727 728
456 729
446 730
122 731
629 732
435 733
272 734
252 735
414 736
736 737
274 738
680 739
626 740
108 741
18 742
402 743
388 744
148 745
108 746
283 747
618 748
632 749
703 750
378 751
373 752
752 753
359 754
367 755
544 756
737 757
344 758
497 759
242 760
318 761
42 762
271 763
381 764
444 765
765 766
426 767
253 768
418 769
433 770
268 771
646 772
461 773
184 774
620 775
492 776
776 777
180 778
563 779
545 780
509 781
737 782
773 783
410 784
286 785
592 786
55 787
396 788
306 789
78 790
790 791
376 792
285 793
336 794
461 795
76 796
781 797
669 798
50 799
279 800
9 801
657 802
611 803
685 804
242 805
102 806
246 807
107 808
384 809
572 810
20 811
210 812
425 813
813 814
29 815
586 816
327 817
643 818
708 819
734 820
503 821
612 822
822 823
423 824
567 825
34 826
300 827
327 828
442 829
222 830
73 831
647 832
207 833
365 834
80 835
835 836
358 837
789 838
838 839
754 840
825 841
314 842
661 843
96 844
221 845
800 846
544 847
459 848
530 849
730 850
589 851
686 852
852 853
544 854
204 855
147 856
287 857
743 858
816 859
36 860
500 861
142 862
624 863
344 864
694 865
865 866
519 867
451 868
308 869
869 870
61 871
823 872
684 873
136 874
358 875
378 876
309 877
634 878
733 879
425 880
860 881
693 882
244 883
337 884
488 885
428 886
886 887
619 888
379 889
889 890
732 891
150 892
482 893
107 894
30 895
850 896
761 897
821 898
380 899
814 900
340 901
502 902
745 903
551 904
168 905
691 906
606 907
770 908
908 909
134 910
537 911
530 912
229 913
531 914
68 915
915 916
626 917
917 918
755 919
373 920
414 921
29 922
922 923
726 924
655 925
288 926
926 927
370 928
404 929
383 930
898 931
855 932
799 933
680 934
357 935
807 936
434 937
521 938
124 939
720 940
333 941
360 942
641 943
631 944
944 945
369 946
946 947
39 948
257 949
949 950
950 951
538 952
469 953
413 954
954 955
381 956
7 957
182 958
339 959
951 960
64 961
948 962
311 963
161 964
165 965
859 966
615 967
967 968
490 969
485 970
544 971
971 972
5 973
16 974
781 975
472 976
243 977
669 978
54 979
224 980
334 981
278 982
234 983
387 984
289 985
974 986
843 987
869 988
863 989
49 990
990 991
759 992
289 993
941 994
276 995
132 996
996 997
441 998
106 999
766 1000
