1000
380 186 463 465 354 215 205 412 35 72 355 212 448 4 425 48 475 371 473 197 482 298 265 13 279 413 353 2 168 241 495 384 357 98 281 77 237 227 464 93 485 51 97 210 240 164 144 61 146 60 326 25 372 26 134 346 8 324 216 258 60 480 373 419 228 63 156 317 293 316 86 337 167 137 65 344 345 17 27 213 104 214 75 167 126 105 4 16 158 418 291 9 70 220 117 391 247 2 113 23 267 285 71 282 320 194 188 287 496 217 204 386 435 288 475 383 263 329 349 387 181 168 253 20 312 148 472 124 406 165 407 143 141 431 70 96 10 362 259 342 163 6 251 379 157 443 449 22 73 472 66 28 460 388 80 120 348 251 26 150 339 194 196 204 136 147 278 184 264 15 296 449 424 39 203 169 404 372 131 298 440 230 309 381 369 447 336 185 104 274 161 11 270 277 125 217 176 87 295 245 19 461 280 430 202 253 477 300 401 489 476 37 404 456 140 327 209 96 289 38 209 148 443 240 369 234 142 249 139 378 460 318 77 115 66 191 50 124 30 55 310 394 500 11 34 476 338 368 383 165 45 244 221 386 102 131 339 210 143 270 266 33 65 474 499 357 320 375 258 46 6 415 285 229 213 201 283 24 414 128 432 45 444 452 202 452 470 29 451 64 224 331 225 468 321 400 438 363 380 266 275 425 365 59 254 120 268 36 256 299 180 421 62 498 311 192 442 399 305 123 424 290 94 459 446 276 101 181 347 153 420 273 361 439 18 284 162 456 304 334 100 436 301 296 5 484 187 319 42 34 206 419 211 170 453 254 111 182 89 492 112 226 61 376 394 359 488 180 398 239 74 106 401 9 48 73 418 207 141 25 387 95 76 409 227 252 366 10 463 437 388 367 177 406 216 481 74 177 68 44 105 335 183 361 32 223 172 272 185 178 362 52 421 269 115 146 212 197 56 90 490 493 314 78 173 121 203 426 8 403 341 83 238 468 328 191 172 112 231 178 336 40 447 199 218 450 20 123 335 364 292 17 385 200 208 314 160 498 259 43 371 393 370 99 351 12 189 47 492 322 333 446 489 147 381 469 455 451 19 91 56 467 237 91 297 195 78 464 486 244 283 457 377 487 113 159 243 408 224 420 343 450 426 93 64 255 323 233 85 189 5 7 133 239 458 349 382 410 479 359 219 278 18 378 448 307 243 318 433 119 152 174 358 85 125 139 364 198 122 49 434 102 398 155 303 145 53 288 417 110 130 483 44 393 330 391 230 132 389 337 200 478 454 360 480 7 108 59 294 453 457 471 175 316 368 98 268 32 479 307 374 118 107 276 441 67 461 50 294 321 21 309 399 281 229 161 272 171 119 14 47 459 30 435 262 222 438 246 333 69 188 247 182 51 233 3 101 86 116 497 234 303 153 238 430 484 366 145 46 149 235 99 136 58 15 22 53 280 186 206 84 242 301 356 1 487 350 157 325 173 329 444 144 196 410 190 416 187 429 427 365 82 277 176 488 313 214 221 252 500 72 302 293 79 405 163 57 269 433 400 114 169 311 260 407 477 486 422 262 192 179 58 415 122 377 370 71 27 134 43 82 355 373 350 232 81 260 100 255 88 300 396 356 310 384 128 434 389 313 152 201 402 431 332 83 232 75 222 151 397 462 137 392 107 31 306 248 497 353 499 291 297 496 89 130 49 236 261 442 287 97 308 312 402 465 92 331 54 328 183 80 358 360 246 218 76 12 195 344 35 374 325 282 390 432 109 3 327 92 346 440 416 174 367 257 471 256 184 319 414 142 299 271 159 286 412 467 117 63 28 427 170 423 54 273 264 31 334 42 382 103 458 482 138 351 151 417 494 41 118 257 69 242 403 379 338 395 160 135 36 292 79 474 473 363 429 495 81 428 263 68 33 341 95 315 481 317 198 162 57 179 445 199 483 208 323 154 409 385 286 249 175 127 466 375 332 87 275 62 405 376 126 220 493 88 306 150 132 1 109 90 149 29 271 445 133 490 236 295 302 315 41 39 413 455 340 110 129 354 225 21 241 330 127 390 352 485 437 67 223 491 491 106 94 190 343 103 37 52 397 164 352 250 304 193 114 38 166 423 158 274 279 193 466 138 436 219 23 305 248 439 308 155 207 231 470 245 454 267 422 395 24 135 392 411 171 140 166 462 326 322 478 16 13 154 441 215 156 211 228 342 129 55 494 14 348 111 235 408 226 265 469 289 108 428 345 396 205 84 261 116 284 347 324 40 340 411 250 290 121
1 2
2 3
1 4
1 5
1 6
6 7
7 8
2 9
1 10
5 11
11 12
12 13
13 14
14 15
15 16
16 17
17 18
6 19
19 20
1 21
10 22
6 23
7 24
15 25
9 26
1 27
10 28
3 29
29 30
30 31
31 32
7 33
22 34
14 35
5 36
3 37
37 38
15 39
24 40
15 41
12 42
11 43
18 44
20 45
25 46
9 47
6 48
48 49
49 50
50 51
7 52
42 53
53 54
16 55
27 56
13 57
2 58
34 59
34 60
60 61
10 62
62 63
62 64
35 65
65 66
1 67
67 68
21 69
43 70
53 71
12 72
72 73
63 74
35 75
63 76
13 77
19 78
31 79
67 80
77 81
81 82
12 83
72 84
83 85
60 86
86 87
87 88
4 89
89 90
11 91
26 92
92 93
32 94
11 95
95 96
22 97
96 98
11 99
15 100
75 101
66 102
21 103
48 104
86 105
23 106
106 107
15 108
34 109
74 110
110 111
29 112
20 113
84 114
105 115
115 116
86 117
83 118
82 119
113 120
117 121
85 122
66 123
123 124
42 125
97 126
126 127
64 128
65 129
63 130
26 131
9 132
24 133
107 134
61 135
4 136
61 137
7 138
138 139
126 140
43 141
86 142
119 143
22 144
72 145
51 146
146 147
122 148
148 149
77 150
73 151
151 152
70 153
44 154
154 155
12 156
4 157
45 158
146 159
37 160
160 161
161 162
15 163
163 164
164 165
165 166
144 167
148 168
28 169
154 170
90 171
171 172
1 173
109 174
121 175
46 176
106 177
177 178
14 179
179 180
180 181
181 182
115 183
133 184
13 185
185 186
68 187
187 188
5 189
76 190
118 191
91 192
7 193
89 194
94 195
105 196
196 197
197 198
3 199
152 200
116 201
37 202
202 203
203 204
204 205
59 206
173 207
207 208
175 209
72 210
141 211
19 212
205 213
177 214
214 215
2 216
208 217
67 218
84 219
112 220
176 221
164 222
222 223
223 224
224 225
210 226
200 227
125 228
107 229
177 230
230 231
28 232
50 233
93 234
234 235
193 236
29 237
237 238
203 239
95 240
74 241
128 242
126 243
81 244
244 245
227 246
169 247
119 248
248 249
175 250
222 251
251 252
37 253
216 254
87 255
138 256
256 257
238 258
7 259
259 260
210 261
181 262
237 263
115 264
107 265
103 266
266 267
159 268
251 269
19 270
270 271
181 272
264 273
100 274
157 275
59 276
179 277
231 278
278 279
68 280
162 281
13 282
279 283
87 284
151 285
105 286
286 287
167 288
14 289
289 290
225 291
113 292
123 293
287 294
34 295
196 296
118 297
222 298
113 299
254 300
241 301
58 302
269 303
303 304
64 305
97 306
146 307
307 308
2 309
95 310
310 311
187 312
187 313
313 314
314 315
6 316
316 317
134 318
318 319
249 320
233 321
126 322
322 323
26 324
263 325
169 326
5 327
46 328
254 329
21 330
176 331
331 332
322 333
216 334
249 335
335 336
336 337
333 338
338 339
307 340
317 341
7 342
103 343
6 344
278 345
72 346
201 347
66 348
305 349
349 350
219 351
336 352
352 353
53 354
2 355
355 356
356 357
188 358
181 359
275 360
23 361
273 362
131 363
9 364
70 365
258 366
26 367
128 368
252 369
369 370
370 371
21 372
113 373
24 374
297 375
12 376
112 377
150 378
378 379
379 380
380 381
152 382
227 383
269 384
25 385
385 386
333 387
278 388
338 389
262 390
178 391
152 392
383 393
85 394
241 395
369 396
281 397
249 398
398 399
357 400
177 401
172 402
306 403
88 404
270 405
117 406
355 407
296 408
359 409
55 410
293 411
411 412
11 413
28 414
124 415
231 416
347 417
272 418
418 419
21 420
420 421
421 422
237 423
86 424
198 425
425 426
234 427
29 428
428 429
420 430
310 431
68 432
14 433
211 434
415 435
205 436
347 437
63 438
365 439
390 440
437 441
441 442
397 443
443 444
88 445
304 446
342 447
288 448
3 449
273 450
434 451
350 452
235 453
220 454
454 455
449 456
456 457
26 458
458 459
226 460
460 461
461 462
172 463
85 464
63 465
465 466
334 467
241 468
64 469
55 470
470 471
360 472
457 473
83 474
331 475
9 476
112 477
153 478
314 479
143 480
29 481
102 482
295 483
407 484
358 485
485 486
442 487
177 488
20 489
303 490
359 491
460 492
372 493
354 494
494 495
495 496
422 497
497 498
295 499
122 500
500 501
91 502
458 503
478 504
83 505
28 506
466 507
109 508
73 509
509 510
495 511
405 512
369 513
259 514
200 515
383 516
499 517
314 518
1 519
360 520
520 521
73 522
58 523
362 524
524 525
106 526
83 527
162 528
528 529
403 530
530 531
306 532
187 533
533 534
220 535
267 536
48 537
273 538
188 539
539 540
540 541
254 542
76 543
26 544
513 545
284 546
546 547
530 548
510 549
496 550
221 551
551 552
484 553
355 554
508 555
555 556
516 557
401 558
558 559
559 560
390 561
255 562
118 563
265 564
439 565
565 566
171 567
544 568
488 569
190 570
265 571
83 572
137 573
108 574
58 575
575 576
303 577
99 578
557 579
235 580
417 581
344 582
456 583
583 584
584 585
273 586
586 587
233 588
293 589
471 590
551 591
229 592
122 593
593 594
81 595
141 596
596 597
187 598
598 599
162 600
600 601
479 602
195 603
603 604
604 605
455 606
128 607
607 608
608 609
599 610
11 611
385 612
612 613
613 614
459 615
615 616
57 617
440 618
292 619
175 620
442 621
190 622
233 623
370 624
591 625
625 626
565 627
212 628
69 629
62 630
74 631
38 632
93 633
127 634
559 635
261 636
636 637
637 638
586 639
433 640
173 641
410 642
642 643
206 644
149 645
620 646
239 647
647 648
271 649
22 650
181 651
457 652
6 653
116 654
654 655
27 656
30 657
1 658
658 659
618 660
660 661
563 662
238 663
233 664
664 665
20 666
398 667
281 668
14 669
483 670
167 671
328 672
672 673
468 674
94 675
597 676
278 677
173 678
670 679
243 680
587 681
222 682
532 683
185 684
346 685
665 686
36 687
204 688
688 689
689 690
690 691
505 692
197 693
563 694
293 695
466 696
675 697
207 698
268 699
148 700
11 701
173 702
157 703
407 704
549 705
491 706
120 707
258 708
378 709
559 710
696 711
445 712
712 713
713 714
714 715
715 716
111 717
98 718
14 719
555 720
485 721
721 722
57 723
318 724
296 725
344 726
590 727
727 728
728 729
585 730
232 731
724 732
136 733
480 734
481 735
394 736
501 737
735 738
397 739
529 740
482 741
141 742
742 743
458 744
481 745
745 746
642 747
45 748
624 749
603 750
250 751
273 752
93 753
726 754
83 755
675 756
471 757
421 758
96 759
658 760
760 761
277 762
592 763
763 764
509 765
18 766
325 767
767 768
541 769
389 770
770 771
771 772
772 773
223 774
774 775
31 776
384 777
477 778
683 779
601 780
155 781
137 782
255 783
608 784
25 785
421 786
577 787
499 788
788 789
275 790
730 791
77 792
725 793
478 794
200 795
741 796
98 797
25 798
798 799
143 800
423 801
41 802
257 803
460 804
804 805
260 806
806 807
271 808
203 809
3 810
224 811
811 812
54 813
376 814
252 815
815 816
727 817
50 818
304 819
614 820
820 821
821 822
343 823
823 824
464 825
660 826
237 827
734 828
828 829
758 830
694 831
237 832
398 833
252 834
473 835
394 836
399 837
630 838
448 839
839 840
443 841
274 842
431 843
747 844
844 845
460 846
846 847
307 848
848 849
443 850
593 851
822 852
852 853
343 854
763 855
470 856
640 857
204 858
858 859
803 860
92 861
823 862
857 863
440 864
864 865
399 866
238 867
545 868
662 869
189 870
870 871
431 872
872 873
733 874
384 875
195 876
578 877
555 878
227 879
800 880
741 881
881 882
554 883
862 884
701 885
44 886
74 887
36 888
710 889
100 890
890 891
687 892
892 893
367 894
65 895
895 896
525 897
728 898
898 899
645 900
11 901
901 902
579 903
776 904
568 905
552 906
906 907
50 908
572 909
517 910
169 911
481 912
846 913
697 914
914 915
915 916
553 917
322 918
87 919
433 920
666 921
921 922
466 923
480 924
652 925
493 926
753 927
728 928
82 929
929 930
454 931
70 932
775 933
251 934
934 935
594 936
745 937
889 938
489 939
939 940
315 941
28 942
350 943
943 944
876 945
945 946
475 947
278 948
239 949
949 950
560 951
641 952
9 953
171 954
302 955
941 956
757 957
56 958
570 959
678 960
960 961
221 962
421 963
31 964
585 965
531 966
565 967
177 968
878 969
136 970
532 971
637 972
772 973
973 974
969 975
31 976
163 977
791 978
78 979
625 980
376 981
849 982
48 983
572 984
984 985
606 986
97 987
647 988
81 989
238 990
853 991
839 992
26 993
818 994
12 995
286 996
17 997
386 998
861 999
947 1000
