1000
398 424 389 224 22 364 56 278 249 395 412 1 39 422 46 359 486 478 379 376 125 223 214 169 7 440 456 349 410 274 431 66 336 327 388 479 384 163 49 130 392 135 229 67 352 266 385 495 363 65 197 204 116 57 55 107 333 136 270 369 378 371 409 358 67 400 111 448 182 119 84 103 112 394 345 113 169 24 153 264 222 162 195 149 238 123 139 380 127 43 207 458 334 445 254 467 63 211 204 259 103 20 174 190 287 184 373 202 3 82 77 12 57 94 442 441 21 62 366 208 219 128 414 489 462 253 192 290 299 19 346 313 203 68 64 335 404 214 317 226 165 450 252 461 40 9 283 271 348 19 453 327 476 16 426 237 102 483 231 22 96 500 419 383 325 180 287 156 492 485 477 228 421 60 177 367 378 357 235 5 81 6 264 125 296 380 395 47 65 138 166 7 197 245 409 72 460 2 439 206 281 185 4 262 468 465 250 314 415 163 10 44 112 410 94 86 402 384 370 467 341 105 229 267 312 25 292 114 422 436 14 469 78 58 496 301 18 366 70 256 431 116 417 183 180 372 316 494 160 474 60 326 270 396 322 242 150 425 425 185 170 331 209 457 133 200 487 406 435 297 239 221 247 369 168 329 306 91 367 316 399 405 485 244 83 345 88 99 491 212 455 456 242 1 497 79 246 28 6 263 353 250 357 118 42 61 427 25 236 108 209 122 207 111 341 413 246 165 493 288 361 151 350 45 75 385 398 349 420 10 124 298 12 279 9 496 90 168 41 71 435 342 330 420 329 405 260 439 443 370 285 356 142 474 243 51 462 161 241 330 344 347 205 382 129 98 304 277 184 136 218 480 199 147 89 194 225 235 81 38 469 233 498 245 14 196 53 227 205 41 251 213 188 233 454 397 198 232 158 161 231 124 257 347 414 137 133 213 217 206 346 302 176 323 248 45 256 424 482 219 261 13 429 374 114 39 247 373 73 135 465 56 215 280 108 157 121 118 198 99 11 447 296 297 386 312 288 459 3 382 95 90 149 89 472 53 61 470 5 500 145 88 282 350 291 106 450 147 284 437 52 483 26 258 76 132 356 272 399 426 391 315 310 434 340 348 64 337 80 397 463 377 495 408 320 284 228 35 171 146 413 443 276 109 142 311 155 429 139 272 227 265 31 154 432 338 15 475 447 113 268 280 460 32 391 404 291 411 444 472 83 475 36 155 110 446 244 160 216 283 403 82 201 255 174 268 143 237 438 362 238 216 394 109 164 266 176 177 16 406 317 178 354 433 294 230 232 11 303 69 30 286 123 159 293 104 428 449 433 195 240 313 449 243 452 253 37 63 365 43 152 437 454 191 386 187 275 494 321 269 487 59 156 48 396 224 307 324 476 202 466 131 265 259 240 263 50 314 318 21 362 241 95 470 172 186 368 173 351 293 172 488 365 36 96 187 144 473 106 305 248 48 182 273 68 98 471 52 305 33 326 379 4 269 166 416 31 126 332 338 388 70 419 193 359 170 134 254 342 442 178 91 489 72 354 451 331 234 121 215 210 175 140 115 141 110 484 458 101 50 418 157 190 119 333 374 13 79 408 499 289 457 438 102 358 295 55 84 30 497 194 18 375 295 26 71 86 377 322 23 46 222 488 97 299 315 252 78 418 478 164 463 73 115 151 393 203 137 199 393 181 107 2 40 335 189 130 120 320 85 131 260 440 278 292 236 200 66 480 105 492 15 446 323 100 75 389 146 74 261 481 319 29 152 479 311 390 298 304 267 255 328 360 455 355 262 421 274 49 430 117 471 279 47 482 481 54 17 491 459 490 498 62 301 339 211 93 493 375 290 74 150 129 325 276 193 218 452 179 307 100 126 188 154 225 441 51 468 427 173 35 128 117 466 400 430 337 158 303 93 383 361 85 444 477 97 34 423 33 308 37 300 286 29 309 127 220 363 104 191 417 183 249 87 148 355 416 464 407 423 212 223 289 324 27 27 59 171 484 310 58 251 175 208 302 381 343 453 415 201 371 306 432 445 234 352 153 258 351 122 132 38 392 134 368 275 140 196 332 8 486 32 401 448 434 192 360 402 339 387 159 387 92 499 221 281 407 273 226 143 343 277 436 120 92 308 282 69 24 181 428 220 54 87 217 189 318 145 381 148 44 412 144 162 344 309 321 23 340 42 80 353 285 390 319 461 77 401 28 20 364 271 239 34 76 167 473 411 376 490 334 179 167 210 17 8 328 372 138 403 294 141 300 186 230 451 101 257 336 464
1 2
2 3
1 4
4 5
5 6
6 7
1 8
8 9
9 10
10 11
5 12
12 13
13 14
14 15
15 16
15 17
15 18
5 19
19 20
20 21
21 22
22 23
23 24
24 25
25 26
26 27
27 28
28 29
29 30
30 31
31 32
32 33
33 34
34 35
35 36
36 37
37 38
38 39
39 40
40 41
41 42
27 43
29 44
44 45
19 46
19 47
31 48
48 49
49 50
50 51
51 52
52 53
23 54
32 55
29 56
48 57
23 58
30 59
59 60
4 61
61 62
48 63
47 64
64 65
65 66
66 67
67 68
68 69
69 70
70 71
71 72
72 73
64 74
74 75
75 76
6 77
77 78
78 79
79 80
80 81
61 82
82 83
83 84
84 85
85 86
86 87
87 88
88 89
89 90
90 91
91 92
92 93
93 94
94 95
95 96
96 97
70 98
98 99
99 100
100 101
101 102
102 103
103 104
104 105
105 106
106 107
107 108
108 109
109 110
110 111
104 112
112 113
113 114
114 115
115 116
116 117
23 118
108 119
84 120
120 121
10 122
122 123
123 124
124 125
125 126
126 127
127 128
128 129
76 130
130 131
69 132
132 133
133 134
134 135
135 136
136 137
137 138
94 139
139 140
106 141
74 142
142 143
65 144
136 145
43 146
146 147
115 148
147 149
149 150
150 151
151 152
152 153
153 154
139 155
155 156
156 157
157 158
158 159
159 160
55 161
157 162
162 163
163 164
164 165
165 166
166 167
167 168
168 169
169 170
170 171
122 172
172 173
173 174
92 175
175 176
131 177
177 178
78 179
179 180
180 181
181 182
182 183
179 184
184 185
185 186
73 187
187 188
188 189
30 190
190 191
191 192
192 193
120 194
194 195
195 196
196 197
22 198
198 199
199 200
200 201
201 202
131 203
203 204
204 205
126 206
206 207
113 208
208 209
209 210
210 211
152 212
212 213
3 214
198 215
215 216
216 217
217 218
218 219
44 220
50 221
63 222
222 223
223 224
224 225
225 226
100 227
227 228
228 229
229 230
8 231
231 232
232 233
233 234
234 235
235 236
165 237
33 238
105 239
239 240
40 241
241 242
242 243
206 244
97 245
245 246
246 247
247 248
248 249
249 250
250 251
251 252
252 253
253 254
254 255
255 256
256 257
257 258
258 259
259 260
236 261
108 262
196 263
135 264
32 265
265 266
266 267
80 268
268 269
269 270
270 271
271 272
272 273
273 274
176 275
251 276
276 277
277 278
209 279
54 280
278 281
211 282
282 283
283 284
284 285
92 286
286 287
287 288
288 289
26 290
290 291
291 292
292 293
182 294
21 295
66 296
296 297
297 298
298 299
42 300
300 301
301 302
302 303
303 304
304 305
305 306
306 307
153 308
308 309
309 310
310 311
311 312
312 313
313 314
314 315
315 316
316 317
317 318
318 319
319 320
320 321
321 322
307 323
323 324
324 325
325 326
326 327
327 328
328 329
329 330
330 331
331 332
332 333
333 334
334 335
335 336
336 337
231 338
338 339
339 340
340 341
341 342
248 343
222 344
344 345
345 346
346 347
325 348
348 349
220 350
350 351
351 352
30 353
126 354
354 355
184 356
356 357
93 358
358 359
359 360
202 361
361 362
362 363
363 364
364 365
365 366
9 367
92 368
368 369
369 370
240 371
371 372
372 373
373 374
374 375
375 376
376 377
377 378
378 379
379 380
380 381
354 382
382 383
383 384
384 385
385 386
273 387
10 388
388 389
274 390
390 391
391 392
267 393
393 394
394 395
21 396
392 397
397 398
48 399
399 400
400 401
401 402
402 403
403 404
404 405
79 406
406 407
407 408
408 409
71 410
410 411
411 412
317 413
413 414
362 415
415 416
332 417
417 418
418 419
419 420
420 421
421 422
61 423
110 424
424 425
425 426
406 427
427 428
428 429
429 430
240 431
92 432
432 433
433 434
434 435
406 436
436 437
437 438
438 439
439 440
271 441
441 442
442 443
443 444
444 445
445 446
85 447
285 448
448 449
449 450
50 451
451 452
452 453
453 454
454 455
455 456
232 457
341 458
401 459
459 460
75 461
461 462
462 463
356 464
464 465
92 466
466 467
467 468
468 469
469 470
470 471
44 472
261 473
473 474
474 475
475 476
476 477
477 478
478 479
479 480
480 481
481 482
482 483
483 484
484 485
485 486
486 487
487 488
488 489
324 490
490 491
346 492
119 493
493 494
104 495
259 496
353 497
497 498
409 499
382 500
500 501
86 502
502 503
332 504
504 505
505 506
506 507
507 508
71 509
509 510
510 511
215 512
356 513
513 514
483 515
515 516
516 517
517 518
518 519
519 520
216 521
395 522
522 523
144 524
524 525
525 526
2 527
527 528
528 529
529 530
530 531
405 532
532 533
528 534
534 535
535 536
536 537
537 538
538 539
539 540
540 541
541 542
542 543
121 544
544 545
545 546
546 547
311 548
548 549
549 550
550 551
301 552
272 553
553 554
509 555
555 556
556 557
557 558
558 559
559 560
560 561
561 562
562 563
563 564
470 565
468 566
566 567
567 568
568 569
569 570
570 571
569 572
66 573
573 574
574 575
575 576
379 577
577 578
578 579
579 580
580 581
581 582
582 583
583 584
67 585
585 586
586 587
587 588
588 589
589 590
590 591
591 592
592 593
593 594
594 595
595 596
347 597
597 598
598 599
420 600
17 601
601 602
602 603
603 604
604 605
148 606
606 607
252 608
608 609
164 610
528 611
611 612
176 613
613 614
117 615
615 616
616 617
617 618
618 619
619 620
272 621
406 622
622 623
108 624
624 625
625 626
626 627
627 628
628 629
349 630
630 631
520 632
632 633
618 634
281 635
635 636
636 637
581 638
638 639
162 640
640 641
612 642
642 643
643 644
644 645
645 646
623 647
637 648
648 649
649 650
35 651
651 652
652 653
653 654
654 655
655 656
17 657
354 658
210 659
659 660
660 661
661 662
662 663
663 664
351 665
211 666
666 667
667 668
48 669
669 670
670 671
374 672
672 673
673 674
77 675
235 676
676 677
677 678
368 679
679 680
161 681
681 682
682 683
683 684
684 685
685 686
125 687
687 688
688 689
622 690
690 691
691 692
190 693
693 694
694 695
695 696
696 697
697 698
623 699
595 700
700 701
701 702
702 703
703 704
704 705
558 706
706 707
707 708
708 709
709 710
576 711
711 712
712 713
713 714
714 715
491 716
716 717
531 718
718 719
45 720
720 721
721 722
722 723
723 724
724 725
725 726
726 727
727 728
728 729
160 730
730 731
250 732
732 733
733 734
240 735
138 736
73 737
737 738
738 739
739 740
740 741
741 742
742 743
147 744
342 745
745 746
746 747
747 748
748 749
749 750
8 751
751 752
752 753
8 754
754 755
755 756
71 757
433 758
758 759
759 760
422 761
761 762
762 763
763 764
571 765
765 766
766 767
767 768
768 769
735 770
459 771
124 772
772 773
341 774
666 775
775 776
776 777
777 778
142 779
779 780
780 781
781 782
782 783
783 784
157 785
785 786
137 787
434 788
788 789
789 790
790 791
791 792
686 793
578 794
83 795
722 796
796 797
797 798
175 799
799 800
800 801
801 802
802 803
803 804
804 805
805 806
806 807
764 808
693 809
597 810
810 811
289 812
576 813
813 814
814 815
487 816
816 817
324 818
251 819
819 820
820 821
821 822
822 823
823 824
824 825
825 826
826 827
827 828
458 829
829 830
830 831
831 832
552 833
833 834
199 835
835 836
836 837
837 838
495 839
839 840
840 841
841 842
842 843
440 844
844 845
588 846
846 847
847 848
848 849
849 850
585 851
851 852
852 853
222 854
800 855
855 856
856 857
347 858
858 859
859 860
860 861
861 862
862 863
40 864
864 865
865 866
866 867
867 868
868 869
869 870
575 871
871 872
872 873
873 874
874 875
875 876
168 877
289 878
878 879
722 880
880 881
881 882
652 883
883 884
884 885
885 886
886 887
536 888
888 889
889 890
890 891
891 892
892 893
883 894
251 895
87 896
40 897
897 898
898 899
899 900
539 901
901 902
902 903
903 904
904 905
240 906
906 907
907 908
908 909
909 910
208 911
810 912
703 913
913 914
49 915
915 916
916 917
917 918
918 919
340 920
920 921
830 922
922 923
923 924
924 925
925 926
926 927
927 928
928 929
929 930
930 931
931 932
932 933
933 934
934 935
935 936
895 937
937 938
938 939
939 940
940 941
941 942
942 943
943 944
944 945
116 946
946 947
947 948
948 949
949 950
260 951
692 952
794 953
185 954
954 955
955 956
516 957
911 958
174 959
757 960
960 961
961 962
807 963
963 964
964 965
965 966
966 967
967 968
968 969
250 970
970 971
739 972
972 973
973 974
974 975
975 976
976 977
977 978
978 979
748 980
980 981
981 982
822 983
983 984
984 985
985 986
773 987
987 988
988 989
989 990
847 991
991 992
992 993
993 994
8 995
350 996
799 997
647 998
998 999
999 1000
