1000
487 431 196 290 16 205 271 161 269 411 473 160 228 75 67 396 450 88 369 362 430 8 264 261 197 382 38 480 236 259 27 33 318 116 46 109 210 176 2 373 103 293 230 178 372 28 102 134 423 16 266 392 258 57 85 129 32 110 471 61 143 360 219 284 296 91 19 264 485 123 44 235 184 333 232 319 233 296 327 50 124 279 337 324 307 439 274 297 155 270 243 206 13 390 280 465 79 170 389 422 434 332 194 190 146 99 190 136 417 132 88 112 185 96 272 356 326 96 288 56 181 499 152 437 419 436 21 246 486 164 469 224 194 216 309 272 174 84 455 300 384 497 132 401 461 181 218 463 150 147 73 379 292 86 221 204 463 85 367 20 129 105 277 169 74 280 203 451 252 454 448 314 180 352 65 111 183 147 341 232 491 240 184 467 120 453 192 340 22 45 259 312 364 211 56 225 299 87 76 192 109 308 352 182 200 497 167 394 482 175 148 265 241 298 54 140 401 374 446 178 389 481 195 334 358 361 212 55 146 173 433 441 224 24 86 500 98 67 239 263 281 225 252 76 294 38 425 338 202 260 404 431 42 303 322 266 187 492 381 498 108 302 365 81 469 155 137 231 79 479 351 256 427 28 66 455 316 349 378 101 370 415 126 416 300 414 52 135 48 311 457 459 356 344 216 347 5 368 298 485 177 215 124 23 420 81 228 83 106 97 329 302 245 98 284 424 306 118 462 15 84 285 458 167 312 29 37 111 114 250 340 262 78 460 4 218 465 222 366 377 208 161 51 442 458 10 488 24 142 487 387 209 75 490 179 355 153 119 331 489 169 186 239 175 440 410 187 417 230 453 495 390 94 186 353 7 406 315 58 226 421 333 342 189 476 172 30 108 26 304 49 342 110 210 410 318 234 388 440 104 205 9 313 357 52 482 242 336 176 335 337 473 68 394 34 172 44 444 102 447 182 160 376 3 397 60 221 58 118 151 199 128 397 323 244 330 418 82 120 446 220 468 276 64 1 494 213 180 351 273 93 287 36 189 303 395 168 479 11 139 310 361 391 80 64 130 100 295 445 428 305 496 163 488 217 117 94 405 498 177 367 39 214 112 89 93 439 317 157 116 490 399 166 215 60 211 301 220 301 425 433 149 288 106 229 384 128 449 481 283 499 145 360 206 33 65 122 217 148 72 341 418 229 286 7 281 466 413 267 62 5 193 68 350 422 413 238 15 393 336 46 50 291 366 444 115 404 196 386 199 127 434 254 362 346 235 30 133 484 456 156 42 231 55 222 154 470 126 435 388 365 152 140 23 77 104 164 237 376 35 363 405 3 183 61 165 208 457 385 142 223 270 409 125 371 144 456 165 10 69 203 421 326 496 99 48 491 121 248 145 292 289 283 92 1 254 201 89 11 449 54 330 14 391 251 443 19 80 171 343 168 483 87 314 383 14 500 429 452 346 219 119 26 247 478 22 9 437 484 37 297 39 271 477 411 260 472 374 57 255 407 90 345 188 226 289 416 339 31 238 122 253 386 113 137 153 207 134 41 486 257 407 315 78 202 392 213 380 163 321 166 70 345 273 240 12 435 461 358 277 223 159 197 322 427 359 299 274 320 423 59 304 74 471 121 158 338 149 261 18 138 475 375 90 101 25 47 51 241 154 310 63 398 269 464 339 236 495 115 63 131 83 158 18 438 313 8 41 494 143 316 408 395 27 279 354 258 174 294 475 291 249 103 451 331 4 130 477 466 36 198 43 150 173 133 319 420 324 82 489 424 198 17 325 95 248 267 369 91 275 257 275 480 105 368 443 447 77 403 380 227 17 35 6 378 409 429 114 253 151 398 372 107 117 343 97 170 69 370 32 430 53 113 436 71 363 323 382 191 13 474 138 348 34 462 403 379 136 493 72 308 307 53 460 350 171 406 159 12 278 70 191 214 40 185 263 100 125 393 400 329 71 357 141 355 201 470 472 276 47 135 476 344 209 419 62 402 195 438 445 250 234 402 251 157 287 412 415 282 233 334 268 450 162 399 2 348 262 268 454 20 459 73 246 162 139 290 179 464 21 353 414 293 156 478 328 432 295 144 193 371 204 29 442 265 200 127 243 373 327 92 492 31 325 320 364 95 383 493 349 426 255 321 207 452 309 408 468 123 385 256 354 49 335 45 328 242 441 483 237 286 282 43 412 428 311 66 359 141 227 396 247 381 6 387 244 107 59 317 426 40 306 377 25 332 400 249 347 285 467 212 188 474 448 131 432 375 305 245 278
1 2
2 3
3 4
4 5
5 6
6 7
7 8
8 9
9 10
10 11
11 12
12 13
13 14
14 15
15 16
16 17
17 18
18 19
19 20
20 21
21 22
22 23
23 24
24 25
25 26
26 27
27 28
28 29
29 30
30 31
31 32
32 33
33 34
34 35
35 36
36 37
37 38
38 39
39 40
40 41
41 42
42 43
43 44
44 45
45 46
46 47
47 48
48 49
49 50
50 51
51 52
52 53
53 54
54 55
55 56
56 57
57 58
58 59
59 60
60 61
61 62
62 63
63 64
64 65
65 66
66 67
67 68
68 69
69 70
70 71
71 72
72 73
73 74
74 75
75 76
76 77
77 78
78 79
79 80
80 81
81 82
82 83
83 84
84 85
85 86
86 87
87 88
88 89
89 90
90 91
91 92
92 93
93 94
94 95
95 96
96 97
97 98
98 99
99 100
100 101
101 102
102 103
103 104
104 105
105 106
106 107
107 108
108 109
109 110
110 111
111 112
112 113
113 114
114 115
115 116
116 117
117 118
118 119
119 120
120 121
121 122
122 123
123 124
124 125
125 126
126 127
127 128
128 129
129 130
130 131
131 132
132 133
133 134
134 135
135 136
136 137
137 138
138 139
139 140
140 141
141 142
142 143
143 144
144 145
145 146
146 147
147 148
148 149
149 150
150 151
151 152
152 153
153 154
154 155
155 156
156 157
157 158
158 159
159 160
160 161
161 162
162 163
163 164
164 165
165 166
166 167
167 168
168 169
169 170
170 171
171 172
172 173
173 174
174 175
175 176
176 177
177 178
178 179
179 180
180 181
181 182
182 183
183 184
184 185
185 186
186 187
187 188
188 189
189 190
190 191
191 192
192 193
193 194
194 195
195 196
196 197
197 198
198 199
199 200
200 201
201 202
202 203
203 204
204 205
205 206
206 207
207 208
208 209
209 210
210 211
211 212
212 213
213 214
214 215
215 216
216 217
217 218
218 219
219 220
220 221
221 222
222 223
223 224
224 225
225 226
226 227
227 228
228 229
229 230
230 231
231 232
232 233
233 234
234 235
235 236
236 237
237 238
238 239
239 240
240 241
241 242
242 243
243 244
244 245
245 246
246 247
247 248
248 249
249 250
250 251
251 252
252 253
253 254
254 255
255 256
256 257
257 258
258 259
259 260
260 261
261 262
262 263
263 264
264 265
265 266
266 267
267 268
268 269
269 270
270 271
271 272
272 273
273 274
274 275
275 276
276 277
277 278
278 279
279 280
280 281
281 282
282 283
283 284
284 285
285 286
286 287
287 288
288 289
289 290
290 291
291 292
292 293
293 294
294 295
295 296
296 297
297 298
298 299
299 300
300 301
301 302
302 303
303 304
304 305
305 306
306 307
307 308
308 309
309 310
310 311
311 312
312 313
313 314
314 315
315 316
316 317
317 318
318 319
319 320
320 321
321 322
322 323
323 324
324 325
325 326
326 327
327 328
328 329
329 330
330 331
331 332
332 333
333 334
334 335
335 336
336 337
337 338
338 339
339 340
340 341
341 342
342 343
343 344
344 345
345 346
346 347
347 348
348 349
349 350
350 351
351 352
352 353
353 354
354 355
355 356
356 357
357 358
358 359
359 360
360 361
361 362
362 363
363 364
364 365
365 366
366 367
367 368
368 369
369 370
370 371
371 372
372 373
373 374
374 375
375 376
376 377
377 378
378 379
379 380
380 381
381 382
382 383
383 384
384 385
385 386
386 387
387 388
388 389
389 390
390 391
391 392
392 393
393 394
394 395
395 396
396 397
397 398
398 399
399 400
243 401
401 402
58 403
266 404
397 405
135 406
395 407
111 408
167 409
119 410
410 411
45 412
319 413
229 414
414 415
97 416
204 417
168 418
418 419
78 420
420 421
128 422
422 423
154 424
1 425
63 426
268 427
197 428
27 429
124 430
38 431
431 432
361 433
75 434
395 435
83 436
161 437
429 438
438 439
439 440
367 441
190 442
152 443
147 444
444 445
445 446
170 447
292 448
360 449
308 450
450 451
32 452
179 453
437 454
299 455
455 456
456 457
200 458
232 459
459 460
216 461
461 462
442 463
156 464
415 465
447 466
88 467
248 468
295 469
261 470
246 471
212 472
472 473
31 474
474 475
396 476
281 477
400 478
114 479
479 480
480 481
283 482
307 483
230 484
477 485
420 486
197 487
487 488
426 489
489 490
490 491
481 492
492 493
112 494
318 495
268 496
441 497
57 498
308 499
74 500
481 501
388 502
383 503
503 504
498 505
243 506
503 507
323 508
56 509
509 510
510 511
403 512
512 513
378 514
131 515
515 516
260 517
288 518
459 519
519 520
141 521
521 522
198 523
469 524
524 525
470 526
359 527
47 528
149 529
260 530
483 531
531 532
245 533
369 534
534 535
111 536
536 537
537 538
393 539
539 540
540 541
20 542
542 543
303 544
373 545
545 546
546 547
503 548
548 549
520 550
176 551
551 552
399 553
553 554
143 555
554 556
415 557
557 558
269 559
559 560
546 561
561 562
562 563
563 564
204 565
333 566
462 567
196 568
259 569
58 570
227 571
553 572
372 573
209 574
574 575
444 576
77 577
317 578
445 579
540 580
187 581
581 582
582 583
208 584
438 585
525 586
440 587
587 588
181 589
247 590
590 591
459 592
592 593
593 594
511 595
301 596
596 597
476 598
598 599
500 600
242 601
552 602
296 603
603 604
16 605
57 606
606 607
97 608
533 609
609 610
610 611
207 612
584 613
573 614
503 615
615 616
596 617
168 618
356 619
619 620
620 621
440 622
137 623
44 624
32 625
425 626
626 627
545 628
107 629
548 630
630 631
631 632
169 633
51 634
634 635
635 636
170 637
215 638
405 639
639 640
532 641
627 642
642 643
19 644
249 645
118 646
646 647
180 648
245 649
649 650
528 651
651 652
636 653
440 654
56 655
655 656
584 657
186 658
564 659
659 660
118 661
25 662
522 663
387 664
525 665
665 666
148 667
338 668
668 669
434 670
535 671
427 672
628 673
224 674
545 675
62 676
676 677
176 678
425 679
364 680
680 681
553 682
682 683
473 684
684 685
413 686
686 687
60 688
688 689
689 690
690 691
324 692
284 693
79 694
456 695
695 696
696 697
697 698
698 699
699 700
700 701
147 702
322 703
703 704
704 705
86 706
706 707
380 708
708 709
709 710
78 711
636 712
449 713
71 714
332 715
26 716
191 717
632 718
385 719
229 720
656 721
1 722
646 723
678 724
157 725
725 726
269 727
727 728
516 729
304 730
501 731
14 732
679 733
146 734
677 735
436 736
123 737
119 738
738 739
424 740
740 741
433 742
559 743
676 744
142 745
351 746
55 747
333 748
748 749
158 750
372 751
751 752
560 753
753 754
363 755
729 756
747 757
556 758
516 759
152 760
357 761
563 762
339 763
465 764
341 765
765 766
601 767
396 768
110 769
769 770
639 771
205 772
494 773
725 774
774 775
592 776
243 777
777 778
778 779
346 780
780 781
781 782
782 783
475 784
303 785
236 786
687 787
173 788
682 789
238 790
648 791
382 792
454 793
793 794
701 795
208 796
472 797
150 798
595 799
358 800
749 801
801 802
802 803
275 804
804 805
262 806
806 807
620 808
769 809
809 810
771 811
723 812
36 813
813 814
452 815
346 816
705 817
817 818
25 819
685 820
820 821
474 822
45 823
823 824
96 825
825 826
568 827
827 828
828 829
143 830
777 831
21 832
434 833
367 834
834 835
835 836
787 837
90 838
838 839
606 840
765 841
771 842
541 843
40 844
288 845
439 846
418 847
847 848
848 849
118 850
385 851
851 852
852 853
853 854
800 855
826 856
88 857
857 858
27 859
123 860
860 861
861 862
862 863
863 864
864 865
423 866
461 867
27 868
23 869
24 870
870 871
871 872
359 873
407 874
146 875
875 876
461 877
877 878
771 879
879 880
516 881
593 882
878 883
211 884
753 885
885 886
124 887
115 888
253 889
889 890
435 891
612 892
892 893
893 894
472 895
895 896
896 897
336 898
796 899
899 900
36 901
801 902
32 903
903 904
630 905
905 906
266 907
620 908
908 909
218 910
480 911
408 912
912 913
279 914
361 915
554 916
330 917
134 918
547 919
327 920
920 921
826 922
126 923
397 924
924 925
863 926
32 927
806 928
669 929
7 930
305 931
931 932
932 933
603 934
94 935
935 936
527 937
865 938
344 939
419 940
940 941
530 942
744 943
763 944
536 945
435 946
313 947
617 948
285 949
696 950
950 951
903 952
918 953
953 954
646 955
955 956
576 957
957 958
958 959
528 960
960 961
56 962
962 963
490 964
500 965
60 966
266 967
516 968
552 969
702 970
87 971
822 972
972 973
973 974
10 975
99 976
546 977
977 978
978 979
407 980
853 981
981 982
768 983
983 984
405 985
21 986
986 987
147 988
702 989
606 990
659 991
695 992
117 993
323 994
994 995
995 996
960 997
286 998
248 999
999 1000
