100
34 25 13 20 39 17 15 23 10 44 4 45 24 5 47 7 38 36 36 6 22 18 17 19 32 26 23 28 2 7 11 21 50 28 29 9 18 42 4 41 42 31 16 15 6 49 21 1 8 25 40 44 14 49 48 12 33 26 50 46 2 13 32 27 30 45 20 1 10 33 31 11 39 35 5 19 3 12 16 38 22 8 14 37 30 48 47 37 46 24 34 27 29 40 43 3 41 35 43 9
1 2
2 3
2 4
2 5
2 6
2 7
7 8
6 9
3 10
1 11
6 12
10 13
13 14
8 15
5 16
8 17
17 18
9 19
10 20
17 21
20 22
6 23
3 24
1 25
25 26
17 27
27 28
10 29
21 30
30 31
5 32
20 33
11 34
20 35
35 36
8 37
7 38
33 39
39 40
34 41
27 42
15 43
32 44
41 45
45 46
46 47
35 48
32 49
4 50
49 51
11 52
37 53
30 54
36 55
34 56
21 57
20 58
13 59
36 60
24 61
61 62
20 63
51 64
62 65
33 66
60 67
15 68
24 69
16 70
70 71
66 72
20 73
41 74
63 75
42 76
70 77
11 78
40 79
28 80
52 81
23 82
74 83
24 84
84 85
2 86
24 87
62 88
65 89
79 90
11 91
14 92
46 93
30 94
22 95
44 96
23 97
37 98
16 99
52 100
