200
4 58 36 93 25 7 65 13 50 56 38 3 90 42 71 57 33 77 6 34 78 96 5 45 92 61 18 75 60 16 70 92 48 81 99 79 18 21 23 29 69 53 62 11 64 93 4 15 87 100 46 5 81 79 12 66 64 10 75 47 1 9 59 41 58 97 54 39 16 25 19 22 8 8 57 36 73 21 9 83 15 85 31 30 19 42 52 48 55 89 32 43 23 73 72 95 3 39 55 41 35 2 45 56 40 98 68 31 74 96 34 67 98 85 10 80 11 14 91 82 32 49 17 44 74 54 40 28 44 94 37 20 37 88 66 69 46 78 91 100 77 26 68 28 1 71 14 63 67 83 38 84 99 76 53 86 50 61 24 65 72 52 51 35 63 62 76 13 94 82 95 84 86 89 30 2 51 60 43 87 33 27 24 88 20 6 80 47 22 59 26 49 70 17 27 7 90 12 97 29
1 2
2 3
3 4
4 5
5 6
6 7
7 8
8 9
9 10
10 11
11 12
12 13
13 14
14 15
15 16
16 17
17 18
18 19
19 20
20 21
21 22
22 23
23 24
24 25
25 26
26 27
27 28
28 29
29 30
30 31
31 32
32 33
33 34
34 35
35 36
36 37
37 38
38 39
39 40
1 41
41 42
25 43
39 44
44 45
13 46
44 47
47 48
4 49
39 50
50 51
35 52
33 53
53 54
54 55
55 56
40 57
57 58
9 59
36 60
22 61
46 62
8 63
34 64
64 65
65 66
32 67
67 68
63 69
6 70
17 71
46 72
72 73
73 74
74 75
75 76
63 77
66 78
78 79
79 80
22 81
81 82
2 83
83 84
84 85
59 86
86 87
87 88
56 89
32 90
90 91
30 92
75 93
27 94
57 95
95 96
63 97
97 98
28 99
99 100
74 101
25 102
84 103
103 104
104 105
105 106
106 107
98 108
108 109
45 110
110 111
111 112
43 113
113 114
77 115
4 116
78 117
117 118
96 119
100 120
120 121
47 122
78 123
6 124
124 125
76 126
126 127
127 128
98 129
129 130
4 131
131 132
94 133
133 134
4 135
18 136
52 137
137 138
133 139
139 140
130 141
8 142
39 143
143 144
144 145
35 146
48 147
74 148
148 149
149 150
150 151
151 152
146 153
44 154
19 155
50 156
45 157
144 158
158 159
72 160
160 161
46 162
145 163
163 164
25 165
154 166
105 167
122 168
168 169
143 170
99 171
111 172
21 173
27 174
174 175
61 176
91 177
177 178
142 179
12 180
126 181
181 182
99 183
53 184
184 185
50 186
94 187
187 188
95 189
189 190
18 191
191 192
23 193
48 194
85 195
195 196
196 197
196 198
198 199
126 200
