300
127 142 93 117 85 126 48 31 91 83 62 6 135 4 12 35 46 14 51 16 88 149 34 49 13 52 130 27 143 84 112 123 51 23 105 96 119 68 60 84 115 107 134 21 5 113 10 144 43 49 107 145 27 89 76 97 18 132 102 29 98 128 114 140 26 134 124 62 108 17 30 9 36 50 32 17 80 8 69 131 63 74 94 33 73 39 15 57 139 108 110 127 55 1 22 147 146 11 59 50 6 20 140 145 82 37 12 83 3 136 34 78 141 95 87 20 24 39 121 120 45 60 106 118 44 101 69 71 118 90 117 103 139 1 58 22 92 109 85 47 16 24 141 102 100 26 149 29 131 57 95 59 82 126 138 128 77 56 2 67 97 32 70 30 42 94 111 25 122 116 142 93 36 123 110 33 10 40 133 96 43 7 103 91 41 150 11 48 87 65 5 2 137 124 42 137 68 79 130 7 72 125 75 28 106 35 100 72 53 138 109 92 113 104 101 129 58 63 90 52 112 37 66 19 23 70 81 13 99 66 76 54 46 54 75 55 64 79 148 4 133 89 115 61 41 53 88 125 64 9 129 147 105 121 25 143 146 135 77 98 132 150 28 38 86 104 148 78 44 81 120 67 136 144 31 61 38 45 47 56 116 122 21 65 14 111 71 18 19 119 3 99 15 73 74 114 86 80 8 40
1 2
1 3
1 4
2 5
1 6
3 7
6 8
3 9
9 10
7 11
6 12
2 13
13 14
3 15
1 16
2 17
5 18
11 19
16 20
5 21
5 22
19 23
5 24
21 25
25 26
9 27
23 28
20 29
4 30
1 31
4 32
4 33
2 34
33 35
13 36
33 37
33 38
13 39
2 40
25 41
9 42
27 43
5 44
18 45
10 46
2 47
32 48
21 49
44 50
48 51
11 52
50 53
18 54
30 55
44 56
56 57
45 58
56 59
20 60
58 61
38 62
56 63
39 64
41 65
22 66
19 67
4 68
59 69
9 70
57 71
64 72
8 73
59 74
37 75
44 76
76 77
70 78
78 79
66 80
73 81
15 82
41 83
81 84
68 85
18 86
17 87
66 88
41 89
66 90
77 91
69 92
92 93
23 94
28 95
70 96
20 97
27 98
44 99
13 100
21 101
28 102
35 103
97 104
42 105
58 106
66 107
2 108
80 109
38 110
60 111
93 112
112 113
20 114
104 115
52 116
23 117
37 118
100 119
102 120
33 121
55 122
86 123
42 124
52 125
95 126
70 127
68 128
112 129
39 130
33 131
67 132
71 133
83 134
37 135
36 136
40 137
47 138
90 139
96 140
18 141
6 142
101 143
143 144
144 145
31 146
23 147
74 148
84 149
149 150
127 151
21 152
98 153
102 154
114 155
18 156
83 157
106 158
95 159
106 160
157 161
161 162
34 163
118 164
42 165
133 166
133 167
116 168
67 169
165 170
49 171
150 172
149 173
131 174
171 175
175 176
75 177
127 178
1 179
118 180
93 181
89 182
75 183
183 184
82 185
185 186
156 187
160 188
137 189
56 190
74 191
146 192
47 193
20 194
137 195
4 196
93 197
122 198
152 199
152 200
46 201
201 202
193 203
4 204
7 205
103 206
135 207
207 208
122 209
107 210
182 211
122 212
140 213
139 214
25 215
124 216
44 217
210 218
104 219
105 220
60 221
26 222
13 223
75 224
78 225
219 226
7 227
227 228
228 229
191 230
226 231
117 232
184 233
226 234
142 235
63 236
93 237
170 238
108 239
86 240
149 241
67 242
118 243
243 244
23 245
192 246
196 247
18 248
248 249
45 250
200 251
81 252
252 253
61 254
48 255
93 256
242 257
193 258
13 259
182 260
252 261
137 262
208 263
212 264
113 265
221 266
219 267
52 268
86 269
87 270
137 271
191 272
171 273
91 274
233 275
15 276
130 277
226 278
118 279
279 280
197 281
162 282
13 283
199 284
87 285
254 286
286 287
43 288
56 289
5 290
172 291
267 292
80 293
210 294
290 295
278 296
227 297
116 298
180 299
49 300
