300
36 45 46 40 50 147 25 31 73 68 136 114 120 120 14 134 108 40 62 36 122 113 134 81 71 138 39 121 13 69 133 90 62 24 73 64 118 88 53 71 27 57 127 52 146 77 97 28 74 58 91 55 81 88 150 43 76 27 116 2 35 4 82 89 32 142 78 46 92 4 22 140 65 104 23 95 109 9 26 75 49 76 118 5 133 130 92 132 60 72 141 138 67 29 85 70 94 112 115 8 70 139 19 18 37 34 12 54 48 132 98 95 137 101 32 103 144 80 47 126 79 124 55 22 18 20 44 59 20 84 89 112 83 33 64 126 69 99 97 16 33 47 106 10 90 49 17 38 72 75 85 12 67 129 131 61 24 108 68 51 136 123 125 21 131 82 52 25 56 31 129 143 86 105 140 125 119 107 84 80 43 144 87 104 59 79 117 7 11 63 145 103 94 110 51 130 17 61 50 3 54 8 30 135 1 100 128 57 42 124 93 105 6 66 114 11 127 6 111 58 121 13 96 19 65 3 44 145 91 53 16 110 101 149 100 48 41 142 113 146 87 23 102 38 7 102 119 116 107 39 9 34 147 148 26 96 29 98 83 10 66 149 21 128 122 86 35 93 99 2 41 60 30 15 111 37 45 56 74 135 143 137 139 14 28 150 115 77 63 141 1 109 15 148 78 117 42 106 123 5
1 2
1 3
2 4
3 5
2 6
1 7
7 8
8 9
9 10
8 11
11 12
11 13
10 14
14 15
10 16
12 17
8 18
6 19
13 20
20 21
21 22
20 23
20 24
2 25
25 26
26 27
18 28
28 29
20 30
8 31
31 32
12 33
19 34
24 35
4 36
13 37
12 38
36 39
18 40
36 41
2 42
27 43
17 44
12 45
33 46
19 47
19 48
29 49
2 50
43 51
6 52
43 53
53 54
41 55
55 56
24 57
51 58
19 59
59 60
11 61
61 62
50 63
63 64
20 65
9 66
15 67
41 68
31 69
31 70
70 71
37 72
42 73
43 74
7 75
8 76
76 77
3 78
78 79
52 80
80 81
63 82
82 83
29 84
40 85
47 86
63 87
20 88
78 89
87 90
90 91
68 92
68 93
76 94
18 95
15 96
10 97
97 98
81 99
99 100
55 101
41 102
101 103
80 104
82 105
41 106
106 107
82 108
73 109
109 110
26 111
59 112
38 113
43 114
20 115
83 116
102 117
7 118
25 119
119 120
120 121
121 122
122 123
73 124
31 125
125 126
126 127
121 128
128 129
129 130
126 131
36 132
56 133
39 134
104 135
107 136
129 137
133 138
85 139
130 140
83 141
55 142
142 143
81 144
144 145
65 146
118 147
14 148
18 149
13 150
83 151
71 152
88 153
153 154
123 155
153 156
101 157
27 158
158 159
71 160
32 161
74 162
26 163
18 164
124 165
145 166
27 167
23 168
32 169
169 170
149 171
46 172
165 173
83 174
22 175
175 176
129 177
19 178
128 179
171 180
113 181
181 182
73 183
14 184
131 185
74 186
7 187
117 188
41 189
41 190
86 191
132 192
84 193
114 194
26 195
134 196
175 197
197 198
130 199
199 200
53 201
39 202
95 203
28 204
40 205
175 206
130 207
101 208
208 209
46 210
18 211
211 212
14 213
133 214
14 215
45 216
63 217
61 218
128 219
126 220
220 221
133 222
204 223
16 224
224 225
145 226
226 227
68 228
65 229
229 230
74 231
231 232
232 233
41 234
80 235
77 236
126 237
96 238
69 239
239 240
109 241
136 242
87 243
145 244
244 245
51 246
43 247
247 248
58 249
244 250
250 251
219 252
164 253
215 254
166 255
37 256
256 257
207 258
139 259
259 260
260 261
155 262
190 263
49 264
237 265
265 266
93 267
34 268
268 269
134 270
251 271
262 272
272 273
223 274
156 275
275 276
216 277
161 278
176 279
206 280
103 281
268 282
51 283
231 284
153 285
65 286
186 287
111 288
288 289
208 290
237 291
291 292
55 293
100 294
224 295
83 296
266 297
127 298
137 299
127 300
