300
147 80 109 31 89 20 54 119 50 121 113 120 33 58 19 15 118 27 110 85 28 130 42 82 36 148 145 21 78 27 12 39 30 49 75 141 51 124 76 47 45 35 38 55 18 57 52 132 92 33 126 86 99 30 32 62 28 89 127 65 93 48 8 139 112 11 110 114 82 44 146 125 2 1 100 98 91 68 14 79 73 128 123 70 40 134 92 56 90 95 102 76 129 29 9 6 47 63 145 74 133 61 19 43 4 116 122 72 147 15 83 17 118 137 114 97 105 40 71 78 138 71 26 106 129 115 126 37 66 95 116 80 74 134 143 61 54 139 53 112 90 13 125 18 9 77 11 35 10 50 96 45 121 39 136 43 101 107 25 84 56 81 146 141 143 79 60 58 65 142 63 41 137 4 135 53 16 1 135 86 123 75 130 122 46 23 83 23 10 84 72 124 144 104 22 69 133 14 31 59 87 131 101 105 87 94 149 57 127 3 108 49 73 81 6 37 93 138 103 7 100 107 25 34 68 42 108 64 64 62 117 142 8 26 48 140 24 59 85 38 119 70 148 113 69 21 12 2 115 52 88 149 66 51 132 111 99 36 88 3 150 17 109 41 104 55 150 16 98 128 102 5 103 29 44 106 131 46 120 144 117 67 32 20 136 77 60 140 97 7 111 5 24 34 67 91 94 96 22 13
1 2
2 3
2 4
4 5
5 6
6 7
7 8
2 9
4 10
1 11
11 12
6 13
13 14
3 15
10 16
15 17
13 18
1 19
19 20
20 21
21 22
22 23
10 24
24 25
25 26
13 27
27 28
20 29
29 30
30 31
31 32
32 33
14 34
34 35
35 36
8 37
37 38
7 39
33 40
26 41
36 42
42 43
17 44
44 45
45 46
46 47
47 48
16 49
49 50
34 51
38 52
8 53
53 54
54 55
54 56
56 57
2 58
58 59
59 60
60 61
14 62
26 63
21 64
64 65
65 66
66 67
45 68
24 69
69 70
70 71
31 72
28 73
31 74
74 75
44 76
49 77
69 78
26 79
79 80
80 81
81 82
82 83
8 84
2 85
85 86
43 87
65 88
88 89
89 90
90 91
23 92
92 93
21 94
64 95
60 96
96 97
40 98
98 99
17 100
100 101
101 102
15 103
103 104
104 105
82 106
106 107
51 108
36 109
86 110
26 111
47 112
40 113
88 114
114 115
115 116
64 117
117 118
118 119
119 120
120 121
39 122
55 123
75 124
124 125
58 126
44 127
127 128
22 129
129 130
46 131
131 132
32 133
117 134
92 135
27 136
136 137
6 138
138 139
139 140
72 141
119 142
61 143
143 144
37 145
135 146
75 147
147 148
107 149
85 150
43 151
1 152
152 153
49 154
73 155
142 156
56 157
69 158
158 159
38 160
160 161
52 162
77 163
163 164
164 165
165 166
166 167
167 168
168 169
169 170
170 171
50 172
172 173
173 174
174 175
128 176
176 177
106 178
178 179
80 180
180 181
181 182
14 183
183 184
177 185
72 186
186 187
187 188
188 189
189 190
40 191
33 192
192 193
193 194
194 195
92 196
196 197
197 198
66 199
199 200
140 201
145 202
179 203
203 204
204 205
205 206
128 207
206 208
208 209
209 210
210 211
211 212
212 213
127 214
65 215
215 216
120 217
217 218
218 219
219 220
87 221
208 222
222 223
223 224
3 225
225 226
71 227
167 228
143 229
229 230
87 231
122 232
17 233
233 234
234 235
235 236
168 237
158 238
139 239
87 240
240 241
241 242
242 243
243 244
96 245
245 246
227 247
247 248
248 249
2 250
220 251
251 252
252 253
43 254
194 255
255 256
256 257
257 258
258 259
130 260
119 261
146 262
19 263
263 264
264 265
265 266
131 267
187 268
268 269
269 270
56 271
196 272
272 273
199 274
19 275
275 276
276 277
152 278
18 279
193 280
41 281
169 282
254 283
283 284
284 285
56 286
286 287
115 288
288 289
8 290
77 291
125 292
57 293
293 294
17 295
295 296
53 297
283 298
284 299
103 300
