300
21 140 31 74 97 48 106 138 117 135 114 108 39 61 61 122 44 123 63 67 75 13 132 38 81 79 23 117 87 66 17 131 66 122 148 68 115 84 90 139 33 30 141 60 103 71 94 130 55 49 82 133 136 133 99 70 41 144 14 139 96 34 39 46 36 125 91 78 27 69 30 74 45 11 19 43 142 59 87 36 121 58 92 147 42 85 100 80 149 121 108 115 102 17 100 86 141 10 32 96 65 37 18 52 107 40 28 92 88 112 83 31 106 126 62 143 47 111 18 7 29 25 129 107 32 76 104 25 12 23 101 52 60 109 120 84 120 70 149 5 15 137 109 63 90 3 127 7 24 55 26 114 146 145 64 136 77 138 1 9 57 80 54 65 33 98 127 2 81 110 35 50 83 47 29 71 45 16 105 5 22 91 50 38 41 116 89 148 37 88 69 134 131 116 113 72 118 48 104 49 40 95 62 15 77 147 68 24 53 135 64 118 59 112 111 128 75 78 20 129 6 4 54 126 11 56 130 8 12 93 150 143 128 99 123 82 56 2 103 137 8 98 43 13 19 150 85 27 72 35 142 93 53 132 3 125 140 58 119 73 134 124 102 95 20 6 144 119 51 28 73 124 4 34 44 46 67 57 22 89 105 94 97 79 51 145 26 113 110 42 146 101 14 76 16 86 9 1 10 21
1 2
1 3
2 4
4 5
5 6
6 7
7 8
8 9
6 10
10 11
11 12
12 13
13 14
14 15
15 16
2 17
17 18
18 19
19 20
20 21
21 22
1 23
23 24
24 25
25 26
26 27
27 28
28 29
29 30
7 31
31 32
32 33
28 34
34 35
10 36
36 37
37 38
6 39
39 40
40 41
41 42
26 43
43 44
44 45
7 46
46 47
47 48
24 49
49 50
50 51
51 52
52 53
2 54
54 55
54 56
49 57
16 58
58 59
59 60
60 61
61 62
62 63
63 64
64 65
65 66
66 67
67 68
68 69
69 70
70 71
71 72
72 73
73 74
14 75
75 76
76 77
77 78
61 79
79 80
80 81
81 82
54 83
83 84
66 85
59 86
86 87
87 88
88 89
89 90
90 91
91 92
92 93
93 94
94 95
95 96
96 97
91 98
98 99
82 100
22 101
101 102
78 103
10 104
104 105
105 106
106 107
107 108
108 109
109 110
110 111
111 112
112 113
30 114
114 115
115 116
23 117
117 118
118 119
119 120
120 121
84 122
40 123
37 124
39 125
125 126
126 127
127 128
128 129
129 130
9 131
131 132
132 133
133 134
134 135
135 136
136 137
137 138
138 139
139 140
140 141
141 142
137 143
143 144
30 145
145 146
146 147
147 148
148 149
10 150
150 151
151 152
152 153
153 154
19 155
155 156
30 157
157 158
117 159
22 160
151 161
161 162
162 163
163 164
164 165
165 166
166 167
167 168
104 169
169 170
170 171
171 172
172 173
145 174
174 175
175 176
176 177
177 178
170 179
179 180
107 181
49 182
182 183
183 184
184 185
53 186
186 187
56 188
188 189
189 190
190 191
183 192
118 193
193 194
194 195
195 196
196 197
197 198
198 199
199 200
200 201
50 202
202 203
203 204
193 205
205 206
122 207
207 208
130 209
209 210
57 211
211 212
212 213
213 214
101 215
210 216
52 217
161 218
218 219
219 220
220 221
221 222
154 223
223 224
224 225
145 226
103 227
227 228
228 229
19 230
230 231
231 232
232 233
233 234
234 235
235 236
236 237
237 238
238 239
239 240
240 241
241 242
164 243
233 244
244 245
11 246
246 247
19 248
105 249
249 250
250 251
251 252
252 253
253 254
254 255
255 256
256 257
257 258
9 259
259 260
260 261
261 262
262 263
263 264
264 265
87 266
61 267
267 268
268 269
269 270
270 271
208 272
45 273
273 274
274 275
275 276
123 277
277 278
124 279
279 280
280 281
281 282
11 283
194 284
284 285
285 286
286 287
287 288
288 289
289 290
96 291
291 292
292 293
293 294
294 295
295 296
296 297
297 298
298 299
299 300
